0 0.234128 0.291587 0.008398 0.004990
0 0.276117 0.277804 0.008398 0.004990
0 0.268391 0.273289 0.008398 0.004990
0 0.276117 0.270913 0.008398 0.004990
0 0.276117 0.266397 0.008398 0.004990
0 0.296943 0.277804 0.008398 0.004990
0 0.289217 0.273289 0.008398 0.004990
0 0.296943 0.270913 0.008398 0.004990
0 0.296943 0.266397 0.008398 0.004990
0 0.317770 0.277804 0.008398 0.004990
0 0.310044 0.273289 0.008398 0.004990
0 0.317770 0.270913 0.008398 0.004990
0 0.317770 0.266397 0.008398 0.004990
0 0.368492 0.291587 0.008398 0.004990
0 0.400739 0.275428 0.008398 0.004990
0 0.400739 0.268536 0.008398 0.004990
0 0.400739 0.264021 0.008398 0.004990
0 0.416863 0.275428 0.008398 0.004990
0 0.416863 0.268536 0.008398 0.004990
0 0.416863 0.264021 0.008398 0.004990
0 0.432986 0.275428 0.008398 0.004990
0 0.432986 0.268536 0.008398 0.004990
0 0.432986 0.264021 0.008398 0.004990
0 0.474303 0.291587 0.008398 0.004990
0 0.511925 0.277804 0.008398 0.004990
0 0.511925 0.273289 0.008398 0.004990
0 0.511925 0.264021 0.008398 0.004990
0 0.529056 0.277804 0.008398 0.004990
0 0.529056 0.273289 0.008398 0.004990
0 0.529056 0.264021 0.008398 0.004990
0 0.546187 0.277804 0.008398 0.004990
0 0.546187 0.273289 0.008398 0.004990
0 0.546187 0.264021 0.008398 0.004990
0 0.589184 0.291587 0.008398 0.004990
0 0.625462 0.275428 0.008398 0.004990
0 0.625462 0.270913 0.008398 0.004990
0 0.625462 0.266397 0.008398 0.004990
0 0.642257 0.275428 0.008398 0.004990
0 0.642257 0.270913 0.008398 0.004990
0 0.642257 0.266397 0.008398 0.004990
0 0.659053 0.275428 0.008398 0.004990
0 0.659053 0.270913 0.008398 0.004990
0 0.659053 0.266397 0.008398 0.004990
0 0.706080 0.291587 0.008398 0.004990
0 0.747733 0.277804 0.008398 0.004990
0 0.740007 0.273289 0.008398 0.004990
0 0.747733 0.270913 0.008398 0.004990
0 0.747733 0.266397 0.008398 0.004990
0 0.768895 0.277804 0.008398 0.004990
0 0.761169 0.273289 0.008398 0.004990
0 0.768895 0.270913 0.008398 0.004990
0 0.768895 0.266397 0.008398 0.004990
0 0.789721 0.277804 0.008398 0.004990
0 0.781995 0.273289 0.008398 0.004990
0 0.789721 0.270913 0.008398 0.004990
0 0.789721 0.266397 0.008398 0.004990
0 0.847833 0.291587 0.008398 0.004990
0 0.880417 0.275428 0.008398 0.004990
0 0.880417 0.268536 0.008398 0.004990
0 0.880417 0.264021 0.008398 0.004990
0 0.896876 0.275428 0.008398 0.004990
0 0.896876 0.268536 0.008398 0.004990
0 0.896876 0.264021 0.008398 0.004990
0 0.922741 0.275428 0.008398 0.004990
0 0.922741 0.268536 0.008398 0.004990
0 0.922741 0.264021 0.008398 0.004990
0 0.115888 0.490257 0.008398 0.004990
0 0.153846 0.476473 0.008398 0.004990
0 0.153846 0.471721 0.008398 0.004990
0 0.153846 0.462690 0.008398 0.004990
0 0.171313 0.476473 0.008398 0.004990
0 0.171313 0.471721 0.008398 0.004990
0 0.171313 0.462690 0.008398 0.004990
0 0.188445 0.476473 0.008398 0.004990
0 0.188445 0.471721 0.008398 0.004990
0 0.188445 0.462690 0.008398 0.004990
0 0.240175 0.490257 0.008398 0.004990
0 0.276789 0.474097 0.008398 0.004990
0 0.276789 0.469582 0.008398 0.004990
0 0.276789 0.464829 0.008398 0.004990
0 0.294256 0.474097 0.008398 0.004990
0 0.294256 0.469582 0.008398 0.004990
0 0.294256 0.464829 0.008398 0.004990
0 0.311387 0.474097 0.008398 0.004990
0 0.311387 0.469582 0.008398 0.004990
0 0.311387 0.464829 0.008398 0.004990
0 0.359086 0.499287 0.008398 0.004990
0 0.390662 0.478612 0.008398 0.004990
0 0.390662 0.474097 0.008398 0.004990
0 0.390662 0.467205 0.008398 0.004990
0 0.406785 0.478612 0.008398 0.004990
0 0.406785 0.474097 0.008398 0.004990
0 0.406785 0.467205 0.008398 0.004990
0 0.422573 0.478612 0.008398 0.004990
0 0.422573 0.474097 0.008398 0.004990
0 0.422573 0.467205 0.008398 0.004990
0 0.484380 0.492395 0.008398 0.004990
0 0.518979 0.478612 0.008398 0.004990
0 0.518979 0.471721 0.008398 0.004990
0 0.518979 0.467205 0.008398 0.004990
0 0.536110 0.478612 0.008398 0.004990
0 0.536110 0.471721 0.008398 0.004990
0 0.536110 0.467205 0.008398 0.004990
0 0.563319 0.478612 0.008398 0.004990
0 0.563319 0.471721 0.008398 0.004990
0 0.563319 0.467205 0.008398 0.004990
0 0.606987 0.485504 0.008398 0.004990
0 0.640242 0.480989 0.008398 0.004990
0 0.632516 0.471721 0.008398 0.004990
0 0.640242 0.469582 0.008398 0.004990
0 0.660732 0.480989 0.008398 0.004990
0 0.653006 0.471721 0.008398 0.004990
0 0.660732 0.469582 0.008398 0.004990
0 0.680887 0.480989 0.008398 0.004990
0 0.673161 0.471721 0.008398 0.004990
0 0.680887 0.469582 0.008398 0.004990
0 0.723211 0.494772 0.008398 0.004990
0 0.755459 0.480989 0.008398 0.004990
0 0.755459 0.474097 0.008398 0.004990
0 0.755459 0.469582 0.008398 0.004990
0 0.771582 0.480989 0.008398 0.004990
0 0.771582 0.474097 0.008398 0.004990
0 0.771582 0.469582 0.008398 0.004990
0 0.788042 0.480989 0.008398 0.004990
0 0.788042 0.474097 0.008398 0.004990
0 0.788042 0.469582 0.008398 0.004990
0 0.833053 0.487880 0.008398 0.004990
0 0.870003 0.467205 0.008398 0.004990
0 0.906953 0.462690 0.008398 0.004990
0 0.115888 0.685837 0.008398 0.004990
0 0.153846 0.665162 0.008398 0.004990
0 0.153846 0.653517 0.008398 0.004990
0 0.172657 0.665162 0.008398 0.004990
0 0.172657 0.653517 0.008398 0.004990
0 0.199866 0.665162 0.008398 0.004990
0 0.199866 0.653517 0.008398 0.004990
0 0.252603 0.694867 0.008398 0.004990
0 0.288546 0.678945 0.008398 0.004990
0 0.288546 0.674192 0.008398 0.004990
0 0.306685 0.678945 0.008398 0.004990
0 0.306685 0.674192 0.008398 0.004990
0 0.324488 0.678945 0.008398 0.004990
0 0.324488 0.674192 0.008398 0.004990
0 0.372523 0.687975 0.008398 0.004990
0 0.420558 0.667300 0.008398 0.004990
0 0.436681 0.672053 0.008398 0.004990
0 0.452469 0.678945 0.008398 0.004990
0 0.480013 0.692728 0.008398 0.004990
0 0.514612 0.672053 0.008398 0.004990
0 0.514612 0.667300 0.008398 0.004990
0 0.531743 0.672053 0.008398 0.004990
0 0.531743 0.667300 0.008398 0.004990
0 0.548875 0.672053 0.008398 0.004990
0 0.548875 0.667300 0.008398 0.004990
0 0.596910 0.692728 0.008398 0.004990
0 0.627813 0.669677 0.008398 0.004990
0 0.627813 0.665162 0.008398 0.004990
0 0.643265 0.669677 0.008398 0.004990
0 0.643265 0.665162 0.008398 0.004990
0 0.658717 0.669677 0.008398 0.004990
0 0.658717 0.665162 0.008398 0.004990
0 0.701041 0.692728 0.008398 0.004990
0 0.737991 0.665162 0.008398 0.004990
0 0.745717 0.662785 0.008398 0.004990
0 0.745717 0.658270 0.008398 0.004990
0 0.759154 0.665162 0.008398 0.004990
0 0.766879 0.662785 0.008398 0.004990
0 0.766879 0.658270 0.008398 0.004990
0 0.780652 0.665162 0.008398 0.004990
0 0.788378 0.662785 0.008398 0.004990
0 0.788378 0.658270 0.008398 0.004990
0 0.842459 0.692728 0.008398 0.004990
0 0.880417 0.672053 0.008398 0.004990
0 0.880417 0.667300 0.008398 0.004990
0 0.899227 0.672053 0.008398 0.004990
0 0.899227 0.667300 0.008398 0.004990
0 0.918038 0.672053 0.008398 0.004990
0 0.918038 0.667300 0.008398 0.004990
0 0.123278 0.891160 0.008398 0.004990
0 0.152838 0.870485 0.008398 0.004990
0 0.152838 0.865732 0.008398 0.004990
0 0.167618 0.870485 0.008398 0.004990
0 0.167618 0.865732 0.008398 0.004990
0 0.194491 0.870485 0.008398 0.004990
0 0.194491 0.865732 0.008398 0.004990
0 0.254955 0.891160 0.008398 0.004990
0 0.279812 0.868108 0.008398 0.004990
0 0.279812 0.863593 0.008398 0.004990
0 0.292241 0.868108 0.008398 0.004990
0 0.292241 0.863593 0.008398 0.004990
0 0.304669 0.868108 0.008398 0.004990
0 0.304669 0.863593 0.008398 0.004990
0 0.346322 0.891160 0.008398 0.004990
0 0.378905 0.863593 0.008398 0.004990
0 0.386295 0.861217 0.008398 0.004990
0 0.386295 0.856702 0.008398 0.004990
0 0.399059 0.863593 0.008398 0.004990
0 0.406785 0.861217 0.008398 0.004990
0 0.406785 0.856702 0.008398 0.004990
0 0.419550 0.863593 0.008398 0.004990
0 0.427276 0.861217 0.008398 0.004990
0 0.427276 0.856702 0.008398 0.004990
0 0.477998 0.891160 0.008398 0.004990
0 0.527377 0.865732 0.008398 0.004990
0 0.546523 0.870485 0.008398 0.004990
0 0.561639 0.875000 0.008398 0.004990
0 0.598589 0.900190 0.008398 0.004990
0 0.598589 0.884268 0.008398 0.004990
0 0.632180 0.863593 0.008398 0.004990
0 0.632180 0.858840 0.008398 0.004990
0 0.632180 0.851949 0.008398 0.004990
0 0.648975 0.863593 0.008398 0.004990
0 0.648975 0.858840 0.008398 0.004990
0 0.648975 0.851949 0.008398 0.004990
0 0.669130 0.863593 0.008398 0.004990
0 0.669130 0.858840 0.008398 0.004990
0 0.669130 0.851949 0.008398 0.004990
0 0.720524 0.893298 0.008398 0.004990
0 0.720524 0.877376 0.008398 0.004990
0 0.752771 0.863593 0.008398 0.004990
0 0.752771 0.856702 0.008398 0.004990
0 0.752771 0.851949 0.008398 0.004990
0 0.768895 0.863593 0.008398 0.004990
0 0.768895 0.856702 0.008398 0.004990
0 0.768895 0.851949 0.008398 0.004990
0 0.785018 0.863593 0.008398 0.004990
0 0.785018 0.856702 0.008398 0.004990
0 0.785018 0.851949 0.008398 0.004990
0 0.839772 0.886407 0.008398 0.004990
0 0.839772 0.870485 0.008398 0.004990
0 0.877057 0.865732 0.008398 0.004990
0 0.869332 0.856702 0.008398 0.004990
0 0.877057 0.854325 0.008398 0.004990
0 0.899899 0.865732 0.008398 0.004990
0 0.892173 0.856702 0.008398 0.004990
0 0.899899 0.854325 0.008398 0.004990
0 0.922741 0.865732 0.008398 0.004990
0 0.915015 0.856702 0.008398 0.004990
0 0.922741 0.854325 0.008398 0.004990
0 0.194155 0.238831 0.008398 0.004990
0 0.209607 0.236454 0.008398 0.004990
0 0.234128 0.234078 0.008398 0.004990
0 0.255291 0.236454 0.008398 0.004990
0 0.276117 0.238831 0.008398 0.004990
0 0.296943 0.227186 0.008398 0.004990
0 0.317770 0.229563 0.008398 0.004990
0 0.338932 0.231939 0.008398 0.004990
0 0.368492 0.229563 0.008398 0.004990
0 0.384615 0.220295 0.008398 0.004990
0 0.400739 0.222671 0.008398 0.004990
0 0.416863 0.225048 0.008398 0.004990
0 0.432986 0.227186 0.008398 0.004990
0 0.449110 0.225048 0.008398 0.004990
0 0.474303 0.227186 0.008398 0.004990
0 0.491434 0.229563 0.008398 0.004990
0 0.511925 0.231939 0.008398 0.004990
0 0.529056 0.229563 0.008398 0.004990
0 0.546187 0.227186 0.008398 0.004990
0 0.563319 0.225048 0.008398 0.004990
0 0.589184 0.227186 0.008398 0.004990
0 0.608666 0.231939 0.008398 0.004990
0 0.625462 0.236454 0.008398 0.004990
0 0.642257 0.234078 0.008398 0.004990
0 0.659053 0.238831 0.008398 0.004990
0 0.676184 0.236454 0.008398 0.004990
0 0.706080 0.234078 0.008398 0.004990
0 0.726906 0.236454 0.008398 0.004990
0 0.747733 0.238831 0.008398 0.004990
0 0.768895 0.227186 0.008398 0.004990
0 0.789721 0.229563 0.008398 0.004990
0 0.810548 0.231939 0.008398 0.004990
0 0.847833 0.229563 0.008398 0.004990
0 0.863957 0.220295 0.008398 0.004990
0 0.880417 0.222671 0.008398 0.004990
0 0.896876 0.225048 0.008398 0.004990
0 0.922741 0.227186 0.008398 0.004990
0 0.938865 0.225048 0.008398 0.004990
0 0.115888 0.424667 0.008398 0.004990
0 0.133356 0.427044 0.008398 0.004990
0 0.153846 0.429420 0.008398 0.004990
0 0.171313 0.427044 0.008398 0.004990
0 0.188445 0.424667 0.008398 0.004990
0 0.205576 0.422529 0.008398 0.004990
0 0.240175 0.424667 0.008398 0.004990
0 0.259321 0.429420 0.008398 0.004990
0 0.276789 0.433935 0.008398 0.004990
0 0.294256 0.429420 0.008398 0.004990
0 0.311387 0.427044 0.008398 0.004990
0 0.328855 0.424667 0.008398 0.004990
0 0.359086 0.422529 0.008398 0.004990
0 0.374874 0.424667 0.008398 0.004990
0 0.390662 0.427044 0.008398 0.004990
0 0.406785 0.417776 0.008398 0.004990
0 0.422573 0.420152 0.008398 0.004990
0 0.438361 0.422529 0.008398 0.004990
0 0.484380 0.424667 0.008398 0.004990
0 0.501512 0.422529 0.008398 0.004990
0 0.518979 0.424667 0.008398 0.004990
0 0.536110 0.427044 0.008398 0.004990
0 0.563319 0.429420 0.008398 0.004990
0 0.580786 0.427044 0.008398 0.004990
0 0.606987 0.429420 0.008398 0.004990
0 0.623446 0.431559 0.008398 0.004990
0 0.640242 0.433935 0.008398 0.004990
0 0.660732 0.431559 0.008398 0.004990
0 0.680887 0.433935 0.008398 0.004990
0 0.697682 0.436312 0.008398 0.004990
0 0.723211 0.438451 0.008398 0.004990
0 0.739335 0.436312 0.008398 0.004990
0 0.755459 0.438451 0.008398 0.004990
0 0.771582 0.440827 0.008398 0.004990
0 0.788042 0.443203 0.008398 0.004990
0 0.804165 0.440827 0.008398 0.004990
0 0.833053 0.443203 0.008398 0.004990
0 0.851528 0.445342 0.008398 0.004990
0 0.870003 0.447719 0.008398 0.004990
0 0.888478 0.445342 0.008398 0.004990
0 0.906953 0.447719 0.008398 0.004990
0 0.925428 0.450095 0.008398 0.004990
0 0.115888 0.619059 0.008398 0.004990
0 0.135035 0.616920 0.008398 0.004990
0 0.153846 0.619059 0.008398 0.004990
0 0.172657 0.621435 0.008398 0.004990
0 0.199866 0.623812 0.008398 0.004990
0 0.218677 0.621435 0.008398 0.004990
0 0.252603 0.623812 0.008398 0.004990
0 0.270406 0.619059 0.008398 0.004990
0 0.288546 0.614544 0.008398 0.004990
0 0.306685 0.612167 0.008398 0.004990
0 0.324488 0.607652 0.008398 0.004990
0 0.342627 0.603137 0.008398 0.004990
0 0.372523 0.628327 0.008398 0.004990
0 0.388646 0.632842 0.008398 0.004990
0 0.404770 0.639734 0.008398 0.004990
0 0.436681 0.639734 0.008398 0.004990
0 0.452469 0.637595 0.008398 0.004990
0 0.480013 0.635219 0.008398 0.004990
0 0.497145 0.637595 0.008398 0.004990
0 0.514612 0.639734 0.008398 0.004990
0 0.531743 0.628327 0.008398 0.004990
0 0.548875 0.630703 0.008398 0.004990
0 0.568357 0.632842 0.008398 0.004990
0 0.596910 0.630703 0.008398 0.004990
0 0.612361 0.621435 0.008398 0.004990
0 0.627813 0.623812 0.008398 0.004990
0 0.643265 0.625951 0.008398 0.004990
0 0.658717 0.628327 0.008398 0.004990
0 0.674169 0.625951 0.008398 0.004990
0 0.701041 0.628327 0.008398 0.004990
0 0.722204 0.630703 0.008398 0.004990
0 0.745717 0.632842 0.008398 0.004990
0 0.766879 0.630703 0.008398 0.004990
0 0.788378 0.628327 0.008398 0.004990
0 0.809540 0.625951 0.008398 0.004990
0 0.842459 0.628327 0.008398 0.004990
0 0.861606 0.632842 0.008398 0.004990
0 0.880417 0.637595 0.008398 0.004990
0 0.899227 0.635219 0.008398 0.004990
0 0.918038 0.639734 0.008398 0.004990
0 0.936513 0.637595 0.008398 0.004990
0 0.123278 0.833650 0.008398 0.004990
0 0.138058 0.836027 0.008398 0.004990
0 0.152838 0.838165 0.008398 0.004990
0 0.170977 0.826759 0.008398 0.004990
0 0.194491 0.829135 0.008398 0.004990
0 0.215989 0.831274 0.008398 0.004990
0 0.254955 0.829135 0.008398 0.004990
0 0.267383 0.819867 0.008398 0.004990
0 0.279812 0.822243 0.008398 0.004990
0 0.292241 0.824382 0.008398 0.004990
0 0.304669 0.826759 0.008398 0.004990
0 0.317098 0.824382 0.008398 0.004990
0 0.346322 0.826759 0.008398 0.004990
0 0.363117 0.829135 0.008398 0.004990
0 0.386295 0.831274 0.008398 0.004990
0 0.406785 0.829135 0.008398 0.004990
0 0.427276 0.826759 0.008398 0.004990
0 0.444071 0.824382 0.008398 0.004990
0 0.477998 0.826759 0.008398 0.004990
0 0.497481 0.831274 0.008398 0.004990
0 0.512261 0.836027 0.008398 0.004990
0 0.546523 0.812975 0.008398 0.004990
0 0.561639 0.810599 0.008398 0.004990
0 0.598589 0.808460 0.008398 0.004990
0 0.615385 0.810599 0.008398 0.004990
0 0.632180 0.812975 0.008398 0.004990
0 0.648975 0.803707 0.008398 0.004990
0 0.669130 0.806084 0.008398 0.004990
0 0.685925 0.808460 0.008398 0.004990
0 0.720524 0.810599 0.008398 0.004990
0 0.736648 0.808460 0.008398 0.004990
0 0.752771 0.810599 0.008398 0.004990
0 0.768895 0.812975 0.008398 0.004990
0 0.785018 0.815352 0.008398 0.004990
0 0.801142 0.812975 0.008398 0.004990
0 0.839772 0.815352 0.008398 0.004990
0 0.860934 0.817490 0.008398 0.004990
0 0.877057 0.819867 0.008398 0.004990
0 0.899899 0.817490 0.008398 0.004990
0 0.922741 0.819867 0.008398 0.004990
0 0.938865 0.822243 0.008398 0.004990
0 0.659053 0.178707 0.008398 0.004990
0 0.706080 0.178707 0.008398 0.004990
0 0.789721 0.178707 0.008398 0.004990
0 0.847833 0.171816 0.008398 0.004990
0 0.896876 0.171816 0.008398 0.004990
0 0.922741 0.171816 0.008398 0.004990
0 0.115888 0.358127 0.008398 0.004990
0 0.240175 0.360504 0.008398 0.004990
0 0.311387 0.369772 0.008398 0.004990
0 0.359086 0.362880 0.008398 0.004990
0 0.422573 0.362880 0.008398 0.004990
0 0.484380 0.362880 0.008398 0.004990
0 0.536110 0.362880 0.008398 0.004990
0 0.563319 0.362880 0.008398 0.004990
0 0.606987 0.365019 0.008398 0.004990
0 0.723211 0.365019 0.008398 0.004990
0 0.788042 0.365019 0.008398 0.004990
0 0.833053 0.367395 0.008398 0.004990
0 0.906953 0.367395 0.008398 0.004990
0 0.115888 0.566065 0.008398 0.004990
0 0.172657 0.566065 0.008398 0.004990
0 0.199866 0.566065 0.008398 0.004990
0 0.252603 0.579848 0.008398 0.004990
0 0.918038 0.577471 0.008398 0.004990
0 0.123278 0.770675 0.008398 0.004990
0 0.167618 0.770675 0.008398 0.004990
0 0.201209 0.770675 0.008398 0.004990
0 0.254955 0.763783 0.008398 0.004990
0 0.304669 0.763783 0.008398 0.004990
0 0.346322 0.759268 0.008398 0.004990
0 0.477998 0.761644 0.008398 0.004990
0 0.546523 0.761644 0.008398 0.004990
0 0.598589 0.759268 0.008398 0.004990
0 0.648975 0.759268 0.008398 0.004990
0 0.669130 0.759268 0.008398 0.004990
0 0.720524 0.756892 0.008398 0.004990
0 0.785018 0.756892 0.008398 0.004990
0 0.839772 0.761644 0.008398 0.004990
