0 0.136043 0.183222 0.007726 0.004515
0 0.198858 0.185361 0.007726 0.004515
0 0.262009 0.183222 0.007726 0.004515
0 0.325495 0.185361 0.007726 0.004515
0 0.405106 0.187500 0.008062 0.004515
0 0.597581 0.187500 0.007726 0.004515
0 0.675512 0.185361 0.008062 0.004515
0 0.883104 0.185361 0.007726 0.004515
0 0.137387 0.363118 0.007726 0.004515
0 0.197850 0.356702 0.008062 0.004515
0 0.329862 0.356702 0.007726 0.004515
0 0.410480 0.363118 0.011757 0.004515
0 0.397044 0.534933 0.011757 0.004515
0 0.397044 0.519962 0.011757 0.004515
0 0.684582 0.543489 0.011757 0.004515
0 0.684582 0.528517 0.011757 0.004515
0 0.372187 0.731464 0.007726 0.004515
0 0.435673 0.729563 0.007726 0.004515
0 0.499832 0.727424 0.007726 0.004515
0 0.563655 0.727424 0.007726 0.004515
0 0.643937 0.740019 0.008062 0.004515
0 0.643937 0.725285 0.008062 0.004515
0 0.778636 0.754990 0.008062 0.004515
0 0.778636 0.740019 0.008062 0.004515
0 0.139738 0.913260 0.011757 0.004515
0 0.139738 0.898289 0.011757 0.004515
0 0.441048 0.887833 0.007726 0.004515
0 0.474975 0.881416 0.007726 0.004515
0 0.508902 0.891873 0.007726 0.004515
0 0.542828 0.887833 0.007726 0.004515
0 0.577091 0.896150 0.007726 0.004515
0 0.611018 0.889734 0.007726 0.004515
0 0.645280 0.904705 0.007726 0.004515
0 0.136043 0.183222 0.007726 0.004515
0 0.167618 0.174905 0.007726 0.004515
0 0.230433 0.174905 0.007726 0.004515
0 0.293920 0.174905 0.007726 0.004515
0 0.356735 0.174905 0.007726 0.004515
0 0.405106 0.187500 0.008062 0.004515
0 0.437017 0.177044 0.007726 0.004515
0 0.469264 0.177044 0.007726 0.004515
0 0.501176 0.177044 0.007726 0.004515
0 0.533423 0.177044 0.007726 0.004515
0 0.565670 0.177044 0.007726 0.004515
0 0.597581 0.187500 0.007726 0.004515
0 0.629829 0.177044 0.007726 0.004515
0 0.675512 0.185361 0.008062 0.004515
0 0.709103 0.177044 0.007726 0.004515
0 0.742694 0.177044 0.007726 0.004515
0 0.776621 0.177044 0.007726 0.004515
0 0.810548 0.177044 0.007726 0.004515
0 0.848841 0.177044 0.007726 0.004515
0 0.883104 0.177044 0.007726 0.004515
0 0.917031 0.177044 0.007726 0.004515
0 0.137387 0.348146 0.007726 0.004515
0 0.167618 0.348146 0.007726 0.004515
0 0.197850 0.348146 0.007726 0.004515
0 0.228754 0.348146 0.007726 0.004515
0 0.258986 0.348146 0.007726 0.004515
0 0.297615 0.348146 0.007726 0.004515
0 0.329862 0.348146 0.007726 0.004515
0 0.362110 0.348146 0.007726 0.004515
0 0.410480 0.348146 0.007726 0.004515
0 0.439704 0.348146 0.007726 0.004515
0 0.468928 0.348146 0.007726 0.004515
0 0.497817 0.348146 0.007726 0.004515
0 0.527041 0.348146 0.007726 0.004515
0 0.560296 0.348146 0.007726 0.004515
0 0.592207 0.348146 0.007726 0.004515
0 0.623782 0.348146 0.007726 0.004515
0 0.672825 0.363118 0.007726 0.004515
0 0.707424 0.348146 0.007726 0.004515
0 0.742358 0.348146 0.007726 0.004515
0 0.742358 0.343869 0.007726 0.004515
0 0.777293 0.348146 0.007726 0.004515
0 0.777293 0.343869 0.007726 0.004515
0 0.811891 0.348146 0.007726 0.004515
0 0.811891 0.343869 0.007726 0.004515
0 0.846826 0.348146 0.007726 0.004515
0 0.846826 0.343869 0.007726 0.004515
0 0.881760 0.348146 0.007726 0.004515
0 0.881760 0.343869 0.007726 0.004515
0 0.916695 0.348146 0.007726 0.004515
0 0.916695 0.343869 0.007726 0.004515
0 0.136043 0.534933 0.007726 0.004515
0 0.167282 0.519962 0.007726 0.004515
0 0.167282 0.515684 0.007726 0.004515
0 0.198186 0.519962 0.007726 0.004515
0 0.198186 0.515684 0.007726 0.004515
0 0.229426 0.519962 0.007726 0.004515
0 0.229426 0.515684 0.007726 0.004515
0 0.260329 0.519962 0.007726 0.004515
0 0.260329 0.515684 0.007726 0.004515
0 0.291569 0.519962 0.007726 0.004515
0 0.291569 0.515684 0.007726 0.004515
0 0.322472 0.519962 0.007726 0.004515
0 0.322472 0.515684 0.007726 0.004515
0 0.353712 0.519962 0.007726 0.004515
0 0.353712 0.515684 0.007726 0.004515
0 0.430299 0.515684 0.007726 0.004515
0 0.437353 0.513546 0.007726 0.004515
0 0.464226 0.515684 0.007726 0.004515
0 0.471280 0.513546 0.007726 0.004515
0 0.497817 0.515684 0.007726 0.004515
0 0.505207 0.513546 0.007726 0.004515
0 0.531743 0.515684 0.007726 0.004515
0 0.539133 0.513546 0.007726 0.004515
0 0.565670 0.515684 0.007726 0.004515
0 0.572724 0.513546 0.007726 0.004515
0 0.599597 0.515684 0.007726 0.004515
0 0.606651 0.513546 0.007726 0.004515
0 0.633524 0.515684 0.007726 0.004515
0 0.640578 0.513546 0.007726 0.004515
0 0.717837 0.515684 0.007726 0.004515
0 0.725227 0.513546 0.007726 0.004515
0 0.751764 0.515684 0.007726 0.004515
0 0.758818 0.513546 0.007726 0.004515
0 0.785690 0.515684 0.007726 0.004515
0 0.792744 0.513546 0.007726 0.004515
0 0.819617 0.515684 0.007726 0.004515
0 0.826671 0.513546 0.007726 0.004515
0 0.853544 0.515684 0.007726 0.004515
0 0.860598 0.513546 0.007726 0.004515
0 0.887135 0.515684 0.007726 0.004515
0 0.894525 0.513546 0.007726 0.004515
0 0.921061 0.515684 0.007726 0.004515
0 0.928451 0.513546 0.007726 0.004515
0 0.137723 0.742158 0.007726 0.004515
0 0.165267 0.723146 0.007726 0.004515
0 0.165267 0.718869 0.007726 0.004515
0 0.192812 0.723146 0.007726 0.004515
0 0.192812 0.718869 0.007726 0.004515
0 0.220356 0.723146 0.007726 0.004515
0 0.220356 0.718869 0.007726 0.004515
0 0.275445 0.723146 0.007726 0.004515
0 0.275445 0.718869 0.007726 0.004515
0 0.302990 0.737880 0.007726 0.004515
0 0.333557 0.723146 0.007726 0.004515
0 0.333557 0.718869 0.007726 0.004515
0 0.403762 0.723146 0.007726 0.004515
0 0.403762 0.716730 0.007726 0.004515
0 0.467921 0.723146 0.007726 0.004515
0 0.467921 0.718869 0.007726 0.004515
0 0.531743 0.723146 0.007726 0.004515
0 0.531743 0.716730 0.007726 0.004515
0 0.595566 0.723146 0.007726 0.004515
0 0.595566 0.718869 0.007726 0.004515
0 0.678871 0.725285 0.007726 0.004515
0 0.678871 0.718869 0.007726 0.004515
0 0.712126 0.725285 0.007726 0.004515
0 0.712126 0.718869 0.007726 0.004515
0 0.745381 0.725285 0.007726 0.004515
0 0.745381 0.718869 0.007726 0.004515
0 0.841787 0.725285 0.007726 0.004515
0 0.841787 0.721008 0.007726 0.004515
0 0.841787 0.716730 0.007726 0.004515
0 0.875042 0.725285 0.007726 0.004515
0 0.875042 0.721008 0.007726 0.004515
0 0.875042 0.716730 0.007726 0.004515
0 0.908297 0.725285 0.007726 0.004515
0 0.908297 0.721008 0.007726 0.004515
0 0.908297 0.716730 0.007726 0.004515
0 0.171985 0.889734 0.007726 0.004515
0 0.236480 0.889734 0.007726 0.004515
0 0.300974 0.889734 0.007726 0.004515
0 0.365133 0.889734 0.007726 0.004515
0 0.406785 0.898289 0.007726 0.004515
0 0.441048 0.887833 0.007726 0.004515
0 0.697346 0.913260 0.007726 0.004515
0 0.697346 0.904705 0.007726 0.004515
0 0.697346 0.898289 0.007726 0.004515
0 0.729594 0.889734 0.007726 0.004515
0 0.794088 0.889734 0.007726 0.004515
0 0.858247 0.889734 0.007726 0.004515
0 0.922741 0.889734 0.007726 0.004515
0 0.151831 0.136407 0.007726 0.004515
0 0.151831 0.132129 0.007726 0.004515
0 0.183406 0.136407 0.007726 0.004515
0 0.183406 0.132129 0.007726 0.004515
0 0.214646 0.136407 0.007726 0.004515
0 0.214646 0.132129 0.007726 0.004515
0 0.246221 0.136407 0.007726 0.004515
0 0.246221 0.132129 0.007726 0.004515
0 0.278132 0.138546 0.007726 0.004515
0 0.278132 0.134268 0.007726 0.004515
0 0.309708 0.138546 0.007726 0.004515
0 0.309708 0.134268 0.007726 0.004515
0 0.341283 0.138546 0.007726 0.004515
0 0.341283 0.134268 0.007726 0.004515
0 0.372523 0.138546 0.007726 0.004515
0 0.372523 0.134268 0.007726 0.004515
0 0.420894 0.138546 0.007726 0.004515
0 0.420894 0.134268 0.007726 0.004515
0 0.453141 0.138546 0.007726 0.004515
0 0.453141 0.134268 0.007726 0.004515
0 0.485052 0.138546 0.007726 0.004515
0 0.485052 0.134268 0.007726 0.004515
0 0.517299 0.138546 0.007726 0.004515
0 0.517299 0.134268 0.007726 0.004515
0 0.549547 0.138546 0.007726 0.004515
0 0.549547 0.134268 0.007726 0.004515
0 0.581458 0.138546 0.007726 0.004515
0 0.581458 0.134268 0.007726 0.004515
0 0.613705 0.138546 0.007726 0.004515
0 0.613705 0.134268 0.007726 0.004515
0 0.645952 0.138546 0.007726 0.004515
0 0.645952 0.134268 0.007726 0.004515
0 0.692308 0.140684 0.007726 0.004515
0 0.692308 0.136407 0.007726 0.004515
0 0.725899 0.140684 0.007726 0.004515
0 0.725899 0.136407 0.007726 0.004515
0 0.151495 0.481702 0.007726 0.004515
0 0.151495 0.477424 0.007726 0.004515
0 0.182734 0.481702 0.007726 0.004515
0 0.182734 0.477424 0.007726 0.004515
0 0.213638 0.481702 0.007726 0.004515
0 0.213638 0.477424 0.007726 0.004515
0 0.244877 0.481702 0.007726 0.004515
0 0.244877 0.477424 0.007726 0.004515
0 0.275781 0.481702 0.007726 0.004515
0 0.275781 0.477424 0.007726 0.004515
0 0.307020 0.481702 0.007726 0.004515
0 0.307020 0.477424 0.007726 0.004515
0 0.338260 0.481702 0.007726 0.004515
0 0.338260 0.477424 0.007726 0.004515
0 0.369164 0.481702 0.007726 0.004515
0 0.369164 0.477424 0.007726 0.004515
0 0.701377 0.479563 0.007726 0.004515
0 0.701377 0.475285 0.007726 0.004515
0 0.735304 0.479563 0.007726 0.004515
0 0.735304 0.475285 0.007726 0.004515
0 0.768895 0.479563 0.007726 0.004515
0 0.768895 0.475285 0.007726 0.004515
0 0.802822 0.479563 0.007726 0.004515
0 0.802822 0.475285 0.007726 0.004515
0 0.836748 0.479563 0.007726 0.004515
0 0.836748 0.475285 0.007726 0.004515
0 0.870675 0.479563 0.007726 0.004515
0 0.870675 0.475285 0.007726 0.004515
0 0.904602 0.479563 0.007726 0.004515
0 0.904602 0.475285 0.007726 0.004515
0 0.938529 0.479563 0.007726 0.004515
0 0.938529 0.475285 0.007726 0.004515
0 0.151495 0.682272 0.007726 0.004515
0 0.151495 0.677994 0.007726 0.004515
0 0.179039 0.682272 0.007726 0.004515
0 0.179039 0.677994 0.007726 0.004515
0 0.206584 0.682272 0.007726 0.004515
0 0.206584 0.677994 0.007726 0.004515
0 0.234128 0.682272 0.007726 0.004515
0 0.234128 0.677994 0.007726 0.004515
0 0.261673 0.682272 0.007726 0.004515
0 0.261673 0.677994 0.007726 0.004515
0 0.289217 0.682272 0.007726 0.004515
0 0.289217 0.677994 0.007726 0.004515
0 0.312731 0.680133 0.007726 0.004515
0 0.319785 0.677994 0.007726 0.004515
0 0.342291 0.680133 0.007726 0.004515
0 0.349345 0.677994 0.007726 0.004515
0 0.387974 0.682272 0.007726 0.004515
0 0.387974 0.677994 0.007726 0.004515
0 0.419886 0.682272 0.007726 0.004515
0 0.419886 0.677994 0.007726 0.004515
0 0.445079 0.680133 0.007726 0.004515
0 0.452133 0.677994 0.007726 0.004515
0 0.476654 0.680133 0.007726 0.004515
0 0.484044 0.677994 0.007726 0.004515
0 0.515620 0.682272 0.007726 0.004515
0 0.515620 0.677994 0.007726 0.004515
0 0.547531 0.682272 0.007726 0.004515
0 0.547531 0.677994 0.007726 0.004515
0 0.579442 0.684411 0.007726 0.004515
0 0.579442 0.677994 0.007726 0.004515
0 0.611354 0.684411 0.007726 0.004515
0 0.611354 0.677994 0.007726 0.004515
0 0.662076 0.684411 0.007726 0.004515
0 0.662076 0.680133 0.007726 0.004515
0 0.695331 0.684411 0.007726 0.004515
0 0.695331 0.680133 0.007726 0.004515
0 0.728586 0.684411 0.007726 0.004515
0 0.728586 0.680133 0.007726 0.004515
0 0.761841 0.684411 0.007726 0.004515
0 0.761841 0.680133 0.007726 0.004515
0 0.817938 0.682272 0.007726 0.004515
0 0.824992 0.680133 0.007726 0.004515
0 0.851192 0.682272 0.007726 0.004515
0 0.858247 0.680133 0.007726 0.004515
0 0.884447 0.682272 0.007726 0.004515
0 0.891502 0.680133 0.007726 0.004515
0 0.917702 0.682272 0.007726 0.004515
0 0.924756 0.680133 0.007726 0.004515
0 0.155862 0.851711 0.007726 0.004515
0 0.155862 0.847433 0.007726 0.004515
0 0.188109 0.851711 0.007726 0.004515
0 0.188109 0.847433 0.007726 0.004515
0 0.220356 0.851711 0.007726 0.004515
0 0.220356 0.847433 0.007726 0.004515
0 0.252603 0.851711 0.007726 0.004515
0 0.252603 0.847433 0.007726 0.004515
0 0.284851 0.851711 0.007726 0.004515
0 0.284851 0.847433 0.007726 0.004515
0 0.317098 0.851711 0.007726 0.004515
0 0.317098 0.847433 0.007726 0.004515
0 0.349009 0.851711 0.007726 0.004515
0 0.349009 0.847433 0.007726 0.004515
0 0.381256 0.851711 0.007726 0.004515
0 0.381256 0.847433 0.007726 0.004515
0 0.423917 0.853850 0.007726 0.004515
0 0.423917 0.845295 0.007726 0.004515
0 0.457843 0.853850 0.007726 0.004515
0 0.457843 0.845295 0.007726 0.004515
0 0.491770 0.853850 0.007726 0.004515
0 0.491770 0.845295 0.007726 0.004515
0 0.526033 0.853850 0.007726 0.004515
0 0.526033 0.845295 0.007726 0.004515
0 0.559960 0.853850 0.007726 0.004515
0 0.559960 0.845295 0.007726 0.004515
0 0.593886 0.853850 0.007726 0.004515
0 0.593886 0.845295 0.007726 0.004515
0 0.628149 0.853850 0.007726 0.004515
0 0.628149 0.845295 0.007726 0.004515
0 0.662412 0.853850 0.007726 0.004515
0 0.662412 0.845295 0.007726 0.004515
0 0.713470 0.851711 0.007726 0.004515
0 0.713470 0.847433 0.007726 0.004515
0 0.745717 0.851711 0.007726 0.004515
0 0.745717 0.847433 0.007726 0.004515
0 0.777964 0.851711 0.007726 0.004515
0 0.777964 0.847433 0.007726 0.004515
0 0.810212 0.851711 0.007726 0.004515
0 0.810212 0.847433 0.007726 0.004515
0 0.842123 0.851711 0.007726 0.004515
0 0.842123 0.847433 0.007726 0.004515
0 0.874370 0.851711 0.007726 0.004515
0 0.874370 0.847433 0.007726 0.004515
0 0.906617 0.851711 0.007726 0.004515
0 0.906617 0.847433 0.007726 0.004515
0 0.938865 0.851711 0.007726 0.004515
0 0.938865 0.847433 0.007726 0.004515
0 0.136043 0.130228 0.007726 0.004515
0 0.199194 0.130228 0.008062 0.004515
0 0.404770 0.130228 0.007726 0.004515
0 0.469264 0.132129 0.007726 0.004515
0 0.533423 0.123812 0.007726 0.004515
0 0.597581 0.132129 0.007726 0.004515
0 0.675176 0.132129 0.007726 0.004515
0 0.759825 0.136407 0.007726 0.004515
0 0.759825 0.132129 0.007726 0.004515
0 0.759825 0.125951 0.007726 0.004515
0 0.793416 0.136407 0.007726 0.004515
0 0.793416 0.132129 0.007726 0.004515
0 0.793416 0.125951 0.007726 0.004515
0 0.831710 0.136407 0.007726 0.004515
0 0.838764 0.134268 0.007726 0.004515
0 0.831710 0.128089 0.007726 0.004515
0 0.865637 0.136407 0.007726 0.004515
0 0.873027 0.134268 0.007726 0.004515
0 0.865637 0.128089 0.007726 0.004515
0 0.899899 0.140684 0.007726 0.004515
0 0.899899 0.136407 0.007726 0.004515
0 0.906953 0.134268 0.007726 0.004515
0 0.899899 0.130228 0.007726 0.004515
0 0.933826 0.140684 0.007726 0.004515
0 0.933826 0.136407 0.007726 0.004515
0 0.941216 0.134268 0.007726 0.004515
0 0.933826 0.130228 0.007726 0.004515
0 0.152503 0.314163 0.007726 0.004515
0 0.152503 0.309886 0.007726 0.004515
0 0.152503 0.303470 0.007726 0.004515
0 0.182734 0.314163 0.007726 0.004515
0 0.182734 0.309886 0.007726 0.004515
0 0.182734 0.303470 0.007726 0.004515
0 0.213974 0.307747 0.007726 0.004515
0 0.213974 0.303470 0.007726 0.004515
0 0.213974 0.297053 0.007726 0.004515
0 0.243870 0.307747 0.007726 0.004515
0 0.243870 0.303470 0.007726 0.004515
0 0.243870 0.297053 0.007726 0.004515
0 0.280484 0.307747 0.007726 0.004515
0 0.287538 0.305608 0.007726 0.004515
0 0.280484 0.299192 0.007726 0.004515
0 0.312731 0.307747 0.007726 0.004515
0 0.319785 0.305608 0.007726 0.004515
0 0.312731 0.299192 0.007726 0.004515
0 0.344978 0.312025 0.007726 0.004515
0 0.344978 0.307747 0.007726 0.004515
0 0.352032 0.305608 0.007726 0.004515
0 0.344978 0.301331 0.007726 0.004515
0 0.377225 0.312025 0.007726 0.004515
0 0.377225 0.307747 0.007726 0.004515
0 0.384279 0.305608 0.007726 0.004515
0 0.377225 0.301331 0.007726 0.004515
0 0.424924 0.314163 0.007726 0.004515
0 0.424924 0.309886 0.007726 0.004515
0 0.424924 0.303470 0.007726 0.004515
0 0.454148 0.303470 0.007726 0.004515
0 0.483373 0.303470 0.007726 0.004515
0 0.512597 0.303470 0.007726 0.004515
0 0.543164 0.305608 0.007726 0.004515
0 0.550218 0.303470 0.007726 0.004515
0 0.574740 0.305608 0.007726 0.004515
0 0.582130 0.303470 0.007726 0.004515
0 0.606651 0.305608 0.007726 0.004515
0 0.613705 0.303470 0.007726 0.004515
0 0.638562 0.305608 0.007726 0.004515
0 0.645616 0.303470 0.007726 0.004515
0 0.689956 0.309886 0.007726 0.004515
0 0.689956 0.305608 0.007726 0.004515
0 0.697346 0.303470 0.007726 0.004515
0 0.724891 0.309886 0.007726 0.004515
0 0.724891 0.305608 0.007726 0.004515
0 0.731945 0.303470 0.007726 0.004515
0 0.759825 0.309886 0.007726 0.004515
0 0.759825 0.305608 0.007726 0.004515
0 0.766879 0.303470 0.007726 0.004515
0 0.794760 0.309886 0.007726 0.004515
0 0.794760 0.305608 0.007726 0.004515
0 0.801814 0.303470 0.007726 0.004515
0 0.829358 0.309886 0.007726 0.004515
0 0.829358 0.305608 0.007726 0.004515
0 0.836412 0.303470 0.007726 0.004515
0 0.864293 0.309886 0.007726 0.004515
0 0.864293 0.305608 0.007726 0.004515
0 0.871347 0.303470 0.007726 0.004515
0 0.899227 0.309886 0.007726 0.004515
0 0.899227 0.305608 0.007726 0.004515
0 0.906281 0.303470 0.007726 0.004515
0 0.933826 0.309886 0.007726 0.004515
0 0.933826 0.305608 0.007726 0.004515
0 0.941216 0.303470 0.007726 0.004515
0 0.198186 0.475285 0.007726 0.004515
0 0.260329 0.466730 0.007726 0.004515
0 0.322472 0.475285 0.007726 0.004515
0 0.413504 0.479563 0.007726 0.004515
0 0.413504 0.475285 0.007726 0.004515
0 0.413504 0.468869 0.007726 0.004515
0 0.447430 0.479563 0.007726 0.004515
0 0.447430 0.475285 0.007726 0.004515
0 0.447430 0.468869 0.007726 0.004515
0 0.481357 0.479563 0.007726 0.004515
0 0.481357 0.475285 0.007726 0.004515
0 0.481357 0.468869 0.007726 0.004515
0 0.515284 0.479563 0.007726 0.004515
0 0.515284 0.475285 0.007726 0.004515
0 0.515284 0.468869 0.007726 0.004515
0 0.549211 0.479563 0.007726 0.004515
0 0.549211 0.475285 0.007726 0.004515
0 0.549211 0.468869 0.007726 0.004515
0 0.582801 0.479563 0.007726 0.004515
0 0.582801 0.475285 0.007726 0.004515
0 0.582801 0.468869 0.007726 0.004515
0 0.616728 0.479563 0.007726 0.004515
0 0.616728 0.475285 0.007726 0.004515
0 0.616728 0.468869 0.007726 0.004515
0 0.650655 0.479563 0.007726 0.004515
0 0.650655 0.475285 0.007726 0.004515
0 0.650655 0.468869 0.007726 0.004515
0 0.751764 0.468869 0.007726 0.004515
0 0.819617 0.460314 0.007726 0.004515
0 0.887135 0.468869 0.007726 0.004515
0 0.137723 0.673717 0.007726 0.004515
0 0.192812 0.673717 0.007726 0.004515
0 0.247901 0.663260 0.007726 0.004515
0 0.302990 0.665399 0.007726 0.004515
0 0.372187 0.667538 0.007726 0.004515
0 0.435673 0.669677 0.007726 0.004515
0 0.499832 0.671816 0.007726 0.004515
0 0.563655 0.673717 0.007726 0.004515
0 0.643937 0.673717 0.008062 0.004515
0 0.778636 0.675856 0.007726 0.004515
0 0.778636 0.671816 0.007726 0.004515
0 0.935170 0.673717 0.007726 0.004515
0 0.139738 0.836740 0.007726 0.004515
0 0.204232 0.843156 0.007726 0.004515
0 0.268727 0.832462 0.007726 0.004515
0 0.332885 0.843156 0.007726 0.004515
0 0.407121 0.841017 0.008062 0.004515
0 0.611018 0.841017 0.007726 0.004515
0 0.672825 0.843156 0.007726 0.004515
0 0.697346 0.843156 0.007726 0.004515
0 0.761841 0.843156 0.007726 0.004515
0 0.826335 0.832462 0.007726 0.004515
0 0.890494 0.843156 0.007726 0.004515
0 0.136043 0.076046 0.007726 0.004515
0 0.230433 0.076046 0.007726 0.004515
0 0.262009 0.069629 0.007726 0.004515
0 0.325495 0.076046 0.007726 0.004515
0 0.356735 0.076046 0.007726 0.004515
0 0.404770 0.076046 0.007726 0.004515
0 0.469264 0.077947 0.007726 0.004515
0 0.629829 0.077947 0.007726 0.004515
0 0.675176 0.077947 0.007726 0.004515
0 0.742694 0.071768 0.007726 0.004515
0 0.810548 0.073907 0.007726 0.004515
0 0.883104 0.076046 0.007726 0.004515
0 0.917031 0.076046 0.007726 0.004515
0 0.137387 0.241683 0.011757 0.004515
0 0.410480 0.241683 0.007726 0.004515
0 0.623782 0.241683 0.007726 0.004515
0 0.672825 0.241683 0.007726 0.004515
0 0.777293 0.241683 0.007726 0.004515
0 0.811891 0.241683 0.007726 0.004515
0 0.846826 0.241683 0.007726 0.004515
0 0.881760 0.241683 0.007726 0.004515
0 0.916695 0.241683 0.007726 0.004515
0 0.136043 0.408745 0.007726 0.004515
0 0.198186 0.413023 0.007726 0.004515
0 0.353712 0.406606 0.007726 0.004515
0 0.397044 0.406606 0.007726 0.004515
0 0.464226 0.406606 0.007726 0.004515
0 0.497817 0.406606 0.007726 0.004515
0 0.531743 0.406606 0.007726 0.004515
0 0.633524 0.406606 0.007726 0.004515
0 0.684918 0.398051 0.008062 0.004515
0 0.921061 0.406606 0.007726 0.004515
0 0.137723 0.581987 0.007726 0.004515
0 0.220356 0.581987 0.007726 0.004515
0 0.247901 0.571293 0.007726 0.004515
0 0.302990 0.573432 0.007726 0.004515
0 0.333557 0.573432 0.007726 0.004515
0 0.372187 0.575570 0.007726 0.004515
0 0.435673 0.577709 0.007726 0.004515
0 0.499832 0.579848 0.007726 0.004515
0 0.563655 0.581987 0.007726 0.004515
0 0.595566 0.581987 0.007726 0.004515
0 0.643601 0.581987 0.007726 0.004515
0 0.712126 0.581987 0.007726 0.004515
0 0.745381 0.581987 0.007726 0.004515
0 0.778636 0.579848 0.007726 0.004515
0 0.924756 0.581987 0.007726 0.004515
0 0.139738 0.783508 0.008062 0.004515
