0 0.228082 0.689163 0.008734 0.005228
0 0.228082 0.672529 0.008734 0.005228
0 0.338260 0.682034 0.008734 0.005228
0 0.338260 0.665399 0.008734 0.005228
0 0.440376 0.889734 0.008734 0.005228
0 0.440376 0.875475 0.008734 0.005228
0 0.509909 0.882605 0.008734 0.005228
0 0.509909 0.870722 0.008734 0.005228
0 0.575747 0.882605 0.008734 0.005228
0 0.575747 0.873099 0.008734 0.005228
0 0.670810 0.880228 0.008734 0.005228
0 0.700034 0.882605 0.008734 0.005228
0 0.732617 0.884981 0.008734 0.005228
0 0.799463 0.892110 0.008734 0.005228
0 0.148472 0.238831 0.008734 0.005228
0 0.148472 0.234078 0.008734 0.005228
0 0.148472 0.222196 0.008734 0.005228
0 0.209607 0.238831 0.008734 0.005228
0 0.209607 0.234078 0.008734 0.005228
0 0.209607 0.222196 0.008734 0.005228
0 0.272758 0.253089 0.008734 0.005228
0 0.272758 0.236454 0.008734 0.005228
0 0.396708 0.253089 0.008734 0.005228
0 0.396708 0.236454 0.008734 0.005228
0 0.445079 0.250713 0.008734 0.005228
0 0.445079 0.234078 0.008734 0.005228
0 0.517971 0.255466 0.008734 0.005228
0 0.517971 0.238831 0.008734 0.005228
0 0.579106 0.260219 0.008734 0.005228
0 0.579106 0.243584 0.008734 0.005228
0 0.673161 0.260219 0.008734 0.005228
0 0.673161 0.243584 0.008734 0.005228
0 0.763184 0.262595 0.008734 0.005228
0 0.763184 0.245960 0.008734 0.005228
0 0.810883 0.262595 0.008734 0.005228
0 0.810883 0.245960 0.008734 0.005228
0 0.885791 0.255466 0.008734 0.005228
0 0.885791 0.238831 0.008734 0.005228
0 0.140746 0.465067 0.008734 0.005228
0 0.140746 0.448432 0.008734 0.005228
0 0.241854 0.462690 0.008734 0.005228
0 0.241854 0.446055 0.008734 0.005228
0 0.310380 0.462690 0.008734 0.005228
0 0.310380 0.446055 0.008734 0.005228
0 0.373530 0.460314 0.008734 0.005228
0 0.373530 0.443679 0.008734 0.005228
0 0.445751 0.457937 0.008734 0.005228
0 0.445751 0.441302 0.008734 0.005228
0 0.546859 0.455561 0.008734 0.005228
0 0.546859 0.438926 0.008734 0.005228
0 0.605643 0.455561 0.008734 0.005228
0 0.605643 0.438926 0.008734 0.005228
0 0.679879 0.469819 0.008734 0.005228
0 0.679879 0.453184 0.008734 0.005228
0 0.809876 0.469819 0.008734 0.005228
0 0.809876 0.453184 0.008734 0.005228
0 0.844138 0.467443 0.008734 0.005228
0 0.844138 0.450808 0.008734 0.005228
0 0.902251 0.472196 0.008734 0.005228
0 0.902251 0.455561 0.008734 0.005228
0 0.135035 0.691540 0.008734 0.005228
0 0.135035 0.674905 0.008734 0.005228
0 0.228082 0.658270 0.008734 0.005228
0 0.235808 0.655894 0.008734 0.005228
0 0.338260 0.660646 0.008734 0.005228
0 0.338260 0.655894 0.008734 0.005228
0 0.398724 0.660646 0.008734 0.005228
0 0.398724 0.648764 0.008734 0.005228
0 0.473295 0.658270 0.008734 0.005228
0 0.473295 0.648764 0.008734 0.005228
0 0.542828 0.660646 0.008734 0.005228
0 0.542828 0.648764 0.008734 0.005228
0 0.616392 0.663023 0.008734 0.005228
0 0.616392 0.648764 0.008734 0.005228
0 0.685590 0.660646 0.008734 0.005228
0 0.685590 0.648764 0.008734 0.005228
0 0.755123 0.658270 0.008734 0.005228
0 0.755123 0.648764 0.008734 0.005228
0 0.824320 0.660646 0.008734 0.005228
0 0.824320 0.648764 0.008734 0.005228
0 0.897884 0.663023 0.008734 0.005228
0 0.897884 0.648764 0.008734 0.005228
0 0.132348 0.887357 0.008734 0.005228
0 0.132348 0.875475 0.008734 0.005228
0 0.203225 0.884981 0.008734 0.005228
0 0.203225 0.875475 0.008734 0.005228
0 0.281827 0.887357 0.008734 0.005228
0 0.281827 0.875475 0.008734 0.005228
0 0.389318 0.889734 0.008734 0.005228
0 0.389318 0.875475 0.008734 0.005228
0 0.440376 0.868346 0.008734 0.005228
0 0.469600 0.863593 0.008734 0.005228
0 0.509909 0.865970 0.008734 0.005228
0 0.575747 0.868346 0.008734 0.005228
0 0.670810 0.875475 0.008734 0.005228
0 0.732617 0.875475 0.008734 0.005228
0 0.766879 0.877852 0.008734 0.005228
0 0.818273 0.882367 0.006046 0.003565
0 0.834397 0.870485 0.006046 0.003565
0 0.847162 0.875238 0.006046 0.003565
0 0.857911 0.882367 0.006046 0.003565
0 0.871347 0.887120 0.006046 0.003565
0 0.881760 0.891873 0.006046 0.003565
0 0.892509 0.899002 0.006046 0.003565
0 0.919718 0.908745 0.008734 0.005228
0 0.919718 0.899240 0.008734 0.005228
0 0.919718 0.892110 0.008734 0.005228
0 0.398724 0.601711 0.008734 0.005228
0 0.473295 0.599335 0.008734 0.005228
0 0.542828 0.601711 0.008734 0.005228
0 0.616392 0.604087 0.008734 0.005228
0 0.685590 0.601711 0.008734 0.005228
0 0.755123 0.599335 0.008734 0.005228
0 0.824320 0.601711 0.008734 0.005228
0 0.897884 0.604087 0.008734 0.005228
0 0.132348 0.833413 0.008734 0.005228
0 0.203225 0.831036 0.008734 0.005228
0 0.281827 0.833413 0.008734 0.005228
0 0.509909 0.831036 0.008734 0.005228
0 0.589856 0.831036 0.008734 0.005228
0 0.636211 0.833413 0.008734 0.005228
0 0.670810 0.838165 0.008734 0.005228
0 0.732617 0.835789 0.008734 0.005228
0 0.747397 0.840542 0.008734 0.005228
0 0.799463 0.838165 0.008734 0.005228
0 0.919718 0.838165 0.008734 0.005228
0 0.148472 0.198907 0.008734 0.005228
0 0.148472 0.189401 0.008734 0.005228
0 0.148472 0.184648 0.008734 0.005228
0 0.156533 0.182272 0.008734 0.005228
0 0.209607 0.198907 0.008734 0.005228
0 0.209607 0.189401 0.008734 0.005228
0 0.209607 0.184648 0.008734 0.005228
0 0.217669 0.182272 0.008734 0.005228
0 0.272758 0.198907 0.008734 0.005228
0 0.280820 0.196530 0.008734 0.005228
0 0.272758 0.187025 0.008734 0.005228
0 0.272758 0.182272 0.008734 0.005228
0 0.396708 0.198907 0.008734 0.005228
0 0.404770 0.196530 0.008734 0.005228
0 0.396708 0.187025 0.008734 0.005228
0 0.396708 0.182272 0.008734 0.005228
0 0.445079 0.201283 0.008734 0.005228
0 0.445079 0.196530 0.008734 0.005228
0 0.445079 0.189401 0.008734 0.005228
0 0.445079 0.184648 0.008734 0.005228
0 0.517971 0.194154 0.008734 0.005228
0 0.517971 0.189401 0.008734 0.005228
0 0.517971 0.184648 0.008734 0.005228
0 0.579106 0.194154 0.008734 0.005228
0 0.579106 0.189401 0.008734 0.005228
0 0.579106 0.184648 0.008734 0.005228
0 0.673161 0.194154 0.008734 0.005228
0 0.673161 0.189401 0.008734 0.005228
0 0.681223 0.187025 0.008734 0.005228
0 0.763184 0.194154 0.008734 0.005228
0 0.763184 0.189401 0.008734 0.005228
0 0.763184 0.184648 0.008734 0.005228
0 0.810883 0.196530 0.008734 0.005228
0 0.810883 0.191778 0.008734 0.005228
0 0.810883 0.184648 0.008734 0.005228
0 0.885791 0.194154 0.008734 0.005228
0 0.885791 0.189401 0.008734 0.005228
0 0.885791 0.184648 0.008734 0.005228
0 0.140746 0.392110 0.008734 0.005228
0 0.140746 0.382605 0.008734 0.005228
0 0.148808 0.380228 0.008734 0.005228
0 0.241854 0.389734 0.008734 0.005228
0 0.241854 0.384981 0.008734 0.005228
0 0.241854 0.380228 0.008734 0.005228
0 0.310380 0.389734 0.008734 0.005228
0 0.310380 0.380228 0.008734 0.005228
0 0.310380 0.375475 0.008734 0.005228
0 0.373530 0.389734 0.008734 0.005228
0 0.373530 0.382605 0.008734 0.005228
0 0.373530 0.377852 0.008734 0.005228
0 0.445751 0.389734 0.008734 0.005228
0 0.445751 0.384981 0.008734 0.005228
0 0.445751 0.380228 0.008734 0.005228
0 0.546859 0.389734 0.008734 0.005228
0 0.546859 0.384981 0.008734 0.005228
0 0.554921 0.382605 0.008734 0.005228
0 0.605643 0.389734 0.008734 0.005228
0 0.605643 0.384981 0.008734 0.005228
0 0.613705 0.382605 0.008734 0.005228
0 0.679879 0.396863 0.008734 0.005228
0 0.679879 0.387357 0.008734 0.005228
0 0.679879 0.382605 0.008734 0.005228
0 0.809876 0.394487 0.008734 0.005228
0 0.809876 0.387357 0.008734 0.005228
0 0.809876 0.382605 0.008734 0.005228
0 0.844138 0.396863 0.008734 0.005228
0 0.844138 0.389734 0.008734 0.005228
0 0.844138 0.384981 0.008734 0.005228
0 0.902251 0.394487 0.008734 0.005228
0 0.902251 0.389734 0.008734 0.005228
0 0.902251 0.384981 0.008734 0.005228
0 0.135035 0.615970 0.008734 0.005228
0 0.135035 0.611217 0.008734 0.005228
0 0.143097 0.608840 0.008734 0.005228
0 0.228082 0.613593 0.008734 0.005228
0 0.228082 0.608840 0.008734 0.005228
0 0.338260 0.611217 0.008734 0.005228
0 0.439704 0.594582 0.008734 0.005228
0 0.473295 0.594582 0.008734 0.005228
0 0.508902 0.594582 0.008734 0.005228
0 0.542828 0.594582 0.008734 0.005228
0 0.563319 0.592205 0.008734 0.005228
0 0.583809 0.594582 0.008734 0.005228
0 0.616392 0.587452 0.008734 0.005228
0 0.651663 0.594582 0.008734 0.005228
0 0.685590 0.594582 0.008734 0.005228
0 0.721196 0.594582 0.008734 0.005228
0 0.755123 0.594582 0.008734 0.005228
0 0.790393 0.594582 0.008734 0.005228
0 0.824320 0.594582 0.008734 0.005228
0 0.845146 0.592205 0.008734 0.005228
0 0.865637 0.594582 0.008734 0.005228
0 0.897884 0.582700 0.008734 0.005228
0 0.933490 0.594582 0.008734 0.005228
0 0.132348 0.826283 0.008734 0.005228
0 0.157877 0.826283 0.008734 0.005228
0 0.203225 0.826283 0.008734 0.005228
0 0.242526 0.826283 0.008734 0.005228
0 0.281827 0.826283 0.008734 0.005228
0 0.308028 0.823907 0.008734 0.005228
0 0.337252 0.826283 0.008734 0.005228
0 0.389318 0.809411 0.008734 0.005228
0 0.372523 0.835551 0.006046 0.003565
0 0.379913 0.826046 0.006046 0.003565
0 0.409137 0.814163 0.008734 0.005228
0 0.440376 0.818916 0.008734 0.005228
0 0.469600 0.823907 0.008734 0.005228
0 0.509909 0.826283 0.008734 0.005228
0 0.575747 0.828660 0.008734 0.005228
0 0.670810 0.826283 0.008734 0.005228
0 0.700034 0.828660 0.008734 0.005228
0 0.732617 0.831036 0.008734 0.005228
0 0.766879 0.831036 0.008734 0.005228
0 0.799463 0.833413 0.008734 0.005228
0 0.919718 0.833413 0.008734 0.005228
0 0.148472 0.116445 0.008734 0.005228
0 0.209607 0.116445 0.008734 0.005228
0 0.236144 0.116445 0.008734 0.005228
0 0.272758 0.116445 0.008734 0.005228
0 0.298959 0.116445 0.008734 0.005228
0 0.322136 0.116445 0.008734 0.005228
0 0.361774 0.104563 0.008734 0.005228
0 0.396708 0.104563 0.008734 0.005228
0 0.445079 0.104563 0.008734 0.005228
0 0.482701 0.106939 0.008734 0.005228
0 0.547867 0.106939 0.008734 0.005228
0 0.579106 0.106939 0.008734 0.005228
0 0.608331 0.109316 0.008734 0.005228
0 0.633188 0.111692 0.008734 0.005228
0 0.673161 0.111692 0.008734 0.005228
0 0.697346 0.114068 0.008734 0.005228
0 0.721196 0.111692 0.008734 0.005228
0 0.763184 0.118821 0.008734 0.005228
0 0.840443 0.118821 0.008734 0.005228
0 0.885791 0.118821 0.008734 0.005228
0 0.928787 0.118821 0.008734 0.005228
0 0.140746 0.326996 0.008734 0.005228
0 0.167954 0.326996 0.008734 0.005228
0 0.197514 0.326996 0.008734 0.005228
0 0.241854 0.319867 0.008734 0.005228
0 0.275109 0.326996 0.008734 0.005228
0 0.337588 0.326996 0.008734 0.005228
0 0.373530 0.324620 0.008734 0.005228
0 0.399395 0.324620 0.008734 0.005228
0 0.445751 0.326996 0.008734 0.005228
0 0.481693 0.326996 0.008734 0.005228
0 0.509573 0.326996 0.008734 0.005228
0 0.546859 0.329373 0.008734 0.005228
0 0.605643 0.329373 0.008734 0.005228
0 0.644609 0.329373 0.008734 0.005228
0 0.679879 0.329373 0.008734 0.005228
0 0.704064 0.329373 0.008734 0.005228
0 0.728250 0.329373 0.008734 0.005228
0 0.776285 0.317490 0.008734 0.005228
0 0.762513 0.329135 0.006046 0.003565
0 0.809876 0.317490 0.008734 0.005228
0 0.844138 0.317490 0.008734 0.005228
0 0.870675 0.319867 0.008734 0.005228
0 0.929795 0.331749 0.008734 0.005228
0 0.135035 0.546103 0.008734 0.005228
0 0.161572 0.546103 0.008734 0.005228
0 0.188109 0.546103 0.008734 0.005228
0 0.228082 0.538736 0.008734 0.005228
0 0.256970 0.538736 0.008734 0.005228
0 0.286194 0.538736 0.008734 0.005228
0 0.338260 0.548479 0.008734 0.005228
0 0.157877 0.746435 0.008734 0.005228
0 0.203225 0.746435 0.008734 0.005228
0 0.242526 0.746435 0.008734 0.005228
0 0.281827 0.746435 0.008734 0.005228
0 0.308028 0.746435 0.008734 0.005228
0 0.337252 0.746435 0.008734 0.005228
0 0.389318 0.739306 0.008734 0.005228
0 0.440376 0.741683 0.008734 0.005228
0 0.469600 0.744059 0.008734 0.005228
0 0.509909 0.746435 0.008734 0.005228
0 0.537454 0.746435 0.008734 0.005228
0 0.575747 0.741683 0.008734 0.005228
0 0.612026 0.741683 0.008734 0.005228
0 0.636211 0.744059 0.008734 0.005228
0 0.670810 0.746435 0.008734 0.005228
0 0.732617 0.746435 0.008734 0.005228
