0 0.770238 0.227424 0.008398 0.004990
0 0.850857 0.227424 0.008398 0.004990
0 0.929123 0.232177 0.008398 0.004990
0 0.929123 0.227424 0.008398 0.004990
0 0.130333 0.202234 0.008398 0.004990
0 0.176352 0.202234 0.008398 0.004990
0 0.222036 0.199857 0.008398 0.004990
0 0.267383 0.199857 0.008398 0.004990
0 0.325495 0.204610 0.008398 0.004990
0 0.358079 0.222909 0.008398 0.004990
0 0.381592 0.218394 0.008398 0.004990
0 0.368156 0.216017 0.005710 0.003327
0 0.404770 0.220532 0.008398 0.004990
0 0.428284 0.218394 0.008398 0.004990
0 0.451797 0.222909 0.008398 0.004990
0 0.475311 0.225285 0.008398 0.004990
0 0.498824 0.227424 0.008398 0.004990
0 0.547867 0.204610 0.008398 0.004990
0 0.591199 0.204610 0.008398 0.004990
0 0.635875 0.199857 0.008398 0.004990
0 0.679207 0.202234 0.008398 0.004990
0 0.734968 0.204610 0.008398 0.004990
0 0.770238 0.227424 0.008398 0.004990
0 0.798791 0.218394 0.008398 0.004990
0 0.785354 0.216017 0.005710 0.003327
0 0.824656 0.220532 0.008398 0.004990
0 0.850857 0.218394 0.008398 0.004990
0 0.877057 0.222909 0.008398 0.004990
0 0.902922 0.225285 0.008398 0.004990
0 0.929123 0.220532 0.008398 0.004990
0 0.770238 0.156369 0.008398 0.004990
0 0.850857 0.147101 0.008398 0.004990
0 0.877057 0.151616 0.008398 0.004990
0 0.902922 0.153992 0.008398 0.004990
0 0.929123 0.156369 0.008398 0.004990
0 0.153510 0.170152 0.008398 0.004990
0 0.153510 0.163260 0.008398 0.004990
0 0.199194 0.170152 0.008398 0.004990
0 0.199194 0.163260 0.008398 0.004990
0 0.244877 0.167776 0.008398 0.004990
0 0.244877 0.163260 0.008398 0.004990
0 0.290225 0.170152 0.008398 0.004990
0 0.290225 0.163260 0.008398 0.004990
0 0.325495 0.172291 0.008398 0.004990
0 0.325495 0.167776 0.008398 0.004990
0 0.325495 0.163260 0.008398 0.004990
0 0.358079 0.151616 0.008398 0.004990
0 0.381592 0.147101 0.008398 0.004990
0 0.368156 0.144962 0.005710 0.003327
0 0.404770 0.149477 0.008398 0.004990
0 0.428284 0.147101 0.008398 0.004990
0 0.451797 0.151616 0.008398 0.004990
0 0.475311 0.153992 0.008398 0.004990
0 0.498824 0.156369 0.008398 0.004990
0 0.569365 0.172291 0.008398 0.004990
0 0.569365 0.167776 0.008398 0.004990
0 0.569365 0.163260 0.008398 0.004990
0 0.612697 0.172291 0.008398 0.004990
0 0.612697 0.167776 0.008398 0.004990
0 0.612697 0.163260 0.008398 0.004990
0 0.657709 0.167776 0.008398 0.004990
0 0.657709 0.163260 0.008398 0.004990
0 0.700705 0.170152 0.008398 0.004990
0 0.700705 0.163260 0.008398 0.004990
0 0.734968 0.172291 0.008398 0.004990
0 0.734968 0.167776 0.008398 0.004990
0 0.734968 0.163260 0.008398 0.004990
0 0.770238 0.156369 0.008398 0.004990
0 0.798791 0.147101 0.008398 0.004990
0 0.785354 0.144962 0.005710 0.003327
0 0.824656 0.149477 0.008398 0.004990
0 0.850857 0.147101 0.008398 0.004990
0 0.929123 0.149477 0.008398 0.004990
0 0.130333 0.072481 0.008398 0.004990
0 0.199194 0.072481 0.008398 0.004990
0 0.222036 0.070105 0.008398 0.004990
0 0.267383 0.072481 0.008398 0.004990
0 0.325495 0.074857 0.008398 0.004990
0 0.381592 0.070105 0.008398 0.004990
0 0.475311 0.074857 0.008398 0.004990
0 0.498824 0.074857 0.008398 0.004990
0 0.547867 0.074857 0.008398 0.004990
0 0.612697 0.074857 0.008398 0.004990
0 0.635875 0.070105 0.008398 0.004990
0 0.700705 0.072481 0.008398 0.004990
0 0.734968 0.074857 0.008398 0.004990
0 0.929123 0.067966 0.008398 0.004990
