0 0.508902 0.449144 0.009405 0.005466
0 0.558616 0.449144 0.009405 0.005466
0 0.655022 0.449144 0.009405 0.005466
0 0.710111 0.449144 0.009405 0.005466
0 0.153846 0.225285 0.009405 0.005466
0 0.153846 0.206987 0.009405 0.005466
0 0.200202 0.225285 0.009405 0.005466
0 0.200202 0.206987 0.009405 0.005466
0 0.281156 0.222671 0.009405 0.005466
0 0.281156 0.204373 0.009405 0.005466
0 0.459859 0.233365 0.009405 0.005466
0 0.459859 0.214829 0.009405 0.005466
0 0.535774 0.225285 0.009405 0.005466
0 0.535774 0.214829 0.009405 0.005466
0 0.672489 0.225285 0.009405 0.005466
0 0.672489 0.212215 0.009405 0.005466
0 0.797447 0.222671 0.009405 0.005466
0 0.797447 0.204373 0.009405 0.005466
0 0.153846 0.467681 0.009405 0.005466
0 0.153846 0.449144 0.009405 0.005466
0 0.269735 0.433460 0.009405 0.005466
0 0.269735 0.428232 0.009405 0.005466
0 0.311387 0.430846 0.009405 0.005466
0 0.311387 0.425380 0.009405 0.005466
0 0.341283 0.422766 0.009405 0.005466
0 0.341283 0.417538 0.009405 0.005466
0 0.388646 0.438688 0.009405 0.005466
0 0.388646 0.422766 0.009405 0.005466
0 0.431307 0.438688 0.009405 0.005466
0 0.431307 0.422766 0.009405 0.005466
0 0.457172 0.430846 0.009405 0.005466
0 0.457172 0.425380 0.009405 0.005466
0 0.508902 0.438688 0.009405 0.005466
0 0.558616 0.438688 0.009405 0.005466
0 0.655022 0.438688 0.009405 0.005466
0 0.710111 0.438688 0.009405 0.005466
0 0.854887 0.459838 0.009405 0.005466
0 0.854887 0.441302 0.009405 0.005466
0 0.899563 0.459838 0.009405 0.005466
0 0.899563 0.441302 0.009405 0.005466
0 0.153846 0.671816 0.009405 0.005466
0 0.153846 0.653279 0.009405 0.005466
0 0.246221 0.663973 0.009405 0.005466
0 0.246221 0.653279 0.009405 0.005466
0 0.303661 0.663973 0.009405 0.005466
0 0.303661 0.653279 0.009405 0.005466
0 0.390998 0.663973 0.009405 0.005466
0 0.390998 0.653279 0.009405 0.005466
0 0.466577 0.663973 0.009405 0.005466
0 0.466577 0.653279 0.009405 0.005466
0 0.613369 0.674430 0.009405 0.005466
0 0.613369 0.655894 0.009405 0.005466
0 0.674505 0.674430 0.009405 0.005466
0 0.674505 0.655894 0.009405 0.005466
0 0.771582 0.671816 0.009405 0.005466
0 0.771582 0.653279 0.009405 0.005466
0 0.160564 0.908745 0.009405 0.005466
0 0.160564 0.890209 0.009405 0.005466
0 0.216997 0.900903 0.009405 0.005466
0 0.216997 0.882367 0.009405 0.005466
0 0.336916 0.903517 0.009405 0.005466
0 0.336916 0.884981 0.009405 0.005466
0 0.428619 0.895675 0.009405 0.005466
0 0.428619 0.877139 0.009405 0.005466
0 0.478670 0.893061 0.009405 0.005466
0 0.478670 0.874525 0.009405 0.005466
0 0.551898 0.890209 0.009405 0.005466
0 0.551898 0.871911 0.009405 0.005466
0 0.617736 0.882367 0.009405 0.005466
0 0.617736 0.871911 0.009405 0.005466
0 0.682566 0.879753 0.009405 0.005466
0 0.682566 0.871911 0.009405 0.005466
0 0.779644 0.879753 0.009405 0.005466
0 0.822304 0.890209 0.009405 0.005466
0 0.822304 0.879753 0.009405 0.005466
0 0.153846 0.163260 0.009405 0.005466
0 0.854887 0.391873 0.009405 0.005466
0 0.153846 0.152567 0.009405 0.005466
0 0.153846 0.144724 0.009405 0.005466
0 0.229090 0.152567 0.009405 0.005466
0 0.281156 0.163260 0.009405 0.005466
0 0.281156 0.155181 0.009405 0.005466
0 0.281156 0.149952 0.009405 0.005466
0 0.459859 0.168489 0.009405 0.005466
0 0.468928 0.165875 0.009405 0.005466
0 0.459859 0.160409 0.009405 0.005466
0 0.459859 0.155181 0.009405 0.005466
0 0.535774 0.171103 0.009405 0.005466
0 0.535774 0.157795 0.009405 0.005466
0 0.535774 0.152567 0.009405 0.005466
0 0.672489 0.163260 0.009405 0.005466
0 0.672489 0.152567 0.009405 0.005466
0 0.672489 0.147338 0.009405 0.005466
0 0.681223 0.144724 0.009405 0.005466
0 0.797447 0.165875 0.009405 0.005466
0 0.797447 0.160409 0.009405 0.005466
0 0.797447 0.155181 0.009405 0.005466
0 0.797447 0.147338 0.009405 0.005466
0 0.877729 0.168489 0.009405 0.005466
0 0.877729 0.163260 0.009405 0.005466
0 0.877729 0.157795 0.009405 0.005466
0 0.886799 0.155181 0.009405 0.005466
0 0.153846 0.394487 0.009405 0.005466
0 0.153846 0.383793 0.009405 0.005466
0 0.211958 0.375951 0.009405 0.005466
0 0.240846 0.378565 0.009405 0.005466
0 0.269735 0.381179 0.009405 0.005466
0 0.269735 0.368108 0.009405 0.005466
0 0.311387 0.383793 0.009405 0.005466
0 0.311387 0.370722 0.009405 0.005466
0 0.341283 0.375951 0.009405 0.005466
0 0.341283 0.370722 0.009405 0.005466
0 0.341283 0.362880 0.009405 0.005466
0 0.388646 0.378565 0.009405 0.005466
0 0.388646 0.373337 0.009405 0.005466
0 0.388646 0.365494 0.009405 0.005466
0 0.431307 0.378565 0.009405 0.005466
0 0.431307 0.373337 0.009405 0.005466
0 0.431307 0.365494 0.009405 0.005466
0 0.457172 0.375951 0.009405 0.005466
0 0.508902 0.389021 0.009405 0.005466
0 0.508902 0.383793 0.009405 0.005466
0 0.508902 0.375951 0.009405 0.005466
0 0.558616 0.391873 0.009405 0.005466
0 0.558616 0.386407 0.009405 0.005466
0 0.558616 0.378565 0.009405 0.005466
0 0.591871 0.397101 0.009405 0.005466
0 0.591871 0.386407 0.009405 0.005466
0 0.600605 0.383793 0.009405 0.005466
0 0.655022 0.386407 0.009405 0.005466
0 0.663755 0.383793 0.009405 0.005466
0 0.655022 0.373337 0.009405 0.005466
0 0.710111 0.389021 0.009405 0.005466
0 0.710111 0.383793 0.009405 0.005466
0 0.710111 0.375951 0.009405 0.005466
0 0.745717 0.394487 0.009405 0.005466
0 0.745717 0.389021 0.009405 0.005466
0 0.745717 0.383793 0.009405 0.005466
0 0.808532 0.383793 0.009405 0.005466
0 0.808532 0.375951 0.009405 0.005466
0 0.808532 0.370722 0.009405 0.005466
0 0.854887 0.381179 0.009405 0.005466
0 0.854887 0.373337 0.009405 0.005466
0 0.927780 0.381179 0.009405 0.005466
0 0.153846 0.619059 0.009405 0.005466
0 0.153846 0.611217 0.009405 0.005466
0 0.153846 0.605989 0.009405 0.005466
0 0.184750 0.613831 0.009405 0.005466
0 0.246221 0.616445 0.009405 0.005466
0 0.246221 0.611217 0.009405 0.005466
0 0.246221 0.603375 0.009405 0.005466
0 0.303661 0.619059 0.009405 0.005466
0 0.303661 0.613831 0.009405 0.005466
0 0.303661 0.605989 0.009405 0.005466
0 0.332885 0.624287 0.009405 0.005466
0 0.332885 0.613831 0.009405 0.005466
0 0.341619 0.611217 0.009405 0.005466
0 0.390998 0.613831 0.009405 0.005466
0 0.399731 0.611217 0.009405 0.005466
0 0.390998 0.600760 0.009405 0.005466
0 0.466577 0.616445 0.009405 0.005466
0 0.466577 0.611217 0.009405 0.005466
0 0.466577 0.603375 0.009405 0.005466
0 0.498488 0.621673 0.009405 0.005466
0 0.498488 0.616445 0.009405 0.005466
0 0.498488 0.611217 0.009405 0.005466
0 0.549211 0.611217 0.009405 0.005466
0 0.549211 0.603375 0.009405 0.005466
0 0.549211 0.598146 0.009405 0.005466
0 0.613369 0.619059 0.009405 0.005466
0 0.613369 0.608603 0.009405 0.005466
0 0.613369 0.600760 0.009405 0.005466
0 0.771582 0.619059 0.009405 0.005466
0 0.771582 0.611217 0.009405 0.005466
0 0.771582 0.605989 0.009405 0.005466
0 0.160564 0.847433 0.009405 0.005466
0 0.169634 0.844819 0.009405 0.005466
0 0.160564 0.839591 0.009405 0.005466
0 0.160564 0.834125 0.009405 0.005466
0 0.216997 0.850048 0.009405 0.005466
0 0.216997 0.844819 0.009405 0.005466
0 0.216997 0.836740 0.009405 0.005466
0 0.216997 0.831511 0.009405 0.005466
0 0.336916 0.842205 0.009405 0.005466
0 0.345650 0.839591 0.009405 0.005466
0 0.336916 0.834125 0.009405 0.005466
0 0.336916 0.828897 0.009405 0.005466
0 0.428619 0.844819 0.009405 0.005466
0 0.428619 0.839591 0.009405 0.005466
0 0.428619 0.831511 0.009405 0.005466
0 0.428619 0.826283 0.009405 0.005466
0 0.478670 0.842205 0.009405 0.005466
0 0.478670 0.836740 0.009405 0.005466
0 0.487403 0.834125 0.009405 0.005466
0 0.478670 0.823669 0.009405 0.005466
0 0.551898 0.839591 0.009405 0.005466
0 0.551898 0.834125 0.009405 0.005466
0 0.551898 0.826283 0.009405 0.005466
0 0.551898 0.821055 0.009405 0.005466
0 0.617736 0.842205 0.009405 0.005466
0 0.617736 0.831511 0.009405 0.005466
0 0.617736 0.826283 0.009405 0.005466
0 0.682566 0.839591 0.009405 0.005466
0 0.682566 0.834125 0.009405 0.005466
0 0.682566 0.826283 0.009405 0.005466
0 0.779644 0.836740 0.009405 0.005466
0 0.788378 0.834125 0.009405 0.005466
0 0.779644 0.828897 0.009405 0.005466
0 0.822304 0.836740 0.009405 0.005466
0 0.831038 0.834125 0.009405 0.005466
0 0.822304 0.828897 0.009405 0.005466
0 0.822304 0.823669 0.009405 0.005466
0 0.878737 0.839591 0.009405 0.005466
0 0.878737 0.834125 0.009405 0.005466
0 0.878737 0.826283 0.009405 0.005466
0 0.153846 0.078184 0.009405 0.005466
0 0.229090 0.086027 0.009405 0.005466
0 0.281156 0.080798 0.009405 0.005466
0 0.319449 0.083413 0.009405 0.005466
0 0.385959 0.088641 0.009405 0.005466
0 0.459859 0.088641 0.009405 0.005466
0 0.509237 0.088641 0.009405 0.005466
0 0.535774 0.086027 0.009405 0.005466
0 0.563655 0.086027 0.009405 0.005466
0 0.598589 0.088641 0.009405 0.005466
0 0.639570 0.086027 0.009405 0.005466
0 0.672489 0.078184 0.009405 0.005466
0 0.737991 0.086027 0.009405 0.005466
0 0.797447 0.080798 0.009405 0.005466
0 0.847497 0.093869 0.009405 0.005466
0 0.877729 0.088641 0.009405 0.005466
0 0.927780 0.101949 0.009405 0.005466
0 0.153846 0.318203 0.009405 0.005466
0 0.192812 0.320817 0.009405 0.005466
0 0.508902 0.302281 0.009405 0.005466
0 0.558616 0.304895 0.009405 0.005466
0 0.591871 0.310361 0.009405 0.005466
0 0.710111 0.302281 0.009405 0.005466
0 0.745717 0.310361 0.009405 0.005466
0 0.808532 0.297053 0.009405 0.005466
0 0.854887 0.299667 0.009405 0.005466
0 0.927780 0.307747 0.009405 0.005466
0 0.153846 0.539449 0.009405 0.005466
0 0.246221 0.536835 0.009405 0.005466
0 0.303661 0.539449 0.009405 0.005466
0 0.361774 0.544677 0.009405 0.005466
0 0.409137 0.533983 0.009405 0.005466
0 0.466577 0.536835 0.009405 0.005466
0 0.549211 0.531369 0.009405 0.005466
0 0.613369 0.533983 0.009405 0.005466
0 0.674505 0.542063 0.009405 0.005466
0 0.712798 0.542063 0.009405 0.005466
0 0.771582 0.536835 0.009405 0.005466
0 0.812227 0.539449 0.009405 0.005466
0 0.878065 0.544677 0.009405 0.005466
0 0.903594 0.544677 0.009405 0.005466
0 0.930131 0.544677 0.009405 0.005466
0 0.160564 0.759268 0.009405 0.005466
0 0.257978 0.756654 0.009405 0.005466
0 0.285858 0.756654 0.009405 0.005466
0 0.336916 0.754040 0.009405 0.005466
0 0.397716 0.754040 0.009405 0.005466
0 0.428619 0.751426 0.009405 0.005466
0 0.478670 0.748812 0.009405 0.005466
0 0.551898 0.746198 0.009405 0.005466
0 0.585489 0.751426 0.009405 0.005466
0 0.617736 0.751426 0.009405 0.005466
0 0.649983 0.756654 0.009405 0.005466
0 0.682566 0.759268 0.009405 0.005466
0 0.714814 0.759268 0.009405 0.005466
