0 0.598253 0.221483 0.007726 0.004515
0 0.648304 0.399477 0.007726 0.004515
0 0.704400 0.405894 0.007726 0.004515
0 0.766879 0.567015 0.007726 0.004515
0 0.818945 0.573432 0.007726 0.004515
0 0.728586 0.724097 0.007726 0.004515
0 0.765536 0.913260 0.007726 0.004515
0 0.819281 0.919439 0.007726 0.004515
0 0.532079 0.225760 0.007726 0.004515
0 0.579442 0.225760 0.007726 0.004515
0 0.617400 0.227899 0.007726 0.004515
0 0.617400 0.223622 0.007726 0.004515
0 0.660396 0.227899 0.007726 0.004515
0 0.667786 0.225760 0.007726 0.004515
0 0.272758 0.382605 0.007726 0.004515
0 0.344978 0.384743 0.007726 0.004515
0 0.544172 0.384743 0.007726 0.004515
0 0.603292 0.391160 0.007726 0.004515
0 0.648304 0.399477 0.007726 0.004515
0 0.744374 0.414211 0.007726 0.004515
0 0.809204 0.420627 0.007726 0.004515
0 0.406449 0.550143 0.007726 0.004515
0 0.468593 0.552281 0.007726 0.004515
0 0.665099 0.552281 0.007726 0.004515
0 0.719180 0.558698 0.007726 0.004515
0 0.767215 0.567015 0.007726 0.004515
0 0.856567 0.581749 0.007726 0.004515
0 0.915687 0.588165 0.007726 0.004515
0 0.660060 0.728137 0.007726 0.004515
0 0.708767 0.728137 0.007726 0.004515
0 0.748069 0.730276 0.007726 0.004515
0 0.748069 0.725998 0.007726 0.004515
0 0.792073 0.730276 0.007726 0.004515
0 0.799127 0.728137 0.007726 0.004515
0 0.401075 0.894249 0.007726 0.004515
0 0.435002 0.896388 0.007726 0.004515
0 0.469936 0.898527 0.007726 0.004515
0 0.660060 0.898527 0.007726 0.004515
0 0.716157 0.904705 0.007726 0.004515
0 0.765536 0.913260 0.007726 0.004515
0 0.857911 0.927994 0.007726 0.004515
0 0.919718 0.934173 0.007726 0.004515
0 0.223043 0.253089 0.007726 0.004515
0 0.291905 0.236217 0.007726 0.004515
0 0.331206 0.236217 0.007726 0.004515
0 0.366476 0.238356 0.007726 0.004515
0 0.401747 0.238356 0.007726 0.004515
0 0.447094 0.248812 0.007726 0.004515
0 0.447094 0.240494 0.007726 0.004515
0 0.532079 0.221483 0.007726 0.004515
0 0.550554 0.219344 0.007726 0.004515
0 0.579442 0.221483 0.007726 0.004515
0 0.598253 0.215067 0.007726 0.004515
0 0.636547 0.217205 0.007726 0.004515
0 0.686597 0.217205 0.007726 0.004515
0 0.728586 0.223622 0.007726 0.004515
0 0.728586 0.219344 0.007726 0.004515
0 0.713806 0.238356 0.005375 0.003089
0 0.720524 0.229800 0.005375 0.003089
0 0.829358 0.223622 0.007726 0.004515
0 0.829358 0.219344 0.007726 0.004515
0 0.138058 0.384743 0.007726 0.004515
0 0.272758 0.382605 0.007726 0.004515
0 0.402419 0.386882 0.007726 0.004515
0 0.402419 0.382605 0.007726 0.004515
0 0.544172 0.384743 0.007726 0.004515
0 0.645280 0.391160 0.007726 0.004515
0 0.645280 0.384743 0.007726 0.004515
0 0.744374 0.405894 0.007726 0.004515
0 0.744374 0.399477 0.007726 0.004515
0 0.866308 0.420627 0.007726 0.004515
0 0.866308 0.405894 0.007726 0.004515
0 0.138058 0.552281 0.007726 0.004515
0 0.273430 0.552281 0.007726 0.004515
0 0.355055 0.552281 0.007726 0.004515
0 0.406449 0.550143 0.007726 0.004515
0 0.529392 0.554420 0.007726 0.004515
0 0.529392 0.550143 0.007726 0.004515
0 0.664427 0.552281 0.007726 0.004515
0 0.764192 0.558698 0.007726 0.004515
0 0.764192 0.552281 0.007726 0.004515
0 0.856567 0.573432 0.007726 0.004515
0 0.856567 0.567015 0.007726 0.004515
0 0.131004 0.755466 0.007726 0.004515
0 0.131004 0.740732 0.007726 0.004515
0 0.410816 0.738831 0.007726 0.004515
0 0.453813 0.738831 0.007726 0.004515
0 0.490091 0.740732 0.007726 0.004515
0 0.526369 0.740732 0.007726 0.004515
0 0.573060 0.751426 0.007726 0.004515
0 0.573060 0.742871 0.007726 0.004515
0 0.660060 0.724097 0.007726 0.004515
0 0.679207 0.721958 0.007726 0.004515
0 0.708767 0.724097 0.007726 0.004515
0 0.728586 0.717681 0.007726 0.004515
0 0.767887 0.719819 0.007726 0.004515
0 0.818609 0.719819 0.007726 0.004515
0 0.861270 0.725998 0.007726 0.004515
0 0.861270 0.721958 0.007726 0.004515
0 0.846826 0.740732 0.005375 0.003089
0 0.853208 0.732414 0.005375 0.003089
0 0.128653 0.904705 0.007726 0.004515
0 0.128653 0.900665 0.007726 0.004515
0 0.263016 0.898527 0.007726 0.004515
0 0.435002 0.896388 0.007726 0.004515
0 0.521666 0.900665 0.007726 0.004515
0 0.521666 0.896388 0.007726 0.004515
0 0.659389 0.898527 0.007726 0.004515
0 0.762513 0.904705 0.007726 0.004515
0 0.762513 0.898527 0.007726 0.004515
0 0.857911 0.919439 0.007726 0.004515
0 0.857911 0.913260 0.007726 0.004515
0 0.331206 0.183698 0.007726 0.004515
0 0.349009 0.183698 0.007726 0.004515
0 0.366476 0.185599 0.007726 0.004515
0 0.401747 0.187738 0.007726 0.004515
0 0.453813 0.686074 0.007726 0.004515
0 0.471952 0.686074 0.007726 0.004515
0 0.490091 0.688213 0.007726 0.004515
0 0.526369 0.690352 0.007726 0.004515
0 0.238831 0.168964 0.007726 0.004515
0 0.254619 0.173004 0.007726 0.004515
0 0.270071 0.177281 0.007726 0.004515
0 0.291905 0.183698 0.007726 0.004515
0 0.307692 0.181559 0.007726 0.004515
0 0.331206 0.183698 0.007726 0.004515
0 0.349009 0.177281 0.007726 0.004515
0 0.383944 0.179420 0.007726 0.004515
0 0.419214 0.179420 0.007726 0.004515
0 0.447094 0.185599 0.007726 0.004515
0 0.447094 0.181559 0.007726 0.004515
0 0.470608 0.183698 0.007726 0.004515
0 0.489083 0.187738 0.007726 0.004515
0 0.507558 0.192015 0.007726 0.004515
0 0.743366 0.185599 0.007726 0.004515
0 0.758482 0.185599 0.007726 0.004515
0 0.773598 0.185599 0.007726 0.004515
0 0.788713 0.185599 0.007726 0.004515
0 0.803829 0.185599 0.007726 0.004515
0 0.829358 0.185599 0.007726 0.004515
0 0.843131 0.185599 0.007726 0.004515
0 0.850185 0.183698 0.007726 0.004515
0 0.864293 0.185599 0.007726 0.004515
0 0.871347 0.183698 0.007726 0.004515
0 0.885119 0.185599 0.007726 0.004515
0 0.892173 0.183698 0.007726 0.004515
0 0.905946 0.185599 0.007726 0.004515
0 0.913000 0.183698 0.007726 0.004515
0 0.927108 0.185599 0.007726 0.004515
0 0.934162 0.183698 0.007726 0.004515
0 0.131004 0.353137 0.007726 0.004515
0 0.138058 0.350998 0.007726 0.004515
0 0.151831 0.353137 0.007726 0.004515
0 0.158885 0.350998 0.007726 0.004515
0 0.172321 0.353137 0.007726 0.004515
0 0.179375 0.350998 0.007726 0.004515
0 0.193147 0.353137 0.007726 0.004515
0 0.200202 0.350998 0.007726 0.004515
0 0.213974 0.353137 0.007726 0.004515
0 0.221028 0.350998 0.007726 0.004515
0 0.234464 0.353137 0.007726 0.004515
0 0.241518 0.350998 0.007726 0.004515
0 0.272758 0.355276 0.007726 0.004515
0 0.272758 0.350998 0.007726 0.004515
0 0.290561 0.355276 0.007726 0.004515
0 0.290561 0.350998 0.007726 0.004515
0 0.308700 0.355276 0.007726 0.004515
0 0.308700 0.350998 0.007726 0.004515
0 0.326839 0.355276 0.007726 0.004515
0 0.326839 0.350998 0.007726 0.004515
0 0.344978 0.355276 0.007726 0.004515
0 0.344978 0.350998 0.007726 0.004515
0 0.362781 0.355276 0.007726 0.004515
0 0.362781 0.350998 0.007726 0.004515
0 0.402419 0.355276 0.007726 0.004515
0 0.409473 0.353137 0.007726 0.004515
0 0.424253 0.355276 0.007726 0.004515
0 0.431307 0.353137 0.007726 0.004515
0 0.446087 0.355276 0.007726 0.004515
0 0.453141 0.353137 0.007726 0.004515
0 0.468257 0.355276 0.007726 0.004515
0 0.475311 0.353137 0.007726 0.004515
0 0.490091 0.355276 0.007726 0.004515
0 0.497145 0.353137 0.007726 0.004515
0 0.511925 0.355276 0.007726 0.004515
0 0.518979 0.353137 0.007726 0.004515
0 0.544172 0.357414 0.007726 0.004515
0 0.544172 0.353137 0.007726 0.004515
0 0.558952 0.357414 0.007726 0.004515
0 0.558952 0.353137 0.007726 0.004515
0 0.573732 0.357414 0.007726 0.004515
0 0.573732 0.353137 0.007726 0.004515
0 0.588512 0.357414 0.007726 0.004515
0 0.588512 0.353137 0.007726 0.004515
0 0.603292 0.357414 0.007726 0.004515
0 0.603292 0.353137 0.007726 0.004515
0 0.618072 0.357414 0.007726 0.004515
0 0.618072 0.353137 0.007726 0.004515
0 0.645280 0.357414 0.007726 0.004515
0 0.645280 0.353137 0.007726 0.004515
0 0.660060 0.361692 0.007726 0.004515
0 0.660060 0.357414 0.007726 0.004515
0 0.660060 0.353137 0.007726 0.004515
0 0.674840 0.361692 0.007726 0.004515
0 0.674840 0.357414 0.007726 0.004515
0 0.674840 0.353137 0.007726 0.004515
0 0.689620 0.361692 0.007726 0.004515
0 0.689620 0.357414 0.007726 0.004515
0 0.689620 0.353137 0.007726 0.004515
0 0.704400 0.361692 0.007726 0.004515
0 0.704400 0.357414 0.007726 0.004515
0 0.704400 0.353137 0.007726 0.004515
0 0.719180 0.361692 0.007726 0.004515
0 0.719180 0.357414 0.007726 0.004515
0 0.719180 0.353137 0.007726 0.004515
0 0.744374 0.361692 0.007726 0.004515
0 0.744374 0.357414 0.007726 0.004515
0 0.744374 0.353137 0.007726 0.004515
0 0.760497 0.361692 0.007726 0.004515
0 0.760497 0.357414 0.007726 0.004515
0 0.760497 0.353137 0.007726 0.004515
0 0.776621 0.361692 0.007726 0.004515
0 0.776621 0.357414 0.007726 0.004515
0 0.776621 0.353137 0.007726 0.004515
0 0.792744 0.361692 0.007726 0.004515
0 0.792744 0.357414 0.007726 0.004515
0 0.792744 0.353137 0.007726 0.004515
0 0.809204 0.361692 0.007726 0.004515
0 0.809204 0.357414 0.007726 0.004515
0 0.809204 0.353137 0.007726 0.004515
0 0.825328 0.361692 0.007726 0.004515
0 0.825328 0.357414 0.007726 0.004515
0 0.825328 0.353137 0.007726 0.004515
0 0.866308 0.363831 0.007726 0.004515
0 0.866308 0.359553 0.007726 0.004515
0 0.866308 0.353137 0.007726 0.004515
0 0.881088 0.353137 0.007726 0.004515
0 0.895868 0.353137 0.007726 0.004515
0 0.910648 0.353137 0.007726 0.004515
0 0.925428 0.353137 0.007726 0.004515
0 0.940208 0.353137 0.007726 0.004515
0 0.138058 0.520675 0.007726 0.004515
0 0.150823 0.520675 0.007726 0.004515
0 0.157877 0.518536 0.007726 0.004515
0 0.170306 0.520675 0.007726 0.004515
0 0.177360 0.518536 0.007726 0.004515
0 0.189788 0.520675 0.007726 0.004515
0 0.196842 0.518536 0.007726 0.004515
0 0.209607 0.520675 0.007726 0.004515
0 0.216661 0.518536 0.007726 0.004515
0 0.229090 0.520675 0.007726 0.004515
0 0.236144 0.518536 0.007726 0.004515
0 0.266376 0.520675 0.007726 0.004515
0 0.273430 0.518536 0.007726 0.004515
0 0.286866 0.520675 0.007726 0.004515
0 0.293920 0.518536 0.007726 0.004515
0 0.307356 0.520675 0.007726 0.004515
0 0.314410 0.518536 0.007726 0.004515
0 0.327847 0.520675 0.007726 0.004515
0 0.334901 0.518536 0.007726 0.004515
0 0.348001 0.520675 0.007726 0.004515
0 0.355055 0.518536 0.007726 0.004515
0 0.368492 0.520675 0.007726 0.004515
0 0.375546 0.518536 0.007726 0.004515
0 0.406449 0.522814 0.007726 0.004515
0 0.406449 0.518536 0.007726 0.004515
0 0.421229 0.522814 0.007726 0.004515
0 0.421229 0.518536 0.007726 0.004515
0 0.436009 0.522814 0.007726 0.004515
0 0.436009 0.518536 0.007726 0.004515
0 0.450789 0.522814 0.007726 0.004515
0 0.450789 0.518536 0.007726 0.004515
0 0.468593 0.522814 0.007726 0.004515
0 0.468593 0.518536 0.007726 0.004515
0 0.483373 0.522814 0.007726 0.004515
0 0.483373 0.518536 0.007726 0.004515
0 0.529392 0.522814 0.007726 0.004515
0 0.536446 0.520675 0.007726 0.004515
0 0.550218 0.522814 0.007726 0.004515
0 0.557272 0.520675 0.007726 0.004515
0 0.571045 0.522814 0.007726 0.004515
0 0.578099 0.520675 0.007726 0.004515
0 0.591871 0.522814 0.007726 0.004515
0 0.598925 0.520675 0.007726 0.004515
0 0.612697 0.522814 0.007726 0.004515
0 0.619751 0.520675 0.007726 0.004515
0 0.633188 0.522814 0.007726 0.004515
0 0.640242 0.520675 0.007726 0.004515
0 0.664427 0.524952 0.007726 0.004515
0 0.664427 0.520675 0.007726 0.004515
0 0.678200 0.524952 0.007726 0.004515
0 0.678200 0.520675 0.007726 0.004515
0 0.691972 0.524952 0.007726 0.004515
0 0.691972 0.520675 0.007726 0.004515
0 0.705744 0.524952 0.007726 0.004515
0 0.705744 0.520675 0.007726 0.004515
0 0.719180 0.524952 0.007726 0.004515
0 0.719180 0.520675 0.007726 0.004515
0 0.732953 0.524952 0.007726 0.004515
0 0.732953 0.520675 0.007726 0.004515
0 0.764192 0.524952 0.007726 0.004515
0 0.764192 0.520675 0.007726 0.004515
0 0.777628 0.529230 0.007726 0.004515
0 0.777628 0.524952 0.007726 0.004515
0 0.777628 0.520675 0.007726 0.004515
0 0.791401 0.529230 0.007726 0.004515
0 0.791401 0.524952 0.007726 0.004515
0 0.791401 0.520675 0.007726 0.004515
0 0.805173 0.529230 0.007726 0.004515
0 0.805173 0.524952 0.007726 0.004515
0 0.805173 0.520675 0.007726 0.004515
0 0.818945 0.529230 0.007726 0.004515
0 0.818945 0.524952 0.007726 0.004515
0 0.818945 0.520675 0.007726 0.004515
0 0.832382 0.529230 0.007726 0.004515
0 0.832382 0.524952 0.007726 0.004515
0 0.832382 0.520675 0.007726 0.004515
0 0.856567 0.529230 0.007726 0.004515
0 0.856567 0.524952 0.007726 0.004515
0 0.856567 0.520675 0.007726 0.004515
0 0.871347 0.529230 0.007726 0.004515
0 0.871347 0.524952 0.007726 0.004515
0 0.871347 0.520675 0.007726 0.004515
0 0.886127 0.529230 0.007726 0.004515
0 0.886127 0.524952 0.007726 0.004515
0 0.886127 0.520675 0.007726 0.004515
0 0.900907 0.529230 0.007726 0.004515
0 0.900907 0.524952 0.007726 0.004515
0 0.900907 0.520675 0.007726 0.004515
0 0.915687 0.529230 0.007726 0.004515
0 0.915687 0.524952 0.007726 0.004515
0 0.915687 0.520675 0.007726 0.004515
0 0.930803 0.529230 0.007726 0.004515
0 0.930803 0.524952 0.007726 0.004515
0 0.930803 0.520675 0.007726 0.004515
0 0.131004 0.698669 0.007726 0.004515
0 0.131004 0.694629 0.007726 0.004515
0 0.131004 0.688213 0.007726 0.004515
0 0.146792 0.688213 0.007726 0.004515
0 0.162244 0.688213 0.007726 0.004515
0 0.178032 0.688213 0.007726 0.004515
0 0.193483 0.688213 0.007726 0.004515
0 0.209271 0.688213 0.007726 0.004515
0 0.232785 0.688213 0.007726 0.004515
0 0.248572 0.688213 0.007726 0.004515
0 0.264360 0.688213 0.007726 0.004515
0 0.279812 0.688213 0.007726 0.004515
0 0.295600 0.688213 0.007726 0.004515
0 0.311051 0.688213 0.007726 0.004515
0 0.334901 0.688213 0.007726 0.004515
0 0.352368 0.671340 0.007726 0.004515
0 0.369835 0.675618 0.007726 0.004515
0 0.387303 0.679895 0.007726 0.004515
0 0.410816 0.686074 0.007726 0.004515
0 0.428284 0.683935 0.007726 0.004515
0 0.453813 0.686074 0.007726 0.004515
0 0.471952 0.679895 0.007726 0.004515
0 0.508230 0.681797 0.007726 0.004515
0 0.544508 0.681797 0.007726 0.004515
0 0.573060 0.688213 0.007726 0.004515
0 0.573060 0.683935 0.007726 0.004515
0 0.596574 0.686074 0.007726 0.004515
0 0.615721 0.690352 0.007726 0.004515
0 0.634867 0.694629 0.007726 0.004515
0 0.876722 0.688213 0.007726 0.004515
0 0.892509 0.688213 0.007726 0.004515
0 0.907961 0.688213 0.007726 0.004515
0 0.923749 0.688213 0.007726 0.004515
0 0.939536 0.688213 0.007726 0.004515
0 0.128653 0.866920 0.007726 0.004515
0 0.141753 0.866920 0.007726 0.004515
0 0.148808 0.864781 0.007726 0.004515
0 0.161908 0.866920 0.007726 0.004515
0 0.168962 0.864781 0.007726 0.004515
0 0.182062 0.866920 0.007726 0.004515
0 0.189117 0.864781 0.007726 0.004515
0 0.201881 0.866920 0.007726 0.004515
0 0.208935 0.864781 0.007726 0.004515
0 0.222036 0.866920 0.007726 0.004515
0 0.229090 0.864781 0.007726 0.004515
0 0.263016 0.866920 0.007726 0.004515
0 0.270071 0.864781 0.007726 0.004515
0 0.284515 0.871198 0.007726 0.004515
0 0.284515 0.866920 0.007726 0.004515
0 0.291569 0.864781 0.007726 0.004515
0 0.305677 0.871198 0.007726 0.004515
0 0.305677 0.866920 0.007726 0.004515
0 0.312731 0.864781 0.007726 0.004515
0 0.326839 0.871198 0.007726 0.004515
0 0.326839 0.866920 0.007726 0.004515
0 0.333893 0.864781 0.007726 0.004515
0 0.348001 0.871198 0.007726 0.004515
0 0.348001 0.866920 0.007726 0.004515
0 0.355055 0.864781 0.007726 0.004515
0 0.369499 0.871198 0.007726 0.004515
0 0.369499 0.866920 0.007726 0.004515
0 0.376554 0.864781 0.007726 0.004515
0 0.401075 0.869059 0.007726 0.004515
0 0.401075 0.864781 0.007726 0.004515
0 0.417870 0.869059 0.007726 0.004515
0 0.417870 0.864781 0.007726 0.004515
0 0.435002 0.869059 0.007726 0.004515
0 0.435002 0.864781 0.007726 0.004515
0 0.452133 0.869059 0.007726 0.004515
0 0.452133 0.864781 0.007726 0.004515
0 0.469936 0.869059 0.007726 0.004515
0 0.469936 0.864781 0.007726 0.004515
0 0.486732 0.869059 0.007726 0.004515
0 0.486732 0.864781 0.007726 0.004515
0 0.521666 0.869059 0.007726 0.004515
0 0.528720 0.866920 0.007726 0.004515
0 0.542828 0.869059 0.007726 0.004515
0 0.549882 0.866920 0.007726 0.004515
0 0.563991 0.869059 0.007726 0.004515
0 0.571045 0.866920 0.007726 0.004515
0 0.585153 0.869059 0.007726 0.004515
0 0.592543 0.866920 0.007726 0.004515
0 0.606651 0.869059 0.007726 0.004515
0 0.613705 0.866920 0.007726 0.004515
0 0.627813 0.869059 0.007726 0.004515
0 0.634867 0.866920 0.007726 0.004515
0 0.659389 0.871198 0.007726 0.004515
0 0.659389 0.866920 0.007726 0.004515
0 0.673497 0.871198 0.007726 0.004515
0 0.673497 0.866920 0.007726 0.004515
0 0.687605 0.871198 0.007726 0.004515
0 0.687605 0.866920 0.007726 0.004515
0 0.702049 0.871198 0.007726 0.004515
0 0.702049 0.866920 0.007726 0.004515
0 0.716157 0.871198 0.007726 0.004515
0 0.716157 0.866920 0.007726 0.004515
0 0.730265 0.871198 0.007726 0.004515
0 0.730265 0.866920 0.007726 0.004515
0 0.762513 0.871198 0.007726 0.004515
0 0.762513 0.866920 0.007726 0.004515
0 0.776957 0.875238 0.007726 0.004515
0 0.776957 0.871198 0.007726 0.004515
0 0.776957 0.866920 0.007726 0.004515
0 0.791065 0.875238 0.007726 0.004515
0 0.791065 0.871198 0.007726 0.004515
0 0.791065 0.866920 0.007726 0.004515
0 0.805173 0.875238 0.007726 0.004515
0 0.805173 0.871198 0.007726 0.004515
0 0.805173 0.866920 0.007726 0.004515
0 0.819281 0.875238 0.007726 0.004515
0 0.819281 0.871198 0.007726 0.004515
0 0.819281 0.866920 0.007726 0.004515
0 0.833389 0.875238 0.007726 0.004515
0 0.833389 0.871198 0.007726 0.004515
0 0.833389 0.866920 0.007726 0.004515
0 0.857911 0.875238 0.007726 0.004515
0 0.857911 0.871198 0.007726 0.004515
0 0.857911 0.866920 0.007726 0.004515
0 0.873362 0.875238 0.007726 0.004515
0 0.873362 0.871198 0.007726 0.004515
0 0.873362 0.866920 0.007726 0.004515
0 0.888814 0.875238 0.007726 0.004515
0 0.888814 0.871198 0.007726 0.004515
0 0.888814 0.866920 0.007726 0.004515
0 0.904266 0.875238 0.007726 0.004515
0 0.904266 0.871198 0.007726 0.004515
0 0.904266 0.866920 0.007726 0.004515
0 0.919718 0.875238 0.007726 0.004515
0 0.919718 0.871198 0.007726 0.004515
0 0.919718 0.866920 0.007726 0.004515
0 0.935170 0.875238 0.007726 0.004515
0 0.935170 0.871198 0.007726 0.004515
0 0.935170 0.866920 0.007726 0.004515
0 0.913000 0.116683 0.007726 0.004515
0 0.138058 0.292063 0.007726 0.004515
0 0.221028 0.292063 0.007726 0.004515
0 0.272758 0.292063 0.007726 0.004515
0 0.308700 0.292063 0.007726 0.004515
0 0.326839 0.290162 0.007726 0.004515
0 0.344978 0.288023 0.007726 0.004515
0 0.362781 0.285884 0.007726 0.004515
0 0.402419 0.285884 0.007726 0.004515
0 0.490091 0.294202 0.007726 0.004515
0 0.603292 0.294202 0.007726 0.004515
0 0.645280 0.288023 0.007726 0.004515
0 0.704400 0.294202 0.007726 0.004515
0 0.744374 0.298479 0.007726 0.004515
0 0.809204 0.300618 0.007726 0.004515
0 0.825328 0.302757 0.007726 0.004515
0 0.866308 0.294202 0.007726 0.004515
0 0.273430 0.459601 0.007726 0.004515
0 0.314410 0.459601 0.007726 0.004515
0 0.375546 0.459601 0.007726 0.004515
0 0.406449 0.459601 0.007726 0.004515
0 0.436009 0.459601 0.007726 0.004515
0 0.450789 0.457462 0.007726 0.004515
0 0.468593 0.455561 0.007726 0.004515
0 0.483373 0.453422 0.007726 0.004515
0 0.529392 0.453422 0.007726 0.004515
0 0.612697 0.461740 0.007726 0.004515
0 0.719180 0.461740 0.007726 0.004515
0 0.764192 0.455561 0.007726 0.004515
0 0.818945 0.461740 0.007726 0.004515
0 0.856567 0.466017 0.007726 0.004515
0 0.915687 0.468156 0.007726 0.004515
0 0.930803 0.470295 0.007726 0.004515
0 0.131004 0.629278 0.007726 0.004515
0 0.232785 0.629278 0.007726 0.004515
0 0.208935 0.794677 0.007726 0.004515
0 0.263016 0.794677 0.007726 0.004515
0 0.348001 0.794677 0.007726 0.004515
0 0.401075 0.794677 0.007726 0.004515
0 0.435002 0.794677 0.007726 0.004515
0 0.452133 0.792538 0.007726 0.004515
0 0.469936 0.790399 0.007726 0.004515
0 0.486732 0.788260 0.007726 0.004515
0 0.521666 0.788260 0.007726 0.004515
0 0.606651 0.796816 0.007726 0.004515
0 0.716157 0.796816 0.007726 0.004515
0 0.762513 0.790399 0.007726 0.004515
0 0.819281 0.796816 0.007726 0.004515
0 0.857911 0.801093 0.007726 0.004515
0 0.919718 0.802994 0.007726 0.004515
0 0.935170 0.805133 0.007726 0.004515
