0 0.455156 0.796103 0.009741 0.005703
0 0.515620 0.815114 0.009741 0.005703
0 0.515620 0.804183 0.009741 0.005703
0 0.576083 0.804183 0.009741 0.005703
0 0.636211 0.823194 0.009741 0.005703
0 0.636211 0.812262 0.009741 0.005703
0 0.146792 0.286835 0.009741 0.005703
0 0.146792 0.267823 0.009741 0.005703
0 0.209943 0.238356 0.009741 0.005703
0 0.273094 0.238356 0.009741 0.005703
0 0.336245 0.240970 0.009741 0.005703
0 0.367820 0.243584 0.009741 0.005703
0 0.417534 0.246435 0.009741 0.005703
0 0.480685 0.249049 0.009741 0.005703
0 0.511925 0.246435 0.009741 0.005703
0 0.543500 0.243584 0.009741 0.005703
0 0.606651 0.240970 0.009741 0.005703
0 0.684918 0.238356 0.009741 0.005703
0 0.752771 0.235504 0.009741 0.005703
0 0.888142 0.240970 0.009741 0.005703
0 0.143769 0.499762 0.009741 0.005703
0 0.252603 0.518774 0.009741 0.005703
0 0.395364 0.548241 0.009741 0.005703
0 0.395364 0.529468 0.009741 0.005703
0 0.464226 0.499762 0.009741 0.005703
0 0.533087 0.499762 0.009741 0.005703
0 0.601948 0.502614 0.009741 0.005703
0 0.636547 0.505228 0.009741 0.005703
0 0.687941 0.507842 0.009741 0.005703
0 0.752099 0.510694 0.009741 0.005703
0 0.784011 0.507842 0.009741 0.005703
0 0.815922 0.505228 0.009741 0.005703
0 0.880081 0.502614 0.009741 0.005703
0 0.143769 0.793489 0.009741 0.005703
0 0.218341 0.790875 0.009741 0.005703
0 0.367484 0.793489 0.009741 0.005703
0 0.455156 0.796103 0.009741 0.005703
0 0.576083 0.804183 0.009741 0.005703
0 0.713134 0.812262 0.009741 0.005703
0 0.834397 0.831274 0.009741 0.005703
0 0.146792 0.203897 0.009741 0.005703
0 0.178367 0.198432 0.009741 0.005703
0 0.209943 0.179658 0.009741 0.005703
0 0.241518 0.198432 0.009741 0.005703
0 0.241518 0.190352 0.009741 0.005703
0 0.273094 0.179658 0.009741 0.005703
0 0.304669 0.198432 0.009741 0.005703
0 0.304669 0.190352 0.009741 0.005703
0 0.336245 0.182272 0.009741 0.005703
0 0.367820 0.185124 0.009741 0.005703
0 0.417534 0.187738 0.009741 0.005703
0 0.449110 0.198432 0.009741 0.005703
0 0.480685 0.190352 0.009741 0.005703
0 0.511925 0.187738 0.009741 0.005703
0 0.543500 0.185124 0.009741 0.005703
0 0.575076 0.190352 0.009741 0.005703
0 0.606651 0.182272 0.009741 0.005703
0 0.628821 0.190352 0.009741 0.005703
0 0.637890 0.187738 0.009741 0.005703
0 0.684918 0.179658 0.009741 0.005703
0 0.718844 0.190352 0.009741 0.005703
0 0.718844 0.185124 0.009741 0.005703
0 0.752771 0.177044 0.009741 0.005703
0 0.777628 0.190352 0.009741 0.005703
0 0.786698 0.187738 0.009741 0.005703
0 0.845146 0.190352 0.009741 0.005703
0 0.854216 0.187738 0.009741 0.005703
0 0.888142 0.182272 0.009741 0.005703
0 0.913000 0.190352 0.009741 0.005703
0 0.922069 0.187738 0.009741 0.005703
0 0.143769 0.447006 0.009741 0.005703
0 0.174001 0.457700 0.009741 0.005703
0 0.174001 0.452234 0.009741 0.005703
0 0.222372 0.457700 0.009741 0.005703
0 0.222372 0.452234 0.009741 0.005703
0 0.252603 0.447006 0.009741 0.005703
0 0.282835 0.457700 0.009741 0.005703
0 0.282835 0.452234 0.009741 0.005703
0 0.343299 0.457700 0.009741 0.005703
0 0.343299 0.452234 0.009741 0.005703
0 0.395364 0.457700 0.009741 0.005703
0 0.429963 0.471245 0.009741 0.005703
0 0.429963 0.460314 0.009741 0.005703
0 0.464226 0.447006 0.009741 0.005703
0 0.489755 0.460314 0.009741 0.005703
0 0.498824 0.457700 0.009741 0.005703
0 0.533087 0.447006 0.009741 0.005703
0 0.558616 0.460314 0.009741 0.005703
0 0.567686 0.457700 0.009741 0.005703
0 0.601948 0.449620 0.009741 0.005703
0 0.636547 0.452234 0.009741 0.005703
0 0.687941 0.455086 0.009741 0.005703
0 0.719852 0.460314 0.009741 0.005703
0 0.752099 0.457700 0.009741 0.005703
0 0.784011 0.455086 0.009741 0.005703
0 0.815922 0.452234 0.009741 0.005703
0 0.839100 0.460314 0.009741 0.005703
0 0.848169 0.457700 0.009741 0.005703
0 0.880081 0.449620 0.009741 0.005703
0 0.912328 0.460314 0.009741 0.005703
0 0.912328 0.455086 0.009741 0.005703
0 0.143769 0.740257 0.009741 0.005703
0 0.171985 0.753565 0.009741 0.005703
0 0.181055 0.750951 0.009741 0.005703
0 0.181055 0.745485 0.009741 0.005703
0 0.218341 0.737405 0.009741 0.005703
0 0.246557 0.753565 0.009741 0.005703
0 0.255626 0.750951 0.009741 0.005703
0 0.255626 0.745485 0.009741 0.005703
0 0.321129 0.753565 0.009741 0.005703
0 0.330198 0.750951 0.009741 0.005703
0 0.330198 0.745485 0.009741 0.005703
0 0.367484 0.740257 0.009741 0.005703
0 0.395700 0.753565 0.009741 0.005703
0 0.404770 0.750951 0.009741 0.005703
0 0.404770 0.745485 0.009741 0.005703
0 0.455156 0.742871 0.009741 0.005703
0 0.485388 0.756416 0.009741 0.005703
0 0.485388 0.750951 0.009741 0.005703
0 0.545852 0.756416 0.009741 0.005703
0 0.545852 0.750951 0.009741 0.005703
0 0.576083 0.745485 0.009741 0.005703
0 0.605979 0.759030 0.009741 0.005703
0 0.605979 0.750951 0.009741 0.005703
0 0.666443 0.759030 0.009741 0.005703
0 0.666443 0.750951 0.009741 0.005703
0 0.713134 0.748337 0.009741 0.005703
0 0.746725 0.767110 0.009741 0.005703
0 0.746725 0.759030 0.009741 0.005703
0 0.746725 0.750951 0.009741 0.005703
0 0.800806 0.767110 0.009741 0.005703
0 0.800806 0.759030 0.009741 0.005703
0 0.800806 0.750951 0.009741 0.005703
0 0.834397 0.753565 0.009741 0.005703
0 0.859254 0.761644 0.009741 0.005703
0 0.868324 0.759030 0.009741 0.005703
0 0.913000 0.761644 0.009741 0.005703
0 0.922069 0.759030 0.009741 0.005703
0 0.146792 0.190352 0.009741 0.005703
0 0.209943 0.179658 0.009741 0.005703
0 0.273094 0.179658 0.009741 0.005703
0 0.336245 0.182272 0.009741 0.005703
0 0.367820 0.185124 0.009741 0.005703
0 0.417534 0.187738 0.009741 0.005703
0 0.480685 0.190352 0.009741 0.005703
0 0.511925 0.187738 0.009741 0.005703
0 0.543500 0.185124 0.009741 0.005703
0 0.606651 0.182272 0.009741 0.005703
0 0.684918 0.179658 0.009741 0.005703
0 0.752771 0.177044 0.009741 0.005703
0 0.888142 0.182272 0.009741 0.005703
0 0.143769 0.447006 0.009741 0.005703
0 0.252603 0.447006 0.009741 0.005703
0 0.395364 0.457700 0.009741 0.005703
0 0.464226 0.447006 0.009741 0.005703
0 0.533087 0.447006 0.009741 0.005703
0 0.601948 0.449620 0.009741 0.005703
0 0.636547 0.452234 0.009741 0.005703
0 0.687941 0.455086 0.009741 0.005703
0 0.752099 0.457700 0.009741 0.005703
0 0.784011 0.455086 0.009741 0.005703
0 0.815922 0.452234 0.009741 0.005703
0 0.880081 0.449620 0.009741 0.005703
0 0.143769 0.740257 0.009741 0.005703
0 0.218341 0.737405 0.009741 0.005703
0 0.367484 0.740257 0.009741 0.005703
0 0.455156 0.742871 0.009741 0.005703
0 0.576083 0.745485 0.009741 0.005703
0 0.713134 0.748337 0.009741 0.005703
0 0.834397 0.753565 0.009741 0.005703
0 0.146792 0.084601 0.009741 0.005703
0 0.209943 0.073907 0.009741 0.005703
0 0.273094 0.073907 0.009741 0.005703
0 0.336245 0.076521 0.009741 0.005703
0 0.367820 0.079373 0.009741 0.005703
0 0.417534 0.081987 0.009741 0.005703
0 0.480685 0.084601 0.009741 0.005703
0 0.511925 0.081987 0.009741 0.005703
0 0.543500 0.079373 0.009741 0.005703
0 0.606651 0.076521 0.009741 0.005703
0 0.684918 0.073907 0.009741 0.005703
0 0.752771 0.071055 0.009741 0.005703
0 0.888142 0.076521 0.009741 0.005703
0 0.143769 0.354087 0.009741 0.005703
0 0.252603 0.354087 0.009741 0.005703
0 0.395364 0.365019 0.009741 0.005703
0 0.464226 0.354087 0.009741 0.005703
0 0.533087 0.354087 0.009741 0.005703
0 0.601948 0.356939 0.009741 0.005703
0 0.636547 0.359553 0.009741 0.005703
0 0.687941 0.362167 0.009741 0.005703
0 0.752099 0.365019 0.009741 0.005703
0 0.784011 0.362167 0.009741 0.005703
0 0.815922 0.359553 0.009741 0.005703
0 0.880081 0.356939 0.009741 0.005703
0 0.143769 0.615732 0.009741 0.005703
0 0.218341 0.613118 0.009741 0.005703
0 0.367484 0.615732 0.009741 0.005703
0 0.455156 0.618346 0.009741 0.005703
0 0.576083 0.621198 0.009741 0.005703
0 0.713134 0.623812 0.010413 0.005703
