0 0.141753 0.290399 0.009741 0.005703
0 0.280484 0.290399 0.009741 0.005703
0 0.416527 0.293013 0.009741 0.005703
0 0.555257 0.293013 0.009741 0.005703
0 0.703057 0.293013 0.009741 0.005703
0 0.827343 0.293013 0.009741 0.005703
0 0.141753 0.226236 0.009741 0.005703
0 0.173329 0.231464 0.009741 0.005703
0 0.196171 0.236930 0.009741 0.005703
0 0.216325 0.244772 0.009741 0.005703
0 0.236480 0.282319 0.009741 0.005703
0 0.260329 0.287785 0.009741 0.005703
0 0.280484 0.226236 0.009741 0.005703
0 0.301310 0.231464 0.009741 0.005703
0 0.321465 0.236930 0.009741 0.005703
0 0.341619 0.244772 0.009741 0.005703
0 0.361774 0.282319 0.009741 0.005703
0 0.381928 0.287785 0.009741 0.005703
0 0.416527 0.226236 0.009741 0.005703
0 0.448102 0.231464 0.009741 0.005703
0 0.470608 0.236930 0.009741 0.005703
0 0.491098 0.244772 0.009741 0.005703
0 0.511253 0.282319 0.009741 0.005703
0 0.535102 0.287785 0.009741 0.005703
0 0.555257 0.226236 0.009741 0.005703
0 0.576083 0.231464 0.009741 0.005703
0 0.596238 0.236930 0.009741 0.005703
0 0.616392 0.244772 0.009741 0.005703
0 0.636547 0.282319 0.009741 0.005703
0 0.656701 0.287785 0.009741 0.005703
0 0.703057 0.223384 0.009741 0.005703
0 0.723883 0.228850 0.009741 0.005703
0 0.745717 0.234078 0.009741 0.005703
0 0.765200 0.242158 0.009741 0.005703
0 0.784683 0.279705 0.009741 0.005703
0 0.807860 0.284933 0.009741 0.005703
0 0.827343 0.226236 0.009741 0.005703
0 0.858247 0.228850 0.009741 0.005703
0 0.877729 0.234078 0.009741 0.005703
0 0.897212 0.239544 0.009741 0.005703
0 0.916695 0.279705 0.009741 0.005703
0 0.936177 0.284933 0.009741 0.005703
0 0.141753 0.226236 0.009741 0.005703
0 0.280484 0.226236 0.009741 0.005703
0 0.416527 0.226236 0.009741 0.005703
0 0.555257 0.226236 0.009741 0.005703
0 0.703057 0.223384 0.009741 0.005703
0 0.827343 0.226236 0.009741 0.005703
0 0.491098 0.081749 0.009741 0.005703
0 0.555257 0.081749 0.009741 0.005703
0 0.616392 0.081749 0.009741 0.005703
0 0.703057 0.081749 0.009741 0.005703
0 0.827343 0.084363 0.009741 0.005703
0 0.897212 0.081749 0.009741 0.005703
