0 0.480685 0.673241 0.008062 0.004753
0 0.502855 0.673241 0.008062 0.004753
0 0.922069 0.673241 0.008062 0.004753
0 0.939201 0.677757 0.008062 0.004753
0 0.118240 0.249525 0.008062 0.004753
0 0.207927 0.242871 0.008062 0.004753
0 0.325495 0.251901 0.008062 0.004753
0 0.423245 0.254040 0.008062 0.004753
0 0.539469 0.256416 0.008062 0.004753
0 0.639570 0.240494 0.008062 0.004753
0 0.768223 0.256416 0.008062 0.004753
0 0.863621 0.240494 0.008062 0.004753
0 0.118240 0.476473 0.008062 0.004753
0 0.229762 0.460551 0.008062 0.004753
0 0.365469 0.478850 0.008062 0.004753
0 0.457843 0.462928 0.008062 0.004753
0 0.564998 0.410646 0.008062 0.004753
0 0.659053 0.462928 0.008062 0.004753
0 0.771582 0.410646 0.008062 0.004753
0 0.863285 0.462928 0.008062 0.004753
0 0.118240 0.626901 0.008062 0.004753
0 0.211958 0.682272 0.008062 0.004753
0 0.308364 0.684411 0.008062 0.004753
0 0.405442 0.677757 0.008062 0.004753
0 0.480685 0.677757 0.008062 0.004753
0 0.510581 0.679895 0.008062 0.004753
0 0.510581 0.675380 0.008062 0.004753
0 0.543500 0.682272 0.008062 0.004753
0 0.650319 0.682272 0.008062 0.004753
0 0.759154 0.684411 0.008062 0.004753
0 0.854887 0.677757 0.008062 0.004753
0 0.922069 0.677757 0.008062 0.004753
0 0.939201 0.677757 0.008062 0.004753
0 0.118240 0.912072 0.008062 0.004753
0 0.235136 0.896150 0.008062 0.004753
0 0.361102 0.912072 0.008062 0.004753
0 0.481693 0.896150 0.008062 0.004753
0 0.616728 0.905418 0.008062 0.004753
0 0.883104 0.905418 0.008062 0.004753
0 0.883104 0.900665 0.008062 0.004753
0 0.133356 0.181321 0.008062 0.004753
0 0.148136 0.188213 0.008062 0.004753
0 0.163252 0.192728 0.008062 0.004753
0 0.178032 0.233603 0.008062 0.004753
0 0.193147 0.240494 0.008062 0.004753
0 0.222707 0.185837 0.008062 0.004753
0 0.237823 0.190352 0.008062 0.004753
0 0.252603 0.192728 0.008062 0.004753
0 0.283171 0.233603 0.008062 0.004753
0 0.297951 0.242871 0.008062 0.004753
0 0.341619 0.183698 0.008062 0.004753
0 0.357407 0.190352 0.008062 0.004753
0 0.373530 0.195105 0.008062 0.004753
0 0.389318 0.235979 0.008062 0.004753
0 0.405442 0.242871 0.008062 0.004753
0 0.439368 0.183698 0.008062 0.004753
0 0.458179 0.190352 0.008062 0.004753
0 0.474303 0.195105 0.008062 0.004753
0 0.490091 0.235979 0.008062 0.004753
0 0.509237 0.242871 0.008062 0.004753
0 0.556265 0.183698 0.008062 0.004753
0 0.572724 0.188213 0.008062 0.004753
0 0.589520 0.195105 0.008062 0.004753
0 0.606315 0.235979 0.008062 0.004753
0 0.622775 0.240494 0.008062 0.004753
0 0.656365 0.179183 0.008062 0.004753
0 0.672825 0.183698 0.008062 0.004753
0 0.689620 0.188213 0.008062 0.004753
0 0.722539 0.231464 0.008062 0.004753
0 0.739335 0.235979 0.008062 0.004753
0 0.783339 0.185837 0.008062 0.004753
0 0.802486 0.190352 0.008062 0.004753
0 0.817602 0.195105 0.008062 0.004753
0 0.833053 0.233603 0.008062 0.004753
0 0.848169 0.238118 0.008062 0.004753
0 0.878737 0.181321 0.008062 0.004753
0 0.894189 0.185837 0.008062 0.004753
0 0.909305 0.190352 0.008062 0.004753
0 0.924756 0.231464 0.008062 0.004753
0 0.939872 0.233603 0.008062 0.004753
0 0.136715 0.403755 0.008062 0.004753
0 0.155190 0.408270 0.008062 0.004753
0 0.173665 0.415162 0.008062 0.004753
0 0.192812 0.456036 0.008062 0.004753
0 0.211287 0.460551 0.008062 0.004753
0 0.248572 0.387833 0.008062 0.004753
0 0.267047 0.397101 0.008062 0.004753
0 0.285522 0.399240 0.008062 0.004753
0 0.303997 0.403755 0.008062 0.004753
0 0.322472 0.413023 0.008062 0.004753
0 0.380920 0.394724 0.008062 0.004753
0 0.396372 0.401616 0.008062 0.004753
0 0.411824 0.406131 0.008062 0.004753
0 0.426940 0.410646 0.008062 0.004753
0 0.442392 0.417538 0.008062 0.004753
0 0.473295 0.376663 0.008062 0.004753
0 0.488747 0.383317 0.008062 0.004753
0 0.508902 0.387833 0.008062 0.004753
0 0.524353 0.392348 0.008062 0.004753
0 0.539805 0.399240 0.008062 0.004753
0 0.580450 0.397101 0.008062 0.004753
0 0.596238 0.401616 0.008062 0.004753
0 0.612026 0.408270 0.008062 0.004753
0 0.627477 0.413023 0.008062 0.004753
0 0.643265 0.417538 0.008062 0.004753
0 0.674505 0.378802 0.008062 0.004753
0 0.696675 0.385694 0.008062 0.004753
0 0.712462 0.390209 0.008062 0.004753
0 0.727914 0.394724 0.008062 0.004753
0 0.747061 0.401616 0.008062 0.004753
0 0.787034 0.399240 0.008062 0.004753
0 0.802150 0.406131 0.008062 0.004753
0 0.817602 0.410646 0.008062 0.004753
0 0.832718 0.415162 0.008062 0.004753
0 0.848169 0.422053 0.008062 0.004753
0 0.878737 0.381179 0.008062 0.004753
0 0.893853 0.387833 0.008062 0.004753
0 0.909305 0.392348 0.008062 0.004753
0 0.924756 0.397101 0.008062 0.004753
0 0.939872 0.403755 0.008062 0.004753
0 0.132348 0.617871 0.008062 0.004753
0 0.155862 0.622386 0.008062 0.004753
0 0.169634 0.626901 0.008062 0.004753
0 0.183742 0.670865 0.008062 0.004753
0 0.197850 0.675380 0.008062 0.004753
0 0.225731 0.615494 0.008062 0.004753
0 0.242190 0.622386 0.008062 0.004753
0 0.256634 0.626901 0.008062 0.004753
0 0.270742 0.670865 0.008062 0.004753
0 0.284851 0.675380 0.008062 0.004753
0 0.324488 0.610979 0.008062 0.004753
0 0.340611 0.620010 0.008062 0.004753
0 0.356735 0.626901 0.008062 0.004753
0 0.372523 0.668489 0.008062 0.004753
0 0.387303 0.673241 0.008062 0.004753
0 0.421229 0.620010 0.008062 0.004753
0 0.438361 0.629278 0.008062 0.004753
0 0.464562 0.633793 0.008062 0.004753
0 0.502855 0.631416 0.008062 0.004753
0 0.559624 0.617871 0.008062 0.004753
0 0.583809 0.620010 0.008062 0.004753
0 0.601276 0.624525 0.008062 0.004753
0 0.617736 0.670865 0.008062 0.004753
0 0.632516 0.677757 0.008062 0.004753
0 0.666779 0.615494 0.008062 0.004753
0 0.683910 0.622386 0.008062 0.004753
0 0.700034 0.626901 0.008062 0.004753
0 0.716157 0.670865 0.008062 0.004753
0 0.734296 0.675380 0.008062 0.004753
0 0.775277 0.610979 0.008062 0.004753
0 0.791401 0.620010 0.008062 0.004753
0 0.807188 0.626901 0.008062 0.004753
0 0.823312 0.668489 0.008062 0.004753
0 0.835741 0.673241 0.008062 0.004753
0 0.871011 0.620010 0.008062 0.004753
0 0.888142 0.629278 0.008062 0.004753
0 0.906281 0.631416 0.008062 0.004753
0 0.939201 0.633793 0.008062 0.004753
0 0.137723 0.832462 0.008062 0.004753
0 0.157205 0.837215 0.008062 0.004753
0 0.176688 0.843869 0.008062 0.004753
0 0.196171 0.884743 0.008062 0.004753
0 0.215653 0.889496 0.008062 0.004753
0 0.254619 0.839354 0.008062 0.004753
0 0.274101 0.843869 0.008062 0.004753
0 0.293584 0.846245 0.008062 0.004753
0 0.313067 0.887120 0.008062 0.004753
0 0.332550 0.891635 0.008062 0.004753
0 0.381256 0.837215 0.008062 0.004753
0 0.401411 0.843869 0.008062 0.004753
0 0.421565 0.848384 0.008062 0.004753
0 0.441720 0.889496 0.008062 0.004753
0 0.461874 0.896150 0.008062 0.004753
0 0.501847 0.843869 0.008062 0.004753
0 0.529728 0.846245 0.008062 0.004753
0 0.547531 0.850760 0.008062 0.004753
0 0.567686 0.891635 0.008062 0.004753
0 0.587840 0.896150 0.008062 0.004753
0 0.637890 0.843869 0.008062 0.004753
0 0.659053 0.848384 0.008062 0.004753
0 0.680215 0.853137 0.008062 0.004753
0 0.701377 0.896150 0.008062 0.004753
0 0.722539 0.848384 0.008062 0.004753
0 0.743702 0.853137 0.008062 0.004753
0 0.765872 0.859791 0.008062 0.004753
0 0.787034 0.900665 0.008062 0.004753
0 0.808196 0.853137 0.008062 0.004753
0 0.829358 0.859791 0.008062 0.004753
0 0.850521 0.900665 0.008062 0.004753
0 0.133356 0.181321 0.008062 0.004753
0 0.222707 0.185837 0.008062 0.004753
0 0.341619 0.183698 0.008062 0.004753
0 0.439368 0.183698 0.008062 0.004753
0 0.556265 0.183698 0.008062 0.004753
0 0.656365 0.179183 0.008062 0.004753
0 0.783339 0.185837 0.008062 0.004753
0 0.878737 0.181321 0.008062 0.004753
0 0.136715 0.403755 0.008062 0.004753
0 0.248572 0.387833 0.008062 0.004753
0 0.380920 0.394724 0.008062 0.004753
0 0.473295 0.376663 0.008062 0.004753
0 0.580450 0.397101 0.008062 0.004753
0 0.674505 0.378802 0.008062 0.004753
0 0.787034 0.399240 0.008062 0.004753
0 0.878737 0.381179 0.008062 0.004753
0 0.132348 0.617871 0.008062 0.004753
0 0.155862 0.617871 0.008062 0.004753
0 0.211958 0.617871 0.008062 0.004753
0 0.225731 0.615494 0.008062 0.004753
0 0.242190 0.615494 0.008062 0.004753
0 0.284851 0.613356 0.008062 0.004753
0 0.308364 0.613356 0.008062 0.004753
0 0.324488 0.610979 0.008062 0.004753
0 0.340611 0.610979 0.008062 0.004753
0 0.405442 0.610979 0.008062 0.004753
0 0.421229 0.620010 0.008062 0.004753
0 0.438361 0.620010 0.008062 0.004753
0 0.502855 0.622386 0.008062 0.004753
0 0.510581 0.620010 0.008062 0.004753
0 0.543500 0.620010 0.008062 0.004753
0 0.559624 0.617871 0.008062 0.004753
0 0.576083 0.617871 0.008062 0.004753
0 0.650319 0.617871 0.008062 0.004753
0 0.666779 0.615494 0.008062 0.004753
0 0.683910 0.615494 0.008062 0.004753
0 0.734296 0.613356 0.008062 0.004753
0 0.759154 0.613356 0.008062 0.004753
0 0.775277 0.610979 0.008062 0.004753
0 0.791401 0.610979 0.008062 0.004753
0 0.854887 0.610979 0.008062 0.004753
0 0.871011 0.620010 0.008062 0.004753
0 0.888142 0.620010 0.008062 0.004753
0 0.118240 0.837215 0.008062 0.004753
0 0.137723 0.832462 0.008062 0.004753
0 0.157205 0.832462 0.008062 0.004753
0 0.235136 0.832462 0.008062 0.004753
0 0.254619 0.834838 0.008062 0.004753
0 0.274101 0.834838 0.008062 0.004753
0 0.361102 0.834838 0.008062 0.004753
0 0.381256 0.837215 0.008062 0.004753
0 0.401411 0.837215 0.008062 0.004753
0 0.481693 0.837215 0.008062 0.004753
0 0.501847 0.843869 0.008062 0.004753
0 0.522002 0.843869 0.008062 0.004753
0 0.637890 0.843869 0.008062 0.004753
0 0.659053 0.848384 0.008062 0.004753
0 0.743702 0.853137 0.008062 0.004753
0 0.829358 0.859791 0.008062 0.004753
0 0.883104 0.859791 0.008062 0.004753
0 0.883104 0.853137 0.008062 0.004753
0 0.118240 0.115494 0.008062 0.004753
0 0.178032 0.115494 0.008062 0.004753
0 0.207927 0.113118 0.008062 0.004753
0 0.246221 0.115494 0.008062 0.004753
0 0.283171 0.113118 0.008062 0.004753
0 0.325495 0.110741 0.008062 0.004753
0 0.539469 0.110741 0.008062 0.004753
0 0.572724 0.110741 0.008062 0.004753
0 0.606315 0.110741 0.008062 0.004753
0 0.639570 0.106226 0.008062 0.004753
0 0.683238 0.106226 0.008062 0.004753
0 0.722539 0.110741 0.008062 0.004753
0 0.768223 0.113118 0.008062 0.004753
0 0.863621 0.108603 0.008062 0.004753
0 0.924756 0.108603 0.008062 0.004753
0 0.118240 0.329373 0.008062 0.004753
0 0.173665 0.329373 0.008062 0.004753
0 0.192812 0.329373 0.008062 0.004753
0 0.229762 0.324857 0.008062 0.004753
0 0.303997 0.324857 0.008062 0.004753
0 0.322472 0.327234 0.008062 0.004753
0 0.365469 0.327234 0.008062 0.004753
