0 0.443063 0.232177 0.009741 0.005941
0 0.443063 0.218631 0.009741 0.005941
0 0.443063 0.213403 0.009741 0.005941
0 0.480685 0.232177 0.009741 0.005941
0 0.480685 0.221483 0.009741 0.005941
0 0.480685 0.213403 0.009741 0.005941
0 0.530400 0.232177 0.009741 0.005941
0 0.530400 0.218631 0.009741 0.005941
0 0.530400 0.213403 0.009741 0.005941
0 0.744709 0.269962 0.010413 0.005941
0 0.896540 0.156606 0.010413 0.005941
0 0.139738 0.259268 0.010413 0.005941
0 0.139738 0.240257 0.010413 0.005941
0 0.233456 0.259268 0.009741 0.005941
0 0.233456 0.240257 0.009741 0.005941
0 0.280148 0.229563 0.009741 0.005941
0 0.390326 0.269962 0.010413 0.005941
0 0.390326 0.251188 0.010413 0.005941
0 0.581458 0.232177 0.010413 0.005941
0 0.581458 0.221483 0.010413 0.005941
0 0.581458 0.213403 0.010413 0.005941
0 0.656030 0.237643 0.010413 0.005941
0 0.656030 0.226949 0.010413 0.005941
0 0.656030 0.218631 0.010413 0.005941
0 0.744709 0.269962 0.010413 0.005941
0 0.765200 0.251188 0.006718 0.004040
0 0.784011 0.240257 0.006718 0.004040
0 0.803158 0.232177 0.006718 0.004040
0 0.819281 0.194392 0.006718 0.004040
0 0.838092 0.188926 0.006718 0.004040
0 0.857239 0.180846 0.006718 0.004040
0 0.876050 0.175380 0.006718 0.004040
0 0.896540 0.162072 0.010413 0.005941
0 0.139738 0.188926 0.009741 0.005941
0 0.139738 0.183698 0.009741 0.005941
0 0.139738 0.175618 0.009741 0.005941
0 0.186429 0.186312 0.009741 0.005941
0 0.186429 0.180846 0.009741 0.005941
0 0.186429 0.172766 0.009741 0.005941
0 0.233456 0.188926 0.009741 0.005941
0 0.233456 0.183698 0.009741 0.005941
0 0.233456 0.175618 0.009741 0.005941
0 0.280148 0.183698 0.009741 0.005941
0 0.280148 0.172766 0.009741 0.005941
0 0.280148 0.167538 0.009741 0.005941
0 0.390326 0.188926 0.009741 0.005941
0 0.390326 0.180846 0.009741 0.005941
0 0.390326 0.175618 0.009741 0.005941
0 0.390326 0.170152 0.009741 0.005941
0 0.443063 0.175618 0.009741 0.005941
0 0.443063 0.167538 0.009741 0.005941
0 0.443063 0.162072 0.009741 0.005941
0 0.480685 0.175618 0.009741 0.005941
0 0.480685 0.170152 0.009741 0.005941
0 0.480685 0.162072 0.009741 0.005941
0 0.530400 0.175618 0.009741 0.005941
0 0.530400 0.167538 0.009741 0.005941
0 0.530400 0.162072 0.009741 0.005941
0 0.581458 0.175618 0.010413 0.005941
0 0.581458 0.170152 0.010413 0.005941
0 0.581458 0.162072 0.010413 0.005941
0 0.656030 0.180846 0.010413 0.005941
0 0.656030 0.175618 0.010413 0.005941
0 0.656030 0.167538 0.010413 0.005941
0 0.656030 0.162072 0.010413 0.005941
0 0.139738 0.084838 0.010413 0.005941
0 0.233456 0.084838 0.009741 0.005941
0 0.280148 0.087452 0.009741 0.005941
0 0.312731 0.084838 0.009741 0.005941
0 0.342291 0.081987 0.009741 0.005941
0 0.387974 0.076521 0.010413 0.004040
0 0.390326 0.071293 0.015116 0.005941
0 0.580114 0.076521 0.007390 0.004040
0 0.581458 0.071293 0.010413 0.005941
