0 0.138058 0.250713 0.009741 0.005703
0 0.262345 0.250713 0.009741 0.005703
0 0.400403 0.250713 0.009741 0.005703
0 0.533423 0.250713 0.009741 0.005703
0 0.676520 0.250713 0.009741 0.005703
0 0.821968 0.250713 0.009741 0.005703
0 0.138058 0.173004 0.009741 0.005703
0 0.158885 0.180846 0.009741 0.005703
0 0.179711 0.186312 0.009741 0.005703
0 0.200202 0.191778 0.009741 0.005703
0 0.221028 0.231939 0.009741 0.005703
0 0.241518 0.237405 0.009741 0.005703
0 0.262345 0.173004 0.009741 0.005703
0 0.283171 0.180846 0.009741 0.005703
0 0.303661 0.186312 0.009741 0.005703
0 0.324488 0.191778 0.009741 0.005703
0 0.344978 0.231939 0.009741 0.005703
0 0.365805 0.237405 0.009741 0.005703
0 0.400403 0.170152 0.009741 0.005703
0 0.421565 0.178232 0.009741 0.005703
0 0.442728 0.183698 0.009741 0.005703
0 0.468928 0.188926 0.009741 0.005703
0 0.490427 0.229325 0.009741 0.005703
0 0.512261 0.240019 0.009741 0.005703
0 0.533423 0.170152 0.009741 0.005703
0 0.554585 0.178232 0.009741 0.005703
0 0.576083 0.183698 0.009741 0.005703
0 0.597246 0.188926 0.009741 0.005703
0 0.618744 0.229325 0.009741 0.005703
0 0.639906 0.240019 0.009741 0.005703
0 0.676520 0.170152 0.009741 0.005703
0 0.705408 0.178232 0.009741 0.005703
0 0.730937 0.183698 0.009741 0.005703
0 0.755459 0.188926 0.009741 0.005703
0 0.777628 0.229325 0.009741 0.005703
0 0.799798 0.240019 0.009741 0.005703
0 0.821968 0.170152 0.009741 0.005703
0 0.844474 0.178232 0.009741 0.005703
0 0.866644 0.183698 0.009741 0.005703
0 0.888814 0.188926 0.009741 0.005703
0 0.911320 0.229325 0.009741 0.005703
0 0.933490 0.240019 0.009741 0.005703
0 0.138058 0.173004 0.009741 0.005703
0 0.262345 0.173004 0.009741 0.005703
0 0.400403 0.170152 0.009741 0.005703
0 0.533423 0.170152 0.009741 0.005703
0 0.676520 0.170152 0.009741 0.005703
0 0.821968 0.170152 0.009741 0.005703
0 0.138058 0.078897 0.009741 0.005703
0 0.200202 0.081749 0.009741 0.005703
0 0.400403 0.073669 0.009741 0.005703
0 0.533423 0.076283 0.009741 0.005703
0 0.597246 0.073669 0.009741 0.005703
0 0.676520 0.076283 0.009741 0.005703
0 0.755459 0.078897 0.009741 0.005703
