0 0.136379 0.175856 0.007054 0.004040
0 0.162580 0.166112 0.007054 0.004040
0 0.191132 0.163973 0.007054 0.004040
0 0.217333 0.175856 0.007054 0.004040
0 0.243534 0.166112 0.007054 0.004040
0 0.271750 0.163973 0.007054 0.004040
0 0.297951 0.175856 0.007054 0.004040
0 0.324152 0.166112 0.007054 0.004040
0 0.352704 0.163973 0.007054 0.004040
0 0.402754 0.175856 0.007054 0.004040
0 0.421565 0.166112 0.007054 0.004040
0 0.440712 0.163973 0.007054 0.004040
0 0.459523 0.175856 0.007054 0.004040
0 0.478670 0.166112 0.007054 0.004040
0 0.502519 0.163973 0.007054 0.004040
0 0.521330 0.175856 0.007054 0.004040
0 0.540477 0.166112 0.007054 0.004040
0 0.559288 0.163973 0.007054 0.004040
0 0.596238 0.175856 0.007054 0.004040
0 0.615721 0.168013 0.007054 0.004040
0 0.635539 0.162072 0.007054 0.004040
0 0.655022 0.175856 0.007054 0.004040
0 0.674505 0.168013 0.007054 0.004040
0 0.693987 0.162072 0.007054 0.004040
0 0.713806 0.179658 0.007054 0.004040
0 0.733289 0.171816 0.007054 0.004040
0 0.752771 0.166112 0.007054 0.004040
0 0.782667 0.173954 0.007054 0.004040
0 0.801478 0.166112 0.007054 0.004040
0 0.819953 0.160171 0.007054 0.004040
0 0.838428 0.173954 0.007054 0.004040
0 0.857239 0.166112 0.007054 0.004040
0 0.880417 0.160171 0.007054 0.004040
0 0.898892 0.173954 0.007054 0.004040
0 0.917366 0.166112 0.007054 0.004040
0 0.936177 0.160171 0.007054 0.004040
0 0.127309 0.358603 0.007054 0.004040
0 0.174672 0.356464 0.007054 0.004040
0 0.222036 0.354563 0.007054 0.004040
0 0.277796 0.366445 0.007054 0.004040
0 0.305005 0.352662 0.007054 0.004040
0 0.331878 0.366445 0.007054 0.004040
0 0.359086 0.352662 0.007054 0.004040
0 0.385959 0.366445 0.007054 0.004040
0 0.412832 0.352662 0.007054 0.004040
0 0.448438 0.366445 0.007054 0.004040
0 0.475311 0.352662 0.007054 0.004040
0 0.502519 0.366445 0.007054 0.004040
0 0.529392 0.352662 0.007054 0.004040
0 0.556265 0.366445 0.007054 0.004040
0 0.583473 0.352662 0.007054 0.004040
0 0.623446 0.366445 0.007054 0.004040
0 0.641250 0.356464 0.007054 0.004040
0 0.659053 0.352662 0.007054 0.004040
0 0.676520 0.366445 0.007054 0.004040
0 0.694323 0.356464 0.007054 0.004040
0 0.711790 0.352662 0.007054 0.004040
0 0.729594 0.366445 0.007054 0.004040
0 0.747061 0.356464 0.007054 0.004040
0 0.764864 0.352662 0.007054 0.004040
0 0.795768 0.366445 0.007054 0.004040
0 0.813235 0.356464 0.007054 0.004040
0 0.831038 0.352662 0.007054 0.004040
0 0.848841 0.366445 0.007054 0.004040
0 0.866308 0.356464 0.007054 0.004040
0 0.884112 0.352662 0.007054 0.004040
0 0.901579 0.366445 0.007054 0.004040
0 0.919382 0.356464 0.007054 0.004040
0 0.936849 0.352662 0.007054 0.004040
0 0.127309 0.549905 0.007054 0.004040
0 0.144777 0.540162 0.007054 0.004040
0 0.162580 0.536122 0.007054 0.004040
0 0.179711 0.549905 0.007054 0.004040
0 0.196842 0.540162 0.007054 0.004040
0 0.213974 0.536122 0.007054 0.004040
0 0.231105 0.549905 0.007054 0.004040
0 0.248236 0.540162 0.007054 0.004040
0 0.265368 0.536122 0.007054 0.004040
0 0.306685 0.548004 0.007054 0.004040
0 0.322808 0.540162 0.007054 0.004040
0 0.338932 0.534221 0.007054 0.004040
0 0.355055 0.548004 0.007054 0.004040
0 0.371179 0.540162 0.007054 0.004040
0 0.391669 0.534221 0.007054 0.004040
0 0.407793 0.548004 0.007054 0.004040
0 0.423917 0.540162 0.007054 0.004040
0 0.440040 0.534221 0.007054 0.004040
0 0.469264 0.549905 0.007054 0.004040
0 0.486396 0.540162 0.007054 0.004040
0 0.504199 0.536122 0.007054 0.004040
0 0.521330 0.549905 0.007054 0.004040
0 0.538797 0.540162 0.007054 0.004040
0 0.555929 0.536122 0.007054 0.004040
0 0.573060 0.549905 0.007054 0.004040
0 0.590191 0.540162 0.007054 0.004040
0 0.607323 0.536122 0.007054 0.004040
0 0.638898 0.548004 0.007054 0.004040
0 0.655358 0.540162 0.007054 0.004040
0 0.671817 0.534221 0.007054 0.004040
0 0.687941 0.548004 0.007054 0.004040
0 0.704400 0.540162 0.007054 0.004040
0 0.726570 0.534221 0.007054 0.004040
0 0.742694 0.548004 0.007054 0.004040
0 0.759154 0.540162 0.007054 0.004040
0 0.775613 0.534221 0.007054 0.004040
0 0.808868 0.548004 0.007054 0.004040
0 0.824992 0.540162 0.007054 0.004040
0 0.841115 0.534221 0.007054 0.004040
0 0.857239 0.548004 0.007054 0.004040
0 0.873362 0.538023 0.007054 0.004040
0 0.889822 0.534221 0.007054 0.004040
0 0.905946 0.548004 0.007054 0.004040
0 0.922405 0.540162 0.007054 0.004040
0 0.938529 0.534221 0.007054 0.004040
0 0.132012 0.729087 0.007054 0.004040
0 0.147800 0.721245 0.007054 0.004040
0 0.163252 0.715542 0.007054 0.004040
0 0.178703 0.729087 0.007054 0.004040
0 0.194155 0.721245 0.007054 0.004040
0 0.214310 0.715542 0.007054 0.004040
0 0.230097 0.729087 0.007054 0.004040
0 0.245549 0.721245 0.007054 0.004040
0 0.261001 0.715542 0.007054 0.004040
0 0.293248 0.729087 0.007054 0.004040
0 0.340947 0.727186 0.007054 0.004040
0 0.388982 0.725285 0.007054 0.004040
0 0.445079 0.736930 0.007054 0.004040
0 0.472288 0.723384 0.007054 0.004040
0 0.499496 0.736930 0.007054 0.004040
0 0.526705 0.723384 0.007054 0.004040
0 0.554249 0.736930 0.007054 0.004040
0 0.581458 0.723384 0.007054 0.004040
0 0.617064 0.736930 0.007054 0.004040
0 0.644273 0.723384 0.007054 0.004040
0 0.671481 0.736930 0.007054 0.004040
0 0.698690 0.723384 0.007054 0.004040
0 0.725899 0.736930 0.007054 0.004040
0 0.753107 0.723384 0.007054 0.004040
0 0.791401 0.735029 0.007054 0.004040
0 0.818609 0.721245 0.007054 0.004040
0 0.845818 0.735029 0.007054 0.004040
0 0.873027 0.721245 0.007054 0.004040
0 0.900235 0.735029 0.007054 0.004040
0 0.927444 0.721245 0.007054 0.004040
0 0.132348 0.912785 0.007054 0.004040
0 0.209943 0.912785 0.007054 0.004040
0 0.237151 0.910884 0.007054 0.004040
0 0.264360 0.908983 0.007054 0.004040
0 0.300302 0.920627 0.007054 0.004040
0 0.324488 0.907082 0.007054 0.004040
0 0.348673 0.920627 0.007054 0.004040
0 0.372859 0.907082 0.007054 0.004040
0 0.397044 0.920627 0.007054 0.004040
0 0.421229 0.907082 0.007054 0.004040
0 0.452133 0.907082 0.007054 0.004040
0 0.476318 0.899240 0.007054 0.004040
0 0.500504 0.907082 0.007054 0.004040
0 0.524689 0.899240 0.007054 0.004040
0 0.548875 0.907082 0.007054 0.004040
0 0.573060 0.899240 0.007054 0.004040
0 0.605643 0.914924 0.007054 0.004040
0 0.620759 0.907082 0.007054 0.004040
0 0.636211 0.901141 0.007054 0.004040
0 0.651327 0.914924 0.007054 0.004040
0 0.666443 0.907082 0.007054 0.004040
0 0.685254 0.901141 0.007054 0.004040
0 0.700369 0.914924 0.007054 0.004040
0 0.715485 0.907082 0.007054 0.004040
0 0.730601 0.901141 0.007054 0.004040
0 0.754451 0.914924 0.007054 0.004040
0 0.768895 0.907082 0.007054 0.004040
0 0.783675 0.901141 0.007054 0.004040
0 0.798455 0.914924 0.007054 0.004040
0 0.812899 0.907082 0.007054 0.004040
0 0.827679 0.901141 0.007054 0.004040
0 0.842123 0.914924 0.007054 0.004040
0 0.856567 0.907082 0.007054 0.004040
0 0.871347 0.901141 0.007054 0.004040
0 0.894861 0.914924 0.007054 0.004040
0 0.894861 0.907082 0.007054 0.004040
0 0.894861 0.901141 0.007054 0.004040
0 0.402754 0.124762 0.007054 0.004040
0 0.396036 0.120960 0.007054 0.004040
0 0.402754 0.119059 0.007054 0.004040
0 0.136379 0.105276 0.007054 0.004040
0 0.153846 0.109078 0.007054 0.004040
0 0.176688 0.111217 0.007054 0.004040
0 0.199866 0.115019 0.007054 0.004040
0 0.217333 0.105276 0.007054 0.004040
0 0.234464 0.109078 0.007054 0.004040
0 0.257642 0.111217 0.007054 0.004040
0 0.280484 0.115019 0.007054 0.004040
0 0.297951 0.105276 0.007054 0.004040
0 0.315418 0.109078 0.007054 0.004040
0 0.338260 0.111217 0.007054 0.004040
0 0.361438 0.115019 0.007054 0.004040
0 0.402754 0.111217 0.007054 0.004040
0 0.490427 0.113118 0.007054 0.004040
0 0.521330 0.115019 0.007054 0.004040
0 0.596238 0.103375 0.007054 0.004040
0 0.615721 0.113118 0.007054 0.004040
0 0.635539 0.116920 0.007054 0.004040
0 0.655022 0.107177 0.007054 0.004040
0 0.674505 0.113118 0.007054 0.004040
0 0.693987 0.116920 0.007054 0.004040
0 0.713806 0.107177 0.007054 0.004040
0 0.733289 0.111217 0.007054 0.004040
0 0.752771 0.116920 0.007054 0.004040
0 0.782667 0.107177 0.007054 0.004040
0 0.801478 0.111217 0.007054 0.004040
0 0.819953 0.116920 0.007054 0.004040
0 0.838428 0.107177 0.007054 0.004040
0 0.857239 0.111217 0.007054 0.004040
0 0.880417 0.116920 0.007054 0.004040
0 0.898892 0.105276 0.007054 0.004040
0 0.917366 0.111217 0.007054 0.004040
0 0.936177 0.115019 0.007054 0.004040
0 0.127309 0.282082 0.007054 0.004040
0 0.143097 0.286122 0.007054 0.004040
0 0.158885 0.295865 0.007054 0.004040
0 0.174672 0.283983 0.007054 0.004040
0 0.190460 0.288023 0.007054 0.004040
0 0.206248 0.295865 0.007054 0.004040
0 0.222036 0.286122 0.007054 0.004040
0 0.237823 0.289924 0.007054 0.004040
0 0.253611 0.295865 0.007054 0.004040
0 0.277796 0.288023 0.007054 0.004040
0 0.294592 0.291825 0.007054 0.004040
0 0.315418 0.297766 0.007054 0.004040
0 0.331878 0.288023 0.007054 0.004040
0 0.348673 0.291825 0.007054 0.004040
0 0.369164 0.297766 0.007054 0.004040
0 0.385959 0.288023 0.007054 0.004040
0 0.402419 0.291825 0.007054 0.004040
0 0.423245 0.297766 0.007054 0.004040
0 0.448438 0.288023 0.007054 0.004040
0 0.464898 0.291825 0.007054 0.004040
0 0.485724 0.297766 0.007054 0.004040
0 0.502519 0.286122 0.007054 0.004040
0 0.518979 0.289924 0.007054 0.004040
0 0.539805 0.297766 0.007054 0.004040
0 0.556265 0.289924 0.007054 0.004040
0 0.573060 0.293964 0.007054 0.004040
0 0.593886 0.297766 0.007054 0.004040
0 0.623446 0.288023 0.007054 0.004040
0 0.641250 0.293964 0.007054 0.004040
0 0.659053 0.301806 0.007054 0.004040
0 0.676520 0.288023 0.007054 0.004040
0 0.694323 0.293964 0.007054 0.004040
0 0.711790 0.301806 0.007054 0.004040
0 0.729594 0.288023 0.007054 0.004040
0 0.747061 0.293964 0.007054 0.004040
0 0.764864 0.301806 0.007054 0.004040
0 0.795768 0.288023 0.007054 0.004040
0 0.813235 0.293964 0.007054 0.004040
0 0.831038 0.301806 0.007054 0.004040
0 0.848841 0.288023 0.007054 0.004040
0 0.866308 0.293964 0.007054 0.004040
0 0.884112 0.301806 0.007054 0.004040
0 0.901579 0.288023 0.007054 0.004040
0 0.919382 0.293964 0.007054 0.004040
0 0.936849 0.301806 0.007054 0.004040
0 0.127309 0.469582 0.007054 0.004040
0 0.144777 0.477424 0.007054 0.004040
0 0.162580 0.483127 0.007054 0.004040
0 0.179711 0.471483 0.007054 0.004040
0 0.196842 0.477424 0.007054 0.004040
0 0.213974 0.485266 0.007054 0.004040
0 0.231105 0.473384 0.007054 0.004040
0 0.248236 0.477424 0.007054 0.004040
0 0.265368 0.487167 0.007054 0.004040
0 0.306685 0.473384 0.007054 0.004040
0 0.322808 0.477424 0.007054 0.004040
0 0.338932 0.487167 0.007054 0.004040
0 0.355055 0.473384 0.007054 0.004040
0 0.371179 0.477424 0.007054 0.004040
0 0.391669 0.487167 0.007054 0.004040
0 0.407793 0.471483 0.007054 0.004040
0 0.423917 0.475285 0.007054 0.004040
0 0.440040 0.485266 0.007054 0.004040
0 0.469264 0.469582 0.007054 0.004040
0 0.486396 0.477424 0.007054 0.004040
0 0.504199 0.483127 0.007054 0.004040
0 0.521330 0.471483 0.007054 0.004040
0 0.538797 0.477424 0.007054 0.004040
0 0.555929 0.485266 0.007054 0.004040
0 0.573060 0.473384 0.007054 0.004040
0 0.590191 0.477424 0.007054 0.004040
0 0.607323 0.487167 0.007054 0.004040
0 0.638898 0.473384 0.007054 0.004040
0 0.655358 0.477424 0.007054 0.004040
0 0.671817 0.487167 0.007054 0.004040
0 0.687941 0.473384 0.007054 0.004040
0 0.704400 0.477424 0.007054 0.004040
0 0.726570 0.487167 0.007054 0.004040
0 0.742694 0.471483 0.007054 0.004040
0 0.759154 0.475285 0.007054 0.004040
0 0.775613 0.485266 0.007054 0.004040
0 0.808868 0.471483 0.007054 0.004040
0 0.824992 0.479325 0.007054 0.004040
0 0.841115 0.481226 0.007054 0.004040
0 0.857239 0.473384 0.007054 0.004040
0 0.873362 0.479325 0.007054 0.004040
0 0.889822 0.483127 0.007054 0.004040
0 0.905946 0.475285 0.007054 0.004040
0 0.922405 0.479325 0.007054 0.004040
0 0.938529 0.485266 0.007054 0.004040
0 0.132012 0.662548 0.007054 0.004040
0 0.147800 0.666350 0.007054 0.004040
0 0.163252 0.672291 0.007054 0.004040
0 0.178703 0.662548 0.007054 0.004040
0 0.194155 0.666350 0.007054 0.004040
0 0.214310 0.672291 0.007054 0.004040
0 0.230097 0.660646 0.007054 0.004040
0 0.245549 0.666350 0.007054 0.004040
0 0.261001 0.670390 0.007054 0.004040
0 0.293248 0.652804 0.007054 0.004040
0 0.309036 0.656606 0.007054 0.004040
0 0.325160 0.666350 0.007054 0.004040
0 0.340947 0.654705 0.007054 0.004040
0 0.357071 0.658508 0.007054 0.004040
0 0.372859 0.666350 0.007054 0.004040
0 0.388982 0.656606 0.007054 0.004040
0 0.404770 0.660646 0.007054 0.004040
0 0.420894 0.666350 0.007054 0.004040
0 0.445079 0.658508 0.007054 0.004040
0 0.461874 0.662548 0.007054 0.004040
0 0.482701 0.668489 0.007054 0.004040
0 0.499496 0.658508 0.007054 0.004040
0 0.516292 0.662548 0.007054 0.004040
0 0.537454 0.668489 0.007054 0.004040
0 0.554249 0.658508 0.007054 0.004040
0 0.570709 0.662548 0.007054 0.004040
0 0.591871 0.668489 0.007054 0.004040
0 0.617064 0.658508 0.007054 0.004040
0 0.633860 0.662548 0.007054 0.004040
0 0.654686 0.668489 0.007054 0.004040
0 0.671481 0.656606 0.007054 0.004040
0 0.688277 0.660646 0.007054 0.004040
0 0.709103 0.668489 0.007054 0.004040
0 0.725899 0.654705 0.007054 0.004040
0 0.742694 0.664449 0.007054 0.004040
0 0.763520 0.668489 0.007054 0.004040
0 0.791401 0.658508 0.007054 0.004040
0 0.807860 0.662548 0.007054 0.004040
0 0.829023 0.672291 0.007054 0.004040
0 0.845818 0.658508 0.007054 0.004040
0 0.862613 0.662548 0.007054 0.004040
0 0.883440 0.672291 0.007054 0.004040
0 0.900235 0.658508 0.007054 0.004040
0 0.917031 0.662548 0.007054 0.004040
0 0.937857 0.672291 0.007054 0.004040
0 0.132348 0.840304 0.007054 0.004040
0 0.149143 0.850048 0.007054 0.004040
0 0.165939 0.854087 0.007054 0.004040
0 0.182734 0.842205 0.007054 0.004040
0 0.199530 0.850048 0.007054 0.004040
0 0.220356 0.854087 0.007054 0.004040
0 0.237151 0.844344 0.007054 0.004040
0 0.253947 0.850048 0.007054 0.004040
0 0.275109 0.854087 0.007054 0.004040
0 0.300302 0.846245 0.007054 0.004040
0 0.315082 0.852186 0.007054 0.004040
0 0.333557 0.855989 0.007054 0.004040
0 0.348673 0.846245 0.007054 0.004040
0 0.363453 0.852186 0.007054 0.004040
0 0.382264 0.855989 0.007054 0.004040
0 0.397044 0.846245 0.007054 0.004040
0 0.411824 0.852186 0.007054 0.004040
0 0.430635 0.855989 0.007054 0.004040
0 0.452133 0.848146 0.007054 0.004040
0 0.466913 0.852186 0.007054 0.004040
0 0.485388 0.854087 0.007054 0.004040
0 0.500504 0.848146 0.007054 0.004040
0 0.515284 0.852186 0.007054 0.004040
0 0.534095 0.854087 0.007054 0.004040
0 0.548875 0.848146 0.007054 0.004040
0 0.563655 0.852186 0.007054 0.004040
0 0.582466 0.854087 0.007054 0.004040
0 0.605643 0.846245 0.007054 0.004040
0 0.620759 0.852186 0.007054 0.004040
0 0.636211 0.855989 0.007054 0.004040
0 0.651327 0.846245 0.007054 0.004040
0 0.666443 0.852186 0.007054 0.004040
0 0.685254 0.855989 0.007054 0.004040
0 0.700369 0.846245 0.007054 0.004040
0 0.715485 0.852186 0.007054 0.004040
0 0.730601 0.855989 0.007054 0.004040
0 0.754451 0.846245 0.007054 0.004040
0 0.768895 0.852186 0.007054 0.004040
0 0.783675 0.855989 0.007054 0.004040
0 0.798455 0.846245 0.007054 0.004040
0 0.812899 0.852186 0.007054 0.004040
0 0.827679 0.855989 0.007054 0.004040
0 0.842123 0.846245 0.007054 0.004040
0 0.856567 0.852186 0.007054 0.004040
0 0.871347 0.855989 0.007054 0.004040
0 0.894861 0.855989 0.007054 0.004040
0 0.894861 0.852186 0.007054 0.004040
0 0.894861 0.846245 0.007054 0.004040
0 0.136379 0.062738 0.007054 0.004040
0 0.124622 0.061074 0.005039 0.002852
0 0.257642 0.064876 0.007054 0.004040
0 0.297951 0.066778 0.007054 0.004040
0 0.596238 0.068679 0.007054 0.004040
0 0.655022 0.064876 0.007054 0.004040
0 0.713806 0.060837 0.007054 0.004040
0 0.782667 0.060837 0.007054 0.004040
0 0.868660 0.062738 0.007054 0.004040
0 0.898892 0.062738 0.007054 0.004040
0 0.127309 0.245247 0.007054 0.004040
0 0.174672 0.247148 0.007054 0.004040
0 0.222036 0.249049 0.007054 0.004040
0 0.277796 0.251188 0.007054 0.004040
0 0.448438 0.251188 0.007054 0.004040
0 0.502519 0.249049 0.007054 0.004040
0 0.556265 0.253089 0.007054 0.004040
0 0.623446 0.253089 0.007054 0.004040
0 0.127309 0.433935 0.007054 0.004040
0 0.179711 0.431797 0.007054 0.004040
0 0.231105 0.429895 0.007054 0.004040
0 0.306685 0.429895 0.007054 0.004040
0 0.381256 0.431797 0.007054 0.004040
0 0.407793 0.431797 0.007054 0.004040
0 0.469264 0.433935 0.007054 0.004040
0 0.521330 0.431797 0.007054 0.004040
0 0.573060 0.429895 0.007054 0.004040
0 0.638898 0.429895 0.007054 0.004040
0 0.714814 0.431797 0.007054 0.004040
0 0.742694 0.431797 0.007054 0.004040
0 0.808868 0.435837 0.007054 0.004040
0 0.857239 0.433935 0.007054 0.004040
0 0.905946 0.427994 0.007054 0.004040
0 0.132012 0.611454 0.007054 0.004040
0 0.203897 0.613356 0.007054 0.004040
0 0.230097 0.613356 0.007054 0.004040
0 0.293248 0.613356 0.007054 0.004040
0 0.340947 0.615257 0.007054 0.004040
0 0.388982 0.617395 0.007054 0.004040
0 0.445079 0.619297 0.007054 0.004040
0 0.617064 0.619297 0.007054 0.004040
0 0.671481 0.617395 0.007054 0.004040
0 0.725899 0.621198 0.007054 0.004040
0 0.791401 0.619297 0.007054 0.004040
0 0.132348 0.804420 0.007054 0.004040
0 0.182734 0.802519 0.007054 0.004040
0 0.209943 0.800618 0.007054 0.004040
0 0.237151 0.798479 0.007054 0.004040
0 0.264360 0.796578 0.007054 0.004040
0 0.300302 0.798479 0.007054 0.004040
0 0.452133 0.798479 0.007054 0.004040
0 0.605643 0.798479 0.007054 0.004040
0 0.675848 0.802519 0.007054 0.004040
0 0.700369 0.806321 0.007054 0.004040
0 0.754451 0.806321 0.007054 0.004040
