0 0.145113 0.243108 0.010413 0.005703
0 0.260329 0.245722 0.009741 0.005703
0 0.138394 0.543726 0.009741 0.005703
0 0.138394 0.524952 0.009741 0.005703
0 0.167954 0.543726 0.009741 0.005703
0 0.167954 0.524952 0.009741 0.005703
0 0.227074 0.535646 0.009741 0.005703
0 0.256298 0.546340 0.009741 0.005703
0 0.256298 0.527567 0.009741 0.005703
0 0.285858 0.546340 0.009741 0.005703
0 0.285858 0.527567 0.009741 0.005703
0 0.354720 0.538260 0.009741 0.005703
0 0.412832 0.541112 0.009741 0.005703
0 0.443063 0.522101 0.009741 0.005703
0 0.473631 0.524952 0.009741 0.005703
0 0.504199 0.524952 0.009741 0.005703
0 0.534767 0.527567 0.009741 0.005703
0 0.565334 0.527567 0.009741 0.005703
0 0.595566 0.530181 0.009741 0.005703
0 0.626134 0.530181 0.009741 0.005703
0 0.145113 0.237643 0.009741 0.005703
0 0.174001 0.235029 0.009741 0.005703
0 0.202889 0.232414 0.009741 0.005703
0 0.231777 0.229563 0.009741 0.005703
0 0.260329 0.226949 0.009741 0.005703
0 0.289217 0.229563 0.009741 0.005703
0 0.341619 0.243108 0.009741 0.005703
0 0.341619 0.232414 0.009741 0.005703
0 0.430971 0.267348 0.009741 0.005703
0 0.430971 0.256654 0.009741 0.005703
0 0.430971 0.248574 0.009741 0.005703
0 0.459859 0.267348 0.009741 0.005703
0 0.459859 0.256654 0.009741 0.005703
0 0.459859 0.248574 0.009741 0.005703
0 0.517971 0.267348 0.009741 0.005703
0 0.517971 0.256654 0.009741 0.005703
0 0.517971 0.248574 0.009741 0.005703
0 0.557608 0.269962 0.009741 0.005703
0 0.557608 0.259268 0.009741 0.005703
0 0.557608 0.251188 0.009741 0.005703
0 0.586496 0.269962 0.009741 0.005703
0 0.586496 0.259268 0.009741 0.005703
0 0.586496 0.251188 0.009741 0.005703
0 0.653678 0.269962 0.009741 0.005703
0 0.653678 0.259268 0.009741 0.005703
0 0.653678 0.251188 0.009741 0.005703
0 0.736648 0.269962 0.009741 0.005703
0 0.736648 0.259268 0.009741 0.005703
0 0.736648 0.251188 0.009741 0.005703
0 0.764192 0.269962 0.009741 0.005703
0 0.764192 0.259268 0.009741 0.005703
0 0.764192 0.251188 0.009741 0.005703
0 0.818945 0.269962 0.009741 0.005703
0 0.818945 0.259268 0.009741 0.005703
0 0.818945 0.251188 0.009741 0.005703
0 0.846154 0.272814 0.009741 0.005703
0 0.846154 0.261882 0.009741 0.005703
0 0.846154 0.253802 0.009741 0.005703
0 0.873698 0.272814 0.009741 0.005703
0 0.873698 0.261882 0.009741 0.005703
0 0.873698 0.253802 0.009741 0.005703
0 0.928451 0.272814 0.009741 0.005703
0 0.928451 0.261882 0.009741 0.005703
0 0.928451 0.253802 0.009741 0.005703
0 0.138394 0.519487 0.009741 0.005703
0 0.138394 0.508793 0.009741 0.005703
0 0.167954 0.519487 0.009741 0.005703
0 0.167954 0.508793 0.009741 0.005703
0 0.227074 0.519487 0.009741 0.005703
0 0.227074 0.511407 0.009741 0.005703
0 0.256298 0.522101 0.009741 0.005703
0 0.256298 0.511407 0.009741 0.005703
0 0.285858 0.522101 0.009741 0.005703
0 0.285858 0.514021 0.009741 0.005703
0 0.354720 0.524952 0.009741 0.005703
0 0.354720 0.514021 0.009741 0.005703
0 0.412832 0.522101 0.010413 0.005703
0 0.412832 0.516873 0.010413 0.005703
0 0.412832 0.511407 0.010413 0.005703
0 0.676520 0.533032 0.009741 0.005703
0 0.711454 0.533032 0.009741 0.005703
0 0.780988 0.533032 0.009741 0.005703
0 0.815922 0.538260 0.009741 0.005703
0 0.815922 0.527567 0.009741 0.005703
0 0.850857 0.538260 0.009741 0.005703
0 0.850857 0.527567 0.009741 0.005703
0 0.920726 0.538260 0.009741 0.005703
0 0.920726 0.527567 0.009741 0.005703
0 0.138394 0.792538 0.009741 0.005703
0 0.138394 0.784458 0.009741 0.005703
0 0.138394 0.773764 0.009741 0.005703
0 0.171649 0.792538 0.009741 0.005703
0 0.171649 0.784458 0.009741 0.005703
0 0.171649 0.773764 0.009741 0.005703
0 0.224723 0.792538 0.009741 0.005703
0 0.224723 0.784458 0.009741 0.005703
0 0.224723 0.773764 0.009741 0.005703
0 0.257642 0.795390 0.009741 0.005703
0 0.257642 0.784458 0.009741 0.005703
0 0.257642 0.776378 0.009741 0.005703
0 0.290897 0.795390 0.009741 0.005703
0 0.290897 0.784458 0.009741 0.005703
0 0.290897 0.776378 0.009741 0.005703
0 0.357071 0.795390 0.009741 0.005703
0 0.357071 0.784458 0.009741 0.005703
0 0.357071 0.776378 0.009741 0.005703
0 0.403426 0.787310 0.009741 0.005703
0 0.403426 0.776378 0.009741 0.005703
0 0.444743 0.787310 0.009741 0.005703
0 0.444743 0.776378 0.009741 0.005703
0 0.527712 0.787310 0.009741 0.005703
0 0.527712 0.776378 0.009741 0.005703
0 0.569029 0.798004 0.009741 0.005703
0 0.569029 0.779230 0.009741 0.005703
0 0.610346 0.798004 0.009741 0.005703
0 0.610346 0.779230 0.009741 0.005703
0 0.706752 0.798004 0.009741 0.005703
0 0.706752 0.779230 0.009741 0.005703
0 0.801478 0.789924 0.009741 0.005703
0 0.835069 0.789924 0.009741 0.005703
0 0.901915 0.789924 0.009741 0.005703
0 0.289217 0.170152 0.009741 0.005703
0 0.801478 0.729087 0.009741 0.005703
0 0.868324 0.731702 0.009741 0.005703
0 0.145113 0.172766 0.009741 0.005703
0 0.174001 0.175380 0.009741 0.005703
0 0.174001 0.170152 0.009741 0.005703
0 0.202889 0.172766 0.009741 0.005703
0 0.202889 0.167300 0.009741 0.005703
0 0.231777 0.170152 0.009741 0.005703
0 0.231777 0.164686 0.009741 0.005703
0 0.260329 0.167300 0.009741 0.005703
0 0.260329 0.162072 0.009741 0.005703
0 0.289217 0.164686 0.009741 0.005703
0 0.303997 0.162072 0.009741 0.005703
0 0.318777 0.164686 0.009741 0.005703
0 0.341619 0.172766 0.009741 0.005703
0 0.341619 0.167300 0.009741 0.005703
0 0.430971 0.183460 0.009741 0.005703
0 0.430971 0.172766 0.009741 0.005703
0 0.430971 0.164686 0.009741 0.005703
0 0.459859 0.183460 0.009741 0.005703
0 0.459859 0.172766 0.009741 0.005703
0 0.459859 0.164686 0.009741 0.005703
0 0.517971 0.183460 0.009741 0.005703
0 0.517971 0.172766 0.009741 0.005703
0 0.517971 0.164686 0.009741 0.005703
0 0.557608 0.183460 0.009741 0.005703
0 0.557608 0.175380 0.009741 0.005703
0 0.557608 0.164686 0.009741 0.005703
0 0.586496 0.183460 0.009741 0.005703
0 0.586496 0.175380 0.009741 0.005703
0 0.586496 0.164686 0.009741 0.005703
0 0.653678 0.183460 0.009741 0.005703
0 0.653678 0.175380 0.009741 0.005703
0 0.653678 0.164686 0.009741 0.005703
0 0.736648 0.186312 0.009741 0.005703
0 0.736648 0.175380 0.009741 0.005703
0 0.736648 0.167300 0.009741 0.005703
0 0.764192 0.186312 0.009741 0.005703
0 0.764192 0.175380 0.009741 0.005703
0 0.764192 0.167300 0.009741 0.005703
0 0.818945 0.186312 0.009741 0.005703
0 0.818945 0.175380 0.009741 0.005703
0 0.818945 0.167300 0.009741 0.005703
0 0.846154 0.183460 0.009741 0.005703
0 0.846154 0.178232 0.009741 0.005703
0 0.846154 0.172766 0.009741 0.005703
0 0.873698 0.183460 0.009741 0.005703
0 0.873698 0.178232 0.009741 0.005703
0 0.873698 0.172766 0.009741 0.005703
0 0.928451 0.183460 0.009741 0.005703
0 0.928451 0.178232 0.009741 0.005703
0 0.928451 0.172766 0.009741 0.005703
0 0.138394 0.439876 0.009741 0.005703
0 0.167954 0.439876 0.009741 0.005703
0 0.227074 0.439876 0.009741 0.005703
0 0.256298 0.442490 0.009741 0.005703
0 0.285858 0.442490 0.009741 0.005703
0 0.354720 0.445105 0.009741 0.005703
0 0.676520 0.522101 0.009741 0.005703
0 0.676520 0.514021 0.009741 0.005703
0 0.676520 0.508793 0.009741 0.005703
0 0.711454 0.522101 0.009741 0.005703
0 0.711454 0.514021 0.009741 0.005703
0 0.711454 0.508793 0.009741 0.005703
0 0.780988 0.522101 0.009741 0.005703
0 0.780988 0.514021 0.009741 0.005703
0 0.780988 0.508793 0.009741 0.005703
0 0.815922 0.453422 0.009741 0.005703
0 0.815922 0.439876 0.009741 0.005703
0 0.850857 0.453422 0.009741 0.005703
0 0.850857 0.439876 0.009741 0.005703
0 0.920726 0.453422 0.009741 0.005703
0 0.920726 0.439876 0.009741 0.005703
0 0.138394 0.726236 0.009741 0.005703
0 0.138394 0.715542 0.009741 0.005703
0 0.138394 0.707462 0.009741 0.005703
0 0.171649 0.726236 0.009741 0.005703
0 0.171649 0.715542 0.009741 0.005703
0 0.171649 0.707462 0.009741 0.005703
0 0.224723 0.726236 0.009741 0.005703
0 0.224723 0.715542 0.009741 0.005703
0 0.224723 0.707462 0.009741 0.005703
0 0.257642 0.723622 0.009741 0.005703
0 0.257642 0.718156 0.009741 0.005703
0 0.257642 0.704848 0.009741 0.005703
0 0.290897 0.723622 0.009741 0.005703
0 0.290897 0.718156 0.009741 0.005703
0 0.290897 0.704848 0.009741 0.005703
0 0.357071 0.723622 0.009741 0.005703
0 0.357071 0.718156 0.009741 0.005703
0 0.357071 0.704848 0.009741 0.005703
0 0.403426 0.729087 0.009741 0.005703
0 0.403426 0.718156 0.009741 0.005703
0 0.444743 0.729087 0.009741 0.005703
0 0.444743 0.718156 0.009741 0.005703
0 0.527712 0.729087 0.009741 0.005703
0 0.527712 0.718156 0.009741 0.005703
0 0.569029 0.729087 0.009741 0.005703
0 0.569029 0.721008 0.009741 0.005703
0 0.610346 0.729087 0.009741 0.005703
0 0.610346 0.721008 0.009741 0.005703
0 0.706752 0.729087 0.009741 0.005703
0 0.706752 0.721008 0.009741 0.005703
0 0.801814 0.721008 0.010413 0.005703
0 0.365133 0.095532 0.009741 0.005703
0 0.388982 0.095532 0.009741 0.005703
0 0.430971 0.076521 0.009741 0.005703
0 0.489083 0.087452 0.009741 0.005703
0 0.557608 0.084601 0.009741 0.005703
0 0.615385 0.084601 0.009741 0.005703
0 0.638898 0.081987 0.009741 0.005703
0 0.668458 0.084601 0.009741 0.005703
0 0.736648 0.079373 0.009741 0.005703
0 0.791401 0.090067 0.009741 0.005703
0 0.846154 0.087452 0.009741 0.005703
0 0.900907 0.087452 0.009741 0.005703
0 0.928451 0.087452 0.009741 0.005703
0 0.138394 0.345532 0.009741 0.005703
0 0.197514 0.348146 0.009741 0.005703
0 0.256298 0.353612 0.009741 0.005703
0 0.315418 0.356226 0.009741 0.005703
0 0.296943 0.356226 0.006718 0.004040
0 0.305005 0.353612 0.006718 0.004040
0 0.339604 0.358840 0.009741 0.005703
0 0.369835 0.361692 0.009741 0.005703
0 0.412832 0.358840 0.009741 0.005703
0 0.473631 0.358840 0.009741 0.005703
0 0.676520 0.350760 0.009741 0.005703
0 0.711454 0.350760 0.009741 0.005703
0 0.746389 0.350760 0.009741 0.005703
0 0.780988 0.350760 0.009741 0.005703
0 0.815922 0.345532 0.009741 0.005703
0 0.885791 0.350760 0.009741 0.005703
0 0.920726 0.350760 0.009741 0.005703
0 0.138730 0.616445 0.010413 0.005703
0 0.257642 0.619297 0.009741 0.005703
0 0.324152 0.619297 0.009741 0.005703
0 0.403426 0.638070 0.009741 0.005703
0 0.486396 0.638070 0.009741 0.005703
0 0.527712 0.638070 0.009741 0.005703
0 0.569029 0.629990 0.009741 0.005703
0 0.610346 0.629990 0.009741 0.005703
0 0.651663 0.627376 0.009741 0.005703
0 0.685590 0.624525 0.009741 0.005703
0 0.727914 0.629990 0.009741 0.005703
0 0.801814 0.619297 0.010413 0.005703
