0 0.324152 0.389021 0.009741 0.005703
0 0.324152 0.380941 0.009741 0.005703
0 0.324152 0.375475 0.009741 0.005703
0 0.324152 0.370010 0.009741 0.005703
0 0.366476 0.389021 0.009741 0.005703
0 0.366476 0.380941 0.009741 0.005703
0 0.366476 0.375475 0.009741 0.005703
0 0.366476 0.370010 0.009741 0.005703
0 0.470608 0.389021 0.009741 0.005703
0 0.470608 0.380941 0.009741 0.005703
0 0.470608 0.375475 0.009741 0.005703
0 0.470608 0.370010 0.009741 0.005703
0 0.540477 0.389021 0.009741 0.005703
0 0.540477 0.378089 0.009741 0.005703
0 0.540477 0.372861 0.009741 0.005703
0 0.860262 0.407795 0.009741 0.005703
0 0.289217 0.418489 0.010413 0.005703
0 0.289217 0.399715 0.010413 0.005703
0 0.612697 0.399715 0.009741 0.005703
0 0.645616 0.389021 0.009741 0.005703
0 0.645616 0.375475 0.009741 0.005703
0 0.678535 0.386169 0.009741 0.005703
0 0.711454 0.402329 0.009741 0.005703
0 0.776957 0.413260 0.009741 0.005703
0 0.776957 0.394249 0.009741 0.005703
0 0.809876 0.402329 0.009741 0.005703
0 0.860262 0.389021 0.009741 0.005703
0 0.860262 0.383555 0.009741 0.005703
0 0.138730 0.700808 0.009741 0.005703
0 0.165267 0.689876 0.009741 0.005703
0 0.207256 0.689876 0.009741 0.005703
0 0.233456 0.700808 0.009741 0.005703
0 0.259657 0.689876 0.009741 0.005703
0 0.312395 0.689876 0.009741 0.005703
0 0.367820 0.681797 0.009741 0.005703
0 0.396372 0.671103 0.009741 0.005703
0 0.424924 0.668489 0.009741 0.005703
0 0.453141 0.681797 0.009741 0.005703
0 0.481693 0.665637 0.009741 0.005703
0 0.510245 0.681797 0.009741 0.005703
0 0.538462 0.668489 0.009741 0.005703
0 0.567014 0.681797 0.009741 0.005703
0 0.616056 0.671103 0.009741 0.005703
0 0.650319 0.676568 0.009741 0.005703
0 0.684246 0.673717 0.009741 0.005703
0 0.729929 0.671103 0.009741 0.005703
0 0.779644 0.681797 0.009741 0.005703
0 0.366476 0.310124 0.009741 0.005703
0 0.435673 0.307510 0.009741 0.005703
0 0.470608 0.302044 0.009741 0.005703
0 0.612697 0.320817 0.009741 0.005703
0 0.678535 0.328897 0.009741 0.005703
0 0.776957 0.326283 0.009741 0.005703
0 0.809876 0.320817 0.009741 0.005703
0 0.289217 0.312738 0.009741 0.005703
0 0.289217 0.307510 0.009741 0.005703
0 0.289217 0.302044 0.009741 0.005703
0 0.289217 0.293964 0.009741 0.005703
0 0.366476 0.296578 0.009741 0.005703
0 0.389318 0.293964 0.009741 0.005703
0 0.412496 0.296578 0.009741 0.005703
0 0.435673 0.302044 0.009741 0.005703
0 0.505542 0.320817 0.009741 0.005703
0 0.505542 0.315589 0.009741 0.005703
0 0.505542 0.302044 0.009741 0.005703
0 0.540477 0.302044 0.009741 0.005703
0 0.572388 0.302044 0.009741 0.005703
0 0.584817 0.307510 0.009741 0.005703
0 0.612697 0.312738 0.009741 0.005703
0 0.711454 0.315589 0.009741 0.005703
0 0.733289 0.312738 0.009741 0.005703
0 0.755123 0.315589 0.009741 0.005703
0 0.776957 0.320817 0.009741 0.005703
0 0.860262 0.320817 0.009741 0.005703
0 0.893181 0.320817 0.009741 0.005703
0 0.923413 0.320817 0.009741 0.005703
0 0.938193 0.326283 0.009741 0.005703
0 0.138730 0.605038 0.010413 0.005703
0 0.367820 0.594344 0.009741 0.005703
0 0.367820 0.580798 0.009741 0.005703
0 0.367820 0.575333 0.009741 0.005703
0 0.424924 0.596958 0.009741 0.005703
0 0.424924 0.583413 0.009741 0.005703
0 0.424924 0.578184 0.009741 0.005703
0 0.481693 0.596958 0.009741 0.005703
0 0.481693 0.583413 0.009741 0.005703
0 0.481693 0.578184 0.009741 0.005703
0 0.538462 0.596958 0.009741 0.005703
0 0.538462 0.583413 0.009741 0.005703
0 0.538462 0.578184 0.009741 0.005703
0 0.616056 0.594344 0.009741 0.005703
0 0.616056 0.580798 0.009741 0.005703
0 0.616056 0.575333 0.009741 0.005703
0 0.650319 0.594344 0.009741 0.005703
0 0.650319 0.586264 0.009741 0.005703
0 0.684246 0.602424 0.009741 0.005703
0 0.684246 0.591492 0.009741 0.005703
0 0.684246 0.586264 0.009741 0.005703
0 0.729929 0.594344 0.009741 0.005703
0 0.729929 0.588878 0.009741 0.005703
0 0.779644 0.599572 0.009741 0.005703
0 0.779644 0.586264 0.009741 0.005703
0 0.312395 0.504753 0.009741 0.005703
0 0.367820 0.485979 0.009741 0.005703
0 0.424924 0.488593 0.009741 0.005703
0 0.453141 0.488593 0.009741 0.005703
0 0.481693 0.488593 0.009741 0.005703
0 0.538462 0.488593 0.009741 0.005703
0 0.567014 0.488593 0.009741 0.005703
0 0.616056 0.485979 0.009741 0.005703
0 0.684246 0.496673 0.009741 0.005703
0 0.712462 0.494059 0.009741 0.005703
0 0.747397 0.491445 0.009741 0.005703
0 0.779644 0.496673 0.009741 0.005703
0 0.835741 0.504753 0.009741 0.005703
0 0.869332 0.502139 0.009741 0.005703
0 0.899227 0.499525 0.009741 0.005703
0 0.927444 0.496673 0.009741 0.005703
