0 0.631844 0.243108 0.010413 0.005941
0 0.719852 0.243108 0.010413 0.005941
0 0.156869 0.243108 0.010413 0.005941
0 0.156869 0.232177 0.010413 0.005941
0 0.290897 0.245722 0.010413 0.005941
0 0.290897 0.234791 0.010413 0.005941
0 0.409137 0.270437 0.010413 0.005941
0 0.409137 0.251188 0.010413 0.005941
0 0.526369 0.262120 0.010077 0.005941
0 0.570709 0.281369 0.010077 0.005941
0 0.632180 0.226711 0.010077 0.005941
0 0.698018 0.229325 0.010077 0.005941
0 0.719852 0.226711 0.010077 0.005941
0 0.755123 0.232177 0.010077 0.005941
0 0.816258 0.234791 0.010077 0.005941
0 0.816258 0.229325 0.010077 0.005941
0 0.862613 0.270437 0.010077 0.005941
0 0.862613 0.251188 0.010077 0.005941
0 0.899227 0.281369 0.010413 0.005941
0 0.899227 0.262120 0.010413 0.005941
0 0.632180 0.182985 0.010077 0.005941
0 0.698018 0.185599 0.010077 0.005941
0 0.816258 0.188213 0.010077 0.005941
0 0.156869 0.193679 0.010413 0.005941
0 0.156869 0.182985 0.010413 0.005941
0 0.290897 0.193679 0.010413 0.005941
0 0.290897 0.185599 0.010413 0.005941
0 0.409137 0.199144 0.010413 0.005941
0 0.409137 0.191065 0.010413 0.005941
0 0.409137 0.180133 0.010413 0.005941
0 0.526369 0.201996 0.010413 0.005941
0 0.526369 0.196530 0.010413 0.005941
0 0.526369 0.188213 0.010413 0.005941
0 0.526369 0.182985 0.010413 0.005941
0 0.632180 0.177519 0.010077 0.005941
0 0.654014 0.169202 0.010077 0.005941
0 0.676184 0.177519 0.010077 0.005941
0 0.698018 0.180133 0.010077 0.005941
0 0.719852 0.182985 0.010077 0.005941
0 0.719852 0.177519 0.010077 0.005941
0 0.755123 0.188213 0.010077 0.005941
0 0.755123 0.182985 0.010077 0.005941
0 0.816258 0.180133 0.010077 0.005941
0 0.800470 0.177281 0.007054 0.004040
0 0.839100 0.182985 0.010077 0.005941
0 0.862613 0.199144 0.010077 0.005941
0 0.862613 0.191065 0.010077 0.005941
0 0.862613 0.185599 0.010077 0.005941
0 0.899227 0.201996 0.010413 0.005941
0 0.899227 0.188213 0.010413 0.005941
0 0.157205 0.087928 0.010077 0.005941
0 0.193147 0.087928 0.010077 0.005941
0 0.227746 0.087928 0.010077 0.005941
0 0.259321 0.087928 0.010077 0.005941
0 0.291233 0.076996 0.010077 0.005941
0 0.341955 0.096245 0.010077 0.005941
0 0.409473 0.082462 0.010077 0.005941
0 0.441048 0.082462 0.010077 0.005941
0 0.470944 0.082462 0.010077 0.005941
0 0.498824 0.082462 0.010077 0.005941
0 0.526369 0.074382 0.010413 0.005941
0 0.631844 0.074382 0.010413 0.005941
