0 0.524353 0.323669 0.008398 0.004753
0 0.609338 0.332937 0.008398 0.004753
0 0.713470 0.323669 0.008398 0.004753
0 0.763184 0.332937 0.008398 0.004753
0 0.242862 0.588165 0.008398 0.004753
0 0.298623 0.597433 0.008398 0.004753
0 0.375210 0.588165 0.008398 0.004753
0 0.424253 0.597433 0.008398 0.004753
0 0.495129 0.866920 0.008398 0.004753
0 0.548203 0.857652 0.008398 0.004753
0 0.631844 0.848384 0.008398 0.004753
0 0.673497 0.864544 0.008398 0.004753
0 0.704064 0.857652 0.008398 0.004753
0 0.793752 0.848384 0.008398 0.004753
0 0.823648 0.848384 0.008398 0.004753
0 0.871683 0.864544 0.008398 0.004753
0 0.216661 0.344344 0.008398 0.004753
0 0.262009 0.344344 0.008398 0.004753
0 0.288881 0.346721 0.008398 0.004753
0 0.332550 0.349097 0.008398 0.004753
0 0.360430 0.351236 0.008398 0.004753
0 0.406785 0.353612 0.008398 0.004753
0 0.443735 0.360504 0.008398 0.004753
0 0.524353 0.323669 0.008398 0.004753
0 0.585825 0.339829 0.008398 0.004753
0 0.609338 0.323669 0.008398 0.004753
0 0.713470 0.323669 0.008398 0.004753
0 0.749412 0.339829 0.008398 0.004753
0 0.763184 0.323669 0.008398 0.004753
0 0.795432 0.344344 0.008398 0.004753
0 0.835741 0.344344 0.008398 0.004753
0 0.860262 0.346721 0.008398 0.004753
0 0.901579 0.349097 0.008398 0.004753
0 0.930803 0.351236 0.008398 0.004753
0 0.124622 0.618108 0.008398 0.004753
0 0.159557 0.625000 0.008398 0.004753
0 0.242862 0.588165 0.008398 0.004753
0 0.278804 0.604325 0.008398 0.004753
0 0.298623 0.588165 0.008398 0.004753
0 0.375210 0.588165 0.008398 0.004753
0 0.410480 0.604325 0.008398 0.004753
0 0.424253 0.588165 0.008398 0.004753
0 0.446087 0.588165 0.008398 0.004753
0 0.492778 0.588165 0.008398 0.004753
0 0.529056 0.590542 0.008398 0.004753
0 0.586832 0.592681 0.008398 0.004753
0 0.622775 0.595057 0.008398 0.004753
0 0.673833 0.597433 0.008398 0.004753
0 0.774269 0.595057 0.008398 0.004753
0 0.880081 0.599572 0.008398 0.004753
0 0.880081 0.590542 0.008398 0.004753
0 0.133020 0.853137 0.008398 0.004753
0 0.186765 0.860029 0.008398 0.004753
0 0.186765 0.850760 0.008398 0.004753
0 0.207592 0.853137 0.008398 0.004753
0 0.240846 0.857652 0.008398 0.004753
0 0.267047 0.857652 0.008398 0.004753
0 0.300302 0.857652 0.008398 0.004753
0 0.342291 0.857652 0.008398 0.004753
0 0.371851 0.857652 0.008398 0.004753
0 0.450118 0.857652 0.008398 0.004753
0 0.495129 0.857652 0.008398 0.004753
0 0.548203 0.857652 0.008398 0.004753
0 0.631844 0.848384 0.008398 0.004753
0 0.704064 0.848384 0.008398 0.004753
0 0.783339 0.848384 0.008398 0.004753
0 0.900235 0.857652 0.008398 0.004753
0 0.900235 0.848384 0.008398 0.004753
0 0.677192 0.540637 0.008398 0.004753
0 0.695331 0.540637 0.008398 0.004753
0 0.714814 0.543013 0.008398 0.004753
0 0.733960 0.545152 0.008398 0.004753
0 0.673833 0.545152 0.008398 0.004753
0 0.495129 0.811787 0.008398 0.004753
0 0.521666 0.811787 0.008398 0.004753
0 0.548203 0.814163 0.008398 0.004753
0 0.216661 0.282557 0.008398 0.004753
0 0.216661 0.278042 0.008398 0.004753
0 0.262009 0.282557 0.008398 0.004753
0 0.262009 0.278042 0.008398 0.004753
0 0.288881 0.282557 0.008398 0.004753
0 0.288881 0.278042 0.008398 0.004753
0 0.332550 0.282557 0.008398 0.004753
0 0.332550 0.278042 0.008398 0.004753
0 0.360430 0.282557 0.008398 0.004753
0 0.360430 0.278042 0.008398 0.004753
0 0.406785 0.287072 0.008398 0.004753
0 0.406785 0.282557 0.008398 0.004753
0 0.406785 0.275665 0.008398 0.004753
0 0.443735 0.289449 0.008398 0.004753
0 0.443735 0.282557 0.008398 0.004753
0 0.443735 0.278042 0.008398 0.004753
0 0.524353 0.291825 0.008398 0.004753
0 0.524353 0.284933 0.008398 0.004753
0 0.524353 0.280181 0.008398 0.004753
0 0.585825 0.278042 0.008398 0.004753
0 0.609338 0.293964 0.008398 0.004753
0 0.609338 0.282557 0.008398 0.004753
0 0.713470 0.291825 0.008398 0.004753
0 0.713470 0.284933 0.008398 0.004753
0 0.713470 0.280181 0.008398 0.004753
0 0.749412 0.278042 0.008398 0.004753
0 0.763184 0.293964 0.008398 0.004753
0 0.763184 0.282557 0.008398 0.004753
0 0.795432 0.282557 0.008398 0.004753
0 0.795432 0.278042 0.008398 0.004753
0 0.835741 0.282557 0.008398 0.004753
0 0.835741 0.278042 0.008398 0.004753
0 0.860262 0.282557 0.008398 0.004753
0 0.860262 0.278042 0.008398 0.004753
0 0.901579 0.282557 0.008398 0.004753
0 0.901579 0.278042 0.008398 0.004753
0 0.930803 0.282557 0.008398 0.004753
0 0.930803 0.278042 0.008398 0.004753
0 0.124622 0.543013 0.008398 0.004753
0 0.124622 0.538260 0.008398 0.004753
0 0.124622 0.531369 0.008398 0.004753
0 0.159557 0.545152 0.008398 0.004753
0 0.159557 0.538260 0.008398 0.004753
0 0.159557 0.533745 0.008398 0.004753
0 0.242862 0.547529 0.008398 0.004753
0 0.242862 0.540637 0.008398 0.004753
0 0.242862 0.536122 0.008398 0.004753
0 0.278804 0.533745 0.008398 0.004753
0 0.298623 0.549905 0.008398 0.004753
0 0.298623 0.538260 0.008398 0.004753
0 0.375210 0.547529 0.008398 0.004753
0 0.375210 0.540637 0.008398 0.004753
0 0.375210 0.536122 0.008398 0.004753
0 0.410480 0.533745 0.008398 0.004753
0 0.424253 0.549905 0.008398 0.004753
0 0.424253 0.538260 0.008398 0.004753
0 0.446087 0.545152 0.008398 0.004753
0 0.446087 0.540637 0.008398 0.004753
0 0.446087 0.536122 0.008398 0.004753
0 0.492778 0.545152 0.008398 0.004753
0 0.492778 0.540637 0.008398 0.004753
0 0.492778 0.536122 0.008398 0.004753
0 0.673833 0.533745 0.008398 0.004753
0 0.774269 0.547529 0.008398 0.004753
0 0.774269 0.543013 0.008398 0.004753
0 0.880081 0.543013 0.008398 0.004753
0 0.880081 0.536122 0.008398 0.004753
0 0.133020 0.814163 0.008398 0.004753
0 0.133020 0.809411 0.008398 0.004753
0 0.186765 0.811787 0.008398 0.004753
0 0.186765 0.804895 0.008398 0.004753
0 0.207592 0.814163 0.008398 0.004753
0 0.207592 0.809411 0.008398 0.004753
0 0.240846 0.814163 0.008398 0.004753
0 0.240846 0.809411 0.008398 0.004753
0 0.248572 0.807272 0.008398 0.004753
0 0.240846 0.802519 0.008398 0.004753
0 0.267047 0.814163 0.008398 0.004753
0 0.267047 0.809411 0.008398 0.004753
0 0.274773 0.807272 0.008398 0.004753
0 0.267047 0.802519 0.008398 0.004753
0 0.300302 0.814163 0.008398 0.004753
0 0.300302 0.809411 0.008398 0.004753
0 0.308028 0.807272 0.008398 0.004753
0 0.300302 0.802519 0.008398 0.004753
0 0.342291 0.814163 0.008398 0.004753
0 0.342291 0.809411 0.008398 0.004753
0 0.350017 0.807272 0.008398 0.004753
0 0.342291 0.802519 0.008398 0.004753
0 0.371851 0.814163 0.008398 0.004753
0 0.371851 0.809411 0.008398 0.004753
0 0.379577 0.807272 0.008398 0.004753
0 0.371851 0.802519 0.008398 0.004753
0 0.450118 0.814163 0.008398 0.004753
0 0.450118 0.809411 0.008398 0.004753
0 0.457843 0.807272 0.008398 0.004753
0 0.450118 0.802519 0.008398 0.004753
0 0.495129 0.807272 0.008398 0.004753
0 0.495129 0.800380 0.008398 0.004753
0 0.548203 0.807272 0.008398 0.004753
0 0.548203 0.802519 0.008398 0.004753
0 0.631844 0.816302 0.008398 0.004753
0 0.631844 0.809411 0.008398 0.004753
0 0.631844 0.804895 0.008398 0.004753
0 0.673497 0.802519 0.008398 0.004753
0 0.704064 0.818679 0.008398 0.004753
0 0.704064 0.807272 0.008398 0.004753
0 0.783339 0.816302 0.008398 0.004753
0 0.783339 0.809411 0.008398 0.004753
0 0.783339 0.804895 0.008398 0.004753
0 0.823648 0.816302 0.008398 0.004753
0 0.823648 0.809411 0.008398 0.004753
0 0.823648 0.804895 0.008398 0.004753
0 0.871683 0.802519 0.008398 0.004753
0 0.900235 0.818679 0.008398 0.004753
0 0.900235 0.807272 0.008398 0.004753
0 0.216661 0.210314 0.008398 0.004753
0 0.262009 0.210314 0.008398 0.004753
0 0.305341 0.210314 0.008398 0.004753
0 0.332550 0.210314 0.008398 0.004753
0 0.360430 0.210314 0.008398 0.004753
0 0.406785 0.208175 0.008398 0.004753
0 0.443735 0.210314 0.008398 0.004753
0 0.487403 0.210314 0.008398 0.004753
0 0.524353 0.212690 0.008398 0.004753
0 0.561639 0.212690 0.008398 0.004753
0 0.585825 0.210314 0.008398 0.004753
0 0.609338 0.215067 0.008398 0.004753
0 0.646624 0.215067 0.008398 0.004753
0 0.675176 0.210314 0.008398 0.004753
0 0.713470 0.212690 0.008398 0.004753
0 0.795432 0.210314 0.008398 0.004753
0 0.835741 0.210314 0.008398 0.004753
0 0.875378 0.210314 0.008398 0.004753
0 0.901579 0.210314 0.008398 0.004753
0 0.930803 0.210314 0.008398 0.004753
0 0.124622 0.465067 0.008398 0.004753
0 0.159557 0.467443 0.008398 0.004753
0 0.200873 0.467443 0.008398 0.004753
0 0.242862 0.469582 0.008398 0.004753
0 0.278804 0.467443 0.008398 0.004753
0 0.298623 0.471958 0.008398 0.004753
0 0.334565 0.467443 0.008398 0.004753
0 0.375210 0.469582 0.008398 0.004753
0 0.446087 0.469582 0.008398 0.004753
0 0.492778 0.469582 0.008398 0.004753
0 0.529056 0.469582 0.008398 0.004753
0 0.556265 0.469582 0.008398 0.004753
0 0.586832 0.469582 0.008398 0.004753
0 0.622775 0.469582 0.008398 0.004753
0 0.673833 0.467443 0.008398 0.004753
0 0.714814 0.467443 0.008398 0.004753
0 0.774269 0.476473 0.008398 0.004753
0 0.811555 0.476473 0.008398 0.004753
0 0.833725 0.476473 0.008398 0.004753
0 0.855895 0.476473 0.008398 0.004753
0 0.880081 0.469582 0.008398 0.004753
0 0.929459 0.469582 0.008398 0.004753
0 0.133020 0.738593 0.008398 0.004753
0 0.240846 0.731702 0.008398 0.004753
0 0.267047 0.731702 0.008398 0.004753
0 0.300302 0.731702 0.008398 0.004753
0 0.342291 0.731702 0.008398 0.004753
0 0.371851 0.731702 0.008398 0.004753
0 0.403762 0.734078 0.008398 0.004753
0 0.435338 0.731702 0.008398 0.004753
0 0.495129 0.729325 0.008398 0.004753
0 0.548203 0.731702 0.008398 0.004753
0 0.591199 0.731702 0.008398 0.004753
0 0.631844 0.734078 0.008398 0.004753
0 0.673497 0.731702 0.008398 0.004753
0 0.704064 0.736217 0.008398 0.004753
0 0.745717 0.731702 0.008398 0.004753
0 0.783339 0.734078 0.008398 0.004753
