0 0.423245 0.351236 0.007726 0.004515
0 0.484380 0.355513 0.007726 0.004515
0 0.556601 0.353375 0.007726 0.004515
0 0.623111 0.357414 0.007726 0.004515
0 0.704736 0.355513 0.007726 0.004515
0 0.766208 0.359553 0.007726 0.004515
0 0.832382 0.357414 0.007726 0.004515
0 0.153174 0.530418 0.007726 0.004515
0 0.211958 0.534458 0.007726 0.004515
0 0.280484 0.532557 0.007726 0.004515
0 0.343970 0.536597 0.007726 0.004515
0 0.421901 0.534458 0.007726 0.004515
0 0.481357 0.538736 0.007726 0.004515
0 0.545516 0.536597 0.007726 0.004515
0 0.137723 0.199382 0.007726 0.004515
0 0.137723 0.184411 0.007726 0.004515
0 0.217333 0.207937 0.007726 0.004515
0 0.217333 0.192966 0.007726 0.004515
0 0.315082 0.201521 0.007726 0.004515
0 0.315082 0.186549 0.007726 0.004515
0 0.387974 0.197243 0.007726 0.004515
0 0.464226 0.192966 0.007726 0.004515
0 0.505542 0.192966 0.007726 0.004515
0 0.557608 0.192966 0.007726 0.004515
0 0.598925 0.192966 0.007726 0.004515
0 0.651999 0.197243 0.007726 0.004515
0 0.691300 0.195105 0.007726 0.004515
0 0.780316 0.207937 0.007726 0.004515
0 0.780316 0.192966 0.007726 0.004515
0 0.862949 0.207937 0.007726 0.004515
0 0.862949 0.192966 0.007726 0.004515
0 0.142761 0.378802 0.007726 0.004515
0 0.142761 0.363831 0.007726 0.004515
0 0.416191 0.349097 0.007726 0.004515
0 0.440040 0.349097 0.007726 0.004515
0 0.462210 0.349097 0.007726 0.004515
0 0.484380 0.349097 0.007726 0.004515
0 0.506550 0.349097 0.007726 0.004515
0 0.534431 0.349097 0.007726 0.004515
0 0.556601 0.349097 0.007726 0.004515
0 0.578771 0.349097 0.007726 0.004515
0 0.600941 0.349097 0.007726 0.004515
0 0.623111 0.349097 0.007726 0.004515
0 0.645280 0.349097 0.007726 0.004515
0 0.673161 0.349097 0.007726 0.004515
0 0.704736 0.349097 0.007726 0.004515
0 0.725227 0.349097 0.007726 0.004515
0 0.745717 0.349097 0.007726 0.004515
0 0.766208 0.349097 0.007726 0.004515
0 0.786362 0.349097 0.007726 0.004515
0 0.811891 0.349097 0.007726 0.004515
0 0.832382 0.349097 0.007726 0.004515
0 0.852872 0.349097 0.007726 0.004515
0 0.873362 0.349097 0.007726 0.004515
0 0.893853 0.349097 0.007726 0.004515
0 0.914007 0.349097 0.007726 0.004515
0 0.934498 0.349097 0.007726 0.004515
0 0.146120 0.528279 0.007726 0.004515
0 0.169634 0.528279 0.007726 0.004515
0 0.190796 0.528279 0.007726 0.004515
0 0.211958 0.528279 0.007726 0.004515
0 0.233121 0.528279 0.007726 0.004515
0 0.259657 0.528279 0.007726 0.004515
0 0.280484 0.528279 0.007726 0.004515
0 0.301646 0.528279 0.007726 0.004515
0 0.322808 0.528279 0.007726 0.004515
0 0.343970 0.528279 0.007726 0.004515
0 0.365133 0.528279 0.007726 0.004515
0 0.391334 0.528279 0.007726 0.004515
0 0.421901 0.528279 0.007726 0.004515
0 0.441720 0.528279 0.007726 0.004515
0 0.461538 0.528279 0.007726 0.004515
0 0.481357 0.528279 0.007726 0.004515
0 0.501176 0.528279 0.007726 0.004515
0 0.525697 0.528279 0.007726 0.004515
0 0.545516 0.528279 0.007726 0.004515
0 0.565334 0.528279 0.007726 0.004515
0 0.585153 0.528279 0.007726 0.004515
0 0.604971 0.528279 0.007726 0.004515
0 0.624790 0.528279 0.007726 0.004515
0 0.649311 0.528279 0.007726 0.004515
0 0.675512 0.534458 0.007726 0.004515
0 0.682566 0.532557 0.007726 0.004515
0 0.742022 0.534458 0.007726 0.004515
0 0.749076 0.532557 0.007726 0.004515
0 0.815586 0.536597 0.007726 0.004515
0 0.815586 0.532557 0.007726 0.004515
0 0.882096 0.536597 0.007726 0.004515
0 0.882096 0.532557 0.007726 0.004515
0 0.135371 0.719106 0.007726 0.004515
0 0.135371 0.712690 0.007726 0.004515
0 0.199194 0.721245 0.007726 0.004515
0 0.199194 0.712690 0.007726 0.004515
0 0.258986 0.727662 0.007726 0.004515
0 0.258986 0.712690 0.007726 0.004515
0 0.395029 0.710789 0.007726 0.004515
0 0.533087 0.712690 0.007726 0.004515
0 0.682230 0.710789 0.007726 0.004515
0 0.821297 0.712690 0.007726 0.004515
0 0.209271 0.904705 0.007726 0.004515
0 0.209271 0.896150 0.007726 0.004515
0 0.232785 0.904705 0.007726 0.004515
0 0.232785 0.896150 0.007726 0.004515
0 0.256634 0.904705 0.007726 0.004515
0 0.256634 0.896150 0.007726 0.004515
0 0.280484 0.902567 0.007726 0.004515
0 0.280484 0.894011 0.007726 0.004515
0 0.304333 0.902567 0.007726 0.004515
0 0.304333 0.894011 0.007726 0.004515
0 0.328183 0.902567 0.007726 0.004515
0 0.328183 0.894011 0.007726 0.004515
0 0.352032 0.904705 0.007726 0.004515
0 0.352032 0.891873 0.007726 0.004515
0 0.375546 0.904705 0.007726 0.004515
0 0.375546 0.891873 0.007726 0.004515
0 0.405442 0.904705 0.007726 0.004515
0 0.405442 0.891873 0.007726 0.004515
0 0.450789 0.913260 0.008062 0.004515
0 0.450789 0.904705 0.008062 0.004515
0 0.450789 0.898289 0.008062 0.004515
0 0.716157 0.919677 0.008062 0.004515
0 0.716157 0.904705 0.008062 0.004515
0 0.682566 0.502614 0.007726 0.004515
0 0.815586 0.500475 0.007726 0.004515
0 0.142761 0.679658 0.007726 0.004515
0 0.142761 0.671103 0.007726 0.004515
0 0.199194 0.677519 0.007726 0.004515
0 0.199194 0.673241 0.007726 0.004515
0 0.258986 0.679658 0.007726 0.004515
0 0.258986 0.675380 0.007726 0.004515
0 0.395029 0.671103 0.007726 0.004515
0 0.533087 0.668964 0.007726 0.004515
0 0.682230 0.671103 0.007726 0.004515
0 0.821297 0.668964 0.007726 0.004515
0 0.172993 0.129040 0.007726 0.004515
0 0.172993 0.125000 0.007726 0.004515
0 0.172993 0.118584 0.007726 0.004515
0 0.172993 0.114306 0.007726 0.004515
0 0.254283 0.129040 0.007726 0.004515
0 0.261337 0.126901 0.007726 0.004515
0 0.261337 0.118584 0.007726 0.004515
0 0.261337 0.114306 0.007726 0.004515
0 0.347330 0.131179 0.007726 0.004515
0 0.347330 0.126901 0.007726 0.004515
0 0.347330 0.120722 0.007726 0.004515
0 0.347330 0.116445 0.007726 0.004515
0 0.420222 0.131179 0.007726 0.004515
0 0.420222 0.126901 0.007726 0.004515
0 0.420222 0.120722 0.007726 0.004515
0 0.464226 0.126901 0.007726 0.004515
0 0.464226 0.116445 0.007726 0.004515
0 0.505542 0.131179 0.007726 0.004515
0 0.505542 0.126901 0.007726 0.004515
0 0.505542 0.120722 0.007726 0.004515
0 0.550218 0.129040 0.007726 0.004515
0 0.557608 0.126901 0.007726 0.004515
0 0.557608 0.118584 0.007726 0.004515
0 0.598925 0.133317 0.007726 0.004515
0 0.598925 0.126901 0.007726 0.004515
0 0.598925 0.122861 0.007726 0.004515
0 0.651999 0.131179 0.007726 0.004515
0 0.651999 0.126901 0.007726 0.004515
0 0.651999 0.120722 0.007726 0.004515
0 0.691300 0.129040 0.007726 0.004515
0 0.691300 0.125000 0.007726 0.004515
0 0.691300 0.118584 0.007726 0.004515
0 0.816930 0.131179 0.007726 0.004515
0 0.816930 0.126901 0.007726 0.004515
0 0.816930 0.120722 0.007726 0.004515
0 0.901915 0.129040 0.007726 0.004515
0 0.908969 0.126901 0.007726 0.004515
0 0.908969 0.122861 0.007726 0.004515
0 0.142761 0.308222 0.007726 0.004515
0 0.142761 0.303945 0.007726 0.004515
0 0.142761 0.297766 0.007726 0.004515
0 0.163588 0.297766 0.007726 0.004515
0 0.184414 0.297766 0.007726 0.004515
0 0.205240 0.297766 0.007726 0.004515
0 0.226067 0.297766 0.007726 0.004515
0 0.247229 0.297766 0.007726 0.004515
0 0.268055 0.297766 0.007726 0.004515
0 0.288881 0.297766 0.007726 0.004515
0 0.309708 0.297766 0.007726 0.004515
0 0.330534 0.297766 0.007726 0.004515
0 0.351360 0.297766 0.007726 0.004515
0 0.377561 0.297766 0.007726 0.004515
0 0.556601 0.308222 0.007726 0.004515
0 0.623111 0.312500 0.007726 0.004515
0 0.704736 0.310361 0.007726 0.004515
0 0.766208 0.314639 0.007726 0.004515
0 0.832382 0.312500 0.007726 0.004515
0 0.280484 0.487643 0.007726 0.004515
0 0.343970 0.491920 0.007726 0.004515
0 0.421901 0.489781 0.007726 0.004515
0 0.481357 0.494059 0.007726 0.004515
0 0.545516 0.491920 0.007726 0.004515
0 0.682566 0.491920 0.007726 0.004515
0 0.703057 0.491920 0.007726 0.004515
0 0.728586 0.491920 0.007726 0.004515
0 0.749076 0.491920 0.007726 0.004515
0 0.769567 0.491920 0.007726 0.004515
0 0.795096 0.491920 0.007726 0.004515
0 0.815586 0.491920 0.007726 0.004515
0 0.836077 0.491920 0.007726 0.004515
0 0.861606 0.491920 0.007726 0.004515
0 0.882096 0.491920 0.007726 0.004515
0 0.902586 0.491920 0.007726 0.004515
0 0.928116 0.491920 0.007726 0.004515
0 0.135371 0.668964 0.007726 0.004515
0 0.159221 0.668964 0.007726 0.004515
0 0.179039 0.668964 0.007726 0.004515
0 0.199194 0.668964 0.007726 0.004515
0 0.219012 0.668964 0.007726 0.004515
0 0.239167 0.668964 0.007726 0.004515
0 0.258986 0.668964 0.007726 0.004515
0 0.278804 0.668964 0.007726 0.004515
0 0.298959 0.668964 0.007726 0.004515
0 0.318777 0.668964 0.007726 0.004515
0 0.338932 0.668964 0.007726 0.004515
0 0.363789 0.668964 0.007726 0.004515
0 0.395029 0.675380 0.007726 0.004515
0 0.417199 0.675380 0.007726 0.004515
0 0.439033 0.675380 0.007726 0.004515
0 0.461203 0.675380 0.007726 0.004515
0 0.483373 0.675380 0.007726 0.004515
0 0.510917 0.675380 0.007726 0.004515
0 0.533087 0.675380 0.007726 0.004515
0 0.554921 0.675380 0.007726 0.004515
0 0.577091 0.675380 0.007726 0.004515
0 0.599261 0.675380 0.007726 0.004515
0 0.621095 0.675380 0.007726 0.004515
0 0.648640 0.675380 0.007726 0.004515
0 0.682230 0.675380 0.007726 0.004515
0 0.704400 0.675380 0.007726 0.004515
0 0.726570 0.675380 0.007726 0.004515
0 0.749076 0.675380 0.007726 0.004515
0 0.771246 0.675380 0.007726 0.004515
0 0.799127 0.675380 0.007726 0.004515
0 0.821297 0.675380 0.007726 0.004515
0 0.843467 0.675380 0.007726 0.004515
0 0.865972 0.675380 0.007726 0.004515
0 0.888142 0.675380 0.007726 0.004515
0 0.910312 0.675380 0.007726 0.004515
0 0.932818 0.675380 0.007726 0.004515
0 0.137723 0.855751 0.007726 0.004515
0 0.161572 0.855751 0.007726 0.004515
0 0.185422 0.855751 0.007726 0.004515
0 0.209271 0.860029 0.007726 0.004515
0 0.209271 0.851473 0.007726 0.004515
0 0.216325 0.849335 0.007726 0.004515
0 0.232785 0.860029 0.007726 0.004515
0 0.232785 0.851473 0.007726 0.004515
0 0.240175 0.849335 0.007726 0.004515
0 0.256634 0.860029 0.007726 0.004515
0 0.256634 0.851473 0.007726 0.004515
0 0.263688 0.849335 0.007726 0.004515
0 0.280484 0.857890 0.007726 0.004515
0 0.280484 0.853612 0.007726 0.004515
0 0.280484 0.849335 0.007726 0.004515
0 0.304333 0.857890 0.007726 0.004515
0 0.304333 0.853612 0.007726 0.004515
0 0.304333 0.849335 0.007726 0.004515
0 0.328183 0.857890 0.007726 0.004515
0 0.328183 0.853612 0.007726 0.004515
0 0.328183 0.849335 0.007726 0.004515
0 0.352032 0.860029 0.007726 0.004515
0 0.352032 0.855751 0.007726 0.004515
0 0.352032 0.849335 0.007726 0.004515
0 0.375546 0.860029 0.007726 0.004515
0 0.375546 0.855751 0.007726 0.004515
0 0.375546 0.849335 0.007726 0.004515
0 0.405442 0.860029 0.007726 0.004515
0 0.405442 0.855751 0.007726 0.004515
0 0.405442 0.849335 0.007726 0.004515
0 0.450453 0.842918 0.007726 0.004515
0 0.470608 0.838641 0.007726 0.004515
0 0.490763 0.832462 0.007726 0.004515
0 0.510917 0.828184 0.007726 0.004515
0 0.530736 0.832462 0.007726 0.004515
0 0.555929 0.838641 0.007726 0.004515
0 0.576083 0.842918 0.007726 0.004515
0 0.596238 0.838641 0.007726 0.004515
0 0.621431 0.832462 0.007726 0.004515
0 0.641250 0.828184 0.007726 0.004515
0 0.661404 0.832462 0.007726 0.004515
0 0.686597 0.838641 0.007726 0.004515
0 0.716157 0.840779 0.007726 0.004515
0 0.735304 0.838641 0.007726 0.004515
0 0.754451 0.834601 0.007726 0.004515
0 0.773598 0.830323 0.007726 0.004515
0 0.792744 0.834601 0.007726 0.004515
0 0.816594 0.838641 0.007726 0.004515
0 0.835741 0.840779 0.007726 0.004515
0 0.854552 0.838641 0.007726 0.004515
0 0.873698 0.834601 0.007726 0.004515
0 0.892845 0.830323 0.007726 0.004515
0 0.911992 0.834601 0.007726 0.004515
0 0.935841 0.838641 0.007726 0.004515
0 0.137723 0.065352 0.007726 0.004515
0 0.172993 0.069629 0.007726 0.004515
0 0.195163 0.069629 0.007726 0.004515
0 0.217333 0.071768 0.007726 0.004515
0 0.239503 0.073907 0.007726 0.004515
0 0.261337 0.076046 0.007726 0.004515
0 0.283507 0.077947 0.007726 0.004515
0 0.315082 0.067490 0.007726 0.004515
0 0.367484 0.069629 0.007726 0.004515
0 0.387974 0.071768 0.007726 0.004515
0 0.464226 0.067490 0.007726 0.004515
0 0.505542 0.071768 0.007726 0.004515
0 0.531407 0.071768 0.007726 0.004515
0 0.557608 0.069629 0.007726 0.004515
0 0.598925 0.077947 0.007726 0.004515
0 0.651999 0.063213 0.007726 0.004515
0 0.691300 0.061074 0.007726 0.004515
0 0.780316 0.063213 0.007726 0.004515
0 0.816930 0.065352 0.007726 0.004515
0 0.840107 0.067490 0.007726 0.004515
0 0.862949 0.069629 0.007726 0.004515
0 0.886127 0.065352 0.007726 0.004515
0 0.908969 0.067490 0.007726 0.004515
0 0.932146 0.069629 0.007726 0.004515
0 0.142761 0.248812 0.007726 0.004515
0 0.364461 0.248812 0.007726 0.004515
0 0.416191 0.248812 0.007726 0.004515
0 0.520322 0.248812 0.007726 0.004515
0 0.556601 0.242395 0.007726 0.004515
0 0.659389 0.248812 0.007726 0.004515
0 0.704736 0.248812 0.007726 0.004515
0 0.799127 0.250951 0.007726 0.004515
0 0.832382 0.253089 0.007726 0.004515
0 0.246221 0.428232 0.007726 0.004515
0 0.280484 0.421816 0.007726 0.004515
0 0.378233 0.428232 0.007726 0.004515
0 0.421901 0.428232 0.007726 0.004515
0 0.513268 0.419677 0.007726 0.004515
0 0.545516 0.417538 0.007726 0.004515
0 0.636883 0.417538 0.007726 0.004515
0 0.682566 0.417538 0.007726 0.004515
0 0.715821 0.428232 0.007726 0.004515
0 0.782331 0.417538 0.007726 0.004515
0 0.815586 0.417538 0.007726 0.004515
0 0.848841 0.426093 0.007726 0.004515
0 0.915351 0.426093 0.007726 0.004515
0 0.135371 0.596721 0.007726 0.004515
0 0.199194 0.598859 0.007726 0.004515
0 0.258986 0.600998 0.007726 0.004515
0 0.351360 0.600998 0.007726 0.004515
0 0.395029 0.600998 0.007726 0.004515
0 0.497145 0.603137 0.007726 0.004515
0 0.533087 0.605276 0.007726 0.004515
0 0.634867 0.600998 0.007726 0.004515
0 0.682230 0.600998 0.007726 0.004515
0 0.785018 0.603137 0.007726 0.004515
0 0.821297 0.605276 0.007726 0.004515
0 0.390662 0.789686 0.007726 0.004515
0 0.450453 0.783508 0.007726 0.004515
0 0.543500 0.789686 0.007726 0.004515
0 0.576083 0.793964 0.007726 0.004515
0 0.608666 0.789686 0.007726 0.004515
0 0.641250 0.783508 0.007726 0.004515
0 0.674169 0.779230 0.007726 0.004515
0 0.716157 0.774952 0.007726 0.004515
0 0.804501 0.777091 0.007726 0.004515
0 0.835741 0.781369 0.007726 0.004515
0 0.924085 0.789686 0.007726 0.004515
