0 0.361774 0.257129 0.008734 0.004990
0 0.361774 0.240970 0.008734 0.004990
0 0.131340 0.245722 0.008398 0.004990
0 0.131340 0.229563 0.008398 0.004990
0 0.166611 0.245722 0.008398 0.004990
0 0.166611 0.229563 0.008398 0.004990
0 0.200202 0.245722 0.008398 0.004990
0 0.200202 0.229563 0.008398 0.004990
0 0.267383 0.247861 0.008398 0.004990
0 0.267383 0.231939 0.008398 0.004990
0 0.390998 0.218156 0.008398 0.004990
0 0.420222 0.215779 0.008734 0.004990
0 0.691300 0.261644 0.008398 0.004990
0 0.691300 0.245722 0.008398 0.004990
0 0.775949 0.261644 0.008734 0.004990
0 0.775949 0.245722 0.008734 0.004990
0 0.564662 0.179658 0.008398 0.004990
0 0.564662 0.175143 0.008398 0.004990
0 0.596238 0.182034 0.008398 0.004990
0 0.596238 0.175143 0.008398 0.004990
0 0.628149 0.184173 0.008734 0.004990
0 0.628149 0.175143 0.008734 0.004990
0 0.775613 0.179658 0.008398 0.004990
0 0.775613 0.175143 0.008398 0.004990
0 0.805509 0.182034 0.008398 0.004990
0 0.805509 0.175143 0.008398 0.004990
0 0.835741 0.184173 0.008734 0.004990
0 0.835741 0.175143 0.008734 0.004990
0 0.131340 0.191065 0.008398 0.004990
0 0.131340 0.184173 0.008398 0.004990
0 0.131340 0.175143 0.008398 0.004990
0 0.166611 0.184173 0.008398 0.004990
0 0.166611 0.177281 0.008398 0.004990
0 0.174337 0.175143 0.008398 0.004990
0 0.200202 0.184173 0.008398 0.004990
0 0.200202 0.177281 0.008398 0.004990
0 0.207927 0.175143 0.008398 0.004990
0 0.233792 0.184173 0.008398 0.004990
0 0.233792 0.177281 0.008398 0.004990
0 0.241518 0.175143 0.008398 0.004990
0 0.267383 0.184173 0.008398 0.004990
0 0.267383 0.177281 0.008398 0.004990
0 0.267383 0.172766 0.008398 0.004990
0 0.300974 0.184173 0.008398 0.004990
0 0.300974 0.177281 0.008398 0.004990
0 0.300974 0.172766 0.008398 0.004990
0 0.361774 0.186549 0.008398 0.004990
0 0.361774 0.177281 0.008398 0.004990
0 0.369499 0.175143 0.008398 0.004990
0 0.361774 0.170390 0.008398 0.004990
0 0.390998 0.177281 0.008398 0.004990
0 0.398724 0.175143 0.008398 0.004990
0 0.390998 0.168251 0.008398 0.004990
0 0.419886 0.177281 0.008398 0.004990
0 0.427612 0.175143 0.008398 0.004990
0 0.419886 0.170390 0.008398 0.004990
0 0.419886 0.165875 0.008398 0.004990
0 0.449110 0.177281 0.008398 0.004990
0 0.456836 0.175143 0.008398 0.004990
0 0.449110 0.170390 0.008398 0.004990
0 0.449110 0.165875 0.008398 0.004990
0 0.477998 0.177281 0.008398 0.004990
0 0.485724 0.175143 0.008398 0.004990
0 0.477998 0.170390 0.008398 0.004990
0 0.477998 0.165875 0.008398 0.004990
0 0.514276 0.177281 0.008398 0.004990
0 0.522002 0.175143 0.008398 0.004990
0 0.514276 0.170390 0.008398 0.004990
0 0.514276 0.165875 0.008398 0.004990
0 0.564662 0.170390 0.008398 0.004990
0 0.564662 0.163498 0.008398 0.004990
0 0.564662 0.154468 0.008398 0.004990
0 0.596238 0.170390 0.008398 0.004990
0 0.596238 0.165875 0.008398 0.004990
0 0.596238 0.154468 0.008398 0.004990
0 0.627813 0.170390 0.008398 0.004990
0 0.635539 0.168251 0.008398 0.004990
0 0.627813 0.154468 0.008398 0.004990
0 0.659725 0.170390 0.008398 0.004990
0 0.667450 0.168251 0.008398 0.004990
0 0.659725 0.154468 0.008398 0.004990
0 0.691300 0.170390 0.008398 0.004990
0 0.699026 0.168251 0.008398 0.004990
0 0.691300 0.154468 0.008398 0.004990
0 0.722875 0.170390 0.008398 0.004990
0 0.730601 0.168251 0.008398 0.004990
0 0.722875 0.154468 0.008398 0.004990
0 0.775613 0.170390 0.008398 0.004990
0 0.775613 0.163498 0.008398 0.004990
0 0.775613 0.154468 0.008398 0.004990
0 0.805509 0.170390 0.008398 0.004990
0 0.805509 0.165875 0.008398 0.004990
0 0.805509 0.154468 0.008398 0.004990
0 0.835741 0.170390 0.008398 0.004990
0 0.843131 0.168251 0.008398 0.004990
0 0.835741 0.154468 0.008398 0.004990
0 0.865637 0.170390 0.008398 0.004990
0 0.873362 0.168251 0.008398 0.004990
0 0.865637 0.154468 0.008398 0.004990
0 0.895532 0.170390 0.008398 0.004990
0 0.903258 0.168251 0.008398 0.004990
0 0.895532 0.154468 0.008398 0.004990
0 0.925428 0.170390 0.008398 0.004990
0 0.933154 0.168251 0.008398 0.004990
0 0.925428 0.154468 0.008398 0.004990
0 0.131340 0.074857 0.008398 0.004990
0 0.166611 0.074857 0.008398 0.004990
0 0.200202 0.074857 0.008398 0.004990
0 0.267383 0.072481 0.008398 0.004990
0 0.300974 0.072481 0.008398 0.004990
0 0.361774 0.070105 0.008398 0.004990
0 0.390998 0.067966 0.008398 0.004990
0 0.419886 0.065589 0.008398 0.004990
0 0.477998 0.065589 0.008398 0.004990
0 0.514276 0.065589 0.008398 0.004990
0 0.564662 0.063213 0.008398 0.004990
0 0.596238 0.065589 0.008398 0.004990
0 0.627813 0.067966 0.008398 0.004990
0 0.691300 0.074857 0.008398 0.004990
0 0.775613 0.063213 0.008398 0.004990
0 0.805509 0.065589 0.008398 0.004990
0 0.835741 0.067966 0.008398 0.004990
0 0.895532 0.067966 0.008398 0.004990
