0 0.159221 0.199857 0.009070 0.005466
0 0.159221 0.187262 0.009070 0.005466
0 0.253611 0.194867 0.009070 0.005466
0 0.253611 0.184648 0.009070 0.005466
0 0.288210 0.187262 0.009070 0.005466
0 0.288210 0.182034 0.009070 0.005466
0 0.349345 0.199857 0.009070 0.005466
0 0.349345 0.194867 0.009070 0.005466
0 0.430971 0.187262 0.009070 0.005466
0 0.430971 0.182034 0.009070 0.005466
0 0.522002 0.194867 0.009070 0.005466
0 0.522002 0.184648 0.009070 0.005466
0 0.557608 0.182034 0.009070 0.005466
0 0.557608 0.177044 0.009070 0.005466
0 0.616728 0.194867 0.009070 0.005466
0 0.616728 0.184648 0.009070 0.005466
0 0.696675 0.217443 0.014108 0.005466
0 0.696675 0.209838 0.014108 0.005466
0 0.696675 0.204848 0.014108 0.005466
0 0.161236 0.433460 0.009741 0.005466
0 0.161236 0.428470 0.009741 0.005466
0 0.161236 0.423241 0.009741 0.005466
0 0.285186 0.430846 0.009741 0.005466
0 0.293920 0.428470 0.009741 0.005466
0 0.285186 0.423241 0.009741 0.005466
0 0.285186 0.418251 0.009741 0.005466
0 0.426268 0.430846 0.009070 0.005466
0 0.426268 0.423241 0.009070 0.005466
0 0.434666 0.420865 0.009070 0.005466
0 0.520994 0.430846 0.009070 0.005466
0 0.520994 0.423241 0.009070 0.005466
0 0.520994 0.418251 0.009070 0.005466
0 0.556601 0.428470 0.009070 0.005466
0 0.556601 0.423241 0.009070 0.005466
0 0.564998 0.420865 0.009070 0.005466
0 0.708095 0.418251 0.009070 0.005466
0 0.699698 0.410646 0.009070 0.005466
0 0.708095 0.408032 0.009070 0.005466
0 0.800470 0.418251 0.009070 0.005466
0 0.800470 0.410646 0.009070 0.005466
0 0.800470 0.405656 0.009070 0.005466
0 0.835741 0.420865 0.009070 0.005466
0 0.827343 0.410646 0.009070 0.005466
0 0.835741 0.408032 0.009070 0.005466
0 0.161908 0.663498 0.009070 0.005466
0 0.161908 0.645913 0.009070 0.005466
0 0.260665 0.661122 0.009070 0.005466
0 0.260665 0.643298 0.009070 0.005466
0 0.295264 0.663498 0.009070 0.005466
0 0.295264 0.645913 0.009070 0.005466
0 0.434666 0.635694 0.009070 0.005466
0 0.454148 0.628327 0.009070 0.005466
0 0.473631 0.635694 0.009070 0.005466
0 0.493114 0.645913 0.009070 0.005466
0 0.512932 0.635694 0.009070 0.005466
0 0.537454 0.645913 0.009070 0.005466
0 0.556937 0.653517 0.009070 0.005466
0 0.576419 0.645913 0.009070 0.005466
0 0.595902 0.653517 0.009070 0.005466
0 0.615721 0.663498 0.009070 0.005466
0 0.635203 0.653517 0.009070 0.005466
0 0.654686 0.663498 0.009070 0.005466
0 0.688949 0.673717 0.009070 0.005466
0 0.688949 0.655894 0.009070 0.005466
0 0.789385 0.671103 0.009070 0.005466
0 0.789385 0.653517 0.009070 0.005466
0 0.824992 0.673717 0.009070 0.005466
0 0.824992 0.655894 0.009070 0.005466
0 0.165603 0.848146 0.009070 0.005466
0 0.183406 0.843156 0.009070 0.005466
0 0.201545 0.848146 0.009070 0.005466
0 0.219684 0.860741 0.009070 0.005466
0 0.237823 0.848146 0.009070 0.005466
0 0.260329 0.860741 0.009070 0.005466
0 0.278468 0.848146 0.009070 0.005466
0 0.296607 0.843156 0.009070 0.005466
0 0.314746 0.848146 0.009070 0.005466
0 0.332885 0.860741 0.009070 0.005466
0 0.351025 0.848146 0.009070 0.005466
0 0.373530 0.860741 0.009070 0.005466
0 0.401411 0.853137 0.009070 0.005466
0 0.419550 0.848146 0.009070 0.005466
0 0.437689 0.853137 0.009070 0.005466
0 0.455828 0.865732 0.009070 0.005466
0 0.473631 0.853137 0.009070 0.005466
0 0.496473 0.865732 0.009070 0.005466
0 0.514612 0.853137 0.009070 0.005466
0 0.532751 0.848146 0.009070 0.005466
0 0.550554 0.853137 0.009070 0.005466
0 0.568693 0.865732 0.009070 0.005466
0 0.586832 0.853137 0.009070 0.005466
0 0.609338 0.865732 0.009070 0.005466
0 0.642257 0.860741 0.009070 0.005466
0 0.661068 0.853137 0.009070 0.005466
0 0.679543 0.860741 0.009070 0.005466
0 0.698018 0.870960 0.009070 0.005466
0 0.716829 0.860741 0.009070 0.005466
0 0.735304 0.870960 0.009070 0.005466
0 0.753779 0.860741 0.009070 0.005466
0 0.772254 0.853137 0.009070 0.005466
0 0.791065 0.860741 0.009070 0.005466
0 0.809540 0.870960 0.009070 0.005466
0 0.828015 0.860741 0.009070 0.005466
0 0.846826 0.870960 0.009070 0.005466
0 0.878065 0.878565 0.009741 0.005466
0 0.878065 0.860741 0.009741 0.005466
0 0.278468 0.800856 0.009070 0.005466
0 0.401411 0.793489 0.009070 0.005466
0 0.514612 0.783270 0.009070 0.005466
0 0.642593 0.775665 0.014108 0.005466
0 0.642593 0.770675 0.014108 0.005466
0 0.159221 0.138546 0.009070 0.005466
0 0.179711 0.128565 0.009070 0.005466
0 0.200202 0.138546 0.009070 0.005466
0 0.220356 0.146150 0.009070 0.005466
0 0.240846 0.138546 0.009070 0.005466
0 0.267719 0.146150 0.009070 0.005466
0 0.288210 0.138546 0.009070 0.005466
0 0.308700 0.128565 0.009070 0.005466
0 0.329190 0.138546 0.009070 0.005466
0 0.349345 0.128565 0.009070 0.005466
0 0.369835 0.120960 0.009070 0.005466
0 0.390326 0.128565 0.009070 0.005466
0 0.430971 0.138546 0.009070 0.005466
0 0.450789 0.128565 0.009070 0.005466
0 0.470272 0.138546 0.009070 0.005466
0 0.490091 0.146150 0.009070 0.005466
0 0.509573 0.138546 0.009070 0.005466
0 0.538126 0.146150 0.009070 0.005466
0 0.557608 0.138546 0.009070 0.005466
0 0.577427 0.128565 0.009070 0.005466
0 0.596910 0.138546 0.009070 0.005466
0 0.616728 0.128565 0.009070 0.005466
0 0.636211 0.118346 0.009070 0.005466
0 0.656030 0.128565 0.009070 0.005466
0 0.696339 0.125951 0.009070 0.005466
0 0.717837 0.118346 0.009070 0.005466
0 0.739671 0.125951 0.009070 0.005466
0 0.761169 0.138546 0.009070 0.005466
0 0.782667 0.125951 0.009070 0.005466
0 0.804501 0.138546 0.009070 0.005466
0 0.825999 0.125951 0.009070 0.005466
0 0.847497 0.120960 0.009070 0.005466
0 0.868996 0.125951 0.009070 0.005466
0 0.890830 0.120960 0.009070 0.005466
0 0.912328 0.108365 0.009070 0.005466
0 0.933826 0.120960 0.009070 0.005466
0 0.160900 0.352662 0.009070 0.005466
0 0.181727 0.345057 0.009070 0.005466
0 0.202217 0.352662 0.009070 0.005466
0 0.223043 0.362643 0.009070 0.005466
0 0.243534 0.352662 0.009070 0.005466
0 0.264360 0.362643 0.009070 0.005466
0 0.284851 0.352662 0.009070 0.005466
0 0.306685 0.347433 0.009070 0.005466
0 0.327511 0.352662 0.009070 0.005466
0 0.348001 0.347433 0.009070 0.005466
0 0.368828 0.334838 0.009070 0.005466
0 0.389318 0.347433 0.009070 0.005466
0 0.426268 0.352662 0.009070 0.005466
0 0.446758 0.342443 0.009070 0.005466
0 0.467249 0.352662 0.009070 0.005466
0 0.487739 0.360266 0.009070 0.005466
0 0.508230 0.352662 0.009070 0.005466
0 0.536110 0.360266 0.009070 0.005466
0 0.556601 0.352662 0.009070 0.005466
0 0.580450 0.345057 0.009070 0.005466
0 0.600941 0.352662 0.009070 0.005466
0 0.622439 0.362643 0.009070 0.005466
0 0.642929 0.352662 0.009070 0.005466
0 0.663420 0.362643 0.009070 0.005466
0 0.708095 0.360266 0.009070 0.005466
0 0.728250 0.352662 0.009070 0.005466
0 0.748069 0.360266 0.009070 0.005466
0 0.767887 0.370247 0.009070 0.005466
0 0.788042 0.360266 0.009070 0.005466
0 0.815922 0.370247 0.009070 0.005466
0 0.835741 0.357652 0.009070 0.005466
0 0.855895 0.352662 0.009070 0.005466
0 0.875714 0.357652 0.009070 0.005466
0 0.895532 0.370247 0.009070 0.005466
0 0.915687 0.357652 0.009070 0.005466
0 0.935506 0.370247 0.009070 0.005466
0 0.161908 0.586264 0.009070 0.005466
0 0.183406 0.573669 0.009070 0.005466
0 0.204568 0.586264 0.009070 0.005466
0 0.226067 0.591255 0.009070 0.005466
0 0.247229 0.586264 0.009070 0.005466
0 0.274101 0.591255 0.009070 0.005466
0 0.295264 0.583650 0.009070 0.005466
0 0.316762 0.571055 0.009070 0.005466
0 0.337924 0.583650 0.009070 0.005466
0 0.359422 0.588878 0.009070 0.005466
0 0.380920 0.583650 0.009070 0.005466
0 0.402083 0.588878 0.009070 0.005466
0 0.434666 0.578660 0.009070 0.005466
0 0.443063 0.576283 0.009070 0.005466
0 0.434666 0.568679 0.009070 0.005466
0 0.525025 0.578660 0.009070 0.005466
0 0.533423 0.576283 0.009070 0.005466
0 0.525025 0.566065 0.009070 0.005466
0 0.556937 0.581274 0.009070 0.005466
0 0.556937 0.571055 0.009070 0.005466
0 0.565334 0.568679 0.009070 0.005466
0 0.688949 0.630703 0.009070 0.005466
0 0.710447 0.625713 0.009070 0.005466
0 0.732281 0.630703 0.009070 0.005466
0 0.754115 0.643298 0.009070 0.005466
0 0.775949 0.630703 0.009070 0.005466
0 0.803158 0.643298 0.009070 0.005466
0 0.824992 0.633317 0.009070 0.005466
0 0.846826 0.623099 0.009070 0.005466
0 0.868324 0.633317 0.009070 0.005466
0 0.890158 0.640922 0.009070 0.005466
0 0.911992 0.633317 0.009070 0.005466
0 0.933826 0.640922 0.009070 0.005466
0 0.161908 0.811074 0.009070 0.005466
0 0.161908 0.800856 0.009070 0.005466
0 0.249244 0.798479 0.009070 0.005466
0 0.278468 0.793489 0.009070 0.005466
0 0.362110 0.790875 0.009070 0.005466
0 0.401411 0.783270 0.009070 0.005466
0 0.485052 0.780656 0.009070 0.005466
0 0.514612 0.775665 0.009070 0.005466
0 0.598253 0.773051 0.009070 0.005466
0 0.640242 0.783270 0.009741 0.005466
0 0.640242 0.765684 0.009741 0.005466
0 0.809540 0.780656 0.009070 0.005466
0 0.809540 0.763070 0.009070 0.005466
0 0.878065 0.783270 0.009741 0.005466
0 0.878065 0.778279 0.009741 0.005466
0 0.878065 0.773051 0.009741 0.005466
0 0.878065 0.765684 0.009741 0.005466
0 0.159221 0.078897 0.009070 0.005466
0 0.253611 0.076283 0.009070 0.005466
0 0.288210 0.073907 0.009070 0.005466
0 0.349345 0.086502 0.009070 0.005466
0 0.430971 0.073907 0.009070 0.005466
0 0.522002 0.076283 0.009070 0.005466
0 0.557608 0.068679 0.009070 0.005466
0 0.616728 0.076283 0.009070 0.005466
0 0.696675 0.071293 0.014108 0.005466
0 0.160900 0.290875 0.009070 0.005466
0 0.285186 0.290875 0.009741 0.005466
0 0.426268 0.293251 0.009070 0.005466
0 0.520994 0.298241 0.009070 0.005466
0 0.556601 0.300856 0.009070 0.005466
0 0.622439 0.295865 0.009070 0.005466
0 0.708095 0.293251 0.009070 0.005466
0 0.800470 0.298241 0.009070 0.005466
0 0.835741 0.300856 0.009070 0.005466
0 0.895532 0.290875 0.009070 0.005466
0 0.162244 0.501663 0.014108 0.005466
0 0.434666 0.509268 0.009070 0.005466
0 0.556937 0.509268 0.009741 0.005466
0 0.689285 0.501663 0.014108 0.005466
0 0.165603 0.729325 0.009741 0.005466
0 0.278468 0.746911 0.009070 0.005466
