0 0.857239 0.232414 0.009405 0.005466
0 0.146120 0.213878 0.009405 0.005466
0 0.320457 0.227186 0.009405 0.005466
0 0.329526 0.224572 0.009405 0.005466
0 0.394021 0.227186 0.009405 0.005466
0 0.402754 0.224572 0.009405 0.005466
0 0.394021 0.219106 0.009405 0.005466
0 0.456836 0.227186 0.009405 0.005466
0 0.456836 0.221958 0.009405 0.005466
0 0.563991 0.200808 0.009405 0.005466
0 0.602956 0.203422 0.009405 0.005466
0 0.735976 0.221958 0.009405 0.005466
0 0.815250 0.213878 0.009405 0.005466
0 0.857239 0.213878 0.009405 0.005466
0 0.131676 0.449857 0.009405 0.005466
0 0.131676 0.444629 0.009405 0.005466
0 0.131676 0.439401 0.009405 0.005466
0 0.327511 0.449857 0.009405 0.005466
0 0.327511 0.442015 0.009405 0.005466
0 0.327511 0.436787 0.009405 0.005466
0 0.439033 0.452471 0.009405 0.005466
0 0.439033 0.442015 0.009405 0.005466
0 0.439033 0.436787 0.009405 0.005466
0 0.523346 0.452471 0.009405 0.005466
0 0.523346 0.444629 0.009405 0.005466
0 0.523346 0.439401 0.009405 0.005466
0 0.650655 0.418251 0.009405 0.005466
0 0.689620 0.415637 0.009405 0.005466
0 0.753107 0.415637 0.009405 0.005466
0 0.870339 0.452471 0.009405 0.005466
0 0.870339 0.433935 0.009405 0.005466
0 0.138394 0.683460 0.009405 0.005466
0 0.138394 0.662310 0.009405 0.005466
0 0.183742 0.683460 0.009405 0.005466
0 0.183742 0.664924 0.009405 0.005466
0 0.249244 0.678232 0.009405 0.005466
0 0.249244 0.659696 0.009405 0.005466
0 0.355727 0.675618 0.009405 0.005466
0 0.355727 0.657082 0.009405 0.005466
0 0.412496 0.680846 0.009405 0.005466
0 0.412496 0.662310 0.009405 0.005466
0 0.441048 0.686074 0.009405 0.005466
0 0.441048 0.667776 0.009405 0.005466
0 0.469600 0.688688 0.009405 0.005466
0 0.469600 0.670390 0.009405 0.005466
0 0.526369 0.662310 0.009405 0.005466
0 0.554921 0.667776 0.009405 0.005466
0 0.614713 0.664924 0.009405 0.005466
0 0.852536 0.683460 0.009405 0.005466
0 0.132348 0.908745 0.009405 0.005466
0 0.132348 0.890209 0.009405 0.005466
0 0.271078 0.882367 0.009405 0.005466
0 0.306685 0.879753 0.009405 0.005466
0 0.341955 0.879753 0.009405 0.005466
0 0.401411 0.890209 0.009405 0.005466
0 0.539133 0.882367 0.009405 0.005466
0 0.574068 0.879753 0.009405 0.005466
0 0.609338 0.879753 0.009405 0.005466
0 0.668122 0.884981 0.009405 0.005466
0 0.720860 0.882367 0.009405 0.005466
0 0.855559 0.879753 0.009405 0.005466
0 0.517635 0.619534 0.009405 0.005466
0 0.526369 0.616920 0.009405 0.005466
0 0.146120 0.161359 0.009405 0.005466
0 0.146120 0.155894 0.009405 0.005466
0 0.146120 0.148051 0.009405 0.005466
0 0.320457 0.158745 0.009405 0.005466
0 0.320457 0.153279 0.009405 0.005466
0 0.394021 0.153279 0.009405 0.005466
0 0.394021 0.148051 0.009405 0.005466
0 0.456836 0.155894 0.009405 0.005466
0 0.456836 0.148051 0.009405 0.005466
0 0.563991 0.166587 0.009405 0.005466
0 0.573060 0.163973 0.009405 0.005466
0 0.563991 0.158745 0.009405 0.005466
0 0.602956 0.166587 0.009405 0.005466
0 0.602956 0.161359 0.009405 0.005466
0 0.602956 0.155894 0.009405 0.005466
0 0.735976 0.169202 0.009405 0.005466
0 0.735976 0.163973 0.009405 0.005466
0 0.735976 0.155894 0.009405 0.005466
0 0.815250 0.166587 0.009405 0.005466
0 0.815250 0.161359 0.009405 0.005466
0 0.815250 0.155894 0.009405 0.005466
0 0.857239 0.166587 0.009405 0.005466
0 0.857239 0.161359 0.009405 0.005466
0 0.857239 0.155894 0.009405 0.005466
0 0.131676 0.360741 0.009405 0.005466
0 0.131676 0.355513 0.009405 0.005466
0 0.158213 0.366207 0.009405 0.005466
0 0.158213 0.360741 0.009405 0.005466
0 0.183406 0.363356 0.009405 0.005466
0 0.183406 0.358127 0.009405 0.005466
0 0.213302 0.360741 0.009405 0.005466
0 0.213302 0.355513 0.009405 0.005466
0 0.318441 0.366207 0.009405 0.005466
0 0.327511 0.363356 0.009405 0.005466
0 0.327511 0.352899 0.009405 0.005466
0 0.430299 0.366207 0.009405 0.005466
0 0.439033 0.363356 0.009405 0.005466
0 0.439033 0.347671 0.009405 0.005466
0 0.476654 0.368821 0.009405 0.005466
0 0.476654 0.363356 0.009405 0.005466
0 0.476654 0.350285 0.009405 0.005466
0 0.523346 0.368821 0.009405 0.005466
0 0.523346 0.360741 0.009405 0.005466
0 0.523346 0.350285 0.009405 0.005466
0 0.650655 0.374049 0.009405 0.005466
0 0.659389 0.371435 0.009405 0.005466
0 0.650655 0.360741 0.009405 0.005466
0 0.689620 0.374049 0.009405 0.005466
0 0.689620 0.368821 0.009405 0.005466
0 0.689620 0.363356 0.009405 0.005466
0 0.753107 0.374049 0.009405 0.005466
0 0.753107 0.368821 0.009405 0.005466
0 0.753107 0.363356 0.009405 0.005466
0 0.870339 0.376663 0.009405 0.005466
0 0.870339 0.366207 0.009405 0.005466
0 0.879409 0.363356 0.009405 0.005466
0 0.138394 0.611454 0.009405 0.005466
0 0.138394 0.606226 0.009405 0.005466
0 0.147464 0.603612 0.009405 0.005466
0 0.138394 0.598384 0.009405 0.005466
0 0.183742 0.611454 0.009405 0.005466
0 0.192476 0.608840 0.009405 0.005466
0 0.183742 0.603612 0.009405 0.005466
0 0.183742 0.598384 0.009405 0.005466
0 0.249244 0.611454 0.009405 0.005466
0 0.257978 0.608840 0.009405 0.005466
0 0.249244 0.598384 0.009405 0.005466
0 0.249244 0.593156 0.009405 0.005466
0 0.282163 0.614068 0.009405 0.005466
0 0.282163 0.595770 0.009405 0.005466
0 0.302654 0.616920 0.009405 0.005466
0 0.302654 0.598384 0.009405 0.005466
0 0.355727 0.614068 0.009405 0.005466
0 0.355727 0.608840 0.009405 0.005466
0 0.355727 0.595770 0.009405 0.005466
0 0.412496 0.622148 0.009405 0.005466
0 0.412496 0.611454 0.009405 0.005466
0 0.412496 0.603612 0.009405 0.005466
0 0.441048 0.616920 0.009405 0.005466
0 0.441048 0.606226 0.009405 0.005466
0 0.441048 0.598384 0.009405 0.005466
0 0.469600 0.619534 0.009405 0.005466
0 0.469600 0.608840 0.009405 0.005466
0 0.469600 0.600998 0.009405 0.005466
0 0.526369 0.611454 0.009405 0.005466
0 0.554921 0.606226 0.009405 0.005466
0 0.614713 0.614068 0.009405 0.005466
0 0.614713 0.608840 0.009405 0.005466
0 0.614713 0.603612 0.009405 0.005466
0 0.852536 0.622148 0.009405 0.005466
0 0.852536 0.611454 0.009405 0.005466
0 0.861270 0.608840 0.009405 0.005466
0 0.132348 0.842918 0.009405 0.005466
0 0.132348 0.837690 0.009405 0.005466
0 0.132348 0.832462 0.009405 0.005466
0 0.150487 0.842918 0.009405 0.005466
0 0.150487 0.837690 0.009405 0.005466
0 0.168626 0.840304 0.009405 0.005466
0 0.168626 0.835076 0.009405 0.005466
0 0.186765 0.837690 0.009405 0.005466
0 0.186765 0.832462 0.009405 0.005466
0 0.222036 0.837690 0.009405 0.005466
0 0.222036 0.832462 0.009405 0.005466
0 0.271078 0.837690 0.009405 0.005466
0 0.271078 0.829848 0.009405 0.005466
0 0.271078 0.824382 0.009405 0.005466
0 0.306685 0.840304 0.009405 0.005466
0 0.306685 0.832462 0.009405 0.005466
0 0.306685 0.826996 0.009405 0.005466
0 0.341955 0.840304 0.009405 0.005466
0 0.341955 0.832462 0.009405 0.005466
0 0.341955 0.826996 0.009405 0.005466
0 0.401411 0.837690 0.009405 0.005466
0 0.401411 0.832462 0.009405 0.005466
0 0.419550 0.842918 0.009405 0.005466
0 0.419550 0.837690 0.009405 0.005466
0 0.437353 0.840304 0.009405 0.005466
0 0.437353 0.835076 0.009405 0.005466
0 0.455492 0.837690 0.009405 0.005466
0 0.455492 0.832462 0.009405 0.005466
0 0.490427 0.837690 0.009405 0.005466
0 0.490427 0.832462 0.009405 0.005466
0 0.539133 0.829848 0.009405 0.005466
0 0.539133 0.824382 0.009405 0.005466
0 0.539133 0.819154 0.009405 0.005466
0 0.574068 0.826996 0.009405 0.005466
0 0.574068 0.821768 0.009405 0.005466
0 0.609338 0.826996 0.009405 0.005466
0 0.609338 0.821768 0.009405 0.005466
0 0.668122 0.832462 0.009405 0.005466
0 0.668122 0.824382 0.009405 0.005466
0 0.668122 0.813926 0.009405 0.005466
0 0.720860 0.840304 0.009405 0.005466
0 0.720860 0.829848 0.009405 0.005466
0 0.720860 0.824382 0.009405 0.005466
0 0.855559 0.840304 0.009405 0.005466
0 0.855559 0.832462 0.009405 0.005466
0 0.855559 0.826996 0.009405 0.005466
0 0.146120 0.088641 0.009405 0.005466
0 0.167282 0.093869 0.009405 0.005466
0 0.190796 0.091255 0.009405 0.005466
0 0.223379 0.088641 0.009405 0.005466
0 0.280148 0.088641 0.009405 0.005466
0 0.320457 0.086027 0.009405 0.005466
0 0.354048 0.086027 0.009405 0.005466
0 0.394021 0.080798 0.009405 0.005466
0 0.429291 0.083413 0.009405 0.005466
0 0.443063 0.086027 0.009405 0.005466
0 0.456836 0.088641 0.009405 0.005466
0 0.495465 0.093869 0.009405 0.005466
0 0.563991 0.091255 0.009405 0.005466
0 0.602956 0.088641 0.009405 0.005466
0 0.648975 0.088641 0.009405 0.005466
0 0.670138 0.093869 0.009405 0.005466
0 0.693987 0.096721 0.009405 0.005466
0 0.715149 0.099335 0.009405 0.005466
0 0.735976 0.088641 0.009405 0.005466
0 0.776957 0.088641 0.009405 0.005466
0 0.815250 0.099335 0.009405 0.005466
0 0.857239 0.099335 0.009405 0.005466
0 0.131676 0.303232 0.009405 0.005466
0 0.158213 0.308460 0.009405 0.005466
0 0.183406 0.305846 0.009405 0.005466
0 0.213302 0.303232 0.009405 0.005466
0 0.277796 0.303232 0.009405 0.005466
0 0.327511 0.300618 0.009405 0.005466
0 0.385623 0.300618 0.009405 0.005466
0 0.439033 0.295390 0.009405 0.005466
0 0.476654 0.298004 0.009405 0.005466
0 0.499832 0.300618 0.009405 0.005466
0 0.523346 0.303232 0.009405 0.005466
0 0.574740 0.298004 0.009405 0.005466
0 0.650655 0.290162 0.009405 0.005466
0 0.689620 0.292776 0.009405 0.005466
0 0.753107 0.292776 0.009405 0.005466
0 0.781995 0.298004 0.009405 0.005466
0 0.812227 0.300618 0.009405 0.005466
0 0.841115 0.303232 0.009405 0.005466
0 0.870339 0.292776 0.009405 0.005466
0 0.926772 0.292776 0.009405 0.005466
0 0.138394 0.515447 0.009405 0.005466
0 0.183742 0.515447 0.009405 0.005466
0 0.249244 0.510219 0.009405 0.005466
0 0.282163 0.512833 0.009405 0.005466
0 0.302654 0.515447 0.009405 0.005466
0 0.355727 0.512833 0.009405 0.005466
0 0.383944 0.518061 0.009405 0.005466
0 0.412496 0.520675 0.009405 0.005466
0 0.441048 0.515447 0.009405 0.005466
0 0.469600 0.518061 0.009405 0.005466
0 0.498153 0.526141 0.009405 0.005466
0 0.526369 0.528755 0.009405 0.005466
0 0.554921 0.523289 0.009405 0.005466
0 0.614713 0.526141 0.009405 0.005466
0 0.647632 0.531369 0.009405 0.005466
0 0.668458 0.528755 0.009405 0.005466
0 0.699698 0.526141 0.009405 0.005466
0 0.765536 0.531369 0.009405 0.005466
0 0.789721 0.533983 0.009405 0.005466
0 0.810212 0.536597 0.009405 0.005466
0 0.852536 0.526141 0.009405 0.005466
0 0.913336 0.526141 0.009405 0.005466
0 0.132348 0.764971 0.009405 0.005466
0 0.222036 0.764971 0.009405 0.005466
