0 0.112193 0.171578 0.007726 0.004278
0 0.169634 0.171578 0.007726 0.004278
0 0.227074 0.169439 0.007726 0.004278
0 0.355055 0.184173 0.007726 0.004278
0 0.473295 0.177994 0.007726 0.004278
0 0.598925 0.169439 0.007726 0.004278
0 0.626470 0.156844 0.007726 0.004278
0 0.654350 0.156844 0.007726 0.004278
0 0.681895 0.161122 0.007726 0.004278
0 0.709439 0.158983 0.007726 0.004278
0 0.828687 0.169439 0.007726 0.004278
0 0.860262 0.161122 0.007726 0.004278
0 0.891837 0.161122 0.007726 0.004278
0 0.923413 0.165399 0.007726 0.004278
0 0.106819 0.342205 0.007726 0.004278
0 0.243870 0.360979 0.007726 0.004278
0 0.356735 0.360979 0.007726 0.004278
0 0.385287 0.358840 0.007726 0.004278
0 0.413504 0.356939 0.007726 0.004278
0 0.441720 0.354800 0.007726 0.004278
0 0.481357 0.352662 0.007726 0.004278
0 0.721196 0.367395 0.007726 0.004278
0 0.894861 0.363118 0.007726 0.004278
0 0.108834 0.543726 0.007726 0.004278
0 0.354048 0.541587 0.007726 0.004278
0 0.399731 0.539449 0.007726 0.004278
0 0.536110 0.539449 0.007726 0.004278
0 0.570037 0.537548 0.007726 0.004278
0 0.604300 0.535409 0.007726 0.004278
0 0.638226 0.533270 0.007726 0.004278
0 0.682230 0.531131 0.007726 0.004278
0 0.108834 0.722909 0.007726 0.004278
0 0.305677 0.718631 0.007726 0.004278
0 0.393013 0.725048 0.007726 0.004278
0 0.682230 0.710314 0.007726 0.004278
0 0.886799 0.706036 0.007726 0.004278
0 0.113873 0.890209 0.007726 0.004278
0 0.185757 0.892348 0.007726 0.004278
0 0.252603 0.894487 0.007726 0.004278
0 0.351696 0.892348 0.007726 0.004278
0 0.398052 0.890209 0.007726 0.004278
0 0.494793 0.896388 0.007726 0.004278
0 0.535438 0.894487 0.007726 0.004278
0 0.598925 0.890209 0.007726 0.004278
0 0.683238 0.888070 0.007726 0.004278
0 0.749748 0.902804 0.007726 0.004278
0 0.824320 0.896388 0.007726 0.004278
0 0.922405 0.894487 0.007726 0.004278
0 0.112193 0.133793 0.007726 0.004278
0 0.126638 0.127376 0.007726 0.004278
0 0.140746 0.133793 0.007726 0.004278
0 0.155190 0.142110 0.007726 0.004278
0 0.169634 0.133793 0.007726 0.004278
0 0.184078 0.127376 0.007726 0.004278
0 0.198522 0.133793 0.007726 0.004278
0 0.212630 0.142110 0.007726 0.004278
0 0.227074 0.135932 0.007726 0.004278
0 0.241518 0.129515 0.007726 0.004278
0 0.255962 0.135932 0.007726 0.004278
0 0.270071 0.139971 0.007726 0.004278
0 0.284515 0.135932 0.007726 0.004278
0 0.302318 0.129515 0.007726 0.004278
0 0.316426 0.135932 0.007726 0.004278
0 0.330870 0.139971 0.007726 0.004278
0 0.355055 0.135932 0.007726 0.004278
0 0.369835 0.127376 0.007726 0.004278
0 0.384279 0.135932 0.007726 0.004278
0 0.400067 0.137833 0.007726 0.004278
0 0.414847 0.135932 0.007726 0.004278
0 0.429627 0.131654 0.007726 0.004278
0 0.444071 0.135932 0.007726 0.004278
0 0.458851 0.142110 0.007726 0.004278
0 0.473295 0.135932 0.007726 0.004278
0 0.488075 0.129515 0.007726 0.004278
0 0.502855 0.135932 0.007726 0.004278
0 0.517299 0.139971 0.007726 0.004278
0 0.532079 0.135932 0.007726 0.004278
0 0.546523 0.129515 0.007726 0.004278
0 0.561303 0.135932 0.007726 0.004278
0 0.576083 0.139971 0.007726 0.004278
0 0.598925 0.135932 0.007726 0.004278
0 0.612697 0.127376 0.007726 0.004278
0 0.626470 0.135932 0.007726 0.004278
0 0.640242 0.142110 0.007726 0.004278
0 0.654350 0.135932 0.007726 0.004278
0 0.668122 0.131654 0.007726 0.004278
0 0.681895 0.135932 0.007726 0.004278
0 0.695667 0.146388 0.007726 0.004278
0 0.709439 0.135932 0.007726 0.004278
0 0.723547 0.129515 0.007726 0.004278
0 0.737319 0.135932 0.007726 0.004278
0 0.751092 0.144249 0.007726 0.004278
0 0.764864 0.135932 0.007726 0.004278
0 0.778972 0.129515 0.007726 0.004278
0 0.792744 0.135932 0.007726 0.004278
0 0.806517 0.144249 0.007726 0.004278
0 0.828687 0.135932 0.007726 0.004278
0 0.844474 0.123099 0.007726 0.004278
0 0.860262 0.135932 0.007726 0.004278
0 0.876050 0.137833 0.007726 0.004278
0 0.891837 0.135932 0.007726 0.004278
0 0.907625 0.127376 0.007726 0.004278
0 0.923413 0.135932 0.007726 0.004278
0 0.939201 0.142110 0.007726 0.004278
0 0.106819 0.314639 0.007726 0.004278
0 0.121263 0.304183 0.007726 0.004278
0 0.135707 0.314639 0.007726 0.004278
0 0.150151 0.318916 0.007726 0.004278
0 0.164595 0.314639 0.007726 0.004278
0 0.179039 0.304183 0.007726 0.004278
0 0.193147 0.314639 0.007726 0.004278
0 0.207592 0.318916 0.007726 0.004278
0 0.243870 0.312738 0.007726 0.004278
0 0.257978 0.308460 0.007726 0.004278
0 0.272086 0.312738 0.007726 0.004278
0 0.286194 0.318916 0.007726 0.004278
0 0.300302 0.312738 0.007726 0.004278
0 0.314410 0.308460 0.007726 0.004278
0 0.328519 0.312738 0.007726 0.004278
0 0.342627 0.318916 0.007726 0.004278
0 0.356735 0.312738 0.007726 0.004278
0 0.370843 0.308460 0.007726 0.004278
0 0.385287 0.312738 0.007726 0.004278
0 0.399395 0.318916 0.007726 0.004278
0 0.413504 0.312738 0.007726 0.004278
0 0.427612 0.308460 0.007726 0.004278
0 0.441720 0.312738 0.007726 0.004278
0 0.455828 0.318916 0.007726 0.004278
0 0.481357 0.314639 0.007726 0.004278
0 0.495465 0.310599 0.007726 0.004278
0 0.509573 0.314639 0.007726 0.004278
0 0.523682 0.318916 0.007726 0.004278
0 0.537790 0.314639 0.007726 0.004278
0 0.551898 0.310599 0.007726 0.004278
0 0.566006 0.314639 0.007726 0.004278
0 0.580114 0.318916 0.007726 0.004278
0 0.594222 0.314639 0.007726 0.004278
0 0.608666 0.310599 0.007726 0.004278
0 0.622775 0.314639 0.007726 0.004278
0 0.636883 0.318916 0.007726 0.004278
0 0.650991 0.314639 0.007726 0.004278
0 0.665099 0.310599 0.007726 0.004278
0 0.679207 0.314639 0.007726 0.004278
0 0.693315 0.318916 0.007726 0.004278
0 0.721196 0.314639 0.007726 0.004278
0 0.735640 0.310599 0.007726 0.004278
0 0.750084 0.314639 0.007726 0.004278
0 0.764528 0.318916 0.007726 0.004278
0 0.778972 0.314639 0.007726 0.004278
0 0.793416 0.310599 0.007726 0.004278
0 0.808196 0.314639 0.007726 0.004278
0 0.822640 0.318916 0.007726 0.004278
0 0.837084 0.314639 0.007726 0.004278
0 0.851528 0.310599 0.007726 0.004278
0 0.865972 0.314639 0.007726 0.004278
0 0.880417 0.318916 0.007726 0.004278
0 0.894861 0.314639 0.007726 0.004278
0 0.911656 0.310599 0.007726 0.004278
0 0.926100 0.314639 0.007726 0.004278
0 0.940544 0.318916 0.007726 0.004278
0 0.108834 0.489068 0.007726 0.004278
0 0.126302 0.484791 0.007726 0.004278
0 0.143769 0.489068 0.007726 0.004278
0 0.161572 0.495247 0.007726 0.004278
0 0.179039 0.489068 0.007726 0.004278
0 0.196507 0.484791 0.007726 0.004278
0 0.213974 0.489068 0.007726 0.004278
0 0.231441 0.495247 0.007726 0.004278
0 0.248908 0.491207 0.007726 0.004278
0 0.266376 0.486930 0.007726 0.004278
0 0.283843 0.491207 0.007726 0.004278
0 0.301646 0.495247 0.007726 0.004278
0 0.319113 0.491207 0.007726 0.004278
0 0.336580 0.486930 0.007726 0.004278
0 0.354048 0.491207 0.007726 0.004278
0 0.371515 0.495247 0.007726 0.004278
0 0.399731 0.491207 0.007726 0.004278
0 0.416863 0.486930 0.007726 0.004278
0 0.433658 0.491207 0.007726 0.004278
0 0.450789 0.497386 0.007726 0.004278
0 0.467921 0.491207 0.007726 0.004278
0 0.485052 0.486930 0.007726 0.004278
0 0.501847 0.491207 0.007726 0.004278
0 0.518979 0.497386 0.007726 0.004278
0 0.536110 0.491207 0.007726 0.004278
0 0.553242 0.486930 0.007726 0.004278
0 0.570037 0.491207 0.007726 0.004278
0 0.587168 0.497386 0.007726 0.004278
0 0.604300 0.491207 0.007726 0.004278
0 0.621431 0.486930 0.007726 0.004278
0 0.638226 0.491207 0.007726 0.004278
0 0.655358 0.497386 0.007726 0.004278
0 0.682230 0.493346 0.007726 0.004278
0 0.699026 0.489068 0.007726 0.004278
0 0.716157 0.493346 0.007726 0.004278
0 0.733289 0.497386 0.007726 0.004278
0 0.750420 0.493346 0.007726 0.004278
0 0.767551 0.489068 0.007726 0.004278
0 0.784347 0.493346 0.007726 0.004278
0 0.801478 0.497386 0.007726 0.004278
0 0.818609 0.493346 0.007726 0.004278
0 0.835741 0.489068 0.007726 0.004278
0 0.852536 0.493346 0.007726 0.004278
0 0.869667 0.497386 0.007726 0.004278
0 0.886799 0.493346 0.007726 0.004278
0 0.903930 0.489068 0.007726 0.004278
0 0.920726 0.493346 0.007726 0.004278
0 0.937857 0.497386 0.007726 0.004278
0 0.108834 0.670390 0.007726 0.004278
0 0.125294 0.666112 0.007726 0.004278
0 0.141753 0.670390 0.007726 0.004278
0 0.158213 0.674430 0.007726 0.004278
0 0.174337 0.670390 0.007726 0.004278
0 0.190796 0.666112 0.007726 0.004278
0 0.207256 0.670390 0.007726 0.004278
0 0.223715 0.674430 0.007726 0.004278
0 0.240175 0.670390 0.007726 0.004278
0 0.256298 0.666112 0.007726 0.004278
0 0.272758 0.670390 0.007726 0.004278
0 0.289217 0.674430 0.007726 0.004278
0 0.305677 0.670390 0.007726 0.004278
0 0.322136 0.663973 0.007726 0.004278
0 0.338260 0.670390 0.007726 0.004278
0 0.354720 0.674430 0.007726 0.004278
0 0.393013 0.670390 0.007726 0.004278
0 0.410144 0.666112 0.007726 0.004278
0 0.427612 0.670390 0.007726 0.004278
0 0.444743 0.676568 0.007726 0.004278
0 0.462210 0.670390 0.007726 0.004278
0 0.479342 0.666112 0.007726 0.004278
0 0.496809 0.670390 0.007726 0.004278
0 0.513940 0.676568 0.007726 0.004278
0 0.532415 0.672529 0.007726 0.004278
0 0.549882 0.668251 0.007726 0.004278
0 0.567014 0.672529 0.007726 0.004278
0 0.584481 0.676568 0.007726 0.004278
0 0.601612 0.672529 0.007726 0.004278
0 0.619080 0.668251 0.007726 0.004278
0 0.636211 0.672529 0.007726 0.004278
0 0.653678 0.676568 0.007726 0.004278
0 0.682230 0.672529 0.007726 0.004278
0 0.682230 0.668251 0.007726 0.004278
0 0.699026 0.661835 0.007726 0.004278
0 0.716157 0.668251 0.007726 0.004278
0 0.733289 0.676568 0.007726 0.004278
0 0.750420 0.672529 0.007726 0.004278
0 0.750420 0.668251 0.007726 0.004278
0 0.767215 0.661835 0.007726 0.004278
0 0.784347 0.672529 0.007726 0.004278
0 0.784347 0.668251 0.007726 0.004278
0 0.801478 0.676568 0.007726 0.004278
0 0.818609 0.672529 0.007726 0.004278
0 0.818609 0.668251 0.007726 0.004278
0 0.835405 0.661835 0.007726 0.004278
0 0.852536 0.672529 0.007726 0.004278
0 0.852536 0.668251 0.007726 0.004278
0 0.869667 0.676568 0.007726 0.004278
0 0.886799 0.668251 0.007726 0.004278
0 0.903930 0.661835 0.007726 0.004278
0 0.920726 0.668251 0.007726 0.004278
0 0.937857 0.676568 0.007726 0.004278
0 0.113873 0.852186 0.007726 0.004278
0 0.137051 0.848146 0.007726 0.004278
0 0.146456 0.852186 0.007726 0.004278
0 0.169634 0.856464 0.007726 0.004278
0 0.185757 0.852186 0.007726 0.004278
0 0.203561 0.848146 0.007726 0.004278
0 0.219684 0.852186 0.007726 0.004278
0 0.236144 0.854325 0.007726 0.004278
0 0.252603 0.852186 0.007726 0.004278
0 0.270071 0.846008 0.007726 0.004278
0 0.286530 0.852186 0.007726 0.004278
0 0.302654 0.856464 0.007726 0.004278
0 0.319113 0.852186 0.007726 0.004278
0 0.335237 0.846008 0.007726 0.004278
0 0.351696 0.852186 0.007726 0.004278
0 0.367820 0.856464 0.007726 0.004278
0 0.398052 0.852186 0.007726 0.004278
0 0.415519 0.846008 0.007726 0.004278
0 0.431643 0.852186 0.007726 0.004278
0 0.447430 0.856464 0.007726 0.004278
0 0.463218 0.852186 0.007726 0.004278
0 0.479006 0.846008 0.007726 0.004278
0 0.494793 0.854325 0.007726 0.004278
0 0.501847 0.852186 0.007726 0.004278
0 0.519651 0.843869 0.007726 0.004278
0 0.535438 0.856464 0.007726 0.004278
0 0.535438 0.852186 0.007726 0.004278
0 0.551226 0.841730 0.007726 0.004278
0 0.567350 0.852186 0.007726 0.004278
0 0.583137 0.856464 0.007726 0.004278
0 0.598925 0.852186 0.007726 0.004278
0 0.614713 0.846008 0.007726 0.004278
0 0.630501 0.852186 0.007726 0.004278
0 0.646624 0.856464 0.007726 0.004278
0 0.683238 0.854325 0.007726 0.004278
0 0.699698 0.848146 0.007726 0.004278
0 0.715821 0.854325 0.007726 0.004278
0 0.733624 0.858603 0.007726 0.004278
0 0.749748 0.854325 0.007726 0.004278
0 0.767551 0.850285 0.007726 0.004278
0 0.783675 0.854325 0.007726 0.004278
0 0.800134 0.856464 0.007726 0.004278
0 0.824320 0.854325 0.007726 0.004278
0 0.840779 0.848146 0.007726 0.004278
0 0.856903 0.854325 0.007726 0.004278
0 0.873362 0.858603 0.007726 0.004278
0 0.889822 0.854325 0.007726 0.004278
0 0.905946 0.848146 0.007726 0.004278
0 0.922405 0.854325 0.007726 0.004278
0 0.938529 0.858603 0.007726 0.004278
0 0.112193 0.067253 0.007726 0.004278
0 0.140746 0.069154 0.007726 0.004278
0 0.169634 0.071293 0.007726 0.004278
0 0.198522 0.073432 0.007726 0.004278
0 0.227074 0.073432 0.007726 0.004278
0 0.255962 0.075570 0.007726 0.004278
0 0.284515 0.075570 0.007726 0.004278
0 0.316426 0.075570 0.007726 0.004278
0 0.355055 0.075570 0.007726 0.004278
0 0.384279 0.067253 0.007726 0.004278
0 0.414847 0.067253 0.007726 0.004278
0 0.444071 0.071293 0.007726 0.004278
0 0.473295 0.069154 0.007726 0.004278
0 0.243870 0.253802 0.007726 0.004278
0 0.356735 0.253802 0.007726 0.004278
0 0.413504 0.253802 0.007726 0.004278
0 0.481357 0.255703 0.007726 0.004278
0 0.537790 0.249525 0.007726 0.004278
0 0.594222 0.255703 0.007726 0.004278
0 0.679207 0.255703 0.007726 0.004278
0 0.721196 0.255703 0.007726 0.004278
0 0.837084 0.255703 0.007726 0.004278
0 0.894861 0.253802 0.007726 0.004278
0 0.108834 0.430608 0.007726 0.004278
0 0.399731 0.436787 0.007726 0.004278
0 0.536110 0.436787 0.007726 0.004278
0 0.604300 0.436787 0.007726 0.004278
0 0.682230 0.438926 0.007726 0.004278
0 0.750420 0.432747 0.007726 0.004278
0 0.818609 0.438926 0.007726 0.004278
0 0.920726 0.438926 0.007726 0.004278
0 0.108834 0.613118 0.007726 0.004278
0 0.305677 0.611217 0.007726 0.004278
0 0.393013 0.609078 0.007726 0.004278
0 0.682230 0.604800 0.007726 0.004278
0 0.750420 0.606939 0.007726 0.004278
0 0.784347 0.609078 0.007726 0.004278
0 0.818609 0.609078 0.007726 0.004278
0 0.886799 0.615257 0.007726 0.004278
0 0.920726 0.609078 0.007726 0.004278
0 0.113873 0.788260 0.007726 0.004278
0 0.149815 0.790399 0.007726 0.004278
0 0.185757 0.783983 0.007726 0.004278
0 0.219684 0.786122 0.007726 0.004278
0 0.252603 0.781844 0.007726 0.004278
0 0.286530 0.783983 0.007726 0.004278
0 0.398052 0.783983 0.007726 0.004278
0 0.463218 0.783983 0.007726 0.004278
0 0.494793 0.781844 0.007726 0.004278
0 0.535438 0.779705 0.007726 0.004278
0 0.598925 0.781844 0.007726 0.004278
0 0.630501 0.783983 0.007726 0.004278
0 0.683238 0.786122 0.007726 0.004278
0 0.749748 0.783983 0.007726 0.004278
0 0.800134 0.792300 0.007726 0.004278
0 0.824320 0.781844 0.007726 0.004278
