0 0.679879 0.342443 0.009741 0.005703
0 0.714478 0.331749 0.009741 0.005703
0 0.714478 0.323907 0.009741 0.005703
0 0.783339 0.331749 0.009741 0.005703
0 0.783339 0.323907 0.009741 0.005703
0 0.817938 0.342443 0.009741 0.005703
0 0.852200 0.331749 0.009741 0.005703
0 0.921397 0.331749 0.009741 0.005703
0 0.112193 0.577471 0.009741 0.005703
0 0.145448 0.567015 0.009741 0.005703
0 0.145448 0.559173 0.009741 0.005703
0 0.212294 0.567015 0.009741 0.005703
0 0.212294 0.559173 0.009741 0.005703
0 0.245885 0.577471 0.009741 0.005703
0 0.279140 0.567015 0.009741 0.005703
0 0.345986 0.567015 0.009741 0.005703
0 0.401411 0.577471 0.009741 0.005703
0 0.435002 0.567015 0.009741 0.005703
0 0.435002 0.561787 0.009741 0.005703
0 0.501512 0.567015 0.009741 0.005703
0 0.501512 0.561787 0.009741 0.005703
0 0.535102 0.577471 0.009741 0.005703
0 0.568357 0.567015 0.009741 0.005703
0 0.635203 0.567015 0.009741 0.005703
0 0.688613 0.577471 0.009741 0.005703
0 0.721868 0.567015 0.009741 0.005703
0 0.721868 0.561787 0.009741 0.005703
0 0.788713 0.567015 0.009741 0.005703
0 0.788713 0.561787 0.009741 0.005703
0 0.822304 0.577471 0.009741 0.005703
0 0.855559 0.567015 0.009741 0.005703
0 0.922405 0.567015 0.009741 0.005703
0 0.112193 0.813213 0.009741 0.005703
0 0.144441 0.802757 0.009741 0.005703
0 0.144441 0.794677 0.009741 0.005703
0 0.209271 0.802757 0.009741 0.005703
0 0.209271 0.794677 0.009741 0.005703
0 0.241518 0.813213 0.009741 0.005703
0 0.274101 0.802757 0.009741 0.005703
0 0.338596 0.802757 0.009741 0.005703
0 0.390998 0.813213 0.009741 0.005703
0 0.425596 0.802757 0.009741 0.005703
0 0.425596 0.794677 0.009741 0.005703
0 0.494793 0.802757 0.009741 0.005703
0 0.494793 0.794677 0.009741 0.005703
0 0.529392 0.818441 0.009741 0.005703
0 0.564998 0.800143 0.009741 0.005703
0 0.635203 0.800143 0.009741 0.005703
0 0.688277 0.815827 0.009741 0.005703
0 0.721532 0.802757 0.009741 0.005703
0 0.788378 0.802757 0.009741 0.005703
0 0.822640 0.813213 0.009741 0.005703
0 0.855895 0.794677 0.009741 0.005703
0 0.922405 0.794677 0.009741 0.005703
0 0.181055 0.246198 0.009741 0.005703
0 0.200537 0.240970 0.009741 0.005703
0 0.220356 0.246198 0.009741 0.005703
0 0.239839 0.254278 0.009741 0.005703
0 0.259321 0.337215 0.009741 0.005703
0 0.278804 0.331749 0.009741 0.005703
0 0.298623 0.240970 0.009741 0.005703
0 0.318105 0.235741 0.009741 0.005703
0 0.337588 0.240970 0.009741 0.005703
0 0.357407 0.254278 0.009741 0.005703
0 0.376889 0.337215 0.009741 0.005703
0 0.396372 0.331749 0.009741 0.005703
0 0.426268 0.235741 0.009741 0.005703
0 0.445415 0.227899 0.009741 0.005703
0 0.464226 0.235741 0.009741 0.005703
0 0.483373 0.246198 0.009741 0.005703
0 0.502519 0.331749 0.009741 0.005703
0 0.521666 0.323907 0.009741 0.005703
0 0.540813 0.227899 0.009741 0.005703
0 0.559960 0.222671 0.009741 0.005703
0 0.579106 0.227899 0.009741 0.005703
0 0.598253 0.240970 0.009741 0.005703
0 0.617400 0.246198 0.009741 0.005703
0 0.636211 0.240970 0.009741 0.005703
0 0.679879 0.222671 0.009741 0.005703
0 0.701041 0.217205 0.009741 0.005703
0 0.727578 0.222671 0.009741 0.005703
0 0.748740 0.235741 0.009741 0.005703
0 0.769903 0.240970 0.009741 0.005703
0 0.796439 0.235741 0.009741 0.005703
0 0.817938 0.227899 0.009741 0.005703
0 0.839100 0.222671 0.009741 0.005703
0 0.865637 0.227899 0.009741 0.005703
0 0.886799 0.240970 0.009741 0.005703
0 0.907961 0.246198 0.009741 0.005703
0 0.934498 0.240970 0.009741 0.005703
0 0.112193 0.497624 0.009741 0.005703
0 0.132684 0.492395 0.009741 0.005703
0 0.158549 0.497624 0.009741 0.005703
0 0.179039 0.510694 0.009741 0.005703
0 0.199530 0.515922 0.009741 0.005703
0 0.225395 0.510694 0.009741 0.005703
0 0.245885 0.502852 0.009741 0.005703
0 0.266376 0.497624 0.009741 0.005703
0 0.291905 0.502852 0.009741 0.005703
0 0.312731 0.515922 0.009741 0.005703
0 0.333221 0.521388 0.009741 0.005703
0 0.358750 0.515922 0.009741 0.005703
0 0.401411 0.495010 0.009741 0.005703
0 0.421901 0.492395 0.009741 0.005703
0 0.447766 0.495010 0.009741 0.005703
0 0.468257 0.510694 0.009741 0.005703
0 0.488747 0.513308 0.009741 0.005703
0 0.514612 0.510694 0.009741 0.005703
0 0.535102 0.500238 0.009741 0.005703
0 0.555593 0.495010 0.009741 0.005703
0 0.581458 0.500238 0.009741 0.005703
0 0.601948 0.513308 0.009741 0.005703
0 0.622439 0.518536 0.009741 0.005703
0 0.648304 0.513308 0.009741 0.005703
0 0.688613 0.495010 0.009741 0.005703
0 0.709103 0.492395 0.009741 0.005703
0 0.734968 0.495010 0.009741 0.005703
0 0.755459 0.510694 0.009741 0.005703
0 0.775949 0.513308 0.009741 0.005703
0 0.801478 0.510694 0.009741 0.005703
0 0.822304 0.502852 0.009741 0.005703
0 0.842795 0.497624 0.009741 0.005703
0 0.868324 0.502852 0.009741 0.005703
0 0.889150 0.515922 0.009741 0.005703
0 0.909641 0.521388 0.009741 0.005703
0 0.935170 0.515922 0.009741 0.005703
0 0.112193 0.733603 0.009741 0.005703
0 0.132012 0.728375 0.009741 0.005703
0 0.156869 0.733603 0.009741 0.005703
0 0.177024 0.746673 0.009741 0.005703
0 0.196842 0.751901 0.009741 0.005703
0 0.221700 0.746673 0.009741 0.005703
0 0.241518 0.738831 0.009741 0.005703
0 0.261673 0.733603 0.009741 0.005703
0 0.286530 0.738831 0.009741 0.005703
0 0.306349 0.751901 0.009741 0.005703
0 0.326167 0.757129 0.009741 0.005703
0 0.351360 0.751901 0.009741 0.005703
0 0.390998 0.733603 0.009741 0.005703
0 0.412496 0.728375 0.009741 0.005703
0 0.439033 0.733603 0.009741 0.005703
0 0.460195 0.746673 0.009741 0.005703
0 0.481693 0.751901 0.009741 0.005703
0 0.508230 0.746673 0.009741 0.005703
0 0.529392 0.738831 0.009741 0.005703
0 0.551898 0.730989 0.009741 0.005703
0 0.578435 0.738831 0.009741 0.005703
0 0.600605 0.749287 0.009741 0.005703
0 0.622103 0.738831 0.009741 0.005703
0 0.648640 0.749287 0.009741 0.005703
0 0.688277 0.736217 0.009741 0.005703
0 0.708767 0.728375 0.009741 0.005703
0 0.734632 0.736217 0.009741 0.005703
0 0.755123 0.746673 0.009741 0.005703
0 0.775613 0.736217 0.009741 0.005703
0 0.801142 0.746673 0.009741 0.005703
0 0.822640 0.733603 0.009741 0.005703
0 0.843131 0.728375 0.009741 0.005703
0 0.868660 0.733603 0.009741 0.005703
0 0.889150 0.746673 0.009741 0.005703
0 0.909641 0.733603 0.009741 0.005703
0 0.935170 0.746673 0.009741 0.005703
0 0.679879 0.176093 0.009741 0.005703
0 0.783339 0.176093 0.009741 0.005703
0 0.817938 0.170627 0.009741 0.005703
0 0.921397 0.170627 0.009741 0.005703
0 0.112193 0.437262 0.009741 0.005703
0 0.145448 0.432034 0.009741 0.005703
0 0.179039 0.434648 0.009741 0.005703
0 0.212294 0.437262 0.009741 0.005703
0 0.245885 0.437262 0.009741 0.005703
0 0.312731 0.445105 0.009741 0.005703
0 0.401411 0.445105 0.009741 0.005703
0 0.501512 0.445105 0.009741 0.005703
0 0.535102 0.434648 0.009741 0.005703
0 0.635203 0.445105 0.009741 0.005703
0 0.688613 0.434648 0.009741 0.005703
0 0.721868 0.445105 0.009741 0.005703
0 0.755459 0.434648 0.009741 0.005703
0 0.788713 0.432034 0.009741 0.005703
0 0.822304 0.437262 0.010077 0.005703
0 0.112193 0.685599 0.009741 0.005703
0 0.209271 0.685599 0.009741 0.005703
0 0.241518 0.680133 0.009741 0.005703
0 0.338596 0.680133 0.009741 0.005703
0 0.390998 0.672291 0.009741 0.005703
0 0.425596 0.667063 0.009741 0.005703
0 0.460195 0.669677 0.009741 0.005703
0 0.494793 0.672291 0.009741 0.005703
0 0.529392 0.672291 0.009741 0.005703
0 0.600605 0.682747 0.009741 0.005703
0 0.688277 0.669677 0.009741 0.005703
0 0.788378 0.680133 0.009741 0.005703
0 0.822640 0.667063 0.009741 0.005703
0 0.922405 0.672291 0.009741 0.005703
