0 0.134699 0.232652 0.010413 0.005941
0 0.134699 0.212452 0.010413 0.005941
0 0.235472 0.212452 0.010413 0.005941
0 0.360094 0.218156 0.010413 0.005941
0 0.451125 0.215304 0.010413 0.005941
0 0.560632 0.221245 0.010413 0.005941
0 0.651663 0.218156 0.010413 0.005941
0 0.759489 0.224097 0.010413 0.005941
0 0.857575 0.221245 0.010413 0.005941
0 0.142089 0.449857 0.010413 0.005941
0 0.245885 0.452709 0.010413 0.005941
0 0.358415 0.444154 0.010413 0.005941
0 0.457172 0.455561 0.010413 0.005941
0 0.567014 0.447006 0.010413 0.005941
0 0.659053 0.458413 0.010413 0.005941
0 0.769567 0.449857 0.010413 0.005941
0 0.862949 0.455561 0.010413 0.005941
0 0.152838 0.656606 0.010413 0.005941
0 0.253947 0.676568 0.010413 0.005941
0 0.373194 0.668013 0.010413 0.005941
0 0.467249 0.648051 0.010413 0.005941
0 0.513940 0.650903 0.010413 0.005941
0 0.572388 0.653755 0.010413 0.005941
0 0.664427 0.650903 0.010413 0.005941
0 0.767887 0.662310 0.010413 0.005941
0 0.861942 0.653755 0.010413 0.005941
0 0.908969 0.656606 0.010413 0.005941
0 0.134699 0.874762 0.010413 0.005941
0 0.232785 0.871911 0.010413 0.005941
0 0.341955 0.883555 0.010413 0.005941
0 0.437017 0.863356 0.010413 0.005941
0 0.558280 0.871911 0.010413 0.005941
0 0.654686 0.866207 0.010413 0.005941
0 0.768559 0.877852 0.010413 0.005941
0 0.862277 0.869059 0.010413 0.005941
0 0.159893 0.155181 0.010413 0.005941
0 0.185086 0.146625 0.010413 0.005941
0 0.210279 0.140922 0.010413 0.005941
0 0.260665 0.158032 0.010413 0.005941
0 0.285858 0.152329 0.010413 0.005941
0 0.311051 0.143774 0.010413 0.005941
0 0.382936 0.175380 0.010413 0.005941
0 0.405442 0.163736 0.010413 0.005941
0 0.428284 0.158032 0.010413 0.005941
0 0.473631 0.175380 0.010413 0.005941
0 0.496473 0.166587 0.010413 0.005941
0 0.519315 0.160884 0.010413 0.005941
0 0.583473 0.172529 0.010413 0.005941
0 0.606315 0.166587 0.010413 0.005941
0 0.629157 0.160884 0.010413 0.005941
0 0.674505 0.178232 0.010413 0.005941
0 0.697346 0.172529 0.010413 0.005941
0 0.720188 0.163736 0.010413 0.005941
0 0.784011 0.181084 0.010413 0.005941
0 0.808532 0.169677 0.010413 0.005941
0 0.833053 0.163736 0.010413 0.005941
0 0.882096 0.181084 0.010413 0.005941
0 0.906617 0.172529 0.010413 0.005941
0 0.931475 0.163736 0.010413 0.005941
0 0.167282 0.399002 0.010413 0.005941
0 0.195163 0.393298 0.010413 0.005941
0 0.220692 0.381892 0.010413 0.005941
0 0.271078 0.399002 0.010413 0.005941
0 0.296607 0.390447 0.010413 0.005941
0 0.321800 0.384743 0.010413 0.005941
0 0.382936 0.396150 0.010413 0.005941
0 0.407793 0.390447 0.010413 0.005941
0 0.432314 0.381892 0.010413 0.005941
0 0.481693 0.396150 0.010413 0.005941
0 0.506550 0.387595 0.010413 0.005941
0 0.531072 0.381892 0.010413 0.005941
0 0.590191 0.399002 0.010413 0.005941
0 0.613033 0.393298 0.010413 0.005941
0 0.635875 0.384743 0.010413 0.005941
0 0.681895 0.399002 0.010413 0.005941
0 0.705072 0.390447 0.010413 0.005941
0 0.727914 0.384743 0.010413 0.005941
0 0.793080 0.401854 0.010413 0.005941
0 0.816258 0.396150 0.010413 0.005941
0 0.839436 0.381892 0.010413 0.005941
0 0.886127 0.393298 0.010413 0.005941
0 0.909305 0.387595 0.010413 0.005941
0 0.932482 0.381892 0.010413 0.005941
0 0.178032 0.623574 0.010413 0.005941
0 0.203561 0.615019 0.010413 0.005941
0 0.228754 0.606464 0.010413 0.005941
0 0.279140 0.623574 0.010413 0.005941
0 0.304333 0.615019 0.010413 0.005941
0 0.329526 0.609316 0.010413 0.005941
0 0.396708 0.620722 0.010413 0.005941
0 0.420222 0.615019 0.010413 0.005941
0 0.443735 0.606464 0.010413 0.005941
0 0.490763 0.615019 0.010413 0.005941
0 0.513940 0.606464 0.010413 0.005941
0 0.537454 0.600760 0.010413 0.005941
0 0.595230 0.617871 0.010413 0.005941
0 0.618408 0.606464 0.010413 0.005941
0 0.641585 0.600760 0.010413 0.005941
0 0.687605 0.617871 0.010413 0.005941
0 0.710783 0.609316 0.010413 0.005941
0 0.733624 0.603612 0.010413 0.005941
0 0.791401 0.615019 0.010413 0.005941
0 0.814914 0.609316 0.010413 0.005941
0 0.838428 0.603612 0.010413 0.005941
0 0.885455 0.620722 0.010413 0.005941
0 0.908969 0.615019 0.010413 0.005941
0 0.932482 0.606464 0.010413 0.005941
0 0.159221 0.833175 0.010413 0.005941
0 0.183742 0.821768 0.010413 0.005941
0 0.208263 0.816065 0.010413 0.005941
0 0.257306 0.833175 0.010413 0.005941
0 0.281827 0.824620 0.010413 0.005941
0 0.306349 0.818916 0.010413 0.005941
0 0.365805 0.830323 0.010413 0.005941
0 0.389654 0.824620 0.010413 0.005941
0 0.413168 0.816065 0.010413 0.005941
0 0.460867 0.824620 0.010413 0.005941
0 0.484716 0.816065 0.010413 0.005941
0 0.508230 0.810361 0.010413 0.005941
0 0.582466 0.824620 0.010413 0.005941
0 0.606651 0.818916 0.010413 0.005941
0 0.630501 0.810361 0.010413 0.005941
0 0.678871 0.827471 0.010413 0.005941
0 0.703057 0.818916 0.010413 0.005941
0 0.727242 0.813213 0.010413 0.005941
0 0.791737 0.824620 0.010413 0.005941
0 0.815250 0.818916 0.010413 0.005941
0 0.838764 0.813213 0.010413 0.005941
0 0.885455 0.830323 0.010413 0.005941
0 0.908969 0.824620 0.010413 0.005941
0 0.932482 0.816065 0.010413 0.005941
0 0.134699 0.076283 0.010413 0.005941
0 0.235472 0.079135 0.010413 0.005941
0 0.285858 0.084838 0.010413 0.005941
0 0.360094 0.084838 0.010413 0.005941
0 0.405442 0.081987 0.010413 0.005941
0 0.451125 0.087690 0.010413 0.005941
0 0.496473 0.087690 0.010413 0.005941
0 0.560632 0.079135 0.010413 0.005941
0 0.697346 0.090542 0.010413 0.005941
0 0.759489 0.087690 0.010413 0.005941
0 0.808532 0.087690 0.010413 0.005941
0 0.857575 0.087690 0.010413 0.005941
0 0.906617 0.081987 0.010413 0.005941
0 0.931475 0.084838 0.010413 0.005941
0 0.142089 0.314876 0.010413 0.005941
0 0.407793 0.312025 0.010413 0.005941
0 0.457172 0.312025 0.010413 0.005941
0 0.506550 0.303470 0.010413 0.005941
0 0.567014 0.303470 0.010413 0.005941
0 0.613033 0.303470 0.010413 0.005941
0 0.705072 0.306321 0.010413 0.005941
0 0.727914 0.309173 0.010413 0.005941
0 0.769567 0.306321 0.010413 0.005941
0 0.816258 0.317728 0.010413 0.005941
0 0.862949 0.309173 0.010413 0.005941
0 0.909305 0.312025 0.010413 0.005941
0 0.152838 0.546578 0.010413 0.005941
0 0.133020 0.546340 0.007054 0.004040
0 0.142089 0.543489 0.007054 0.004040
0 0.304333 0.546578 0.010413 0.005941
0 0.373194 0.549430 0.010413 0.005941
0 0.437017 0.747624 0.010413 0.005941
0 0.484716 0.747624 0.010413 0.005941
0 0.558280 0.747624 0.010413 0.005941
0 0.606651 0.747624 0.010413 0.005941
0 0.654686 0.750475 0.010413 0.005941
0 0.768559 0.741920 0.010413 0.005941
0 0.862277 0.753327 0.010413 0.005941
0 0.908969 0.753327 0.010413 0.005941
