0 0.121935 0.230751 0.009070 0.005228
0 0.200873 0.230751 0.009070 0.005228
0 0.240511 0.230751 0.009070 0.005228
0 0.296271 0.230751 0.009070 0.005228
0 0.331878 0.230751 0.009070 0.005228
0 0.597917 0.240494 0.009405 0.005228
0 0.686933 0.240494 0.009070 0.005228
0 0.713470 0.240494 0.009070 0.005228
0 0.740007 0.240494 0.009070 0.005228
0 0.766544 0.240494 0.009070 0.005228
0 0.804165 0.240494 0.009405 0.005228
0 0.869667 0.240494 0.009070 0.005228
0 0.121935 0.213403 0.009070 0.005228
0 0.161236 0.215779 0.009070 0.005228
0 0.200873 0.218394 0.009070 0.005228
0 0.240511 0.220770 0.009070 0.005228
0 0.296271 0.223146 0.009070 0.005228
0 0.331878 0.213403 0.009070 0.005228
0 0.440712 0.247861 0.009070 0.005228
0 0.440712 0.230751 0.009070 0.005228
0 0.507222 0.240494 0.009070 0.005228
0 0.507222 0.230751 0.009070 0.005228
0 0.542157 0.240494 0.009070 0.005228
0 0.542157 0.225760 0.009070 0.005228
0 0.573060 0.240494 0.009070 0.005228
0 0.573060 0.225760 0.009070 0.005228
0 0.597917 0.228137 0.009070 0.005228
0 0.653342 0.230751 0.009070 0.005228
0 0.686933 0.228137 0.009070 0.005228
0 0.713470 0.230751 0.009070 0.005228
0 0.740007 0.233127 0.009070 0.005228
0 0.766544 0.233127 0.009070 0.005228
0 0.804165 0.230751 0.009405 0.005228
0 0.869667 0.235504 0.009070 0.005228
0 0.129997 0.162072 0.009070 0.005228
0 0.161236 0.164686 0.009070 0.005228
0 0.200873 0.162072 0.009070 0.005228
0 0.240511 0.159696 0.009070 0.005228
0 0.296271 0.157319 0.009070 0.005228
0 0.331878 0.162072 0.009070 0.005228
0 0.804165 0.174430 0.009405 0.005228
0 0.869667 0.179420 0.009070 0.005228
0 0.121935 0.159696 0.009070 0.005228
0 0.200873 0.157319 0.009070 0.005228
0 0.240511 0.154705 0.009070 0.005228
0 0.296271 0.152329 0.009070 0.005228
0 0.331878 0.157319 0.009070 0.005228
0 0.440712 0.172053 0.009070 0.005228
0 0.440712 0.164686 0.009070 0.005228
0 0.507222 0.174430 0.009070 0.005228
0 0.507222 0.162072 0.009070 0.005228
0 0.542157 0.174430 0.009070 0.005228
0 0.573060 0.174430 0.009070 0.005228
0 0.597917 0.169439 0.009070 0.005228
0 0.631844 0.172053 0.009070 0.005228
0 0.686933 0.172053 0.009070 0.005228
0 0.713470 0.174430 0.009070 0.005228
0 0.740007 0.177044 0.009070 0.005228
0 0.766544 0.177044 0.009070 0.005228
0 0.804165 0.174430 0.009405 0.005228
0 0.869667 0.169439 0.009070 0.005228
0 0.121935 0.080323 0.009070 0.005228
0 0.161236 0.080323 0.009070 0.005228
0 0.200873 0.077947 0.009070 0.005228
0 0.240511 0.075333 0.009070 0.005228
0 0.296271 0.072956 0.009070 0.005228
0 0.331878 0.077947 0.009070 0.005228
0 0.413504 0.077709 0.006382 0.003565
0 0.440712 0.077947 0.009070 0.005228
0 0.473631 0.080323 0.009070 0.005228
0 0.507222 0.082700 0.009405 0.005228
0 0.597917 0.082700 0.009405 0.005228
0 0.686933 0.082700 0.009070 0.005228
