0 0.116224 0.210789 0.008734 0.004990
0 0.333221 0.210789 0.008734 0.004990
0 0.552570 0.210789 0.008734 0.004990
0 0.758482 0.210789 0.008734 0.004990
0 0.116224 0.389971 0.008734 0.004990
0 0.116224 0.201759 0.008398 0.004990
0 0.264696 0.201759 0.008398 0.004990
0 0.333221 0.201759 0.008398 0.004990
0 0.486396 0.201759 0.008398 0.004990
0 0.552570 0.201759 0.008398 0.004990
0 0.694323 0.201759 0.008398 0.004990
0 0.758482 0.201759 0.008398 0.004990
0 0.905946 0.201759 0.008398 0.004990
0 0.116224 0.380703 0.008398 0.004990
0 0.232785 0.380703 0.008398 0.004990
0 0.285186 0.389971 0.008398 0.004990
0 0.285186 0.380703 0.008398 0.004990
0 0.407793 0.389971 0.008398 0.004990
0 0.407793 0.380703 0.008398 0.004990
0 0.461203 0.396625 0.008398 0.004990
0 0.461203 0.380703 0.008398 0.004990
0 0.577091 0.389971 0.008398 0.004990
0 0.577091 0.380703 0.008398 0.004990
0 0.628149 0.396625 0.008398 0.004990
0 0.628149 0.380703 0.008398 0.004990
0 0.701041 0.401378 0.008398 0.004990
0 0.701041 0.385456 0.008398 0.004990
0 0.800134 0.399002 0.008734 0.004990
0 0.800134 0.383080 0.008734 0.004990
0 0.118912 0.578184 0.008734 0.004990
0 0.118912 0.562262 0.008734 0.004990
0 0.290561 0.575808 0.008398 0.004990
0 0.366140 0.575808 0.008398 0.004990
0 0.460195 0.568916 0.008398 0.004990
0 0.580114 0.568916 0.008398 0.004990
0 0.580114 0.559886 0.008398 0.004990
0 0.632180 0.575808 0.008398 0.004990
0 0.632180 0.559886 0.008398 0.004990
0 0.752099 0.568916 0.008398 0.004990
0 0.752099 0.559886 0.008398 0.004990
0 0.804165 0.575808 0.008398 0.004990
0 0.804165 0.559886 0.008398 0.004990
0 0.879745 0.580323 0.008398 0.004990
0 0.879745 0.564401 0.008398 0.004990
0 0.118912 0.757367 0.008734 0.004990
0 0.118912 0.741445 0.008734 0.004990
0 0.279476 0.757367 0.008734 0.004990
0 0.279476 0.741445 0.008734 0.004990
0 0.465233 0.754990 0.008734 0.004990
0 0.465233 0.739068 0.008734 0.004990
0 0.620423 0.754990 0.008734 0.004990
0 0.620423 0.739068 0.008734 0.004990
0 0.804165 0.748099 0.008398 0.004990
0 0.804165 0.739068 0.008398 0.004990
0 0.917702 0.748099 0.008398 0.004990
0 0.917702 0.739068 0.008398 0.004990
0 0.118576 0.927994 0.008398 0.004990
0 0.118576 0.918964 0.008398 0.004990
0 0.230097 0.927994 0.008398 0.004990
0 0.230097 0.918964 0.008398 0.004990
0 0.283843 0.927994 0.008398 0.004990
0 0.283843 0.918964 0.008398 0.004990
0 0.395364 0.927994 0.008398 0.004990
0 0.395364 0.918964 0.008398 0.004990
0 0.449110 0.927994 0.008398 0.004990
0 0.449110 0.918964 0.008398 0.004990
0 0.706752 0.934886 0.008398 0.004990
0 0.724219 0.939401 0.008398 0.004990
0 0.742022 0.934886 0.008398 0.004990
0 0.774941 0.943916 0.008398 0.004990
0 0.824656 0.934886 0.008398 0.004990
0 0.824656 0.918964 0.008398 0.004990
0 0.875714 0.943916 0.008398 0.004990
0 0.875714 0.927994 0.008398 0.004990
0 0.116224 0.138070 0.008398 0.004990
0 0.141082 0.147101 0.008398 0.004990
0 0.165939 0.149477 0.008398 0.004990
0 0.190460 0.147101 0.008398 0.004990
0 0.215317 0.138070 0.008398 0.004990
0 0.240175 0.147101 0.008398 0.004990
0 0.264696 0.149477 0.008398 0.004990
0 0.289553 0.147101 0.008398 0.004990
0 0.333221 0.138070 0.008398 0.004990
0 0.358750 0.147101 0.008398 0.004990
0 0.384279 0.149477 0.008398 0.004990
0 0.409809 0.147101 0.008398 0.004990
0 0.435338 0.138070 0.008398 0.004990
0 0.460867 0.147101 0.008398 0.004990
0 0.486396 0.149477 0.008398 0.004990
0 0.511925 0.147101 0.008398 0.004990
0 0.552570 0.140209 0.008398 0.004990
0 0.576083 0.144724 0.008398 0.004990
0 0.599933 0.147101 0.008398 0.004990
0 0.623446 0.144724 0.008398 0.004990
0 0.646960 0.140209 0.008398 0.004990
0 0.670810 0.144724 0.008398 0.004990
0 0.694323 0.147101 0.008398 0.004990
0 0.717837 0.144724 0.008398 0.004990
0 0.758482 0.140209 0.008398 0.004990
0 0.783003 0.144724 0.008398 0.004990
0 0.807860 0.147101 0.008398 0.004990
0 0.832382 0.144724 0.008398 0.004990
0 0.856903 0.140209 0.008398 0.004990
0 0.881424 0.144724 0.008398 0.004990
0 0.905946 0.147101 0.008398 0.004990
0 0.930803 0.144724 0.008398 0.004990
0 0.116224 0.317253 0.008398 0.004990
0 0.135707 0.326283 0.008398 0.004990
0 0.155190 0.328422 0.008398 0.004990
0 0.174337 0.326283 0.008398 0.004990
0 0.193819 0.317253 0.008398 0.004990
0 0.213302 0.326283 0.008398 0.004990
0 0.232785 0.328422 0.008398 0.004990
0 0.251931 0.326283 0.008398 0.004990
0 0.285186 0.317253 0.008398 0.004990
0 0.305677 0.326283 0.008398 0.004990
0 0.326167 0.328422 0.008398 0.004990
0 0.346658 0.326283 0.008398 0.004990
0 0.366812 0.317253 0.008398 0.004990
0 0.387303 0.326283 0.008398 0.004990
0 0.407793 0.319392 0.008398 0.004990
0 0.428284 0.323907 0.008398 0.004990
0 0.461203 0.321768 0.008398 0.004990
0 0.480349 0.326283 0.008398 0.004990
0 0.499832 0.330798 0.008398 0.004990
0 0.518979 0.326283 0.008398 0.004990
0 0.538462 0.321768 0.008398 0.004990
0 0.557608 0.326283 0.008398 0.004990
0 0.577091 0.319392 0.008398 0.004990
0 0.596238 0.323907 0.008398 0.004990
0 0.628149 0.321768 0.008398 0.004990
0 0.646288 0.326283 0.008398 0.004990
0 0.664427 0.330798 0.008398 0.004990
0 0.682902 0.323907 0.008398 0.004990
0 0.701041 0.314876 0.008398 0.004990
0 0.719180 0.323907 0.008398 0.004990
0 0.737655 0.330798 0.008398 0.004990
0 0.755794 0.323907 0.008398 0.004990
0 0.800134 0.328422 0.008398 0.004990
0 0.819617 0.323907 0.008398 0.004990
0 0.839100 0.312500 0.008398 0.004990
0 0.858247 0.323907 0.008398 0.004990
0 0.877729 0.328422 0.008398 0.004990
0 0.897212 0.323907 0.008398 0.004990
0 0.916359 0.314876 0.008398 0.004990
0 0.935841 0.323907 0.008398 0.004990
0 0.118576 0.507605 0.008398 0.004990
0 0.138394 0.500713 0.008398 0.004990
0 0.158213 0.496198 0.008398 0.004990
0 0.178032 0.500713 0.008398 0.004990
0 0.197850 0.507605 0.008398 0.004990
0 0.217669 0.503089 0.008398 0.004990
0 0.237487 0.500713 0.008398 0.004990
0 0.257306 0.503089 0.008398 0.004990
0 0.290561 0.509981 0.008398 0.004990
0 0.309372 0.503089 0.008398 0.004990
0 0.328519 0.498574 0.008398 0.004990
0 0.347330 0.503089 0.008398 0.004990
0 0.366140 0.509981 0.008398 0.004990
0 0.384951 0.505466 0.008398 0.004990
0 0.403762 0.496198 0.008398 0.004990
0 0.422909 0.505466 0.008398 0.004990
0 0.460195 0.509981 0.008398 0.004990
0 0.480349 0.503089 0.008398 0.004990
0 0.500168 0.498574 0.008398 0.004990
0 0.519987 0.503089 0.008398 0.004990
0 0.540141 0.509981 0.008398 0.004990
0 0.559960 0.503089 0.008398 0.004990
0 0.580114 0.498574 0.008398 0.004990
0 0.599933 0.503089 0.008398 0.004990
0 0.632180 0.500713 0.008398 0.004990
0 0.652335 0.505466 0.008398 0.004990
0 0.672153 0.509981 0.008398 0.004990
0 0.691972 0.505466 0.008398 0.004990
0 0.712126 0.500713 0.008398 0.004990
0 0.731945 0.505466 0.008398 0.004990
0 0.752099 0.498574 0.008398 0.004990
0 0.771918 0.503089 0.008398 0.004990
0 0.804165 0.500713 0.008398 0.004990
0 0.822976 0.505466 0.008398 0.004990
0 0.842123 0.509981 0.008398 0.004990
0 0.860934 0.505466 0.008398 0.004990
0 0.879745 0.494059 0.008398 0.004990
0 0.898556 0.503089 0.008398 0.004990
0 0.917702 0.509981 0.008398 0.004990
0 0.936513 0.503089 0.008398 0.004990
0 0.118576 0.686787 0.008398 0.004990
0 0.136715 0.682272 0.008398 0.004990
0 0.154854 0.670865 0.008398 0.004990
0 0.172993 0.682272 0.008398 0.004990
0 0.190796 0.686787 0.008398 0.004990
0 0.210279 0.682272 0.008398 0.004990
0 0.228082 0.673241 0.008398 0.004990
0 0.246221 0.682272 0.008398 0.004990
0 0.279476 0.686787 0.008398 0.004990
0 0.298287 0.679895 0.008398 0.004990
0 0.317434 0.675380 0.008398 0.004990
0 0.336580 0.679895 0.008398 0.004990
0 0.370843 0.702709 0.008398 0.004990
0 0.389990 0.698194 0.008398 0.004990
0 0.408801 0.691302 0.008398 0.004990
0 0.427948 0.698194 0.008398 0.004990
0 0.465233 0.705086 0.008398 0.004990
0 0.483373 0.700333 0.008398 0.004990
0 0.501176 0.693679 0.008398 0.004990
0 0.519315 0.700333 0.008398 0.004990
0 0.537118 0.705086 0.008398 0.004990
0 0.555257 0.700333 0.008398 0.004990
0 0.573060 0.693679 0.008398 0.004990
0 0.591199 0.700333 0.008398 0.004990
0 0.620423 0.707224 0.008398 0.004990
0 0.639906 0.700333 0.008398 0.004990
0 0.665771 0.695817 0.008398 0.004990
0 0.691636 0.700333 0.008398 0.004990
0 0.711119 0.702709 0.008398 0.004990
0 0.730601 0.700333 0.008398 0.004990
0 0.750084 0.691302 0.008398 0.004990
0 0.769567 0.700333 0.008398 0.004990
0 0.804165 0.705086 0.008398 0.004990
0 0.822976 0.693679 0.008398 0.004990
0 0.842123 0.705086 0.008398 0.004990
0 0.860934 0.709601 0.008398 0.004990
0 0.879745 0.702709 0.008398 0.004990
0 0.898556 0.695817 0.008398 0.004990
0 0.917702 0.702709 0.008398 0.004990
0 0.936513 0.707224 0.008398 0.004990
0 0.118576 0.884030 0.008398 0.004990
0 0.137051 0.872624 0.008398 0.004990
0 0.155862 0.884030 0.008398 0.004990
0 0.174337 0.888546 0.008398 0.004990
0 0.193147 0.881892 0.008398 0.004990
0 0.211622 0.875000 0.008398 0.004990
0 0.230097 0.881892 0.008398 0.004990
0 0.248908 0.886407 0.008398 0.004990
0 0.283843 0.884030 0.008398 0.004990
0 0.302318 0.872624 0.008398 0.004990
0 0.321129 0.884030 0.008398 0.004990
0 0.339604 0.888546 0.008398 0.004990
0 0.358415 0.881892 0.008398 0.004990
0 0.376889 0.875000 0.008398 0.004990
0 0.395364 0.881892 0.008398 0.004990
0 0.414175 0.886407 0.008398 0.004990
0 0.449110 0.884030 0.008398 0.004990
0 0.467249 0.872624 0.008398 0.004990
0 0.485388 0.879515 0.008398 0.004990
0 0.503191 0.884030 0.008398 0.004990
0 0.536110 0.861454 0.008398 0.004990
0 0.554249 0.868108 0.008398 0.004990
0 0.572388 0.872624 0.008398 0.004990
0 0.590527 0.877376 0.008398 0.004990
0 0.617736 0.872624 0.008398 0.004990
0 0.635539 0.861454 0.008398 0.004990
0 0.653342 0.868108 0.008398 0.004990
0 0.671145 0.872624 0.008398 0.004990
0 0.688949 0.877376 0.008398 0.004990
0 0.824656 0.870485 0.008398 0.004990
0 0.816930 0.865970 0.008398 0.004990
0 0.824656 0.863593 0.008398 0.004990
0 0.824656 0.859078 0.008398 0.004990
0 0.875714 0.872624 0.008398 0.004990
0 0.875714 0.868108 0.008398 0.004990
0 0.875714 0.863593 0.008398 0.004990
0 0.875714 0.856702 0.008398 0.004990
0 0.116224 0.083413 0.008398 0.004990
0 0.264696 0.085789 0.008398 0.004990
0 0.289553 0.087928 0.008398 0.004990
0 0.333221 0.090304 0.008398 0.004990
0 0.384279 0.090304 0.008398 0.004990
0 0.435338 0.087928 0.008398 0.004990
0 0.486396 0.085789 0.008398 0.004990
0 0.552570 0.087928 0.008398 0.004990
0 0.694323 0.092443 0.008398 0.004990
0 0.758482 0.099335 0.008398 0.004990
0 0.807860 0.092443 0.008398 0.004990
0 0.856903 0.087928 0.008398 0.004990
0 0.905946 0.092443 0.008398 0.004990
0 0.116224 0.262595 0.008398 0.004990
0 0.232785 0.264971 0.008398 0.004990
0 0.251931 0.267110 0.008398 0.004990
0 0.285186 0.269487 0.008398 0.004990
0 0.407793 0.267110 0.008398 0.004990
0 0.461203 0.269487 0.008398 0.004990
0 0.577091 0.267110 0.008398 0.004990
0 0.628149 0.269487 0.008398 0.004990
0 0.737655 0.262595 0.008398 0.004990
0 0.800134 0.260219 0.008398 0.004990
0 0.916359 0.276141 0.008398 0.004990
0 0.118576 0.455323 0.008398 0.004990
0 0.178032 0.453184 0.008398 0.004990
0 0.197850 0.450808 0.008398 0.004990
0 0.237487 0.448432 0.008398 0.004990
0 0.290561 0.446293 0.008398 0.004990
0 0.403762 0.448432 0.008398 0.004990
0 0.460195 0.450808 0.008398 0.004990
0 0.580114 0.446293 0.008398 0.004990
0 0.632180 0.448432 0.008398 0.004990
0 0.752099 0.446293 0.008398 0.004990
0 0.804165 0.448432 0.008398 0.004990
0 0.917702 0.441778 0.008398 0.004990
0 0.118576 0.618584 0.008398 0.004990
0 0.228082 0.634506 0.008398 0.004990
0 0.279476 0.634506 0.008398 0.004990
0 0.317434 0.623099 0.008398 0.004990
0 0.370843 0.627614 0.008398 0.004990
0 0.408801 0.618584 0.008398 0.004990
0 0.465233 0.629990 0.008398 0.004990
0 0.573060 0.627614 0.008398 0.004990
0 0.620423 0.625475 0.008398 0.004990
0 0.649983 0.623099 0.008398 0.004990
0 0.681559 0.627614 0.008398 0.004990
0 0.711119 0.620960 0.008398 0.004990
0 0.769567 0.632129 0.008398 0.004990
0 0.804165 0.629990 0.008398 0.004990
0 0.917702 0.616207 0.008398 0.004990
0 0.118576 0.793251 0.008398 0.004990
0 0.230097 0.795390 0.008398 0.004990
0 0.283843 0.793251 0.008398 0.004990
0 0.395364 0.799905 0.008398 0.004990
0 0.449110 0.809173 0.008398 0.004990
