0 0.124286 0.196055 0.007054 0.004040
0 0.140074 0.182272 0.007054 0.004040
0 0.156198 0.196055 0.007054 0.004040
0 0.171985 0.182272 0.007054 0.004040
0 0.188109 0.196055 0.007054 0.004040
0 0.203897 0.182272 0.007054 0.004040
0 0.219684 0.196055 0.007054 0.004040
0 0.235808 0.182272 0.007054 0.004040
0 0.251596 0.196055 0.007054 0.004040
0 0.267719 0.182272 0.007054 0.004040
0 0.283507 0.196055 0.007054 0.004040
0 0.299295 0.182272 0.007054 0.004040
0 0.335237 0.196055 0.007054 0.004040
0 0.350689 0.182272 0.007054 0.004040
0 0.366140 0.196055 0.007054 0.004040
0 0.381928 0.182272 0.007054 0.004040
0 0.397380 0.196055 0.007054 0.004040
0 0.413168 0.182272 0.007054 0.004040
0 0.428619 0.196055 0.007054 0.004040
0 0.444071 0.182272 0.007054 0.004040
0 0.459859 0.196055 0.007054 0.004040
0 0.475311 0.182272 0.007054 0.004040
0 0.490763 0.196055 0.007054 0.004040
0 0.506550 0.182272 0.007054 0.004040
0 0.534431 0.196055 0.007054 0.004040
0 0.551562 0.182272 0.007054 0.004040
0 0.568693 0.196055 0.007054 0.004040
0 0.585825 0.182272 0.007054 0.004040
0 0.607323 0.196055 0.007054 0.004040
0 0.624454 0.182272 0.007054 0.004040
0 0.641250 0.196055 0.007054 0.004040
0 0.658381 0.182272 0.007054 0.004040
0 0.675512 0.196055 0.007054 0.004040
0 0.692644 0.182272 0.007054 0.004040
0 0.709775 0.196055 0.007054 0.004040
0 0.726906 0.182272 0.007054 0.004040
0 0.761841 0.196055 0.007054 0.004040
0 0.761841 0.182272 0.007054 0.004040
0 0.795096 0.192015 0.007054 0.004040
0 0.795096 0.178470 0.007054 0.004040
0 0.827679 0.188213 0.007054 0.004040
0 0.827679 0.174430 0.007054 0.004040
0 0.860598 0.182272 0.007054 0.004040
0 0.860598 0.168489 0.007054 0.004040
0 0.125966 0.360504 0.007054 0.004040
0 0.125966 0.346721 0.007054 0.004040
0 0.190124 0.356464 0.007054 0.004040
0 0.190124 0.346721 0.007054 0.004040
0 0.262345 0.352662 0.007054 0.004040
0 0.262345 0.346721 0.007054 0.004040
0 0.330198 0.348622 0.007054 0.004040
0 0.336916 0.346721 0.007054 0.004040
0 0.424589 0.350523 0.007054 0.004040
0 0.424589 0.346721 0.007054 0.004040
0 0.511253 0.352662 0.007054 0.004040
0 0.511253 0.346721 0.007054 0.004040
0 0.606987 0.348622 0.007054 0.004040
0 0.613705 0.346721 0.007054 0.004040
0 0.685254 0.350523 0.007054 0.004040
0 0.685254 0.346721 0.007054 0.004040
0 0.725227 0.352662 0.007054 0.004040
0 0.725227 0.346721 0.007054 0.004040
0 0.788713 0.354563 0.007054 0.004040
0 0.788713 0.346721 0.007054 0.004040
0 0.871683 0.352662 0.007054 0.004040
0 0.871683 0.346721 0.007054 0.004040
0 0.913336 0.352662 0.007054 0.004040
0 0.913336 0.348622 0.007054 0.004040
0 0.113537 0.538498 0.007054 0.004040
0 0.113537 0.530656 0.007054 0.004040
0 0.113537 0.524715 0.007054 0.004040
0 0.203897 0.524715 0.007054 0.004040
0 0.203897 0.520675 0.007054 0.004040
0 0.253947 0.530656 0.007054 0.004040
0 0.253947 0.524715 0.007054 0.004040
0 0.303325 0.532557 0.007054 0.004040
0 0.303325 0.526616 0.007054 0.004040
0 0.412832 0.532557 0.007054 0.004040
0 0.412832 0.526616 0.007054 0.004040
0 0.473967 0.530656 0.007054 0.004040
0 0.473967 0.526616 0.007054 0.004040
0 0.537118 0.534458 0.007054 0.004040
0 0.537118 0.524715 0.007054 0.004040
0 0.632180 0.534458 0.007054 0.004040
0 0.632180 0.524715 0.007054 0.004040
0 0.684918 0.530656 0.007054 0.004040
0 0.684918 0.524715 0.007054 0.004040
0 0.751092 0.532557 0.007054 0.004040
0 0.751092 0.526616 0.007054 0.004040
0 0.851528 0.528517 0.007054 0.004040
0 0.858247 0.526616 0.007054 0.004040
0 0.911656 0.530656 0.007054 0.004040
0 0.911656 0.526616 0.007054 0.004040
0 0.113537 0.706987 0.007054 0.004040
0 0.113537 0.697243 0.007054 0.004040
0 0.198186 0.706987 0.007054 0.004040
0 0.198186 0.697243 0.007054 0.004040
0 0.292241 0.705086 0.007054 0.004040
0 0.292241 0.697243 0.007054 0.004040
0 0.394021 0.705086 0.007054 0.004040
0 0.394021 0.697243 0.007054 0.004040
0 0.519987 0.706987 0.007054 0.004040
0 0.519987 0.697243 0.007054 0.004040
0 0.610682 0.706987 0.007054 0.004040
0 0.610682 0.697243 0.007054 0.004040
0 0.711790 0.705086 0.007054 0.004040
0 0.711790 0.697243 0.007054 0.004040
0 0.833389 0.705086 0.007054 0.004040
0 0.833389 0.697243 0.007054 0.004040
0 0.118576 0.885456 0.007054 0.004040
0 0.118576 0.875713 0.007054 0.004040
0 0.202889 0.885456 0.007054 0.004040
0 0.202889 0.875713 0.007054 0.004040
0 0.298623 0.879515 0.007054 0.004040
0 0.298623 0.875713 0.007054 0.004040
0 0.420222 0.881654 0.007054 0.004040
0 0.420222 0.877614 0.007054 0.004040
0 0.547195 0.889496 0.007054 0.004040
0 0.547195 0.875713 0.007054 0.004040
0 0.595566 0.903042 0.007054 0.004040
0 0.595566 0.889496 0.007054 0.004040
0 0.684918 0.903042 0.007054 0.004040
0 0.684918 0.889496 0.007054 0.004040
0 0.759489 0.903042 0.007054 0.004040
0 0.759489 0.889496 0.007054 0.004040
0 0.851192 0.903042 0.007054 0.004040
0 0.851192 0.899240 0.007054 0.004040
0 0.851192 0.895200 0.007054 0.004040
0 0.851192 0.889259 0.007054 0.004040
0 0.124286 0.132129 0.007054 0.004040
0 0.124286 0.128327 0.007054 0.004040
0 0.124286 0.122386 0.007054 0.004040
0 0.335237 0.134030 0.007054 0.004040
0 0.335237 0.130228 0.007054 0.004040
0 0.335237 0.124287 0.007054 0.004040
0 0.390998 0.124287 0.007054 0.004040
0 0.397380 0.122386 0.007054 0.004040
0 0.397380 0.118346 0.007054 0.004040
0 0.397380 0.114544 0.007054 0.004040
0 0.428619 0.124287 0.007054 0.004040
0 0.428619 0.120485 0.007054 0.004040
0 0.428619 0.116445 0.007054 0.004040
0 0.534431 0.139971 0.007054 0.004040
0 0.534431 0.136169 0.007054 0.004040
0 0.534431 0.132129 0.007054 0.004040
0 0.541149 0.130228 0.007054 0.004040
0 0.761841 0.138070 0.007054 0.004040
0 0.778300 0.124287 0.007054 0.004040
0 0.795096 0.134030 0.007054 0.004040
0 0.811555 0.120485 0.007054 0.004040
0 0.827679 0.130228 0.007054 0.004040
0 0.844138 0.116445 0.007054 0.004040
0 0.860598 0.124287 0.007054 0.004040
0 0.860598 0.110504 0.007054 0.004040
0 0.143769 0.311312 0.007054 0.004040
0 0.161572 0.311312 0.007054 0.004040
0 0.161572 0.297766 0.007054 0.004040
0 0.208263 0.311312 0.007054 0.004040
0 0.226067 0.311312 0.007054 0.004040
0 0.226067 0.297766 0.007054 0.004040
0 0.282835 0.311312 0.007054 0.004040
0 0.282835 0.307510 0.007054 0.004040
0 0.303661 0.311312 0.007054 0.004040
0 0.303661 0.307510 0.007054 0.004040
0 0.303661 0.297766 0.007054 0.004040
0 0.357407 0.311312 0.007054 0.004040
0 0.357407 0.303470 0.007054 0.004040
0 0.378233 0.311312 0.007054 0.004040
0 0.378233 0.303470 0.007054 0.004040
0 0.378233 0.297766 0.007054 0.004040
0 0.448774 0.311312 0.007054 0.004040
0 0.448774 0.305608 0.007054 0.004040
0 0.472623 0.311312 0.007054 0.004040
0 0.472623 0.305608 0.007054 0.004040
0 0.472623 0.297766 0.007054 0.004040
0 0.535438 0.311312 0.007054 0.004040
0 0.535438 0.307510 0.007054 0.004040
0 0.559624 0.311312 0.007054 0.004040
0 0.559624 0.307510 0.007054 0.004040
0 0.559624 0.297766 0.007054 0.004040
0 0.633524 0.311312 0.007054 0.004040
0 0.633524 0.303470 0.007054 0.004040
0 0.653342 0.311312 0.007054 0.004040
0 0.653342 0.303470 0.007054 0.004040
0 0.653342 0.297766 0.007054 0.004040
0 0.705072 0.311312 0.007054 0.004040
0 0.705072 0.305608 0.007054 0.004040
0 0.705072 0.297766 0.007054 0.004040
0 0.745045 0.311312 0.007054 0.004040
0 0.745045 0.307510 0.007054 0.004040
0 0.745045 0.297766 0.007054 0.004040
0 0.809540 0.311312 0.007054 0.004040
0 0.830366 0.311312 0.007054 0.004040
0 0.830366 0.297766 0.007054 0.004040
0 0.892509 0.317253 0.007054 0.004040
0 0.913336 0.317253 0.007054 0.004040
0 0.913336 0.303470 0.007054 0.004040
0 0.138730 0.498099 0.007054 0.004040
0 0.163588 0.498099 0.007054 0.004040
0 0.163588 0.484316 0.007054 0.004040
0 0.228754 0.498099 0.007054 0.004040
0 0.253947 0.498099 0.007054 0.004040
0 0.253947 0.484316 0.007054 0.004040
0 0.333557 0.498099 0.007054 0.004040
0 0.364125 0.498099 0.007054 0.004040
0 0.364125 0.484316 0.007054 0.004040
0 0.443399 0.498099 0.007054 0.004040
0 0.473967 0.498099 0.007054 0.004040
0 0.473967 0.484316 0.007054 0.004040
0 0.563319 0.498099 0.007054 0.004040
0 0.589856 0.498099 0.007054 0.004040
0 0.589856 0.484316 0.007054 0.004040
0 0.658717 0.498099 0.007054 0.004040
0 0.684918 0.498099 0.007054 0.004040
0 0.684918 0.484316 0.007054 0.004040
0 0.777964 0.498099 0.007054 0.004040
0 0.804837 0.498099 0.007054 0.004040
0 0.804837 0.484316 0.007054 0.004040
0 0.885119 0.498099 0.007054 0.004040
0 0.911656 0.498099 0.007054 0.004040
0 0.911656 0.484316 0.007054 0.004040
0 0.137051 0.670865 0.007054 0.004040
0 0.160564 0.670865 0.007054 0.004040
0 0.160564 0.657082 0.007054 0.004040
0 0.221700 0.670865 0.007054 0.004040
0 0.245213 0.670865 0.007054 0.004040
0 0.245213 0.657082 0.007054 0.004040
0 0.320457 0.668726 0.007054 0.004040
0 0.320457 0.664924 0.007054 0.004040
0 0.348673 0.668726 0.007054 0.004040
0 0.348673 0.664924 0.007054 0.004040
0 0.348673 0.657795 0.007054 0.004040
0 0.422237 0.668726 0.007054 0.004040
0 0.422237 0.664924 0.007054 0.004040
0 0.450453 0.668726 0.007054 0.004040
0 0.450453 0.664924 0.007054 0.004040
0 0.450453 0.655181 0.007054 0.004040
0 0.545180 0.670865 0.007054 0.004040
0 0.545180 0.664924 0.007054 0.004040
0 0.570373 0.670865 0.007054 0.004040
0 0.570373 0.664924 0.007054 0.004040
0 0.570373 0.657082 0.007054 0.004040
0 0.635539 0.670865 0.007054 0.004040
0 0.635539 0.664924 0.007054 0.004040
0 0.660732 0.670865 0.007054 0.004040
0 0.660732 0.664924 0.007054 0.004040
0 0.660732 0.657082 0.007054 0.004040
0 0.742358 0.668726 0.007054 0.004040
0 0.742358 0.664924 0.007054 0.004040
0 0.772590 0.668726 0.007054 0.004040
0 0.772590 0.664924 0.007054 0.004040
0 0.772590 0.655181 0.007054 0.004040
0 0.863621 0.668726 0.007054 0.004040
0 0.863621 0.664924 0.007054 0.004040
0 0.893853 0.668726 0.007054 0.004040
0 0.893853 0.664924 0.007054 0.004040
0 0.893853 0.655181 0.007054 0.004040
0 0.142089 0.846483 0.007054 0.004040
0 0.142089 0.840542 0.007054 0.004040
0 0.165603 0.846483 0.007054 0.004040
0 0.165603 0.840542 0.007054 0.004040
0 0.165603 0.832700 0.007054 0.004040
0 0.226402 0.846483 0.007054 0.004040
0 0.226402 0.840542 0.007054 0.004040
0 0.249916 0.846483 0.007054 0.004040
0 0.249916 0.840542 0.007054 0.004040
0 0.249916 0.832700 0.007054 0.004040
0 0.328855 0.834601 0.007054 0.004040
0 0.359422 0.838641 0.007054 0.004040
0 0.389654 0.834601 0.007054 0.004040
0 0.420222 0.830798 0.007054 0.004040
0 0.468593 0.832700 0.007054 0.004040
0 0.468593 0.828660 0.007054 0.004040
0 0.547195 0.840542 0.007054 0.004040
0 0.547195 0.826759 0.007054 0.004040
0 0.617736 0.854087 0.007054 0.004040
0 0.639906 0.854087 0.007054 0.004040
0 0.639906 0.840542 0.007054 0.004040
0 0.705408 0.854087 0.007054 0.004040
0 0.726234 0.854087 0.007054 0.004040
0 0.726234 0.840542 0.007054 0.004040
0 0.779980 0.854087 0.007054 0.004040
0 0.800806 0.854087 0.007054 0.004040
0 0.800806 0.840542 0.007054 0.004040
0 0.851192 0.854087 0.007054 0.004040
0 0.851192 0.850285 0.007054 0.004040
0 0.851192 0.846245 0.007054 0.004040
0 0.851192 0.840542 0.007054 0.004040
0 0.124286 0.068679 0.007054 0.004040
0 0.188109 0.068679 0.007054 0.004040
0 0.219684 0.064876 0.007054 0.004040
0 0.283507 0.068679 0.007054 0.004040
0 0.335237 0.070580 0.007054 0.004040
0 0.323144 0.068916 0.005039 0.002852
0 0.397380 0.070580 0.007054 0.004040
0 0.490763 0.062738 0.007054 0.004040
0 0.534431 0.062738 0.007054 0.004040
0 0.585825 0.076521 0.007054 0.004040
0 0.607323 0.076521 0.007054 0.004040
0 0.641250 0.060837 0.007054 0.004040
0 0.709775 0.062738 0.007054 0.004040
0 0.761841 0.070580 0.007054 0.004040
0 0.378233 0.252852 0.007054 0.004040
0 0.424589 0.246911 0.007054 0.004040
0 0.472623 0.246911 0.007054 0.004040
0 0.511253 0.249049 0.007054 0.004040
0 0.559624 0.249049 0.007054 0.004040
0 0.613705 0.245010 0.007054 0.004040
0 0.685254 0.246911 0.007054 0.004040
0 0.725227 0.249049 0.007054 0.004040
0 0.788713 0.250951 0.007054 0.004040
0 0.776957 0.249049 0.005039 0.002852
0 0.851192 0.250951 0.007054 0.004040
0 0.871683 0.249049 0.007054 0.004040
0 0.892509 0.245010 0.007054 0.004040
0 0.913336 0.245010 0.007054 0.004040
0 0.933826 0.246911 0.007054 0.004040
0 0.113537 0.427044 0.007054 0.004040
0 0.253947 0.427044 0.007054 0.004040
0 0.303325 0.427044 0.007054 0.004040
0 0.333557 0.428945 0.007054 0.004040
0 0.364125 0.428945 0.007054 0.004040
0 0.412832 0.428945 0.007054 0.004040
0 0.473967 0.427044 0.007054 0.004040
0 0.537118 0.431084 0.007054 0.004040
0 0.632180 0.436787 0.007054 0.004040
0 0.684918 0.427044 0.007054 0.004040
0 0.751092 0.428945 0.007054 0.004040
0 0.739335 0.427281 0.005039 0.002852
0 0.831374 0.428945 0.007054 0.004040
0 0.858247 0.425143 0.007054 0.004040
0 0.911656 0.427044 0.007054 0.004040
0 0.113537 0.609078 0.007054 0.004040
0 0.245213 0.609078 0.007054 0.004040
0 0.292241 0.609078 0.007054 0.004040
0 0.320457 0.612880 0.007054 0.004040
0 0.348673 0.612880 0.007054 0.004040
0 0.394021 0.612880 0.007054 0.004040
0 0.450453 0.612880 0.007054 0.004040
0 0.479006 0.609078 0.007054 0.004040
0 0.519987 0.614781 0.007054 0.004040
0 0.570373 0.614781 0.007054 0.004040
0 0.660732 0.614781 0.007054 0.004040
0 0.711790 0.610979 0.007054 0.004040
0 0.772590 0.612880 0.007054 0.004040
0 0.802822 0.609078 0.007054 0.004040
0 0.833389 0.603137 0.007054 0.004040
0 0.893853 0.599097 0.007054 0.004040
0 0.924421 0.599097 0.007054 0.004040
0 0.118576 0.773764 0.007054 0.004040
0 0.249916 0.777567 0.007054 0.004040
0 0.298623 0.779705 0.007054 0.004040
0 0.359422 0.779705 0.007054 0.004040
0 0.389654 0.779705 0.007054 0.004040
0 0.420222 0.775665 0.007054 0.004040
0 0.468593 0.777567 0.007054 0.004040
0 0.499160 0.777567 0.007054 0.004040
0 0.547195 0.781606 0.007054 0.004040
