0 0.543836 0.879515 0.009070 0.005466
0 0.640242 0.879515 0.009070 0.005466
0 0.301310 0.238118 0.009070 0.005466
0 0.327511 0.210314 0.009070 0.005466
0 0.353712 0.207700 0.009070 0.005466
0 0.379913 0.205323 0.009070 0.005466
0 0.421565 0.207700 0.009070 0.005466
0 0.421565 0.202709 0.009070 0.005466
0 0.558616 0.238118 0.009070 0.005466
0 0.586832 0.210314 0.009070 0.005466
0 0.614377 0.207700 0.009070 0.005466
0 0.642257 0.205323 0.009070 0.005466
0 0.685254 0.207700 0.009070 0.005466
0 0.685254 0.202709 0.009070 0.005466
0 0.842123 0.238118 0.009070 0.005466
0 0.870339 0.210314 0.009070 0.005466
0 0.898892 0.207700 0.009070 0.005466
0 0.927108 0.205323 0.009070 0.005466
0 0.111186 0.429658 0.009070 0.005466
0 0.139738 0.401854 0.009070 0.005466
0 0.168626 0.399477 0.009070 0.005466
0 0.197178 0.396863 0.009070 0.005466
0 0.238159 0.412072 0.009070 0.005466
0 0.273766 0.414449 0.009070 0.005466
0 0.301310 0.412072 0.009070 0.005466
0 0.328855 0.409458 0.009070 0.005466
0 0.366476 0.424667 0.009070 0.005466
0 0.366476 0.409458 0.009070 0.005466
0 0.539133 0.447481 0.009741 0.005466
0 0.539133 0.429658 0.009741 0.005466
0 0.753443 0.439876 0.009070 0.005466
0 0.753443 0.429658 0.009070 0.005466
0 0.849177 0.419677 0.009070 0.005466
0 0.109170 0.666825 0.009070 0.005466
0 0.159893 0.666825 0.009070 0.005466
0 0.226738 0.669439 0.009070 0.005466
0 0.276117 0.679658 0.009070 0.005466
0 0.341955 0.672053 0.009070 0.005466
0 0.513604 0.694629 0.009070 0.005466
0 0.513604 0.677044 0.009070 0.005466
0 0.562647 0.684648 0.009070 0.005466
0 0.627141 0.694629 0.009070 0.005466
0 0.627141 0.677044 0.009070 0.005466
0 0.676184 0.684648 0.009070 0.005466
0 0.741350 0.694629 0.009070 0.005466
0 0.741350 0.677044 0.009070 0.005466
0 0.847162 0.687025 0.009070 0.005466
0 0.109170 0.886882 0.009070 0.005466
0 0.220356 0.904705 0.009070 0.005466
0 0.339268 0.914686 0.009070 0.005466
0 0.339268 0.897101 0.009070 0.005466
0 0.385623 0.886882 0.009070 0.005466
0 0.431979 0.874287 0.009070 0.005466
0 0.478334 0.871911 0.009070 0.005466
0 0.543836 0.869297 0.009070 0.005466
0 0.591871 0.866683 0.009070 0.005466
0 0.616056 0.871911 0.009070 0.005466
0 0.640242 0.869297 0.009070 0.005466
0 0.688277 0.866683 0.009070 0.005466
0 0.712126 0.871911 0.009070 0.005466
0 0.760161 0.879515 0.009070 0.005466
0 0.760161 0.869297 0.009070 0.005466
0 0.421565 0.167300 0.009070 0.005466
0 0.685254 0.167300 0.009070 0.005466
0 0.424253 0.381654 0.009070 0.005466
0 0.466577 0.381654 0.009070 0.005466
0 0.539133 0.379278 0.009070 0.005466
0 0.642257 0.381654 0.009070 0.005466
0 0.685925 0.384268 0.009070 0.005466
0 0.753443 0.386644 0.009070 0.005466
0 0.849177 0.366445 0.009070 0.005466
0 0.109170 0.610741 0.009070 0.005466
0 0.134028 0.628327 0.009070 0.005466
0 0.134028 0.620722 0.009070 0.005466
0 0.159893 0.613356 0.009070 0.005466
0 0.195163 0.625951 0.009070 0.005466
0 0.195163 0.620722 0.009070 0.005466
0 0.226738 0.613356 0.009070 0.005466
0 0.251596 0.628327 0.009070 0.005466
0 0.251596 0.623337 0.009070 0.005466
0 0.300638 0.628327 0.009070 0.005466
0 0.300638 0.623337 0.009070 0.005466
0 0.341955 0.615732 0.009070 0.005466
0 0.362110 0.628327 0.009070 0.005466
0 0.362110 0.620722 0.009070 0.005466
0 0.394357 0.628327 0.009070 0.005466
0 0.394357 0.620722 0.009070 0.005466
0 0.414511 0.628327 0.009070 0.005466
0 0.454820 0.625951 0.009070 0.005466
0 0.513604 0.623337 0.009070 0.005466
0 0.627141 0.620722 0.009070 0.005466
0 0.741350 0.620722 0.009070 0.005466
0 0.847162 0.618346 0.009070 0.005466
0 0.900235 0.618346 0.009070 0.005466
0 0.109170 0.836502 0.009070 0.005466
0 0.220356 0.838878 0.009070 0.005466
0 0.268055 0.841492 0.009070 0.005466
0 0.431979 0.831511 0.009070 0.005466
0 0.455156 0.838878 0.009070 0.005466
0 0.478334 0.828897 0.009070 0.005466
0 0.501847 0.831511 0.009070 0.005466
0 0.543836 0.826283 0.009070 0.005466
0 0.568021 0.831511 0.009070 0.005466
0 0.591871 0.833888 0.009070 0.005466
0 0.640242 0.826283 0.009070 0.005466
0 0.664091 0.831511 0.009070 0.005466
0 0.688277 0.833888 0.009070 0.005466
0 0.808868 0.836502 0.009070 0.005466
0 0.857911 0.838878 0.009070 0.005466
0 0.906617 0.841492 0.009070 0.005466
0 0.242862 0.154705 0.009070 0.005466
0 0.265704 0.154705 0.009070 0.005466
0 0.301310 0.152091 0.009070 0.005466
0 0.327511 0.172529 0.009070 0.005466
0 0.327511 0.167300 0.009070 0.005466
0 0.327511 0.157319 0.009070 0.005466
0 0.353712 0.172529 0.009070 0.005466
0 0.353712 0.167300 0.009070 0.005466
0 0.353712 0.159696 0.009070 0.005466
0 0.379913 0.172529 0.009070 0.005466
0 0.379913 0.167300 0.009070 0.005466
0 0.379913 0.162310 0.009070 0.005466
0 0.421565 0.162310 0.009070 0.005466
0 0.451461 0.164924 0.009070 0.005466
0 0.477326 0.159696 0.009070 0.005466
0 0.498488 0.154705 0.009070 0.005466
0 0.525025 0.154705 0.009070 0.005466
0 0.558616 0.152091 0.009070 0.005466
0 0.586832 0.172529 0.009070 0.005466
0 0.586832 0.167300 0.009070 0.005466
0 0.586832 0.157319 0.009070 0.005466
0 0.614377 0.172529 0.009070 0.005466
0 0.614377 0.167300 0.009070 0.005466
0 0.614377 0.159696 0.009070 0.005466
0 0.642257 0.172529 0.009070 0.005466
0 0.642257 0.167300 0.009070 0.005466
0 0.642257 0.162310 0.009070 0.005466
0 0.685254 0.162310 0.009070 0.005466
0 0.716829 0.164924 0.009070 0.005466
0 0.748404 0.159696 0.009070 0.005466
0 0.767887 0.154705 0.009070 0.005466
0 0.788713 0.149715 0.009070 0.005466
0 0.809876 0.147101 0.009070 0.005466
0 0.842123 0.144724 0.009070 0.005466
0 0.870339 0.169914 0.009070 0.005466
0 0.870339 0.164924 0.009070 0.005466
0 0.870339 0.157319 0.009070 0.005466
0 0.898892 0.169914 0.009070 0.005466
0 0.898892 0.164924 0.009070 0.005466
0 0.898892 0.159696 0.009070 0.005466
0 0.927108 0.169914 0.009070 0.005466
0 0.927108 0.164924 0.009070 0.005466
0 0.935506 0.162310 0.009070 0.005466
0 0.111186 0.343869 0.009070 0.005466
0 0.139738 0.361454 0.009070 0.005466
0 0.139738 0.356464 0.009070 0.005466
0 0.139738 0.348859 0.009070 0.005466
0 0.168626 0.361454 0.009070 0.005466
0 0.168626 0.356464 0.009070 0.005466
0 0.168626 0.351473 0.009070 0.005466
0 0.197178 0.361454 0.009070 0.005466
0 0.188781 0.356464 0.009070 0.005466
0 0.197178 0.353850 0.009070 0.005466
0 0.238159 0.343869 0.009070 0.005466
0 0.273766 0.364068 0.009070 0.005466
0 0.273766 0.358840 0.009070 0.005466
0 0.273766 0.348859 0.009070 0.005466
0 0.301310 0.364068 0.009070 0.005466
0 0.301310 0.358840 0.009070 0.005466
0 0.301310 0.351473 0.009070 0.005466
0 0.328855 0.364068 0.009070 0.005466
0 0.328855 0.358840 0.009070 0.005466
0 0.328855 0.353850 0.009070 0.005466
0 0.366476 0.364068 0.009070 0.005466
0 0.366476 0.358840 0.009070 0.005466
0 0.366476 0.353850 0.009070 0.005466
0 0.424253 0.381654 0.009070 0.005466
0 0.442392 0.374049 0.009070 0.005466
0 0.442392 0.369059 0.009070 0.005466
0 0.466577 0.381654 0.009070 0.005466
0 0.495129 0.374049 0.009070 0.005466
0 0.495129 0.369059 0.009070 0.005466
0 0.539133 0.379278 0.009070 0.005466
0 0.560967 0.376663 0.009070 0.005466
0 0.560967 0.366445 0.009070 0.005466
0 0.613033 0.376663 0.009070 0.005466
0 0.613033 0.366445 0.009070 0.005466
0 0.642257 0.381654 0.009070 0.005466
0 0.664091 0.376663 0.009070 0.005466
0 0.664091 0.369059 0.009070 0.005466
0 0.685925 0.384268 0.009070 0.005466
0 0.707759 0.376663 0.009070 0.005466
0 0.707759 0.371673 0.009070 0.005466
0 0.753443 0.386644 0.009070 0.005466
0 0.779980 0.374049 0.009070 0.005466
0 0.779980 0.369059 0.009070 0.005466
0 0.822640 0.374049 0.009070 0.005466
0 0.822640 0.369059 0.009070 0.005466
0 0.849177 0.366445 0.009070 0.005466
0 0.875714 0.379278 0.009070 0.005466
0 0.875714 0.374049 0.009070 0.005466
0 0.928787 0.379278 0.009070 0.005466
0 0.928787 0.374049 0.009070 0.005466
0 0.109170 0.610741 0.009070 0.005466
0 0.159893 0.613356 0.009070 0.005466
0 0.226738 0.613356 0.009070 0.005466
0 0.341955 0.615732 0.009070 0.005466
0 0.414511 0.628327 0.009070 0.005466
0 0.434666 0.615732 0.009070 0.005466
0 0.434666 0.610741 0.009070 0.005466
0 0.454820 0.625951 0.009070 0.005466
0 0.474975 0.615732 0.009070 0.005466
0 0.474975 0.610741 0.009070 0.005466
0 0.513604 0.623337 0.009070 0.005466
0 0.538126 0.610741 0.009070 0.005466
0 0.538126 0.605751 0.009070 0.005466
0 0.590191 0.610741 0.009070 0.005466
0 0.590191 0.605751 0.009070 0.005466
0 0.627141 0.620722 0.009070 0.005466
0 0.651663 0.610741 0.009070 0.005466
0 0.651663 0.605751 0.009070 0.005466
0 0.700705 0.610741 0.009070 0.005466
0 0.700705 0.605751 0.009070 0.005466
0 0.741350 0.620722 0.009070 0.005466
0 0.767887 0.610741 0.009070 0.005466
0 0.767887 0.605751 0.009070 0.005466
0 0.820961 0.610741 0.009070 0.005466
0 0.820961 0.605751 0.009070 0.005466
0 0.847162 0.618346 0.009070 0.005466
0 0.873698 0.610741 0.009070 0.005466
0 0.873698 0.605751 0.009070 0.005466
0 0.929123 0.610741 0.009070 0.005466
0 0.929123 0.605751 0.009070 0.005466
0 0.109170 0.836502 0.009070 0.005466
0 0.133020 0.833888 0.009070 0.005466
0 0.133020 0.823907 0.009070 0.005466
0 0.188781 0.833888 0.009070 0.005466
0 0.188781 0.823907 0.009070 0.005466
0 0.220356 0.838878 0.009070 0.005466
0 0.244206 0.833888 0.009070 0.005466
0 0.244206 0.826283 0.009070 0.005466
0 0.268055 0.841492 0.009070 0.005466
0 0.291569 0.833888 0.009070 0.005466
0 0.291569 0.828897 0.009070 0.005466
0 0.339268 0.813688 0.009070 0.005466
0 0.362445 0.826283 0.009070 0.005466
0 0.385623 0.831511 0.009070 0.005466
0 0.408801 0.826283 0.009070 0.005466
0 0.431979 0.831511 0.009070 0.005466
0 0.478334 0.828897 0.009070 0.005466
0 0.543836 0.826283 0.009070 0.005466
0 0.591871 0.823907 0.009070 0.005466
0 0.616056 0.828897 0.009070 0.005466
0 0.640242 0.826283 0.009070 0.005466
0 0.688277 0.823907 0.009070 0.005466
0 0.712126 0.828897 0.009070 0.005466
0 0.760161 0.826283 0.009070 0.005466
0 0.784683 0.831511 0.009070 0.005466
0 0.808868 0.826283 0.009070 0.005466
0 0.833389 0.831511 0.009070 0.005466
0 0.857911 0.826283 0.009070 0.005466
0 0.882096 0.831511 0.009070 0.005466
0 0.906617 0.828897 0.009070 0.005466
0 0.931139 0.833888 0.009070 0.005466
0 0.424253 0.280181 0.009070 0.005466
0 0.466577 0.280181 0.009070 0.005466
0 0.753443 0.272576 0.009070 0.005466
0 0.849177 0.274952 0.009070 0.005466
0 0.875714 0.269962 0.009070 0.005466
0 0.902251 0.272576 0.009070 0.005466
0 0.928787 0.277567 0.009070 0.005466
0 0.159893 0.489306 0.009070 0.005466
0 0.195163 0.484316 0.009070 0.005466
0 0.226738 0.486930 0.009070 0.005466
0 0.276117 0.491920 0.009070 0.005466
0 0.562647 0.486930 0.009070 0.005466
0 0.590191 0.489306 0.009070 0.005466
0 0.741350 0.484316 0.009070 0.005466
0 0.847162 0.479325 0.009070 0.005466
0 0.900235 0.479325 0.009070 0.005466
0 0.478334 0.736692 0.009070 0.005466
0 0.424253 0.280181 0.009070 0.005466
0 0.466577 0.280181 0.009070 0.005466
0 0.495129 0.280181 0.009070 0.005466
0 0.539133 0.277567 0.009070 0.005466
0 0.582801 0.282557 0.009070 0.005466
0 0.601948 0.280181 0.009070 0.005466
0 0.624118 0.282557 0.009070 0.005466
0 0.642257 0.285171 0.009070 0.005466
0 0.685925 0.287785 0.009070 0.005466
0 0.849177 0.274952 0.009070 0.005466
0 0.875714 0.269962 0.009070 0.005466
0 0.902251 0.272576 0.009070 0.005466
0 0.928787 0.277567 0.009070 0.005466
0 0.109170 0.489306 0.009070 0.005466
0 0.159893 0.489306 0.009070 0.005466
0 0.195163 0.484316 0.009070 0.005466
0 0.226738 0.486930 0.009070 0.005466
0 0.276117 0.491920 0.009070 0.005466
0 0.341955 0.494534 0.009070 0.005466
0 0.414511 0.489306 0.009070 0.005466
0 0.454820 0.486930 0.009070 0.005466
0 0.513604 0.484316 0.009070 0.005466
0 0.562647 0.486930 0.009070 0.005466
0 0.590191 0.489306 0.009070 0.005466
0 0.627141 0.484316 0.009070 0.005466
0 0.676184 0.486930 0.009070 0.005466
0 0.700705 0.489306 0.009070 0.005466
0 0.741350 0.484316 0.009070 0.005466
0 0.794424 0.484316 0.009070 0.005466
0 0.847162 0.479325 0.009070 0.005466
0 0.900235 0.479325 0.009070 0.005466
0 0.929123 0.479325 0.009070 0.005466
0 0.109170 0.726711 0.009070 0.005466
0 0.156869 0.731702 0.009070 0.005466
0 0.176352 0.729087 0.009070 0.005466
0 0.200873 0.731702 0.009070 0.005466
0 0.220356 0.734078 0.009070 0.005466
0 0.268055 0.736692 0.009070 0.005466
0 0.339268 0.739306 0.009070 0.005466
0 0.431979 0.739306 0.009070 0.005466
0 0.478334 0.736692 0.009070 0.005466
0 0.501847 0.736692 0.009070 0.005466
0 0.543836 0.734078 0.009070 0.005466
0 0.591871 0.731702 0.009070 0.005466
0 0.616056 0.736692 0.009070 0.005466
0 0.640242 0.734078 0.009070 0.005466
0 0.688277 0.731702 0.009070 0.005466
0 0.712126 0.736692 0.009070 0.005466
0 0.760161 0.734078 0.009070 0.005466
0 0.857911 0.739306 0.009070 0.005466
0 0.906617 0.736692 0.009070 0.005466
