0 0.158213 0.267823 0.010413 0.005941
0 0.158213 0.248099 0.010413 0.005941
0 0.209607 0.214591 0.010413 0.005941
0 0.261001 0.211740 0.010413 0.005941
0 0.312395 0.208888 0.010413 0.005941
0 0.363789 0.211740 0.010413 0.005941
0 0.415183 0.214591 0.010413 0.005941
0 0.466577 0.217443 0.010413 0.005941
0 0.508566 0.222909 0.010413 0.005941
0 0.561303 0.217443 0.010413 0.005941
0 0.633860 0.214591 0.010413 0.005941
0 0.714478 0.214591 0.010749 0.005941
0 0.875378 0.214591 0.010413 0.005941
0 0.167282 0.540162 0.010413 0.005941
0 0.167282 0.520675 0.010413 0.005941
0 0.225731 0.512120 0.010413 0.005941
0 0.276789 0.509268 0.010413 0.005941
0 0.327511 0.506654 0.010413 0.005941
0 0.378233 0.509268 0.010413 0.005941
0 0.429291 0.512120 0.010413 0.005941
0 0.480013 0.514971 0.010413 0.005941
0 0.521666 0.520675 0.010413 0.005941
0 0.573732 0.514971 0.010413 0.005941
0 0.703729 0.540162 0.010413 0.005941
0 0.775613 0.520675 0.010413 0.005941
0 0.847497 0.500951 0.010413 0.005941
0 0.107155 0.835789 0.010413 0.005941
0 0.116560 0.832937 0.010413 0.005941
0 0.145113 0.835789 0.010413 0.005941
0 0.154518 0.832937 0.010413 0.005941
0 0.203225 0.838641 0.010413 0.005941
0 0.203225 0.832937 0.010413 0.005941
0 0.240511 0.838641 0.010413 0.005941
0 0.240511 0.832937 0.010413 0.005941
0 0.268727 0.835789 0.010413 0.005941
0 0.278132 0.832937 0.010413 0.005941
0 0.306349 0.835789 0.010413 0.005941
0 0.315754 0.832937 0.010413 0.005941
0 0.353040 0.838641 0.010413 0.005941
0 0.353040 0.832937 0.010413 0.005941
0 0.403090 0.838641 0.010413 0.005941
0 0.403090 0.832937 0.010413 0.005941
0 0.466577 0.835789 0.010413 0.005941
0 0.475983 0.832937 0.010413 0.005941
0 0.499496 0.835789 0.010413 0.005941
0 0.508902 0.832937 0.010413 0.005941
0 0.541485 0.838641 0.010413 0.005941
0 0.541485 0.832937 0.010413 0.005941
0 0.574404 0.838641 0.010413 0.005941
0 0.574404 0.832937 0.010413 0.005941
0 0.607323 0.841492 0.010413 0.005941
0 0.607323 0.830323 0.010413 0.005941
0 0.639906 0.841492 0.010413 0.005941
0 0.639906 0.830323 0.010413 0.005941
0 0.672825 0.852662 0.010413 0.005941
0 0.672825 0.835789 0.010413 0.005941
0 0.705408 0.852662 0.010413 0.005941
0 0.705408 0.835789 0.010413 0.005941
0 0.760833 0.883555 0.010413 0.005941
0 0.760833 0.863831 0.010413 0.005941
0 0.785354 0.741445 0.010413 0.005941
0 0.809540 0.738593 0.010413 0.005941
0 0.834061 0.732890 0.010413 0.005941
0 0.858582 0.730276 0.010413 0.005941
0 0.907289 0.732890 0.010413 0.005941
0 0.931811 0.738593 0.010413 0.005941
0 0.631844 0.450095 0.010413 0.005941
0 0.158213 0.177757 0.010413 0.005941
0 0.158213 0.172291 0.010413 0.005941
0 0.158213 0.166587 0.010413 0.005941
0 0.209607 0.172291 0.010413 0.005941
0 0.209607 0.166587 0.010413 0.005941
0 0.261001 0.172291 0.010413 0.005941
0 0.261001 0.166587 0.010413 0.005941
0 0.312395 0.172291 0.010413 0.005941
0 0.312395 0.166587 0.010413 0.005941
0 0.363789 0.172291 0.010413 0.005941
0 0.363789 0.166587 0.010413 0.005941
0 0.415183 0.172291 0.010413 0.005941
0 0.415183 0.166587 0.010413 0.005941
0 0.466577 0.172291 0.010413 0.005941
0 0.466577 0.166587 0.010413 0.005941
0 0.535102 0.172291 0.010413 0.005941
0 0.535102 0.166587 0.010413 0.005941
0 0.633860 0.177757 0.010413 0.005941
0 0.624454 0.172291 0.010413 0.005941
0 0.633860 0.169439 0.010413 0.005941
0 0.674169 0.177757 0.010413 0.005941
0 0.664763 0.172291 0.010413 0.005941
0 0.674169 0.169439 0.010413 0.005941
0 0.714478 0.177757 0.010413 0.005941
0 0.705072 0.172291 0.010413 0.005941
0 0.714478 0.169439 0.010413 0.005941
0 0.754787 0.177757 0.010413 0.005941
0 0.745381 0.172291 0.010413 0.005941
0 0.754787 0.169439 0.010413 0.005941
0 0.795096 0.177757 0.010413 0.005941
0 0.785690 0.172291 0.010413 0.005941
0 0.795096 0.169439 0.010413 0.005941
0 0.835405 0.177757 0.010413 0.005941
0 0.825999 0.172291 0.010413 0.005941
0 0.835405 0.169439 0.010413 0.005941
0 0.875378 0.177757 0.010413 0.005941
0 0.865972 0.172291 0.010413 0.005941
0 0.875378 0.169439 0.010413 0.005941
0 0.915687 0.177757 0.010413 0.005941
0 0.906281 0.172291 0.010413 0.005941
0 0.915687 0.169439 0.010413 0.005941
0 0.167282 0.450095 0.010413 0.005941
0 0.225731 0.441778 0.010413 0.005941
0 0.225731 0.436074 0.010413 0.005941
0 0.225731 0.430608 0.010413 0.005941
0 0.276789 0.436074 0.010413 0.005941
0 0.276789 0.430608 0.010413 0.005941
0 0.327511 0.436074 0.010413 0.005941
0 0.327511 0.430608 0.010413 0.005941
0 0.378233 0.436074 0.010413 0.005941
0 0.378233 0.430608 0.010413 0.005941
0 0.429291 0.436074 0.010413 0.005941
0 0.429291 0.430608 0.010413 0.005941
0 0.480013 0.436074 0.010413 0.005941
0 0.480013 0.430608 0.010413 0.005941
0 0.547867 0.436074 0.010413 0.005941
0 0.547867 0.430608 0.010413 0.005941
0 0.631844 0.450095 0.010413 0.005941
0 0.667786 0.444629 0.010413 0.005941
0 0.667786 0.438926 0.010413 0.005941
0 0.667786 0.433460 0.010413 0.005941
0 0.703729 0.444629 0.010413 0.005941
0 0.703729 0.438926 0.010413 0.005941
0 0.703729 0.433460 0.010413 0.005941
0 0.739671 0.444629 0.010413 0.005941
0 0.739671 0.438926 0.010413 0.005941
0 0.739671 0.433460 0.010413 0.005941
0 0.775613 0.444629 0.010413 0.005941
0 0.775613 0.438926 0.010413 0.005941
0 0.775613 0.433460 0.010413 0.005941
0 0.811555 0.444629 0.010413 0.005941
0 0.811555 0.438926 0.010413 0.005941
0 0.811555 0.433460 0.010413 0.005941
0 0.847497 0.441778 0.010413 0.005941
0 0.847497 0.436074 0.010413 0.005941
0 0.883440 0.441778 0.010413 0.005941
0 0.883440 0.436074 0.010413 0.005941
0 0.116560 0.727424 0.010413 0.005941
0 0.116560 0.721721 0.010413 0.005941
0 0.154518 0.727424 0.010413 0.005941
0 0.154518 0.721721 0.010413 0.005941
0 0.203225 0.724572 0.010413 0.005941
0 0.203225 0.718869 0.010413 0.005941
0 0.240511 0.724572 0.010413 0.005941
0 0.240511 0.718869 0.010413 0.005941
0 0.278132 0.727424 0.010413 0.005941
0 0.278132 0.721721 0.010413 0.005941
0 0.315754 0.727424 0.010413 0.005941
0 0.315754 0.721721 0.010413 0.005941
0 0.353040 0.724572 0.010413 0.005941
0 0.353040 0.718869 0.010413 0.005941
0 0.383944 0.727424 0.010413 0.005941
0 0.383944 0.721721 0.010413 0.005941
0 0.422237 0.724572 0.010413 0.005941
0 0.422237 0.718869 0.010413 0.005941
0 0.475983 0.727424 0.010413 0.005941
0 0.475983 0.721721 0.010413 0.005941
0 0.508902 0.727424 0.010413 0.005941
0 0.508902 0.721721 0.010413 0.005941
0 0.541485 0.724572 0.010413 0.005941
0 0.541485 0.718869 0.010413 0.005941
0 0.574404 0.724572 0.010413 0.005941
0 0.574404 0.718869 0.010413 0.005941
0 0.607323 0.724572 0.010413 0.005941
0 0.607323 0.716255 0.010413 0.005941
0 0.639906 0.724572 0.010413 0.005941
0 0.639906 0.716255 0.010413 0.005941
0 0.672825 0.727424 0.010413 0.005941
0 0.672825 0.721721 0.010413 0.005941
0 0.705408 0.727424 0.010413 0.005941
0 0.705408 0.721721 0.010413 0.005941
0 0.760833 0.738593 0.010413 0.005941
0 0.760833 0.724572 0.010413 0.005941
0 0.760833 0.718869 0.010413 0.005941
0 0.785354 0.724572 0.010413 0.005941
0 0.785354 0.718869 0.010413 0.005941
0 0.809540 0.724572 0.010413 0.005941
0 0.809540 0.718869 0.010413 0.005941
0 0.834061 0.724572 0.010413 0.005941
0 0.834061 0.718869 0.010413 0.005941
0 0.858582 0.724572 0.010413 0.005941
0 0.858582 0.718869 0.010413 0.005941
0 0.882768 0.724572 0.010413 0.005941
0 0.882768 0.718869 0.010413 0.005941
0 0.907289 0.724572 0.010413 0.005941
0 0.907289 0.718869 0.010413 0.005941
0 0.931811 0.724572 0.010413 0.005941
0 0.931811 0.718869 0.010413 0.005941
0 0.158213 0.095057 0.010413 0.005941
0 0.209607 0.092205 0.010413 0.005941
0 0.261001 0.089354 0.010413 0.005941
0 0.312395 0.086502 0.010413 0.005941
0 0.363789 0.089354 0.010413 0.005941
0 0.415183 0.092205 0.010413 0.005941
0 0.466577 0.095057 0.010413 0.005941
0 0.508566 0.100523 0.010413 0.005941
0 0.561303 0.095057 0.010413 0.005941
0 0.633860 0.092205 0.010413 0.005941
0 0.714478 0.092205 0.010749 0.005941
0 0.875378 0.092205 0.010413 0.005941
0 0.167282 0.351949 0.010413 0.005941
0 0.225731 0.349097 0.010413 0.005941
0 0.276789 0.346245 0.010413 0.005941
0 0.327511 0.343394 0.010413 0.005941
0 0.378233 0.346245 0.010413 0.005941
0 0.429291 0.349097 0.010413 0.005941
0 0.480013 0.351949 0.010413 0.005941
0 0.521666 0.357414 0.010413 0.005941
0 0.573732 0.351949 0.010413 0.005941
0 0.631844 0.351949 0.010413 0.005941
0 0.703729 0.351949 0.010749 0.005941
0 0.847497 0.351949 0.010413 0.005941
0 0.116560 0.621435 0.010413 0.005941
0 0.154518 0.621435 0.010413 0.005941
0 0.203225 0.621435 0.010413 0.005941
0 0.315754 0.621435 0.010413 0.005941
0 0.353040 0.621435 0.010413 0.005941
0 0.475983 0.621435 0.010413 0.005941
0 0.541485 0.621435 0.010413 0.005941
0 0.607323 0.621435 0.010413 0.005941
0 0.672825 0.621435 0.010413 0.005941
0 0.705408 0.621435 0.010413 0.005941
0 0.760833 0.621435 0.010749 0.005941
