0 0.271078 0.893298 0.007054 0.004040
0 0.628821 0.893298 0.007054 0.004040
0 0.104803 0.206036 0.007054 0.004040
0 0.144105 0.201996 0.007054 0.004040
0 0.144105 0.192253 0.007054 0.004040
0 0.183406 0.206036 0.007054 0.004040
0 0.222707 0.201996 0.007054 0.004040
0 0.222707 0.192253 0.007054 0.004040
0 0.279476 0.207937 0.007054 0.004040
0 0.319449 0.201996 0.007054 0.004040
0 0.319449 0.194154 0.007054 0.004040
0 0.364461 0.207937 0.007054 0.004040
0 0.404434 0.204135 0.007054 0.004040
0 0.404434 0.194154 0.007054 0.004040
0 0.457508 0.207937 0.007054 0.004040
0 0.497145 0.201996 0.007054 0.004040
0 0.497145 0.194154 0.007054 0.004040
0 0.624118 0.201996 0.007054 0.004040
0 0.663420 0.198194 0.007054 0.004040
0 0.663420 0.188451 0.007054 0.004040
0 0.702721 0.209838 0.007054 0.004040
0 0.742022 0.200095 0.007054 0.004040
0 0.742022 0.192253 0.007054 0.004040
0 0.790057 0.201996 0.007054 0.004040
0 0.831038 0.198194 0.007054 0.004040
0 0.831038 0.188451 0.007054 0.004040
0 0.104803 0.432510 0.007054 0.004040
0 0.150823 0.428470 0.007054 0.004040
0 0.150823 0.418726 0.007054 0.004040
0 0.196842 0.440352 0.007054 0.004040
0 0.242862 0.430371 0.007054 0.004040
0 0.242862 0.422529 0.007054 0.004040
0 0.297279 0.438213 0.007054 0.004040
0 0.340275 0.424667 0.007054 0.004040
0 0.383272 0.438213 0.007054 0.004040
0 0.488075 0.432510 0.007054 0.004040
0 0.527041 0.418726 0.007054 0.004040
0 0.566342 0.432510 0.007054 0.004040
0 0.605307 0.418726 0.007054 0.004040
0 0.653006 0.430371 0.007054 0.004040
0 0.690964 0.416825 0.007054 0.004040
0 0.728922 0.430371 0.007054 0.004040
0 0.766879 0.428470 0.007054 0.004040
0 0.811555 0.426568 0.007054 0.004040
0 0.849513 0.418726 0.007054 0.004040
0 0.887807 0.426568 0.007054 0.004040
0 0.916359 0.418726 0.007054 0.004040
0 0.108498 0.658270 0.007054 0.004040
0 0.149479 0.652567 0.007054 0.004040
0 0.190460 0.658270 0.007054 0.004040
0 0.221028 0.652567 0.007054 0.004040
0 0.268727 0.656369 0.007054 0.004040
0 0.312395 0.652567 0.007054 0.004040
0 0.355727 0.660409 0.007054 0.004040
0 0.399395 0.652567 0.007054 0.004040
0 0.451797 0.658270 0.007054 0.004040
0 0.490763 0.658270 0.007054 0.004040
0 0.529728 0.656369 0.007054 0.004040
0 0.568693 0.646625 0.007054 0.004040
0 0.622439 0.654468 0.007054 0.004040
0 0.668122 0.646625 0.007054 0.004040
0 0.714142 0.654468 0.007054 0.004040
0 0.748740 0.646625 0.007054 0.004040
0 0.803493 0.652567 0.007054 0.004040
0 0.843802 0.646625 0.007054 0.004040
0 0.884112 0.652567 0.007054 0.004040
0 0.914343 0.646625 0.007054 0.004040
0 0.109842 0.895200 0.007054 0.004040
0 0.153510 0.891397 0.007054 0.004040
0 0.196842 0.895200 0.007054 0.004040
0 0.196842 0.891397 0.007054 0.004040
0 0.196842 0.881416 0.007054 0.004040
0 0.271078 0.881416 0.007054 0.004040
0 0.304669 0.883555 0.007054 0.004040
0 0.349681 0.885456 0.007054 0.004040
0 0.394693 0.887357 0.007054 0.004040
0 0.450453 0.895200 0.007054 0.004040
0 0.494458 0.887357 0.007054 0.004040
0 0.538462 0.895200 0.007054 0.004040
0 0.538462 0.887357 0.007054 0.004040
0 0.538462 0.881416 0.007054 0.004040
0 0.628821 0.881416 0.007054 0.004040
0 0.661404 0.883555 0.007054 0.004040
0 0.704736 0.885456 0.007054 0.004040
0 0.748069 0.887357 0.007054 0.004040
0 0.808868 0.893298 0.007054 0.004040
0 0.808868 0.885456 0.007054 0.004040
0 0.808868 0.879515 0.007054 0.004040
0 0.268727 0.602186 0.007054 0.004040
0 0.295600 0.600285 0.007054 0.004040
0 0.328855 0.598384 0.007054 0.004040
0 0.362445 0.598384 0.007054 0.004040
0 0.382600 0.600285 0.007054 0.004040
0 0.416191 0.602186 0.007054 0.004040
0 0.714142 0.608127 0.007054 0.004040
0 0.803493 0.606226 0.007054 0.004040
0 0.109842 0.842443 0.007054 0.004040
0 0.271078 0.846483 0.007054 0.004040
0 0.349681 0.846483 0.007054 0.004040
0 0.450453 0.842443 0.007054 0.004040
0 0.628821 0.846483 0.007054 0.004040
0 0.704736 0.848384 0.007054 0.004040
0 0.808868 0.846483 0.007054 0.004040
0 0.104803 0.129515 0.007054 0.004040
0 0.124286 0.127614 0.007054 0.004040
0 0.144105 0.129515 0.007054 0.004040
0 0.163588 0.137357 0.007054 0.004040
0 0.183406 0.123574 0.007054 0.004040
0 0.202889 0.121673 0.007054 0.004040
0 0.222707 0.123574 0.007054 0.004040
0 0.242190 0.137357 0.007054 0.004040
0 0.279476 0.125713 0.007054 0.004040
0 0.299295 0.123574 0.007054 0.004040
0 0.319449 0.125713 0.007054 0.004040
0 0.339268 0.139259 0.007054 0.004040
0 0.364461 0.125713 0.007054 0.004040
0 0.384615 0.123574 0.007054 0.004040
0 0.404434 0.125713 0.007054 0.004040
0 0.424253 0.139259 0.007054 0.004040
0 0.457508 0.125713 0.007054 0.004040
0 0.477326 0.123574 0.007054 0.004040
0 0.497145 0.125713 0.007054 0.004040
0 0.516627 0.139259 0.007054 0.004040
0 0.536446 0.133555 0.007054 0.004040
0 0.556265 0.131416 0.007054 0.004040
0 0.576083 0.129515 0.007054 0.004040
0 0.595566 0.127614 0.007054 0.004040
0 0.624118 0.125713 0.007054 0.004040
0 0.643601 0.123574 0.007054 0.004040
0 0.663420 0.125713 0.007054 0.004040
0 0.682902 0.139259 0.007054 0.004040
0 0.702721 0.123574 0.007054 0.004040
0 0.722539 0.121673 0.007054 0.004040
0 0.742022 0.123574 0.007054 0.004040
0 0.761841 0.137357 0.007054 0.004040
0 0.790057 0.125713 0.007054 0.004040
0 0.810548 0.123574 0.007054 0.004040
0 0.831038 0.125713 0.007054 0.004040
0 0.851864 0.139259 0.007054 0.004040
0 0.872355 0.133555 0.007054 0.004040
0 0.892845 0.131416 0.007054 0.004040
0 0.913336 0.129515 0.007054 0.004040
0 0.934162 0.127614 0.007054 0.004040
0 0.104803 0.349097 0.007054 0.004040
0 0.127645 0.347196 0.007054 0.004040
0 0.150823 0.349097 0.007054 0.004040
0 0.173665 0.362880 0.007054 0.004040
0 0.196842 0.347196 0.007054 0.004040
0 0.219684 0.345295 0.007054 0.004040
0 0.242862 0.347196 0.007054 0.004040
0 0.265704 0.360979 0.007054 0.004040
0 0.297279 0.349097 0.007054 0.004040
0 0.318777 0.347196 0.007054 0.004040
0 0.340275 0.349097 0.007054 0.004040
0 0.361774 0.362880 0.007054 0.004040
0 0.383272 0.362880 0.007054 0.004040
0 0.404770 0.360979 0.007054 0.004040
0 0.426268 0.362880 0.007054 0.004040
0 0.448102 0.376663 0.007054 0.004040
0 0.488075 0.368821 0.007054 0.004040
0 0.511925 0.370722 0.007054 0.004040
0 0.542157 0.372624 0.007054 0.004040
0 0.566342 0.368821 0.007054 0.004040
0 0.590191 0.370722 0.007054 0.004040
0 0.620423 0.372624 0.007054 0.004040
0 0.653006 0.368821 0.007054 0.004040
0 0.676520 0.364781 0.007054 0.004040
0 0.705744 0.366920 0.007054 0.004040
0 0.728922 0.368821 0.007054 0.004040
0 0.752435 0.370722 0.007054 0.004040
0 0.781659 0.372624 0.007054 0.004040
0 0.811555 0.370722 0.007054 0.004040
0 0.835069 0.368821 0.007054 0.004040
0 0.864293 0.368821 0.007054 0.004040
0 0.887807 0.366920 0.007054 0.004040
0 0.931139 0.368821 0.007054 0.004040
0 0.108498 0.604087 0.007054 0.004040
0 0.133692 0.602186 0.007054 0.004040
0 0.165267 0.600285 0.007054 0.004040
0 0.190460 0.598384 0.007054 0.004040
0 0.236816 0.600285 0.007054 0.004040
0 0.355727 0.596245 0.007054 0.004040
0 0.451797 0.598384 0.007054 0.004040
0 0.475647 0.594344 0.007054 0.004040
0 0.505542 0.596245 0.007054 0.004040
0 0.529728 0.598384 0.007054 0.004040
0 0.553577 0.600285 0.007054 0.004040
0 0.583473 0.602186 0.007054 0.004040
0 0.622439 0.600285 0.007054 0.004040
0 0.650655 0.598384 0.007054 0.004040
0 0.685925 0.598384 0.007054 0.004040
0 0.714142 0.596245 0.007054 0.004040
0 0.766208 0.598384 0.007054 0.004040
0 0.803493 0.598384 0.007054 0.004040
0 0.828351 0.596245 0.007054 0.004040
0 0.859254 0.594344 0.007054 0.004040
0 0.884112 0.592443 0.007054 0.004040
0 0.929795 0.594344 0.007054 0.004040
0 0.109842 0.834601 0.007054 0.004040
0 0.136715 0.832700 0.007054 0.004040
0 0.170306 0.830798 0.007054 0.004040
0 0.196842 0.828897 0.007054 0.004040
0 0.233792 0.828897 0.007054 0.004040
0 0.271078 0.842443 0.007054 0.004040
0 0.322136 0.840542 0.007054 0.004040
0 0.349681 0.840542 0.007054 0.004040
0 0.377561 0.838641 0.007054 0.004040
0 0.412160 0.836740 0.007054 0.004040
0 0.450453 0.836740 0.007054 0.004040
0 0.477662 0.832700 0.007054 0.004040
0 0.511253 0.834601 0.007054 0.004040
0 0.538462 0.828897 0.007054 0.004040
0 0.591199 0.828897 0.007054 0.004040
0 0.628821 0.842443 0.007054 0.004040
0 0.678200 0.840542 0.007054 0.004040
0 0.704736 0.840542 0.007054 0.004040
0 0.731273 0.838641 0.007054 0.004040
0 0.764864 0.836740 0.007054 0.004040
0 0.808868 0.838641 0.007054 0.004040
0 0.835069 0.830798 0.007054 0.004040
0 0.860934 0.832700 0.007054 0.004040
0 0.887135 0.824857 0.007054 0.004040
0 0.928787 0.824857 0.007054 0.004040
0 0.104803 0.068679 0.007054 0.004040
0 0.144105 0.066778 0.007054 0.004040
0 0.183406 0.064876 0.007054 0.004040
0 0.222707 0.062738 0.007054 0.004040
0 0.279476 0.060837 0.007054 0.004040
0 0.339268 0.058935 0.007054 0.004040
0 0.364461 0.060837 0.007054 0.004040
0 0.424253 0.058935 0.007054 0.004040
0 0.457508 0.060837 0.007054 0.004040
0 0.624118 0.060837 0.007054 0.004040
0 0.790057 0.060837 0.007054 0.004040
0 0.104803 0.278992 0.007054 0.004040
0 0.297279 0.278992 0.007054 0.004040
0 0.488075 0.288736 0.007054 0.004040
0 0.527041 0.288736 0.007054 0.004040
0 0.566342 0.284933 0.007054 0.004040
0 0.653006 0.284933 0.007054 0.004040
0 0.690964 0.284933 0.007054 0.004040
0 0.728922 0.280894 0.007054 0.004040
0 0.811555 0.280894 0.007054 0.004040
0 0.849513 0.280894 0.007054 0.004040
0 0.887807 0.283032 0.007054 0.004040
0 0.108498 0.513308 0.007054 0.004040
0 0.149479 0.515209 0.007054 0.004040
0 0.190460 0.509268 0.007054 0.004040
0 0.268727 0.509268 0.007054 0.004040
0 0.312395 0.509268 0.007054 0.004040
0 0.355727 0.509268 0.007054 0.004040
0 0.451797 0.509268 0.007054 0.004040
0 0.568693 0.509268 0.007054 0.004040
0 0.622439 0.511407 0.007054 0.004040
0 0.714142 0.507367 0.007054 0.004040
0 0.803493 0.507367 0.007054 0.004040
0 0.914343 0.509268 0.007054 0.004040
0 0.109842 0.745010 0.007054 0.004040
0 0.271078 0.745010 0.007054 0.004040
0 0.304669 0.747148 0.007054 0.004040
0 0.349681 0.749049 0.007054 0.004040
0 0.394693 0.752852 0.007054 0.004040
0 0.450453 0.754990 0.007054 0.004040
0 0.571716 0.745010 0.007054 0.004040
0 0.628821 0.745010 0.007054 0.004040
0 0.661404 0.747148 0.007054 0.004040
0 0.704736 0.749049 0.007054 0.004040
0 0.748069 0.754990 0.007054 0.004040
0 0.808868 0.752852 0.007054 0.004040
