0 0.212966 0.256892 0.010413 0.005941
0 0.240175 0.254040 0.010413 0.005941
0 0.267383 0.251426 0.010413 0.005941
0 0.294592 0.245722 0.010413 0.005941
0 0.321800 0.242871 0.010413 0.005941
0 0.376554 0.245722 0.010413 0.005941
0 0.403762 0.251426 0.010413 0.005941
0 0.450453 0.297766 0.010749 0.005941
0 0.450453 0.292063 0.010749 0.005941
0 0.563319 0.342681 0.010749 0.005941
0 0.563319 0.331274 0.010749 0.005941
0 0.563319 0.322956 0.010749 0.005941
0 0.689620 0.336977 0.010413 0.005941
0 0.689620 0.325808 0.010413 0.005941
0 0.722875 0.294914 0.010413 0.005941
0 0.756466 0.292063 0.010413 0.005941
0 0.789721 0.286597 0.010413 0.005941
0 0.822976 0.237405 0.010413 0.005941
0 0.900571 0.240019 0.010413 0.005941
0 0.922741 0.245722 0.010413 0.005941
0 0.240511 0.613356 0.010413 0.005941
0 0.240511 0.593631 0.010413 0.005941
0 0.298287 0.512595 0.010413 0.005941
0 0.327175 0.518298 0.010413 0.005941
0 0.428619 0.610504 0.010413 0.005941
0 0.428619 0.591017 0.010413 0.005941
0 0.545180 0.591017 0.010413 0.005941
0 0.545180 0.571293 0.010413 0.005941
0 0.626470 0.602186 0.010413 0.005941
0 0.626470 0.582462 0.010413 0.005941
0 0.667450 0.524002 0.010413 0.005941
0 0.708095 0.521150 0.010413 0.005941
0 0.749076 0.515447 0.010413 0.005941
0 0.792744 0.512595 0.010413 0.005941
0 0.874370 0.515447 0.010413 0.005941
0 0.116560 0.828422 0.010413 0.005941
0 0.148808 0.831274 0.010413 0.005941
0 0.178703 0.828422 0.010413 0.005941
0 0.201881 0.833888 0.010749 0.005941
0 0.310380 0.836740 0.010413 0.005941
0 0.386631 0.870722 0.010413 0.005941
0 0.426940 0.867871 0.010413 0.005941
0 0.466577 0.865019 0.010413 0.005941
0 0.503191 0.862405 0.010413 0.005941
0 0.539805 0.859553 0.010413 0.005941
0 0.613033 0.862405 0.010413 0.005941
0 0.708431 0.862405 0.010413 0.005941
0 0.742694 0.859553 0.010413 0.005941
0 0.770238 0.865019 0.010413 0.005941
0 0.795768 0.862405 0.010413 0.005941
0 0.849177 0.862405 0.010749 0.005941
0 0.450453 0.242871 0.015452 0.005941
0 0.124622 0.509981 0.010749 0.005941
0 0.370171 0.512595 0.010413 0.005941
0 0.428619 0.515447 0.010413 0.005941
0 0.457843 0.521150 0.010413 0.005941
0 0.487068 0.515447 0.010413 0.005941
0 0.545180 0.518298 0.010413 0.005941
0 0.574404 0.518298 0.010413 0.005941
0 0.240175 0.237405 0.010413 0.005941
0 0.240175 0.231702 0.010413 0.005941
0 0.267383 0.237405 0.010413 0.005941
0 0.267383 0.231702 0.010413 0.005941
0 0.294592 0.237405 0.010413 0.005941
0 0.294592 0.231702 0.010413 0.005941
0 0.321800 0.237405 0.010413 0.005941
0 0.321800 0.231702 0.010413 0.005941
0 0.349009 0.237405 0.010413 0.005941
0 0.349009 0.231702 0.010413 0.005941
0 0.376554 0.237405 0.010413 0.005941
0 0.376554 0.231702 0.010413 0.005941
0 0.403762 0.237405 0.010413 0.005941
0 0.403762 0.231702 0.010413 0.005941
0 0.478670 0.237405 0.010413 0.005941
0 0.478670 0.231702 0.010413 0.005941
0 0.506886 0.237405 0.010413 0.005941
0 0.506886 0.231702 0.010413 0.005941
0 0.535102 0.237405 0.010413 0.005941
0 0.535102 0.231702 0.010413 0.005941
0 0.562983 0.237405 0.010413 0.005941
0 0.562983 0.231702 0.010413 0.005941
0 0.591199 0.237405 0.010413 0.005941
0 0.591199 0.231702 0.010413 0.005941
0 0.619416 0.237405 0.010413 0.005941
0 0.619416 0.231702 0.010413 0.005941
0 0.647632 0.237405 0.010413 0.005941
0 0.647632 0.231702 0.010413 0.005941
0 0.689620 0.256892 0.010413 0.005941
0 0.722875 0.237405 0.010413 0.005941
0 0.722875 0.231702 0.010413 0.005941
0 0.756466 0.237405 0.010413 0.005941
0 0.756466 0.231702 0.010413 0.005941
0 0.789721 0.237405 0.010413 0.005941
0 0.789721 0.231702 0.010413 0.005941
0 0.856231 0.237405 0.010413 0.005941
0 0.856231 0.231702 0.010413 0.005941
0 0.889486 0.237405 0.010413 0.005941
0 0.889486 0.231702 0.010413 0.005941
0 0.922741 0.237405 0.010413 0.005941
0 0.922741 0.231702 0.010413 0.005941
0 0.153510 0.507129 0.010413 0.005941
0 0.153510 0.501426 0.010413 0.005941
0 0.182398 0.507129 0.010413 0.005941
0 0.182398 0.501426 0.010413 0.005941
0 0.211622 0.507129 0.010413 0.005941
0 0.211622 0.501426 0.010413 0.005941
0 0.240511 0.507129 0.010413 0.005941
0 0.240511 0.498574 0.010413 0.005941
0 0.269399 0.507129 0.010413 0.005941
0 0.269399 0.498574 0.010413 0.005941
0 0.298287 0.507129 0.010413 0.005941
0 0.298287 0.498574 0.010413 0.005941
0 0.327175 0.507129 0.010413 0.005941
0 0.327175 0.498574 0.010413 0.005941
0 0.370171 0.512595 0.010413 0.005941
0 0.399395 0.507129 0.010413 0.005941
0 0.399395 0.498574 0.010413 0.005941
0 0.428619 0.507129 0.010413 0.005941
0 0.428619 0.501426 0.010413 0.005941
0 0.457843 0.507129 0.010413 0.005941
0 0.457843 0.501426 0.010413 0.005941
0 0.487068 0.509981 0.010413 0.005941
0 0.487068 0.501426 0.010413 0.005941
0 0.515956 0.509981 0.010413 0.005941
0 0.515956 0.501426 0.010413 0.005941
0 0.545180 0.509981 0.010413 0.005941
0 0.545180 0.501426 0.010413 0.005941
0 0.574404 0.509981 0.010413 0.005941
0 0.574404 0.501426 0.010413 0.005941
0 0.626470 0.521150 0.010413 0.005941
0 0.626470 0.507129 0.010413 0.005941
0 0.626470 0.501426 0.010413 0.005941
0 0.667450 0.507129 0.010413 0.005941
0 0.667450 0.501426 0.010413 0.005941
0 0.708095 0.507129 0.010413 0.005941
0 0.708095 0.501426 0.010413 0.005941
0 0.749076 0.507129 0.010413 0.005941
0 0.749076 0.501426 0.010413 0.005941
0 0.792744 0.507129 0.010413 0.005941
0 0.792744 0.501426 0.010413 0.005941
0 0.833725 0.507129 0.010413 0.005941
0 0.833725 0.501426 0.010413 0.005941
0 0.874370 0.507129 0.010413 0.005941
0 0.874370 0.501426 0.010413 0.005941
0 0.915351 0.507129 0.010413 0.005941
0 0.915351 0.501426 0.010413 0.005941
0 0.116560 0.814401 0.010413 0.005941
0 0.116560 0.808698 0.010413 0.005941
0 0.163923 0.814401 0.010413 0.005941
0 0.163923 0.808698 0.010413 0.005941
0 0.201881 0.814401 0.010413 0.005941
0 0.201881 0.808698 0.010413 0.005941
0 0.228754 0.814401 0.010413 0.005941
0 0.228754 0.808698 0.010413 0.005941
0 0.255962 0.814401 0.010413 0.005941
0 0.255962 0.808698 0.010413 0.005941
0 0.283171 0.814401 0.010413 0.005941
0 0.283171 0.808698 0.010413 0.005941
0 0.310380 0.814401 0.010413 0.005941
0 0.310380 0.808698 0.010413 0.005941
0 0.337252 0.814401 0.010413 0.005941
0 0.337252 0.808698 0.010413 0.005941
0 0.386631 0.819867 0.010413 0.005941
0 0.386631 0.814401 0.010413 0.005941
0 0.386631 0.805846 0.010413 0.005941
0 0.426940 0.819867 0.010413 0.005941
0 0.426940 0.814401 0.010413 0.005941
0 0.426940 0.805846 0.010413 0.005941
0 0.466577 0.819867 0.010413 0.005941
0 0.466577 0.814401 0.010413 0.005941
0 0.466577 0.805846 0.010413 0.005941
0 0.503191 0.822719 0.010413 0.005941
0 0.503191 0.817253 0.010413 0.005941
0 0.503191 0.805846 0.010413 0.005941
0 0.539805 0.822719 0.010413 0.005941
0 0.539805 0.814401 0.010413 0.005941
0 0.539805 0.803232 0.010413 0.005941
0 0.576419 0.822719 0.010413 0.005941
0 0.576419 0.814401 0.010413 0.005941
0 0.576419 0.803232 0.010413 0.005941
0 0.613033 0.822719 0.010413 0.005941
0 0.613033 0.814401 0.010413 0.005941
0 0.613033 0.808698 0.010413 0.005941
0 0.649311 0.822719 0.010413 0.005941
0 0.649311 0.814401 0.010413 0.005941
0 0.649311 0.808698 0.010413 0.005941
0 0.708431 0.822719 0.010413 0.005941
0 0.708431 0.817253 0.010413 0.005941
0 0.708431 0.805846 0.010413 0.005941
0 0.756466 0.822719 0.010413 0.005941
0 0.756466 0.814401 0.010413 0.005941
0 0.756466 0.808698 0.010413 0.005941
0 0.795768 0.822719 0.010413 0.005941
0 0.795768 0.817253 0.010413 0.005941
0 0.795768 0.805846 0.010413 0.005941
0 0.822304 0.822719 0.010413 0.005941
0 0.822304 0.817253 0.010413 0.005941
0 0.822304 0.805846 0.010413 0.005941
0 0.849177 0.822719 0.010413 0.005941
0 0.849177 0.817253 0.010413 0.005941
0 0.849177 0.805846 0.010413 0.005941
0 0.876050 0.822719 0.010413 0.005941
0 0.876050 0.817253 0.010413 0.005941
0 0.876050 0.805846 0.010413 0.005941
0 0.902586 0.822719 0.010413 0.005941
0 0.902586 0.817253 0.010413 0.005941
0 0.902586 0.805846 0.010413 0.005941
0 0.929459 0.822719 0.010413 0.005941
0 0.929459 0.817253 0.010413 0.005941
0 0.929459 0.805846 0.010413 0.005941
0 0.626470 0.437025 0.010413 0.005941
0 0.667450 0.434173 0.010413 0.005941
0 0.708095 0.431321 0.010413 0.005941
0 0.749076 0.425856 0.010413 0.005941
0 0.792744 0.423004 0.010413 0.005941
0 0.874370 0.425856 0.010413 0.005941
0 0.116560 0.696530 0.010413 0.005941
0 0.148808 0.699382 0.010413 0.005941
0 0.178703 0.696530 0.010413 0.005941
0 0.201881 0.702234 0.010749 0.005941
0 0.310380 0.704848 0.010413 0.005941
0 0.386631 0.707700 0.010413 0.005941
0 0.426940 0.704848 0.010413 0.005941
0 0.466577 0.702234 0.010413 0.005941
0 0.503191 0.699382 0.010413 0.005941
0 0.539805 0.696530 0.010413 0.005941
0 0.613033 0.702234 0.010413 0.005941
0 0.708431 0.699382 0.010413 0.005941
0 0.742694 0.696530 0.010413 0.005941
0 0.770238 0.702234 0.010413 0.005941
0 0.795768 0.699382 0.010749 0.005941
