0 0.227410 0.199857 0.009741 0.005466
0 0.343970 0.202471 0.009741 0.005466
0 0.438697 0.207462 0.009741 0.005466
0 0.549211 0.204848 0.009741 0.005466
0 0.640578 0.207462 0.009741 0.005466
0 0.748740 0.210076 0.009741 0.005466
0 0.852200 0.207462 0.009741 0.005466
0 0.132348 0.824382 0.009070 0.005466
0 0.212630 0.842205 0.009070 0.005466
0 0.257642 0.824382 0.009070 0.005466
0 0.320121 0.826996 0.009070 0.005466
0 0.396708 0.829610 0.009070 0.005466
0 0.477326 0.842205 0.009070 0.005466
0 0.523010 0.829610 0.009070 0.005466
0 0.586161 0.831987 0.009070 0.005466
0 0.126302 0.217443 0.009070 0.005466
0 0.176688 0.199857 0.009070 0.005466
0 0.227410 0.192253 0.009070 0.005466
0 0.278132 0.187262 0.009070 0.005466
0 0.343635 0.189639 0.009070 0.005466
0 0.391334 0.184648 0.009070 0.005466
0 0.438697 0.197243 0.009070 0.005466
0 0.486060 0.189639 0.009070 0.005466
0 0.549211 0.199857 0.009070 0.005466
0 0.594894 0.187262 0.009070 0.005466
0 0.640578 0.199857 0.009070 0.005466
0 0.686261 0.189639 0.009070 0.005466
0 0.748740 0.197243 0.009070 0.005466
0 0.800470 0.192253 0.009070 0.005466
0 0.852200 0.197243 0.009070 0.005466
0 0.907289 0.189639 0.009070 0.005466
0 0.126302 0.428232 0.009070 0.005466
0 0.178703 0.410646 0.009070 0.005466
0 0.231105 0.410646 0.009070 0.005466
0 0.231105 0.405656 0.009070 0.005466
0 0.283843 0.410646 0.009070 0.005466
0 0.283843 0.405656 0.009070 0.005466
0 0.348673 0.425856 0.009070 0.005466
0 0.402419 0.408032 0.009070 0.005466
0 0.456164 0.408032 0.009070 0.005466
0 0.456164 0.403042 0.009070 0.005466
0 0.512932 0.408032 0.009070 0.005466
0 0.512932 0.403042 0.009070 0.005466
0 0.579106 0.423241 0.009070 0.005466
0 0.634531 0.405656 0.009070 0.005466
0 0.688613 0.420865 0.009070 0.005466
0 0.743030 0.403042 0.009070 0.005466
0 0.809540 0.423241 0.009070 0.005466
0 0.846154 0.405656 0.009741 0.005466
0 0.846154 0.395437 0.009741 0.005466
0 0.846154 0.390447 0.009741 0.005466
0 0.613705 0.611930 0.009070 0.005466
0 0.658717 0.617158 0.009070 0.005466
0 0.703393 0.619534 0.009070 0.005466
0 0.773598 0.622148 0.009070 0.005466
0 0.818945 0.611930 0.009070 0.005466
0 0.864629 0.599335 0.009070 0.005466
0 0.909976 0.604563 0.009070 0.005466
0 0.195163 0.842205 0.009741 0.005466
0 0.459859 0.842205 0.009741 0.005466
0 0.663084 0.834601 0.009070 0.005466
0 0.727578 0.852186 0.009070 0.005466
0 0.151495 0.194867 0.009070 0.005466
0 0.176688 0.177044 0.009070 0.005466
0 0.202217 0.182272 0.009070 0.005466
0 0.252603 0.177044 0.009070 0.005466
0 0.278132 0.136644 0.009070 0.005466
0 0.303325 0.146625 0.009070 0.005466
0 0.367484 0.156844 0.009070 0.005466
0 0.391334 0.139259 0.009070 0.005466
0 0.414847 0.149240 0.009070 0.005466
0 0.462546 0.151854 0.009070 0.005466
0 0.486060 0.139259 0.009070 0.005466
0 0.509909 0.144249 0.009070 0.005466
0 0.572052 0.154230 0.009070 0.005466
0 0.594894 0.141635 0.009070 0.005466
0 0.617736 0.146625 0.009070 0.005466
0 0.663420 0.154230 0.009070 0.005466
0 0.686261 0.141635 0.009070 0.005466
0 0.709103 0.146625 0.009070 0.005466
0 0.774605 0.182272 0.009070 0.005466
0 0.800470 0.146625 0.009070 0.005466
0 0.826335 0.156844 0.009070 0.005466
0 0.878065 0.184648 0.009070 0.005466
0 0.903930 0.174667 0.009070 0.005466
0 0.929795 0.179658 0.009070 0.005466
0 0.152503 0.387833 0.009070 0.005466
0 0.178703 0.352186 0.009070 0.005466
0 0.204904 0.393061 0.009070 0.005466
0 0.231105 0.357177 0.009070 0.005466
0 0.257642 0.395437 0.009070 0.005466
0 0.283843 0.359553 0.009070 0.005466
0 0.310044 0.398051 0.009070 0.005466
0 0.348673 0.359553 0.009070 0.005466
0 0.375546 0.362167 0.009070 0.005466
0 0.402419 0.349572 0.009070 0.005466
0 0.429291 0.390447 0.009070 0.005466
0 0.456164 0.354563 0.009070 0.005466
0 0.483037 0.393061 0.009070 0.005466
0 0.512932 0.357177 0.009070 0.005466
0 0.539805 0.395437 0.009070 0.005466
0 0.579106 0.357177 0.009070 0.005466
0 0.607323 0.359553 0.009070 0.005466
0 0.634531 0.344582 0.009070 0.005466
0 0.661740 0.354563 0.009070 0.005466
0 0.688613 0.349572 0.009070 0.005466
0 0.715821 0.357177 0.009070 0.005466
0 0.743030 0.349572 0.009070 0.005466
0 0.743030 0.336977 0.009070 0.005466
0 0.769903 0.354563 0.009070 0.005466
0 0.809540 0.354563 0.009741 0.005466
0 0.809540 0.349572 0.009741 0.005466
0 0.809540 0.339354 0.009741 0.005466
0 0.882432 0.354563 0.009070 0.005466
0 0.882432 0.349572 0.009070 0.005466
0 0.882432 0.341968 0.009070 0.005466
0 0.358415 0.599335 0.009070 0.005466
0 0.385623 0.604563 0.009070 0.005466
0 0.412832 0.606939 0.009070 0.005466
0 0.440376 0.609553 0.009070 0.005466
0 0.467585 0.599335 0.009070 0.005466
0 0.494793 0.559411 0.009070 0.005466
0 0.522338 0.564401 0.009070 0.005466
0 0.569029 0.606939 0.009070 0.005466
0 0.591535 0.601949 0.009070 0.005466
0 0.613705 0.561787 0.009070 0.005466
0 0.636211 0.567015 0.009070 0.005466
0 0.658717 0.606939 0.009070 0.005466
0 0.681223 0.599335 0.009070 0.005466
0 0.703393 0.561787 0.009070 0.005466
0 0.725899 0.567015 0.009070 0.005466
0 0.773598 0.604563 0.009070 0.005466
0 0.796103 0.567015 0.009070 0.005466
0 0.818945 0.554420 0.009070 0.005466
0 0.841787 0.559411 0.009070 0.005466
0 0.864629 0.576996 0.009070 0.005466
0 0.887135 0.567015 0.009070 0.005466
0 0.909976 0.554420 0.009070 0.005466
0 0.932818 0.559411 0.009070 0.005466
0 0.132348 0.794202 0.009070 0.005466
0 0.163588 0.791587 0.009070 0.005466
0 0.194827 0.776378 0.009070 0.005466
0 0.226402 0.783983 0.009070 0.005466
0 0.257642 0.794202 0.009070 0.005466
0 0.288881 0.791587 0.009070 0.005466
0 0.320121 0.776378 0.009070 0.005466
0 0.351696 0.783983 0.009070 0.005466
0 0.396708 0.794202 0.009070 0.005466
0 0.428284 0.789211 0.009070 0.005466
0 0.459859 0.776378 0.009070 0.005466
0 0.491434 0.783983 0.009070 0.005466
0 0.523010 0.796578 0.009070 0.005466
0 0.554585 0.786597 0.009070 0.005466
0 0.586161 0.778992 0.009070 0.005466
0 0.617736 0.786597 0.009070 0.005466
0 0.663084 0.796578 0.009070 0.005466
0 0.695331 0.789211 0.009070 0.005466
0 0.695331 0.783983 0.009070 0.005466
0 0.695331 0.778992 0.009070 0.005466
0 0.727578 0.761407 0.009070 0.005466
0 0.759489 0.766397 0.009070 0.005466
0 0.791737 0.771388 0.009070 0.005466
0 0.823984 0.774002 0.009070 0.005466
0 0.855895 0.778992 0.009070 0.005466
0 0.888142 0.781606 0.009070 0.005466
0 0.126302 0.068679 0.009070 0.005466
0 0.202217 0.068679 0.009070 0.005466
0 0.227410 0.061074 0.009070 0.005466
0 0.278132 0.066302 0.009070 0.005466
0 0.343970 0.063688 0.009741 0.005466
0 0.486060 0.066302 0.009070 0.005466
0 0.549211 0.068679 0.009741 0.005466
0 0.686261 0.068679 0.009070 0.005466
0 0.748740 0.061074 0.009741 0.005466
0 0.903930 0.076283 0.009070 0.005466
0 0.126302 0.290875 0.009070 0.005466
0 0.169634 0.496673 0.009070 0.005466
0 0.214982 0.501663 0.009070 0.005466
0 0.260665 0.504040 0.009070 0.005466
0 0.330870 0.506654 0.009070 0.005466
0 0.385623 0.496673 0.009070 0.005466
0 0.440376 0.483840 0.009070 0.005466
0 0.494793 0.489068 0.009070 0.005466
0 0.569029 0.491445 0.009741 0.005466
0 0.703393 0.494059 0.009070 0.005466
0 0.773598 0.496673 0.009741 0.005466
0 0.909976 0.496673 0.009070 0.005466
0 0.132348 0.705561 0.009741 0.005466
0 0.320121 0.705561 0.009070 0.005466
0 0.397044 0.702947 0.009741 0.005466
0 0.586161 0.700333 0.009070 0.005466
0 0.663420 0.697956 0.009741 0.005466
