0 0.149479 0.251426 0.009405 0.005466
0 0.298959 0.248812 0.009405 0.005466
0 0.412832 0.251426 0.009405 0.005466
0 0.493450 0.251426 0.009405 0.005466
0 0.591871 0.251426 0.009405 0.005466
0 0.686597 0.246198 0.009405 0.005466
0 0.798455 0.248812 0.009741 0.005466
0 0.798455 0.243821 0.009741 0.005466
0 0.877057 0.248812 0.009741 0.005466
0 0.877057 0.243821 0.009741 0.005466
0 0.161236 0.489068 0.009741 0.005466
0 0.161236 0.484078 0.009741 0.005466
0 0.246221 0.486454 0.009741 0.005466
0 0.246221 0.481464 0.009741 0.005466
0 0.345986 0.484078 0.009741 0.005466
0 0.431643 0.484078 0.009741 0.005466
0 0.529392 0.481464 0.009741 0.005466
0 0.340611 0.808935 0.009405 0.005466
0 0.359422 0.801331 0.009405 0.005466
0 0.378569 0.785884 0.009405 0.005466
0 0.397380 0.783270 0.009405 0.005466
0 0.425932 0.780656 0.009405 0.005466
0 0.467921 0.811549 0.009405 0.005466
0 0.493114 0.788498 0.009405 0.005466
0 0.512261 0.788498 0.009405 0.005466
0 0.512261 0.783270 0.009405 0.005466
0 0.535438 0.783270 0.009405 0.005466
0 0.535438 0.775665 0.009405 0.005466
0 0.592207 0.811549 0.009405 0.005466
0 0.610346 0.793489 0.009405 0.005466
0 0.628821 0.775665 0.009405 0.005466
0 0.653342 0.773051 0.009405 0.005466
0 0.677864 0.775665 0.009741 0.005466
0 0.777293 0.811549 0.009405 0.005466
0 0.795096 0.793489 0.009405 0.005466
0 0.812563 0.775665 0.009405 0.005466
0 0.836412 0.773051 0.009405 0.005466
0 0.860262 0.775665 0.009405 0.005466
0 0.884112 0.788498 0.009405 0.005466
0 0.884112 0.783270 0.009405 0.005466
0 0.907961 0.783270 0.009405 0.005466
0 0.907961 0.775665 0.009405 0.005466
0 0.932146 0.775665 0.009405 0.005466
0 0.932146 0.770437 0.009405 0.005466
0 0.149479 0.238593 0.009405 0.005466
0 0.171649 0.233365 0.009405 0.005466
0 0.298959 0.235979 0.009405 0.005466
0 0.324152 0.230989 0.009405 0.005466
0 0.412832 0.235979 0.009405 0.005466
0 0.432986 0.233365 0.009405 0.005466
0 0.493450 0.235979 0.009405 0.005466
0 0.513940 0.233365 0.009405 0.005466
0 0.591871 0.238593 0.009405 0.005466
0 0.613369 0.233365 0.009405 0.005466
0 0.677864 0.243821 0.009405 0.005466
0 0.715821 0.228375 0.009405 0.005466
0 0.798791 0.235979 0.009405 0.005466
0 0.818273 0.233365 0.009405 0.005466
0 0.877393 0.235979 0.009405 0.005466
0 0.896876 0.233365 0.009405 0.005466
0 0.161572 0.476236 0.009405 0.005466
0 0.182734 0.473859 0.009405 0.005466
0 0.246557 0.476236 0.009405 0.005466
0 0.267719 0.473859 0.009405 0.005466
0 0.345986 0.476236 0.009405 0.005466
0 0.367484 0.473859 0.009405 0.005466
0 0.431979 0.476236 0.009405 0.005466
0 0.453141 0.473859 0.009405 0.005466
0 0.529728 0.476236 0.009405 0.005466
0 0.552234 0.473859 0.009405 0.005466
0 0.619080 0.491683 0.009405 0.005466
0 0.635539 0.476236 0.009405 0.005466
0 0.652335 0.473859 0.009405 0.005466
0 0.731945 0.484078 0.009405 0.005466
0 0.750420 0.476236 0.009405 0.005466
0 0.768895 0.473859 0.009405 0.005466
0 0.842795 0.501901 0.009405 0.005466
0 0.842795 0.484078 0.009405 0.005466
0 0.861270 0.473859 0.009405 0.005466
0 0.879745 0.461027 0.009405 0.005466
0 0.155862 0.811549 0.009405 0.005466
0 0.171985 0.801331 0.009405 0.005466
0 0.188109 0.788498 0.009405 0.005466
0 0.204232 0.783270 0.009405 0.005466
0 0.226067 0.780656 0.009405 0.005466
0 0.247565 0.783270 0.009405 0.005466
0 0.279140 0.813926 0.009405 0.005466
0 0.295264 0.801331 0.009405 0.005466
0 0.311387 0.791112 0.009405 0.005466
0 0.448774 0.783270 0.009741 0.005466
0 0.573732 0.778279 0.009741 0.005466
0 0.573732 0.765447 0.009741 0.005466
0 0.713470 0.788498 0.009405 0.005466
0 0.713470 0.778279 0.009405 0.005466
0 0.759489 0.785884 0.009741 0.005466
0 0.759489 0.780656 0.009741 0.005466
0 0.193819 0.159458 0.009405 0.005466
0 0.216325 0.154230 0.009405 0.005466
0 0.349681 0.164449 0.009405 0.005466
0 0.374874 0.156844 0.009405 0.005466
0 0.453141 0.162072 0.009405 0.005466
0 0.453141 0.156844 0.009405 0.005466
0 0.473295 0.154230 0.009405 0.005466
0 0.534095 0.156844 0.009405 0.005466
0 0.554249 0.154230 0.009405 0.005466
0 0.634867 0.159458 0.009405 0.005466
0 0.656365 0.154230 0.009405 0.005466
0 0.737319 0.154230 0.009405 0.005466
0 0.758818 0.146625 0.009405 0.005466
0 0.838092 0.156844 0.009405 0.005466
0 0.857575 0.154230 0.009405 0.005466
0 0.916695 0.156844 0.009405 0.005466
0 0.936177 0.154230 0.009405 0.005466
0 0.204232 0.403042 0.009405 0.005466
0 0.225395 0.400428 0.009405 0.005466
0 0.288881 0.403042 0.009405 0.005466
0 0.310380 0.400428 0.009405 0.005466
0 0.388982 0.403042 0.009405 0.005466
0 0.410480 0.400428 0.009405 0.005466
0 0.474639 0.403042 0.009405 0.005466
0 0.496137 0.400428 0.009405 0.005466
0 0.574404 0.403042 0.009405 0.005466
0 0.596910 0.400428 0.009405 0.005466
0 0.668794 0.413260 0.009405 0.005466
0 0.685254 0.403042 0.009405 0.005466
0 0.701713 0.400428 0.009405 0.005466
0 0.203897 0.640209 0.009741 0.005466
0 0.203897 0.634981 0.009741 0.005466
0 0.311387 0.647814 0.009405 0.005466
0 0.311387 0.637595 0.009405 0.005466
0 0.378569 0.637595 0.009405 0.005466
0 0.378569 0.632367 0.009405 0.005466
0 0.406114 0.637595 0.009405 0.005466
0 0.406114 0.632367 0.009405 0.005466
0 0.457843 0.637595 0.009405 0.005466
0 0.457843 0.632367 0.009405 0.005466
0 0.481357 0.640209 0.009405 0.005466
0 0.481357 0.634981 0.009405 0.005466
0 0.512261 0.634981 0.009405 0.005466
0 0.512261 0.629990 0.009405 0.005466
0 0.535438 0.629990 0.009405 0.005466
0 0.535438 0.622148 0.009405 0.005466
0 0.573732 0.624762 0.009741 0.005466
0 0.573732 0.611930 0.009741 0.005466
0 0.713470 0.629990 0.009405 0.005466
0 0.713470 0.624762 0.009405 0.005466
0 0.759489 0.632367 0.009741 0.005466
0 0.759489 0.627376 0.009741 0.005466
0 0.860262 0.632367 0.009405 0.005466
0 0.860262 0.627376 0.009405 0.005466
0 0.884112 0.634981 0.009405 0.005466
0 0.884112 0.629990 0.009405 0.005466
0 0.907961 0.629990 0.009405 0.005466
0 0.907961 0.622148 0.009405 0.005466
0 0.932146 0.622148 0.009405 0.005466
0 0.932146 0.617158 0.009405 0.005466
0 0.149479 0.144011 0.009405 0.005466
0 0.216325 0.146625 0.009405 0.005466
0 0.298959 0.146625 0.009405 0.005466
0 0.349681 0.146625 0.009405 0.005466
0 0.453141 0.149240 0.009405 0.005466
0 0.534095 0.149240 0.009405 0.005466
0 0.634867 0.146625 0.009405 0.005466
0 0.677864 0.144011 0.009405 0.005466
0 0.737319 0.141397 0.009405 0.005466
0 0.798455 0.146625 0.009741 0.005466
0 0.798455 0.139021 0.009741 0.005466
0 0.877057 0.146625 0.009741 0.005466
0 0.877057 0.141397 0.009741 0.005466
0 0.161236 0.392823 0.009741 0.005466
0 0.161236 0.387595 0.009741 0.005466
0 0.246221 0.395200 0.009741 0.005466
0 0.246221 0.390209 0.009741 0.005466
0 0.345986 0.397814 0.009741 0.005466
0 0.345986 0.392823 0.009741 0.005466
0 0.431643 0.395200 0.009741 0.005466
0 0.529728 0.395200 0.014108 0.005466
0 0.787370 0.410646 0.009405 0.005466
0 0.805845 0.403042 0.009405 0.005466
0 0.824320 0.400428 0.009405 0.005466
0 0.898220 0.400428 0.009405 0.005466
0 0.919046 0.395200 0.009405 0.005466
0 0.937521 0.392823 0.009405 0.005466
0 0.204232 0.629990 0.009405 0.005466
0 0.226067 0.627376 0.009405 0.005466
0 0.247565 0.629990 0.009741 0.005466
0 0.397380 0.629990 0.009405 0.005466
0 0.425932 0.627376 0.009405 0.005466
0 0.448774 0.629990 0.009741 0.005466
0 0.628821 0.622148 0.009405 0.005466
0 0.653342 0.619772 0.009405 0.005466
0 0.677864 0.622148 0.009741 0.005466
0 0.812563 0.622148 0.009405 0.005466
0 0.836412 0.619772 0.009405 0.005466
0 0.860262 0.622148 0.009741 0.005466
0 0.349681 0.081987 0.009405 0.005466
0 0.412832 0.081987 0.009405 0.005466
0 0.453141 0.084601 0.009405 0.005466
0 0.493450 0.074382 0.009405 0.005466
0 0.534095 0.076759 0.009405 0.005466
0 0.591871 0.079373 0.009405 0.005466
0 0.634867 0.081987 0.009405 0.005466
0 0.677864 0.079373 0.009405 0.005466
0 0.737319 0.076759 0.009405 0.005466
0 0.798455 0.074382 0.009741 0.005466
0 0.916695 0.074382 0.009405 0.005466
0 0.161572 0.328184 0.009405 0.005466
0 0.204232 0.328184 0.009405 0.005466
0 0.246557 0.325570 0.009405 0.005466
0 0.288881 0.328184 0.009405 0.005466
0 0.345986 0.328184 0.009405 0.005466
0 0.388982 0.335789 0.009405 0.005466
0 0.431643 0.338403 0.009741 0.005466
0 0.574404 0.328184 0.009405 0.005466
0 0.618744 0.325570 0.009741 0.005466
0 0.731609 0.320580 0.009741 0.005466
0 0.898220 0.330798 0.009405 0.005466
0 0.155862 0.568441 0.009741 0.005466
