0 0.405778 0.546578 0.009741 0.005703
0 0.451461 0.546578 0.010413 0.005703
0 0.158213 0.300380 0.009741 0.005703
0 0.158213 0.281369 0.009741 0.005703
0 0.199866 0.302994 0.009741 0.005703
0 0.199866 0.284221 0.009741 0.005703
0 0.241518 0.302994 0.009741 0.005703
0 0.241518 0.284221 0.009741 0.005703
0 0.283171 0.305608 0.009741 0.005703
0 0.283171 0.286835 0.009741 0.005703
0 0.368828 0.300380 0.009741 0.005703
0 0.368828 0.281369 0.009741 0.005703
0 0.411152 0.302994 0.009741 0.005703
0 0.411152 0.284221 0.009741 0.005703
0 0.453141 0.302994 0.009741 0.005703
0 0.453141 0.284221 0.009741 0.005703
0 0.495129 0.305608 0.009741 0.005703
0 0.495129 0.286835 0.009741 0.005703
0 0.566342 0.286835 0.010413 0.005703
0 0.662076 0.294914 0.010413 0.005703
0 0.131340 0.584363 0.010413 0.005703
0 0.131340 0.565589 0.010413 0.005703
0 0.234128 0.586977 0.010413 0.005703
0 0.234128 0.568203 0.010413 0.005703
0 0.343299 0.589829 0.010413 0.005703
0 0.343299 0.570817 0.010413 0.005703
0 0.451461 0.592443 0.010413 0.005703
0 0.451461 0.573669 0.010413 0.005703
0 0.582130 0.595057 0.010413 0.005703
0 0.582130 0.576283 0.010413 0.005703
0 0.671481 0.589829 0.010413 0.005703
0 0.671481 0.570817 0.010413 0.005703
0 0.158213 0.273289 0.014780 0.005703
0 0.158213 0.268061 0.014780 0.005703
0 0.369164 0.273289 0.014780 0.005703
0 0.369164 0.268061 0.014780 0.005703
0 0.566342 0.276141 0.010413 0.005703
0 0.662076 0.270675 0.010413 0.005703
0 0.846826 0.297529 0.014780 0.005703
0 0.846826 0.273289 0.014780 0.005703
0 0.846826 0.268061 0.014780 0.005703
0 0.131340 0.557510 0.010413 0.005703
0 0.277796 0.554658 0.009741 0.005703
0 0.303325 0.552044 0.009741 0.005703
0 0.343299 0.557510 0.010413 0.005703
0 0.513940 0.554658 0.009741 0.005703
0 0.538797 0.552044 0.009741 0.005703
0 0.582130 0.549430 0.010413 0.005703
0 0.727242 0.549430 0.009741 0.005703
0 0.800134 0.595057 0.010413 0.005703
0 0.800134 0.576283 0.010413 0.005703
0 0.873362 0.589829 0.010413 0.005703
0 0.873362 0.570817 0.010413 0.005703
0 0.131340 0.830323 0.010413 0.005703
0 0.131340 0.811549 0.010413 0.005703
0 0.209271 0.827709 0.010413 0.005703
0 0.209271 0.808935 0.010413 0.005703
0 0.327847 0.819629 0.010413 0.005703
0 0.327847 0.800856 0.010413 0.005703
0 0.412496 0.827709 0.010413 0.005703
0 0.412496 0.808935 0.010413 0.005703
0 0.523346 0.827709 0.010413 0.005703
0 0.523346 0.808935 0.010413 0.005703
0 0.622439 0.830323 0.010413 0.005703
0 0.622439 0.811549 0.010413 0.005703
0 0.745717 0.830323 0.010413 0.005703
0 0.745717 0.811549 0.010413 0.005703
0 0.844474 0.833175 0.010413 0.005703
0 0.844474 0.814163 0.010413 0.005703
0 0.529392 0.751663 0.014780 0.005703
0 0.735976 0.751663 0.010413 0.005703
0 0.893853 0.754278 0.009741 0.005703
0 0.924756 0.751663 0.009741 0.005703
0 0.149815 0.473384 0.009741 0.005703
0 0.193483 0.475998 0.009741 0.005703
0 0.234128 0.475998 0.009741 0.005703
0 0.270742 0.478850 0.009741 0.005703
0 0.362110 0.478850 0.009741 0.005703
0 0.362110 0.473384 0.009741 0.005703
0 0.405778 0.475998 0.009741 0.005703
0 0.451461 0.475998 0.009741 0.005703
0 0.508566 0.478850 0.009741 0.005703
0 0.131340 0.754278 0.014780 0.005703
0 0.209271 0.749049 0.014780 0.005703
0 0.327847 0.754278 0.014780 0.005703
0 0.412496 0.749049 0.014780 0.005703
0 0.523346 0.740970 0.010413 0.005703
0 0.671817 0.738118 0.009741 0.005703
0 0.755123 0.740970 0.009741 0.005703
0 0.795096 0.743584 0.009741 0.005703
0 0.844474 0.743584 0.010413 0.005703
0 0.158213 0.168251 0.010413 0.005703
0 0.283171 0.170865 0.009741 0.005703
0 0.309372 0.170865 0.009741 0.005703
0 0.369164 0.168251 0.010413 0.005703
0 0.495129 0.170865 0.009741 0.005703
0 0.521330 0.170865 0.009741 0.005703
0 0.566678 0.173479 0.014780 0.005703
0 0.662076 0.192490 0.014780 0.005703
0 0.846826 0.173479 0.014780 0.005703
0 0.895197 0.192490 0.014780 0.005703
0 0.131340 0.473384 0.010413 0.005703
0 0.277796 0.470770 0.009741 0.005703
0 0.303325 0.467918 0.009741 0.005703
0 0.343299 0.473384 0.010413 0.005703
0 0.513940 0.470770 0.009741 0.005703
0 0.538797 0.467918 0.009741 0.005703
0 0.582130 0.478850 0.009741 0.005703
0 0.582130 0.473384 0.009741 0.005703
0 0.626806 0.481464 0.009741 0.005703
0 0.626806 0.475998 0.009741 0.005703
0 0.671481 0.481464 0.009741 0.005703
0 0.671481 0.475998 0.009741 0.005703
0 0.727242 0.543964 0.009741 0.005703
0 0.800134 0.478850 0.009741 0.005703
0 0.800134 0.473384 0.009741 0.005703
0 0.836748 0.481464 0.009741 0.005703
0 0.836748 0.475998 0.009741 0.005703
0 0.873362 0.481464 0.009741 0.005703
0 0.873362 0.475998 0.009741 0.005703
0 0.909976 0.549430 0.009741 0.005703
0 0.909976 0.543964 0.009741 0.005703
0 0.131340 0.735504 0.010413 0.005703
0 0.209271 0.738118 0.010413 0.005703
0 0.327847 0.738118 0.010413 0.005703
0 0.454820 0.751663 0.009741 0.005703
0 0.481357 0.749049 0.009741 0.005703
0 0.531743 0.730038 0.009741 0.005703
0 0.572724 0.732890 0.009741 0.005703
0 0.622103 0.735504 0.009741 0.005703
0 0.671817 0.738118 0.009741 0.005703
0 0.737991 0.738118 0.010413 0.005703
0 0.158213 0.094106 0.010413 0.005703
0 0.495129 0.096958 0.009741 0.005703
0 0.521330 0.096958 0.009741 0.005703
0 0.566342 0.099572 0.009741 0.005703
0 0.629493 0.099572 0.009741 0.005703
0 0.662076 0.096958 0.009741 0.005703
0 0.713806 0.099572 0.009741 0.005703
0 0.746053 0.096958 0.009741 0.005703
0 0.846826 0.091492 0.010413 0.005703
0 0.925428 0.094106 0.009741 0.005703
0 0.131340 0.391873 0.010413 0.005703
0 0.480013 0.391873 0.009741 0.005703
0 0.508566 0.391873 0.009741 0.005703
0 0.537118 0.391873 0.009741 0.005703
0 0.582130 0.389259 0.009741 0.005703
0 0.626806 0.389259 0.009741 0.005703
0 0.699362 0.391873 0.009741 0.005703
0 0.727242 0.391873 0.009741 0.005703
0 0.755794 0.391873 0.009741 0.005703
0 0.800134 0.389259 0.010413 0.005703
0 0.909976 0.391873 0.009741 0.005703
0 0.932818 0.389259 0.009741 0.005703
0 0.131340 0.649002 0.010413 0.005703
0 0.208935 0.651854 0.009741 0.005703
0 0.278132 0.651854 0.009741 0.005703
0 0.327847 0.651854 0.009741 0.005703
0 0.370171 0.651854 0.009741 0.005703
0 0.454820 0.665162 0.009741 0.005703
0 0.481357 0.662548 0.009741 0.005703
0 0.523346 0.643774 0.009741 0.005703
0 0.572724 0.646388 0.009741 0.005703
0 0.622103 0.649002 0.009741 0.005703
0 0.671817 0.651854 0.009741 0.005703
0 0.745717 0.651854 0.010413 0.005703
