0 0.258065 0.304823 0.009409 0.005464
0 0.258065 0.294369 0.009409 0.005464
0 0.276210 0.289142 0.009409 0.005464
0 0.294355 0.283915 0.009409 0.005464
0 0.312500 0.273462 0.009409 0.005464
0 0.334677 0.286529 0.009409 0.005464
0 0.334677 0.276075 0.009409 0.005464
0 0.352823 0.281302 0.009409 0.005464
0 0.370968 0.286529 0.009409 0.005464
0 0.389449 0.291756 0.009409 0.005464
0 0.429435 0.304823 0.009409 0.005464
0 0.429435 0.294369 0.009409 0.005464
0 0.447581 0.289142 0.009409 0.005464
0 0.465726 0.283915 0.009409 0.005464
0 0.484207 0.273462 0.009409 0.005464
0 0.506384 0.286529 0.009409 0.005464
0 0.506384 0.276075 0.009409 0.005464
0 0.524530 0.281302 0.009409 0.005464
0 0.542675 0.286529 0.009409 0.005464
0 0.560820 0.291756 0.009409 0.005464
0 0.601142 0.304823 0.009409 0.005464
0 0.601142 0.294369 0.009409 0.005464
0 0.620296 0.289142 0.009409 0.005464
0 0.639113 0.283915 0.009409 0.005464
0 0.658266 0.273462 0.009409 0.005464
0 0.680444 0.286529 0.009409 0.005464
0 0.680444 0.276075 0.009409 0.005464
0 0.699597 0.281302 0.009409 0.005464
0 0.718750 0.286529 0.009409 0.005464
0 0.737903 0.291756 0.009409 0.005464
0 0.777890 0.304823 0.009409 0.005464
0 0.777890 0.294369 0.009409 0.005464
0 0.796707 0.289142 0.009409 0.005464
0 0.815860 0.283915 0.009409 0.005464
0 0.834677 0.276075 0.009409 0.005464
0 0.854503 0.304823 0.009409 0.005464
0 0.854503 0.294369 0.009409 0.005464
0 0.873320 0.286529 0.009409 0.005464
0 0.892137 0.281302 0.009409 0.005464
0 0.911290 0.276075 0.009409 0.005464
0 0.151546 0.501782 0.009409 0.005464
0 0.151546 0.493942 0.009409 0.005464
0 0.174731 0.488715 0.009409 0.005464
0 0.198253 0.483488 0.009409 0.005464
0 0.221774 0.475647 0.009409 0.005464
0 0.259073 0.486101 0.009409 0.005464
0 0.259073 0.473034 0.009409 0.005464
0 0.282594 0.480874 0.009409 0.005464
0 0.305780 0.486101 0.009409 0.005464
0 0.329301 0.491328 0.009409 0.005464
0 0.373992 0.507009 0.009409 0.005464
0 0.373992 0.493942 0.009409 0.005464
0 0.395161 0.488715 0.009409 0.005464
0 0.416331 0.483488 0.009409 0.005464
0 0.437500 0.475647 0.009409 0.005464
0 0.458669 0.491328 0.009409 0.005464
0 0.458669 0.473034 0.009409 0.005464
0 0.479839 0.478261 0.009409 0.005464
0 0.500672 0.483488 0.009409 0.005464
0 0.521841 0.491328 0.009409 0.005464
0 0.560820 0.512236 0.009409 0.005464
0 0.585013 0.493942 0.009409 0.005464
0 0.609207 0.488715 0.009409 0.005464
0 0.633401 0.480874 0.009409 0.005464
0 0.657594 0.512236 0.009409 0.005464
0 0.682124 0.493942 0.009409 0.005464
0 0.706317 0.486101 0.009409 0.005464
0 0.730511 0.480874 0.009409 0.005464
0 0.768145 0.514849 0.009409 0.005464
0 0.788642 0.496555 0.009409 0.005464
0 0.809140 0.491328 0.009409 0.005464
0 0.829301 0.483488 0.009409 0.005464
0 0.849798 0.512236 0.009409 0.005464
0 0.870296 0.493942 0.009409 0.005464
0 0.890793 0.509622 0.009409 0.005464
0 0.911290 0.491328 0.009409 0.005464
0 0.146169 0.705868 0.009409 0.005464
0 0.146169 0.695415 0.009409 0.005464
0 0.165995 0.687574 0.009409 0.005464
0 0.186156 0.682347 0.009409 0.005464
0 0.205981 0.677120 0.009409 0.005464
0 0.225806 0.705868 0.009409 0.005464
0 0.225806 0.698028 0.009409 0.005464
0 0.245632 0.692801 0.009409 0.005464
0 0.265793 0.687574 0.009409 0.005464
0 0.285618 0.679734 0.009409 0.005464
0 0.330309 0.716322 0.009409 0.005464
0 0.330309 0.705868 0.009409 0.005464
0 0.351478 0.698028 0.009409 0.005464
0 0.372648 0.692801 0.009409 0.005464
0 0.394153 0.687574 0.009409 0.005464
0 0.415323 0.705868 0.009409 0.005464
0 0.415323 0.682347 0.009409 0.005464
0 0.436492 0.687574 0.009409 0.005464
0 0.457661 0.695415 0.009409 0.005464
0 0.478831 0.700641 0.009409 0.005464
0 0.524194 0.716322 0.009409 0.005464
0 0.524194 0.705868 0.009409 0.005464
0 0.545699 0.698028 0.009409 0.005464
0 0.567204 0.692801 0.009409 0.005464
0 0.588710 0.687574 0.009409 0.005464
0 0.618280 0.705868 0.009409 0.005464
0 0.618280 0.682347 0.009409 0.005464
0 0.639785 0.687574 0.009409 0.005464
0 0.661290 0.695415 0.009409 0.005464
0 0.682796 0.700641 0.009409 0.005464
0 0.739919 0.716322 0.009409 0.005464
0 0.739919 0.705868 0.009409 0.005464
0 0.762097 0.698028 0.009409 0.005464
0 0.784274 0.692801 0.009409 0.005464
0 0.806452 0.687574 0.009409 0.005464
0 0.828629 0.705868 0.009409 0.005464
0 0.828629 0.698028 0.009409 0.005464
0 0.850806 0.692801 0.009409 0.005464
0 0.880040 0.687574 0.009409 0.005464
0 0.909610 0.679734 0.009409 0.005464
0 0.143481 0.912806 0.009409 0.005464
0 0.159610 0.902352 0.009409 0.005464
0 0.175739 0.894512 0.009409 0.005464
0 0.191532 0.889285 0.009409 0.005464
0 0.207661 0.884058 0.009409 0.005464
0 0.223790 0.889285 0.009409 0.005464
0 0.239583 0.894512 0.009409 0.005464
0 0.255712 0.902352 0.009409 0.005464
0 0.299731 0.912806 0.009409 0.005464
0 0.299731 0.899739 0.009409 0.005464
0 0.322917 0.894512 0.009409 0.005464
0 0.346438 0.889285 0.009409 0.005464
0 0.369624 0.881445 0.009409 0.005464
0 0.399194 0.891898 0.009409 0.005464
0 0.399194 0.873604 0.009409 0.005464
0 0.423051 0.878831 0.009409 0.005464
0 0.446573 0.884058 0.009409 0.005464
0 0.469758 0.891898 0.009409 0.005464
0 0.523522 0.912806 0.009409 0.005464
0 0.523522 0.899739 0.009409 0.005464
0 0.548051 0.894512 0.009409 0.005464
0 0.572581 0.889285 0.009409 0.005464
0 0.597446 0.881445 0.009409 0.005464
0 0.621976 0.918033 0.009409 0.005464
0 0.646841 0.899739 0.009409 0.005464
0 0.671371 0.894512 0.009409 0.005464
0 0.695901 0.884058 0.009409 0.005464
0 0.747648 0.918033 0.009409 0.005464
0 0.747648 0.910192 0.009409 0.005464
0 0.769825 0.904966 0.009409 0.005464
0 0.791667 0.899739 0.009409 0.005464
0 0.813844 0.891898 0.009409 0.005464
0 0.839382 0.899739 0.009409 0.005464
0 0.839382 0.881445 0.009409 0.005464
0 0.865927 0.886671 0.009409 0.005464
0 0.887769 0.891898 0.009409 0.005464
0 0.909946 0.899739 0.009409 0.005464
0 0.258065 0.238774 0.009409 0.005464
0 0.258065 0.233547 0.009409 0.005464
0 0.266801 0.230934 0.009409 0.005464
0 0.334677 0.241388 0.009409 0.005464
0 0.334677 0.236161 0.009409 0.005464
0 0.334677 0.230934 0.009409 0.005464
0 0.429435 0.238774 0.009409 0.005464
0 0.429435 0.233547 0.009409 0.005464
0 0.438172 0.230934 0.009409 0.005464
0 0.506384 0.241388 0.009409 0.005464
0 0.506384 0.236161 0.009409 0.005464
0 0.506384 0.230934 0.009409 0.005464
0 0.601142 0.238774 0.009409 0.005464
0 0.601142 0.233547 0.009409 0.005464
0 0.609879 0.230934 0.009409 0.005464
0 0.680444 0.241388 0.009409 0.005464
0 0.680444 0.236161 0.009409 0.005464
0 0.680444 0.230934 0.009409 0.005464
0 0.777890 0.238774 0.009409 0.005464
0 0.777890 0.233547 0.009409 0.005464
0 0.786626 0.230934 0.009409 0.005464
0 0.854503 0.241388 0.009409 0.005464
0 0.854503 0.236161 0.009409 0.005464
0 0.854503 0.230934 0.009409 0.005464
0 0.151546 0.432407 0.009409 0.005464
0 0.151546 0.424566 0.009409 0.005464
0 0.259073 0.435020 0.009409 0.005464
0 0.259073 0.427180 0.009409 0.005464
0 0.329301 0.435020 0.009409 0.005464
0 0.373992 0.437634 0.009409 0.005464
0 0.373992 0.429793 0.009409 0.005464
0 0.437500 0.427180 0.009409 0.005464
0 0.458669 0.437634 0.009409 0.005464
0 0.458669 0.432407 0.009409 0.005464
0 0.560820 0.437634 0.009409 0.005464
0 0.569556 0.435020 0.009409 0.005464
0 0.633401 0.432407 0.009409 0.005464
0 0.657594 0.440247 0.009409 0.005464
0 0.657594 0.435020 0.009409 0.005464
0 0.730511 0.424566 0.009409 0.005464
0 0.768145 0.437634 0.009409 0.005464
0 0.768145 0.427180 0.009409 0.005464
0 0.809140 0.440247 0.009409 0.005464
0 0.809140 0.427180 0.009409 0.005464
0 0.849798 0.442861 0.009409 0.005464
0 0.849798 0.429793 0.009409 0.005464
0 0.890793 0.448087 0.009409 0.005464
0 0.890793 0.440247 0.009409 0.005464
0 0.890793 0.435020 0.009409 0.005464
0 0.146169 0.657876 0.009409 0.005464
0 0.146169 0.644809 0.009409 0.005464
0 0.205981 0.644809 0.009409 0.005464
0 0.205981 0.639582 0.009409 0.005464
0 0.225806 0.650036 0.009409 0.005464
0 0.225806 0.636968 0.009409 0.005464
0 0.285618 0.636968 0.009409 0.005464
0 0.285618 0.631742 0.009409 0.005464
0 0.330309 0.642195 0.009409 0.005464
0 0.330309 0.631742 0.009409 0.005464
0 0.330309 0.626515 0.009409 0.005464
0 0.394153 0.629128 0.009409 0.005464
0 0.415323 0.639582 0.009409 0.005464
0 0.415323 0.631742 0.009409 0.005464
0 0.478831 0.634355 0.009409 0.005464
0 0.524194 0.642195 0.009409 0.005464
0 0.524194 0.631742 0.009409 0.005464
0 0.524194 0.626515 0.009409 0.005464
0 0.588710 0.629128 0.009409 0.005464
0 0.618280 0.639582 0.009409 0.005464
0 0.618280 0.631742 0.009409 0.005464
0 0.682796 0.634355 0.009409 0.005464
0 0.739919 0.636968 0.009409 0.005464
0 0.739919 0.631742 0.009409 0.005464
0 0.739919 0.621288 0.009409 0.005464
0 0.806452 0.623901 0.009409 0.005464
0 0.828629 0.636968 0.009409 0.005464
0 0.828629 0.631742 0.009409 0.005464
0 0.828629 0.621288 0.009409 0.005464
0 0.909610 0.623901 0.009409 0.005464
0 0.143481 0.840580 0.009409 0.005464
0 0.143481 0.835353 0.009409 0.005464
0 0.191532 0.832977 0.009409 0.005464
0 0.207661 0.840580 0.009409 0.005464
0 0.207661 0.835353 0.009409 0.005464
0 0.255712 0.832977 0.009409 0.005464
0 0.299731 0.840580 0.009409 0.005464
0 0.299731 0.832977 0.009409 0.005464
0 0.369624 0.830364 0.009409 0.005464
0 0.399194 0.840580 0.009409 0.005464
0 0.399194 0.835353 0.009409 0.005464
0 0.469758 0.822523 0.009409 0.005464
0 0.523522 0.840580 0.009409 0.005464
0 0.523522 0.832977 0.009409 0.005464
0 0.597446 0.830364 0.009409 0.005464
0 0.621976 0.840580 0.009409 0.005464
0 0.621976 0.835353 0.009409 0.005464
0 0.695901 0.822523 0.009409 0.005464
0 0.747648 0.843193 0.009409 0.005464
0 0.747648 0.837966 0.009409 0.005464
0 0.813844 0.835353 0.009409 0.005464
0 0.839382 0.843193 0.009409 0.005464
0 0.839382 0.837966 0.009409 0.005464
0 0.909946 0.825137 0.009409 0.005464
0 0.542675 0.174626 0.009409 0.005464
0 0.601142 0.169399 0.009409 0.005464
0 0.658266 0.177239 0.009409 0.005464
0 0.680444 0.174626 0.009409 0.005464
0 0.718750 0.169399 0.009409 0.005464
0 0.777890 0.164172 0.009409 0.005464
0 0.834677 0.158945 0.009409 0.005464
0 0.854503 0.161559 0.009409 0.005464
0 0.892137 0.174626 0.009409 0.005464
0 0.151546 0.361606 0.009409 0.005464
0 0.221774 0.358993 0.009409 0.005464
0 0.259073 0.364220 0.009409 0.005464
0 0.500672 0.369446 0.009409 0.005464
0 0.560820 0.371822 0.009409 0.005464
0 0.706317 0.361606 0.009409 0.005464
0 0.768145 0.356379 0.009409 0.005464
0 0.829301 0.364220 0.009409 0.005464
0 0.849798 0.366833 0.009409 0.005464
0 0.890793 0.371822 0.009409 0.005464
0 0.146169 0.566168 0.009409 0.005464
0 0.265793 0.558327 0.009409 0.005464
0 0.330309 0.553100 0.009409 0.005464
0 0.457661 0.560941 0.009409 0.005464
0 0.524194 0.553100 0.009409 0.005464
0 0.588710 0.555714 0.009409 0.005464
0 0.618280 0.558327 0.009409 0.005464
0 0.682796 0.560941 0.009409 0.005464
0 0.739919 0.553100 0.009409 0.005464
0 0.828629 0.553100 0.009409 0.005464
0 0.861895 0.555714 0.009409 0.005464
0 0.898522 0.558327 0.009409 0.005464
0 0.143481 0.765265 0.009409 0.005464
0 0.239583 0.765265 0.009409 0.005464
0 0.299731 0.762651 0.009409 0.005464
0 0.369624 0.760038 0.009409 0.005464
0 0.399194 0.765265 0.009409 0.005464
0 0.469758 0.752198 0.009409 0.005464
0 0.523522 0.752198 0.009409 0.005464
0 0.597446 0.754811 0.009409 0.005464
0 0.621976 0.757425 0.009409 0.005464
0 0.646841 0.760038 0.009409 0.005464
0 0.671371 0.762651 0.009409 0.005464
0 0.695901 0.765265 0.009409 0.005464
0 0.747648 0.767878 0.009409 0.005464
0 0.887769 0.754811 0.009409 0.005464
