0 0.153846 0.558698 0.009070 0.005228
0 0.209943 0.558698 0.009070 0.005228
0 0.748404 0.558698 0.009070 0.005228
0 0.805509 0.558698 0.009070 0.005228
0 0.169634 0.313451 0.009070 0.005228
0 0.303325 0.323432 0.009070 0.005228
0 0.354048 0.323432 0.009070 0.005228
0 0.473295 0.313451 0.009070 0.005228
0 0.581794 0.313451 0.009070 0.005228
0 0.675176 0.323432 0.009070 0.005228
0 0.762177 0.323432 0.009070 0.005228
0 0.378233 0.596245 0.009070 0.005228
0 0.486396 0.596245 0.009070 0.005228
0 0.164259 0.879990 0.009070 0.005228
0 0.257306 0.879990 0.009070 0.005228
0 0.597917 0.875000 0.009070 0.005228
0 0.706416 0.867633 0.009070 0.005228
0 0.781995 0.870010 0.009070 0.005228
0 0.832718 0.870010 0.009070 0.005228
0 0.212294 0.295865 0.009070 0.005228
0 0.303325 0.295865 0.009070 0.005228
0 0.354048 0.295865 0.009070 0.005228
0 0.354048 0.288498 0.009070 0.005228
0 0.354048 0.283508 0.009070 0.005228
0 0.354048 0.275903 0.009070 0.005228
0 0.429963 0.295865 0.009070 0.005228
0 0.429963 0.288498 0.009070 0.005228
0 0.429963 0.283508 0.009070 0.005228
0 0.429963 0.278517 0.009070 0.005228
0 0.490763 0.295865 0.009070 0.005228
0 0.508230 0.293489 0.009070 0.005228
0 0.525697 0.290875 0.009070 0.005228
0 0.543164 0.280894 0.009070 0.005228
0 0.762177 0.283508 0.009070 0.005228
0 0.762177 0.278517 0.009070 0.005228
0 0.906953 0.283508 0.009070 0.005228
0 0.906953 0.278517 0.009070 0.005228
0 0.153846 0.553707 0.009070 0.005228
0 0.209943 0.551331 0.009070 0.005228
0 0.486396 0.556321 0.009070 0.005228
0 0.486396 0.551331 0.009070 0.005228
0 0.670474 0.556321 0.009070 0.005228
0 0.670474 0.551331 0.009070 0.005228
0 0.748404 0.553707 0.009070 0.005228
0 0.805509 0.551331 0.009070 0.005228
0 0.257306 0.862643 0.009070 0.005228
0 0.257306 0.857652 0.009070 0.005228
0 0.257306 0.847671 0.009070 0.005228
0 0.391669 0.862643 0.009070 0.005228
0 0.391669 0.857652 0.009070 0.005228
0 0.391669 0.847671 0.009070 0.005228
0 0.465569 0.870010 0.009070 0.005228
0 0.465569 0.862643 0.009070 0.005228
0 0.465569 0.857652 0.009070 0.005228
0 0.465569 0.852662 0.009070 0.005228
0 0.520994 0.867633 0.009070 0.005228
0 0.520994 0.862643 0.009070 0.005228
0 0.520994 0.855038 0.009070 0.005228
0 0.520994 0.850048 0.009070 0.005228
0 0.597917 0.857652 0.009070 0.005228
0 0.626470 0.860029 0.009070 0.005228
0 0.655358 0.857652 0.009070 0.005228
0 0.706416 0.862643 0.009070 0.005228
0 0.750420 0.857652 0.009070 0.005228
0 0.781995 0.862643 0.009070 0.005228
0 0.781995 0.857652 0.009070 0.005228
0 0.781995 0.852662 0.009070 0.005228
0 0.832718 0.862643 0.009070 0.005228
0 0.832718 0.857652 0.009070 0.005228
0 0.832718 0.852662 0.009070 0.005228
0 0.169634 0.223859 0.009070 0.005228
0 0.169634 0.216492 0.009070 0.005228
0 0.169634 0.206511 0.009070 0.005228
0 0.212294 0.226473 0.009070 0.005228
0 0.212294 0.216492 0.009070 0.005228
0 0.212294 0.208888 0.009070 0.005228
0 0.303325 0.223859 0.009070 0.005228
0 0.303325 0.218869 0.009070 0.005228
0 0.303325 0.206511 0.009070 0.005228
0 0.354048 0.223859 0.009070 0.005228
0 0.354048 0.218869 0.009070 0.005228
0 0.354048 0.211502 0.009070 0.005228
0 0.429963 0.223859 0.009070 0.005228
0 0.429963 0.218869 0.009070 0.005228
0 0.429963 0.213878 0.009070 0.005228
0 0.473295 0.226473 0.009070 0.005228
0 0.473295 0.216492 0.009070 0.005228
0 0.473295 0.208888 0.009070 0.005228
0 0.543164 0.226473 0.009070 0.005228
0 0.543164 0.216492 0.009070 0.005228
0 0.543164 0.211502 0.009070 0.005228
0 0.675176 0.223859 0.009070 0.005228
0 0.675176 0.218869 0.009070 0.005228
0 0.675176 0.206511 0.009070 0.005228
0 0.762177 0.223859 0.009070 0.005228
0 0.762177 0.218869 0.009070 0.005228
0 0.762177 0.211502 0.009070 0.005228
0 0.906953 0.223859 0.009070 0.005228
0 0.906953 0.218869 0.009070 0.005228
0 0.906953 0.213878 0.009070 0.005228
0 0.153846 0.510694 0.009070 0.005228
0 0.153846 0.500713 0.009070 0.005228
0 0.153846 0.493346 0.009070 0.005228
0 0.209943 0.510694 0.009070 0.005228
0 0.209943 0.500713 0.009070 0.005228
0 0.209943 0.495722 0.009070 0.005228
0 0.378233 0.508317 0.009070 0.005228
0 0.378233 0.503327 0.009070 0.005228
0 0.378233 0.490732 0.009070 0.005228
0 0.486396 0.508317 0.009070 0.005228
0 0.486396 0.503327 0.009070 0.005228
0 0.486396 0.495722 0.009070 0.005228
0 0.670474 0.508317 0.009070 0.005228
0 0.670474 0.503327 0.009070 0.005228
0 0.670474 0.498337 0.009070 0.005228
0 0.748404 0.510694 0.009070 0.005228
0 0.748404 0.500713 0.009070 0.005228
0 0.748404 0.493346 0.009070 0.005228
0 0.805509 0.510694 0.009070 0.005228
0 0.805509 0.500713 0.009070 0.005228
0 0.805509 0.495722 0.009070 0.005228
0 0.164259 0.795627 0.009070 0.005228
0 0.164259 0.788023 0.009070 0.005228
0 0.164259 0.778042 0.009070 0.005228
0 0.257306 0.793013 0.009070 0.005228
0 0.257306 0.788023 0.009070 0.005228
0 0.257306 0.780656 0.009070 0.005228
0 0.391669 0.793013 0.009070 0.005228
0 0.391669 0.788023 0.009070 0.005228
0 0.391669 0.783032 0.009070 0.005228
0 0.465569 0.788023 0.009070 0.005228
0 0.465569 0.778042 0.009070 0.005228
0 0.465569 0.773051 0.009070 0.005228
0 0.520994 0.785646 0.009070 0.005228
0 0.520994 0.780656 0.009070 0.005228
0 0.520994 0.768061 0.009070 0.005228
0 0.597917 0.800618 0.009070 0.005228
0 0.597917 0.795627 0.009070 0.005228
0 0.706416 0.798004 0.009070 0.005228
0 0.706416 0.793013 0.009070 0.005228
0 0.781995 0.793013 0.009070 0.005228
0 0.781995 0.788023 0.009070 0.005228
0 0.832718 0.793013 0.009070 0.005228
0 0.832718 0.788023 0.009070 0.005228
0 0.169634 0.153279 0.009070 0.005228
0 0.238831 0.155656 0.009070 0.005228
0 0.303325 0.155656 0.009070 0.005228
0 0.354048 0.155656 0.009070 0.005228
0 0.609674 0.150665 0.009070 0.005228
0 0.632852 0.150665 0.009070 0.005228
0 0.675176 0.150665 0.009070 0.005228
0 0.713806 0.150665 0.009070 0.005228
0 0.737991 0.150665 0.009070 0.005228
0 0.762177 0.150665 0.009070 0.005228
0 0.824992 0.150665 0.009070 0.005228
0 0.858582 0.150665 0.009070 0.005228
0 0.882768 0.150665 0.009070 0.005228
0 0.906953 0.150665 0.009070 0.005228
0 0.931139 0.150665 0.009070 0.005228
0 0.153846 0.439876 0.009070 0.005228
0 0.209943 0.439876 0.009070 0.005228
0 0.307020 0.444867 0.009070 0.005228
0 0.332550 0.444867 0.009070 0.005228
0 0.378233 0.444867 0.009070 0.005228
0 0.426268 0.444867 0.009070 0.005228
0 0.456164 0.444867 0.009070 0.005228
0 0.486396 0.444867 0.009070 0.005228
0 0.564327 0.444867 0.009070 0.005228
0 0.594558 0.444867 0.009070 0.005228
0 0.640578 0.444867 0.009070 0.005228
0 0.670474 0.444867 0.009070 0.005228
0 0.700369 0.444867 0.009070 0.005228
0 0.748404 0.439876 0.009070 0.005228
0 0.903594 0.444867 0.009070 0.005228
0 0.929459 0.444867 0.009070 0.005228
0 0.164259 0.717681 0.009070 0.005228
0 0.205576 0.717681 0.009070 0.005228
0 0.231441 0.717681 0.009070 0.005228
0 0.257306 0.717681 0.009070 0.005228
0 0.298623 0.717681 0.009070 0.005228
0 0.324488 0.717681 0.009070 0.005228
0 0.350353 0.712690 0.009070 0.005228
0 0.391669 0.712690 0.009070 0.005228
0 0.417534 0.712690 0.009070 0.005228
0 0.465569 0.705323 0.009070 0.005228
0 0.520994 0.715304 0.009070 0.005228
0 0.597917 0.717681 0.009070 0.005228
0 0.626470 0.720295 0.009070 0.005228
0 0.655358 0.717681 0.009070 0.005228
0 0.706416 0.722671 0.009070 0.005228
0 0.750420 0.717681 0.009070 0.005228
0 0.781995 0.712690 0.009070 0.005228
0 0.832718 0.722671 0.009070 0.005228
0 0.864293 0.720295 0.009070 0.005228
0 0.904266 0.717681 0.009070 0.005228
