0 0.188445 0.652091 0.008398 0.004753
0 0.127309 0.215542 0.008398 0.004753
0 0.127309 0.199620 0.008398 0.004753
0 0.165267 0.215542 0.008398 0.004753
0 0.165267 0.199620 0.008398 0.004753
0 0.202889 0.215542 0.008398 0.004753
0 0.202889 0.199620 0.008398 0.004753
0 0.240511 0.215542 0.008398 0.004753
0 0.240511 0.199620 0.008398 0.004753
0 0.287202 0.215542 0.008398 0.004753
0 0.287202 0.199620 0.008398 0.004753
0 0.337252 0.206511 0.008398 0.004753
0 0.337252 0.199620 0.008398 0.004753
0 0.400403 0.208650 0.008398 0.004753
0 0.400403 0.199620 0.008398 0.004753
0 0.630836 0.208650 0.008398 0.004753
0 0.630836 0.199620 0.008398 0.004753
0 0.710447 0.199620 0.008398 0.004753
0 0.751092 0.199620 0.008398 0.004753
0 0.792073 0.199620 0.008398 0.004753
0 0.832718 0.201759 0.008398 0.004753
0 0.832718 0.197243 0.008398 0.004753
0 0.873698 0.204135 0.008398 0.004753
0 0.873698 0.199620 0.008398 0.004753
0 0.914343 0.204135 0.008398 0.004753
0 0.133356 0.431321 0.008398 0.004753
0 0.186093 0.438213 0.008398 0.004753
0 0.214982 0.438213 0.008398 0.004753
0 0.284179 0.431321 0.008398 0.004753
0 0.345986 0.440352 0.008398 0.004753
0 0.401075 0.431321 0.008398 0.004753
0 0.432650 0.431321 0.008398 0.004753
0 0.504871 0.431321 0.008398 0.004753
0 0.563319 0.438213 0.008398 0.004753
0 0.563319 0.426568 0.008398 0.004753
0 0.641250 0.435837 0.008398 0.004753
0 0.641250 0.426568 0.008398 0.004753
0 0.708431 0.435837 0.008398 0.004753
0 0.708431 0.426568 0.008398 0.004753
0 0.774269 0.442728 0.008398 0.004753
0 0.774269 0.428945 0.008398 0.004753
0 0.845146 0.440352 0.008398 0.004753
0 0.845146 0.431321 0.008398 0.004753
0 0.922741 0.440352 0.008398 0.004753
0 0.922741 0.431321 0.008398 0.004753
0 0.133356 0.654468 0.008398 0.004753
0 0.133356 0.640684 0.008398 0.004753
0 0.188445 0.642823 0.008398 0.004753
0 0.218677 0.645200 0.008398 0.004753
0 0.248572 0.647576 0.008398 0.004753
0 0.278468 0.645200 0.008398 0.004753
0 0.319785 0.654468 0.008398 0.004753
0 0.319785 0.649715 0.008398 0.004753
0 0.457843 0.647576 0.008398 0.004753
0 0.508230 0.647576 0.008398 0.004753
0 0.567350 0.654468 0.008398 0.004753
0 0.597581 0.654468 0.008398 0.004753
0 0.674840 0.647576 0.008398 0.004753
0 0.740007 0.656606 0.008398 0.004753
0 0.799127 0.647576 0.008398 0.004753
0 0.829694 0.647576 0.008398 0.004753
0 0.906617 0.647576 0.008398 0.004753
0 0.135035 0.859078 0.008398 0.004753
0 0.135035 0.847671 0.008398 0.004753
0 0.196842 0.856939 0.008398 0.004753
0 0.196842 0.847671 0.008398 0.004753
0 0.283171 0.856939 0.008398 0.004753
0 0.283171 0.847671 0.008398 0.004753
0 0.340275 0.859078 0.008398 0.004753
0 0.340275 0.845295 0.008398 0.004753
0 0.403426 0.852186 0.008398 0.004753
0 0.403426 0.847671 0.008398 0.004753
0 0.476654 0.856939 0.008398 0.004753
0 0.476654 0.847671 0.008398 0.004753
0 0.522002 0.859078 0.008398 0.004753
0 0.522002 0.847671 0.008398 0.004753
0 0.562647 0.859078 0.008398 0.004753
0 0.562647 0.850048 0.008398 0.004753
0 0.583809 0.859078 0.008398 0.004753
0 0.583809 0.850048 0.008398 0.004753
0 0.636883 0.852186 0.008398 0.004753
0 0.636883 0.847671 0.008398 0.004753
0 0.681895 0.859078 0.008398 0.004753
0 0.681895 0.845295 0.008398 0.004753
0 0.737655 0.852186 0.008398 0.004753
0 0.737655 0.847671 0.008398 0.004753
0 0.786026 0.852186 0.008398 0.004753
0 0.786026 0.843156 0.008398 0.004753
0 0.827343 0.859078 0.008398 0.004753
0 0.827343 0.845295 0.008398 0.004753
0 0.876386 0.852186 0.008398 0.004753
0 0.876386 0.847671 0.008398 0.004753
0 0.287202 0.159933 0.008398 0.004753
0 0.337252 0.159933 0.008398 0.004753
0 0.133356 0.385694 0.008398 0.004753
0 0.214982 0.385694 0.008398 0.004753
0 0.276453 0.381179 0.008398 0.004753
0 0.284179 0.378802 0.008398 0.004753
0 0.284179 0.374287 0.008398 0.004753
0 0.345986 0.378802 0.008398 0.004753
0 0.432650 0.385694 0.008398 0.004753
0 0.504871 0.378802 0.008398 0.004753
0 0.504871 0.374287 0.008398 0.004753
0 0.563319 0.381179 0.008398 0.004753
0 0.641250 0.383317 0.008398 0.004753
0 0.708431 0.383317 0.008398 0.004753
0 0.774269 0.358127 0.008398 0.004753
0 0.845146 0.355751 0.008398 0.004753
0 0.922741 0.355751 0.008398 0.004753
0 0.133356 0.585551 0.008398 0.004753
0 0.508230 0.590067 0.008398 0.004753
0 0.135035 0.789211 0.008398 0.004753
0 0.340275 0.793726 0.008398 0.004753
0 0.340275 0.789211 0.008398 0.004753
0 0.403426 0.793726 0.008398 0.004753
0 0.522002 0.789211 0.008398 0.004753
0 0.583809 0.789211 0.008398 0.004753
0 0.681895 0.793726 0.008398 0.004753
0 0.681895 0.789211 0.008398 0.004753
0 0.737655 0.793726 0.008398 0.004753
0 0.827343 0.793726 0.008398 0.004753
0 0.827343 0.789211 0.008398 0.004753
0 0.876386 0.793726 0.008398 0.004753
0 0.127309 0.132367 0.008398 0.004753
0 0.127309 0.127852 0.008398 0.004753
0 0.165267 0.132367 0.008398 0.004753
0 0.165267 0.127852 0.008398 0.004753
0 0.202889 0.132367 0.008398 0.004753
0 0.202889 0.127852 0.008398 0.004753
0 0.240511 0.132367 0.008398 0.004753
0 0.240511 0.127852 0.008398 0.004753
0 0.287202 0.155418 0.008398 0.004753
0 0.318105 0.148527 0.008398 0.004753
0 0.356735 0.150665 0.008398 0.004753
0 0.400403 0.157557 0.008398 0.004753
0 0.400403 0.153042 0.008398 0.004753
0 0.630836 0.157557 0.008398 0.004753
0 0.630836 0.153042 0.008398 0.004753
0 0.710447 0.159933 0.008398 0.004753
0 0.710447 0.155418 0.008398 0.004753
0 0.751092 0.159933 0.008398 0.004753
0 0.751092 0.155418 0.008398 0.004753
0 0.792073 0.159933 0.008398 0.004753
0 0.792073 0.155418 0.008398 0.004753
0 0.832718 0.159933 0.008398 0.004753
0 0.832718 0.155418 0.008398 0.004753
0 0.873698 0.159933 0.008398 0.004753
0 0.873698 0.153042 0.008398 0.004753
0 0.914343 0.159933 0.008398 0.004753
0 0.914343 0.153042 0.008398 0.004753
0 0.914343 0.148527 0.008398 0.004753
0 0.133356 0.378802 0.008398 0.004753
0 0.133356 0.374287 0.008398 0.004753
0 0.186093 0.381179 0.008398 0.004753
0 0.186093 0.376426 0.008398 0.004753
0 0.214982 0.381179 0.008398 0.004753
0 0.214982 0.376426 0.008398 0.004753
0 0.348673 0.383317 0.008398 0.004753
0 0.348673 0.371911 0.008398 0.004753
0 0.401075 0.385694 0.008398 0.004753
0 0.401075 0.374287 0.008398 0.004753
0 0.432650 0.378802 0.008398 0.004753
0 0.432650 0.374287 0.008398 0.004753
0 0.563319 0.374287 0.008398 0.004753
0 0.614713 0.376426 0.008398 0.004753
0 0.641250 0.378802 0.008398 0.004753
0 0.708431 0.378802 0.008398 0.004753
0 0.774269 0.351236 0.008398 0.004753
0 0.813907 0.353612 0.008398 0.004753
0 0.845146 0.355751 0.008398 0.004753
0 0.922741 0.351236 0.008398 0.004753
0 0.133356 0.578660 0.008398 0.004753
0 0.169970 0.580798 0.008398 0.004753
0 0.188445 0.583175 0.008398 0.004753
0 0.218677 0.585551 0.008398 0.004753
0 0.248572 0.583175 0.008398 0.004753
0 0.278468 0.592443 0.008398 0.004753
0 0.319785 0.590067 0.008398 0.004753
0 0.457843 0.590067 0.008398 0.004753
0 0.457843 0.583175 0.008398 0.004753
0 0.457843 0.578660 0.008398 0.004753
0 0.508230 0.583175 0.008398 0.004753
0 0.508230 0.578660 0.008398 0.004753
0 0.567350 0.585551 0.008398 0.004753
0 0.567350 0.580798 0.008398 0.004753
0 0.597581 0.590067 0.008398 0.004753
0 0.597581 0.585551 0.008398 0.004753
0 0.597581 0.580798 0.008398 0.004753
0 0.667115 0.585551 0.008398 0.004753
0 0.674840 0.583175 0.008398 0.004753
0 0.674840 0.578660 0.008398 0.004753
0 0.740007 0.587690 0.008398 0.004753
0 0.740007 0.583175 0.008398 0.004753
0 0.740007 0.576283 0.008398 0.004753
0 0.799127 0.590067 0.008398 0.004753
0 0.799127 0.583175 0.008398 0.004753
0 0.799127 0.578660 0.008398 0.004753
0 0.829694 0.590067 0.008398 0.004753
0 0.829694 0.583175 0.008398 0.004753
0 0.829694 0.578660 0.008398 0.004753
0 0.906617 0.590067 0.008398 0.004753
0 0.906617 0.583175 0.008398 0.004753
0 0.906617 0.578660 0.008398 0.004753
0 0.135035 0.782319 0.008398 0.004753
0 0.173665 0.784696 0.008398 0.004753
0 0.196842 0.791587 0.008398 0.004753
0 0.196842 0.786835 0.008398 0.004753
0 0.283171 0.786835 0.008398 0.004753
0 0.283171 0.782319 0.008398 0.004753
0 0.340275 0.782319 0.008398 0.004753
0 0.377561 0.784696 0.008398 0.004753
0 0.403426 0.786835 0.008398 0.004753
0 0.476654 0.786835 0.008398 0.004753
0 0.476654 0.782319 0.008398 0.004753
0 0.522002 0.782319 0.008398 0.004753
0 0.562647 0.779943 0.008398 0.004753
0 0.583809 0.779943 0.008398 0.004753
0 0.636883 0.793726 0.008398 0.004753
0 0.636883 0.786835 0.008398 0.004753
0 0.636883 0.782319 0.008398 0.004753
0 0.681895 0.782319 0.008398 0.004753
0 0.718509 0.784696 0.008398 0.004753
0 0.737655 0.786835 0.008398 0.004753
0 0.786026 0.786835 0.008398 0.004753
0 0.786026 0.782319 0.008398 0.004753
0 0.827343 0.782319 0.008398 0.004753
0 0.859926 0.784696 0.008398 0.004753
0 0.876386 0.786835 0.008398 0.004753
0 0.127309 0.074857 0.008398 0.004753
0 0.337252 0.067966 0.008398 0.004753
0 0.400403 0.067966 0.008398 0.004753
0 0.457508 0.072481 0.008398 0.004753
0 0.490427 0.072481 0.008398 0.004753
0 0.537118 0.072481 0.008398 0.004753
0 0.584145 0.070342 0.008398 0.004753
0 0.660060 0.072481 0.008398 0.004753
0 0.710447 0.074857 0.008398 0.004753
0 0.914343 0.067966 0.008398 0.004753
0 0.133356 0.282319 0.008398 0.004753
0 0.186093 0.284458 0.008398 0.004753
0 0.214982 0.284458 0.008398 0.004753
0 0.284179 0.282319 0.008398 0.004753
0 0.345986 0.279943 0.008398 0.004753
0 0.401075 0.282319 0.008398 0.004753
0 0.432650 0.282319 0.008398 0.004753
0 0.504871 0.282319 0.008398 0.004753
0 0.563319 0.282319 0.008398 0.004753
0 0.614713 0.284458 0.008398 0.004753
0 0.641250 0.286835 0.008398 0.004753
0 0.708431 0.286835 0.008398 0.004753
0 0.774269 0.286835 0.008398 0.004753
0 0.813907 0.289211 0.008398 0.004753
0 0.845146 0.291350 0.008398 0.004753
0 0.457843 0.514021 0.008398 0.004753
0 0.508230 0.514021 0.008398 0.004753
0 0.567350 0.516160 0.008398 0.004753
0 0.597581 0.516160 0.008398 0.004753
0 0.674840 0.514021 0.008398 0.004753
0 0.740007 0.511644 0.008398 0.004753
0 0.799127 0.514021 0.008398 0.004753
0 0.829694 0.514021 0.008398 0.004753
0 0.906617 0.514021 0.008398 0.004753
0 0.135035 0.725523 0.008398 0.004753
0 0.173665 0.727899 0.008398 0.004753
0 0.196842 0.730276 0.008398 0.004753
0 0.239503 0.730276 0.008398 0.004753
0 0.266376 0.727899 0.008398 0.004753
0 0.299966 0.725523 0.008398 0.004753
0 0.340275 0.725523 0.008398 0.004753
0 0.377561 0.727899 0.008398 0.004753
0 0.403426 0.730276 0.008398 0.004753
