0 0.262345 0.298954 0.008734 0.004990
0 0.262345 0.291825 0.008734 0.004990
0 0.327175 0.301331 0.008734 0.004990
0 0.327175 0.289449 0.008734 0.004990
0 0.487403 0.289449 0.008734 0.004990
0 0.504535 0.284458 0.008734 0.004990
0 0.548875 0.296578 0.008734 0.004990
0 0.566006 0.286835 0.008734 0.004990
0 0.621095 0.301331 0.008734 0.004990
0 0.637890 0.289449 0.008734 0.004990
0 0.659389 0.289449 0.008734 0.004990
0 0.659389 0.284458 0.008734 0.004990
0 0.728586 0.286835 0.008734 0.004990
0 0.728586 0.282082 0.008734 0.004990
0 0.155526 0.475998 0.008734 0.004990
0 0.183406 0.471245 0.008734 0.004990
0 0.239839 0.483127 0.008734 0.004990
0 0.267719 0.473622 0.008734 0.004990
0 0.341283 0.487880 0.008734 0.004990
0 0.366140 0.475998 0.008734 0.004990
0 0.416191 0.487880 0.008734 0.004990
0 0.441048 0.475998 0.008734 0.004990
0 0.505878 0.485504 0.008734 0.004990
0 0.532415 0.487880 0.008734 0.004990
0 0.585153 0.490257 0.008734 0.004990
0 0.611690 0.492633 0.008734 0.004990
0 0.676184 0.495010 0.008734 0.004990
0 0.699362 0.504515 0.008734 0.004990
0 0.745717 0.506892 0.008734 0.004990
0 0.768895 0.509506 0.008734 0.004990
0 0.834733 0.511882 0.008734 0.004990
0 0.858582 0.504515 0.008734 0.004990
0 0.906281 0.506892 0.008734 0.004990
0 0.930131 0.509506 0.008734 0.004990
0 0.161236 0.698194 0.008734 0.004990
0 0.194827 0.693441 0.008734 0.004990
0 0.262345 0.691065 0.008734 0.004990
0 0.296271 0.688688 0.008734 0.004990
0 0.384279 0.686312 0.008734 0.004990
0 0.418542 0.688688 0.008734 0.004990
0 0.486396 0.691065 0.008734 0.004990
0 0.520658 0.691065 0.008734 0.004990
0 0.604636 0.693441 0.008734 0.004990
0 0.633860 0.676568 0.008734 0.004990
0 0.691972 0.679183 0.008734 0.004990
0 0.721196 0.676568 0.008734 0.004990
0 0.794760 0.679183 0.008734 0.004990
0 0.829694 0.676568 0.008734 0.004990
0 0.864629 0.674192 0.008734 0.004990
0 0.127309 0.870010 0.008734 0.004990
0 0.127309 0.858127 0.008734 0.004990
0 0.379577 0.860504 0.008734 0.004990
0 0.411824 0.858127 0.008734 0.004990
0 0.476654 0.865257 0.008734 0.004990
0 0.508902 0.858127 0.008734 0.004990
0 0.587840 0.870010 0.008734 0.004990
0 0.620087 0.858127 0.008734 0.004990
0 0.665435 0.886882 0.008734 0.004990
0 0.665435 0.882129 0.008734 0.004990
0 0.764528 0.884506 0.008734 0.004990
0 0.764528 0.879753 0.008734 0.004990
0 0.864629 0.645437 0.008734 0.004990
0 0.864629 0.640684 0.008734 0.004990
0 0.262345 0.246198 0.008734 0.004990
0 0.262345 0.236692 0.008734 0.004990
0 0.347665 0.239068 0.008734 0.004990
0 0.368156 0.222196 0.008734 0.004990
0 0.391334 0.226949 0.008734 0.004990
0 0.411824 0.231702 0.008734 0.004990
0 0.432314 0.243821 0.008734 0.004990
0 0.470272 0.239068 0.008734 0.004990
0 0.504535 0.239068 0.008734 0.004990
0 0.531743 0.239068 0.008734 0.004990
0 0.531743 0.234316 0.008734 0.004990
0 0.531743 0.222196 0.008734 0.004990
0 0.566006 0.239068 0.008734 0.004990
0 0.604300 0.239068 0.008734 0.004990
0 0.604300 0.231702 0.008734 0.004990
0 0.604300 0.222196 0.008734 0.004990
0 0.637890 0.239068 0.008734 0.004990
0 0.659389 0.239068 0.008734 0.004990
0 0.659389 0.234316 0.008734 0.004990
0 0.766208 0.236692 0.008734 0.004990
0 0.804165 0.219819 0.008734 0.004990
0 0.842123 0.224572 0.008734 0.004990
0 0.879745 0.229325 0.008734 0.004990
0 0.917702 0.241445 0.008734 0.004990
0 0.127309 0.443679 0.008734 0.004990
0 0.183406 0.443679 0.008734 0.004990
0 0.211622 0.443679 0.008734 0.004990
0 0.211622 0.438926 0.008734 0.004990
0 0.211622 0.426806 0.008734 0.004990
0 0.267719 0.443679 0.008734 0.004990
0 0.316090 0.443679 0.008734 0.004990
0 0.316090 0.436549 0.008734 0.004990
0 0.316090 0.426806 0.008734 0.004990
0 0.366140 0.443679 0.008734 0.004990
0 0.390998 0.443679 0.008734 0.004990
0 0.390998 0.438926 0.008734 0.004990
0 0.479342 0.446055 0.008734 0.004990
0 0.479342 0.441302 0.008734 0.004990
0 0.532415 0.457937 0.008734 0.004990
0 0.532415 0.443679 0.008734 0.004990
0 0.558616 0.455561 0.008734 0.004990
0 0.558616 0.446055 0.008734 0.004990
0 0.611690 0.448432 0.008734 0.004990
0 0.611690 0.441302 0.008734 0.004990
0 0.653342 0.450808 0.008734 0.004990
0 0.653342 0.438926 0.008734 0.004990
0 0.699362 0.457937 0.008734 0.004990
0 0.699362 0.453184 0.008734 0.004990
0 0.699362 0.443679 0.008734 0.004990
0 0.722539 0.455561 0.008734 0.004990
0 0.722539 0.450808 0.008734 0.004990
0 0.722539 0.446055 0.008734 0.004990
0 0.768895 0.448432 0.008734 0.004990
0 0.768895 0.441302 0.008734 0.004990
0 0.810883 0.450808 0.008734 0.004990
0 0.810883 0.438926 0.008734 0.004990
0 0.858582 0.457937 0.008734 0.004990
0 0.858582 0.453184 0.008734 0.004990
0 0.858582 0.443679 0.008734 0.004990
0 0.882432 0.455561 0.008734 0.004990
0 0.882432 0.450808 0.008734 0.004990
0 0.882432 0.446055 0.008734 0.004990
0 0.930131 0.448432 0.008734 0.004990
0 0.930131 0.441302 0.008734 0.004990
0 0.127309 0.638308 0.008734 0.004990
0 0.127309 0.626426 0.008734 0.004990
0 0.194827 0.643061 0.008734 0.004990
0 0.194827 0.633555 0.008734 0.004990
0 0.194827 0.628802 0.008734 0.004990
0 0.228754 0.643061 0.008734 0.004990
0 0.228754 0.635932 0.008734 0.004990
0 0.228754 0.631179 0.008734 0.004990
0 0.296271 0.643061 0.008734 0.004990
0 0.296271 0.638308 0.008734 0.004990
0 0.296271 0.633555 0.008734 0.004990
0 0.350353 0.643061 0.008734 0.004990
0 0.350353 0.635932 0.008734 0.004990
0 0.418542 0.643061 0.008734 0.004990
0 0.418542 0.638308 0.008734 0.004990
0 0.452469 0.647814 0.008734 0.004990
0 0.452469 0.640684 0.008734 0.004990
0 0.520658 0.647814 0.008734 0.004990
0 0.520658 0.640684 0.008734 0.004990
0 0.520658 0.631179 0.008734 0.004990
0 0.575747 0.645437 0.008734 0.004990
0 0.575747 0.638308 0.008734 0.004990
0 0.575747 0.631179 0.008734 0.004990
0 0.663084 0.645437 0.008734 0.004990
0 0.663084 0.638308 0.008734 0.004990
0 0.663084 0.633555 0.008734 0.004990
0 0.759489 0.645437 0.008734 0.004990
0 0.759489 0.638308 0.008734 0.004990
0 0.759489 0.633555 0.008734 0.004990
0 0.864629 0.631179 0.008734 0.004990
0 0.920390 0.633555 0.008734 0.004990
0 0.160564 0.829848 0.008734 0.004990
0 0.193819 0.813213 0.008734 0.004990
0 0.227074 0.817966 0.008734 0.004990
0 0.260329 0.825095 0.008734 0.004990
0 0.293584 0.834838 0.008734 0.004990
0 0.346994 0.834838 0.008734 0.004990
0 0.346994 0.829848 0.008734 0.004990
0 0.411824 0.834838 0.008734 0.004990
0 0.444071 0.834838 0.008734 0.004990
0 0.444071 0.822719 0.008734 0.004990
0 0.508902 0.834838 0.008734 0.004990
0 0.555257 0.825095 0.008734 0.004990
0 0.555257 0.813213 0.008734 0.004990
0 0.665435 0.825095 0.008734 0.004990
0 0.665435 0.813213 0.008734 0.004990
0 0.796439 0.827471 0.008734 0.004990
0 0.828015 0.810837 0.008734 0.004990
0 0.859926 0.815589 0.008734 0.004990
0 0.891837 0.820342 0.008734 0.004990
0 0.923749 0.832224 0.008734 0.004990
0 0.282499 0.164924 0.008734 0.004990
0 0.327175 0.167300 0.008734 0.004990
0 0.368156 0.167300 0.008734 0.004990
0 0.391334 0.160171 0.008734 0.004990
0 0.432314 0.167300 0.008734 0.004990
0 0.470272 0.172053 0.008734 0.004990
0 0.504535 0.172053 0.008734 0.004990
0 0.531743 0.167300 0.008734 0.004990
0 0.566006 0.167300 0.008734 0.004990
0 0.604300 0.160171 0.008734 0.004990
0 0.637890 0.160171 0.008734 0.004990
0 0.686261 0.162548 0.008734 0.004990
0 0.728586 0.164924 0.008734 0.004990
0 0.804165 0.164924 0.008734 0.004990
0 0.842123 0.157795 0.008734 0.004990
0 0.917702 0.164924 0.008734 0.004990
0 0.127309 0.385694 0.008734 0.004990
0 0.183406 0.385694 0.008734 0.004990
0 0.211622 0.380941 0.008734 0.004990
0 0.267719 0.380941 0.008734 0.004990
0 0.316090 0.373574 0.008734 0.004990
0 0.366140 0.373574 0.008734 0.004990
0 0.441048 0.375951 0.008734 0.004990
0 0.479342 0.378327 0.008734 0.004990
0 0.532415 0.380941 0.008734 0.004990
0 0.558616 0.383317 0.008734 0.004990
0 0.611690 0.378327 0.008734 0.004990
0 0.653342 0.375951 0.008734 0.004990
0 0.699362 0.380941 0.008734 0.004990
0 0.722539 0.383317 0.008734 0.004990
0 0.768895 0.378327 0.008734 0.004990
0 0.810883 0.375951 0.008734 0.004990
0 0.858582 0.383317 0.008734 0.004990
0 0.930131 0.378327 0.008734 0.004990
0 0.127309 0.565114 0.008734 0.004990
0 0.194827 0.567490 0.008734 0.004990
0 0.228754 0.569867 0.008734 0.004990
0 0.296271 0.572243 0.008734 0.004990
0 0.350353 0.574620 0.008734 0.004990
0 0.418542 0.576996 0.008734 0.004990
0 0.452469 0.579373 0.008734 0.004990
0 0.520658 0.569867 0.008734 0.004990
0 0.575747 0.569867 0.008734 0.004990
0 0.663084 0.572243 0.008734 0.004990
0 0.920390 0.572243 0.008734 0.004990
0 0.127309 0.758555 0.008734 0.004990
0 0.193819 0.758555 0.008734 0.004990
0 0.227074 0.751426 0.008734 0.004990
0 0.293584 0.758555 0.008734 0.004990
0 0.346994 0.763308 0.008734 0.004990
0 0.411824 0.763308 0.008734 0.004990
0 0.444071 0.758555 0.008734 0.004990
0 0.508902 0.758555 0.008734 0.004990
0 0.555257 0.751426 0.008734 0.004990
0 0.620087 0.751426 0.008734 0.004990
0 0.717165 0.753802 0.008734 0.004990
0 0.764528 0.756179 0.008734 0.004990
0 0.828015 0.756179 0.008734 0.004990
0 0.859926 0.749049 0.008734 0.004990
0 0.923749 0.756179 0.008734 0.004990
