0 0.131676 0.247624 0.011421 0.004515
0 0.431307 0.247624 0.011421 0.004515
0 0.726906 0.245485 0.011421 0.004515
0 0.124286 0.475285 0.011421 0.004515
0 0.190796 0.715067 0.008062 0.004515
0 0.190796 0.710789 0.008062 0.004515
0 0.517971 0.721245 0.008062 0.004515
0 0.667786 0.723384 0.007726 0.004515
0 0.381256 0.930608 0.011421 0.004515
0 0.381256 0.922053 0.011421 0.004515
0 0.120255 0.230989 0.007726 0.004515
0 0.164259 0.230989 0.007726 0.004515
0 0.193147 0.230989 0.007726 0.004515
0 0.216661 0.226711 0.007726 0.004515
0 0.246221 0.226711 0.007726 0.004515
0 0.270071 0.228850 0.008062 0.004515
0 0.426604 0.230989 0.007726 0.004515
0 0.457172 0.230989 0.007726 0.004515
0 0.485724 0.230989 0.007726 0.004515
0 0.508902 0.226711 0.007726 0.004515
0 0.538126 0.226711 0.007726 0.004515
0 0.561639 0.228850 0.008062 0.004515
0 0.718173 0.230989 0.007726 0.004515
0 0.748404 0.228850 0.007726 0.004515
0 0.774941 0.228850 0.007726 0.004515
0 0.796775 0.224572 0.007726 0.004515
0 0.823648 0.226711 0.007726 0.004515
0 0.849177 0.226711 0.008062 0.004515
0 0.244206 0.456511 0.008062 0.004515
0 0.377225 0.477424 0.011421 0.004515
0 0.377225 0.469106 0.011421 0.004515
0 0.696003 0.477424 0.011421 0.004515
0 0.131676 0.716968 0.011421 0.004515
0 0.131676 0.708650 0.011421 0.004515
0 0.345314 0.704610 0.007726 0.004515
0 0.387639 0.700333 0.007726 0.004515
0 0.408801 0.704610 0.007726 0.004515
0 0.429963 0.706749 0.007726 0.004515
0 0.463218 0.708650 0.007726 0.004515
0 0.484380 0.710789 0.007726 0.004515
0 0.517971 0.710789 0.007726 0.004515
0 0.566678 0.712928 0.007726 0.004515
0 0.614713 0.715067 0.007726 0.004515
0 0.667786 0.712928 0.007726 0.004515
0 0.735640 0.725523 0.008062 0.004515
0 0.735640 0.716968 0.008062 0.004515
0 0.114209 0.930608 0.011421 0.004515
0 0.114209 0.922053 0.011421 0.004515
0 0.513268 0.926331 0.008062 0.004515
0 0.651999 0.926331 0.011421 0.004515
0 0.651999 0.913736 0.011421 0.004515
0 0.121599 0.184173 0.008062 0.004515
0 0.298959 0.222671 0.007726 0.004515
0 0.327847 0.220532 0.007726 0.004515
0 0.356399 0.218394 0.007726 0.004515
0 0.589856 0.222671 0.007726 0.004515
0 0.618408 0.220532 0.007726 0.004515
0 0.646624 0.218394 0.007726 0.004515
0 0.726906 0.177757 0.007726 0.004515
0 0.774941 0.177757 0.007726 0.004515
0 0.875714 0.220532 0.007726 0.004515
0 0.901915 0.218394 0.007726 0.004515
0 0.928451 0.216255 0.007726 0.004515
0 0.126302 0.460789 0.007726 0.004515
0 0.149815 0.458650 0.007726 0.004515
0 0.175680 0.458650 0.007726 0.004515
0 0.196507 0.454373 0.007726 0.004515
0 0.223043 0.456511 0.007726 0.004515
0 0.269735 0.450333 0.007726 0.004515
0 0.295264 0.448194 0.007726 0.004515
0 0.320793 0.446055 0.007726 0.004515
0 0.365469 0.469106 0.007726 0.004515
0 0.406114 0.458650 0.007726 0.004515
0 0.430635 0.454373 0.007726 0.004515
0 0.454820 0.450333 0.007726 0.004515
0 0.479342 0.443916 0.007726 0.004515
0 0.503863 0.439876 0.007726 0.004515
0 0.541149 0.456511 0.007726 0.004515
0 0.574068 0.460789 0.007726 0.004515
0 0.606987 0.462690 0.007726 0.004515
0 0.639906 0.464829 0.007726 0.004515
0 0.695667 0.466968 0.007726 0.004515
0 0.695667 0.458650 0.007726 0.004515
0 0.736648 0.454373 0.008062 0.004515
0 0.744038 0.452234 0.008062 0.004515
0 0.744038 0.448194 0.008062 0.004515
0 0.870675 0.454373 0.007726 0.004515
0 0.877729 0.452234 0.007726 0.004515
0 0.190796 0.702471 0.007726 0.004515
0 0.225731 0.704610 0.007726 0.004515
0 0.265032 0.706749 0.007726 0.004515
0 0.324152 0.694154 0.007726 0.004515
0 0.366476 0.698194 0.008062 0.004515
0 0.514948 0.706749 0.008062 0.004515
0 0.664763 0.708650 0.007726 0.004515
0 0.735640 0.710789 0.008062 0.004515
0 0.178032 0.907557 0.007726 0.004515
0 0.241854 0.901378 0.008062 0.004515
0 0.241854 0.890922 0.008062 0.004515
0 0.443063 0.907557 0.007726 0.004515
0 0.512932 0.915875 0.007726 0.004515
0 0.574740 0.913736 0.007726 0.004515
0 0.841451 0.915875 0.007726 0.004515
0 0.917031 0.913736 0.007726 0.004515
0 0.270071 0.182034 0.008062 0.004515
0 0.270071 0.177757 0.008062 0.004515
0 0.423581 0.179895 0.007726 0.004515
0 0.485724 0.179895 0.007726 0.004515
0 0.561639 0.182034 0.008062 0.004515
0 0.561639 0.177757 0.008062 0.004515
0 0.849177 0.179895 0.008062 0.004515
0 0.849177 0.175856 0.008062 0.004515
0 0.122607 0.419202 0.008062 0.004515
0 0.244206 0.417063 0.008062 0.004515
0 0.117568 0.179895 0.007726 0.004515
0 0.193147 0.179895 0.007726 0.004515
0 0.270071 0.173717 0.008062 0.004515
0 0.429963 0.184173 0.008062 0.004515
0 0.561639 0.173717 0.008062 0.004515
0 0.718173 0.182034 0.008062 0.004515
0 0.849177 0.171578 0.008062 0.004515
0 0.244206 0.412785 0.008062 0.004515
0 0.244206 0.408745 0.008062 0.004515
0 0.298959 0.173717 0.007726 0.004515
0 0.298959 0.167538 0.007726 0.004515
0 0.589856 0.173717 0.007726 0.004515
0 0.589856 0.167538 0.007726 0.004515
0 0.875714 0.171578 0.007726 0.004515
0 0.875714 0.165399 0.007726 0.004515
0 0.131340 0.414924 0.007726 0.004515
0 0.175680 0.414924 0.007726 0.004515
0 0.269735 0.408745 0.007726 0.004515
0 0.269735 0.402329 0.007726 0.004515
0 0.320793 0.402329 0.007726 0.004515
0 0.320793 0.394011 0.007726 0.004515
0 0.365805 0.396150 0.008062 0.004515
0 0.131676 0.661122 0.007726 0.004515
0 0.131676 0.656844 0.007726 0.004515
0 0.131676 0.650665 0.007726 0.004515
0 0.226067 0.642348 0.008062 0.004515
0 0.517635 0.644249 0.007726 0.004515
0 0.566678 0.644249 0.007726 0.004515
0 0.598589 0.640209 0.007726 0.004515
0 0.614713 0.644249 0.007726 0.004515
0 0.667786 0.644249 0.007726 0.004515
0 0.704736 0.640209 0.007726 0.004515
0 0.735640 0.644249 0.008062 0.004515
0 0.846154 0.650665 0.008062 0.004515
0 0.853544 0.648527 0.008062 0.004515
0 0.651999 0.865732 0.007726 0.004515
0 0.651999 0.855276 0.007726 0.004515
0 0.675176 0.861692 0.007726 0.004515
0 0.675176 0.851236 0.007726 0.004515
0 0.704400 0.865732 0.007726 0.004515
0 0.704400 0.855276 0.007726 0.004515
0 0.727578 0.861692 0.007726 0.004515
0 0.727578 0.851236 0.007726 0.004515
0 0.750756 0.865732 0.007726 0.004515
0 0.750756 0.855276 0.007726 0.004515
0 0.780316 0.861692 0.007726 0.004515
0 0.780316 0.851236 0.007726 0.004515
0 0.803493 0.865732 0.007726 0.004515
0 0.803493 0.855276 0.007726 0.004515
0 0.827007 0.861692 0.007726 0.004515
0 0.827007 0.851236 0.007726 0.004515
0 0.855895 0.865732 0.007726 0.004515
0 0.855895 0.855276 0.007726 0.004515
0 0.879409 0.861692 0.007726 0.004515
0 0.879409 0.851236 0.007726 0.004515
0 0.902586 0.865732 0.007726 0.004515
0 0.902586 0.855276 0.007726 0.004515
0 0.931811 0.861692 0.007726 0.004515
0 0.931811 0.851236 0.007726 0.004515
0 0.120255 0.175856 0.007726 0.004515
0 0.164259 0.175856 0.007726 0.004515
0 0.193147 0.175856 0.007726 0.004515
0 0.216661 0.171578 0.007726 0.004515
0 0.246221 0.171578 0.007726 0.004515
0 0.298959 0.163260 0.007726 0.004515
0 0.356399 0.158983 0.007726 0.004515
0 0.426604 0.175856 0.007726 0.004515
0 0.457172 0.175856 0.007726 0.004515
0 0.485724 0.175856 0.007726 0.004515
0 0.508902 0.171578 0.007726 0.004515
0 0.538126 0.171578 0.007726 0.004515
0 0.589856 0.163260 0.007726 0.004515
0 0.646624 0.158983 0.007726 0.004515
0 0.718173 0.175856 0.007726 0.004515
0 0.748404 0.173717 0.007726 0.004515
0 0.774941 0.173717 0.007726 0.004515
0 0.796775 0.169439 0.007726 0.004515
0 0.823648 0.171578 0.007726 0.004515
0 0.875714 0.161122 0.007726 0.004515
0 0.928451 0.157082 0.007726 0.004515
0 0.124286 0.412785 0.007726 0.004515
0 0.149815 0.410646 0.007726 0.004515
0 0.175680 0.410646 0.007726 0.004515
0 0.196507 0.406606 0.007726 0.004515
0 0.223043 0.408745 0.007726 0.004515
0 0.269735 0.398289 0.007726 0.004515
0 0.295264 0.394011 0.007726 0.004515
0 0.320793 0.387833 0.007726 0.004515
0 0.368492 0.402329 0.007726 0.004515
0 0.368492 0.387833 0.007726 0.004515
0 0.454820 0.402329 0.007726 0.004515
0 0.454820 0.387833 0.007726 0.004515
0 0.503863 0.398289 0.007726 0.004515
0 0.503863 0.383555 0.007726 0.004515
0 0.541149 0.402329 0.007726 0.004515
0 0.541149 0.396150 0.007726 0.004515
0 0.541149 0.387833 0.007726 0.004515
0 0.606987 0.417063 0.007726 0.004515
0 0.606987 0.410646 0.007726 0.004515
0 0.695667 0.419202 0.007726 0.004515
0 0.695667 0.410646 0.007726 0.004515
0 0.695667 0.406606 0.007726 0.004515
0 0.744038 0.408745 0.007726 0.004515
0 0.744038 0.400428 0.007726 0.004515
0 0.744038 0.394011 0.007726 0.004515
0 0.810883 0.408745 0.007726 0.004515
0 0.810883 0.400428 0.007726 0.004515
0 0.810883 0.394011 0.007726 0.004515
0 0.844138 0.410646 0.007726 0.004515
0 0.844138 0.396150 0.007726 0.004515
0 0.877729 0.414924 0.007726 0.004515
0 0.877729 0.400428 0.007726 0.004515
0 0.905610 0.417063 0.007726 0.004515
0 0.905610 0.412785 0.007726 0.004515
0 0.930467 0.414924 0.007726 0.004515
0 0.930467 0.410646 0.007726 0.004515
0 0.151495 0.642348 0.007726 0.004515
0 0.208263 0.638070 0.007726 0.004515
0 0.244206 0.627614 0.007726 0.004515
0 0.265032 0.629753 0.007726 0.004515
0 0.284515 0.631892 0.007726 0.004515
0 0.324488 0.652804 0.008062 0.004515
0 0.331878 0.650665 0.008062 0.004515
0 0.408801 0.652804 0.007726 0.004515
0 0.415855 0.650665 0.007726 0.004515
0 0.463218 0.646388 0.007726 0.004515
0 0.517635 0.633793 0.007726 0.004515
0 0.533759 0.629753 0.007726 0.004515
0 0.549882 0.633793 0.007726 0.004515
0 0.566678 0.629753 0.007726 0.004515
0 0.582801 0.633793 0.007726 0.004515
0 0.598589 0.629753 0.007726 0.004515
0 0.614713 0.633793 0.007726 0.004515
0 0.630836 0.629753 0.007726 0.004515
0 0.650655 0.633793 0.007726 0.004515
0 0.667786 0.629753 0.007726 0.004515
0 0.683574 0.633793 0.007726 0.004515
0 0.704736 0.629753 0.007726 0.004515
0 0.735304 0.633793 0.007726 0.004515
0 0.750756 0.629753 0.007726 0.004515
0 0.769903 0.633793 0.007726 0.004515
0 0.785354 0.629753 0.007726 0.004515
0 0.800806 0.633793 0.007726 0.004515
0 0.816258 0.629753 0.007726 0.004515
0 0.853208 0.644249 0.007726 0.004515
0 0.868660 0.640209 0.007726 0.004515
0 0.889486 0.644249 0.007726 0.004515
0 0.904938 0.640209 0.007726 0.004515
0 0.920390 0.644249 0.007726 0.004515
0 0.939536 0.640209 0.007726 0.004515
0 0.114209 0.865732 0.007726 0.004515
0 0.114209 0.853137 0.007726 0.004515
0 0.135371 0.861692 0.007726 0.004515
0 0.135371 0.851236 0.007726 0.004515
0 0.156533 0.865732 0.007726 0.004515
0 0.156533 0.853137 0.007726 0.004515
0 0.178032 0.861692 0.007726 0.004515
0 0.178032 0.851236 0.007726 0.004515
0 0.199194 0.865732 0.007726 0.004515
0 0.199194 0.853137 0.007726 0.004515
0 0.220356 0.861692 0.007726 0.004515
0 0.220356 0.851236 0.007726 0.004515
0 0.241518 0.865732 0.007726 0.004515
0 0.241518 0.855276 0.007726 0.004515
0 0.263016 0.861692 0.007726 0.004515
0 0.263016 0.851236 0.007726 0.004515
0 0.284179 0.865732 0.007726 0.004515
0 0.284179 0.855276 0.007726 0.004515
0 0.305341 0.861692 0.007726 0.004515
0 0.305341 0.851236 0.007726 0.004515
0 0.326503 0.865732 0.007726 0.004515
0 0.326503 0.855276 0.007726 0.004515
0 0.347665 0.861692 0.007726 0.004515
0 0.347665 0.851236 0.007726 0.004515
0 0.381256 0.865732 0.007726 0.004515
0 0.381256 0.853137 0.007726 0.004515
0 0.401747 0.861692 0.007726 0.004515
0 0.401747 0.851236 0.007726 0.004515
0 0.422573 0.865732 0.007726 0.004515
0 0.422573 0.853137 0.007726 0.004515
0 0.443063 0.861692 0.007726 0.004515
0 0.443063 0.851236 0.007726 0.004515
0 0.463554 0.865732 0.007726 0.004515
0 0.463554 0.853137 0.007726 0.004515
0 0.484044 0.861692 0.007726 0.004515
0 0.484044 0.851236 0.007726 0.004515
0 0.512932 0.865732 0.007726 0.004515
0 0.512932 0.855276 0.007726 0.004515
0 0.533759 0.861692 0.007726 0.004515
0 0.533759 0.851236 0.007726 0.004515
0 0.554249 0.865732 0.007726 0.004515
0 0.554249 0.855276 0.007726 0.004515
0 0.574740 0.861692 0.007726 0.004515
0 0.574740 0.851236 0.007726 0.004515
0 0.595230 0.865732 0.007726 0.004515
0 0.595230 0.855276 0.007726 0.004515
0 0.616056 0.861692 0.007726 0.004515
0 0.616056 0.851236 0.007726 0.004515
0 0.689620 0.844819 0.007726 0.004515
0 0.765536 0.846958 0.007726 0.004515
0 0.803493 0.846958 0.007726 0.004515
0 0.164259 0.104325 0.007726 0.004515
0 0.193147 0.102424 0.007726 0.004515
0 0.231441 0.100285 0.007726 0.004515
0 0.270071 0.098146 0.007726 0.004515
0 0.356399 0.104325 0.007726 0.004515
0 0.426604 0.104325 0.007726 0.004515
0 0.485724 0.106464 0.007726 0.004515
0 0.523682 0.106464 0.007726 0.004515
0 0.561303 0.108603 0.007726 0.004515
0 0.748404 0.098146 0.007726 0.004515
0 0.810212 0.098146 0.007726 0.004515
0 0.849177 0.096008 0.008062 0.004515
0 0.149815 0.327471 0.007726 0.004515
0 0.209607 0.327471 0.007726 0.004515
0 0.244206 0.321055 0.008062 0.004515
0 0.365469 0.321055 0.007726 0.004515
0 0.454820 0.321055 0.007726 0.004515
0 0.541149 0.333650 0.007726 0.004515
0 0.606987 0.331511 0.007726 0.004515
0 0.639906 0.329373 0.007726 0.004515
0 0.695667 0.327471 0.007726 0.004515
0 0.744038 0.325333 0.007726 0.004515
0 0.777293 0.323194 0.007726 0.004515
0 0.810883 0.323194 0.007726 0.004515
0 0.877729 0.323194 0.007726 0.004515
0 0.905610 0.325333 0.007726 0.004515
0 0.930467 0.327471 0.007726 0.004515
0 0.131676 0.559173 0.011421 0.004515
0 0.324152 0.559173 0.007726 0.004515
0 0.566678 0.567728 0.007726 0.004515
0 0.614713 0.567728 0.007726 0.004515
0 0.640578 0.567728 0.007726 0.004515
0 0.667786 0.567728 0.007726 0.004515
0 0.694659 0.567728 0.007726 0.004515
0 0.735304 0.567728 0.007726 0.004515
0 0.760497 0.567728 0.007726 0.004515
0 0.785354 0.563451 0.007726 0.004515
0 0.878401 0.563451 0.007726 0.004515
0 0.904938 0.563451 0.007726 0.004515
0 0.930131 0.563451 0.007726 0.004515
0 0.114209 0.805133 0.007726 0.004515
