0 0.564662 0.177281 0.007390 0.004278
0 0.437689 0.193441 0.011085 0.004278
0 0.399395 0.352899 0.007726 0.004278
0 0.532415 0.346721 0.007390 0.004278
0 0.598925 0.342681 0.007390 0.004278
0 0.119583 0.521863 0.007726 0.004278
0 0.240511 0.524002 0.007390 0.004278
0 0.300974 0.525903 0.007390 0.004278
0 0.769567 0.519962 0.007390 0.004278
0 0.862277 0.524002 0.007390 0.004278
0 0.893181 0.521863 0.007390 0.004278
0 0.924085 0.513783 0.007390 0.004278
0 0.119919 0.720295 0.007726 0.004278
0 0.519987 0.720295 0.007726 0.004278
0 0.666107 0.722196 0.007726 0.004278
0 0.126973 0.892110 0.007390 0.004278
0 0.208599 0.888070 0.007390 0.004278
0 0.208599 0.884030 0.007390 0.004278
0 0.208599 0.878089 0.007390 0.004278
0 0.290225 0.892110 0.007390 0.004278
0 0.371851 0.892110 0.007390 0.004278
0 0.378569 0.890209 0.007390 0.004278
0 0.371851 0.886169 0.007390 0.004278
0 0.119583 0.183460 0.007390 0.004278
0 0.119583 0.175380 0.007390 0.004278
0 0.119583 0.169202 0.007390 0.004278
0 0.195835 0.187500 0.007390 0.004278
0 0.195835 0.173241 0.007390 0.004278
0 0.271750 0.191540 0.007390 0.004278
0 0.271750 0.177281 0.007390 0.004278
0 0.310044 0.189401 0.007390 0.004278
0 0.310044 0.175380 0.007390 0.004278
0 0.348001 0.185361 0.007390 0.004278
0 0.439704 0.185361 0.007390 0.004278
0 0.533087 0.185361 0.007390 0.004278
0 0.568021 0.183460 0.007390 0.004278
0 0.596574 0.179420 0.007390 0.004278
0 0.628149 0.181321 0.007390 0.004278
0 0.660060 0.177281 0.007390 0.004278
0 0.701713 0.193441 0.007726 0.004278
0 0.701713 0.185361 0.007726 0.004278
0 0.809204 0.193441 0.007390 0.004278
0 0.809204 0.185361 0.007390 0.004278
0 0.882096 0.195580 0.007390 0.004278
0 0.882096 0.189401 0.007390 0.004278
0 0.882096 0.181321 0.007390 0.004278
0 0.119583 0.348859 0.007726 0.004278
0 0.252603 0.350998 0.007726 0.004278
0 0.399395 0.352899 0.007726 0.004278
0 0.432650 0.346721 0.007390 0.004278
0 0.465905 0.344819 0.007390 0.004278
0 0.499160 0.340779 0.007390 0.004278
0 0.532415 0.340779 0.007390 0.004278
0 0.565670 0.338641 0.007390 0.004278
0 0.598925 0.338641 0.007390 0.004278
0 0.675512 0.355038 0.007390 0.004278
0 0.745381 0.350998 0.007390 0.004278
0 0.815250 0.348859 0.007390 0.004278
0 0.885119 0.344819 0.007390 0.004278
0 0.119583 0.521863 0.007726 0.004278
0 0.150151 0.519962 0.007390 0.004278
0 0.180047 0.517823 0.007390 0.004278
0 0.210279 0.513783 0.007390 0.004278
0 0.240511 0.513783 0.007390 0.004278
0 0.270742 0.511882 0.007390 0.004278
0 0.300974 0.511882 0.007390 0.004278
0 0.331206 0.515922 0.007390 0.004278
0 0.372187 0.528042 0.007390 0.004278
0 0.440376 0.532082 0.007390 0.004278
0 0.508230 0.525903 0.007390 0.004278
0 0.576419 0.521863 0.007390 0.004278
0 0.707424 0.524002 0.007726 0.004278
0 0.831038 0.532082 0.007726 0.004278
0 0.120255 0.704135 0.007390 0.004278
0 0.153174 0.712215 0.007390 0.004278
0 0.186093 0.706036 0.007390 0.004278
0 0.219348 0.708175 0.007390 0.004278
0 0.251931 0.720295 0.007726 0.004278
0 0.251931 0.706036 0.007726 0.004278
0 0.394021 0.720295 0.007726 0.004278
0 0.394021 0.706036 0.007726 0.004278
0 0.551562 0.712215 0.007390 0.004278
0 0.583137 0.710076 0.007390 0.004278
0 0.614713 0.701996 0.007390 0.004278
0 0.656701 0.722196 0.007390 0.004278
0 0.729258 0.708175 0.007390 0.004278
0 0.765200 0.722196 0.007390 0.004278
0 0.810548 0.730276 0.007390 0.004278
0 0.810548 0.716255 0.007390 0.004278
0 0.882768 0.673954 0.007390 0.004278
0 0.882768 0.669914 0.007390 0.004278
0 0.882768 0.665875 0.007390 0.004278
0 0.136043 0.906369 0.007726 0.004278
0 0.136043 0.892110 0.007726 0.004278
0 0.299295 0.906369 0.007726 0.004278
0 0.299295 0.892110 0.007726 0.004278
0 0.522338 0.904230 0.011085 0.004278
0 0.522338 0.890209 0.011085 0.004278
0 0.810883 0.904230 0.007390 0.004278
0 0.810883 0.890209 0.007390 0.004278
0 0.883104 0.914449 0.007390 0.004278
0 0.883104 0.900190 0.007390 0.004278
0 0.119583 0.127852 0.007390 0.004278
0 0.119583 0.123812 0.007390 0.004278
0 0.188781 0.131892 0.007390 0.004278
0 0.195835 0.129753 0.007390 0.004278
0 0.271750 0.139971 0.007390 0.004278
0 0.271750 0.131892 0.007390 0.004278
0 0.310044 0.138070 0.007390 0.004278
0 0.310044 0.131892 0.007390 0.004278
0 0.348001 0.138070 0.007390 0.004278
0 0.348001 0.133793 0.007390 0.004278
0 0.438025 0.138070 0.007390 0.004278
0 0.701713 0.139971 0.007726 0.004278
0 0.701713 0.135932 0.007726 0.004278
0 0.809204 0.142110 0.007390 0.004278
0 0.809204 0.138070 0.007390 0.004278
0 0.882096 0.142110 0.007390 0.004278
0 0.882096 0.138070 0.007390 0.004278
0 0.532415 0.306321 0.007390 0.004278
0 0.598925 0.306321 0.007390 0.004278
0 0.508230 0.480751 0.007390 0.004278
0 0.508230 0.476711 0.007390 0.004278
0 0.576419 0.488831 0.007390 0.004278
0 0.576419 0.484791 0.007390 0.004278
0 0.707759 0.488831 0.007390 0.004278
0 0.707759 0.482652 0.007390 0.004278
0 0.762849 0.484791 0.007390 0.004278
0 0.769567 0.482652 0.007390 0.004278
0 0.831374 0.486692 0.007390 0.004278
0 0.893181 0.484791 0.007390 0.004278
0 0.120255 0.669914 0.007390 0.004278
0 0.252267 0.669914 0.007390 0.004278
0 0.252267 0.661835 0.007390 0.004278
0 0.252267 0.657795 0.007390 0.004278
0 0.318105 0.677994 0.007390 0.004278
0 0.318105 0.673954 0.007390 0.004278
0 0.318105 0.668013 0.007390 0.004278
0 0.318105 0.663973 0.007390 0.004278
0 0.394357 0.677994 0.007390 0.004278
0 0.394357 0.672053 0.007390 0.004278
0 0.394357 0.668013 0.007390 0.004278
0 0.457172 0.676093 0.007390 0.004278
0 0.457172 0.669914 0.007390 0.004278
0 0.457172 0.665875 0.007390 0.004278
0 0.551562 0.669914 0.007390 0.004278
0 0.583137 0.672053 0.007390 0.004278
0 0.663755 0.673954 0.007390 0.004278
0 0.692980 0.676093 0.007390 0.004278
0 0.692980 0.672053 0.007390 0.004278
0 0.729258 0.668013 0.007390 0.004278
0 0.729258 0.661835 0.007390 0.004278
0 0.810548 0.669914 0.007390 0.004278
0 0.810548 0.665875 0.007390 0.004278
0 0.810548 0.657795 0.007390 0.004278
0 0.882768 0.659933 0.007390 0.004278
0 0.882768 0.655894 0.007390 0.004278
0 0.126973 0.843156 0.007390 0.004278
0 0.126973 0.839116 0.007390 0.004278
0 0.208599 0.847196 0.007390 0.004278
0 0.208599 0.843156 0.007390 0.004278
0 0.290225 0.851236 0.007390 0.004278
0 0.290225 0.845295 0.007390 0.004278
0 0.371851 0.855276 0.007390 0.004278
0 0.365133 0.851236 0.007390 0.004278
0 0.371851 0.849335 0.007390 0.004278
0 0.810883 0.845295 0.007390 0.004278
0 0.810883 0.841255 0.007390 0.004278
0 0.883104 0.847196 0.007390 0.004278
0 0.883104 0.841255 0.007390 0.004278
0 0.119583 0.115732 0.007390 0.004278
0 0.157541 0.117633 0.007390 0.004278
0 0.195835 0.119772 0.007390 0.004278
0 0.233792 0.121673 0.007390 0.004278
0 0.271750 0.125713 0.007390 0.004278
0 0.310044 0.123812 0.007390 0.004278
0 0.348001 0.127852 0.007390 0.004278
0 0.348001 0.123812 0.007390 0.004278
0 0.385959 0.129753 0.007390 0.004278
0 0.385959 0.125713 0.007390 0.004278
0 0.438025 0.125713 0.007390 0.004278
0 0.469600 0.127852 0.007390 0.004278
0 0.501176 0.142110 0.007390 0.004278
0 0.501176 0.131892 0.007390 0.004278
0 0.533087 0.179420 0.007390 0.004278
0 0.533087 0.175380 0.007390 0.004278
0 0.564662 0.173241 0.007390 0.004278
0 0.596574 0.169202 0.007390 0.004278
0 0.628149 0.177281 0.007390 0.004278
0 0.628149 0.173241 0.007390 0.004278
0 0.634867 0.171340 0.007390 0.004278
0 0.660060 0.173241 0.007390 0.004278
0 0.666779 0.171340 0.007390 0.004278
0 0.660060 0.167300 0.007390 0.004278
0 0.701713 0.129753 0.007390 0.004278
0 0.772926 0.129753 0.007390 0.004278
0 0.809204 0.127852 0.007390 0.004278
0 0.845818 0.127852 0.007390 0.004278
0 0.918710 0.129753 0.007390 0.004278
0 0.153174 0.306321 0.007390 0.004278
0 0.153174 0.302281 0.007390 0.004278
0 0.186429 0.312500 0.007390 0.004278
0 0.186429 0.306321 0.007390 0.004278
0 0.219684 0.306321 0.007390 0.004278
0 0.219684 0.302281 0.007390 0.004278
0 0.286194 0.304420 0.007390 0.004278
0 0.286194 0.298241 0.007390 0.004278
0 0.319449 0.312500 0.007390 0.004278
0 0.319449 0.304420 0.007390 0.004278
0 0.352704 0.304420 0.007390 0.004278
0 0.352704 0.298241 0.007390 0.004278
0 0.432650 0.312500 0.007390 0.004278
0 0.432650 0.308460 0.007390 0.004278
0 0.465905 0.312500 0.007390 0.004278
0 0.465905 0.306321 0.007390 0.004278
0 0.499160 0.306321 0.007390 0.004278
0 0.499160 0.302281 0.007390 0.004278
0 0.532415 0.302281 0.007390 0.004278
0 0.565670 0.300380 0.007390 0.004278
0 0.598925 0.302281 0.007390 0.004278
0 0.632180 0.304420 0.007390 0.004278
0 0.710447 0.308460 0.007390 0.004278
0 0.710447 0.304420 0.007390 0.004278
0 0.710447 0.294202 0.007390 0.004278
0 0.745381 0.308460 0.007390 0.004278
0 0.745381 0.304420 0.007390 0.004278
0 0.745381 0.298241 0.007390 0.004278
0 0.780316 0.308460 0.007390 0.004278
0 0.780316 0.304420 0.007390 0.004278
0 0.780316 0.294202 0.007390 0.004278
0 0.850185 0.306321 0.007390 0.004278
0 0.850185 0.298241 0.007390 0.004278
0 0.850185 0.294202 0.007390 0.004278
0 0.885119 0.306321 0.007390 0.004278
0 0.885119 0.298241 0.007390 0.004278
0 0.920054 0.306321 0.007390 0.004278
0 0.920054 0.298241 0.007390 0.004278
0 0.920054 0.294202 0.007390 0.004278
0 0.150151 0.488831 0.007390 0.004278
0 0.150151 0.482652 0.007390 0.004278
0 0.180047 0.486692 0.007390 0.004278
0 0.180047 0.480751 0.007390 0.004278
0 0.210279 0.480751 0.007390 0.004278
0 0.210279 0.476711 0.007390 0.004278
0 0.240511 0.480751 0.007390 0.004278
0 0.240511 0.476711 0.007390 0.004278
0 0.270742 0.480751 0.007390 0.004278
0 0.270742 0.474572 0.007390 0.004278
0 0.300974 0.480751 0.007390 0.004278
0 0.300974 0.474572 0.007390 0.004278
0 0.331206 0.482652 0.007390 0.004278
0 0.331206 0.478612 0.007390 0.004278
0 0.406449 0.482652 0.007390 0.004278
0 0.406449 0.476711 0.007390 0.004278
0 0.406449 0.468631 0.007390 0.004278
0 0.440376 0.484791 0.007390 0.004278
0 0.440376 0.476711 0.007390 0.004278
0 0.440376 0.470532 0.007390 0.004278
0 0.474303 0.482652 0.007390 0.004278
0 0.474303 0.476711 0.007390 0.004278
0 0.474303 0.472671 0.007390 0.004278
0 0.508230 0.472671 0.007390 0.004278
0 0.542492 0.474572 0.007390 0.004278
0 0.576419 0.474572 0.007390 0.004278
0 0.610346 0.476711 0.007390 0.004278
0 0.707759 0.478612 0.007390 0.004278
0 0.738663 0.474572 0.007390 0.004278
0 0.769567 0.474572 0.007390 0.004278
0 0.800470 0.474572 0.007390 0.004278
0 0.831374 0.476711 0.007390 0.004278
0 0.831374 0.472671 0.007390 0.004278
0 0.893181 0.474572 0.007390 0.004278
0 0.924085 0.480751 0.007390 0.004278
0 0.120255 0.665875 0.007390 0.004278
0 0.153174 0.661835 0.007390 0.004278
0 0.186093 0.669914 0.007390 0.004278
0 0.186093 0.661835 0.007390 0.004278
0 0.186093 0.657795 0.007390 0.004278
0 0.219348 0.669914 0.007390 0.004278
0 0.219348 0.661835 0.007390 0.004278
0 0.219348 0.657795 0.007390 0.004278
0 0.285186 0.655894 0.007390 0.004278
0 0.318105 0.659933 0.007390 0.004278
0 0.318105 0.653755 0.007390 0.004278
0 0.351360 0.645675 0.007390 0.004278
0 0.394357 0.647814 0.007390 0.004278
0 0.425596 0.651854 0.007390 0.004278
0 0.457172 0.653755 0.007390 0.004278
0 0.488747 0.657795 0.007390 0.004278
0 0.551562 0.659933 0.007390 0.004278
0 0.583137 0.661835 0.007390 0.004278
0 0.614713 0.668013 0.007390 0.004278
0 0.656701 0.672053 0.007390 0.004278
0 0.656701 0.665875 0.007390 0.004278
0 0.692980 0.665875 0.007390 0.004278
0 0.729258 0.655894 0.007390 0.004278
0 0.788042 0.657795 0.007390 0.004278
0 0.846490 0.653755 0.007390 0.004278
0 0.882768 0.651854 0.007390 0.004278
0 0.919046 0.643774 0.007390 0.004278
0 0.126973 0.829135 0.007390 0.004278
0 0.167618 0.833175 0.007390 0.004278
0 0.208599 0.837215 0.007390 0.004278
0 0.249244 0.839116 0.007390 0.004278
0 0.290225 0.839116 0.007390 0.004278
0 0.330870 0.841255 0.007390 0.004278
0 0.371851 0.843156 0.007390 0.004278
0 0.412496 0.845295 0.007390 0.004278
0 0.558616 0.855276 0.007390 0.004278
0 0.558616 0.849335 0.007390 0.004278
0 0.558616 0.845295 0.007390 0.004278
0 0.594894 0.859316 0.007390 0.004278
0 0.594894 0.855276 0.007390 0.004278
0 0.594894 0.849335 0.007390 0.004278
0 0.630836 0.855276 0.007390 0.004278
0 0.630836 0.849335 0.007390 0.004278
0 0.630836 0.845295 0.007390 0.004278
0 0.666779 0.849335 0.007390 0.004278
0 0.666779 0.845295 0.007390 0.004278
0 0.666779 0.841255 0.007390 0.004278
0 0.702721 0.855276 0.007390 0.004278
0 0.702721 0.849335 0.007390 0.004278
0 0.702721 0.845295 0.007390 0.004278
0 0.738999 0.849335 0.007390 0.004278
0 0.738999 0.845295 0.007390 0.004278
0 0.738999 0.841255 0.007390 0.004278
0 0.774941 0.845295 0.007390 0.004278
0 0.774941 0.841255 0.007390 0.004278
0 0.774941 0.835076 0.007390 0.004278
0 0.810883 0.831036 0.007390 0.004278
0 0.846826 0.833175 0.007390 0.004278
0 0.883104 0.835076 0.007390 0.004278
0 0.919046 0.837215 0.007390 0.004278
0 0.119583 0.079848 0.007390 0.004278
0 0.157541 0.077947 0.007390 0.004278
0 0.195835 0.075808 0.007390 0.004278
0 0.233792 0.071768 0.007390 0.004278
0 0.271750 0.067728 0.007390 0.004278
0 0.310044 0.069867 0.007390 0.004278
0 0.385959 0.079848 0.007390 0.004278
0 0.437689 0.077947 0.007726 0.004278
0 0.119919 0.252614 0.007390 0.004278
0 0.186429 0.252614 0.007390 0.004278
0 0.219684 0.256654 0.007390 0.004278
0 0.252939 0.248574 0.007390 0.004278
0 0.286194 0.254753 0.007390 0.004278
0 0.319449 0.254753 0.007390 0.004278
0 0.352704 0.254753 0.007390 0.004278
0 0.399395 0.254753 0.007390 0.004278
0 0.465905 0.252614 0.007390 0.004278
0 0.675512 0.244534 0.007390 0.004278
0 0.745381 0.246435 0.007390 0.004278
0 0.780316 0.248574 0.007390 0.004278
0 0.815250 0.250713 0.007390 0.004278
0 0.850185 0.252614 0.007390 0.004278
0 0.885119 0.242395 0.007390 0.004278
0 0.920054 0.244534 0.007390 0.004278
0 0.119919 0.409933 0.007390 0.004278
0 0.180047 0.412072 0.007390 0.004278
0 0.372187 0.403992 0.007390 0.004278
0 0.440376 0.405894 0.007390 0.004278
0 0.474303 0.408032 0.007390 0.004278
0 0.508230 0.408032 0.007390 0.004278
0 0.542492 0.409933 0.007390 0.004278
0 0.576419 0.409933 0.007390 0.004278
0 0.610346 0.412072 0.007390 0.004278
0 0.707759 0.413973 0.007390 0.004278
0 0.862277 0.408032 0.007390 0.004278
0 0.893181 0.409933 0.007390 0.004278
0 0.924085 0.416112 0.007390 0.004278
0 0.120255 0.593156 0.007390 0.004278
0 0.153174 0.589116 0.007390 0.004278
0 0.186093 0.585076 0.007390 0.004278
0 0.219348 0.585076 0.007390 0.004278
0 0.252267 0.585076 0.007390 0.004278
0 0.318105 0.587215 0.007390 0.004278
0 0.551562 0.587215 0.007390 0.004278
0 0.583137 0.589116 0.007390 0.004278
0 0.614713 0.595295 0.007390 0.004278
0 0.656701 0.593156 0.007390 0.004278
0 0.692980 0.593156 0.007390 0.004278
0 0.729258 0.583175 0.007390 0.004278
0 0.788042 0.585076 0.007390 0.004278
0 0.810548 0.585076 0.007390 0.004278
0 0.882768 0.587215 0.007390 0.004278
0 0.919046 0.589116 0.007390 0.004278
0 0.126973 0.779230 0.007390 0.004278
0 0.249244 0.779230 0.007390 0.004278
0 0.290225 0.775190 0.007390 0.004278
0 0.330870 0.777329 0.007390 0.004278
0 0.371851 0.783270 0.007390 0.004278
0 0.412496 0.781369 0.007390 0.004278
0 0.522338 0.779230 0.007726 0.004278
