0 0.242272 0.211214 0.009745 0.005702
0 0.288306 0.211214 0.009745 0.005702
0 0.323589 0.211214 0.009745 0.005702
0 0.411962 0.213828 0.009745 0.005702
0 0.453965 0.216679 0.009745 0.005702
0 0.479839 0.219292 0.009745 0.005702
0 0.505712 0.221905 0.009745 0.005702
0 0.531586 0.219292 0.009745 0.005702
0 0.568884 0.230221 0.009745 0.005702
0 0.591062 0.224756 0.009745 0.005702
0 0.611559 0.219292 0.009745 0.005702
0 0.632392 0.211214 0.009745 0.005702
0 0.756048 0.230221 0.009745 0.005702
0 0.778226 0.224756 0.009745 0.005702
0 0.799059 0.219292 0.009745 0.005702
0 0.819556 0.211214 0.009745 0.005702
0 0.162298 0.454265 0.009745 0.005702
0 0.181788 0.448800 0.009745 0.005702
0 0.200941 0.440722 0.009745 0.005702
0 0.220094 0.435495 0.009745 0.005702
0 0.345094 0.454265 0.009745 0.005702
0 0.364583 0.448800 0.009745 0.005702
0 0.384073 0.443573 0.009745 0.005702
0 0.403562 0.438109 0.009745 0.005702
0 0.545699 0.451651 0.009745 0.005702
0 0.566532 0.440722 0.009745 0.005702
0 0.587702 0.435495 0.009745 0.005702
0 0.613911 0.435495 0.009745 0.005702
0 0.746304 0.451651 0.009745 0.005702
0 0.766801 0.446187 0.009745 0.005702
0 0.787298 0.440722 0.009745 0.005702
0 0.812500 0.435495 0.009745 0.005702
0 0.162298 0.678546 0.009745 0.005702
0 0.184812 0.667617 0.009745 0.005702
0 0.207325 0.662390 0.009745 0.005702
0 0.229503 0.654312 0.009745 0.005702
0 0.368280 0.678546 0.009745 0.005702
0 0.392137 0.670468 0.009745 0.005702
0 0.415995 0.665004 0.009745 0.005702
0 0.439852 0.662390 0.009745 0.005702
0 0.590726 0.678546 0.009745 0.005702
0 0.609879 0.667617 0.009745 0.005702
0 0.629368 0.659539 0.009745 0.005702
0 0.648522 0.654312 0.009745 0.005702
0 0.668011 0.659539 0.009745 0.005702
0 0.687500 0.654312 0.009745 0.005702
0 0.753024 0.670468 0.009745 0.005702
0 0.775202 0.659539 0.009745 0.005702
0 0.797379 0.651461 0.009745 0.005702
0 0.820565 0.645997 0.009745 0.005702
0 0.252016 0.913519 0.009745 0.005702
0 0.319556 0.913519 0.009745 0.005702
0 0.448589 0.913519 0.009745 0.005702
0 0.514449 0.913519 0.009745 0.005702
0 0.643145 0.908292 0.009745 0.005702
0 0.705645 0.908292 0.009745 0.005702
0 0.756720 0.908292 0.009745 0.005702
0 0.652890 0.172250 0.009745 0.005702
0 0.673387 0.166785 0.009745 0.005702
0 0.693884 0.172250 0.009745 0.005702
0 0.714382 0.166785 0.009745 0.005702
0 0.840054 0.172250 0.009745 0.005702
0 0.860551 0.166785 0.009745 0.005702
0 0.881048 0.172250 0.009745 0.005702
0 0.901546 0.166785 0.009745 0.005702
0 0.239583 0.408411 0.009745 0.005702
0 0.258737 0.400333 0.009745 0.005702
0 0.278226 0.408411 0.009745 0.005702
0 0.297379 0.400333 0.009745 0.005702
0 0.423051 0.419102 0.009745 0.005702
0 0.450269 0.408411 0.009745 0.005702
0 0.469758 0.419102 0.009745 0.005702
0 0.489247 0.408411 0.009745 0.005702
0 0.635081 0.411024 0.009745 0.005702
0 0.662298 0.400333 0.009745 0.005702
0 0.683468 0.411024 0.009745 0.005702
0 0.704637 0.400333 0.009745 0.005702
0 0.832997 0.411024 0.009745 0.005702
0 0.860215 0.400333 0.009745 0.005702
0 0.881048 0.411024 0.009745 0.005702
0 0.901546 0.400333 0.009745 0.005702
0 0.252016 0.617011 0.009745 0.005702
0 0.279570 0.611547 0.009745 0.005702
0 0.302083 0.617011 0.009745 0.005702
0 0.324261 0.611547 0.009745 0.005702
0 0.463710 0.635780 0.009745 0.005702
0 0.487231 0.627703 0.009745 0.005702
0 0.511089 0.635780 0.009745 0.005702
0 0.534946 0.627703 0.009745 0.005702
0 0.842742 0.627703 0.009745 0.005702
0 0.864919 0.622476 0.009745 0.005702
0 0.887433 0.627703 0.009745 0.005702
0 0.909610 0.622476 0.009745 0.005702
0 0.162298 0.842956 0.009745 0.005702
0 0.184812 0.837491 0.009745 0.005702
0 0.207325 0.842956 0.009745 0.005702
0 0.229503 0.837491 0.009745 0.005702
0 0.252016 0.842956 0.009745 0.005702
0 0.274530 0.837491 0.009745 0.005702
0 0.297043 0.842956 0.009745 0.005702
0 0.319556 0.837491 0.009745 0.005702
0 0.360887 0.840105 0.009745 0.005702
0 0.382728 0.832027 0.009745 0.005702
0 0.404906 0.840105 0.009745 0.005702
0 0.426747 0.832027 0.009745 0.005702
0 0.448589 0.845569 0.009745 0.005702
0 0.470766 0.840105 0.009745 0.005702
0 0.492608 0.845569 0.009745 0.005702
0 0.514449 0.840105 0.009745 0.005702
0 0.171707 0.172250 0.009745 0.005702
0 0.189180 0.166785 0.009745 0.005702
0 0.206989 0.166785 0.009745 0.005702
0 0.224462 0.158708 0.009745 0.005702
0 0.323589 0.174863 0.009745 0.005702
0 0.323589 0.169399 0.009745 0.005702
0 0.323589 0.156094 0.009745 0.005702
0 0.360887 0.174863 0.009745 0.005702
0 0.360887 0.169399 0.009745 0.005702
0 0.360887 0.156094 0.009745 0.005702
0 0.381048 0.174863 0.009745 0.005702
0 0.381048 0.169399 0.009745 0.005702
0 0.381048 0.156094 0.009745 0.005702
0 0.453965 0.174863 0.009745 0.005702
0 0.453965 0.169399 0.009745 0.005702
0 0.453965 0.156094 0.009745 0.005702
0 0.505712 0.174863 0.009745 0.005702
0 0.505712 0.164172 0.009745 0.005702
0 0.514785 0.161321 0.009745 0.005702
0 0.652890 0.158708 0.009745 0.005702
0 0.714382 0.158708 0.009745 0.005702
0 0.840054 0.158708 0.009745 0.005702
0 0.901546 0.158708 0.009745 0.005702
0 0.239583 0.394868 0.009745 0.005702
0 0.239583 0.389641 0.009745 0.005702
0 0.297379 0.394868 0.009745 0.005702
0 0.297379 0.389641 0.009745 0.005702
0 0.423051 0.402946 0.009745 0.005702
0 0.432124 0.400333 0.009745 0.005702
0 0.489247 0.402946 0.009745 0.005702
0 0.498320 0.400333 0.009745 0.005702
0 0.635081 0.394868 0.009745 0.005702
0 0.644153 0.392255 0.009745 0.005702
0 0.704637 0.394868 0.009745 0.005702
0 0.713710 0.392255 0.009745 0.005702
0 0.832997 0.394868 0.009745 0.005702
0 0.842070 0.392255 0.009745 0.005702
0 0.901546 0.394868 0.009745 0.005702
0 0.910618 0.392255 0.009745 0.005702
0 0.252016 0.600855 0.009745 0.005702
0 0.261089 0.598242 0.009745 0.005702
0 0.324261 0.600855 0.009745 0.005702
0 0.333333 0.598242 0.009745 0.005702
0 0.463710 0.622476 0.009745 0.005702
0 0.463710 0.617011 0.009745 0.005702
0 0.534946 0.622476 0.009745 0.005702
0 0.534946 0.617011 0.009745 0.005702
0 0.629368 0.617011 0.009745 0.005702
0 0.668011 0.598242 0.009745 0.005702
0 0.706653 0.600855 0.009745 0.005702
0 0.753024 0.603469 0.009745 0.005702
0 0.797379 0.608933 0.009745 0.005702
0 0.842742 0.617011 0.009745 0.005702
0 0.162298 0.832027 0.009745 0.005702
0 0.252016 0.829413 0.009745 0.005702
0 0.360887 0.826562 0.009745 0.005702
0 0.555780 0.875980 0.009745 0.005702
0 0.577285 0.870516 0.009745 0.005702
0 0.598790 0.875980 0.009745 0.005702
0 0.620296 0.870516 0.009745 0.005702
0 0.641465 0.884058 0.009745 0.005702
0 0.662970 0.875980 0.009745 0.005702
0 0.684476 0.884058 0.009745 0.005702
0 0.705645 0.875980 0.009745 0.005702
0 0.755376 0.884058 0.009745 0.005702
0 0.777554 0.878593 0.009745 0.005702
0 0.799395 0.878593 0.009745 0.005702
0 0.821573 0.870516 0.009745 0.005702
0 0.843750 0.870516 0.009745 0.005702
0 0.865591 0.840105 0.009745 0.005702
0 0.887769 0.842956 0.009745 0.005702
0 0.909946 0.837491 0.009745 0.005702
0 0.840054 0.096222 0.009745 0.005702
0 0.901546 0.096222 0.009745 0.005702
0 0.162298 0.326443 0.009745 0.005702
0 0.278226 0.329057 0.009745 0.005702
0 0.345094 0.331908 0.009745 0.005702
0 0.384073 0.326443 0.009745 0.005702
0 0.423051 0.329057 0.009745 0.005702
0 0.469758 0.331908 0.009745 0.005702
0 0.545699 0.331908 0.009745 0.005702
0 0.635081 0.334521 0.009745 0.005702
0 0.832997 0.329057 0.009745 0.005702
0 0.901546 0.329057 0.009745 0.005702
0 0.162298 0.547874 0.009745 0.005702
0 0.302083 0.547874 0.009745 0.005702
0 0.368280 0.545260 0.009745 0.005702
0 0.415995 0.550487 0.009745 0.005702
0 0.463710 0.558803 0.009745 0.005702
0 0.511089 0.555952 0.009745 0.005702
0 0.590726 0.553338 0.009745 0.005702
0 0.598790 0.769304 0.009745 0.005702
0 0.684476 0.769304 0.009745 0.005702
0 0.755376 0.769304 0.009745 0.005702
0 0.887769 0.772155 0.009745 0.005702
