0 0.206248 0.351949 0.008734 0.004990
0 0.206248 0.342205 0.008734 0.004990
0 0.206248 0.330086 0.008734 0.004990
0 0.311723 0.359316 0.008734 0.004990
0 0.311723 0.342205 0.008734 0.004990
0 0.389654 0.351949 0.008734 0.004990
0 0.389654 0.342205 0.008734 0.004990
0 0.389654 0.330086 0.008734 0.004990
0 0.491098 0.359316 0.008734 0.004990
0 0.491098 0.342205 0.008734 0.004990
0 0.569029 0.351949 0.008734 0.004990
0 0.569029 0.342205 0.008734 0.004990
0 0.569029 0.330086 0.008734 0.004990
0 0.688613 0.359316 0.008734 0.004990
0 0.688613 0.342205 0.008734 0.004990
0 0.864293 0.359316 0.008734 0.004990
0 0.864293 0.342205 0.008734 0.004990
0 0.122607 0.594819 0.008734 0.004990
0 0.122607 0.590067 0.008734 0.004990
0 0.167282 0.594819 0.008734 0.004990
0 0.167282 0.590067 0.008734 0.004990
0 0.237487 0.602186 0.008734 0.004990
0 0.237487 0.592443 0.008734 0.004990
0 0.237487 0.580323 0.008734 0.004990
0 0.340275 0.609553 0.008734 0.004990
0 0.340275 0.592443 0.008734 0.004990
0 0.411488 0.602186 0.008734 0.004990
0 0.411488 0.592443 0.008734 0.004990
0 0.411488 0.580323 0.008734 0.004990
0 0.513268 0.609553 0.008734 0.004990
0 0.513268 0.592443 0.008734 0.004990
0 0.585153 0.602186 0.008734 0.004990
0 0.585153 0.592443 0.008734 0.004990
0 0.585153 0.580323 0.008734 0.004990
0 0.698354 0.609553 0.008734 0.004990
0 0.698354 0.592443 0.008734 0.004990
0 0.853544 0.609553 0.008734 0.004990
0 0.853544 0.592443 0.008734 0.004990
0 0.136379 0.844344 0.008734 0.004990
0 0.136379 0.839591 0.008734 0.004990
0 0.212630 0.844344 0.008734 0.004990
0 0.212630 0.839591 0.008734 0.004990
0 0.316090 0.846958 0.008734 0.004990
0 0.316090 0.841968 0.008734 0.004990
0 0.412160 0.846958 0.008734 0.004990
0 0.412160 0.841968 0.008734 0.004990
0 0.519987 0.849335 0.008734 0.004990
0 0.519987 0.844344 0.008734 0.004990
0 0.620423 0.851711 0.008734 0.004990
0 0.620423 0.846958 0.008734 0.004990
0 0.742358 0.854087 0.008734 0.004990
0 0.742358 0.849335 0.008734 0.004990
0 0.836748 0.854087 0.008734 0.004990
0 0.836748 0.849335 0.008734 0.004990
0 0.245549 0.282319 0.008734 0.004990
0 0.311723 0.289686 0.008734 0.004990
0 0.427612 0.282319 0.008734 0.004990
0 0.491098 0.289686 0.008734 0.004990
0 0.606987 0.282319 0.008734 0.004990
0 0.688613 0.289686 0.008734 0.004990
0 0.268391 0.536122 0.008734 0.004990
0 0.340275 0.543489 0.008734 0.004990
0 0.447094 0.536122 0.008734 0.004990
0 0.513268 0.543489 0.008734 0.004990
0 0.621095 0.536122 0.008734 0.004990
0 0.698354 0.543489 0.008734 0.004990
0 0.237487 0.279943 0.008734 0.004990
0 0.268727 0.277567 0.008734 0.004990
0 0.311723 0.279943 0.008734 0.004990
0 0.311723 0.275190 0.008734 0.004990
0 0.359758 0.277567 0.008734 0.004990
0 0.359758 0.272576 0.008734 0.004990
0 0.419550 0.279943 0.008734 0.004990
0 0.449446 0.277567 0.008734 0.004990
0 0.491098 0.279943 0.008734 0.004990
0 0.491098 0.275190 0.008734 0.004990
0 0.539133 0.277567 0.008734 0.004990
0 0.539133 0.272576 0.008734 0.004990
0 0.598925 0.279943 0.008734 0.004990
0 0.628821 0.277567 0.008734 0.004990
0 0.688613 0.279943 0.008734 0.004990
0 0.688613 0.275190 0.008734 0.004990
0 0.717837 0.277567 0.008734 0.004990
0 0.717837 0.272576 0.008734 0.004990
0 0.747061 0.275190 0.008734 0.004990
0 0.747061 0.267823 0.008734 0.004990
0 0.776621 0.270200 0.008734 0.004990
0 0.776621 0.265447 0.008734 0.004990
0 0.805845 0.267823 0.008734 0.004990
0 0.805845 0.262833 0.008734 0.004990
0 0.835069 0.265447 0.008734 0.004990
0 0.835069 0.260456 0.008734 0.004990
0 0.864293 0.262833 0.008734 0.004990
0 0.864293 0.258080 0.008734 0.004990
0 0.893517 0.260456 0.008734 0.004990
0 0.893517 0.255466 0.008734 0.004990
0 0.922741 0.253089 0.008734 0.004990
0 0.922741 0.248337 0.008734 0.004990
0 0.122607 0.509268 0.008734 0.004990
0 0.122607 0.499525 0.008734 0.004990
0 0.167282 0.509268 0.008734 0.004990
0 0.167282 0.499525 0.008734 0.004990
0 0.260329 0.533745 0.008734 0.004990
0 0.287538 0.531131 0.008734 0.004990
0 0.340275 0.533745 0.008734 0.004990
0 0.340275 0.528755 0.008734 0.004990
0 0.384279 0.531131 0.008734 0.004990
0 0.384279 0.526378 0.008734 0.004990
0 0.439033 0.533745 0.008734 0.004990
0 0.466241 0.531131 0.008734 0.004990
0 0.513268 0.533745 0.008734 0.004990
0 0.513268 0.528755 0.008734 0.004990
0 0.557608 0.531131 0.008734 0.004990
0 0.557608 0.526378 0.008734 0.004990
0 0.612697 0.533745 0.008734 0.004990
0 0.640578 0.531131 0.008734 0.004990
0 0.698354 0.533745 0.008734 0.004990
0 0.698354 0.528755 0.008734 0.004990
0 0.724219 0.531131 0.008734 0.004990
0 0.724219 0.526378 0.008734 0.004990
0 0.750084 0.528755 0.008734 0.004990
0 0.750084 0.521388 0.008734 0.004990
0 0.775949 0.523764 0.008734 0.004990
0 0.775949 0.519011 0.008734 0.004990
0 0.801814 0.521388 0.008734 0.004990
0 0.801814 0.516635 0.008734 0.004990
0 0.827679 0.519011 0.008734 0.004990
0 0.827679 0.514021 0.008734 0.004990
0 0.853544 0.516635 0.008734 0.004990
0 0.853544 0.511644 0.008734 0.004990
0 0.879409 0.514021 0.008734 0.004990
0 0.879409 0.509268 0.008734 0.004990
0 0.907961 0.506654 0.008734 0.004990
0 0.907961 0.501901 0.008734 0.004990
0 0.136379 0.763546 0.008734 0.004990
0 0.136379 0.753802 0.008734 0.004990
0 0.212630 0.768536 0.008734 0.004990
0 0.241854 0.763546 0.008734 0.004990
0 0.271414 0.766160 0.008734 0.004990
0 0.316090 0.768536 0.008734 0.004990
0 0.348001 0.775903 0.008734 0.004990
0 0.379913 0.773527 0.008734 0.004990
0 0.412160 0.770913 0.008734 0.004990
0 0.444071 0.766160 0.008734 0.004990
0 0.475983 0.768536 0.008734 0.004990
0 0.519987 0.770913 0.008734 0.004990
0 0.553577 0.778279 0.008734 0.004990
0 0.587168 0.775903 0.008734 0.004990
0 0.620423 0.775903 0.008734 0.004990
0 0.654014 0.770913 0.008734 0.004990
0 0.687605 0.773527 0.008734 0.004990
0 0.742358 0.775903 0.008734 0.004990
0 0.773598 0.775903 0.008734 0.004990
0 0.805173 0.778279 0.008734 0.004990
0 0.836748 0.778279 0.008734 0.004990
0 0.867988 0.778279 0.008734 0.004990
0 0.899563 0.780656 0.008734 0.004990
0 0.340275 0.442490 0.008734 0.004990
0 0.384279 0.442490 0.008734 0.004990
0 0.411488 0.439876 0.008734 0.004990
0 0.466241 0.439876 0.008734 0.004990
0 0.513268 0.435124 0.008734 0.004990
0 0.557608 0.442490 0.008734 0.004990
0 0.585153 0.442490 0.008734 0.004990
0 0.612697 0.444867 0.008734 0.004990
0 0.640578 0.447243 0.008734 0.004990
0 0.724219 0.442490 0.008734 0.004990
0 0.750084 0.444867 0.008734 0.004990
0 0.775949 0.447243 0.008734 0.004990
0 0.801814 0.439876 0.008734 0.004990
0 0.827679 0.442490 0.008734 0.004990
0 0.879409 0.442490 0.008734 0.004990
0 0.907961 0.435124 0.008734 0.004990
0 0.136379 0.682747 0.008734 0.004990
0 0.212630 0.692490 0.008734 0.004990
0 0.271414 0.692490 0.008734 0.004990
0 0.316090 0.690114 0.008734 0.004990
0 0.379913 0.690114 0.008734 0.004990
0 0.412160 0.690114 0.008734 0.004990
0 0.475983 0.690114 0.008734 0.004990
0 0.519987 0.690114 0.008734 0.004990
0 0.553577 0.690114 0.008734 0.004990
0 0.587168 0.687738 0.008734 0.004990
0 0.620423 0.687738 0.008734 0.004990
0 0.687605 0.695105 0.008734 0.004990
0 0.742358 0.695105 0.008734 0.004990
0 0.805173 0.695105 0.008734 0.004990
0 0.836748 0.695105 0.008734 0.004990
0 0.899563 0.692490 0.008734 0.004990
