0 0.153846 0.553470 0.009070 0.005228
0 0.213302 0.553470 0.009070 0.005228
0 0.744038 0.553470 0.009070 0.005228
0 0.801142 0.553470 0.009070 0.005228
0 0.154518 0.308698 0.009070 0.005228
0 0.270071 0.308698 0.009070 0.005228
0 0.492778 0.303707 0.009070 0.005228
0 0.468928 0.303707 0.006382 0.003565
0 0.576755 0.303707 0.009070 0.005228
0 0.678535 0.313688 0.009070 0.005228
0 0.767215 0.313688 0.009070 0.005228
0 0.389990 0.590779 0.009070 0.005228
0 0.498153 0.590779 0.009070 0.005228
0 0.164259 0.868108 0.009070 0.005228
0 0.257642 0.868108 0.009070 0.005228
0 0.173329 0.291350 0.009070 0.005228
0 0.192140 0.281369 0.009070 0.005228
0 0.209943 0.278992 0.009070 0.005228
0 0.231105 0.276378 0.009070 0.005228
0 0.352368 0.278992 0.009070 0.005228
0 0.392341 0.281369 0.009070 0.005228
0 0.492778 0.283983 0.009070 0.005228
0 0.543164 0.286359 0.009070 0.005228
0 0.767215 0.274002 0.009070 0.005228
0 0.767215 0.269011 0.009070 0.005228
0 0.906281 0.274002 0.009070 0.005228
0 0.906281 0.269011 0.009070 0.005228
0 0.153846 0.548479 0.009070 0.005228
0 0.213302 0.546103 0.009070 0.005228
0 0.498153 0.551093 0.009070 0.005228
0 0.498153 0.546103 0.009070 0.005228
0 0.666107 0.551093 0.009070 0.005228
0 0.666107 0.546103 0.009070 0.005228
0 0.744038 0.548479 0.009070 0.005228
0 0.801142 0.546103 0.009070 0.005228
0 0.257642 0.850760 0.009070 0.005228
0 0.257642 0.845770 0.009070 0.005228
0 0.257642 0.835789 0.009070 0.005228
0 0.409809 0.850760 0.009070 0.005228
0 0.409809 0.845770 0.009070 0.005228
0 0.409809 0.835789 0.009070 0.005228
0 0.483708 0.858127 0.009070 0.005228
0 0.483708 0.850760 0.009070 0.005228
0 0.483708 0.845770 0.009070 0.005228
0 0.483708 0.840779 0.009070 0.005228
0 0.534767 0.855751 0.009070 0.005228
0 0.534767 0.850760 0.009070 0.005228
0 0.534767 0.838403 0.009070 0.005228
0 0.605643 0.853375 0.009070 0.005228
0 0.605643 0.845770 0.009070 0.005228
0 0.605643 0.840779 0.009070 0.005228
0 0.703057 0.855751 0.009070 0.005228
0 0.703057 0.845770 0.009070 0.005228
0 0.703057 0.838403 0.009070 0.005228
0 0.780988 0.858127 0.009070 0.005228
0 0.780988 0.850760 0.009070 0.005228
0 0.780988 0.845770 0.009070 0.005228
0 0.780988 0.840779 0.009070 0.005228
0 0.832046 0.858127 0.009070 0.005228
0 0.832046 0.850760 0.009070 0.005228
0 0.832046 0.845770 0.009070 0.005228
0 0.832046 0.840779 0.009070 0.005228
0 0.154518 0.225048 0.009070 0.005228
0 0.154518 0.215067 0.009070 0.005228
0 0.154518 0.207700 0.009070 0.005228
0 0.231105 0.225048 0.009070 0.005228
0 0.231105 0.215067 0.009070 0.005228
0 0.231105 0.210076 0.009070 0.005228
0 0.270071 0.225048 0.009070 0.005228
0 0.270071 0.215067 0.009070 0.005228
0 0.270071 0.210076 0.009070 0.005228
0 0.352368 0.230038 0.009070 0.005228
0 0.352368 0.225048 0.009070 0.005228
0 0.352368 0.215067 0.009070 0.005228
0 0.360430 0.212690 0.009070 0.005228
0 0.383944 0.227662 0.009070 0.005228
0 0.392341 0.225048 0.009070 0.005228
0 0.392341 0.215067 0.009070 0.005228
0 0.392341 0.210076 0.009070 0.005228
0 0.475983 0.225048 0.009070 0.005228
0 0.475983 0.217681 0.009070 0.005228
0 0.475983 0.207700 0.009070 0.005228
0 0.526369 0.225048 0.009070 0.005228
0 0.526369 0.220057 0.009070 0.005228
0 0.517971 0.210076 0.009070 0.005228
0 0.526369 0.207700 0.009070 0.005228
0 0.678535 0.217681 0.009070 0.005228
0 0.678535 0.212690 0.009070 0.005228
0 0.678535 0.200095 0.009070 0.005228
0 0.767215 0.217681 0.009070 0.005228
0 0.767215 0.212690 0.009070 0.005228
0 0.767215 0.205086 0.009070 0.005228
0 0.906281 0.217681 0.009070 0.005228
0 0.906281 0.212690 0.009070 0.005228
0 0.906281 0.207700 0.009070 0.005228
0 0.153846 0.496435 0.009070 0.005228
0 0.153846 0.486454 0.009070 0.005228
0 0.153846 0.479087 0.009070 0.005228
0 0.213302 0.496435 0.009070 0.005228
0 0.213302 0.486454 0.009070 0.005228
0 0.213302 0.481464 0.009070 0.005228
0 0.389990 0.494059 0.009070 0.005228
0 0.389990 0.489068 0.009070 0.005228
0 0.389990 0.476473 0.009070 0.005228
0 0.498153 0.494059 0.009070 0.005228
0 0.498153 0.489068 0.009070 0.005228
0 0.498153 0.481464 0.009070 0.005228
0 0.666107 0.494059 0.009070 0.005228
0 0.666107 0.489068 0.009070 0.005228
0 0.666107 0.484078 0.009070 0.005228
0 0.744038 0.496435 0.009070 0.005228
0 0.744038 0.486454 0.009070 0.005228
0 0.744038 0.479087 0.009070 0.005228
0 0.801142 0.496435 0.009070 0.005228
0 0.801142 0.486454 0.009070 0.005228
0 0.801142 0.481464 0.009070 0.005228
0 0.164259 0.784458 0.009070 0.005228
0 0.164259 0.776854 0.009070 0.005228
0 0.164259 0.766873 0.009070 0.005228
0 0.257642 0.781844 0.009070 0.005228
0 0.257642 0.776854 0.009070 0.005228
0 0.257642 0.769487 0.009070 0.005228
0 0.409809 0.781844 0.009070 0.005228
0 0.409809 0.776854 0.009070 0.005228
0 0.409809 0.771863 0.009070 0.005228
0 0.483708 0.776854 0.009070 0.005228
0 0.483708 0.766873 0.009070 0.005228
0 0.483708 0.761882 0.009070 0.005228
0 0.534767 0.774477 0.009070 0.005228
0 0.534767 0.769487 0.009070 0.005228
0 0.534767 0.756892 0.009070 0.005228
0 0.605643 0.784458 0.009070 0.005228
0 0.605643 0.779468 0.009070 0.005228
0 0.605643 0.766873 0.009070 0.005228
0 0.703057 0.781844 0.009070 0.005228
0 0.703057 0.764496 0.009070 0.005228
0 0.780988 0.776854 0.009070 0.005228
0 0.780988 0.759506 0.009070 0.005228
0 0.832046 0.776854 0.009070 0.005228
0 0.832046 0.759506 0.009070 0.005228
0 0.613369 0.150665 0.009070 0.005228
0 0.636547 0.150665 0.009070 0.005228
0 0.678535 0.150665 0.009070 0.005228
0 0.717837 0.150665 0.009070 0.005228
0 0.742694 0.150665 0.009070 0.005228
0 0.767215 0.150665 0.009070 0.005228
0 0.806517 0.150665 0.009070 0.005228
0 0.831038 0.150665 0.009070 0.005228
0 0.857239 0.150665 0.009070 0.005228
0 0.881760 0.150665 0.009070 0.005228
0 0.906281 0.150665 0.009070 0.005228
0 0.930803 0.150665 0.009070 0.005228
0 0.153846 0.426568 0.009070 0.005228
0 0.213302 0.426568 0.009070 0.005228
0 0.315754 0.431321 0.009070 0.005228
0 0.342963 0.431321 0.009070 0.005228
0 0.389990 0.431321 0.009070 0.005228
0 0.438025 0.431321 0.009070 0.005228
0 0.467921 0.431321 0.009070 0.005228
0 0.498153 0.431321 0.009070 0.005228
0 0.576083 0.431321 0.009070 0.005228
0 0.605979 0.431321 0.009070 0.005228
0 0.636211 0.431321 0.009070 0.005228
0 0.666107 0.431321 0.009070 0.005228
0 0.696339 0.431321 0.009070 0.005228
0 0.744038 0.426331 0.009070 0.005228
0 0.899563 0.431321 0.009070 0.005228
0 0.927444 0.431321 0.009070 0.005228
0 0.164259 0.708650 0.009070 0.005228
0 0.205912 0.708650 0.009070 0.005228
0 0.231777 0.708650 0.009070 0.005228
0 0.257642 0.708650 0.009070 0.005228
0 0.325160 0.708650 0.009070 0.005228
0 0.351025 0.708650 0.009070 0.005228
0 0.379241 0.708650 0.009070 0.005228
0 0.409809 0.708650 0.009070 0.005228
0 0.435673 0.708650 0.009070 0.005228
0 0.483708 0.703660 0.009070 0.005228
0 0.534767 0.706036 0.009070 0.005228
0 0.605643 0.708650 0.009070 0.005228
0 0.631844 0.711027 0.009070 0.005228
0 0.658045 0.708650 0.009070 0.005228
0 0.703057 0.713641 0.009070 0.005228
0 0.747061 0.708650 0.009070 0.005228
0 0.780988 0.703660 0.009070 0.005228
0 0.832046 0.713641 0.009070 0.005228
0 0.863957 0.711027 0.009070 0.005228
0 0.903930 0.708650 0.009070 0.005228
