0 0.123950 0.215067 0.008734 0.004990
0 0.123950 0.197956 0.008734 0.004990
0 0.158213 0.219819 0.008734 0.004990
0 0.158213 0.202947 0.008734 0.004990
0 0.188445 0.227186 0.008734 0.004990
0 0.188445 0.210076 0.008734 0.004990
0 0.218005 0.229563 0.008734 0.004990
0 0.218005 0.212452 0.008734 0.004990
0 0.255291 0.222196 0.008734 0.004990
0 0.255291 0.205323 0.008734 0.004990
0 0.291905 0.205323 0.008734 0.004990
0 0.310380 0.205323 0.008734 0.004990
0 0.340275 0.205323 0.008734 0.004990
0 0.393013 0.222196 0.008734 0.004990
0 0.393013 0.205323 0.008734 0.004990
0 0.432650 0.222196 0.008734 0.004990
0 0.432650 0.205323 0.008734 0.004990
0 0.453141 0.222196 0.008734 0.004990
0 0.453141 0.205323 0.008734 0.004990
0 0.494122 0.222196 0.008734 0.004990
0 0.494122 0.205323 0.008734 0.004990
0 0.534767 0.222196 0.008734 0.004990
0 0.534767 0.205323 0.008734 0.004990
0 0.612697 0.222196 0.008734 0.004990
0 0.612697 0.205323 0.008734 0.004990
0 0.662748 0.224572 0.008734 0.004990
0 0.662748 0.207700 0.008734 0.004990
0 0.700034 0.227186 0.008734 0.004990
0 0.700034 0.210076 0.008734 0.004990
0 0.736312 0.227186 0.008734 0.004990
0 0.736312 0.210076 0.008734 0.004990
0 0.772590 0.229563 0.008734 0.004990
0 0.772590 0.212452 0.008734 0.004990
0 0.808868 0.222196 0.008734 0.004990
0 0.808868 0.205323 0.008734 0.004990
0 0.859926 0.188213 0.008734 0.004990
0 0.882768 0.188213 0.008734 0.004990
0 0.919046 0.188213 0.008734 0.004990
0 0.114545 0.422529 0.008734 0.004990
0 0.181055 0.427281 0.008734 0.004990
0 0.214982 0.432034 0.008734 0.004990
0 0.248908 0.437025 0.008734 0.004990
0 0.283171 0.432034 0.008734 0.004990
0 0.317098 0.427281 0.008734 0.004990
0 0.351025 0.422529 0.008734 0.004990
0 0.425932 0.437025 0.008734 0.004990
0 0.480349 0.424905 0.008734 0.004990
0 0.556601 0.434648 0.008734 0.004990
0 0.604971 0.424905 0.008734 0.004990
0 0.653342 0.432034 0.008734 0.004990
0 0.701713 0.424905 0.008734 0.004990
0 0.750084 0.429658 0.008734 0.004990
0 0.798455 0.424905 0.008734 0.004990
0 0.828687 0.419914 0.008734 0.004990
0 0.858918 0.415162 0.008734 0.004990
0 0.906953 0.415162 0.008734 0.004990
0 0.123950 0.671816 0.008734 0.004990
0 0.123950 0.654705 0.008734 0.004990
0 0.152167 0.671816 0.008734 0.004990
0 0.152167 0.654705 0.008734 0.004990
0 0.180383 0.671816 0.008734 0.004990
0 0.180383 0.654705 0.008734 0.004990
0 0.208263 0.671816 0.008734 0.004990
0 0.208263 0.654705 0.008734 0.004990
0 0.242190 0.671816 0.008734 0.004990
0 0.242190 0.654705 0.008734 0.004990
0 0.270406 0.671816 0.008734 0.004990
0 0.270406 0.654705 0.008734 0.004990
0 0.298287 0.671816 0.008734 0.004990
0 0.298287 0.654705 0.008734 0.004990
0 0.326503 0.671816 0.008734 0.004990
0 0.326503 0.654705 0.008734 0.004990
0 0.354384 0.671816 0.008734 0.004990
0 0.354384 0.654705 0.008734 0.004990
0 0.461203 0.674192 0.008734 0.004990
0 0.461203 0.657319 0.008734 0.004990
0 0.525025 0.676568 0.008734 0.004990
0 0.525025 0.664449 0.008734 0.004990
0 0.525025 0.659696 0.008734 0.004990
0 0.557272 0.676568 0.008734 0.004990
0 0.557272 0.664449 0.008734 0.004990
0 0.557272 0.659696 0.008734 0.004990
0 0.589184 0.676568 0.008734 0.004990
0 0.589184 0.664449 0.008734 0.004990
0 0.589184 0.659696 0.008734 0.004990
0 0.621095 0.676568 0.008734 0.004990
0 0.621095 0.664449 0.008734 0.004990
0 0.621095 0.659696 0.008734 0.004990
0 0.655022 0.676568 0.008734 0.004990
0 0.655022 0.664449 0.008734 0.004990
0 0.655022 0.659696 0.008734 0.004990
0 0.686933 0.676568 0.008734 0.004990
0 0.686933 0.664449 0.008734 0.004990
0 0.686933 0.659696 0.008734 0.004990
0 0.718844 0.676568 0.008734 0.004990
0 0.718844 0.664449 0.008734 0.004990
0 0.718844 0.659696 0.008734 0.004990
0 0.750756 0.676568 0.008734 0.004990
0 0.750756 0.664449 0.008734 0.004990
0 0.750756 0.659696 0.008734 0.004990
0 0.782667 0.676568 0.008734 0.004990
0 0.782667 0.664449 0.008734 0.004990
0 0.782667 0.659696 0.008734 0.004990
0 0.904266 0.676568 0.008734 0.004990
0 0.904266 0.659696 0.008734 0.004990
0 0.116896 0.888783 0.008734 0.004990
0 0.116896 0.871911 0.008734 0.004990
0 0.164931 0.893536 0.008734 0.004990
0 0.164931 0.876663 0.008734 0.004990
0 0.212966 0.898527 0.008734 0.004990
0 0.212966 0.881416 0.008734 0.004990
0 0.261001 0.896150 0.008734 0.004990
0 0.261001 0.879040 0.008734 0.004990
0 0.308700 0.905656 0.008734 0.004990
0 0.308700 0.888783 0.008734 0.004990
0 0.356735 0.898527 0.008734 0.004990
0 0.430635 0.893536 0.008734 0.004990
0 0.504199 0.888783 0.008734 0.004990
0 0.591199 0.884030 0.008734 0.004990
0 0.662748 0.881416 0.008734 0.004990
0 0.734296 0.896150 0.008734 0.004990
0 0.780988 0.896150 0.008734 0.004990
0 0.780988 0.879040 0.008734 0.004990
0 0.827679 0.905656 0.008734 0.004990
0 0.827679 0.888783 0.008734 0.004990
0 0.123950 0.140922 0.008734 0.004990
0 0.158213 0.145675 0.008734 0.004990
0 0.158213 0.140922 0.008734 0.004990
0 0.188445 0.148051 0.008734 0.004990
0 0.188445 0.135932 0.008734 0.004990
0 0.218005 0.145675 0.008734 0.004990
0 0.218005 0.138308 0.008734 0.004990
0 0.218005 0.133555 0.008734 0.004990
0 0.203561 0.131179 0.006046 0.003565
0 0.255291 0.148051 0.008734 0.004990
0 0.255291 0.135932 0.008734 0.004990
0 0.291905 0.135932 0.008734 0.004990
0 0.310380 0.135932 0.008734 0.004990
0 0.340275 0.135932 0.008734 0.004990
0 0.393013 0.148051 0.008734 0.004990
0 0.393013 0.135932 0.008734 0.004990
0 0.393013 0.131179 0.008734 0.004990
0 0.432650 0.148051 0.008734 0.004990
0 0.432650 0.135932 0.008734 0.004990
0 0.432650 0.131179 0.008734 0.004990
0 0.453141 0.148051 0.008734 0.004990
0 0.453141 0.135932 0.008734 0.004990
0 0.453141 0.131179 0.008734 0.004990
0 0.485724 0.140922 0.008734 0.004990
0 0.494122 0.138308 0.008734 0.004990
0 0.494122 0.128802 0.008734 0.004990
0 0.534767 0.143298 0.008734 0.004990
0 0.534767 0.135932 0.008734 0.004990
0 0.534767 0.131179 0.008734 0.004990
0 0.612697 0.143298 0.008734 0.004990
0 0.612697 0.135932 0.008734 0.004990
0 0.612697 0.131179 0.008734 0.004990
0 0.662748 0.143298 0.008734 0.004990
0 0.662748 0.135932 0.008734 0.004990
0 0.662748 0.131179 0.008734 0.004990
0 0.700034 0.145675 0.008734 0.004990
0 0.700034 0.135932 0.008734 0.004990
0 0.700034 0.128802 0.008734 0.004990
0 0.736312 0.145675 0.008734 0.004990
0 0.728250 0.135932 0.008734 0.004990
0 0.736312 0.133555 0.008734 0.004990
0 0.772590 0.143298 0.008734 0.004990
0 0.772590 0.138308 0.008734 0.004990
0 0.772590 0.131179 0.008734 0.004990
0 0.808868 0.148051 0.008734 0.004990
0 0.808868 0.143298 0.008734 0.004990
0 0.808868 0.135932 0.008734 0.004990
0 0.859926 0.148051 0.008734 0.004990
0 0.882768 0.148051 0.008734 0.004990
0 0.919046 0.148051 0.008734 0.004990
0 0.114545 0.373812 0.008734 0.004990
0 0.181055 0.378802 0.008734 0.004990
0 0.214982 0.383555 0.008734 0.004990
0 0.248908 0.388546 0.008734 0.004990
0 0.283171 0.383555 0.008734 0.004990
0 0.317098 0.378802 0.008734 0.004990
0 0.351025 0.373812 0.008734 0.004990
0 0.425932 0.388546 0.008734 0.004990
0 0.480349 0.376426 0.008734 0.004990
0 0.556601 0.385932 0.008734 0.004990
0 0.604971 0.376426 0.008734 0.004990
0 0.653342 0.383555 0.008734 0.004990
0 0.701713 0.376426 0.008734 0.004990
0 0.750084 0.381179 0.008734 0.004990
0 0.798455 0.376426 0.008734 0.004990
0 0.828687 0.371435 0.008734 0.004990
0 0.858918 0.366683 0.008734 0.004990
0 0.906953 0.366683 0.008734 0.004990
0 0.123950 0.611454 0.008734 0.004990
0 0.123950 0.606464 0.008734 0.004990
0 0.123950 0.599335 0.008734 0.004990
0 0.152167 0.611454 0.008734 0.004990
0 0.152167 0.606464 0.008734 0.004990
0 0.152167 0.599335 0.008734 0.004990
0 0.180383 0.611454 0.008734 0.004990
0 0.180383 0.606464 0.008734 0.004990
0 0.180383 0.599335 0.008734 0.004990
0 0.208263 0.611454 0.008734 0.004990
0 0.208263 0.606464 0.008734 0.004990
0 0.208263 0.599335 0.008734 0.004990
0 0.242190 0.611454 0.008734 0.004990
0 0.242190 0.606464 0.008734 0.004990
0 0.242190 0.599335 0.008734 0.004990
0 0.270406 0.611454 0.008734 0.004990
0 0.270406 0.606464 0.008734 0.004990
0 0.270406 0.599335 0.008734 0.004990
0 0.298287 0.611454 0.008734 0.004990
0 0.298287 0.606464 0.008734 0.004990
0 0.298287 0.599335 0.008734 0.004990
0 0.326503 0.611454 0.008734 0.004990
0 0.326503 0.606464 0.008734 0.004990
0 0.326503 0.599335 0.008734 0.004990
0 0.354384 0.611454 0.008734 0.004990
0 0.354384 0.606464 0.008734 0.004990
0 0.354384 0.599335 0.008734 0.004990
0 0.461203 0.608840 0.008734 0.004990
0 0.461203 0.604087 0.008734 0.004990
0 0.461203 0.596721 0.008734 0.004990
0 0.525025 0.611454 0.008734 0.004990
0 0.525025 0.601711 0.008734 0.004990
0 0.516963 0.596721 0.008734 0.004990
0 0.525025 0.594344 0.008734 0.004990
0 0.557272 0.611454 0.008734 0.004990
0 0.557272 0.601711 0.008734 0.004990
0 0.548875 0.596721 0.008734 0.004990
0 0.557272 0.594344 0.008734 0.004990
0 0.589184 0.611454 0.008734 0.004990
0 0.589184 0.601711 0.008734 0.004990
0 0.580786 0.596721 0.008734 0.004990
0 0.589184 0.594344 0.008734 0.004990
0 0.621095 0.611454 0.008734 0.004990
0 0.621095 0.601711 0.008734 0.004990
0 0.613033 0.596721 0.008734 0.004990
0 0.621095 0.594344 0.008734 0.004990
0 0.655022 0.611454 0.008734 0.004990
0 0.655022 0.601711 0.008734 0.004990
0 0.646624 0.596721 0.008734 0.004990
0 0.655022 0.594344 0.008734 0.004990
0 0.686933 0.611454 0.008734 0.004990
0 0.686933 0.601711 0.008734 0.004990
0 0.678871 0.596721 0.008734 0.004990
0 0.686933 0.594344 0.008734 0.004990
0 0.718844 0.611454 0.008734 0.004990
0 0.718844 0.601711 0.008734 0.004990
0 0.710783 0.596721 0.008734 0.004990
0 0.718844 0.594344 0.008734 0.004990
0 0.750756 0.611454 0.008734 0.004990
0 0.750756 0.601711 0.008734 0.004990
0 0.742694 0.596721 0.008734 0.004990
0 0.750756 0.594344 0.008734 0.004990
0 0.782667 0.611454 0.008734 0.004990
0 0.782667 0.601711 0.008734 0.004990
0 0.774605 0.596721 0.008734 0.004990
0 0.782667 0.594344 0.008734 0.004990
0 0.904266 0.606464 0.008734 0.004990
0 0.116896 0.831511 0.008734 0.004990
0 0.164931 0.836502 0.008734 0.004990
0 0.212966 0.841255 0.008734 0.004990
0 0.261001 0.838878 0.008734 0.004990
0 0.308700 0.848622 0.008734 0.004990
0 0.356735 0.826759 0.008734 0.004990
0 0.381256 0.831511 0.008734 0.004990
0 0.406114 0.836502 0.008734 0.004990
0 0.430635 0.831511 0.008734 0.004990
0 0.455156 0.836502 0.008734 0.004990
0 0.479678 0.841255 0.008734 0.004990
0 0.504199 0.836502 0.008734 0.004990
0 0.528720 0.841255 0.008734 0.004990
0 0.553577 0.843869 0.008734 0.004990
0 0.591199 0.841255 0.008734 0.004990
0 0.615049 0.843869 0.008734 0.004990
0 0.638898 0.848622 0.008734 0.004990
0 0.662748 0.843869 0.008734 0.004990
0 0.686597 0.848622 0.008734 0.004990
0 0.710447 0.853375 0.008734 0.004990
0 0.734296 0.855989 0.008734 0.004990
0 0.780988 0.829135 0.008734 0.004990
0 0.780988 0.822006 0.008734 0.004990
0 0.780988 0.817015 0.008734 0.004990
0 0.827679 0.826759 0.008734 0.004990
0 0.827679 0.822006 0.008734 0.004990
0 0.827679 0.814639 0.008734 0.004990
0 0.123950 0.081987 0.008734 0.004990
0 0.158213 0.079373 0.008734 0.004990
0 0.188445 0.076996 0.008734 0.004990
0 0.218005 0.072243 0.008734 0.004990
0 0.236816 0.074620 0.008734 0.004990
0 0.255291 0.076996 0.008734 0.004990
0 0.340275 0.076996 0.008734 0.004990
0 0.393013 0.076996 0.008734 0.004990
0 0.432650 0.076996 0.008734 0.004990
0 0.453141 0.076996 0.008734 0.004990
0 0.473631 0.074620 0.008734 0.004990
0 0.494122 0.072243 0.008734 0.004990
0 0.514612 0.074620 0.008734 0.004990
0 0.534767 0.076996 0.008734 0.004990
0 0.579778 0.084363 0.008734 0.004990
0 0.612697 0.076996 0.008734 0.004990
0 0.662748 0.072243 0.008734 0.004990
0 0.700034 0.069867 0.008734 0.004990
0 0.736312 0.074620 0.008734 0.004990
0 0.772590 0.072243 0.008734 0.004990
0 0.808868 0.076996 0.008734 0.004990
0 0.919046 0.076996 0.008734 0.004990
0 0.114545 0.308935 0.008734 0.004990
0 0.181055 0.313688 0.008734 0.004990
0 0.214982 0.318441 0.008734 0.004990
0 0.248908 0.323432 0.008734 0.004990
0 0.283171 0.318441 0.008734 0.004990
0 0.317098 0.313688 0.008734 0.004990
0 0.351025 0.308935 0.008734 0.004990
0 0.425932 0.323432 0.008734 0.004990
0 0.480349 0.311312 0.008734 0.004990
0 0.556601 0.321055 0.008734 0.004990
0 0.604971 0.311312 0.008734 0.004990
0 0.653342 0.318441 0.008734 0.004990
0 0.701713 0.311312 0.008734 0.004990
0 0.750084 0.316065 0.008734 0.004990
0 0.906953 0.301568 0.008734 0.004990
0 0.123950 0.535646 0.008734 0.004990
0 0.208263 0.535646 0.008734 0.004990
0 0.242190 0.535646 0.008734 0.004990
0 0.298287 0.535646 0.008734 0.004990
0 0.354384 0.535646 0.008734 0.004990
0 0.416191 0.552757 0.008734 0.004990
0 0.461203 0.538023 0.008734 0.004990
0 0.525025 0.540637 0.008734 0.004990
0 0.621095 0.540637 0.008734 0.004990
0 0.655022 0.540637 0.008734 0.004990
0 0.718844 0.540637 0.008734 0.004990
0 0.782667 0.540637 0.008734 0.004990
0 0.853208 0.557510 0.008734 0.004990
0 0.904266 0.540637 0.008734 0.004990
0 0.116896 0.777804 0.008734 0.004990
0 0.164931 0.782557 0.008734 0.004990
0 0.212966 0.787548 0.008734 0.004990
0 0.261001 0.784933 0.008734 0.004990
0 0.308700 0.794677 0.008734 0.004990
