0 0.135035 0.226711 0.010413 0.005941
0 0.167954 0.226711 0.010413 0.005941
0 0.209943 0.235266 0.010413 0.005941
0 0.209943 0.223859 0.010413 0.005941
0 0.243198 0.235266 0.010413 0.005941
0 0.243198 0.223859 0.010413 0.005941
0 0.281491 0.226711 0.010413 0.005941
0 0.281491 0.221245 0.010413 0.005941
0 0.314410 0.226711 0.010413 0.005941
0 0.314410 0.221245 0.010413 0.005941
0 0.347330 0.226711 0.010413 0.005941
0 0.347330 0.221245 0.010413 0.005941
0 0.379913 0.226711 0.010413 0.005941
0 0.379913 0.221245 0.010413 0.005941
0 0.428284 0.279943 0.010413 0.005941
0 0.428284 0.260456 0.010413 0.005941
0 0.463554 0.246435 0.010413 0.005941
0 0.500504 0.243584 0.010413 0.005941
0 0.525361 0.243584 0.010413 0.005941
0 0.555929 0.240732 0.010413 0.005941
0 0.580786 0.232414 0.010413 0.005941
0 0.640914 0.279943 0.010413 0.005941
0 0.640914 0.260456 0.010413 0.005941
0 0.716829 0.260456 0.010413 0.005941
0 0.716829 0.249049 0.010413 0.005941
0 0.754115 0.260456 0.010413 0.005941
0 0.754115 0.249049 0.010413 0.005941
0 0.791401 0.260456 0.010413 0.005941
0 0.791401 0.246435 0.010413 0.005941
0 0.818609 0.260456 0.010413 0.005941
0 0.818609 0.246435 0.010413 0.005941
0 0.846154 0.260456 0.010413 0.005941
0 0.846154 0.243584 0.010413 0.005941
0 0.873698 0.260456 0.010413 0.005941
0 0.873698 0.243584 0.010413 0.005941
0 0.901243 0.260456 0.010413 0.005941
0 0.901243 0.243584 0.010413 0.005941
0 0.928451 0.260456 0.010413 0.005941
0 0.928451 0.243584 0.010413 0.005941
0 0.135035 0.182510 0.010413 0.005941
0 0.135035 0.177044 0.010413 0.005941
0 0.167954 0.182510 0.010413 0.005941
0 0.167954 0.177044 0.010413 0.005941
0 0.209943 0.179658 0.010413 0.005941
0 0.209943 0.174192 0.010413 0.005941
0 0.243198 0.179658 0.010413 0.005941
0 0.243198 0.174192 0.010413 0.005941
0 0.281491 0.179658 0.010413 0.005941
0 0.281491 0.171340 0.010413 0.005941
0 0.314410 0.179658 0.010413 0.005941
0 0.314410 0.171340 0.010413 0.005941
0 0.347330 0.179658 0.010413 0.005941
0 0.347330 0.171340 0.010413 0.005941
0 0.379913 0.179658 0.010413 0.005941
0 0.379913 0.171340 0.010413 0.005941
0 0.428284 0.190827 0.010413 0.005941
0 0.428284 0.177044 0.010413 0.005941
0 0.428284 0.171340 0.010413 0.005941
0 0.463554 0.190827 0.010413 0.005941
0 0.463554 0.179658 0.010413 0.005941
0 0.463554 0.171340 0.010413 0.005941
0 0.500504 0.190827 0.010413 0.005941
0 0.500504 0.182510 0.010413 0.005941
0 0.500504 0.171340 0.010413 0.005941
0 0.540477 0.190827 0.010413 0.005941
0 0.540477 0.171340 0.010413 0.005941
0 0.580786 0.190827 0.010413 0.005941
0 0.580786 0.182510 0.010413 0.005941
0 0.580786 0.171340 0.010413 0.005941
0 0.610682 0.190827 0.010413 0.005941
0 0.610682 0.182510 0.010413 0.005941
0 0.610682 0.171340 0.010413 0.005941
0 0.640914 0.196530 0.010413 0.005941
0 0.640914 0.190827 0.010413 0.005941
0 0.640914 0.185361 0.010413 0.005941
0 0.671145 0.196530 0.010413 0.005941
0 0.671145 0.190827 0.010413 0.005941
0 0.671145 0.185361 0.010413 0.005941
0 0.716829 0.199382 0.010413 0.005941
0 0.716829 0.188213 0.010413 0.005941
0 0.726234 0.185361 0.010413 0.005941
0 0.754115 0.199382 0.010413 0.005941
0 0.754115 0.188213 0.010413 0.005941
0 0.763520 0.185361 0.010413 0.005941
0 0.791401 0.199382 0.010413 0.005941
0 0.791401 0.190827 0.010413 0.005941
0 0.791401 0.185361 0.010413 0.005941
0 0.818609 0.199382 0.010413 0.005941
0 0.818609 0.190827 0.010413 0.005941
0 0.818609 0.185361 0.010413 0.005941
0 0.846154 0.199382 0.010413 0.005941
0 0.846154 0.190827 0.010413 0.005941
0 0.846154 0.185361 0.010413 0.005941
0 0.873698 0.199382 0.010413 0.005941
0 0.873698 0.190827 0.010413 0.005941
0 0.873698 0.185361 0.010413 0.005941
0 0.901243 0.199382 0.010413 0.005941
0 0.901243 0.193679 0.010413 0.005941
0 0.901243 0.185361 0.010413 0.005941
0 0.928451 0.199382 0.010413 0.005941
0 0.928451 0.193679 0.010413 0.005941
0 0.928451 0.185361 0.010413 0.005941
0 0.135035 0.086502 0.010413 0.005941
0 0.167954 0.086502 0.010413 0.005941
0 0.209943 0.083888 0.010413 0.005941
0 0.243198 0.083888 0.010413 0.005941
0 0.281491 0.095057 0.010749 0.005941
0 0.428284 0.081036 0.010413 0.005941
0 0.463554 0.083888 0.010413 0.005941
0 0.500504 0.086502 0.010413 0.005941
0 0.540477 0.095057 0.010413 0.005941
0 0.580786 0.086502 0.010413 0.005941
0 0.640914 0.095057 0.010413 0.005941
0 0.716829 0.092205 0.010413 0.005941
0 0.740007 0.089354 0.010413 0.005941
0 0.768223 0.086502 0.010413 0.005941
0 0.791401 0.095057 0.010749 0.005941
0 0.901243 0.097671 0.010413 0.005941
