0 0.671145 0.437975 0.008734 0.004990
0 0.671145 0.428470 0.008734 0.004990
0 0.815922 0.445105 0.008734 0.004990
0 0.815922 0.435599 0.008734 0.004990
0 0.919718 0.445105 0.008734 0.004990
0 0.919718 0.435599 0.008734 0.004990
0 0.919718 0.428470 0.008734 0.004990
0 0.124622 0.657319 0.008734 0.004990
0 0.124622 0.647814 0.008734 0.004990
0 0.232449 0.657319 0.008734 0.004990
0 0.232449 0.647814 0.008734 0.004990
0 0.152167 0.231464 0.008734 0.004990
0 0.231777 0.214829 0.008734 0.004990
0 0.286866 0.221958 0.008734 0.004990
0 0.375882 0.205561 0.008734 0.004990
0 0.440712 0.214829 0.008734 0.004990
0 0.515620 0.214829 0.008734 0.004990
0 0.568357 0.212452 0.008734 0.004990
0 0.651999 0.229087 0.008734 0.004990
0 0.708767 0.238356 0.008734 0.004990
0 0.784011 0.221958 0.008734 0.004990
0 0.836748 0.229087 0.008734 0.004990
0 0.916023 0.212452 0.008734 0.004990
0 0.136043 0.459125 0.008734 0.004990
0 0.216325 0.442728 0.008734 0.004990
0 0.273094 0.466255 0.008734 0.004990
0 0.360430 0.449620 0.008734 0.004990
0 0.422573 0.459125 0.008734 0.004990
0 0.422573 0.442728 0.008734 0.004990
0 0.497481 0.454373 0.008734 0.004990
0 0.544172 0.454373 0.008734 0.004990
0 0.544172 0.437975 0.008734 0.004990
0 0.619080 0.454373 0.008734 0.004990
0 0.678535 0.430846 0.008734 0.004990
0 0.712462 0.433222 0.008734 0.004990
0 0.754115 0.437975 0.008734 0.004990
0 0.754115 0.433222 0.008734 0.004990
0 0.754115 0.426093 0.008734 0.004990
0 0.815922 0.426093 0.008734 0.004990
0 0.862613 0.428470 0.008734 0.004990
0 0.908969 0.430846 0.008734 0.004990
0 0.132348 0.650190 0.008734 0.004990
0 0.166947 0.652567 0.008734 0.004990
0 0.193147 0.654943 0.008734 0.004990
0 0.219684 0.652567 0.008734 0.004990
0 0.278804 0.666825 0.008734 0.004990
0 0.278804 0.657319 0.008734 0.004990
0 0.278804 0.650190 0.008734 0.004990
0 0.363117 0.666825 0.008734 0.004990
0 0.363117 0.650190 0.008734 0.004990
0 0.427612 0.664449 0.008734 0.004990
0 0.427612 0.647814 0.008734 0.004990
0 0.514276 0.664449 0.008734 0.004990
0 0.564327 0.680846 0.008734 0.004990
0 0.623111 0.664449 0.008734 0.004990
0 0.666443 0.680846 0.008734 0.004990
0 0.731945 0.664449 0.008734 0.004990
0 0.777293 0.680846 0.008734 0.004990
0 0.833389 0.664449 0.008734 0.004990
0 0.880752 0.680846 0.008734 0.004990
0 0.926772 0.664449 0.008734 0.004990
0 0.127309 0.900428 0.008734 0.004990
0 0.186429 0.900428 0.008734 0.004990
0 0.186429 0.883793 0.008734 0.004990
0 0.234800 0.909696 0.008734 0.004990
0 0.234800 0.893298 0.008734 0.004990
0 0.293920 0.900428 0.008734 0.004990
0 0.293920 0.883793 0.008734 0.004990
0 0.342627 0.909696 0.008734 0.004990
0 0.342627 0.893298 0.008734 0.004990
0 0.410144 0.893298 0.008734 0.004990
0 0.456164 0.902804 0.008734 0.004990
0 0.521666 0.893298 0.008734 0.004990
0 0.566342 0.902804 0.008734 0.004990
0 0.637555 0.893298 0.008734 0.004990
0 0.689620 0.902804 0.008734 0.004990
0 0.745381 0.893298 0.008734 0.004990
0 0.791737 0.902804 0.008734 0.004990
0 0.849177 0.893298 0.008734 0.004990
0 0.896540 0.902804 0.008734 0.004990
0 0.815922 0.379990 0.008734 0.004990
0 0.815922 0.375475 0.008734 0.004990
0 0.815922 0.363593 0.008734 0.004990
0 0.919718 0.379990 0.008734 0.004990
0 0.919718 0.375475 0.008734 0.004990
0 0.919718 0.363593 0.008734 0.004990
0 0.124622 0.607890 0.008734 0.004990
0 0.124622 0.593631 0.008734 0.004990
0 0.237151 0.607890 0.008734 0.004990
0 0.229090 0.593631 0.008734 0.004990
0 0.237151 0.591255 0.008734 0.004990
0 0.278804 0.607890 0.008734 0.004990
0 0.278804 0.591255 0.008734 0.004990
0 0.377225 0.605513 0.008734 0.004990
0 0.369164 0.591255 0.008734 0.004990
0 0.377225 0.588878 0.008734 0.004990
0 0.427612 0.605513 0.008734 0.004990
0 0.427612 0.598384 0.008734 0.004990
0 0.427612 0.588878 0.008734 0.004990
0 0.525025 0.605513 0.008734 0.004990
0 0.525025 0.600760 0.008734 0.004990
0 0.525025 0.588878 0.008734 0.004990
0 0.152167 0.155894 0.008734 0.004990
0 0.152167 0.144249 0.008734 0.004990
0 0.152167 0.139496 0.008734 0.004990
0 0.191804 0.158270 0.008734 0.004990
0 0.191804 0.146625 0.008734 0.004990
0 0.191804 0.141873 0.008734 0.004990
0 0.231777 0.160646 0.008734 0.004990
0 0.231777 0.148764 0.008734 0.004990
0 0.231777 0.144249 0.008734 0.004990
0 0.286866 0.163023 0.008734 0.004990
0 0.286866 0.151141 0.008734 0.004990
0 0.286866 0.146625 0.008734 0.004990
0 0.331206 0.160646 0.008734 0.004990
0 0.331206 0.148764 0.008734 0.004990
0 0.331206 0.144249 0.008734 0.004990
0 0.375882 0.158270 0.008734 0.004990
0 0.375882 0.146625 0.008734 0.004990
0 0.375882 0.141873 0.008734 0.004990
0 0.440712 0.160646 0.008734 0.004990
0 0.440712 0.148764 0.008734 0.004990
0 0.440712 0.144249 0.008734 0.004990
0 0.478334 0.163023 0.008734 0.004990
0 0.478334 0.151141 0.008734 0.004990
0 0.478334 0.146625 0.008734 0.004990
0 0.515620 0.165399 0.008734 0.004990
0 0.515620 0.153517 0.008734 0.004990
0 0.515620 0.148764 0.008734 0.004990
0 0.568357 0.170152 0.008734 0.004990
0 0.568357 0.158270 0.008734 0.004990
0 0.568357 0.153517 0.008734 0.004990
0 0.610010 0.167776 0.008734 0.004990
0 0.610010 0.155894 0.008734 0.004990
0 0.610010 0.151141 0.008734 0.004990
0 0.651999 0.165399 0.008734 0.004990
0 0.651999 0.153517 0.008734 0.004990
0 0.651999 0.148764 0.008734 0.004990
0 0.708767 0.163023 0.008734 0.004990
0 0.708767 0.151141 0.008734 0.004990
0 0.708767 0.146625 0.008734 0.004990
0 0.746389 0.165399 0.008734 0.004990
0 0.746389 0.153517 0.008734 0.004990
0 0.746389 0.148764 0.008734 0.004990
0 0.784011 0.167776 0.008734 0.004990
0 0.784011 0.155894 0.008734 0.004990
0 0.784011 0.151141 0.008734 0.004990
0 0.836748 0.170152 0.008734 0.004990
0 0.836748 0.158270 0.008734 0.004990
0 0.836748 0.153517 0.008734 0.004990
0 0.876386 0.172529 0.008734 0.004990
0 0.876386 0.160646 0.008734 0.004990
0 0.876386 0.155894 0.008734 0.004990
0 0.916023 0.174905 0.008734 0.004990
0 0.916023 0.163023 0.008734 0.004990
0 0.916023 0.158270 0.008734 0.004990
0 0.136043 0.389496 0.008734 0.004990
0 0.136043 0.382367 0.008734 0.004990
0 0.136043 0.377614 0.008734 0.004990
0 0.176352 0.391873 0.008734 0.004990
0 0.176352 0.379990 0.008734 0.004990
0 0.176352 0.375475 0.008734 0.004990
0 0.216325 0.389496 0.008734 0.004990
0 0.216325 0.377614 0.008734 0.004990
0 0.216325 0.373099 0.008734 0.004990
0 0.273094 0.384743 0.008734 0.004990
0 0.273094 0.373099 0.008734 0.004990
0 0.273094 0.368346 0.008734 0.004990
0 0.316762 0.382367 0.008734 0.004990
0 0.316762 0.370722 0.008734 0.004990
0 0.316762 0.365970 0.008734 0.004990
0 0.360430 0.379990 0.008734 0.004990
0 0.360430 0.368346 0.008734 0.004990
0 0.360430 0.363593 0.008734 0.004990
0 0.422573 0.377614 0.008734 0.004990
0 0.422573 0.365970 0.008734 0.004990
0 0.422573 0.361217 0.008734 0.004990
0 0.460195 0.379990 0.008734 0.004990
0 0.460195 0.375475 0.008734 0.004990
0 0.460195 0.368346 0.008734 0.004990
0 0.497481 0.377614 0.008734 0.004990
0 0.497481 0.373099 0.008734 0.004990
0 0.497481 0.365970 0.008734 0.004990
0 0.544172 0.373099 0.008734 0.004990
0 0.544172 0.365970 0.008734 0.004990
0 0.544172 0.361217 0.008734 0.004990
0 0.581458 0.379990 0.008734 0.004990
0 0.581458 0.375475 0.008734 0.004990
0 0.581458 0.368346 0.008734 0.004990
0 0.619080 0.377614 0.008734 0.004990
0 0.619080 0.373099 0.008734 0.004990
0 0.619080 0.365970 0.008734 0.004990
0 0.671145 0.377614 0.008734 0.004990
0 0.671145 0.370722 0.008734 0.004990
0 0.678871 0.368346 0.008734 0.004990
0 0.712462 0.377614 0.008734 0.004990
0 0.712462 0.373099 0.008734 0.004990
0 0.712462 0.368346 0.008734 0.004990
0 0.754115 0.377614 0.008734 0.004990
0 0.754115 0.373099 0.008734 0.004990
0 0.754115 0.365970 0.008734 0.004990
0 0.823312 0.365970 0.008734 0.004990
0 0.862613 0.368346 0.008734 0.004990
0 0.908969 0.370722 0.008734 0.004990
0 0.127645 0.600760 0.008734 0.004990
0 0.166947 0.603137 0.008734 0.004990
0 0.193147 0.605513 0.008734 0.004990
0 0.219684 0.603137 0.008734 0.004990
0 0.286194 0.600760 0.008734 0.004990
0 0.286194 0.593631 0.008734 0.004990
0 0.320793 0.600760 0.008734 0.004990
0 0.320793 0.596008 0.008734 0.004990
0 0.359758 0.600760 0.008734 0.004990
0 0.359758 0.596008 0.008734 0.004990
0 0.435002 0.591255 0.008734 0.004990
0 0.466241 0.593631 0.008734 0.004990
0 0.490091 0.596008 0.008734 0.004990
0 0.514276 0.593631 0.008734 0.004990
0 0.564327 0.603137 0.008734 0.004990
0 0.564327 0.598384 0.008734 0.004990
0 0.564327 0.591255 0.008734 0.004990
0 0.564327 0.586502 0.008734 0.004990
0 0.623111 0.605513 0.008734 0.004990
0 0.623111 0.598384 0.008734 0.004990
0 0.623111 0.588878 0.008734 0.004990
0 0.666443 0.607890 0.008734 0.004990
0 0.666443 0.603137 0.008734 0.004990
0 0.666443 0.591255 0.008734 0.004990
0 0.731945 0.615019 0.008734 0.004990
0 0.731945 0.605513 0.008734 0.004990
0 0.731945 0.598384 0.008734 0.004990
0 0.777293 0.615019 0.008734 0.004990
0 0.777293 0.610266 0.008734 0.004990
0 0.777293 0.603137 0.008734 0.004990
0 0.833389 0.617158 0.008734 0.004990
0 0.833389 0.610266 0.008734 0.004990
0 0.833389 0.605513 0.008734 0.004990
0 0.880752 0.619534 0.008734 0.004990
0 0.880752 0.610266 0.008734 0.004990
0 0.888478 0.607890 0.008734 0.004990
0 0.926772 0.617158 0.008734 0.004990
0 0.926772 0.610266 0.008734 0.004990
0 0.926772 0.605513 0.008734 0.004990
0 0.127309 0.839116 0.008734 0.004990
0 0.127309 0.829610 0.008734 0.004990
0 0.135035 0.827234 0.008734 0.004990
0 0.186429 0.836740 0.008734 0.004990
0 0.186429 0.829610 0.008734 0.004990
0 0.186429 0.824857 0.008734 0.004990
0 0.234800 0.839116 0.008734 0.004990
0 0.234800 0.829610 0.008734 0.004990
0 0.242862 0.827234 0.008734 0.004990
0 0.293920 0.836740 0.008734 0.004990
0 0.293920 0.829610 0.008734 0.004990
0 0.293920 0.824857 0.008734 0.004990
0 0.342627 0.839116 0.008734 0.004990
0 0.342627 0.829610 0.008734 0.004990
0 0.350353 0.827234 0.008734 0.004990
0 0.410144 0.839116 0.008734 0.004990
0 0.410144 0.829610 0.008734 0.004990
0 0.410144 0.824857 0.008734 0.004990
0 0.456164 0.836740 0.008734 0.004990
0 0.456164 0.831987 0.008734 0.004990
0 0.456164 0.827234 0.008734 0.004990
0 0.566342 0.836740 0.008734 0.004990
0 0.566342 0.831987 0.008734 0.004990
0 0.566342 0.827234 0.008734 0.004990
0 0.637555 0.815352 0.008734 0.004990
0 0.637555 0.808460 0.008734 0.004990
0 0.637555 0.803707 0.008734 0.004990
0 0.689620 0.815352 0.008734 0.004990
0 0.689620 0.808460 0.008734 0.004990
0 0.689620 0.803707 0.008734 0.004990
0 0.791737 0.815352 0.008734 0.004990
0 0.791737 0.808460 0.008734 0.004990
0 0.791737 0.803707 0.008734 0.004990
0 0.849177 0.815352 0.008734 0.004990
0 0.849177 0.808460 0.008734 0.004990
0 0.849177 0.803707 0.008734 0.004990
0 0.896540 0.815352 0.008734 0.004990
0 0.896540 0.808460 0.008734 0.004990
0 0.896540 0.803707 0.008734 0.004990
0 0.152167 0.063926 0.008734 0.004990
0 0.231777 0.068679 0.008734 0.004990
0 0.286866 0.071055 0.008734 0.004990
0 0.331206 0.068679 0.008734 0.004990
0 0.375882 0.066302 0.008734 0.004990
0 0.440712 0.068679 0.008734 0.004990
0 0.568357 0.078184 0.008734 0.004990
0 0.610010 0.075808 0.008734 0.004990
0 0.651999 0.073432 0.008734 0.004990
0 0.708767 0.071055 0.008734 0.004990
0 0.784011 0.075808 0.008734 0.004990
0 0.836748 0.078184 0.008734 0.004990
0 0.136043 0.281131 0.008734 0.004990
0 0.216325 0.285884 0.008734 0.004990
0 0.273094 0.288023 0.008734 0.004990
0 0.316762 0.285884 0.008734 0.004990
0 0.360430 0.283508 0.008734 0.004990
0 0.422573 0.285884 0.008734 0.004990
0 0.671145 0.292776 0.008734 0.004990
0 0.712462 0.292776 0.008734 0.004990
0 0.754115 0.290399 0.008734 0.004990
0 0.815922 0.288023 0.008734 0.004990
0 0.908969 0.288023 0.008734 0.004990
0 0.124622 0.518298 0.008734 0.004990
0 0.166947 0.518298 0.008734 0.004990
0 0.219684 0.518298 0.008734 0.004990
0 0.278804 0.518298 0.008734 0.004990
0 0.320793 0.520675 0.008734 0.004990
0 0.363117 0.520675 0.008734 0.004990
0 0.427612 0.523051 0.008734 0.004990
0 0.514276 0.525428 0.008734 0.004990
0 0.593886 0.527567 0.008734 0.004990
0 0.623111 0.523051 0.008734 0.004990
0 0.666443 0.515922 0.008734 0.004990
0 0.699362 0.515922 0.008734 0.004990
0 0.731945 0.523051 0.008734 0.004990
0 0.777293 0.527567 0.008734 0.004990
0 0.833389 0.529943 0.008734 0.004990
0 0.880752 0.532319 0.008734 0.004990
0 0.234800 0.737643 0.008734 0.004990
0 0.342627 0.737643 0.008734 0.004990
0 0.376554 0.740019 0.008734 0.004990
0 0.410144 0.742395 0.008734 0.004990
0 0.456164 0.740019 0.008734 0.004990
0 0.489083 0.735266 0.008734 0.004990
0 0.566342 0.735266 0.008734 0.004990
0 0.689620 0.735266 0.008734 0.004990
