0 0.392341 0.295152 0.015452 0.005941
0 0.117568 0.292538 0.010749 0.005941
0 0.240511 0.273289 0.010749 0.005941
0 0.383272 0.275903 0.010749 0.005941
0 0.544844 0.275903 0.010749 0.005941
0 0.699026 0.298004 0.010749 0.005941
0 0.699026 0.278755 0.010749 0.005941
0 0.827679 0.300856 0.010749 0.005941
0 0.827679 0.281369 0.010749 0.005941
0 0.127981 0.600760 0.010749 0.005941
0 0.127981 0.581511 0.010749 0.005941
0 0.268391 0.598146 0.010749 0.005941
0 0.268391 0.578660 0.010749 0.005941
0 0.405106 0.578660 0.010749 0.005941
0 0.549547 0.586977 0.010749 0.005941
0 0.549547 0.567728 0.010749 0.005941
0 0.680887 0.584125 0.010749 0.005941
0 0.838428 0.595295 0.010749 0.005941
0 0.838428 0.576046 0.010749 0.005941
0 0.117568 0.896625 0.010749 0.005941
0 0.271750 0.896625 0.010749 0.005941
0 0.412832 0.893774 0.010749 0.005941
0 0.546859 0.890922 0.010749 0.005941
0 0.690964 0.902091 0.010749 0.005941
0 0.690964 0.882842 0.010749 0.005941
0 0.823648 0.893774 0.010749 0.005941
0 0.117568 0.267586 0.010077 0.005941
0 0.137051 0.262120 0.010077 0.005941
0 0.156869 0.253802 0.010077 0.005941
0 0.176352 0.267586 0.010077 0.005941
0 0.196171 0.262120 0.010077 0.005941
0 0.221028 0.253802 0.010077 0.005941
0 0.240511 0.267586 0.010077 0.005941
0 0.260329 0.262120 0.010077 0.005941
0 0.279812 0.253802 0.010077 0.005941
0 0.299631 0.267586 0.010077 0.005941
0 0.319113 0.262120 0.010077 0.005941
0 0.343635 0.253802 0.010077 0.005941
0 0.387974 0.262120 0.010077 0.005941
0 0.409473 0.253802 0.010077 0.005941
0 0.441048 0.248337 0.010077 0.005941
0 0.462882 0.262120 0.010077 0.005941
0 0.484380 0.253802 0.010077 0.005941
0 0.506214 0.248337 0.010077 0.005941
0 0.544508 0.262120 0.010077 0.005941
0 0.566342 0.253802 0.010077 0.005941
0 0.587840 0.248337 0.010077 0.005941
0 0.609674 0.262120 0.010077 0.005941
0 0.631172 0.253802 0.010077 0.005941
0 0.653006 0.248337 0.010077 0.005941
0 0.699026 0.264971 0.010077 0.005941
0 0.719516 0.253802 0.010077 0.005941
0 0.740007 0.245485 0.010077 0.005941
0 0.760833 0.264971 0.010077 0.005941
0 0.781323 0.253802 0.010077 0.005941
0 0.806853 0.245485 0.010077 0.005941
0 0.827679 0.262120 0.010077 0.005941
0 0.848169 0.253802 0.010077 0.005941
0 0.868660 0.248337 0.010077 0.005941
0 0.889150 0.262120 0.010077 0.005941
0 0.909976 0.253802 0.010077 0.005941
0 0.935506 0.248337 0.010077 0.005941
0 0.127981 0.556559 0.010077 0.005941
0 0.148808 0.551093 0.010077 0.005941
0 0.177696 0.545627 0.010077 0.005941
0 0.198522 0.556559 0.010077 0.005941
0 0.219684 0.551093 0.010077 0.005941
0 0.247565 0.545627 0.010077 0.005941
0 0.268391 0.559411 0.010077 0.005941
0 0.289217 0.553945 0.010077 0.005941
0 0.310044 0.548241 0.010077 0.005941
0 0.331206 0.559411 0.010077 0.005941
0 0.352032 0.553945 0.010077 0.005941
0 0.372859 0.548241 0.010077 0.005941
0 0.405106 0.559411 0.010077 0.005941
0 0.427612 0.553945 0.010077 0.005941
0 0.446758 0.548241 0.010077 0.005941
0 0.466241 0.559411 0.010077 0.005941
0 0.485388 0.553945 0.010077 0.005941
0 0.504871 0.548241 0.010077 0.005941
0 0.549547 0.562262 0.010077 0.005941
0 0.569029 0.556559 0.010077 0.005941
0 0.588176 0.548241 0.010077 0.005941
0 0.607659 0.562262 0.010077 0.005941
0 0.626806 0.556559 0.010077 0.005941
0 0.646288 0.548241 0.010077 0.005941
0 0.680887 0.562262 0.010077 0.005941
0 0.700369 0.556559 0.010077 0.005941
0 0.720188 0.548241 0.010077 0.005941
0 0.765536 0.564876 0.010077 0.005941
0 0.789049 0.559411 0.010077 0.005941
0 0.818609 0.548241 0.010077 0.005941
0 0.838428 0.564876 0.010077 0.005941
0 0.857911 0.556559 0.010077 0.005941
0 0.877393 0.551093 0.010077 0.005941
0 0.897212 0.564876 0.010077 0.005941
0 0.916695 0.556559 0.010077 0.005941
0 0.936513 0.551093 0.010077 0.005941
0 0.117568 0.877139 0.010077 0.005941
0 0.137723 0.871673 0.010077 0.005941
0 0.166947 0.866207 0.010077 0.005941
0 0.187101 0.877139 0.010077 0.005941
0 0.207256 0.871673 0.010077 0.005941
0 0.227410 0.866207 0.010077 0.005941
0 0.271750 0.877139 0.010077 0.005941
0 0.294256 0.871673 0.010077 0.005941
0 0.314410 0.866207 0.010077 0.005941
0 0.334565 0.877139 0.010077 0.005941
0 0.354720 0.871673 0.010077 0.005941
0 0.374874 0.866207 0.010077 0.005941
0 0.412832 0.879990 0.010077 0.005941
0 0.433994 0.874525 0.010077 0.005941
0 0.455156 0.866207 0.010077 0.005941
0 0.476318 0.879990 0.010077 0.005941
0 0.497817 0.874525 0.010077 0.005941
0 0.524353 0.866207 0.010077 0.005941
0 0.546859 0.879990 0.010077 0.005941
0 0.568021 0.874525 0.010077 0.005941
0 0.589184 0.866207 0.010077 0.005941
0 0.610682 0.882842 0.010077 0.005941
0 0.633860 0.877139 0.010077 0.005941
0 0.655022 0.866207 0.010077 0.005941
0 0.690964 0.877139 0.010077 0.005941
0 0.712126 0.866207 0.010077 0.005941
0 0.733289 0.863356 0.010077 0.005941
0 0.754787 0.877139 0.010077 0.005941
0 0.775949 0.866207 0.010077 0.005941
0 0.802486 0.863356 0.010077 0.005941
0 0.823648 0.877139 0.010077 0.005941
0 0.844810 0.868821 0.010077 0.005941
0 0.865972 0.863356 0.010077 0.005941
0 0.887135 0.877139 0.010077 0.005941
0 0.908297 0.868821 0.010077 0.005941
0 0.934834 0.863356 0.010077 0.005941
0 0.412832 0.740732 0.010077 0.005941
0 0.510917 0.729563 0.010077 0.005941
0 0.546859 0.729563 0.010077 0.005941
0 0.610682 0.732414 0.010077 0.005941
0 0.117568 0.127376 0.010077 0.005941
0 0.208263 0.127376 0.010077 0.005941
0 0.240511 0.121673 0.010077 0.005941
0 0.331542 0.121673 0.010077 0.005941
0 0.387974 0.121673 0.010077 0.005941
0 0.425260 0.121673 0.010077 0.005941
0 0.462882 0.116207 0.010077 0.005941
0 0.518307 0.119059 0.010077 0.005941
0 0.544508 0.119059 0.010077 0.005941
0 0.609674 0.121673 0.010077 0.005941
0 0.699026 0.119059 0.010077 0.005941
0 0.794088 0.119059 0.010077 0.005941
0 0.827679 0.121673 0.010077 0.005941
0 0.922741 0.121673 0.010077 0.005941
0 0.127981 0.437738 0.010077 0.005941
0 0.164259 0.437738 0.010077 0.005941
0 0.198522 0.440589 0.010077 0.005941
0 0.232449 0.443441 0.010077 0.005941
0 0.268391 0.440589 0.010077 0.005941
0 0.466241 0.440589 0.010077 0.005941
0 0.516963 0.437738 0.010077 0.005941
0 0.549547 0.435124 0.010077 0.005941
0 0.607659 0.429658 0.010077 0.005941
0 0.680887 0.435124 0.010077 0.005941
0 0.732281 0.435124 0.010077 0.005941
0 0.765536 0.437738 0.010077 0.005941
0 0.803158 0.446055 0.010077 0.005941
0 0.838428 0.443441 0.010077 0.005941
0 0.117568 0.740732 0.010077 0.005941
0 0.152503 0.740732 0.010077 0.005941
0 0.187101 0.743346 0.010077 0.005941
0 0.239839 0.740732 0.010077 0.005941
0 0.271750 0.735029 0.010077 0.005941
0 0.334565 0.737880 0.010077 0.005941
0 0.412832 0.740732 0.010077 0.005941
0 0.510917 0.729563 0.010077 0.005941
0 0.546859 0.729563 0.010077 0.005941
0 0.610682 0.732414 0.010077 0.005941
0 0.690964 0.721245 0.010077 0.005941
0 0.789049 0.740732 0.010077 0.005941
0 0.823648 0.743346 0.010077 0.005941
0 0.921733 0.732414 0.010077 0.005941
