0 0.318441 0.281369 0.009405 0.005703
0 0.337588 0.271150 0.009405 0.005703
0 0.357071 0.258080 0.009405 0.005703
0 0.447094 0.281369 0.009405 0.005703
0 0.465905 0.271150 0.009405 0.005703
0 0.484716 0.258080 0.009405 0.005703
0 0.522338 0.255466 0.009405 0.005703
0 0.577763 0.281369 0.009405 0.005703
0 0.596574 0.271150 0.009405 0.005703
0 0.615385 0.258080 0.009405 0.005703
0 0.653342 0.255466 0.009405 0.005703
0 0.708431 0.281369 0.009405 0.005703
0 0.727914 0.271150 0.009405 0.005703
0 0.747061 0.258080 0.009405 0.005703
0 0.842795 0.278992 0.009405 0.005703
0 0.861606 0.268536 0.009405 0.005703
0 0.880417 0.255466 0.009405 0.005703
0 0.125630 0.483840 0.009405 0.005703
0 0.143097 0.473384 0.009405 0.005703
0 0.160228 0.460551 0.009405 0.005703
0 0.244877 0.473384 0.009405 0.005703
0 0.262009 0.468156 0.009405 0.005703
0 0.279476 0.462928 0.009405 0.005703
0 0.359422 0.473384 0.009405 0.005703
0 0.376889 0.462928 0.009405 0.005703
0 0.394357 0.455323 0.009405 0.005703
0 0.411824 0.450095 0.009405 0.005703
0 0.467921 0.473384 0.009405 0.005703
0 0.485388 0.462928 0.009405 0.005703
0 0.502855 0.455323 0.009405 0.005703
0 0.520322 0.450095 0.009405 0.005703
0 0.578771 0.475998 0.009405 0.005703
0 0.596910 0.462928 0.009405 0.005703
0 0.618072 0.457937 0.009405 0.005703
0 0.636211 0.452709 0.009405 0.005703
0 0.698018 0.478612 0.009405 0.005703
0 0.715485 0.462928 0.009405 0.005703
0 0.733289 0.460551 0.009405 0.005703
0 0.757810 0.455323 0.009405 0.005703
0 0.820289 0.478612 0.009405 0.005703
0 0.839772 0.468156 0.009405 0.005703
0 0.858918 0.460551 0.009405 0.005703
0 0.883776 0.455323 0.009405 0.005703
0 0.135707 0.696530 0.009405 0.005703
0 0.167618 0.686074 0.009405 0.005703
0 0.199866 0.678232 0.009405 0.005703
0 0.252603 0.696530 0.009405 0.005703
0 0.284515 0.686074 0.009405 0.005703
0 0.316426 0.678232 0.009405 0.005703
0 0.369164 0.696530 0.009405 0.005703
0 0.401075 0.686074 0.009405 0.005703
0 0.432986 0.678232 0.009405 0.005703
0 0.489419 0.706749 0.009405 0.005703
0 0.521666 0.688688 0.009405 0.005703
0 0.553577 0.678232 0.009405 0.005703
0 0.613705 0.693916 0.009405 0.005703
0 0.645952 0.683460 0.009405 0.005703
0 0.678200 0.670627 0.009405 0.005703
0 0.731273 0.693916 0.009405 0.005703
0 0.763184 0.683460 0.009405 0.005703
0 0.795432 0.670627 0.009405 0.005703
0 0.851864 0.699144 0.009405 0.005703
0 0.883776 0.680846 0.009405 0.005703
0 0.915687 0.670627 0.009405 0.005703
0 0.135707 0.906606 0.009405 0.005703
0 0.168290 0.888546 0.009405 0.005703
0 0.200537 0.878089 0.009405 0.005703
0 0.253611 0.911835 0.009405 0.005703
0 0.285858 0.893774 0.009405 0.005703
0 0.318441 0.878089 0.009405 0.005703
0 0.374202 0.911835 0.009405 0.005703
0 0.406785 0.893774 0.009405 0.005703
0 0.439033 0.883317 0.009405 0.005703
0 0.496137 0.911835 0.009405 0.005703
0 0.528384 0.893774 0.009405 0.005703
0 0.560632 0.888546 0.009405 0.005703
0 0.615385 0.909221 0.009405 0.005703
0 0.647632 0.891160 0.009405 0.005703
0 0.679879 0.885932 0.009405 0.005703
0 0.732953 0.901616 0.009405 0.005703
0 0.765536 0.891160 0.009405 0.005703
0 0.797783 0.883317 0.009405 0.005703
0 0.850857 0.903992 0.009405 0.005703
0 0.883104 0.891160 0.009405 0.005703
0 0.915687 0.883317 0.009405 0.005703
0 0.376218 0.226949 0.009405 0.005703
0 0.395364 0.219344 0.009405 0.005703
0 0.414847 0.208888 0.009405 0.005703
0 0.503527 0.226949 0.009405 0.005703
0 0.522338 0.216730 0.009405 0.005703
0 0.541149 0.208888 0.009405 0.005703
0 0.634195 0.226949 0.009405 0.005703
0 0.653342 0.216730 0.009405 0.005703
0 0.672153 0.208888 0.009405 0.005703
0 0.766544 0.226949 0.009405 0.005703
0 0.785690 0.219344 0.009405 0.005703
0 0.805173 0.208888 0.009405 0.005703
0 0.899227 0.219344 0.009405 0.005703
0 0.918038 0.206274 0.009405 0.005703
0 0.936849 0.201046 0.009405 0.005703
0 0.177696 0.429420 0.009405 0.005703
0 0.195163 0.416350 0.009405 0.005703
0 0.212294 0.411122 0.009405 0.005703
0 0.296943 0.429420 0.009405 0.005703
0 0.314075 0.424192 0.009405 0.005703
0 0.331542 0.418964 0.009405 0.005703
0 0.429291 0.418964 0.009405 0.005703
0 0.429291 0.405894 0.009405 0.005703
0 0.467921 0.405894 0.010077 0.005703
0 0.467921 0.400665 0.010077 0.005703
0 0.537790 0.418964 0.009405 0.005703
0 0.537790 0.405894 0.009405 0.005703
0 0.578771 0.408508 0.010077 0.005703
0 0.578771 0.400665 0.010077 0.005703
0 0.654686 0.418964 0.009405 0.005703
0 0.654686 0.405894 0.009405 0.005703
0 0.698018 0.411122 0.010077 0.005703
0 0.698018 0.400665 0.010077 0.005703
0 0.775613 0.437025 0.009405 0.005703
0 0.775613 0.424192 0.009405 0.005703
0 0.820289 0.429420 0.010077 0.005703
0 0.820289 0.418964 0.010077 0.005703
0 0.903258 0.437025 0.009405 0.005703
0 0.903258 0.424192 0.009405 0.005703
0 0.151831 0.641873 0.009405 0.005703
0 0.151831 0.629040 0.009405 0.005703
0 0.183742 0.644487 0.009405 0.005703
0 0.183742 0.631654 0.009405 0.005703
0 0.215653 0.647101 0.009405 0.005703
0 0.215653 0.634268 0.009405 0.005703
0 0.268391 0.641873 0.009405 0.005703
0 0.268391 0.629040 0.009405 0.005703
0 0.300302 0.644487 0.009405 0.005703
0 0.300302 0.631654 0.009405 0.005703
0 0.332550 0.647101 0.009405 0.005703
0 0.332550 0.634268 0.009405 0.005703
0 0.385287 0.629040 0.009405 0.005703
0 0.385287 0.623812 0.009405 0.005703
0 0.417199 0.631654 0.009405 0.005703
0 0.417199 0.626426 0.009405 0.005703
0 0.449110 0.634268 0.009405 0.005703
0 0.449110 0.629040 0.009405 0.005703
0 0.505542 0.634268 0.009405 0.005703
0 0.505542 0.621198 0.009405 0.005703
0 0.537454 0.636882 0.009405 0.005703
0 0.537454 0.623812 0.009405 0.005703
0 0.569365 0.639496 0.009405 0.005703
0 0.569365 0.626426 0.009405 0.005703
0 0.629829 0.626426 0.009405 0.005703
0 0.629829 0.621198 0.009405 0.005703
0 0.662076 0.629040 0.009405 0.005703
0 0.662076 0.623812 0.009405 0.005703
0 0.694659 0.631654 0.009405 0.005703
0 0.694659 0.626426 0.009405 0.005703
0 0.747397 0.626426 0.009405 0.005703
0 0.747397 0.621198 0.009405 0.005703
0 0.779308 0.629040 0.009405 0.005703
0 0.779308 0.623812 0.009405 0.005703
0 0.811219 0.631654 0.009405 0.005703
0 0.811219 0.626426 0.009405 0.005703
0 0.867988 0.626426 0.009405 0.005703
0 0.867988 0.613356 0.009405 0.005703
0 0.899899 0.629040 0.009405 0.005703
0 0.899899 0.615970 0.009405 0.005703
0 0.931811 0.631654 0.009405 0.005703
0 0.931811 0.618584 0.009405 0.005703
0 0.152167 0.833888 0.009405 0.005703
0 0.152167 0.820817 0.009405 0.005703
0 0.184414 0.836502 0.009405 0.005703
0 0.184414 0.823432 0.009405 0.005703
0 0.216661 0.839116 0.009405 0.005703
0 0.216661 0.826046 0.009405 0.005703
0 0.269735 0.833888 0.009405 0.005703
0 0.269735 0.820817 0.009405 0.005703
0 0.302318 0.836502 0.009405 0.005703
0 0.302318 0.823432 0.009405 0.005703
0 0.334565 0.839116 0.009405 0.005703
0 0.334565 0.826046 0.009405 0.005703
0 0.390662 0.841730 0.009405 0.005703
0 0.390662 0.828660 0.009405 0.005703
0 0.422909 0.844344 0.009405 0.005703
0 0.422909 0.831274 0.009405 0.005703
0 0.455492 0.846958 0.009405 0.005703
0 0.455492 0.833888 0.009405 0.005703
0 0.512261 0.844344 0.009405 0.005703
0 0.512261 0.836502 0.009405 0.005703
0 0.544508 0.854563 0.009405 0.005703
0 0.544508 0.844344 0.009405 0.005703
0 0.577091 0.851949 0.009405 0.005703
0 0.577091 0.839116 0.009405 0.005703
0 0.631508 0.854563 0.009405 0.005703
0 0.631508 0.841730 0.009405 0.005703
0 0.663755 0.854563 0.009405 0.005703
0 0.663755 0.841730 0.009405 0.005703
0 0.696339 0.841730 0.009405 0.005703
0 0.696339 0.836502 0.009405 0.005703
0 0.749076 0.846958 0.009405 0.005703
0 0.749076 0.833888 0.009405 0.005703
0 0.781659 0.851949 0.009405 0.005703
0 0.781659 0.839116 0.009405 0.005703
0 0.813907 0.849572 0.009405 0.005703
0 0.813907 0.836502 0.009405 0.005703
0 0.866980 0.846958 0.009405 0.005703
0 0.866980 0.833888 0.009405 0.005703
0 0.899563 0.851949 0.009405 0.005703
0 0.899563 0.839116 0.009405 0.005703
0 0.931811 0.849572 0.009405 0.005703
0 0.931811 0.836502 0.009405 0.005703
0 0.266711 0.144011 0.009405 0.005703
0 0.318441 0.144011 0.009405 0.005703
0 0.357071 0.133555 0.009405 0.005703
0 0.395364 0.125951 0.009405 0.005703
0 0.447094 0.133555 0.009405 0.005703
0 0.484716 0.133555 0.009405 0.005703
0 0.522338 0.123337 0.009405 0.005703
0 0.578099 0.133555 0.010077 0.005703
0 0.653342 0.123337 0.009405 0.005703
0 0.708767 0.133555 0.010077 0.005703
0 0.785690 0.125951 0.009405 0.005703
0 0.843131 0.125951 0.010077 0.005703
0 0.918038 0.125951 0.009405 0.005703
0 0.125630 0.333413 0.009405 0.005703
0 0.160228 0.336027 0.009405 0.005703
0 0.195163 0.341017 0.009405 0.005703
0 0.244877 0.343631 0.010077 0.005703
0 0.314075 0.343631 0.009405 0.005703
0 0.903258 0.348859 0.009405 0.005703
0 0.135707 0.553707 0.009405 0.005703
0 0.167618 0.556321 0.009405 0.005703
0 0.199866 0.558935 0.009405 0.005703
0 0.252603 0.553707 0.009405 0.005703
0 0.284515 0.556321 0.009405 0.005703
0 0.316426 0.558935 0.009405 0.005703
0 0.369164 0.548717 0.009405 0.005703
0 0.401075 0.551093 0.009405 0.005703
0 0.432986 0.553707 0.009405 0.005703
0 0.489755 0.546103 0.010077 0.005703
0 0.553577 0.551093 0.009405 0.005703
0 0.613705 0.546103 0.009405 0.005703
0 0.645952 0.548717 0.009405 0.005703
0 0.678200 0.551093 0.009405 0.005703
0 0.731273 0.546103 0.009405 0.005703
0 0.763184 0.548717 0.009405 0.005703
0 0.795432 0.551093 0.009405 0.005703
0 0.851864 0.538260 0.010077 0.005703
0 0.200537 0.750951 0.009405 0.005703
0 0.253611 0.745722 0.009405 0.005703
0 0.285858 0.748337 0.009405 0.005703
0 0.318441 0.750951 0.009405 0.005703
0 0.374202 0.753565 0.009405 0.005703
0 0.406785 0.756179 0.009405 0.005703
0 0.439033 0.758793 0.009405 0.005703
0 0.496137 0.761169 0.010077 0.005703
0 0.560632 0.763783 0.009405 0.005703
0 0.615385 0.766397 0.010077 0.005703
0 0.679879 0.761169 0.009405 0.005703
0 0.732953 0.758793 0.009405 0.005703
0 0.765536 0.763783 0.009405 0.005703
0 0.797783 0.761169 0.009405 0.005703
0 0.850857 0.758793 0.009405 0.005703
0 0.883104 0.763783 0.009405 0.005703
0 0.915687 0.761169 0.009405 0.005703
