0 0.148808 0.219582 0.008062 0.004515
0 0.328183 0.228137 0.008062 0.004515
0 0.493786 0.221721 0.008062 0.004515
0 0.650319 0.236692 0.007726 0.004515
0 0.720860 0.236692 0.007726 0.004515
0 0.812899 0.223859 0.008062 0.004515
0 0.117904 0.416112 0.008062 0.004515
0 0.320793 0.418251 0.007726 0.004515
0 0.390998 0.418251 0.007726 0.004515
0 0.470608 0.420152 0.007726 0.004515
0 0.540477 0.420152 0.007726 0.004515
0 0.624118 0.426568 0.007726 0.004515
0 0.703729 0.422291 0.007726 0.004515
0 0.703729 0.418251 0.007726 0.004515
0 0.703729 0.409696 0.007726 0.004515
0 0.796103 0.437262 0.007726 0.004515
0 0.796103 0.422291 0.007726 0.004515
0 0.875714 0.422291 0.007726 0.004515
0 0.875714 0.416112 0.007726 0.004515
0 0.875714 0.411835 0.007726 0.004515
0 0.119583 0.627376 0.007726 0.004515
0 0.119583 0.612405 0.007726 0.004515
0 0.207927 0.612405 0.007726 0.004515
0 0.207927 0.603850 0.007726 0.004515
0 0.207927 0.599572 0.007726 0.004515
0 0.305341 0.627376 0.007726 0.004515
0 0.305341 0.612405 0.007726 0.004515
0 0.384951 0.612405 0.007726 0.004515
0 0.384951 0.605989 0.007726 0.004515
0 0.384951 0.601711 0.007726 0.004515
0 0.485052 0.627376 0.007726 0.004515
0 0.485052 0.612405 0.007726 0.004515
0 0.560967 0.612405 0.007726 0.004515
0 0.560967 0.603850 0.007726 0.004515
0 0.560967 0.599572 0.007726 0.004515
0 0.645952 0.627376 0.007726 0.004515
0 0.645952 0.612405 0.007726 0.004515
0 0.723211 0.612405 0.007726 0.004515
0 0.723211 0.605989 0.007726 0.004515
0 0.723211 0.601711 0.007726 0.004515
0 0.817266 0.629515 0.007726 0.004515
0 0.817266 0.614544 0.007726 0.004515
0 0.895868 0.614544 0.007726 0.004515
0 0.895868 0.608127 0.007726 0.004515
0 0.895868 0.599572 0.007726 0.004515
0 0.124622 0.823907 0.007726 0.004515
0 0.155190 0.819629 0.007726 0.004515
0 0.185422 0.815352 0.007726 0.004515
0 0.215989 0.808935 0.007726 0.004515
0 0.246221 0.804895 0.007726 0.004515
0 0.276789 0.800618 0.007726 0.004515
0 0.314075 0.794202 0.007726 0.004515
0 0.340611 0.789924 0.007726 0.004515
0 0.367148 0.785646 0.007726 0.004515
0 0.393685 0.779230 0.007726 0.004515
0 0.483373 0.811074 0.007726 0.004515
0 0.483373 0.796340 0.007726 0.004515
0 0.633188 0.819629 0.007726 0.004515
0 0.633188 0.804895 0.007726 0.004515
0 0.788713 0.813213 0.007726 0.004515
0 0.813571 0.804895 0.007726 0.004515
0 0.838428 0.798479 0.007726 0.004515
0 0.872019 0.794202 0.007726 0.004515
0 0.896876 0.798479 0.007726 0.004515
0 0.921733 0.804895 0.007726 0.004515
0 0.148808 0.185124 0.007726 0.004515
0 0.171985 0.176568 0.007726 0.004515
0 0.195499 0.180846 0.007726 0.004515
0 0.226738 0.170152 0.007726 0.004515
0 0.249916 0.176568 0.007726 0.004515
0 0.283843 0.180846 0.007726 0.004515
0 0.328183 0.185124 0.007726 0.004515
0 0.350689 0.178707 0.007726 0.004515
0 0.383272 0.182985 0.007726 0.004515
0 0.405778 0.170152 0.007726 0.004515
0 0.428284 0.178707 0.007726 0.004515
0 0.450789 0.182985 0.007726 0.004515
0 0.493786 0.185124 0.007726 0.004515
0 0.517299 0.178707 0.007726 0.004515
0 0.540813 0.182985 0.007726 0.004515
0 0.564662 0.170152 0.007726 0.004515
0 0.588176 0.178707 0.007726 0.004515
0 0.617400 0.182985 0.007726 0.004515
0 0.650319 0.187025 0.007726 0.004515
0 0.673833 0.176568 0.007726 0.004515
0 0.697346 0.182985 0.007726 0.004515
0 0.720860 0.172291 0.007726 0.004515
0 0.744374 0.176568 0.007726 0.004515
0 0.773933 0.182985 0.007726 0.004515
0 0.835405 0.185124 0.007726 0.004515
0 0.858247 0.182985 0.007726 0.004515
0 0.881088 0.174430 0.007726 0.004515
0 0.903930 0.182985 0.007726 0.004515
0 0.932146 0.185124 0.007726 0.004515
0 0.145113 0.375000 0.007726 0.004515
0 0.184750 0.370722 0.007726 0.004515
0 0.227410 0.364306 0.007726 0.004515
0 0.254955 0.370722 0.007726 0.004515
0 0.282163 0.375000 0.007726 0.004515
0 0.344306 0.377139 0.007726 0.004515
0 0.367484 0.368584 0.007726 0.004515
0 0.367484 0.364306 0.007726 0.004515
0 0.414511 0.377139 0.007726 0.004515
0 0.437689 0.368584 0.007726 0.004515
0 0.437689 0.364306 0.007726 0.004515
0 0.493786 0.375000 0.007726 0.004515
0 0.517299 0.368584 0.007726 0.004515
0 0.517299 0.364306 0.007726 0.004515
0 0.563991 0.372861 0.007726 0.004515
0 0.587168 0.368584 0.007726 0.004515
0 0.587168 0.364306 0.007726 0.004515
0 0.624118 0.372861 0.007726 0.004515
0 0.648640 0.364306 0.007726 0.004515
0 0.679207 0.372861 0.007726 0.004515
0 0.703729 0.362167 0.007726 0.004515
0 0.728250 0.364306 0.007726 0.004515
0 0.758818 0.372861 0.007726 0.004515
0 0.796103 0.377139 0.007726 0.004515
0 0.820625 0.366445 0.007726 0.004515
0 0.851192 0.370722 0.007726 0.004515
0 0.875714 0.362167 0.007726 0.004515
0 0.899899 0.366445 0.007726 0.004515
0 0.930467 0.370722 0.007726 0.004515
0 0.119583 0.567253 0.007726 0.004515
0 0.143097 0.554420 0.007726 0.004515
0 0.176688 0.562975 0.007726 0.004515
0 0.207927 0.552281 0.007726 0.004515
0 0.231105 0.554420 0.007726 0.004515
0 0.265032 0.562975 0.007726 0.004515
0 0.305341 0.567253 0.007726 0.004515
0 0.328183 0.556559 0.007726 0.004515
0 0.361774 0.560837 0.007726 0.004515
0 0.384951 0.552281 0.007726 0.004515
0 0.415519 0.556559 0.007726 0.004515
0 0.449110 0.560837 0.007726 0.004515
0 0.485052 0.567253 0.007726 0.004515
0 0.508566 0.554420 0.007726 0.004515
0 0.537454 0.562975 0.007726 0.004515
0 0.560967 0.552281 0.007726 0.004515
0 0.584145 0.554420 0.007726 0.004515
0 0.613369 0.562975 0.007726 0.004515
0 0.645952 0.567253 0.007726 0.004515
0 0.668458 0.556559 0.007726 0.004515
0 0.700705 0.560837 0.007726 0.004515
0 0.723211 0.552281 0.007726 0.004515
0 0.753107 0.556559 0.007726 0.004515
0 0.785354 0.560837 0.007726 0.004515
0 0.817266 0.565114 0.007726 0.004515
0 0.841451 0.558698 0.007726 0.004515
0 0.871683 0.562975 0.007726 0.004515
0 0.895868 0.552281 0.007726 0.004515
0 0.124622 0.752852 0.007726 0.004515
0 0.124622 0.746435 0.007726 0.004515
0 0.124622 0.742158 0.007726 0.004515
0 0.215989 0.761407 0.007726 0.004515
0 0.246221 0.757129 0.007726 0.004515
0 0.276789 0.752852 0.007726 0.004515
0 0.314075 0.746435 0.007726 0.004515
0 0.340611 0.742158 0.007726 0.004515
0 0.367148 0.737880 0.007726 0.004515
0 0.393685 0.731702 0.007726 0.004515
0 0.483373 0.744297 0.007726 0.004515
0 0.483373 0.740019 0.007726 0.004515
0 0.475983 0.735741 0.007726 0.004515
0 0.483373 0.733840 0.007726 0.004515
0 0.483373 0.729563 0.007726 0.004515
0 0.633188 0.748574 0.007726 0.004515
0 0.633188 0.744297 0.007726 0.004515
0 0.640242 0.742158 0.007726 0.004515
0 0.633188 0.737880 0.007726 0.004515
0 0.788713 0.750713 0.007726 0.004515
0 0.788713 0.746435 0.007726 0.004515
0 0.788713 0.742158 0.007726 0.004515
0 0.788713 0.735741 0.007726 0.004515
0 0.849849 0.731702 0.007726 0.004515
0 0.872019 0.731702 0.007726 0.004515
0 0.932818 0.727424 0.007726 0.004515
0 0.148808 0.114306 0.007726 0.004515
0 0.121263 0.114306 0.005375 0.003089
0 0.132684 0.112167 0.005375 0.003089
0 0.205912 0.116445 0.007726 0.004515
0 0.226738 0.114306 0.007726 0.004515
0 0.266711 0.114306 0.007726 0.004515
0 0.328183 0.114306 0.007726 0.004515
0 0.366812 0.112167 0.007726 0.004515
0 0.405778 0.110029 0.007726 0.004515
0 0.460867 0.107890 0.007726 0.004515
0 0.493786 0.107890 0.007726 0.004515
0 0.602620 0.105751 0.007726 0.004515
0 0.650655 0.116445 0.008062 0.004515
0 0.812899 0.118584 0.007726 0.004515
0 0.881088 0.120722 0.007726 0.004515
0 0.918038 0.118584 0.007726 0.004515
0 0.117568 0.308935 0.007726 0.004515
0 0.164931 0.308935 0.007726 0.004515
0 0.227410 0.306797 0.007726 0.004515
0 0.254955 0.304658 0.007726 0.004515
0 0.282163 0.302519 0.007726 0.004515
0 0.321129 0.300618 0.008062 0.004515
0 0.470608 0.300618 0.008062 0.004515
0 0.624118 0.298479 0.007726 0.004515
0 0.743366 0.300618 0.007726 0.004515
0 0.796103 0.302519 0.007726 0.004515
0 0.915351 0.313213 0.007726 0.004515
0 0.119583 0.501188 0.007726 0.004515
0 0.187437 0.503327 0.007726 0.004515
0 0.207927 0.501188 0.007726 0.004515
0 0.275445 0.499049 0.007726 0.004515
0 0.305341 0.503327 0.007726 0.004515
0 0.384951 0.503327 0.007726 0.004515
0 0.432314 0.499049 0.007726 0.004515
0 0.485052 0.490494 0.007726 0.004515
0 0.598925 0.494772 0.007726 0.004515
0 0.645952 0.492633 0.007726 0.004515
0 0.723211 0.492633 0.007726 0.004515
0 0.769231 0.499049 0.007726 0.004515
0 0.817266 0.496911 0.007726 0.004515
0 0.856567 0.494772 0.007726 0.004515
0 0.895868 0.492633 0.007726 0.004515
0 0.925428 0.490494 0.007726 0.004515
0 0.124622 0.678470 0.008062 0.004515
0 0.314075 0.678470 0.007726 0.004515
0 0.393685 0.678470 0.007726 0.004515
0 0.542157 0.680608 0.007726 0.004515
0 0.594558 0.678470 0.007726 0.004515
0 0.633188 0.676331 0.007726 0.004515
0 0.667450 0.678470 0.007726 0.004515
0 0.736312 0.678470 0.007726 0.004515
0 0.757810 0.680608 0.007726 0.004515
0 0.788713 0.682747 0.008062 0.004515
