0 0.105475 0.180133 0.008734 0.004990
0 0.105475 0.175380 0.008734 0.004990
0 0.143097 0.196768 0.008734 0.004990
0 0.248236 0.184886 0.008734 0.004990
0 0.248236 0.173241 0.008734 0.004990
0 0.278132 0.180133 0.008734 0.004990
0 0.278132 0.170865 0.008734 0.004990
0 0.350689 0.180133 0.008734 0.004990
0 0.350689 0.170865 0.008734 0.004990
0 0.383608 0.173241 0.008734 0.004990
0 0.383608 0.168489 0.008734 0.004990
0 0.449782 0.189639 0.008734 0.004990
0 0.483037 0.187262 0.008734 0.004990
0 0.483037 0.170865 0.008734 0.004990
0 0.525697 0.196768 0.008734 0.004990
0 0.666779 0.189639 0.008734 0.004990
0 0.666779 0.177757 0.008734 0.004990
0 0.696339 0.184886 0.008734 0.004990
0 0.696339 0.175380 0.008734 0.004990
0 0.767551 0.194392 0.008734 0.004990
0 0.767551 0.184886 0.008734 0.004990
0 0.767551 0.177757 0.008734 0.004990
0 0.862949 0.184886 0.008734 0.004990
0 0.862949 0.175380 0.008734 0.004990
0 0.134028 0.350760 0.008734 0.004990
0 0.155526 0.365019 0.008734 0.004990
0 0.177024 0.374525 0.008734 0.004990
0 0.198522 0.350760 0.008734 0.004990
0 0.220020 0.365019 0.008734 0.004990
0 0.241182 0.374525 0.008734 0.004990
0 0.268055 0.350760 0.008734 0.004990
0 0.289553 0.365019 0.008734 0.004990
0 0.311051 0.374525 0.008734 0.004990
0 0.344306 0.350760 0.008734 0.004990
0 0.364125 0.365019 0.008734 0.004990
0 0.383944 0.374525 0.008734 0.004990
0 0.404098 0.353137 0.008734 0.004990
0 0.423917 0.365019 0.008734 0.004990
0 0.443735 0.374525 0.008734 0.004990
0 0.463890 0.353137 0.008734 0.004990
0 0.483708 0.365019 0.008734 0.004990
0 0.503527 0.374525 0.008734 0.004990
0 0.542157 0.350760 0.008734 0.004990
0 0.563655 0.362643 0.008734 0.004990
0 0.584817 0.374525 0.008734 0.004990
0 0.605979 0.350760 0.008734 0.004990
0 0.627477 0.362643 0.008734 0.004990
0 0.648640 0.374525 0.008734 0.004990
0 0.669802 0.350760 0.008734 0.004990
0 0.690964 0.362643 0.008734 0.004990
0 0.712462 0.374525 0.008734 0.004990
0 0.758482 0.355513 0.008734 0.004990
0 0.780316 0.365019 0.008734 0.004990
0 0.802486 0.374525 0.008734 0.004990
0 0.824320 0.360266 0.008734 0.004990
0 0.846154 0.365019 0.008734 0.004990
0 0.867988 0.374525 0.008734 0.004990
0 0.889822 0.357890 0.008734 0.004990
0 0.911656 0.365019 0.008734 0.004990
0 0.933826 0.374525 0.008734 0.004990
0 0.118240 0.549192 0.008734 0.004990
0 0.139066 0.558698 0.008734 0.004990
0 0.159893 0.549192 0.008734 0.004990
0 0.180719 0.534933 0.008734 0.004990
0 0.201881 0.549192 0.008734 0.004990
0 0.222707 0.558698 0.008734 0.004990
0 0.249244 0.534933 0.008734 0.004990
0 0.270406 0.549192 0.008734 0.004990
0 0.291233 0.558698 0.008734 0.004990
0 0.325495 0.537310 0.008734 0.004990
0 0.345314 0.549192 0.008734 0.004990
0 0.365133 0.558698 0.008734 0.004990
0 0.384951 0.537310 0.008734 0.004990
0 0.404770 0.549192 0.008734 0.004990
0 0.424253 0.558698 0.008734 0.004990
0 0.444071 0.546816 0.008734 0.004990
0 0.463890 0.553945 0.008734 0.004990
0 0.483708 0.563213 0.008734 0.004990
0 0.520658 0.542063 0.008734 0.004990
0 0.543836 0.553945 0.008734 0.004990
0 0.567350 0.563213 0.008734 0.004990
0 0.593215 0.544439 0.008734 0.004990
0 0.616392 0.551568 0.008734 0.004990
0 0.639906 0.560837 0.008734 0.004990
0 0.663084 0.544439 0.008734 0.004990
0 0.686597 0.551568 0.008734 0.004990
0 0.709775 0.560837 0.008734 0.004990
0 0.757138 0.537310 0.008734 0.004990
0 0.778636 0.544439 0.008734 0.004990
0 0.800470 0.553945 0.008734 0.004990
0 0.822304 0.537310 0.008734 0.004990
0 0.843802 0.544439 0.008734 0.004990
0 0.865637 0.553945 0.008734 0.004990
0 0.890494 0.544439 0.008734 0.004990
0 0.911992 0.549192 0.008734 0.004990
0 0.933826 0.560837 0.008734 0.004990
0 0.118240 0.718156 0.008734 0.004990
0 0.140410 0.725285 0.008734 0.004990
0 0.162580 0.734553 0.008734 0.004990
0 0.184750 0.713403 0.008734 0.004990
0 0.206920 0.725285 0.008734 0.004990
0 0.229090 0.734553 0.008734 0.004990
0 0.251596 0.718156 0.008734 0.004990
0 0.273766 0.725285 0.008734 0.004990
0 0.295936 0.734553 0.008734 0.004990
0 0.342963 0.725285 0.008734 0.004990
0 0.364461 0.732177 0.008734 0.004990
0 0.385623 0.741683 0.008734 0.004990
0 0.406785 0.725285 0.008734 0.004990
0 0.427948 0.732177 0.008734 0.004990
0 0.449446 0.741683 0.008734 0.004990
0 0.470608 0.725285 0.008734 0.004990
0 0.491770 0.732177 0.008734 0.004990
0 0.512932 0.741683 0.008734 0.004990
0 0.549882 0.725285 0.008734 0.004990
0 0.570373 0.741683 0.008734 0.004990
0 0.590863 0.725285 0.008734 0.004990
0 0.611354 0.734553 0.008734 0.004990
0 0.631508 0.725285 0.008734 0.004990
0 0.651999 0.734553 0.008734 0.004990
0 0.672489 0.725285 0.008734 0.004990
0 0.692980 0.734553 0.008734 0.004990
0 0.713134 0.725285 0.008734 0.004990
0 0.758146 0.713403 0.008734 0.004990
0 0.779644 0.725285 0.008734 0.004990
0 0.800806 0.734553 0.008734 0.004990
0 0.822304 0.711027 0.008734 0.004990
0 0.843467 0.725285 0.008734 0.004990
0 0.864965 0.734553 0.008734 0.004990
0 0.891502 0.711027 0.008734 0.004990
0 0.913000 0.725285 0.008734 0.004990
0 0.934162 0.734553 0.008734 0.004990
0 0.125966 0.878089 0.008734 0.004990
0 0.146456 0.892348 0.008734 0.004990
0 0.166611 0.901854 0.008734 0.004990
0 0.186765 0.875713 0.008734 0.004990
0 0.207256 0.892348 0.008734 0.004990
0 0.227410 0.901854 0.008734 0.004990
0 0.247565 0.880466 0.008734 0.004990
0 0.268055 0.892348 0.008734 0.004990
0 0.288210 0.901854 0.008734 0.004990
0 0.324152 0.878089 0.008734 0.004990
0 0.345986 0.889971 0.008734 0.004990
0 0.367820 0.901854 0.008734 0.004990
0 0.389318 0.878089 0.008734 0.004990
0 0.411152 0.889971 0.008734 0.004990
0 0.432986 0.901854 0.008734 0.004990
0 0.454820 0.878089 0.008734 0.004990
0 0.476318 0.889971 0.008734 0.004990
0 0.498153 0.901854 0.008734 0.004990
0 0.547195 0.878089 0.008734 0.004990
0 0.569029 0.889971 0.008734 0.004990
0 0.590863 0.901854 0.008734 0.004990
0 0.612697 0.882842 0.008734 0.004990
0 0.634531 0.892348 0.008734 0.004990
0 0.656365 0.901854 0.008734 0.004990
0 0.678200 0.885219 0.008734 0.004990
0 0.700034 0.892348 0.008734 0.004990
0 0.721868 0.901854 0.008734 0.004990
0 0.752771 0.892348 0.008734 0.004990
0 0.774605 0.901854 0.008734 0.004990
0 0.796439 0.892348 0.008734 0.004990
0 0.817938 0.878089 0.008734 0.004990
0 0.839772 0.892348 0.008734 0.004990
0 0.861606 0.901854 0.008734 0.004990
0 0.888142 0.878089 0.008734 0.004990
0 0.909976 0.892348 0.008734 0.004990
0 0.931811 0.901854 0.008734 0.004990
0 0.124286 0.138783 0.008734 0.004990
0 0.143097 0.134030 0.008734 0.004990
0 0.161908 0.129278 0.008734 0.004990
0 0.180719 0.122386 0.008734 0.004990
0 0.199194 0.138783 0.008734 0.004990
0 0.199194 0.129278 0.008734 0.004990
0 0.218005 0.131654 0.008734 0.004990
0 0.218005 0.127139 0.008734 0.004990
0 0.278132 0.138783 0.008734 0.004990
0 0.278132 0.129278 0.008734 0.004990
0 0.317434 0.129278 0.008734 0.004990
0 0.317434 0.124762 0.008734 0.004990
0 0.383608 0.131654 0.008734 0.004990
0 0.383608 0.127139 0.008734 0.004990
0 0.416863 0.136407 0.008734 0.004990
0 0.416863 0.131654 0.008734 0.004990
0 0.483037 0.141160 0.008734 0.004990
0 0.483037 0.136407 0.008734 0.004990
0 0.544172 0.145913 0.008734 0.004990
0 0.562983 0.138783 0.008734 0.004990
0 0.581458 0.134030 0.008734 0.004990
0 0.599933 0.129278 0.008734 0.004990
0 0.618408 0.138783 0.008734 0.004990
0 0.618408 0.134030 0.008734 0.004990
0 0.636883 0.131654 0.008734 0.004990
0 0.636883 0.127139 0.008734 0.004990
0 0.696339 0.138783 0.008734 0.004990
0 0.696339 0.134030 0.008734 0.004990
0 0.735640 0.131654 0.008734 0.004990
0 0.735640 0.127139 0.008734 0.004990
0 0.799463 0.136407 0.008734 0.004990
0 0.799463 0.131654 0.008734 0.004990
0 0.831038 0.138783 0.008734 0.004990
0 0.831038 0.134030 0.008734 0.004990
0 0.894861 0.143536 0.008734 0.004990
0 0.894861 0.138783 0.008734 0.004990
0 0.134028 0.321055 0.008734 0.004990
0 0.134028 0.316302 0.008734 0.004990
0 0.134028 0.311549 0.008734 0.004990
0 0.134028 0.304420 0.008734 0.004990
0 0.198186 0.321055 0.009070 0.004990
0 0.198186 0.316302 0.009070 0.004990
0 0.198186 0.311549 0.009070 0.004990
0 0.198186 0.304420 0.009070 0.004990
0 0.344306 0.321055 0.008734 0.004990
0 0.344306 0.313926 0.008734 0.004990
0 0.344306 0.309173 0.008734 0.004990
0 0.344306 0.304420 0.008734 0.004990
0 0.404098 0.321055 0.008734 0.004990
0 0.404098 0.313926 0.008734 0.004990
0 0.404098 0.309173 0.008734 0.004990
0 0.404098 0.304420 0.008734 0.004990
0 0.463890 0.302281 0.008734 0.004990
0 0.463890 0.297529 0.008734 0.004990
0 0.503527 0.304420 0.008734 0.004990
0 0.503527 0.299905 0.008734 0.004990
0 0.542157 0.306797 0.008734 0.004990
0 0.542157 0.302281 0.008734 0.004990
0 0.584817 0.309173 0.008734 0.004990
0 0.584817 0.304420 0.008734 0.004990
0 0.605979 0.311549 0.008734 0.004990
0 0.605979 0.306797 0.008734 0.004990
0 0.648640 0.313926 0.008734 0.004990
0 0.648640 0.309173 0.008734 0.004990
0 0.669802 0.316302 0.008734 0.004990
0 0.669802 0.311549 0.008734 0.004990
0 0.712462 0.318679 0.008734 0.004990
0 0.712462 0.313926 0.008734 0.004990
0 0.758482 0.321055 0.008734 0.004990
0 0.758482 0.316302 0.008734 0.004990
0 0.802486 0.350760 0.008734 0.004990
0 0.802486 0.346008 0.008734 0.004990
0 0.824320 0.353137 0.008734 0.004990
0 0.824320 0.348384 0.008734 0.004990
0 0.867988 0.355513 0.008734 0.004990
0 0.867988 0.350760 0.008734 0.004990
0 0.889822 0.357890 0.008734 0.004990
0 0.889822 0.353137 0.008734 0.004990
0 0.911656 0.353137 0.008734 0.004990
0 0.911656 0.348384 0.008734 0.004990
0 0.933826 0.357890 0.008734 0.004990
0 0.933826 0.353137 0.008734 0.004990
0 0.118240 0.544439 0.008734 0.004990
0 0.118240 0.539686 0.008734 0.004990
0 0.180719 0.504990 0.009070 0.004990
0 0.180719 0.500475 0.009070 0.004990
0 0.180719 0.495722 0.009070 0.004990
0 0.180719 0.488593 0.009070 0.004990
0 0.325495 0.504990 0.008734 0.004990
0 0.325495 0.498099 0.008734 0.004990
0 0.325495 0.493346 0.008734 0.004990
0 0.325495 0.488593 0.008734 0.004990
0 0.384951 0.504990 0.008734 0.004990
0 0.384951 0.498099 0.008734 0.004990
0 0.384951 0.493346 0.008734 0.004990
0 0.384951 0.488593 0.008734 0.004990
0 0.444071 0.481464 0.008734 0.004990
0 0.444071 0.469819 0.008734 0.004990
0 0.483708 0.483840 0.008734 0.004990
0 0.483708 0.472196 0.008734 0.004990
0 0.520658 0.486217 0.008734 0.004990
0 0.520658 0.474335 0.008734 0.004990
0 0.567350 0.488593 0.008734 0.004990
0 0.567350 0.476711 0.008734 0.004990
0 0.593215 0.490970 0.008734 0.004990
0 0.593215 0.479087 0.008734 0.004990
0 0.639906 0.493346 0.008734 0.004990
0 0.639906 0.481464 0.008734 0.004990
0 0.663084 0.495722 0.008734 0.004990
0 0.663084 0.483840 0.008734 0.004990
0 0.709775 0.498099 0.008734 0.004990
0 0.709775 0.486217 0.008734 0.004990
0 0.757138 0.500475 0.008734 0.004990
0 0.757138 0.488593 0.008734 0.004990
0 0.800470 0.502614 0.008734 0.004990
0 0.800470 0.490970 0.008734 0.004990
0 0.822304 0.504990 0.008734 0.004990
0 0.822304 0.493346 0.008734 0.004990
0 0.890494 0.488593 0.008734 0.004990
0 0.890494 0.476711 0.008734 0.004990
0 0.933826 0.490970 0.008734 0.004990
0 0.933826 0.479087 0.008734 0.004990
0 0.118240 0.676568 0.008734 0.004990
0 0.118240 0.664686 0.008734 0.004990
0 0.162580 0.678945 0.008734 0.004990
0 0.162580 0.667063 0.008734 0.004990
0 0.184750 0.681321 0.008734 0.004990
0 0.184750 0.669439 0.008734 0.004990
0 0.229090 0.676568 0.008734 0.004990
0 0.229090 0.671816 0.008734 0.004990
0 0.251596 0.678945 0.008734 0.004990
0 0.251596 0.674192 0.008734 0.004990
0 0.295936 0.681321 0.008734 0.004990
0 0.295936 0.676568 0.008734 0.004990
0 0.342963 0.683698 0.008734 0.004990
0 0.342963 0.678945 0.008734 0.004990
0 0.385623 0.686074 0.008734 0.004990
0 0.385623 0.681321 0.008734 0.004990
0 0.406785 0.688451 0.008734 0.004990
0 0.406785 0.683698 0.008734 0.004990
0 0.449446 0.683698 0.008734 0.004990
0 0.449446 0.678945 0.008734 0.004990
0 0.549882 0.690827 0.008734 0.004990
0 0.549882 0.683698 0.008734 0.004990
0 0.549882 0.678945 0.008734 0.004990
0 0.611354 0.692966 0.008734 0.004990
0 0.611354 0.681321 0.008734 0.004990
0 0.611354 0.676568 0.008734 0.004990
0 0.758146 0.688451 0.008734 0.004990
0 0.766208 0.686074 0.008734 0.004990
0 0.758146 0.681321 0.008734 0.004990
0 0.758146 0.671816 0.008734 0.004990
0 0.821968 0.688451 0.009070 0.004990
0 0.821968 0.683698 0.009070 0.004990
0 0.821968 0.678945 0.009070 0.004990
0 0.821968 0.671816 0.009070 0.004990
0 0.125966 0.852186 0.008734 0.004990
0 0.125966 0.847433 0.008734 0.004990
0 0.125966 0.842918 0.008734 0.004990
0 0.125966 0.835789 0.008734 0.004990
0 0.186765 0.845057 0.008734 0.004990
0 0.186765 0.840542 0.008734 0.004990
0 0.186765 0.835789 0.008734 0.004990
0 0.247565 0.828660 0.008734 0.004990
0 0.247565 0.823907 0.008734 0.004990
0 0.288210 0.831036 0.008734 0.004990
0 0.288210 0.826283 0.008734 0.004990
0 0.324152 0.833413 0.008734 0.004990
0 0.324152 0.828660 0.008734 0.004990
0 0.367820 0.835789 0.008734 0.004990
0 0.367820 0.831036 0.008734 0.004990
0 0.389318 0.838165 0.008734 0.004990
0 0.389318 0.833413 0.008734 0.004990
0 0.432986 0.840542 0.008734 0.004990
0 0.432986 0.835789 0.008734 0.004990
0 0.454820 0.842918 0.008734 0.004990
0 0.454820 0.838165 0.008734 0.004990
0 0.498153 0.845057 0.008734 0.004990
0 0.498153 0.840542 0.008734 0.004990
0 0.547195 0.847433 0.008734 0.004990
0 0.547195 0.842918 0.008734 0.004990
0 0.590863 0.849810 0.008734 0.004990
0 0.590863 0.845057 0.008734 0.004990
0 0.612697 0.852186 0.008734 0.004990
0 0.612697 0.847433 0.008734 0.004990
0 0.656365 0.878089 0.008734 0.004990
0 0.656365 0.873574 0.008734 0.004990
0 0.678200 0.880466 0.008734 0.004990
0 0.678200 0.875713 0.008734 0.004990
0 0.700034 0.885219 0.008734 0.004990
0 0.700034 0.880466 0.008734 0.004990
0 0.721868 0.880466 0.008734 0.004990
0 0.721868 0.875713 0.008734 0.004990
0 0.752771 0.887595 0.008734 0.004990
0 0.752771 0.882842 0.008734 0.004990
0 0.817938 0.852186 0.009070 0.004990
0 0.817938 0.847433 0.009070 0.004990
0 0.817938 0.842918 0.009070 0.004990
0 0.817938 0.835789 0.009070 0.004990
0 0.105475 0.078184 0.008734 0.004990
0 0.831038 0.078184 0.008734 0.004990
0 0.894861 0.078184 0.008734 0.004990
0 0.134028 0.239306 0.008734 0.004990
0 0.198522 0.239306 0.008734 0.004990
0 0.241182 0.239306 0.008734 0.004990
0 0.268055 0.236930 0.008734 0.004990
0 0.251596 0.239306 0.006046 0.003565
0 0.258986 0.234553 0.006046 0.003565
0 0.311051 0.239306 0.008734 0.004990
0 0.344306 0.239306 0.008734 0.004990
0 0.404098 0.244059 0.008734 0.004990
0 0.463890 0.232177 0.008734 0.004990
0 0.503527 0.234553 0.008734 0.004990
0 0.542157 0.236930 0.008734 0.004990
0 0.584817 0.239306 0.008734 0.004990
0 0.605979 0.241683 0.008734 0.004990
0 0.669802 0.241683 0.008734 0.004990
0 0.690964 0.236930 0.008734 0.004990
0 0.712462 0.241683 0.008734 0.004990
0 0.758482 0.239306 0.008734 0.004990
0 0.889822 0.244059 0.008734 0.004990
0 0.933826 0.244059 0.008734 0.004990
0 0.118240 0.412310 0.008734 0.004990
0 0.180719 0.412310 0.008734 0.004990
0 0.222707 0.412310 0.008734 0.004990
0 0.249244 0.409933 0.008734 0.004990
0 0.232785 0.412310 0.006046 0.003565
0 0.240175 0.407557 0.006046 0.003565
0 0.291233 0.412310 0.008734 0.004990
0 0.325495 0.412310 0.008734 0.004990
0 0.384951 0.417063 0.008734 0.004990
0 0.444071 0.405181 0.008734 0.004990
0 0.483708 0.407557 0.008734 0.004990
0 0.520658 0.409933 0.008734 0.004990
0 0.567350 0.412310 0.008734 0.004990
0 0.593215 0.414686 0.008734 0.004990
0 0.663084 0.414686 0.008734 0.004990
0 0.686597 0.409933 0.008734 0.004990
0 0.709775 0.414686 0.008734 0.004990
0 0.757138 0.412310 0.008734 0.004990
0 0.822304 0.407557 0.008734 0.004990
0 0.865637 0.409933 0.008734 0.004990
0 0.890494 0.412310 0.008734 0.004990
0 0.933826 0.414686 0.008734 0.004990
0 0.118240 0.609553 0.008734 0.004990
0 0.184750 0.609553 0.008734 0.004990
0 0.206920 0.607177 0.008734 0.004990
0 0.229090 0.604800 0.008734 0.004990
0 0.251596 0.597671 0.008734 0.004990
0 0.273766 0.604800 0.008734 0.004990
0 0.295936 0.609553 0.008734 0.004990
0 0.342963 0.604800 0.008734 0.004990
0 0.672489 0.609553 0.008734 0.004990
0 0.713134 0.609553 0.008734 0.004990
0 0.758146 0.604800 0.008734 0.004990
0 0.822304 0.604800 0.008734 0.004990
0 0.864965 0.604800 0.008734 0.004990
0 0.891502 0.602424 0.008734 0.004990
0 0.875042 0.604800 0.006046 0.003565
0 0.882432 0.600048 0.006046 0.003565
0 0.934162 0.604800 0.008734 0.004990
0 0.125966 0.772576 0.008734 0.004990
0 0.186765 0.777091 0.008734 0.004990
0 0.247565 0.765447 0.008734 0.004990
0 0.288210 0.767823 0.008734 0.004990
0 0.324152 0.770200 0.008734 0.004990
0 0.367820 0.772576 0.008734 0.004990
0 0.389318 0.774952 0.008734 0.004990
0 0.454820 0.774952 0.008734 0.004990
0 0.476318 0.772576 0.008734 0.004990
0 0.498153 0.770200 0.008734 0.004990
0 0.547195 0.772576 0.008734 0.004990
0 0.678200 0.777091 0.008734 0.004990
0 0.721868 0.777091 0.008734 0.004990
0 0.752771 0.772576 0.008734 0.004990
0 0.817938 0.772576 0.008734 0.004990
0 0.861606 0.772576 0.008734 0.004990
0 0.888142 0.770200 0.008734 0.004990
0 0.871683 0.772576 0.006046 0.003565
0 0.879073 0.767823 0.006046 0.003565
0 0.931811 0.772576 0.008734 0.004990
