0 0.153510 0.222433 0.014780 0.005703
0 0.540141 0.222433 0.014780 0.005703
0 0.162244 0.446055 0.014780 0.005703
0 0.550554 0.448669 0.010413 0.005703
0 0.745045 0.451283 0.010413 0.005703
0 0.447430 0.686549 0.014780 0.005703
0 0.703057 0.686549 0.014780 0.005703
0 0.164931 0.905656 0.014780 0.005703
0 0.358415 0.905656 0.014780 0.005703
0 0.577763 0.905656 0.014780 0.005703
0 0.781323 0.905656 0.010413 0.005703
0 0.892509 0.905656 0.009741 0.005703
0 0.338932 0.211740 0.010413 0.005703
0 0.540141 0.206274 0.010413 0.005703
0 0.752099 0.209125 0.010413 0.005703
0 0.161908 0.435124 0.010413 0.005703
0 0.350017 0.437975 0.010413 0.005703
0 0.550554 0.440589 0.014780 0.005703
0 0.162916 0.683698 0.010413 0.005703
0 0.162916 0.673004 0.010413 0.005703
0 0.290561 0.683698 0.010413 0.005703
0 0.290561 0.673004 0.010413 0.005703
0 0.447430 0.670390 0.014780 0.005703
0 0.447430 0.662310 0.014780 0.005703
0 0.703057 0.670390 0.010413 0.005703
0 0.703057 0.659458 0.010413 0.005703
0 0.829358 0.673004 0.010413 0.005703
0 0.164931 0.881416 0.014780 0.005703
0 0.358415 0.892110 0.010413 0.005703
0 0.460195 0.889496 0.010413 0.005703
0 0.642257 0.881416 0.010413 0.005703
0 0.642257 0.870485 0.010413 0.005703
0 0.781323 0.881416 0.014780 0.005703
0 0.781323 0.870485 0.014780 0.005703
0 0.358415 0.844582 0.010413 0.005703
0 0.460195 0.839354 0.010413 0.005703
0 0.447430 0.619297 0.014780 0.005703
0 0.703057 0.619297 0.010413 0.005703
0 0.829358 0.624762 0.010413 0.005703
0 0.164931 0.836502 0.010413 0.005703
0 0.253947 0.831274 0.010413 0.005703
0 0.358415 0.831274 0.010413 0.005703
0 0.510917 0.831274 0.009741 0.005703
0 0.184414 0.128089 0.009741 0.005703
0 0.215317 0.147101 0.009741 0.005703
0 0.277125 0.128089 0.009741 0.005703
0 0.308028 0.147101 0.009741 0.005703
0 0.369835 0.128089 0.009741 0.005703
0 0.401075 0.147101 0.009741 0.005703
0 0.462882 0.128089 0.009741 0.005703
0 0.493786 0.147101 0.009741 0.005703
0 0.572724 0.128089 0.009741 0.005703
0 0.613369 0.147101 0.009741 0.005703
0 0.678535 0.128089 0.009741 0.005703
0 0.719516 0.147101 0.009741 0.005703
0 0.784683 0.128089 0.009741 0.005703
0 0.817266 0.147101 0.009741 0.005703
0 0.882432 0.128089 0.009741 0.005703
0 0.923077 0.147101 0.009741 0.005703
0 0.193147 0.351711 0.009741 0.005703
0 0.224723 0.370485 0.009741 0.005703
0 0.287202 0.351711 0.009741 0.005703
0 0.318441 0.370485 0.009741 0.005703
0 0.381256 0.351711 0.009741 0.005703
0 0.412496 0.370485 0.009741 0.005703
0 0.475311 0.351711 0.009741 0.005703
0 0.506550 0.370485 0.009741 0.005703
0 0.583137 0.351711 0.009741 0.005703
0 0.615385 0.370485 0.009741 0.005703
0 0.680215 0.351711 0.009741 0.005703
0 0.712798 0.370485 0.009741 0.005703
0 0.777628 0.351711 0.009741 0.005703
0 0.817938 0.370485 0.009741 0.005703
0 0.882768 0.351711 0.009741 0.005703
0 0.923413 0.370485 0.009741 0.005703
0 0.162916 0.600523 0.010413 0.005703
0 0.162916 0.592443 0.010413 0.005703
0 0.162916 0.581749 0.010413 0.005703
0 0.290561 0.600523 0.010413 0.005703
0 0.290561 0.589829 0.010413 0.005703
0 0.290561 0.581749 0.010413 0.005703
0 0.447430 0.611217 0.010413 0.005703
0 0.539133 0.605989 0.010413 0.005703
0 0.703057 0.605989 0.009741 0.005703
0 0.766208 0.608603 0.010413 0.005703
0 0.892509 0.614068 0.009741 0.005703
0 0.164931 0.823194 0.014780 0.005703
0 0.358750 0.823194 0.009741 0.005703
0 0.409473 0.825808 0.010413 0.005703
0 0.510917 0.831274 0.009741 0.005703
0 0.642257 0.831274 0.010413 0.005703
0 0.651999 0.828422 0.010413 0.005703
0 0.781323 0.831274 0.014780 0.005703
0 0.795432 0.828422 0.014780 0.005703
0 0.153510 0.090067 0.010413 0.005703
0 0.338932 0.090067 0.009741 0.005703
0 0.593215 0.090067 0.009741 0.005703
0 0.645952 0.090067 0.009741 0.005703
0 0.699026 0.090067 0.009741 0.005703
0 0.752099 0.081987 0.009741 0.005703
0 0.902922 0.081987 0.009741 0.005703
0 0.161908 0.307985 0.009741 0.005703
0 0.255962 0.307985 0.009741 0.005703
0 0.350017 0.310599 0.009741 0.005703
0 0.443735 0.313451 0.009741 0.005703
0 0.550554 0.313451 0.009741 0.005703
0 0.797783 0.313451 0.009741 0.005703
0 0.850521 0.313451 0.009741 0.005703
0 0.903258 0.313451 0.009741 0.005703
0 0.162916 0.528755 0.009741 0.005703
0 0.247229 0.528755 0.009741 0.005703
0 0.290561 0.526141 0.009741 0.005703
0 0.359758 0.523289 0.009741 0.005703
0 0.447430 0.523289 0.010413 0.005703
0 0.538797 0.523289 0.009741 0.005703
0 0.605643 0.523289 0.009741 0.005703
