0 0.529056 0.273527 0.008734 0.004990
0 0.671481 0.289686 0.008398 0.004990
0 0.753107 0.287310 0.008734 0.004990
0 0.887807 0.284933 0.008398 0.004990
0 0.123614 0.500238 0.008734 0.004990
0 0.238831 0.497861 0.008398 0.004990
0 0.308700 0.500238 0.008398 0.004990
0 0.352704 0.497861 0.008398 0.004990
0 0.396708 0.502376 0.008398 0.004990
0 0.653678 0.504753 0.008398 0.004990
0 0.705408 0.504753 0.008398 0.004990
0 0.900907 0.502376 0.008398 0.004990
0 0.115888 0.695817 0.008734 0.004990
0 0.233121 0.693441 0.008398 0.004990
0 0.307692 0.695817 0.008734 0.004990
0 0.435338 0.693441 0.008398 0.004990
0 0.511589 0.695817 0.008398 0.004990
0 0.554585 0.693441 0.008398 0.004990
0 0.597581 0.697956 0.008398 0.004990
0 0.228418 0.884268 0.008398 0.004990
0 0.295936 0.884268 0.008734 0.004990
0 0.413504 0.884268 0.008398 0.004990
0 0.446758 0.280418 0.008398 0.004990
0 0.446758 0.266635 0.008398 0.004990
0 0.529056 0.269011 0.008734 0.004990
0 0.671481 0.280418 0.008398 0.004990
0 0.753107 0.280418 0.008734 0.004990
0 0.887807 0.280418 0.008398 0.004990
0 0.123614 0.493346 0.008398 0.004990
0 0.181391 0.490970 0.008398 0.004990
0 0.238831 0.493346 0.008398 0.004990
0 0.308700 0.490970 0.008398 0.004990
0 0.352704 0.493346 0.008398 0.004990
0 0.396708 0.493346 0.008398 0.004990
0 0.455492 0.472671 0.008398 0.004990
0 0.500504 0.488593 0.008734 0.004990
0 0.601948 0.488593 0.008734 0.004990
0 0.705408 0.488593 0.008398 0.004990
0 0.774605 0.502376 0.008398 0.004990
0 0.774605 0.486454 0.008398 0.004990
0 0.900907 0.493346 0.008398 0.004990
0 0.115888 0.688926 0.008734 0.004990
0 0.233121 0.688926 0.008398 0.004990
0 0.307692 0.688926 0.008398 0.004990
0 0.371515 0.686549 0.008398 0.004990
0 0.435338 0.688926 0.008398 0.004990
0 0.511589 0.686549 0.008398 0.004990
0 0.554585 0.688926 0.008398 0.004990
0 0.597581 0.688926 0.008398 0.004990
0 0.655022 0.668251 0.008398 0.004990
0 0.699026 0.684173 0.008398 0.004990
0 0.743030 0.684173 0.008398 0.004990
0 0.798455 0.682034 0.008734 0.004990
0 0.902922 0.688926 0.008398 0.004990
0 0.118912 0.904943 0.008398 0.004990
0 0.118912 0.888783 0.008398 0.004990
0 0.228418 0.870485 0.008398 0.004990
0 0.295936 0.870485 0.008734 0.004990
0 0.413504 0.870485 0.008398 0.004990
0 0.487403 0.886644 0.008734 0.004990
0 0.487403 0.870485 0.008734 0.004990
0 0.589520 0.886644 0.008398 0.004990
0 0.589520 0.870485 0.008398 0.004990
0 0.658717 0.888783 0.008734 0.004990
0 0.658717 0.872861 0.008734 0.004990
0 0.748069 0.888783 0.008398 0.004990
0 0.748069 0.872861 0.008398 0.004990
0 0.807188 0.891160 0.008398 0.004990
0 0.807188 0.875000 0.008398 0.004990
0 0.856567 0.895675 0.008734 0.004990
0 0.856567 0.879753 0.008734 0.004990
0 0.446758 0.233840 0.008398 0.004990
0 0.528720 0.233840 0.008398 0.004990
0 0.671481 0.217681 0.008398 0.004990
0 0.753107 0.217681 0.008398 0.004990
0 0.887807 0.217681 0.008398 0.004990
0 0.123614 0.429183 0.008398 0.004990
0 0.181391 0.429183 0.008398 0.004990
0 0.238831 0.429183 0.008398 0.004990
0 0.308700 0.429183 0.008398 0.004990
0 0.352704 0.429183 0.008398 0.004990
0 0.396708 0.429183 0.008398 0.004990
0 0.455492 0.429183 0.008398 0.004990
0 0.477998 0.433935 0.008398 0.004990
0 0.774605 0.449857 0.008398 0.004990
0 0.774605 0.445342 0.008398 0.004990
0 0.900907 0.429183 0.008398 0.004990
0 0.115888 0.630941 0.008398 0.004990
0 0.174337 0.630941 0.008398 0.004990
0 0.233121 0.630941 0.008398 0.004990
0 0.307692 0.630941 0.008398 0.004990
0 0.371515 0.630941 0.008398 0.004990
0 0.435338 0.630941 0.008398 0.004990
0 0.511589 0.630941 0.008398 0.004990
0 0.554585 0.630941 0.008398 0.004990
0 0.597581 0.630941 0.008398 0.004990
0 0.655022 0.630941 0.008398 0.004990
0 0.677192 0.635456 0.008398 0.004990
0 0.721196 0.635456 0.008398 0.004990
0 0.743030 0.635456 0.008398 0.004990
0 0.765200 0.647101 0.008398 0.004990
0 0.798455 0.647101 0.008398 0.004990
0 0.824656 0.651616 0.008398 0.004990
0 0.850857 0.651616 0.008398 0.004990
0 0.902922 0.647101 0.008398 0.004990
0 0.929123 0.649240 0.008398 0.004990
0 0.118912 0.846483 0.008398 0.004990
0 0.228418 0.825808 0.008398 0.004990
0 0.303997 0.825808 0.008734 0.004990
0 0.413504 0.825808 0.008398 0.004990
0 0.487403 0.825808 0.008734 0.004990
0 0.589520 0.825808 0.008398 0.004990
0 0.589520 0.821293 0.008398 0.004990
0 0.658717 0.825808 0.008734 0.004990
0 0.658717 0.821293 0.008734 0.004990
0 0.748069 0.825808 0.008398 0.004990
0 0.748069 0.821293 0.008398 0.004990
0 0.807188 0.825808 0.008398 0.004990
0 0.807188 0.821293 0.008398 0.004990
0 0.856567 0.830561 0.008734 0.004990
0 0.184750 0.217681 0.008734 0.004990
0 0.320457 0.217681 0.008398 0.004990
0 0.411488 0.222196 0.008398 0.004990
0 0.446758 0.222196 0.008398 0.004990
0 0.481693 0.224572 0.008398 0.004990
0 0.528720 0.229087 0.008398 0.004990
0 0.559624 0.226949 0.008398 0.004990
0 0.590527 0.222196 0.008398 0.004990
0 0.621431 0.217681 0.008398 0.004990
0 0.671481 0.208413 0.008398 0.004990
0 0.702385 0.210789 0.008398 0.004990
0 0.753107 0.210789 0.008398 0.004990
0 0.786698 0.213165 0.008398 0.004990
0 0.820625 0.217681 0.008398 0.004990
0 0.854216 0.213165 0.008398 0.004990
0 0.887807 0.203897 0.008398 0.004990
0 0.921733 0.206274 0.008398 0.004990
0 0.123614 0.417776 0.008398 0.004990
0 0.152503 0.420152 0.008398 0.004990
0 0.181391 0.429183 0.008398 0.004990
0 0.209943 0.415399 0.008398 0.004990
0 0.238831 0.415399 0.008398 0.004990
0 0.267719 0.417776 0.008398 0.004990
0 0.308700 0.417776 0.008398 0.004990
0 0.330870 0.420152 0.008398 0.004990
0 0.352704 0.420152 0.008398 0.004990
0 0.374874 0.422291 0.008398 0.004990
0 0.396708 0.420152 0.008398 0.004990
0 0.418878 0.417776 0.008398 0.004990
0 0.455492 0.417776 0.008398 0.004990
0 0.477998 0.429183 0.008398 0.004990
0 0.523010 0.433935 0.008398 0.004990
0 0.523010 0.429183 0.008398 0.004990
0 0.545516 0.433935 0.008398 0.004990
0 0.545516 0.429183 0.008398 0.004990
0 0.568021 0.445342 0.008398 0.004990
0 0.568021 0.433935 0.008398 0.004990
0 0.601612 0.445342 0.008398 0.004990
0 0.601612 0.433935 0.008398 0.004990
0 0.627477 0.449857 0.008398 0.004990
0 0.627477 0.445342 0.008398 0.004990
0 0.679543 0.445342 0.008398 0.004990
0 0.679543 0.433935 0.008398 0.004990
0 0.705408 0.445342 0.008398 0.004990
0 0.705408 0.433935 0.008398 0.004990
0 0.731273 0.447719 0.008398 0.004990
0 0.731273 0.436074 0.008398 0.004990
0 0.774605 0.440827 0.008398 0.004990
0 0.801478 0.438451 0.008398 0.004990
0 0.828351 0.433935 0.008398 0.004990
0 0.855223 0.429183 0.008398 0.004990
0 0.900907 0.420152 0.008398 0.004990
0 0.928451 0.422291 0.008398 0.004990
0 0.115888 0.624049 0.008398 0.004990
0 0.145113 0.626426 0.008398 0.004990
0 0.174337 0.630941 0.008398 0.004990
0 0.203561 0.626426 0.008398 0.004990
0 0.233121 0.617158 0.008398 0.004990
0 0.262345 0.619534 0.008398 0.004990
0 0.307692 0.619534 0.008398 0.004990
0 0.339604 0.621673 0.008398 0.004990
0 0.371515 0.630941 0.008398 0.004990
0 0.403426 0.617158 0.008398 0.004990
0 0.435338 0.617158 0.008398 0.004990
0 0.467249 0.619534 0.008398 0.004990
0 0.511589 0.619534 0.008398 0.004990
0 0.533087 0.621673 0.008398 0.004990
0 0.554585 0.621673 0.008398 0.004990
0 0.576083 0.624049 0.008398 0.004990
0 0.597581 0.621673 0.008398 0.004990
0 0.619080 0.619534 0.008398 0.004990
0 0.655022 0.619534 0.008398 0.004990
0 0.677192 0.630941 0.008398 0.004990
0 0.721196 0.630941 0.008398 0.004990
0 0.743030 0.630941 0.008398 0.004990
0 0.765200 0.635456 0.008398 0.004990
0 0.798455 0.635456 0.008398 0.004990
0 0.824656 0.640209 0.008398 0.004990
0 0.850857 0.651616 0.008398 0.004990
0 0.876722 0.635456 0.008398 0.004990
0 0.902922 0.635456 0.008398 0.004990
0 0.929123 0.637833 0.008398 0.004990
0 0.118912 0.835076 0.008398 0.004990
0 0.152167 0.830561 0.008398 0.004990
0 0.177360 0.825808 0.008398 0.004990
0 0.202889 0.818916 0.008398 0.004990
0 0.228418 0.818916 0.008398 0.004990
0 0.253947 0.821293 0.008398 0.004990
0 0.295936 0.823669 0.008398 0.004990
0 0.325160 0.821293 0.008398 0.004990
0 0.354384 0.821293 0.008398 0.004990
0 0.383944 0.818916 0.008398 0.004990
0 0.413504 0.816778 0.008398 0.004990
0 0.442728 0.821293 0.008398 0.004990
0 0.487403 0.814401 0.008398 0.004990
0 0.512932 0.816778 0.008398 0.004990
0 0.538462 0.821293 0.008398 0.004990
0 0.563991 0.816778 0.008398 0.004990
0 0.589520 0.814401 0.008398 0.004990
0 0.615049 0.816778 0.008398 0.004990
0 0.658717 0.812025 0.008398 0.004990
0 0.680887 0.814401 0.008398 0.004990
0 0.703393 0.821293 0.008398 0.004990
0 0.725563 0.814401 0.008398 0.004990
0 0.748069 0.812025 0.008398 0.004990
0 0.770238 0.814401 0.008398 0.004990
0 0.807188 0.809886 0.008398 0.004990
0 0.832046 0.814401 0.008398 0.004990
0 0.856567 0.814401 0.008398 0.004990
0 0.881424 0.821293 0.008398 0.004990
0 0.905946 0.825808 0.008398 0.004990
0 0.930467 0.830561 0.008398 0.004990
0 0.411488 0.130228 0.008398 0.004990
0 0.446758 0.130228 0.008398 0.004990
0 0.481693 0.130228 0.008398 0.004990
0 0.528720 0.130228 0.008398 0.004990
0 0.621431 0.130228 0.008398 0.004990
0 0.671481 0.130228 0.008398 0.004990
0 0.702385 0.130228 0.008398 0.004990
0 0.753107 0.130228 0.008398 0.004990
0 0.854216 0.130228 0.008398 0.004990
0 0.887807 0.130228 0.008398 0.004990
0 0.921733 0.130228 0.008398 0.004990
0 0.123614 0.336977 0.008398 0.004990
0 0.152503 0.336977 0.008398 0.004990
0 0.181391 0.336977 0.008398 0.004990
0 0.267719 0.336977 0.008398 0.004990
0 0.309036 0.336977 0.008734 0.004990
0 0.455492 0.336977 0.008398 0.004990
0 0.679543 0.336977 0.008398 0.004990
0 0.705408 0.336977 0.008398 0.004990
0 0.731273 0.336977 0.008398 0.004990
0 0.774605 0.336977 0.008398 0.004990
0 0.855223 0.336977 0.008398 0.004990
0 0.900907 0.336977 0.008398 0.004990
0 0.928451 0.336977 0.008398 0.004990
0 0.115888 0.549905 0.008398 0.004990
0 0.203561 0.549905 0.008398 0.004990
0 0.233121 0.549905 0.008398 0.004990
0 0.262345 0.549905 0.008398 0.004990
0 0.307692 0.549905 0.008398 0.004990
0 0.339604 0.549905 0.008398 0.004990
0 0.371515 0.549905 0.008398 0.004990
0 0.467249 0.549905 0.008398 0.004990
0 0.511589 0.549905 0.008734 0.004990
0 0.655022 0.549905 0.008398 0.004990
0 0.876722 0.549905 0.008398 0.004990
0 0.902922 0.549905 0.008398 0.004990
0 0.929123 0.549905 0.008398 0.004990
0 0.118912 0.745485 0.008398 0.004990
0 0.152167 0.745485 0.008398 0.004990
0 0.202889 0.745485 0.008398 0.004990
0 0.253947 0.745485 0.008398 0.004990
0 0.295936 0.745485 0.008398 0.004990
0 0.383944 0.745485 0.008398 0.004990
0 0.413504 0.745485 0.008398 0.004990
0 0.442728 0.745485 0.008398 0.004990
0 0.487403 0.745485 0.008398 0.004990
0 0.512932 0.745485 0.008398 0.004990
0 0.538462 0.745485 0.008398 0.004990
0 0.615049 0.745485 0.008398 0.004990
0 0.658717 0.745485 0.008734 0.004990
