0 0.156533 0.219106 0.008398 0.004990
0 0.152838 0.228375 0.008398 0.004990
0 0.247565 0.228375 0.008398 0.004990
0 0.318777 0.225998 0.008398 0.004990
0 0.342627 0.228375 0.008398 0.004990
0 0.697346 0.230751 0.008398 0.004990
0 0.156533 0.439401 0.008398 0.004990
0 0.216997 0.437025 0.008398 0.004990
0 0.236816 0.439401 0.008398 0.004990
0 0.317098 0.441778 0.008398 0.004990
0 0.412496 0.444154 0.008398 0.004990
0 0.503191 0.441778 0.008398 0.004990
0 0.594222 0.441778 0.008398 0.004990
0 0.639570 0.439401 0.008398 0.004990
0 0.154854 0.670865 0.008398 0.004990
0 0.420894 0.670865 0.008398 0.004990
0 0.420894 0.654230 0.008398 0.004990
0 0.691972 0.658983 0.008398 0.004990
0 0.735976 0.658983 0.008398 0.004990
0 0.779644 0.656606 0.008398 0.004990
0 0.823648 0.656606 0.008398 0.004990
0 0.867316 0.656606 0.008398 0.004990
0 0.911320 0.656606 0.008398 0.004990
0 0.155190 0.875475 0.008398 0.004990
0 0.192812 0.875475 0.008398 0.004990
0 0.235808 0.875475 0.008398 0.004990
0 0.274437 0.873337 0.008398 0.004990
0 0.349681 0.873337 0.008398 0.004990
0 0.399731 0.873337 0.008398 0.004990
0 0.444407 0.873337 0.008398 0.004990
0 0.487739 0.870960 0.008398 0.004990
0 0.531072 0.870960 0.008398 0.004990
0 0.574068 0.870960 0.008398 0.004990
0 0.618744 0.870960 0.008398 0.004990
0 0.674505 0.868584 0.008398 0.004990
0 0.716829 0.868584 0.008398 0.004990
0 0.764864 0.868584 0.008398 0.004990
0 0.807188 0.868584 0.008398 0.004990
0 0.152838 0.214354 0.008398 0.004990
0 0.152838 0.207224 0.008398 0.004990
0 0.176688 0.200095 0.008398 0.004990
0 0.200202 0.197719 0.008398 0.004990
0 0.224051 0.214354 0.008398 0.004990
0 0.224051 0.207224 0.008398 0.004990
0 0.247565 0.200095 0.008398 0.004990
0 0.271414 0.197719 0.008398 0.004990
0 0.295264 0.214354 0.008398 0.004990
0 0.295264 0.207224 0.008398 0.004990
0 0.318777 0.200095 0.008398 0.004990
0 0.342627 0.197719 0.008398 0.004990
0 0.366140 0.214354 0.008398 0.004990
0 0.366140 0.207224 0.008398 0.004990
0 0.389990 0.200095 0.008398 0.004990
0 0.413504 0.197719 0.008398 0.004990
0 0.451797 0.235504 0.008398 0.004990
0 0.510245 0.233127 0.008398 0.004990
0 0.529728 0.235504 0.008398 0.004990
0 0.778972 0.221483 0.008398 0.004990
0 0.840107 0.219106 0.008398 0.004990
0 0.860262 0.221483 0.008398 0.004990
0 0.317098 0.434648 0.008398 0.004990
0 0.412496 0.432510 0.008398 0.004990
0 0.695667 0.437025 0.008398 0.004990
0 0.760497 0.434648 0.008398 0.004990
0 0.782331 0.437025 0.008398 0.004990
0 0.868660 0.453660 0.008398 0.004990
0 0.248908 0.644962 0.008398 0.004990
0 0.248908 0.640209 0.008398 0.004990
0 0.248908 0.630703 0.008398 0.004990
0 0.506886 0.637833 0.008398 0.004990
0 0.506886 0.633080 0.008398 0.004990
0 0.691972 0.647338 0.008398 0.004990
0 0.735976 0.647338 0.008398 0.004990
0 0.823648 0.647338 0.008398 0.004990
0 0.911320 0.647338 0.008398 0.004990
0 0.155190 0.868584 0.008398 0.004990
0 0.192812 0.863831 0.008398 0.004990
0 0.274437 0.863831 0.008398 0.004990
0 0.312059 0.861454 0.008398 0.004990
0 0.349681 0.861454 0.008398 0.004990
0 0.399731 0.861454 0.008398 0.004990
0 0.444407 0.861454 0.008398 0.004990
0 0.531072 0.859078 0.008398 0.004990
0 0.618744 0.859078 0.008398 0.004990
0 0.674505 0.859078 0.008398 0.004990
0 0.716829 0.856702 0.008398 0.004990
0 0.807188 0.854325 0.008398 0.004990
0 0.849849 0.849572 0.008398 0.004990
0 0.912664 0.863831 0.008398 0.004990
0 0.912664 0.851949 0.008398 0.004990
0 0.154854 0.593156 0.008398 0.004990
0 0.237823 0.628327 0.008398 0.004990
0 0.300302 0.595532 0.008398 0.004990
0 0.320793 0.597671 0.008398 0.004990
0 0.341619 0.630703 0.008398 0.004990
0 0.362445 0.630703 0.008398 0.004990
0 0.383272 0.635456 0.008398 0.004990
0 0.420894 0.593156 0.008398 0.004990
0 0.420894 0.588403 0.008398 0.004990
0 0.506886 0.621435 0.008398 0.004990
0 0.571381 0.588403 0.008398 0.004990
0 0.592879 0.590779 0.008398 0.004990
0 0.614377 0.593156 0.008398 0.004990
0 0.635875 0.593156 0.008398 0.004990
0 0.657373 0.597671 0.008398 0.004990
0 0.865301 0.795390 0.008398 0.004990
0 0.891502 0.807272 0.008398 0.004990
0 0.912664 0.807272 0.008398 0.004990
0 0.933826 0.795390 0.008398 0.004990
0 0.451797 0.169677 0.008398 0.004990
0 0.451797 0.160171 0.008398 0.004990
0 0.471616 0.155418 0.008398 0.004990
0 0.491098 0.153042 0.008398 0.004990
0 0.510245 0.169677 0.008398 0.004990
0 0.510245 0.160171 0.008398 0.004990
0 0.529728 0.155418 0.008398 0.004990
0 0.548875 0.153042 0.008398 0.004990
0 0.568357 0.169677 0.008398 0.004990
0 0.568357 0.160171 0.008398 0.004990
0 0.587840 0.155418 0.008398 0.004990
0 0.606987 0.153042 0.008398 0.004990
0 0.626470 0.169677 0.008398 0.004990
0 0.626470 0.160171 0.008398 0.004990
0 0.645616 0.155418 0.008398 0.004990
0 0.665099 0.153042 0.008398 0.004990
0 0.697346 0.172053 0.008398 0.004990
0 0.697346 0.167300 0.008398 0.004990
0 0.718173 0.157795 0.008398 0.004990
0 0.738327 0.155418 0.008398 0.004990
0 0.758818 0.172053 0.008398 0.004990
0 0.758818 0.167300 0.008398 0.004990
0 0.778972 0.157795 0.008398 0.004990
0 0.799463 0.155418 0.008398 0.004990
0 0.819617 0.172053 0.008398 0.004990
0 0.819617 0.167300 0.008398 0.004990
0 0.840107 0.157795 0.008398 0.004990
0 0.860262 0.155418 0.008398 0.004990
0 0.880752 0.172053 0.008398 0.004990
0 0.880752 0.167300 0.008398 0.004990
0 0.907625 0.157795 0.008398 0.004990
0 0.934834 0.155418 0.008398 0.004990
0 0.156533 0.386407 0.008398 0.004990
0 0.156533 0.377139 0.008398 0.004990
0 0.176688 0.372386 0.008398 0.004990
0 0.196842 0.370010 0.008398 0.004990
0 0.216997 0.386407 0.008398 0.004990
0 0.216997 0.377139 0.008398 0.004990
0 0.236816 0.372386 0.008398 0.004990
0 0.256970 0.370010 0.008398 0.004990
0 0.277125 0.386407 0.008398 0.004990
0 0.277125 0.377139 0.008398 0.004990
0 0.297279 0.372386 0.008398 0.004990
0 0.317098 0.370010 0.008398 0.004990
0 0.337252 0.386407 0.008398 0.004990
0 0.337252 0.379515 0.008398 0.004990
0 0.357407 0.372386 0.008398 0.004990
0 0.377561 0.370010 0.008398 0.004990
0 0.412496 0.386407 0.008398 0.004990
0 0.435338 0.372386 0.008398 0.004990
0 0.457843 0.370010 0.008398 0.004990
0 0.480685 0.391160 0.008398 0.004990
0 0.503191 0.377139 0.008398 0.004990
0 0.526033 0.374762 0.008398 0.004990
0 0.548539 0.423004 0.008398 0.004990
0 0.571716 0.413498 0.008398 0.004990
0 0.594222 0.411122 0.008398 0.004990
0 0.617064 0.427757 0.008398 0.004990
0 0.639570 0.418251 0.008398 0.004990
0 0.662412 0.415875 0.008398 0.004990
0 0.695667 0.384030 0.008398 0.004990
0 0.717165 0.370010 0.008398 0.004990
0 0.738999 0.367633 0.008398 0.004990
0 0.760497 0.384030 0.008398 0.004990
0 0.782331 0.377139 0.008398 0.004990
0 0.803829 0.374762 0.008398 0.004990
0 0.825328 0.391160 0.008398 0.004990
0 0.847162 0.381654 0.008398 0.004990
0 0.868660 0.379515 0.008398 0.004990
0 0.890158 0.395913 0.008398 0.004990
0 0.911992 0.384030 0.008398 0.004990
0 0.933490 0.384030 0.008398 0.004990
0 0.154854 0.576521 0.008398 0.004990
0 0.175680 0.578897 0.008398 0.004990
0 0.196507 0.581274 0.008398 0.004990
0 0.216997 0.583650 0.008398 0.004990
0 0.237823 0.583650 0.008398 0.004990
0 0.258650 0.588403 0.008398 0.004990
0 0.279476 0.593156 0.008398 0.004990
0 0.300302 0.595532 0.008398 0.004990
0 0.320793 0.597671 0.008398 0.004990
0 0.420894 0.576521 0.008398 0.004990
0 0.442392 0.578897 0.008398 0.004990
0 0.463890 0.581274 0.008398 0.004990
0 0.485388 0.588403 0.008398 0.004990
0 0.506886 0.576521 0.008398 0.004990
0 0.528384 0.578897 0.008398 0.004990
0 0.549882 0.581274 0.008398 0.004990
0 0.571381 0.588403 0.008398 0.004990
0 0.592879 0.590779 0.008398 0.004990
0 0.691972 0.602424 0.008398 0.004990
0 0.700034 0.600048 0.008398 0.004990
0 0.713806 0.588403 0.008398 0.004990
0 0.735976 0.586027 0.008398 0.004990
0 0.757810 0.602424 0.008398 0.004990
0 0.765872 0.600048 0.008398 0.004990
0 0.779644 0.588403 0.008398 0.004990
0 0.801478 0.586027 0.008398 0.004990
0 0.823648 0.602424 0.008398 0.004990
0 0.831374 0.600048 0.008398 0.004990
0 0.845482 0.588403 0.008398 0.004990
0 0.867316 0.586027 0.008398 0.004990
0 0.889486 0.602424 0.008398 0.004990
0 0.897212 0.600048 0.008398 0.004990
0 0.911320 0.588403 0.008398 0.004990
0 0.933154 0.586027 0.008398 0.004990
0 0.155190 0.818916 0.008398 0.004990
0 0.163252 0.816540 0.008398 0.004990
0 0.174001 0.804895 0.008398 0.004990
0 0.192812 0.802519 0.008398 0.004990
0 0.214982 0.818916 0.008398 0.004990
0 0.235808 0.804895 0.008398 0.004990
0 0.255626 0.802519 0.008398 0.004990
0 0.274437 0.816540 0.008398 0.004990
0 0.293248 0.802519 0.008398 0.004990
0 0.312059 0.800143 0.008398 0.004990
0 0.330870 0.816540 0.008398 0.004990
0 0.349681 0.802519 0.008398 0.004990
0 0.368156 0.800143 0.008398 0.004990
0 0.399731 0.816540 0.008398 0.004990
0 0.422573 0.816540 0.008398 0.004990
0 0.444407 0.814401 0.008398 0.004990
0 0.465905 0.800143 0.008398 0.004990
0 0.487739 0.797766 0.008398 0.004990
0 0.509237 0.814401 0.008398 0.004990
0 0.531072 0.812025 0.008398 0.004990
0 0.552570 0.800143 0.008398 0.004990
0 0.574068 0.797766 0.008398 0.004990
0 0.597246 0.814401 0.008398 0.004990
0 0.618744 0.812025 0.008398 0.004990
0 0.640578 0.800143 0.008398 0.004990
0 0.674505 0.797766 0.008398 0.004990
0 0.695667 0.812025 0.008398 0.004990
0 0.716829 0.809648 0.008398 0.004990
0 0.738327 0.793013 0.008398 0.004990
0 0.764864 0.809648 0.008398 0.004990
0 0.786026 0.809648 0.008398 0.004990
0 0.807188 0.807272 0.008398 0.004990
0 0.828687 0.795390 0.008398 0.004990
0 0.849849 0.795390 0.008398 0.004990
0 0.933826 0.795390 0.008398 0.004990
0 0.152838 0.078184 0.008398 0.004990
0 0.200202 0.078184 0.008398 0.004990
0 0.247565 0.078184 0.008398 0.004990
0 0.295264 0.078184 0.008398 0.004990
0 0.342627 0.078184 0.008398 0.004990
0 0.389990 0.078184 0.008398 0.004990
0 0.451797 0.078184 0.008398 0.004990
0 0.529728 0.078184 0.008398 0.004990
0 0.587840 0.075808 0.008398 0.004990
0 0.606987 0.078184 0.008398 0.004990
0 0.697346 0.080561 0.008398 0.004990
0 0.738327 0.080561 0.008398 0.004990
0 0.778972 0.071055 0.008398 0.004990
0 0.819617 0.071055 0.008398 0.004990
0 0.860262 0.071055 0.008398 0.004990
0 0.891166 0.073432 0.008398 0.004990
0 0.924421 0.075808 0.008398 0.004990
0 0.156533 0.291112 0.008398 0.004990
0 0.317098 0.291112 0.008398 0.004990
0 0.412496 0.288736 0.008398 0.004990
0 0.457843 0.288736 0.008398 0.004990
0 0.503191 0.284221 0.008398 0.004990
0 0.695667 0.284221 0.008398 0.004990
0 0.738999 0.286597 0.008398 0.004990
0 0.782331 0.288736 0.008398 0.004990
0 0.911992 0.286597 0.008398 0.004990
0 0.154854 0.497624 0.008398 0.004990
0 0.420894 0.497624 0.008398 0.004990
0 0.735976 0.499762 0.008398 0.004990
0 0.823648 0.499762 0.008398 0.004990
0 0.867316 0.499762 0.008398 0.004990
0 0.911320 0.499762 0.008398 0.004990
0 0.155190 0.714829 0.008398 0.004990
0 0.214982 0.712452 0.008398 0.004990
0 0.235808 0.712452 0.008398 0.004990
0 0.274437 0.714829 0.008398 0.004990
0 0.349681 0.710076 0.008398 0.004990
0 0.444407 0.712452 0.008398 0.004990
0 0.531072 0.710076 0.008398 0.004990
0 0.574068 0.712452 0.008398 0.004990
0 0.618744 0.710076 0.008398 0.004990
0 0.674505 0.712452 0.008398 0.004990
0 0.738327 0.707700 0.008398 0.004990
0 0.764864 0.707700 0.008398 0.004990
0 0.807188 0.710076 0.008398 0.004990
0 0.912664 0.707700 0.008398 0.004990
