0 0.189117 0.337452 0.009741 0.005466
0 0.189117 0.327471 0.009741 0.005466
0 0.308028 0.324857 0.009741 0.005466
0 0.308028 0.319867 0.009741 0.005466
0 0.440040 0.337452 0.009741 0.005466
0 0.440040 0.327471 0.009741 0.005466
0 0.568357 0.324857 0.009741 0.005466
0 0.568357 0.319867 0.009741 0.005466
0 0.717837 0.337452 0.009741 0.005466
0 0.717837 0.327471 0.009741 0.005466
0 0.836748 0.317253 0.009741 0.005466
0 0.836748 0.312262 0.009741 0.005466
0 0.308028 0.309648 0.009070 0.005466
0 0.367820 0.312262 0.009070 0.005466
0 0.397380 0.314876 0.009070 0.005466
0 0.568021 0.309648 0.009070 0.005466
0 0.632180 0.312262 0.009070 0.005466
0 0.664427 0.314876 0.009070 0.005466
0 0.836748 0.304658 0.009070 0.005466
0 0.896204 0.302281 0.009070 0.005466
0 0.132684 0.625000 0.009741 0.005466
0 0.132684 0.615019 0.009741 0.005466
0 0.236144 0.597196 0.009070 0.005466
0 0.287874 0.594819 0.009070 0.005466
0 0.355391 0.594819 0.009070 0.005466
0 0.429963 0.594819 0.009070 0.005466
0 0.504199 0.597196 0.009070 0.005466
0 0.578771 0.599810 0.009070 0.005466
0 0.616056 0.602424 0.009070 0.005466
0 0.666779 0.625000 0.009741 0.005466
0 0.811219 0.594819 0.009741 0.005466
0 0.811219 0.589829 0.009741 0.005466
0 0.128989 0.912310 0.014108 0.005466
0 0.128989 0.894487 0.014108 0.005466
0 0.390662 0.904705 0.009741 0.005466
0 0.520994 0.869297 0.009070 0.005466
0 0.585825 0.866683 0.009070 0.005466
0 0.618408 0.864306 0.009070 0.005466
0 0.667786 0.902091 0.009741 0.005466
0 0.811891 0.849097 0.009741 0.005466
0 0.811891 0.838878 0.009741 0.005466
0 0.811891 0.833888 0.009741 0.005466
0 0.236144 0.567015 0.009741 0.005466
0 0.236144 0.562025 0.009741 0.005466
0 0.355727 0.567015 0.014108 0.005466
0 0.355727 0.562025 0.014108 0.005466
0 0.811219 0.559411 0.009070 0.005466
0 0.883440 0.556797 0.009070 0.005466
0 0.919382 0.554420 0.009070 0.005466
0 0.248908 0.841492 0.009070 0.005466
0 0.248908 0.831511 0.009070 0.005466
0 0.309036 0.838878 0.009070 0.005466
0 0.309036 0.831511 0.009070 0.005466
0 0.520994 0.836502 0.009741 0.005466
0 0.218677 0.268298 0.009070 0.005466
0 0.248572 0.265922 0.009070 0.005466
0 0.278468 0.283508 0.009070 0.005466
0 0.337924 0.263308 0.009070 0.005466
0 0.367820 0.260694 0.009070 0.005466
0 0.397380 0.278517 0.009070 0.005466
0 0.471952 0.268298 0.009070 0.005466
0 0.504199 0.265922 0.009070 0.005466
0 0.536110 0.283508 0.009070 0.005466
0 0.600269 0.275903 0.009070 0.005466
0 0.632180 0.270913 0.009070 0.005466
0 0.664427 0.260694 0.009070 0.005466
0 0.747397 0.263308 0.009070 0.005466
0 0.777293 0.260694 0.009070 0.005466
0 0.806853 0.278517 0.009070 0.005466
0 0.866308 0.260694 0.009070 0.005466
0 0.896204 0.258317 0.009070 0.005466
0 0.925764 0.275903 0.009070 0.005466
0 0.158549 0.554420 0.009070 0.005466
0 0.184414 0.549430 0.009070 0.005466
0 0.210279 0.567015 0.009070 0.005466
0 0.262009 0.556797 0.009070 0.005466
0 0.287874 0.549430 0.009070 0.005466
0 0.313403 0.539211 0.009070 0.005466
0 0.392677 0.539211 0.009070 0.005466
0 0.429963 0.549430 0.009070 0.005466
0 0.467249 0.556797 0.009070 0.005466
0 0.541485 0.539211 0.009070 0.005466
0 0.578771 0.549430 0.009070 0.005466
0 0.616056 0.556797 0.009070 0.005466
0 0.702721 0.536597 0.009070 0.005466
0 0.738663 0.549430 0.009070 0.005466
0 0.774941 0.556797 0.009070 0.005466
0 0.847162 0.536597 0.009070 0.005466
0 0.883440 0.549430 0.009070 0.005466
0 0.922405 0.562025 0.009070 0.005466
0 0.158549 0.813688 0.009070 0.005466
0 0.188781 0.826283 0.009070 0.005466
0 0.218677 0.836502 0.009070 0.005466
0 0.279140 0.816302 0.009070 0.005466
0 0.309036 0.826283 0.009070 0.005466
0 0.339268 0.836502 0.009070 0.005466
0 0.423245 0.818679 0.009070 0.005466
0 0.455828 0.828897 0.009070 0.005466
0 0.488411 0.841492 0.009070 0.005466
0 0.553577 0.821293 0.009070 0.005466
0 0.585825 0.828897 0.009070 0.005466
0 0.618408 0.831511 0.009070 0.005466
0 0.618408 0.823907 0.009070 0.005466
0 0.703729 0.826283 0.009070 0.005466
0 0.739671 0.831511 0.009070 0.005466
0 0.775613 0.844106 0.009070 0.005466
0 0.847497 0.823907 0.009070 0.005466
0 0.883440 0.838878 0.009070 0.005466
0 0.919718 0.826283 0.009070 0.005466
0 0.367820 0.197481 0.009070 0.005466
0 0.440040 0.197481 0.009741 0.005466
0 0.568021 0.197481 0.009070 0.005466
0 0.600269 0.200095 0.009070 0.005466
0 0.632180 0.202709 0.009070 0.005466
0 0.664427 0.200095 0.009070 0.005466
0 0.717837 0.205086 0.009741 0.005466
0 0.836748 0.207700 0.009070 0.005466
0 0.925764 0.207700 0.009070 0.005466
0 0.132684 0.475523 0.009741 0.005466
0 0.236144 0.475523 0.009070 0.005466
0 0.392677 0.470295 0.009070 0.005466
0 0.429963 0.470295 0.009070 0.005466
0 0.467249 0.470295 0.009070 0.005466
0 0.504199 0.470295 0.009070 0.005466
0 0.541485 0.470295 0.009070 0.005466
0 0.578771 0.470295 0.009070 0.005466
0 0.616056 0.470295 0.009070 0.005466
0 0.666443 0.467918 0.009070 0.005466
0 0.774941 0.467918 0.009070 0.005466
0 0.811219 0.467918 0.009070 0.005466
0 0.847162 0.467918 0.009070 0.005466
0 0.883440 0.465304 0.009070 0.005466
0 0.919382 0.462928 0.009070 0.005466
0 0.128653 0.750475 0.009741 0.005466
0 0.248908 0.752852 0.009070 0.005466
0 0.309036 0.755466 0.009070 0.005466
0 0.390662 0.755466 0.009741 0.005466
0 0.520994 0.765447 0.009070 0.005466
0 0.667786 0.760456 0.009070 0.005466
0 0.739671 0.760456 0.009070 0.005466
0 0.811555 0.757842 0.009070 0.005466
0 0.919718 0.763070 0.009070 0.005466
