0 0.177360 0.873812 0.008734 0.004990
0 0.304333 0.862167 0.008398 0.004990
0 0.367820 0.864544 0.008398 0.004990
0 0.446423 0.866920 0.008398 0.004990
0 0.503863 0.871435 0.008398 0.004990
0 0.561639 0.869059 0.008734 0.004990
0 0.694323 0.871435 0.008398 0.004990
0 0.759825 0.873812 0.008398 0.004990
0 0.792408 0.875951 0.008398 0.004990
0 0.824992 0.878327 0.008398 0.004990
0 0.890158 0.873812 0.008398 0.004990
0 0.180719 0.209363 0.008734 0.004990
0 0.180719 0.193441 0.008734 0.004990
0 0.272086 0.209363 0.008734 0.004990
0 0.272086 0.193441 0.008734 0.004990
0 0.400067 0.211740 0.008734 0.004990
0 0.400067 0.195580 0.008734 0.004990
0 0.505207 0.216255 0.008734 0.004990
0 0.505207 0.200333 0.008734 0.004990
0 0.586832 0.209363 0.008734 0.004990
0 0.586832 0.193441 0.008734 0.004990
0 0.803829 0.202471 0.008734 0.004990
0 0.803829 0.186549 0.008734 0.004990
0 0.903930 0.211740 0.008734 0.004990
0 0.903930 0.195580 0.008734 0.004990
0 0.180719 0.425380 0.008734 0.004990
0 0.180719 0.409221 0.008734 0.004990
0 0.276789 0.427757 0.008734 0.004990
0 0.276789 0.411597 0.008734 0.004990
0 0.353376 0.427757 0.008734 0.004990
0 0.353376 0.411597 0.008734 0.004990
0 0.537790 0.429895 0.008734 0.004990
0 0.537790 0.413973 0.008734 0.004990
0 0.656701 0.429895 0.008734 0.004990
0 0.656701 0.413973 0.008734 0.004990
0 0.765872 0.432272 0.008734 0.004990
0 0.765872 0.416112 0.008734 0.004990
0 0.833053 0.436787 0.008734 0.004990
0 0.833053 0.420865 0.008734 0.004990
0 0.170977 0.650428 0.008734 0.004990
0 0.170977 0.634268 0.008734 0.004990
0 0.299966 0.648051 0.008734 0.004990
0 0.299966 0.631892 0.008734 0.004990
0 0.457843 0.650428 0.012765 0.004990
0 0.457843 0.634268 0.012765 0.004990
0 0.638898 0.650428 0.008398 0.004990
0 0.638898 0.634268 0.008398 0.004990
0 0.678535 0.650428 0.008398 0.004990
0 0.678535 0.634268 0.008398 0.004990
0 0.718173 0.648051 0.008398 0.004990
0 0.718173 0.631892 0.008398 0.004990
0 0.757810 0.645675 0.008398 0.004990
0 0.757810 0.629753 0.008398 0.004990
0 0.797111 0.643536 0.008398 0.004990
0 0.797111 0.627376 0.008398 0.004990
0 0.876386 0.648051 0.008398 0.004990
0 0.876386 0.631892 0.008398 0.004990
0 0.177360 0.864544 0.008398 0.004990
0 0.209271 0.860029 0.008398 0.004990
0 0.240846 0.857652 0.008398 0.004990
0 0.272758 0.860029 0.008398 0.004990
0 0.304333 0.862167 0.008398 0.004990
0 0.336245 0.860029 0.008398 0.004990
0 0.367820 0.857652 0.008398 0.004990
0 0.399731 0.853137 0.008398 0.004990
0 0.446423 0.860029 0.008398 0.004990
0 0.475311 0.864544 0.008398 0.004990
0 0.503863 0.862167 0.008398 0.004990
0 0.532751 0.857652 0.008398 0.004990
0 0.561303 0.860029 0.008398 0.004990
0 0.619080 0.862167 0.008398 0.004990
0 0.647632 0.864544 0.008398 0.004990
0 0.694323 0.860029 0.008398 0.004990
0 0.727242 0.855276 0.008398 0.004990
0 0.759825 0.857652 0.008398 0.004990
0 0.792408 0.864544 0.008398 0.004990
0 0.824992 0.862167 0.008398 0.004990
0 0.857575 0.864544 0.008398 0.004990
0 0.890158 0.866920 0.008398 0.004990
0 0.922741 0.857652 0.008398 0.004990
0 0.400403 0.151616 0.012765 0.004990
0 0.400403 0.135456 0.012765 0.004990
0 0.876386 0.593869 0.008398 0.004990
0 0.876386 0.589354 0.008398 0.004990
0 0.177360 0.817728 0.008734 0.004990
0 0.304333 0.810837 0.008398 0.004990
0 0.304333 0.806321 0.008398 0.004990
0 0.367820 0.810837 0.008398 0.004990
0 0.446423 0.820105 0.008734 0.004990
0 0.561303 0.813213 0.008398 0.004990
0 0.590191 0.817728 0.008398 0.004990
0 0.619080 0.815352 0.008398 0.004990
0 0.647632 0.813213 0.008398 0.004990
0 0.694323 0.815352 0.008398 0.004990
0 0.759825 0.817728 0.008398 0.004990
0 0.824992 0.817728 0.008398 0.004990
0 0.890158 0.817728 0.008398 0.004990
0 0.180719 0.158508 0.008734 0.004990
0 0.180719 0.149240 0.008734 0.004990
0 0.180719 0.142348 0.008734 0.004990
0 0.272086 0.149240 0.008734 0.004990
0 0.272086 0.142348 0.008734 0.004990
0 0.272086 0.133317 0.008734 0.004990
0 0.405106 0.140209 0.008734 0.004990
0 0.505207 0.140209 0.008734 0.004990
0 0.586832 0.149240 0.008734 0.004990
0 0.586832 0.137833 0.008734 0.004990
0 0.586832 0.133317 0.008734 0.004990
0 0.803829 0.153992 0.008734 0.004990
0 0.803829 0.142348 0.008734 0.004990
0 0.803829 0.137833 0.008734 0.004990
0 0.903930 0.151616 0.008734 0.004990
0 0.903930 0.140209 0.008734 0.004990
0 0.903930 0.135456 0.008734 0.004990
0 0.180719 0.379515 0.008734 0.004990
0 0.180719 0.367871 0.008734 0.004990
0 0.180719 0.363356 0.008734 0.004990
0 0.276789 0.367871 0.008734 0.004990
0 0.276789 0.363356 0.008734 0.004990
0 0.276789 0.351949 0.008734 0.004990
0 0.353376 0.370247 0.008734 0.004990
0 0.353376 0.363356 0.008734 0.004990
0 0.353376 0.354087 0.008734 0.004990
0 0.537790 0.381654 0.008734 0.004990
0 0.537790 0.372624 0.008734 0.004990
0 0.537790 0.365732 0.008734 0.004990
0 0.656701 0.372624 0.008734 0.004990
0 0.656701 0.365732 0.008734 0.004990
0 0.656701 0.356464 0.008734 0.004990
0 0.765872 0.374762 0.008734 0.004990
0 0.765872 0.363356 0.008734 0.004990
0 0.765872 0.358840 0.008734 0.004990
0 0.833053 0.374762 0.008734 0.004990
0 0.833053 0.370247 0.008734 0.004990
0 0.833053 0.358840 0.008734 0.004990
0 0.170977 0.589354 0.008734 0.004990
0 0.170977 0.584601 0.008734 0.004990
0 0.170977 0.573194 0.008734 0.004990
0 0.299966 0.589354 0.008734 0.004990
0 0.299966 0.582462 0.008734 0.004990
0 0.299966 0.573194 0.008734 0.004990
0 0.457843 0.591492 0.008734 0.004990
0 0.457843 0.580086 0.008734 0.004990
0 0.457843 0.575570 0.008734 0.004990
0 0.551562 0.593869 0.008734 0.004990
0 0.551562 0.582462 0.008734 0.004990
0 0.551562 0.577709 0.008734 0.004990
0 0.638898 0.598384 0.008398 0.004990
0 0.638898 0.591492 0.008398 0.004990
0 0.638898 0.582462 0.008398 0.004990
0 0.718173 0.598384 0.008398 0.004990
0 0.718173 0.589354 0.008398 0.004990
0 0.718173 0.584601 0.008398 0.004990
0 0.757810 0.598384 0.008398 0.004990
0 0.765200 0.596245 0.008398 0.004990
0 0.757810 0.586977 0.008398 0.004990
0 0.797111 0.598384 0.008398 0.004990
0 0.804837 0.596245 0.008398 0.004990
0 0.797111 0.586977 0.008398 0.004990
0 0.836748 0.600760 0.008398 0.004990
0 0.836748 0.596245 0.008398 0.004990
0 0.836748 0.584601 0.008398 0.004990
0 0.876386 0.584601 0.008398 0.004990
0 0.915687 0.582462 0.008398 0.004990
0 0.177360 0.808460 0.008398 0.004990
0 0.209271 0.813213 0.008398 0.004990
0 0.240846 0.810837 0.008398 0.004990
0 0.272758 0.806321 0.008398 0.004990
0 0.304333 0.799430 0.008398 0.004990
0 0.336245 0.801568 0.008398 0.004990
0 0.367820 0.806321 0.008398 0.004990
0 0.399731 0.808460 0.008398 0.004990
0 0.446423 0.803945 0.008398 0.004990
0 0.503863 0.815352 0.008398 0.004990
0 0.561303 0.813213 0.008398 0.004990
0 0.619080 0.810837 0.008398 0.004990
0 0.647632 0.808460 0.008398 0.004990
0 0.694323 0.808460 0.008398 0.004990
0 0.759825 0.810837 0.008398 0.004990
0 0.792408 0.808460 0.008398 0.004990
0 0.824992 0.806321 0.008398 0.004990
0 0.857575 0.808460 0.008398 0.004990
0 0.890158 0.810837 0.008398 0.004990
0 0.922741 0.810837 0.008398 0.004990
0 0.180719 0.076996 0.008398 0.004990
0 0.226402 0.083888 0.008398 0.004990
0 0.272086 0.083888 0.008398 0.004990
0 0.300638 0.083888 0.008398 0.004990
0 0.328855 0.086264 0.008398 0.004990
0 0.357407 0.083888 0.008398 0.004990
0 0.400067 0.079373 0.008398 0.004990
0 0.446758 0.081749 0.008398 0.004990
0 0.475983 0.081749 0.008398 0.004990
0 0.505207 0.079373 0.008734 0.004990
0 0.586832 0.079373 0.008398 0.004990
0 0.641921 0.083888 0.008398 0.004990
0 0.670474 0.086264 0.008398 0.004990
0 0.698690 0.088641 0.008398 0.004990
0 0.727242 0.086264 0.008398 0.004990
0 0.755459 0.083888 0.008398 0.004990
0 0.803829 0.076996 0.008398 0.004990
0 0.839772 0.079373 0.008398 0.004990
0 0.863285 0.081749 0.008398 0.004990
0 0.250252 0.305846 0.008398 0.004990
0 0.276789 0.301331 0.008734 0.004990
0 0.353376 0.301331 0.008398 0.004990
0 0.391669 0.301331 0.008398 0.004990
0 0.430299 0.298954 0.008398 0.004990
0 0.492442 0.301331 0.008398 0.004990
0 0.537790 0.303470 0.008398 0.004990
0 0.567350 0.310361 0.008398 0.004990
0 0.597246 0.312738 0.008398 0.004990
0 0.626806 0.310361 0.008398 0.004990
0 0.656701 0.305846 0.008398 0.004990
0 0.704400 0.308222 0.008398 0.004990
0 0.863621 0.308222 0.008398 0.004990
0 0.894189 0.308222 0.008398 0.004990
0 0.924756 0.301331 0.008398 0.004990
0 0.170977 0.521863 0.008398 0.004990
0 0.228082 0.524240 0.008398 0.004990
0 0.299631 0.528755 0.008398 0.004990
0 0.335573 0.528755 0.008398 0.004990
0 0.371179 0.531131 0.008398 0.004990
0 0.407121 0.533270 0.008398 0.004990
0 0.457508 0.524240 0.008398 0.004990
0 0.836748 0.528755 0.008398 0.004990
0 0.876386 0.528755 0.008398 0.004990
0 0.915687 0.526378 0.008398 0.004990
0 0.177360 0.744534 0.008398 0.004990
0 0.240846 0.746911 0.008398 0.004990
0 0.304333 0.735266 0.008398 0.004990
0 0.336245 0.737643 0.008398 0.004990
0 0.367820 0.742158 0.008398 0.004990
0 0.399731 0.744534 0.008398 0.004990
0 0.446423 0.740019 0.008398 0.004990
0 0.503863 0.751426 0.008398 0.004990
0 0.561303 0.749049 0.008398 0.004990
0 0.619080 0.746911 0.008398 0.004990
0 0.647632 0.744534 0.008398 0.004990
0 0.694323 0.744534 0.008398 0.004990
0 0.727242 0.744534 0.008398 0.004990
0 0.759825 0.737643 0.008398 0.004990
0 0.824992 0.737643 0.008398 0.004990
0 0.857575 0.737643 0.008398 0.004990
0 0.890158 0.735266 0.008398 0.004990
0 0.922741 0.737643 0.008398 0.004990
