0 0.132012 0.188451 0.008398 0.004990
0 0.285858 0.204848 0.008398 0.004990
0 0.302990 0.202471 0.008398 0.004990
0 0.320121 0.204848 0.008398 0.004990
0 0.350689 0.202471 0.008398 0.004990
0 0.491770 0.186074 0.008398 0.004990
0 0.507222 0.183698 0.008398 0.004990
0 0.523010 0.186074 0.008398 0.004990
0 0.549547 0.188451 0.008398 0.004990
0 0.698018 0.204848 0.008398 0.004990
0 0.714478 0.202471 0.008398 0.004990
0 0.730937 0.204848 0.008398 0.004990
0 0.768895 0.202471 0.008398 0.004990
0 0.861942 0.186074 0.008398 0.004990
0 0.908633 0.183698 0.008398 0.004990
0 0.125966 0.345532 0.008398 0.004990
0 0.172993 0.362167 0.008398 0.004990
0 0.219684 0.364544 0.008398 0.004990
0 0.266711 0.347909 0.008398 0.004990
0 0.282163 0.345532 0.008398 0.004990
0 0.297951 0.347909 0.008398 0.004990
0 0.324824 0.350285 0.008398 0.004990
0 0.373194 0.366920 0.008398 0.004990
0 0.425932 0.369297 0.008398 0.004990
0 0.474303 0.352662 0.008398 0.004990
0 0.547195 0.355038 0.008398 0.004990
0 0.596238 0.352662 0.008398 0.004990
0 0.622775 0.350285 0.008398 0.004990
0 0.649647 0.352662 0.008398 0.004990
0 0.698354 0.369297 0.008398 0.004990
0 0.767551 0.362167 0.008398 0.004990
0 0.814578 0.357414 0.008398 0.004990
0 0.861270 0.352662 0.008398 0.004990
0 0.908297 0.345532 0.008398 0.004990
0 0.125966 0.525428 0.008398 0.004990
0 0.176352 0.523051 0.008398 0.004990
0 0.224723 0.520675 0.008398 0.004990
0 0.239503 0.523051 0.008398 0.004990
0 0.293920 0.539449 0.008398 0.004990
0 0.371179 0.532557 0.008398 0.004990
0 0.385287 0.527804 0.008398 0.004990
0 0.399395 0.523051 0.008398 0.004990
0 0.413839 0.532557 0.008398 0.004990
0 0.427948 0.527804 0.008398 0.004990
0 0.442056 0.523051 0.008398 0.004990
0 0.456164 0.532557 0.008398 0.004990
0 0.470608 0.527804 0.008398 0.004990
0 0.484716 0.523051 0.008398 0.004990
0 0.498824 0.532557 0.008398 0.004990
0 0.512932 0.527804 0.008398 0.004990
0 0.533759 0.523051 0.008398 0.004990
0 0.576083 0.530181 0.008398 0.004990
0 0.589856 0.525428 0.008398 0.004990
0 0.603628 0.523051 0.008398 0.004990
0 0.617400 0.530181 0.008398 0.004990
0 0.631508 0.525428 0.008398 0.004990
0 0.645280 0.523051 0.008398 0.004990
0 0.659053 0.530181 0.008398 0.004990
0 0.672825 0.525428 0.008398 0.004990
0 0.686597 0.523051 0.008398 0.004990
0 0.700705 0.530181 0.008398 0.004990
0 0.714478 0.525428 0.008398 0.004990
0 0.728250 0.523051 0.008398 0.004990
0 0.757474 0.530181 0.008398 0.004990
0 0.772590 0.525428 0.008398 0.004990
0 0.792408 0.518298 0.008398 0.004990
0 0.807524 0.530181 0.008398 0.004990
0 0.822640 0.525428 0.008398 0.004990
0 0.843467 0.518298 0.008398 0.004990
0 0.858582 0.530181 0.008398 0.004990
0 0.873698 0.525428 0.008398 0.004990
0 0.888814 0.518298 0.008398 0.004990
0 0.903930 0.530181 0.008398 0.004990
0 0.919046 0.525428 0.008398 0.004990
0 0.939872 0.518298 0.008398 0.004990
0 0.125966 0.712215 0.008398 0.004990
0 0.142761 0.707700 0.008398 0.004990
0 0.159557 0.700570 0.008398 0.004990
0 0.176352 0.712215 0.008398 0.004990
0 0.192812 0.707700 0.008398 0.004990
0 0.209607 0.700570 0.008398 0.004990
0 0.227410 0.712215 0.008398 0.004990
0 0.244206 0.707700 0.008398 0.004990
0 0.260665 0.700570 0.008398 0.004990
0 0.277461 0.709838 0.008398 0.004990
0 0.294256 0.705323 0.008398 0.004990
0 0.310715 0.700570 0.008398 0.004990
0 0.336916 0.707700 0.008398 0.004990
0 0.353040 0.702947 0.008398 0.004990
0 0.369164 0.700570 0.008398 0.004990
0 0.386967 0.712215 0.008398 0.004990
0 0.403090 0.707700 0.008398 0.004990
0 0.419550 0.702947 0.008398 0.004990
0 0.435673 0.712215 0.008398 0.004990
0 0.451797 0.707700 0.008398 0.004990
0 0.468257 0.700570 0.008398 0.004990
0 0.484380 0.712215 0.008398 0.004990
0 0.500504 0.707700 0.008398 0.004990
0 0.516627 0.698194 0.008398 0.004990
0 0.544508 0.726473 0.008398 0.004990
0 0.561303 0.716968 0.008398 0.004990
0 0.578099 0.709838 0.008398 0.004990
0 0.594894 0.724097 0.008398 0.004990
0 0.611690 0.716968 0.008398 0.004990
0 0.629493 0.712215 0.008398 0.004990
0 0.646288 0.721721 0.008398 0.004990
0 0.663084 0.716968 0.008398 0.004990
0 0.679879 0.709838 0.008398 0.004990
0 0.700034 0.721721 0.008398 0.004990
0 0.716829 0.716968 0.008398 0.004990
0 0.733624 0.709838 0.008398 0.004990
0 0.766544 0.719344 0.008398 0.004990
0 0.781659 0.714591 0.008398 0.004990
0 0.796775 0.709838 0.008398 0.004990
0 0.811891 0.719344 0.008398 0.004990
0 0.827007 0.714591 0.008398 0.004990
0 0.842123 0.709838 0.008398 0.004990
0 0.864293 0.719344 0.008398 0.004990
0 0.879409 0.714591 0.008398 0.004990
0 0.894525 0.709838 0.008398 0.004990
0 0.909641 0.719344 0.008398 0.004990
0 0.924756 0.714591 0.008398 0.004990
0 0.939872 0.709838 0.008398 0.004990
0 0.125966 0.899477 0.008398 0.004990
0 0.141082 0.892348 0.008398 0.004990
0 0.156198 0.883080 0.008398 0.004990
0 0.171313 0.899477 0.008398 0.004990
0 0.186429 0.892348 0.008398 0.004990
0 0.201545 0.883080 0.008398 0.004990
0 0.216661 0.899477 0.008398 0.004990
0 0.231777 0.892348 0.008398 0.004990
0 0.246893 0.883080 0.008398 0.004990
0 0.262009 0.899477 0.008398 0.004990
0 0.277125 0.892348 0.008398 0.004990
0 0.292241 0.883080 0.008398 0.004990
0 0.322472 0.899477 0.008398 0.004990
0 0.338260 0.889971 0.008398 0.004990
0 0.354384 0.885456 0.008398 0.004990
0 0.370171 0.899477 0.008398 0.004990
0 0.386295 0.889971 0.008398 0.004990
0 0.402083 0.885456 0.008398 0.004990
0 0.417870 0.899477 0.008398 0.004990
0 0.433994 0.889971 0.008398 0.004990
0 0.449782 0.885456 0.008398 0.004990
0 0.465905 0.899477 0.008398 0.004990
0 0.481693 0.889971 0.008398 0.004990
0 0.497817 0.885456 0.008398 0.004990
0 0.526705 0.897101 0.008398 0.004990
0 0.543836 0.889971 0.008398 0.004990
0 0.560632 0.885456 0.008398 0.004990
0 0.577763 0.897101 0.008398 0.004990
0 0.594894 0.889971 0.008398 0.004990
0 0.612026 0.885456 0.008398 0.004990
0 0.629829 0.894724 0.008398 0.004990
0 0.646960 0.885456 0.008398 0.004990
0 0.663755 0.880703 0.008398 0.004990
0 0.680887 0.889971 0.008398 0.004990
0 0.698018 0.880703 0.008398 0.004990
0 0.715821 0.878327 0.008398 0.004990
0 0.751428 0.885456 0.008398 0.004990
0 0.767887 0.880703 0.008398 0.004990
0 0.784347 0.873574 0.008398 0.004990
0 0.800806 0.885456 0.008398 0.004990
0 0.817602 0.880703 0.008398 0.004990
0 0.839436 0.873574 0.008398 0.004990
0 0.855895 0.885456 0.008398 0.004990
0 0.872355 0.880703 0.008398 0.004990
0 0.888814 0.873574 0.008398 0.004990
0 0.905610 0.885456 0.008398 0.004990
0 0.922069 0.880703 0.008398 0.004990
0 0.938529 0.873574 0.008398 0.004990
0 0.125966 0.474097 0.008398 0.004990
0 0.224723 0.478850 0.008398 0.004990
0 0.132012 0.143536 0.008398 0.004990
0 0.149143 0.134268 0.008398 0.004990
0 0.166275 0.150665 0.008398 0.004990
0 0.183406 0.143536 0.008398 0.004990
0 0.200537 0.134268 0.008398 0.004990
0 0.217669 0.150665 0.008398 0.004990
0 0.234800 0.141160 0.008398 0.004990
0 0.251596 0.134268 0.008398 0.004990
0 0.268727 0.150665 0.008398 0.004990
0 0.285858 0.139021 0.008398 0.004990
0 0.302990 0.134268 0.008398 0.004990
0 0.320121 0.150665 0.008398 0.004990
0 0.350689 0.141160 0.008398 0.004990
0 0.366476 0.136644 0.008398 0.004990
0 0.381928 0.153042 0.008398 0.004990
0 0.397716 0.141160 0.008398 0.004990
0 0.413504 0.136644 0.008398 0.004990
0 0.428955 0.153042 0.008398 0.004990
0 0.444743 0.141160 0.008398 0.004990
0 0.460531 0.136644 0.008398 0.004990
0 0.475983 0.153042 0.008398 0.004990
0 0.491770 0.141160 0.008398 0.004990
0 0.507222 0.136644 0.008398 0.004990
0 0.523010 0.153042 0.008398 0.004990
0 0.549547 0.143536 0.008398 0.004990
0 0.566006 0.134268 0.008398 0.004990
0 0.582466 0.150665 0.008398 0.004990
0 0.598925 0.143536 0.008398 0.004990
0 0.615385 0.134268 0.008398 0.004990
0 0.631844 0.150665 0.008398 0.004990
0 0.648304 0.141160 0.008398 0.004990
0 0.664763 0.134268 0.008398 0.004990
0 0.681559 0.150665 0.008398 0.004990
0 0.698018 0.139021 0.008398 0.004990
0 0.714478 0.134268 0.008398 0.004990
0 0.730937 0.150665 0.008398 0.004990
0 0.768895 0.141160 0.008398 0.004990
0 0.784347 0.136644 0.008398 0.004990
0 0.799798 0.153042 0.008398 0.004990
0 0.815250 0.141160 0.008398 0.004990
0 0.831038 0.136644 0.008398 0.004990
0 0.846490 0.153042 0.008398 0.004990
0 0.861942 0.136644 0.008398 0.004990
0 0.877393 0.124762 0.008398 0.004990
0 0.892845 0.141160 0.008398 0.004990
0 0.908633 0.136644 0.008398 0.004990
0 0.924085 0.127139 0.008398 0.004990
0 0.939536 0.143536 0.008398 0.004990
0 0.125966 0.300856 0.008398 0.004990
0 0.141753 0.293726 0.008398 0.004990
0 0.157205 0.310361 0.008398 0.004990
0 0.172993 0.300856 0.008398 0.004990
0 0.188445 0.293726 0.008398 0.004990
0 0.204232 0.310361 0.008398 0.004990
0 0.219684 0.303232 0.008398 0.004990
0 0.235472 0.296103 0.008398 0.004990
0 0.250924 0.307985 0.008398 0.004990
0 0.266711 0.303232 0.008398 0.004990
0 0.282163 0.296103 0.008398 0.004990
0 0.297951 0.307985 0.008398 0.004990
0 0.324824 0.305608 0.008398 0.004990
0 0.340947 0.298479 0.008398 0.004990
0 0.357071 0.314876 0.008398 0.004990
0 0.373194 0.305608 0.008398 0.004990
0 0.389318 0.298479 0.008398 0.004990
0 0.409809 0.314876 0.008398 0.004990
0 0.425932 0.305608 0.008398 0.004990
0 0.442056 0.300856 0.008398 0.004990
0 0.458179 0.312738 0.008398 0.004990
0 0.474303 0.305608 0.008398 0.004990
0 0.490427 0.300856 0.008398 0.004990
0 0.506550 0.312738 0.008398 0.004990
0 0.547195 0.305608 0.008398 0.004990
0 0.563655 0.298479 0.008398 0.004990
0 0.579778 0.310361 0.008398 0.004990
0 0.596238 0.305608 0.008398 0.004990
0 0.612361 0.298479 0.008398 0.004990
0 0.633188 0.310361 0.008398 0.004990
0 0.649647 0.305608 0.008398 0.004990
0 0.665771 0.300856 0.008398 0.004990
0 0.682230 0.312738 0.008398 0.004990
0 0.698354 0.307985 0.008398 0.004990
0 0.714814 0.303232 0.008398 0.004990
0 0.730937 0.312738 0.008398 0.004990
0 0.767551 0.305608 0.008398 0.004990
0 0.783339 0.300856 0.008398 0.004990
0 0.798791 0.312738 0.008398 0.004990
0 0.814578 0.305608 0.008398 0.004990
0 0.830030 0.300856 0.008398 0.004990
0 0.845818 0.312738 0.008398 0.004990
0 0.861270 0.305608 0.008398 0.004990
0 0.877057 0.300856 0.008398 0.004990
0 0.892509 0.312738 0.008398 0.004990
0 0.908297 0.305608 0.008398 0.004990
0 0.923749 0.300856 0.008398 0.004990
0 0.939536 0.312738 0.008398 0.004990
0 0.125966 0.474097 0.008398 0.004990
0 0.142761 0.467205 0.008398 0.004990
0 0.159557 0.483603 0.008398 0.004990
0 0.176352 0.476473 0.008398 0.004990
0 0.192812 0.467205 0.008398 0.004990
0 0.209607 0.478850 0.008398 0.004990
0 0.239503 0.481226 0.008398 0.004990
0 0.256298 0.469582 0.008398 0.004990
0 0.273094 0.485979 0.008398 0.004990
0 0.293920 0.483603 0.008398 0.004990
0 0.313739 0.471721 0.008398 0.004990
0 0.335909 0.488356 0.008398 0.004990
0 0.371179 0.485979 0.008398 0.004990
0 0.371179 0.481226 0.008398 0.004990
0 0.371179 0.469582 0.008398 0.004990
0 0.617400 0.488356 0.008398 0.004990
0 0.617400 0.471721 0.008398 0.004990
0 0.659053 0.483603 0.008398 0.004990
0 0.659053 0.467205 0.008398 0.004990
0 0.700705 0.478850 0.008398 0.004990
0 0.700705 0.462452 0.008398 0.004990
0 0.757474 0.474097 0.008398 0.004990
0 0.757474 0.457700 0.008398 0.004990
0 0.176352 0.652567 0.008398 0.004990
0 0.227410 0.659696 0.008398 0.004990
0 0.227410 0.643061 0.008398 0.004990
0 0.277461 0.657319 0.008398 0.004990
0 0.277461 0.640922 0.008398 0.004990
0 0.336916 0.654943 0.008398 0.004990
0 0.336916 0.638546 0.008398 0.004990
0 0.386967 0.654943 0.008398 0.004990
0 0.386967 0.638546 0.008398 0.004990
0 0.435673 0.652567 0.008398 0.004990
0 0.435673 0.636169 0.008398 0.004990
0 0.484380 0.650190 0.008398 0.004990
0 0.484380 0.633793 0.008398 0.004990
0 0.544508 0.652567 0.008398 0.004990
0 0.544508 0.636169 0.008398 0.004990
0 0.594894 0.654943 0.008398 0.004990
0 0.594894 0.638546 0.008398 0.004990
0 0.646288 0.657319 0.008398 0.004990
0 0.646288 0.640922 0.008398 0.004990
0 0.700034 0.659696 0.008398 0.004990
0 0.700034 0.643061 0.008398 0.004990
0 0.766544 0.662072 0.008398 0.004990
0 0.766544 0.645437 0.008398 0.004990
0 0.811891 0.666825 0.008398 0.004990
0 0.811891 0.650190 0.008398 0.004990
0 0.864293 0.643061 0.008398 0.004990
0 0.864293 0.626663 0.008398 0.004990
0 0.909641 0.647814 0.008398 0.004990
0 0.909641 0.631416 0.008398 0.004990
0 0.125966 0.833175 0.008398 0.004990
0 0.125966 0.816778 0.008398 0.004990
0 0.171313 0.830798 0.008398 0.004990
0 0.171313 0.814401 0.008398 0.004990
0 0.262009 0.830798 0.008398 0.004990
0 0.262009 0.814401 0.008398 0.004990
0 0.322472 0.852186 0.008398 0.004990
0 0.322472 0.835551 0.008398 0.004990
0 0.370171 0.854563 0.008398 0.004990
0 0.370171 0.837928 0.008398 0.004990
0 0.465905 0.854563 0.008398 0.004990
0 0.465905 0.837928 0.008398 0.004990
0 0.526705 0.849572 0.009741 0.004990
0 0.526705 0.833175 0.009741 0.004990
0 0.905610 0.840304 0.008398 0.004990
0 0.905610 0.823907 0.008398 0.004990
0 0.132012 0.071055 0.008398 0.004990
0 0.183406 0.066540 0.008398 0.004990
0 0.234800 0.068916 0.008398 0.004990
0 0.220356 0.066540 0.006046 0.003327
0 0.285858 0.071055 0.008398 0.004990
0 0.350689 0.068916 0.008398 0.004990
0 0.444743 0.073432 0.008398 0.004990
0 0.491770 0.068916 0.008398 0.004990
0 0.549547 0.071055 0.008398 0.004990
0 0.598925 0.066540 0.008398 0.004990
0 0.648304 0.068916 0.008398 0.004990
0 0.634195 0.066540 0.006046 0.003327
0 0.698018 0.071055 0.008398 0.004990
0 0.768895 0.068916 0.008398 0.004990
0 0.908633 0.071055 0.008398 0.004990
0 0.125966 0.239544 0.008398 0.004990
0 0.172993 0.239544 0.008398 0.004990
0 0.219684 0.241920 0.008398 0.004990
0 0.205576 0.239544 0.006046 0.003327
0 0.266711 0.241920 0.008398 0.004990
0 0.324824 0.241920 0.008398 0.004990
0 0.399395 0.244297 0.008398 0.004990
0 0.425932 0.246673 0.008398 0.004990
0 0.474303 0.246673 0.008398 0.004990
0 0.547195 0.239544 0.008398 0.004990
0 0.596238 0.241920 0.008398 0.004990
0 0.622775 0.244297 0.008398 0.004990
0 0.649647 0.246673 0.008398 0.004990
0 0.698354 0.249049 0.008398 0.004990
0 0.767551 0.246673 0.008398 0.004990
0 0.293920 0.413260 0.008398 0.004990
0 0.371179 0.410884 0.008398 0.004990
0 0.413839 0.410884 0.008398 0.004990
0 0.456164 0.401616 0.008398 0.004990
0 0.523346 0.410884 0.008398 0.004990
0 0.576083 0.413260 0.008398 0.004990
0 0.552570 0.410884 0.006046 0.003327
0 0.617400 0.413260 0.008398 0.004990
0 0.700705 0.413260 0.008398 0.004990
0 0.757474 0.413260 0.008398 0.004990
0 0.807524 0.408508 0.008398 0.004990
0 0.833053 0.403755 0.008398 0.004990
0 0.858582 0.399240 0.008398 0.004990
0 0.929459 0.413260 0.008398 0.004990
0 0.125966 0.586027 0.008398 0.004990
0 0.176352 0.586027 0.008398 0.004990
0 0.227410 0.571768 0.008398 0.004990
0 0.336916 0.571768 0.008398 0.004990
0 0.386967 0.567015 0.008398 0.004990
0 0.435673 0.569392 0.008398 0.004990
0 0.484380 0.571768 0.008398 0.004990
0 0.544508 0.574144 0.008398 0.004990
0 0.594894 0.576521 0.008398 0.004990
0 0.646288 0.578897 0.008398 0.004990
0 0.700034 0.581274 0.008398 0.004990
0 0.766544 0.583650 0.008398 0.004990
0 0.909641 0.583650 0.008398 0.004990
0 0.125966 0.768061 0.008398 0.004990
0 0.171313 0.770437 0.008398 0.004990
0 0.262009 0.770437 0.008398 0.004990
0 0.322472 0.765922 0.008398 0.004990
0 0.465905 0.765922 0.008398 0.004990
0 0.526705 0.761169 0.008398 0.004990
0 0.680887 0.761169 0.008398 0.004990
0 0.751428 0.758793 0.008398 0.004990
0 0.827679 0.761169 0.008398 0.004990
0 0.855895 0.765922 0.008398 0.004990
0 0.905610 0.763546 0.008398 0.004990
