0 0.205240 0.302519 0.008398 0.004753
0 0.268391 0.304895 0.008398 0.004753
0 0.340611 0.307272 0.008398 0.004753
0 0.410480 0.314163 0.008398 0.004753
0 0.489419 0.311787 0.008398 0.004753
0 0.559960 0.309411 0.008398 0.004753
0 0.639234 0.302519 0.008398 0.004753
0 0.705744 0.309411 0.008398 0.004753
0 0.789049 0.302519 0.008398 0.004753
0 0.872019 0.298004 0.008398 0.004753
0 0.112193 0.484078 0.008398 0.004753
0 0.193147 0.500238 0.008398 0.004753
0 0.288881 0.493346 0.008398 0.004753
0 0.369164 0.488593 0.008398 0.004753
0 0.468928 0.484078 0.008398 0.004753
0 0.538797 0.500238 0.008398 0.004753
0 0.620759 0.502376 0.008398 0.004753
0 0.706416 0.502376 0.008398 0.004753
0 0.794760 0.502376 0.008398 0.004753
0 0.875042 0.502376 0.008398 0.004753
0 0.133692 0.705561 0.008398 0.004753
0 0.228418 0.703422 0.008398 0.004753
0 0.266711 0.703422 0.008398 0.004753
0 0.319113 0.696530 0.008398 0.004753
0 0.377225 0.696530 0.008398 0.004753
0 0.450453 0.701046 0.008398 0.004753
0 0.474303 0.701046 0.008398 0.004753
0 0.498488 0.701046 0.008398 0.004753
0 0.522338 0.701046 0.008398 0.004753
0 0.546523 0.701046 0.008398 0.004753
0 0.570709 0.701046 0.008398 0.004753
0 0.594558 0.701046 0.008398 0.004753
0 0.618744 0.701046 0.008398 0.004753
0 0.658045 0.694154 0.008398 0.004753
0 0.731945 0.689639 0.008398 0.004753
0 0.814578 0.684886 0.008398 0.004753
0 0.890494 0.701046 0.008398 0.004753
0 0.112193 0.883555 0.008398 0.004753
0 0.184750 0.878802 0.008398 0.004753
0 0.279812 0.874287 0.008398 0.004753
0 0.346994 0.890447 0.008398 0.004753
0 0.426268 0.892586 0.008398 0.004753
0 0.511253 0.892586 0.008398 0.004753
0 0.604636 0.892586 0.008398 0.004753
0 0.678871 0.892586 0.008398 0.004753
0 0.778636 0.894962 0.008398 0.004753
0 0.876722 0.892586 0.008398 0.004753
0 0.916023 0.892586 0.008398 0.004753
0 0.236816 0.271625 0.008398 0.004753
0 0.236816 0.264734 0.008398 0.004753
0 0.236816 0.259981 0.008398 0.004753
0 0.299966 0.271625 0.008398 0.004753
0 0.299966 0.264734 0.008398 0.004753
0 0.299966 0.259981 0.008398 0.004753
0 0.375546 0.269249 0.008398 0.004753
0 0.375546 0.264734 0.008398 0.004753
0 0.375546 0.259981 0.008398 0.004753
0 0.445415 0.271625 0.008398 0.004753
0 0.445415 0.264734 0.008398 0.004753
0 0.445415 0.259981 0.008398 0.004753
0 0.524689 0.269249 0.008398 0.004753
0 0.524689 0.264734 0.008398 0.004753
0 0.532415 0.262357 0.008398 0.004753
0 0.595230 0.271625 0.008398 0.004753
0 0.595230 0.266873 0.008398 0.004753
0 0.595230 0.262357 0.008398 0.004753
0 0.672489 0.271625 0.008398 0.004753
0 0.672489 0.264734 0.008398 0.004753
0 0.672489 0.259981 0.008398 0.004753
0 0.738999 0.271625 0.008398 0.004753
0 0.738999 0.266873 0.008398 0.004753
0 0.738999 0.262357 0.008398 0.004753
0 0.825999 0.271625 0.008398 0.004753
0 0.825999 0.264734 0.008398 0.004753
0 0.825999 0.259981 0.008398 0.004753
0 0.908969 0.271625 0.008398 0.004753
0 0.908969 0.264734 0.008398 0.004753
0 0.908969 0.259981 0.008398 0.004753
0 0.152503 0.460789 0.008398 0.004753
0 0.152503 0.453897 0.008398 0.004753
0 0.160228 0.451521 0.008398 0.004753
0 0.233456 0.460789 0.008398 0.004753
0 0.233456 0.456036 0.008398 0.004753
0 0.233456 0.451521 0.008398 0.004753
0 0.323816 0.460789 0.008398 0.004753
0 0.323816 0.453897 0.008398 0.004753
0 0.323816 0.449144 0.008398 0.004753
0 0.404434 0.460789 0.008398 0.004753
0 0.404434 0.453897 0.008398 0.004753
0 0.404434 0.449144 0.008398 0.004753
0 0.503863 0.460789 0.008398 0.004753
0 0.503863 0.453897 0.008398 0.004753
0 0.511589 0.451521 0.008398 0.004753
0 0.573732 0.460789 0.008398 0.004753
0 0.573732 0.456036 0.008398 0.004753
0 0.573732 0.451521 0.008398 0.004753
0 0.659053 0.462928 0.008398 0.004753
0 0.659053 0.456036 0.008398 0.004753
0 0.659053 0.451521 0.008398 0.004753
0 0.744709 0.462928 0.008398 0.004753
0 0.744709 0.456036 0.008398 0.004753
0 0.744709 0.451521 0.008398 0.004753
0 0.835069 0.462928 0.008398 0.004753
0 0.835069 0.456036 0.008398 0.004753
0 0.835069 0.451521 0.008398 0.004753
0 0.915015 0.462928 0.008398 0.004753
0 0.915015 0.456036 0.008398 0.004753
0 0.915015 0.451521 0.008398 0.004753
0 0.181055 0.663023 0.008398 0.004753
0 0.181055 0.658508 0.008398 0.004753
0 0.181055 0.653992 0.008398 0.004753
0 0.228418 0.665399 0.008398 0.004753
0 0.228418 0.658508 0.008398 0.004753
0 0.228418 0.653992 0.008398 0.004753
0 0.266711 0.667776 0.008398 0.004753
0 0.274437 0.665399 0.008398 0.004753
0 0.266711 0.660884 0.008398 0.004753
0 0.266711 0.656131 0.008398 0.004753
0 0.348337 0.669914 0.008398 0.004753
0 0.348337 0.665399 0.008398 0.004753
0 0.348337 0.658508 0.008398 0.004753
0 0.406449 0.665399 0.008398 0.004753
0 0.406449 0.658508 0.008398 0.004753
0 0.406449 0.653992 0.008398 0.004753
0 0.450453 0.663023 0.008398 0.004753
0 0.450453 0.658508 0.008398 0.004753
0 0.450453 0.653992 0.008398 0.004753
0 0.474303 0.665399 0.008398 0.004753
0 0.474303 0.658508 0.008398 0.004753
0 0.474303 0.653992 0.008398 0.004753
0 0.498488 0.667776 0.008398 0.004753
0 0.498488 0.656131 0.008398 0.004753
0 0.498488 0.651616 0.008398 0.004753
0 0.522338 0.665399 0.008398 0.004753
0 0.522338 0.656131 0.008398 0.004753
0 0.522338 0.651616 0.008398 0.004753
0 0.546523 0.663023 0.008398 0.004753
0 0.546523 0.656131 0.008398 0.004753
0 0.554249 0.653992 0.008398 0.004753
0 0.570709 0.663023 0.008398 0.004753
0 0.570709 0.656131 0.008398 0.004753
0 0.578435 0.653992 0.008398 0.004753
0 0.594558 0.663023 0.008398 0.004753
0 0.594558 0.658508 0.008398 0.004753
0 0.594558 0.653992 0.008398 0.004753
0 0.618744 0.663023 0.008398 0.004753
0 0.618744 0.658508 0.008398 0.004753
0 0.618744 0.653992 0.008398 0.004753
0 0.688613 0.663023 0.008398 0.004753
0 0.688613 0.656131 0.008398 0.004753
0 0.688613 0.651616 0.008398 0.004753
0 0.762513 0.663023 0.008398 0.004753
0 0.762513 0.656131 0.008398 0.004753
0 0.762513 0.651616 0.008398 0.004753
0 0.857911 0.663023 0.008398 0.004753
0 0.857911 0.656131 0.008398 0.004753
0 0.865637 0.653992 0.008398 0.004753
0 0.922741 0.663023 0.008398 0.004753
0 0.922741 0.658508 0.008398 0.004753
0 0.922741 0.653992 0.008398 0.004753
0 0.144441 0.852424 0.008398 0.004753
0 0.144441 0.845532 0.008398 0.004753
0 0.144441 0.841017 0.008398 0.004753
0 0.216997 0.852424 0.008398 0.004753
0 0.216997 0.845532 0.008398 0.004753
0 0.216997 0.841017 0.008398 0.004753
0 0.313403 0.852424 0.008398 0.004753
0 0.313403 0.845532 0.008398 0.004753
0 0.321129 0.843156 0.008398 0.004753
0 0.380584 0.852424 0.008398 0.004753
0 0.380584 0.847909 0.008398 0.004753
0 0.380584 0.843156 0.008398 0.004753
0 0.462210 0.854800 0.008398 0.004753
0 0.462210 0.847909 0.008398 0.004753
0 0.462210 0.843156 0.008398 0.004753
0 0.547195 0.854800 0.008398 0.004753
0 0.547195 0.847909 0.008398 0.004753
0 0.547195 0.843156 0.008398 0.004753
0 0.641921 0.854800 0.008398 0.004753
0 0.641921 0.847909 0.008398 0.004753
0 0.641921 0.843156 0.008398 0.004753
0 0.715821 0.854800 0.008398 0.004753
0 0.715821 0.847909 0.008398 0.004753
0 0.715821 0.843156 0.008398 0.004753
0 0.827679 0.852424 0.008398 0.004753
0 0.827679 0.847909 0.008398 0.004753
0 0.827679 0.843156 0.008398 0.004753
0 0.876722 0.854800 0.008398 0.004753
0 0.876722 0.847909 0.008398 0.004753
0 0.876722 0.843156 0.008398 0.004753
0 0.916023 0.856939 0.008398 0.004753
0 0.923749 0.854800 0.008398 0.004753
0 0.916023 0.850048 0.008398 0.004753
0 0.916023 0.845532 0.008398 0.004753
0 0.789049 0.216492 0.008398 0.004753
0 0.825999 0.216492 0.008398 0.004753
0 0.848841 0.214116 0.008398 0.004753
0 0.872019 0.211740 0.008398 0.004753
0 0.932146 0.209601 0.008398 0.004753
0 0.112193 0.392110 0.008398 0.004753
0 0.152503 0.392110 0.008398 0.004753
0 0.233456 0.408270 0.008398 0.004753
0 0.288881 0.401378 0.008398 0.004753
0 0.345650 0.399002 0.008398 0.004753
0 0.369164 0.396863 0.008398 0.004753
0 0.426268 0.394487 0.008398 0.004753
0 0.468928 0.392110 0.008398 0.004753
0 0.573732 0.392110 0.008398 0.004753
0 0.620759 0.394487 0.008398 0.004753
0 0.682566 0.394487 0.008398 0.004753
0 0.706416 0.394487 0.008398 0.004753
0 0.744709 0.394487 0.008398 0.004753
0 0.794760 0.394487 0.008398 0.004753
0 0.835069 0.399002 0.008398 0.004753
0 0.915015 0.394487 0.008398 0.004753
0 0.133692 0.582700 0.008398 0.004753
0 0.110850 0.582937 0.005710 0.003327
0 0.124622 0.580561 0.005710 0.003327
0 0.157205 0.585076 0.008398 0.004753
0 0.181055 0.582700 0.008398 0.004753
0 0.204904 0.578184 0.008398 0.004753
0 0.228418 0.585076 0.008398 0.004753
0 0.266711 0.601236 0.008398 0.004753
0 0.266711 0.585076 0.008398 0.004753
0 0.319113 0.594344 0.008398 0.004753
0 0.594558 0.598859 0.008398 0.004753
0 0.658045 0.591968 0.008398 0.004753
0 0.707424 0.589591 0.008398 0.004753
0 0.731945 0.587452 0.008398 0.004753
0 0.781323 0.585076 0.008398 0.004753
0 0.814578 0.582700 0.008398 0.004753
0 0.843131 0.580561 0.008398 0.004753
0 0.857911 0.582700 0.008398 0.004753
0 0.922741 0.598859 0.008398 0.004753
0 0.112193 0.793013 0.008398 0.004753
0 0.164595 0.790637 0.008398 0.004753
0 0.184750 0.788260 0.008398 0.004753
0 0.236816 0.786122 0.008398 0.004753
0 0.279812 0.783745 0.008398 0.004753
0 0.380584 0.783745 0.008398 0.004753
0 0.426268 0.786122 0.008398 0.004753
0 0.484716 0.786122 0.008398 0.004753
0 0.511253 0.779230 0.008398 0.004753
0 0.569365 0.786122 0.008398 0.004753
0 0.604636 0.786122 0.008398 0.004753
0 0.641921 0.786122 0.008398 0.004753
0 0.715821 0.786122 0.008398 0.004753
0 0.778636 0.783745 0.008398 0.004753
0 0.755794 0.783745 0.005710 0.003327
0 0.769903 0.781369 0.005710 0.003327
0 0.803158 0.786122 0.008398 0.004753
0 0.827679 0.783745 0.008398 0.004753
0 0.852200 0.779230 0.008398 0.004753
0 0.876722 0.786122 0.008398 0.004753
0 0.916023 0.802044 0.008398 0.004753
0 0.916023 0.786122 0.008398 0.004753
