0 0.116896 0.265209 0.009070 0.005466
0 0.192812 0.260219 0.009070 0.005466
0 0.269063 0.257605 0.009070 0.005466
0 0.415519 0.260219 0.009070 0.005466
0 0.491434 0.265209 0.009070 0.005466
0 0.586496 0.262595 0.009741 0.005466
0 0.586496 0.252614 0.009741 0.005466
0 0.388982 0.492395 0.009741 0.005466
0 0.691300 0.742158 0.009741 0.005466
0 0.691300 0.724572 0.009741 0.005466
0 0.116896 0.252614 0.009070 0.005466
0 0.116896 0.247624 0.009070 0.005466
0 0.269063 0.252614 0.009070 0.005466
0 0.269063 0.247624 0.009070 0.005466
0 0.898220 0.252614 0.009070 0.005466
0 0.122943 0.492395 0.009070 0.005466
0 0.150823 0.482414 0.009070 0.005466
0 0.179039 0.492395 0.009070 0.005466
0 0.206920 0.492395 0.009070 0.005466
0 0.235136 0.482414 0.009070 0.005466
0 0.263352 0.492395 0.009070 0.005466
0 0.291233 0.492395 0.009070 0.005466
0 0.319449 0.482414 0.009070 0.005466
0 0.347330 0.492395 0.009070 0.005466
0 0.388982 0.482414 0.009741 0.005466
0 0.615049 0.482414 0.009070 0.005466
0 0.685925 0.492395 0.009070 0.005466
0 0.714478 0.482414 0.009070 0.005466
0 0.742694 0.492395 0.009070 0.005466
0 0.771246 0.492395 0.009070 0.005466
0 0.799463 0.482414 0.009070 0.005466
0 0.835069 0.492395 0.009070 0.005466
0 0.863285 0.492395 0.009070 0.005466
0 0.891837 0.482414 0.009070 0.005466
0 0.927108 0.492395 0.009070 0.005466
0 0.125966 0.709601 0.009070 0.005466
0 0.154182 0.722196 0.009070 0.005466
0 0.182734 0.732177 0.009070 0.005466
0 0.213974 0.707224 0.009070 0.005466
0 0.242190 0.722196 0.009070 0.005466
0 0.270742 0.707224 0.009070 0.005466
0 0.298959 0.699620 0.009070 0.005466
0 0.327511 0.707224 0.009070 0.005466
0 0.363117 0.722196 0.009070 0.005466
0 0.412496 0.709601 0.009070 0.005466
0 0.438697 0.722196 0.009070 0.005466
0 0.471952 0.732177 0.009070 0.005466
0 0.498488 0.707224 0.009070 0.005466
0 0.525025 0.722196 0.009070 0.005466
0 0.557944 0.707224 0.009070 0.005466
0 0.584481 0.699620 0.009070 0.005466
0 0.611018 0.707224 0.009070 0.005466
0 0.643937 0.722196 0.009070 0.005466
0 0.721868 0.714591 0.009070 0.005466
0 0.759825 0.707224 0.009070 0.005466
0 0.790057 0.702234 0.009070 0.005466
0 0.820625 0.697243 0.009070 0.005466
0 0.850857 0.692253 0.009070 0.005466
0 0.881424 0.704610 0.009070 0.005466
0 0.881424 0.699620 0.009070 0.005466
0 0.881424 0.694629 0.009070 0.005466
0 0.125630 0.662072 0.009070 0.005466
0 0.213974 0.659696 0.009070 0.005466
0 0.298959 0.659696 0.009070 0.005466
0 0.412160 0.662072 0.009070 0.005466
0 0.498488 0.659696 0.009070 0.005466
0 0.584481 0.659696 0.009070 0.005466
0 0.116896 0.173241 0.009070 0.005466
0 0.116896 0.165637 0.009070 0.005466
0 0.116896 0.160646 0.009070 0.005466
0 0.269063 0.173241 0.009070 0.005466
0 0.269063 0.165637 0.009070 0.005466
0 0.269063 0.160646 0.009070 0.005466
0 0.415519 0.183222 0.009070 0.005466
0 0.415519 0.178232 0.009070 0.005466
0 0.620423 0.198194 0.009070 0.005466
0 0.628821 0.195817 0.009070 0.005466
0 0.662748 0.180846 0.009070 0.005466
0 0.671145 0.178232 0.009070 0.005466
0 0.747733 0.180846 0.009070 0.005466
0 0.756130 0.178232 0.009070 0.005466
0 0.790057 0.163260 0.009070 0.005466
0 0.798455 0.160646 0.009070 0.005466
0 0.122943 0.435124 0.009070 0.005466
0 0.207256 0.435124 0.009741 0.005466
0 0.411824 0.432510 0.009070 0.005466
0 0.420222 0.430133 0.009070 0.005466
0 0.443063 0.414924 0.009070 0.005466
0 0.451461 0.412548 0.009070 0.005466
0 0.505878 0.414924 0.009070 0.005466
0 0.514276 0.412548 0.009070 0.005466
0 0.537118 0.397576 0.009070 0.005466
0 0.545516 0.394962 0.009070 0.005466
0 0.686261 0.435124 0.009741 0.005466
0 0.136715 0.664686 0.009741 0.005466
0 0.422909 0.664686 0.009741 0.005466
0 0.691300 0.644724 0.009741 0.005466
0 0.691300 0.639734 0.009741 0.005466
0 0.881424 0.647101 0.009070 0.005466
0 0.881424 0.642110 0.009070 0.005466
0 0.116896 0.153279 0.009070 0.005466
0 0.142425 0.155656 0.009070 0.005466
0 0.167618 0.160646 0.009070 0.005466
0 0.192812 0.165637 0.009070 0.005466
0 0.218341 0.173241 0.009070 0.005466
0 0.269063 0.153279 0.009070 0.005466
0 0.298287 0.155656 0.009070 0.005466
0 0.327511 0.160646 0.009070 0.005466
0 0.357071 0.165637 0.009070 0.005466
0 0.386295 0.173241 0.009070 0.005466
0 0.441048 0.170627 0.009070 0.005466
0 0.466241 0.173241 0.009070 0.005466
0 0.491434 0.178232 0.009070 0.005466
0 0.516963 0.183222 0.009070 0.005466
0 0.542157 0.190827 0.009070 0.005466
0 0.586161 0.190827 0.009070 0.005466
0 0.713470 0.183222 0.009070 0.005466
0 0.840779 0.190827 0.009070 0.005466
0 0.122943 0.425143 0.009070 0.005466
0 0.206920 0.427519 0.009070 0.005466
0 0.291233 0.427519 0.009070 0.005466
0 0.319449 0.430133 0.009070 0.005466
0 0.347330 0.427519 0.009070 0.005466
0 0.388982 0.425143 0.009070 0.005466
0 0.483037 0.417538 0.009070 0.005466
0 0.576755 0.425143 0.009070 0.005466
0 0.685925 0.425143 0.009070 0.005466
0 0.771246 0.427519 0.009070 0.005466
0 0.863285 0.430133 0.009070 0.005466
0 0.909305 0.427519 0.009070 0.005466
0 0.125966 0.649715 0.009070 0.005466
0 0.213974 0.652091 0.009070 0.005466
0 0.298959 0.654705 0.009070 0.005466
0 0.345314 0.652091 0.009070 0.005466
0 0.412496 0.649715 0.009070 0.005466
0 0.498488 0.652091 0.009070 0.005466
0 0.584481 0.654705 0.009070 0.005466
0 0.627477 0.652091 0.009070 0.005466
0 0.694659 0.649715 0.009070 0.005466
0 0.694659 0.632129 0.009070 0.005466
0 0.790057 0.652091 0.009070 0.005466
0 0.790057 0.634743 0.009070 0.005466
0 0.884447 0.654705 0.009070 0.005466
0 0.884447 0.637120 0.009070 0.005466
0 0.918374 0.652091 0.009070 0.005466
0 0.918374 0.634743 0.009070 0.005466
0 0.116896 0.078422 0.009070 0.005466
0 0.192812 0.073432 0.009070 0.005466
0 0.269063 0.073432 0.009070 0.005466
0 0.415519 0.078422 0.009070 0.005466
0 0.491434 0.073432 0.009070 0.005466
0 0.586496 0.073432 0.009741 0.005466
0 0.206920 0.332700 0.009070 0.005466
0 0.291233 0.335076 0.009070 0.005466
0 0.319449 0.342681 0.009070 0.005466
0 0.347330 0.347671 0.009070 0.005466
0 0.388982 0.347671 0.009070 0.005466
0 0.483037 0.355038 0.009070 0.005466
0 0.545516 0.347671 0.009070 0.005466
0 0.576755 0.342681 0.009070 0.005466
0 0.634531 0.342681 0.009070 0.005466
0 0.771246 0.345057 0.009070 0.005466
0 0.817266 0.347671 0.009070 0.005466
0 0.863285 0.347671 0.009070 0.005466
0 0.891837 0.350048 0.009070 0.005466
0 0.927108 0.352662 0.009070 0.005466
0 0.125966 0.582462 0.009070 0.005466
0 0.154182 0.585076 0.009070 0.005466
0 0.182734 0.582462 0.009070 0.005466
0 0.213974 0.585076 0.009741 0.005466
0 0.455492 0.582462 0.009070 0.005466
0 0.498488 0.580086 0.009070 0.005466
0 0.541485 0.580086 0.009070 0.005466
0 0.584481 0.580086 0.009070 0.005466
0 0.627477 0.580086 0.009070 0.005466
0 0.691300 0.577471 0.009070 0.005466
0 0.740679 0.577471 0.009070 0.005466
0 0.790057 0.569867 0.009070 0.005466
0 0.881424 0.572481 0.009070 0.005466
0 0.918374 0.575095 0.009070 0.005466
