0 0.111186 0.297766 0.009070 0.005466
0 0.111186 0.287785 0.009070 0.005466
0 0.237151 0.297766 0.009070 0.005466
0 0.237151 0.287785 0.009070 0.005466
0 0.357071 0.315589 0.009741 0.005466
0 0.357071 0.297766 0.009741 0.005466
0 0.541149 0.315589 0.009070 0.005466
0 0.541149 0.297766 0.009070 0.005466
0 0.640242 0.280181 0.009070 0.005466
0 0.689956 0.280181 0.009070 0.005466
0 0.758482 0.282557 0.009070 0.005466
0 0.864629 0.310361 0.009070 0.005466
0 0.864629 0.292776 0.009070 0.005466
0 0.111186 0.576283 0.009070 0.005466
0 0.111186 0.558460 0.009070 0.005466
0 0.224387 0.551093 0.009070 0.005466
0 0.287202 0.551093 0.009070 0.005466
0 0.368828 0.561074 0.009070 0.005466
0 0.368828 0.548479 0.009070 0.005466
0 0.423245 0.551093 0.009070 0.005466
0 0.492106 0.578660 0.009070 0.005466
0 0.492106 0.561074 0.009070 0.005466
0 0.619751 0.571293 0.009070 0.005466
0 0.619751 0.561074 0.009070 0.005466
0 0.619751 0.548479 0.009070 0.005466
0 0.800806 0.571293 0.009070 0.005466
0 0.839436 0.543489 0.009070 0.005466
0 0.878065 0.540875 0.009070 0.005466
0 0.916695 0.538260 0.009070 0.005466
0 0.116560 0.800856 0.009070 0.005466
0 0.116560 0.795865 0.009070 0.005466
0 0.305677 0.833650 0.009070 0.005466
0 0.343970 0.805846 0.009070 0.005466
0 0.382264 0.803470 0.009070 0.005466
0 0.420558 0.800856 0.009070 0.005466
0 0.474303 0.803470 0.009070 0.005466
0 0.633188 0.838878 0.009070 0.005466
0 0.673833 0.811074 0.009070 0.005466
0 0.714814 0.808460 0.009070 0.005466
0 0.755459 0.805846 0.009070 0.005466
0 0.808532 0.821055 0.009070 0.005466
0 0.845482 0.793251 0.009070 0.005466
0 0.882096 0.790875 0.009070 0.005466
0 0.918710 0.788260 0.009070 0.005466
0 0.640242 0.225048 0.009070 0.005466
0 0.665099 0.242633 0.009070 0.005466
0 0.665099 0.235266 0.009070 0.005466
0 0.689956 0.227662 0.009070 0.005466
0 0.721196 0.242633 0.009070 0.005466
0 0.721196 0.235266 0.009070 0.005466
0 0.758482 0.227662 0.009070 0.005466
0 0.864629 0.230038 0.009070 0.005466
0 0.887471 0.242633 0.009070 0.005466
0 0.887471 0.237643 0.009070 0.005466
0 0.909976 0.232652 0.009070 0.005466
0 0.932818 0.245247 0.009070 0.005466
0 0.932818 0.237643 0.009070 0.005466
0 0.111186 0.505466 0.009070 0.005466
0 0.142761 0.518061 0.009070 0.005466
0 0.142761 0.510456 0.009070 0.005466
0 0.193147 0.518061 0.009070 0.005466
0 0.193147 0.510456 0.009070 0.005466
0 0.224387 0.497861 0.009070 0.005466
0 0.116560 0.760456 0.009070 0.005466
0 0.474303 0.768061 0.009070 0.005466
0 0.111186 0.237643 0.009070 0.005466
0 0.111186 0.225048 0.009070 0.005466
0 0.137387 0.230038 0.009070 0.005466
0 0.163252 0.235266 0.009070 0.005466
0 0.163252 0.222433 0.009070 0.005466
0 0.196507 0.227662 0.009070 0.005466
0 0.237151 0.237643 0.009070 0.005466
0 0.237151 0.225048 0.009070 0.005466
0 0.263016 0.230038 0.009070 0.005466
0 0.288881 0.235266 0.009070 0.005466
0 0.288881 0.222433 0.009070 0.005466
0 0.315082 0.227662 0.009070 0.005466
0 0.357071 0.237643 0.009070 0.005466
0 0.357071 0.225048 0.009070 0.005466
0 0.377897 0.230038 0.009070 0.005466
0 0.398388 0.235266 0.009070 0.005466
0 0.398388 0.222433 0.009070 0.005466
0 0.420894 0.227662 0.009070 0.005466
0 0.441720 0.237643 0.009070 0.005466
0 0.441720 0.225048 0.009070 0.005466
0 0.462546 0.230038 0.009070 0.005466
0 0.483037 0.235266 0.009070 0.005466
0 0.483037 0.222433 0.009070 0.005466
0 0.503863 0.227662 0.009070 0.005466
0 0.541149 0.237643 0.009070 0.005466
0 0.541149 0.225048 0.009070 0.005466
0 0.566006 0.230038 0.009070 0.005466
0 0.590527 0.235266 0.009070 0.005466
0 0.590527 0.222433 0.009070 0.005466
0 0.615385 0.227662 0.009070 0.005466
0 0.640242 0.225048 0.009070 0.005466
0 0.689956 0.227662 0.009070 0.005466
0 0.758482 0.227662 0.009070 0.005466
0 0.780988 0.240257 0.009070 0.005466
0 0.780988 0.235266 0.009070 0.005466
0 0.834397 0.240257 0.009070 0.005466
0 0.834397 0.235266 0.009070 0.005466
0 0.864629 0.230038 0.009070 0.005466
0 0.909976 0.232652 0.009070 0.005466
0 0.111186 0.505466 0.009070 0.005466
0 0.224387 0.497861 0.009070 0.005466
0 0.255962 0.510456 0.009070 0.005466
0 0.255962 0.505466 0.009070 0.005466
0 0.318777 0.510456 0.009070 0.005466
0 0.318777 0.505466 0.009070 0.005466
0 0.368828 0.513070 0.009070 0.005466
0 0.368828 0.505466 0.009070 0.005466
0 0.368828 0.495485 0.009070 0.005466
0 0.423245 0.510456 0.009070 0.005466
0 0.423245 0.505466 0.009070 0.005466
0 0.423245 0.497861 0.009070 0.005466
0 0.492106 0.513070 0.009070 0.005466
0 0.492106 0.508080 0.009070 0.005466
0 0.492106 0.500475 0.009070 0.005466
0 0.546523 0.515684 0.009070 0.005466
0 0.546523 0.508080 0.009070 0.005466
0 0.546523 0.503089 0.009070 0.005466
0 0.619751 0.513070 0.009070 0.005466
0 0.642929 0.505466 0.009070 0.005466
0 0.666443 0.500475 0.009070 0.005466
0 0.689956 0.495485 0.009070 0.005466
0 0.713470 0.487880 0.009070 0.005466
0 0.750756 0.487880 0.009070 0.005466
0 0.800806 0.485266 0.009070 0.005466
0 0.839436 0.505466 0.009070 0.005466
0 0.839436 0.500475 0.009070 0.005466
0 0.839436 0.490257 0.009070 0.005466
0 0.878065 0.505466 0.009070 0.005466
0 0.878065 0.500475 0.009070 0.005466
0 0.878065 0.492871 0.009070 0.005466
0 0.916695 0.505466 0.009070 0.005466
0 0.916695 0.500475 0.009070 0.005466
0 0.916695 0.495485 0.009070 0.005466
0 0.116560 0.755466 0.009070 0.005466
0 0.153846 0.758080 0.009070 0.005466
0 0.191132 0.752852 0.009070 0.005466
0 0.221700 0.750475 0.009070 0.005466
0 0.259993 0.750475 0.009070 0.005466
0 0.305677 0.747861 0.009070 0.005466
0 0.343970 0.768061 0.009070 0.005466
0 0.343970 0.763070 0.009070 0.005466
0 0.343970 0.752852 0.009070 0.005466
0 0.382264 0.768061 0.009070 0.005466
0 0.382264 0.763070 0.009070 0.005466
0 0.382264 0.755466 0.009070 0.005466
0 0.420558 0.768061 0.009070 0.005466
0 0.420558 0.763070 0.009070 0.005466
0 0.420558 0.758080 0.009070 0.005466
0 0.474303 0.758080 0.009070 0.005466
0 0.510917 0.760456 0.009070 0.005466
0 0.547531 0.755466 0.009070 0.005466
0 0.584145 0.755466 0.009070 0.005466
0 0.633188 0.752852 0.009070 0.005466
0 0.673833 0.770675 0.009070 0.005466
0 0.673833 0.765447 0.009070 0.005466
0 0.673833 0.758080 0.009070 0.005466
0 0.714814 0.770675 0.009070 0.005466
0 0.714814 0.765447 0.009070 0.005466
0 0.714814 0.760456 0.009070 0.005466
0 0.755459 0.770675 0.009070 0.005466
0 0.755459 0.765447 0.009070 0.005466
0 0.763856 0.763070 0.009070 0.005466
0 0.808532 0.735266 0.009070 0.005466
0 0.845482 0.752852 0.009070 0.005466
0 0.845482 0.747861 0.009070 0.005466
0 0.845482 0.740257 0.009070 0.005466
0 0.882096 0.752852 0.009070 0.005466
0 0.882096 0.747861 0.009070 0.005466
0 0.882096 0.742871 0.009070 0.005466
0 0.918710 0.752852 0.009070 0.005466
0 0.910312 0.747861 0.009070 0.005466
0 0.918710 0.745247 0.009070 0.005466
0 0.163252 0.076283 0.009070 0.005466
0 0.196507 0.081274 0.009070 0.005466
0 0.640242 0.083888 0.009070 0.005466
0 0.689956 0.083888 0.009070 0.005466
0 0.224387 0.355989 0.009070 0.005466
0 0.255962 0.350760 0.009070 0.005466
0 0.287202 0.353375 0.009070 0.005466
0 0.318777 0.358365 0.009070 0.005466
0 0.368828 0.360979 0.009070 0.005466
0 0.423245 0.370960 0.009070 0.005466
0 0.458515 0.358365 0.009070 0.005466
0 0.492106 0.360979 0.009070 0.005466
0 0.546523 0.360979 0.009070 0.005466
0 0.111186 0.078897 0.009070 0.005466
0 0.163252 0.076283 0.009070 0.005466
0 0.196507 0.081274 0.009070 0.005466
0 0.237151 0.078897 0.009070 0.005466
0 0.288881 0.076283 0.009070 0.005466
0 0.315082 0.081274 0.009070 0.005466
0 0.357071 0.071293 0.009741 0.005466
0 0.541149 0.088878 0.009070 0.005466
0 0.640242 0.083888 0.009070 0.005466
0 0.689956 0.083888 0.009070 0.005466
0 0.721196 0.083888 0.009070 0.005466
0 0.758482 0.081274 0.009070 0.005466
0 0.803829 0.086502 0.009070 0.005466
0 0.822976 0.083888 0.009070 0.005466
0 0.846154 0.086502 0.009070 0.005466
0 0.864629 0.088878 0.009070 0.005466
0 0.909976 0.091492 0.009070 0.005466
0 0.111186 0.353375 0.009070 0.005466
0 0.224387 0.355989 0.009070 0.005466
0 0.255962 0.350760 0.009070 0.005466
0 0.287202 0.353375 0.009070 0.005466
0 0.318777 0.358365 0.009070 0.005466
0 0.368828 0.360979 0.009070 0.005466
0 0.423245 0.370960 0.009070 0.005466
0 0.458515 0.358365 0.009070 0.005466
0 0.492106 0.360979 0.009070 0.005466
0 0.619751 0.370960 0.009070 0.005466
