0 0.381928 0.612167 0.009741 0.005466
0 0.381928 0.602186 0.009741 0.005466
0 0.820961 0.602186 0.009741 0.005466
0 0.119248 0.837452 0.009741 0.005466
0 0.119248 0.827471 0.009741 0.005466
0 0.262681 0.837452 0.009070 0.005466
0 0.355055 0.847433 0.009741 0.005466
0 0.493114 0.857414 0.009070 0.005466
0 0.493114 0.847433 0.009070 0.005466
0 0.583809 0.867395 0.009741 0.005466
0 0.436681 0.380466 0.009070 0.005466
0 0.436681 0.368108 0.009070 0.005466
0 0.533423 0.383080 0.009070 0.005466
0 0.533423 0.370485 0.009070 0.005466
0 0.614041 0.388070 0.009070 0.005466
0 0.614041 0.375475 0.009070 0.005466
0 0.715821 0.385456 0.009741 0.005466
0 0.715821 0.373099 0.009741 0.005466
0 0.871011 0.385456 0.009070 0.005466
0 0.871011 0.373099 0.009070 0.005466
0 0.118912 0.609791 0.009070 0.005466
0 0.118912 0.597196 0.009070 0.005466
0 0.175344 0.612167 0.009070 0.005466
0 0.175344 0.599810 0.009070 0.005466
0 0.231777 0.617158 0.009070 0.005466
0 0.231777 0.604800 0.009070 0.005466
0 0.316090 0.584601 0.009741 0.005466
0 0.316090 0.572243 0.009741 0.005466
0 0.440040 0.584601 0.009070 0.005466
0 0.440040 0.572243 0.009070 0.005466
0 0.512261 0.584601 0.009070 0.005466
0 0.512261 0.579610 0.009070 0.005466
0 0.573732 0.587215 0.009070 0.005466
0 0.573732 0.582224 0.009070 0.005466
0 0.653342 0.587215 0.009070 0.005466
0 0.653342 0.582224 0.009070 0.005466
0 0.740343 0.589829 0.009741 0.005466
0 0.740343 0.584601 0.009741 0.005466
0 0.119248 0.817490 0.009070 0.005466
0 0.190796 0.819867 0.009070 0.005466
0 0.262681 0.827471 0.009070 0.005466
0 0.355055 0.837452 0.009741 0.005466
0 0.355055 0.824857 0.009741 0.005466
0 0.669802 0.842443 0.009070 0.005466
0 0.725899 0.839829 0.009070 0.005466
0 0.804501 0.834838 0.009070 0.005466
0 0.854887 0.827471 0.009070 0.005466
0 0.905274 0.822481 0.009070 0.005466
0 0.179375 0.296816 0.009070 0.005466
0 0.202217 0.296816 0.009070 0.005466
0 0.210615 0.294202 0.009070 0.005466
0 0.251931 0.296816 0.009070 0.005466
0 0.260329 0.294202 0.009070 0.005466
0 0.282835 0.296816 0.009070 0.005466
0 0.291233 0.294202 0.009070 0.005466
0 0.332550 0.296816 0.009070 0.005466
0 0.340947 0.294202 0.009070 0.005466
0 0.363453 0.296816 0.009070 0.005466
0 0.371851 0.294202 0.009070 0.005466
0 0.428284 0.296816 0.009070 0.005466
0 0.436681 0.294202 0.009070 0.005466
0 0.462210 0.296816 0.009070 0.005466
0 0.470608 0.294202 0.009070 0.005466
0 0.525025 0.296816 0.009070 0.005466
0 0.533423 0.294202 0.009070 0.005466
0 0.558952 0.296816 0.009070 0.005466
0 0.567350 0.294202 0.009070 0.005466
0 0.605643 0.296816 0.009070 0.005466
0 0.614041 0.294202 0.009070 0.005466
0 0.639906 0.296816 0.009070 0.005466
0 0.648304 0.294202 0.009070 0.005466
0 0.707088 0.296816 0.009070 0.005466
0 0.715485 0.294202 0.009070 0.005466
0 0.736984 0.296816 0.009070 0.005466
0 0.745381 0.294202 0.009070 0.005466
0 0.777964 0.296816 0.009070 0.005466
0 0.786362 0.294202 0.009070 0.005466
0 0.807524 0.296816 0.009070 0.005466
0 0.815922 0.294202 0.009070 0.005466
0 0.862613 0.296816 0.009070 0.005466
0 0.871011 0.294202 0.009070 0.005466
0 0.892173 0.296816 0.009070 0.005466
0 0.900571 0.294202 0.009070 0.005466
0 0.110514 0.533983 0.009070 0.005466
0 0.118912 0.531606 0.009070 0.005466
0 0.138394 0.533983 0.009070 0.005466
0 0.146792 0.531606 0.009070 0.005466
0 0.166947 0.533983 0.009070 0.005466
0 0.175344 0.531606 0.009070 0.005466
0 0.194827 0.533983 0.009070 0.005466
0 0.203225 0.531606 0.009070 0.005466
0 0.223379 0.533983 0.009070 0.005466
0 0.231777 0.531606 0.009070 0.005466
0 0.251596 0.533983 0.009070 0.005466
0 0.259993 0.531606 0.009070 0.005466
0 0.307692 0.533983 0.009070 0.005466
0 0.316090 0.531606 0.009070 0.005466
0 0.335909 0.533983 0.009070 0.005466
0 0.343970 0.531606 0.009070 0.005466
0 0.373530 0.533983 0.009070 0.005466
0 0.381928 0.531606 0.009070 0.005466
0 0.401411 0.533983 0.009070 0.005466
0 0.409809 0.531606 0.009070 0.005466
0 0.431643 0.533983 0.009070 0.005466
0 0.440040 0.531606 0.009070 0.005466
0 0.459523 0.533983 0.009070 0.005466
0 0.467921 0.531606 0.009070 0.005466
0 0.503863 0.533983 0.009070 0.005466
0 0.512261 0.531606 0.009070 0.005466
0 0.532079 0.533983 0.009070 0.005466
0 0.540477 0.531606 0.009070 0.005466
0 0.565334 0.533983 0.009070 0.005466
0 0.573732 0.531606 0.009070 0.005466
0 0.593551 0.533983 0.009070 0.005466
0 0.601948 0.531606 0.009070 0.005466
0 0.644945 0.533983 0.009070 0.005466
0 0.653342 0.531606 0.009070 0.005466
0 0.672825 0.533983 0.009070 0.005466
0 0.681223 0.531606 0.009070 0.005466
0 0.731945 0.533983 0.009070 0.005466
0 0.740343 0.531606 0.009070 0.005466
0 0.760161 0.533983 0.009070 0.005466
0 0.768559 0.531606 0.009070 0.005466
0 0.812563 0.533983 0.009070 0.005466
0 0.820961 0.531606 0.009070 0.005466
0 0.840443 0.533983 0.009070 0.005466
0 0.848841 0.531606 0.009070 0.005466
0 0.872691 0.533983 0.009070 0.005466
0 0.880752 0.531606 0.009070 0.005466
0 0.900571 0.533983 0.009070 0.005466
0 0.908969 0.531606 0.009070 0.005466
0 0.110850 0.769249 0.009070 0.005466
0 0.119248 0.766873 0.009070 0.005466
0 0.138730 0.769249 0.009070 0.005466
0 0.147128 0.766873 0.009070 0.005466
0 0.182398 0.769249 0.009070 0.005466
0 0.190796 0.766873 0.009070 0.005466
0 0.210615 0.769249 0.009070 0.005466
0 0.219012 0.766873 0.009070 0.005466
0 0.254283 0.769249 0.009070 0.005466
0 0.262681 0.766873 0.009070 0.005466
0 0.282163 0.769249 0.009070 0.005466
0 0.290561 0.766873 0.009070 0.005466
0 0.346658 0.769249 0.009070 0.005466
0 0.355055 0.766873 0.009070 0.005466
0 0.374538 0.769249 0.009070 0.005466
0 0.382936 0.766873 0.009070 0.005466
0 0.415519 0.769249 0.009070 0.005466
0 0.423917 0.766873 0.009070 0.005466
0 0.443735 0.769249 0.009070 0.005466
0 0.451797 0.766873 0.009070 0.005466
0 0.484716 0.769249 0.009070 0.005466
0 0.493114 0.766873 0.009070 0.005466
0 0.512597 0.769249 0.009070 0.005466
0 0.520994 0.766873 0.009070 0.005466
0 0.583473 0.769249 0.009070 0.005466
0 0.583473 0.759268 0.009070 0.005466
0 0.610682 0.769249 0.009070 0.005466
0 0.610682 0.759268 0.009070 0.005466
0 0.669802 0.769249 0.009070 0.005466
0 0.669802 0.759268 0.009070 0.005466
0 0.697010 0.769249 0.009070 0.005466
0 0.697010 0.759268 0.009070 0.005466
0 0.725899 0.769249 0.009070 0.005466
0 0.725899 0.759268 0.009070 0.005466
0 0.753107 0.769249 0.009070 0.005466
0 0.753107 0.759268 0.009070 0.005466
0 0.804501 0.764259 0.009070 0.005466
0 0.831710 0.764259 0.009070 0.005466
0 0.854887 0.759268 0.009070 0.005466
0 0.882096 0.759268 0.009070 0.005466
0 0.905274 0.759268 0.009070 0.005466
0 0.932482 0.759268 0.009070 0.005466
0 0.179375 0.296816 0.009070 0.005466
0 0.187773 0.294202 0.009070 0.005466
0 0.210615 0.279230 0.009070 0.005466
0 0.219012 0.276616 0.009070 0.005466
0 0.260329 0.294202 0.009070 0.005466
0 0.291233 0.279230 0.009070 0.005466
0 0.299631 0.276616 0.009070 0.005466
0 0.340947 0.294202 0.009070 0.005466
0 0.371851 0.279230 0.009070 0.005466
0 0.380249 0.276616 0.009070 0.005466
0 0.436681 0.294202 0.009070 0.005466
0 0.470608 0.279230 0.009070 0.005466
0 0.479006 0.276616 0.009070 0.005466
0 0.533423 0.294202 0.009070 0.005466
0 0.567350 0.279230 0.009070 0.005466
0 0.575747 0.276616 0.009070 0.005466
0 0.614041 0.294202 0.009070 0.005466
0 0.648304 0.279230 0.009070 0.005466
0 0.656701 0.276616 0.009070 0.005466
0 0.715485 0.294202 0.009070 0.005466
0 0.745381 0.279230 0.009070 0.005466
0 0.753779 0.276616 0.009070 0.005466
0 0.786362 0.294202 0.009070 0.005466
0 0.815922 0.279230 0.009070 0.005466
0 0.824320 0.276616 0.009070 0.005466
0 0.871011 0.294202 0.009070 0.005466
0 0.900571 0.279230 0.009070 0.005466
0 0.908969 0.276616 0.009070 0.005466
0 0.118912 0.531606 0.009070 0.005466
0 0.146792 0.516635 0.009070 0.005466
0 0.155190 0.514021 0.009070 0.005466
0 0.175344 0.531606 0.009070 0.005466
0 0.203225 0.516635 0.009070 0.005466
0 0.211622 0.514021 0.009070 0.005466
0 0.231777 0.531606 0.009070 0.005466
0 0.259993 0.516635 0.009070 0.005466
0 0.268391 0.514021 0.009070 0.005466
0 0.316090 0.531606 0.009070 0.005466
0 0.343970 0.516635 0.009070 0.005466
0 0.352368 0.514021 0.009070 0.005466
0 0.381928 0.531606 0.009070 0.005466
0 0.409809 0.516635 0.009070 0.005466
0 0.418206 0.514021 0.009070 0.005466
0 0.440040 0.531606 0.009070 0.005466
0 0.467921 0.516635 0.009070 0.005466
0 0.476318 0.514021 0.009070 0.005466
0 0.512261 0.531606 0.009070 0.005466
0 0.540477 0.516635 0.009070 0.005466
0 0.548875 0.514021 0.009070 0.005466
0 0.573732 0.531606 0.009070 0.005466
0 0.601948 0.516635 0.009070 0.005466
0 0.610346 0.514021 0.009070 0.005466
0 0.653342 0.531606 0.009070 0.005466
0 0.681223 0.516635 0.009070 0.005466
0 0.689620 0.514021 0.009070 0.005466
0 0.740343 0.531606 0.009070 0.005466
0 0.768559 0.516635 0.009070 0.005466
0 0.776957 0.514021 0.009070 0.005466
0 0.820961 0.531606 0.009070 0.005466
0 0.848841 0.516635 0.009070 0.005466
0 0.857239 0.514021 0.009070 0.005466
0 0.880752 0.531606 0.009070 0.005466
0 0.908969 0.516635 0.009070 0.005466
0 0.917366 0.514021 0.009070 0.005466
0 0.119248 0.766873 0.009070 0.005466
0 0.147128 0.751663 0.009070 0.005466
0 0.155526 0.749287 0.009070 0.005466
0 0.190796 0.766873 0.009070 0.005466
0 0.219012 0.751663 0.009070 0.005466
0 0.227410 0.749287 0.009070 0.005466
0 0.262681 0.766873 0.009070 0.005466
0 0.290561 0.751663 0.009070 0.005466
0 0.298959 0.749287 0.009070 0.005466
0 0.355055 0.766873 0.009070 0.005466
0 0.382936 0.751663 0.009070 0.005466
0 0.391334 0.749287 0.009070 0.005466
0 0.423917 0.766873 0.009070 0.005466
0 0.451797 0.751663 0.009070 0.005466
0 0.460195 0.749287 0.009070 0.005466
0 0.493114 0.766873 0.009070 0.005466
0 0.520994 0.751663 0.009070 0.005466
0 0.529392 0.749287 0.009070 0.005466
0 0.583473 0.759268 0.009070 0.005466
0 0.610682 0.751663 0.009070 0.005466
0 0.610682 0.746673 0.009070 0.005466
0 0.669802 0.759268 0.009070 0.005466
0 0.697010 0.751663 0.009070 0.005466
0 0.697010 0.746673 0.009070 0.005466
0 0.725899 0.759268 0.009070 0.005466
0 0.753107 0.751663 0.009070 0.005466
0 0.753107 0.746673 0.009070 0.005466
0 0.804501 0.764259 0.009070 0.005466
0 0.831710 0.751663 0.009070 0.005466
0 0.831710 0.746673 0.009070 0.005466
0 0.854887 0.759268 0.009070 0.005466
0 0.882096 0.746673 0.009070 0.005466
0 0.882096 0.741683 0.009070 0.005466
0 0.905274 0.751663 0.009070 0.005466
0 0.932482 0.751663 0.009070 0.005466
0 0.932482 0.741683 0.009070 0.005466
0 0.436681 0.222196 0.009070 0.005466
0 0.492106 0.222196 0.009070 0.005466
0 0.533423 0.224572 0.009070 0.005466
0 0.614041 0.229563 0.009070 0.005466
0 0.715485 0.227186 0.009070 0.005466
0 0.786362 0.227186 0.009070 0.005466
0 0.871011 0.222196 0.009070 0.005466
0 0.919382 0.209601 0.009070 0.005466
0 0.118912 0.455561 0.009741 0.005466
0 0.316090 0.462928 0.009070 0.005466
0 0.512261 0.457937 0.009070 0.005466
0 0.573732 0.460551 0.009070 0.005466
0 0.617064 0.460551 0.009070 0.005466
0 0.653342 0.460551 0.009070 0.005466
0 0.696339 0.465542 0.009070 0.005466
0 0.740343 0.467918 0.009070 0.005466
0 0.783003 0.450570 0.009070 0.005466
0 0.820961 0.450570 0.009070 0.005466
0 0.880752 0.452947 0.009070 0.005466
0 0.908969 0.455561 0.009070 0.005466
0 0.932146 0.462928 0.009070 0.005466
0 0.119248 0.687262 0.009070 0.005466
0 0.161908 0.689639 0.009070 0.005466
0 0.190796 0.697243 0.009070 0.005466
0 0.233792 0.699620 0.009070 0.005466
0 0.262681 0.697243 0.009070 0.005466
0 0.305341 0.697243 0.009070 0.005466
0 0.396708 0.689639 0.009070 0.005466
0 0.423917 0.697243 0.009070 0.005466
0 0.465905 0.699620 0.009070 0.005466
0 0.493114 0.699620 0.009070 0.005466
0 0.534767 0.697243 0.009070 0.005466
0 0.583473 0.697243 0.009070 0.005466
0 0.623782 0.702234 0.009070 0.005466
0 0.669802 0.702234 0.009070 0.005466
