0 0.141082 0.199144 0.008398 0.004753
0 0.141082 0.194392 0.008398 0.004753
0 0.240846 0.201283 0.008398 0.004753
0 0.240846 0.196768 0.008398 0.004753
0 0.271414 0.203660 0.008398 0.004753
0 0.271414 0.196768 0.008398 0.004753
0 0.416527 0.226711 0.008398 0.004753
0 0.461538 0.226711 0.008398 0.004753
0 0.520994 0.226711 0.008398 0.004753
0 0.558616 0.219819 0.008398 0.004753
0 0.617400 0.235741 0.008398 0.004753
0 0.671145 0.235741 0.008398 0.004753
0 0.713134 0.233603 0.008398 0.004753
0 0.754787 0.217443 0.008398 0.004753
0 0.815922 0.217443 0.008398 0.004753
0 0.853208 0.210551 0.008398 0.004753
0 0.914679 0.194392 0.008398 0.004753
0 0.140074 0.449144 0.008398 0.004753
0 0.175344 0.442253 0.008398 0.004753
0 0.210615 0.458413 0.008398 0.004753
0 0.261001 0.458413 0.008398 0.004753
0 0.296943 0.460551 0.008398 0.004753
0 0.355055 0.444629 0.008398 0.004753
0 0.401411 0.444629 0.008398 0.004753
0 0.440376 0.465304 0.008398 0.004753
0 0.479678 0.449144 0.008398 0.004753
0 0.533423 0.449144 0.008398 0.004753
0 0.568357 0.442253 0.008398 0.004753
0 0.621095 0.458413 0.008398 0.004753
0 0.665771 0.458413 0.008398 0.004753
0 0.687941 0.442253 0.008398 0.004753
0 0.710111 0.458413 0.008398 0.004753
0 0.742694 0.458413 0.008398 0.004753
0 0.767887 0.462928 0.008398 0.004753
0 0.799127 0.447006 0.008398 0.004753
0 0.837084 0.447006 0.008398 0.004753
0 0.876386 0.456036 0.008398 0.004753
0 0.915687 0.440114 0.008398 0.004753
0 0.140410 0.667063 0.008398 0.004753
0 0.175344 0.676331 0.008398 0.004753
0 0.226402 0.692490 0.008398 0.004753
0 0.277461 0.692490 0.008398 0.004753
0 0.307356 0.680846 0.008398 0.004753
0 0.337252 0.671816 0.008398 0.004753
0 0.377225 0.671816 0.008398 0.004753
0 0.402083 0.676331 0.008398 0.004753
0 0.432986 0.660171 0.008398 0.004753
0 0.478334 0.660171 0.008398 0.004753
0 0.522002 0.685599 0.008398 0.004753
0 0.565334 0.680846 0.008398 0.004753
0 0.623782 0.678707 0.008398 0.004753
0 0.659725 0.669439 0.008398 0.004753
0 0.713134 0.662548 0.008398 0.004753
0 0.759489 0.683222 0.008398 0.004753
0 0.815586 0.667063 0.008398 0.004753
0 0.853880 0.664924 0.008398 0.004753
0 0.921397 0.697006 0.008398 0.004753
0 0.147464 0.900428 0.008398 0.004753
0 0.191804 0.898051 0.008398 0.004753
0 0.236144 0.895913 0.008398 0.004753
0 0.297615 0.893536 0.008398 0.004753
0 0.390662 0.909696 0.008398 0.004753
0 0.446423 0.909696 0.008398 0.004753
0 0.477998 0.904943 0.008398 0.004753
0 0.509573 0.904943 0.008398 0.004753
0 0.551226 0.902804 0.008398 0.004753
0 0.581794 0.886644 0.008398 0.004753
0 0.626134 0.902804 0.008398 0.004753
0 0.673161 0.902804 0.008398 0.004753
0 0.712462 0.886644 0.008398 0.004753
0 0.751764 0.902804 0.008398 0.004753
0 0.810212 0.902804 0.008398 0.004753
0 0.850857 0.895913 0.008398 0.004753
0 0.914679 0.911835 0.008398 0.004753
0 0.141082 0.159696 0.008398 0.004753
0 0.240846 0.157319 0.008398 0.004753
0 0.271414 0.154943 0.008398 0.004753
0 0.742694 0.396150 0.008398 0.004753
0 0.140410 0.625713 0.008398 0.004753
0 0.175344 0.628089 0.008398 0.004753
0 0.226402 0.630466 0.008398 0.004753
0 0.377225 0.630466 0.008398 0.004753
0 0.432986 0.632605 0.008398 0.004753
0 0.759489 0.625713 0.008398 0.004753
0 0.815586 0.625713 0.008398 0.004753
0 0.853880 0.625713 0.008398 0.004753
0 0.887807 0.628089 0.008398 0.004753
0 0.141082 0.145913 0.008398 0.004753
0 0.166611 0.148051 0.008398 0.004753
0 0.191804 0.150428 0.008398 0.004753
0 0.240846 0.148051 0.008398 0.004753
0 0.226738 0.152804 0.005710 0.003327
0 0.301982 0.148051 0.008398 0.004753
0 0.324152 0.145913 0.008398 0.004753
0 0.337924 0.143536 0.008398 0.004753
0 0.371515 0.145913 0.008398 0.004753
0 0.371515 0.141160 0.008398 0.004753
0 0.416527 0.150428 0.008398 0.004753
0 0.416527 0.145913 0.008398 0.004753
0 0.461538 0.154943 0.008398 0.004753
0 0.461538 0.150428 0.008398 0.004753
0 0.520994 0.157319 0.008398 0.004753
0 0.520994 0.152804 0.008398 0.004753
0 0.558616 0.159696 0.008398 0.004753
0 0.558616 0.154943 0.008398 0.004753
0 0.617400 0.143536 0.008398 0.004753
0 0.617400 0.139021 0.008398 0.004753
0 0.671145 0.148051 0.008398 0.004753
0 0.671145 0.143536 0.008398 0.004753
0 0.713134 0.152804 0.008398 0.004753
0 0.713134 0.148051 0.008398 0.004753
0 0.754787 0.157319 0.008398 0.004753
0 0.754787 0.152804 0.008398 0.004753
0 0.815922 0.159696 0.008398 0.004753
0 0.815922 0.154943 0.008398 0.004753
0 0.853208 0.161835 0.008398 0.004753
0 0.853208 0.157319 0.008398 0.004753
0 0.914679 0.145913 0.008398 0.004753
0 0.914679 0.134268 0.008398 0.004753
0 0.140074 0.384743 0.008398 0.004753
0 0.140074 0.373337 0.008398 0.004753
0 0.175344 0.380228 0.008398 0.004753
0 0.175344 0.375475 0.008398 0.004753
0 0.202889 0.380228 0.008398 0.004753
0 0.210615 0.377852 0.008398 0.004753
0 0.261001 0.380228 0.008398 0.004753
0 0.261001 0.375475 0.008398 0.004753
0 0.296943 0.384743 0.008398 0.004753
0 0.296943 0.380228 0.008398 0.004753
0 0.355055 0.380228 0.008398 0.004753
0 0.355055 0.368584 0.008398 0.004753
0 0.401411 0.377852 0.008398 0.004753
0 0.401411 0.370960 0.008398 0.004753
0 0.440376 0.370960 0.008398 0.004753
0 0.440376 0.366445 0.008398 0.004753
0 0.479678 0.403042 0.008398 0.004753
0 0.479678 0.398527 0.008398 0.004753
0 0.533423 0.403042 0.008398 0.004753
0 0.533423 0.398527 0.008398 0.004753
0 0.568357 0.400903 0.008398 0.004753
0 0.568357 0.396150 0.008398 0.004753
0 0.621095 0.380228 0.008398 0.004753
0 0.621095 0.375475 0.008398 0.004753
0 0.665771 0.384743 0.008398 0.004753
0 0.665771 0.380228 0.008398 0.004753
0 0.687941 0.389259 0.008398 0.004753
0 0.687941 0.384743 0.008398 0.004753
0 0.710111 0.396150 0.008398 0.004753
0 0.710111 0.389259 0.008398 0.004753
0 0.742694 0.391635 0.008398 0.004753
0 0.783339 0.394011 0.008398 0.004753
0 0.799127 0.394011 0.008398 0.004753
0 0.837084 0.384743 0.008398 0.004753
0 0.837084 0.380228 0.008398 0.004753
0 0.876386 0.387120 0.008398 0.004753
0 0.876386 0.382367 0.008398 0.004753
0 0.915687 0.389259 0.008398 0.004753
0 0.915687 0.384743 0.008398 0.004753
0 0.140410 0.616683 0.008398 0.004753
0 0.226402 0.618821 0.008398 0.004753
0 0.277461 0.618821 0.008398 0.004753
0 0.277461 0.614306 0.008398 0.004753
0 0.307356 0.623574 0.008398 0.004753
0 0.307356 0.618821 0.008398 0.004753
0 0.337252 0.628089 0.008398 0.004753
0 0.337252 0.623574 0.008398 0.004753
0 0.377225 0.625713 0.008398 0.004753
0 0.417534 0.628089 0.008398 0.004753
0 0.432986 0.628089 0.008398 0.004753
0 0.478334 0.630466 0.008398 0.004753
0 0.478334 0.625713 0.008398 0.004753
0 0.522002 0.628089 0.008398 0.004753
0 0.522002 0.623574 0.008398 0.004753
0 0.565334 0.623574 0.008398 0.004753
0 0.565334 0.614306 0.008398 0.004753
0 0.623782 0.623574 0.008398 0.004753
0 0.623782 0.614306 0.008398 0.004753
0 0.659725 0.621198 0.008398 0.004753
0 0.659725 0.616683 0.008398 0.004753
0 0.713134 0.625713 0.008398 0.004753
0 0.713134 0.621198 0.008398 0.004753
0 0.759489 0.621198 0.008398 0.004753
0 0.787370 0.616683 0.008398 0.004753
0 0.815586 0.618821 0.008398 0.004753
0 0.853880 0.621198 0.008398 0.004753
0 0.887807 0.623574 0.008398 0.004753
0 0.921397 0.614306 0.008398 0.004753
0 0.921397 0.609791 0.008398 0.004753
0 0.147464 0.832224 0.008398 0.004753
0 0.147464 0.827709 0.008398 0.004753
0 0.191804 0.834601 0.008398 0.004753
0 0.191804 0.829848 0.008398 0.004753
0 0.236144 0.836740 0.008398 0.004753
0 0.236144 0.832224 0.008398 0.004753
0 0.297615 0.836740 0.008398 0.004753
0 0.297615 0.832224 0.008398 0.004753
0 0.336245 0.839116 0.008398 0.004753
0 0.336245 0.834601 0.008398 0.004753
0 0.390662 0.834601 0.008398 0.004753
0 0.390662 0.829848 0.008398 0.004753
0 0.446423 0.839116 0.008398 0.004753
0 0.446423 0.834601 0.008398 0.004753
0 0.477998 0.846008 0.008398 0.004753
0 0.477998 0.839116 0.008398 0.004753
0 0.509573 0.846008 0.008398 0.004753
0 0.509573 0.841492 0.008398 0.004753
0 0.551226 0.848384 0.008398 0.004753
0 0.551226 0.843631 0.008398 0.004753
0 0.600941 0.846008 0.008398 0.004753
0 0.600941 0.841492 0.008398 0.004753
0 0.626134 0.846008 0.008398 0.004753
0 0.626134 0.841492 0.008398 0.004753
0 0.673161 0.843631 0.008398 0.004753
0 0.673161 0.839116 0.008398 0.004753
0 0.712462 0.841492 0.008398 0.004753
0 0.712462 0.836740 0.008398 0.004753
0 0.751764 0.839116 0.008398 0.004753
0 0.751764 0.834601 0.008398 0.004753
0 0.810212 0.843631 0.008398 0.004753
0 0.810212 0.839116 0.008398 0.004753
0 0.850857 0.841492 0.008398 0.004753
0 0.850857 0.836740 0.008398 0.004753
0 0.914679 0.836740 0.008398 0.004753
0 0.914679 0.832224 0.008398 0.004753
0 0.141082 0.070342 0.008398 0.004753
0 0.240846 0.070342 0.008398 0.004753
0 0.371515 0.079373 0.008398 0.004753
0 0.416527 0.079373 0.008398 0.004753
0 0.461538 0.079373 0.008398 0.004753
0 0.520994 0.072481 0.008398 0.004753
0 0.581794 0.072481 0.008398 0.004753
0 0.617400 0.072481 0.008398 0.004753
0 0.671145 0.074857 0.008398 0.004753
0 0.713134 0.074857 0.008398 0.004753
0 0.754787 0.074857 0.008398 0.004753
0 0.815922 0.072481 0.008398 0.004753
0 0.876722 0.070342 0.008398 0.004753
0 0.914679 0.067966 0.008398 0.004753
0 0.140074 0.294914 0.008398 0.004753
0 0.175344 0.294914 0.008398 0.004753
0 0.210615 0.294914 0.008398 0.004753
0 0.261001 0.290399 0.008398 0.004753
0 0.319449 0.294914 0.008398 0.004753
0 0.355055 0.301806 0.008398 0.004753
0 0.401411 0.299667 0.008398 0.004753
0 0.440376 0.301806 0.008398 0.004753
0 0.479678 0.304183 0.008398 0.004753
0 0.533423 0.299667 0.008398 0.004753
0 0.589856 0.299667 0.008398 0.004753
0 0.621095 0.301806 0.008398 0.004753
0 0.837084 0.299667 0.008398 0.004753
0 0.876386 0.304183 0.008398 0.004753
0 0.915687 0.308698 0.008398 0.004753
0 0.140410 0.547291 0.008398 0.004753
0 0.196842 0.547291 0.008398 0.004753
0 0.226402 0.549667 0.008398 0.004753
0 0.478334 0.547291 0.008398 0.004753
0 0.522002 0.547291 0.008398 0.004753
0 0.565334 0.549667 0.008398 0.004753
0 0.623782 0.552044 0.008398 0.004753
0 0.682230 0.547291 0.008398 0.004753
0 0.713134 0.540399 0.008398 0.004753
0 0.147464 0.765447 0.008398 0.004753
0 0.191804 0.763070 0.008398 0.004753
0 0.236144 0.760694 0.008398 0.004753
0 0.297615 0.760694 0.008398 0.004753
0 0.360430 0.756179 0.008398 0.004753
0 0.390662 0.758555 0.008398 0.004753
0 0.673161 0.767586 0.008398 0.004753
0 0.712462 0.769962 0.008398 0.004753
0 0.751764 0.772338 0.008398 0.004753
0 0.810212 0.756179 0.008398 0.004753
0 0.876050 0.756179 0.008398 0.004753
0 0.914679 0.760694 0.008398 0.004753
