0 0.150151 0.254278 0.009741 0.005466
0 0.265032 0.236930 0.009741 0.005466
0 0.408465 0.249287 0.009741 0.005466
0 0.586161 0.254278 0.009070 0.005466
0 0.636547 0.256892 0.009070 0.005466
0 0.686933 0.261882 0.009070 0.005466
0 0.763520 0.261882 0.009741 0.005466
0 0.167954 0.498337 0.009070 0.005466
0 0.253611 0.500713 0.009070 0.005466
0 0.322472 0.505703 0.009070 0.005466
0 0.424924 0.510694 0.009741 0.005466
0 0.424924 0.500713 0.009741 0.005466
0 0.424924 0.495722 0.009741 0.005466
0 0.698018 0.510694 0.009741 0.005466
0 0.698018 0.500713 0.009741 0.005466
0 0.698018 0.495722 0.009741 0.005466
0 0.158549 0.744534 0.009741 0.005466
0 0.418542 0.744534 0.009741 0.005466
0 0.692644 0.707224 0.009070 0.005466
0 0.777964 0.704848 0.009070 0.005466
0 0.863285 0.712215 0.009070 0.005466
0 0.909305 0.709838 0.009070 0.005466
0 0.149815 0.244534 0.009070 0.005466
0 0.178032 0.239544 0.009070 0.005466
0 0.223379 0.244534 0.009070 0.005466
0 0.265032 0.226949 0.009070 0.005466
0 0.293248 0.221958 0.009070 0.005466
0 0.338260 0.226949 0.009070 0.005466
0 0.408465 0.239544 0.009070 0.005466
0 0.431307 0.234553 0.009070 0.005466
0 0.454148 0.239544 0.009070 0.005466
0 0.476990 0.234553 0.009070 0.005466
0 0.500168 0.239544 0.009070 0.005466
0 0.523010 0.234553 0.009070 0.005466
0 0.586161 0.249287 0.009070 0.005466
0 0.586161 0.244534 0.009070 0.005466
0 0.586161 0.239544 0.009070 0.005466
0 0.611354 0.249287 0.009070 0.005466
0 0.611354 0.244534 0.009070 0.005466
0 0.611354 0.239544 0.009070 0.005466
0 0.636547 0.249287 0.009741 0.005466
0 0.636547 0.244534 0.009741 0.005466
0 0.636547 0.239544 0.009741 0.005466
0 0.763520 0.254278 0.009070 0.005466
0 0.763520 0.249287 0.009070 0.005466
0 0.763520 0.239544 0.009070 0.005466
0 0.795432 0.254278 0.009070 0.005466
0 0.795432 0.249287 0.009070 0.005466
0 0.795432 0.239544 0.009070 0.005466
0 0.827343 0.254278 0.009070 0.005466
0 0.827343 0.249287 0.009070 0.005466
0 0.827343 0.239544 0.009070 0.005466
0 0.859590 0.254278 0.009070 0.005466
0 0.859590 0.249287 0.009070 0.005466
0 0.859590 0.239544 0.009070 0.005466
0 0.891502 0.254278 0.009070 0.005466
0 0.891502 0.249287 0.009070 0.005466
0 0.891502 0.239544 0.009070 0.005466
0 0.923413 0.249287 0.009070 0.005466
0 0.923413 0.244534 0.009070 0.005466
0 0.923413 0.239544 0.009070 0.005466
0 0.167954 0.493346 0.009070 0.005466
0 0.167954 0.488356 0.009070 0.005466
0 0.167954 0.483365 0.009070 0.005466
0 0.206584 0.493346 0.009070 0.005466
0 0.206584 0.488356 0.009070 0.005466
0 0.206584 0.483365 0.009070 0.005466
0 0.245213 0.498337 0.009070 0.005466
0 0.245213 0.493346 0.009070 0.005466
0 0.283843 0.498337 0.009070 0.005466
0 0.283843 0.493346 0.009070 0.005466
0 0.322472 0.495722 0.009070 0.005466
0 0.322472 0.490732 0.009070 0.005466
0 0.361102 0.495722 0.009070 0.005466
0 0.361102 0.490732 0.009070 0.005466
0 0.424589 0.490732 0.009070 0.005466
0 0.510245 0.488356 0.009070 0.005466
0 0.595902 0.483365 0.009070 0.005466
0 0.698018 0.490732 0.009070 0.005466
0 0.781659 0.488356 0.009070 0.005466
0 0.865301 0.483365 0.009070 0.005466
0 0.158549 0.727186 0.009070 0.005466
0 0.197178 0.717205 0.009070 0.005466
0 0.235808 0.709838 0.009070 0.005466
0 0.264360 0.704848 0.009070 0.005466
0 0.292912 0.699857 0.009070 0.005466
0 0.321465 0.694867 0.009070 0.005466
0 0.418206 0.727186 0.009070 0.005466
0 0.457843 0.717205 0.009070 0.005466
0 0.497481 0.709838 0.009070 0.005466
0 0.526705 0.704848 0.009070 0.005466
0 0.555929 0.699857 0.009070 0.005466
0 0.585489 0.694867 0.009070 0.005466
0 0.692980 0.699857 0.009741 0.005466
0 0.701713 0.697243 0.009741 0.005466
0 0.149815 0.172053 0.009070 0.005466
0 0.178032 0.167063 0.009070 0.005466
0 0.223379 0.172053 0.009070 0.005466
0 0.265032 0.184648 0.009070 0.005466
0 0.293248 0.179658 0.009070 0.005466
0 0.338260 0.184648 0.009070 0.005466
0 0.408465 0.167063 0.009070 0.005466
0 0.431307 0.162072 0.009070 0.005466
0 0.454148 0.167063 0.009070 0.005466
0 0.476990 0.162072 0.009070 0.005466
0 0.500168 0.167063 0.009070 0.005466
0 0.523010 0.162072 0.009070 0.005466
0 0.586496 0.152091 0.009741 0.005466
0 0.763520 0.164686 0.009070 0.005466
0 0.763520 0.159696 0.009070 0.005466
0 0.763520 0.154705 0.009070 0.005466
0 0.795432 0.164686 0.009070 0.005466
0 0.795432 0.159696 0.009070 0.005466
0 0.795432 0.154705 0.009070 0.005466
0 0.827343 0.164686 0.009070 0.005466
0 0.827343 0.159696 0.009070 0.005466
0 0.827343 0.154705 0.009070 0.005466
0 0.859590 0.164686 0.009070 0.005466
0 0.859590 0.159696 0.009070 0.005466
0 0.859590 0.154705 0.009070 0.005466
0 0.923413 0.164686 0.009070 0.005466
0 0.923413 0.159696 0.009070 0.005466
0 0.167954 0.409458 0.009070 0.005466
0 0.167954 0.404468 0.009070 0.005466
0 0.167954 0.399477 0.009070 0.005466
0 0.206584 0.409458 0.009070 0.005466
0 0.206584 0.404468 0.009070 0.005466
0 0.206584 0.399477 0.009070 0.005466
0 0.245213 0.409458 0.009070 0.005466
0 0.245213 0.404468 0.009070 0.005466
0 0.283843 0.409458 0.009070 0.005466
0 0.283843 0.404468 0.009070 0.005466
0 0.322472 0.407082 0.009070 0.005466
0 0.322472 0.402091 0.009070 0.005466
0 0.361102 0.407082 0.009070 0.005466
0 0.361102 0.402091 0.009070 0.005466
0 0.424589 0.407082 0.009070 0.005466
0 0.424589 0.402091 0.009070 0.005466
0 0.467585 0.407082 0.009070 0.005466
0 0.467585 0.402091 0.009070 0.005466
0 0.510245 0.407082 0.009070 0.005466
0 0.510245 0.399477 0.009070 0.005466
0 0.553242 0.407082 0.009070 0.005466
0 0.553242 0.399477 0.009070 0.005466
0 0.595902 0.407082 0.009070 0.005466
0 0.638898 0.417063 0.009070 0.005466
0 0.698018 0.402091 0.009070 0.005466
0 0.740007 0.402091 0.009070 0.005466
0 0.781659 0.407082 0.009070 0.005466
0 0.823648 0.407082 0.009070 0.005466
0 0.865301 0.407082 0.009070 0.005466
0 0.907289 0.417063 0.009070 0.005466
0 0.158549 0.649952 0.009070 0.005466
0 0.235808 0.652329 0.009070 0.005466
0 0.418206 0.649952 0.009070 0.005466
0 0.497481 0.652329 0.009070 0.005466
0 0.150151 0.164686 0.009741 0.005466
0 0.265032 0.177044 0.009741 0.005466
0 0.408465 0.159696 0.009741 0.005466
0 0.586161 0.169677 0.009070 0.005466
0 0.586161 0.164686 0.009070 0.005466
0 0.586161 0.159696 0.009070 0.005466
0 0.611354 0.169677 0.009070 0.005466
0 0.611354 0.164686 0.009070 0.005466
0 0.611354 0.159696 0.009070 0.005466
0 0.636547 0.169677 0.009070 0.005466
0 0.636547 0.164686 0.009070 0.005466
0 0.636547 0.159696 0.009070 0.005466
0 0.661740 0.169677 0.009070 0.005466
0 0.661740 0.164686 0.009070 0.005466
0 0.661740 0.159696 0.009070 0.005466
0 0.686933 0.169677 0.009070 0.005466
0 0.686933 0.164686 0.009070 0.005466
0 0.686933 0.159696 0.009070 0.005466
0 0.711790 0.169677 0.009070 0.005466
0 0.711790 0.164686 0.009070 0.005466
0 0.711790 0.159696 0.009070 0.005466
0 0.763520 0.147101 0.009070 0.005466
0 0.827343 0.149715 0.009070 0.005466
0 0.891502 0.154705 0.009070 0.005466
0 0.167954 0.392110 0.009741 0.005466
0 0.322472 0.389496 0.009070 0.005466
0 0.424589 0.389496 0.009070 0.005466
0 0.467585 0.389496 0.009070 0.005466
0 0.510245 0.394487 0.009070 0.005466
0 0.553242 0.394487 0.009070 0.005466
0 0.595902 0.399477 0.009070 0.005466
0 0.638898 0.407082 0.009070 0.005466
0 0.698018 0.394487 0.009070 0.005466
0 0.698018 0.389496 0.009070 0.005466
0 0.740007 0.394487 0.009070 0.005466
0 0.740007 0.389496 0.009070 0.005466
0 0.781659 0.399477 0.009070 0.005466
0 0.781659 0.394487 0.009070 0.005466
0 0.823648 0.399477 0.009070 0.005466
0 0.823648 0.394487 0.009070 0.005466
0 0.865301 0.399477 0.009070 0.005466
0 0.907289 0.407082 0.009070 0.005466
0 0.907289 0.399477 0.009070 0.005466
0 0.158549 0.644962 0.009070 0.005466
0 0.158549 0.637357 0.009070 0.005466
0 0.158549 0.632367 0.009070 0.005466
0 0.197178 0.644962 0.009070 0.005466
0 0.197178 0.637357 0.009070 0.005466
0 0.197178 0.632367 0.009070 0.005466
0 0.235808 0.644962 0.009070 0.005466
0 0.235808 0.637357 0.009070 0.005466
0 0.235808 0.632367 0.009070 0.005466
0 0.264360 0.644962 0.009070 0.005466
0 0.264360 0.637357 0.009070 0.005466
0 0.264360 0.632367 0.009070 0.005466
0 0.292912 0.644962 0.009070 0.005466
0 0.292912 0.637357 0.009070 0.005466
0 0.292912 0.632367 0.009070 0.005466
0 0.321465 0.644962 0.009070 0.005466
0 0.321465 0.637357 0.009070 0.005466
0 0.321465 0.632367 0.009070 0.005466
0 0.359758 0.644962 0.009070 0.005466
0 0.359758 0.637357 0.009070 0.005466
0 0.359758 0.632367 0.009070 0.005466
0 0.418206 0.644962 0.009070 0.005466
0 0.418206 0.637357 0.009070 0.005466
0 0.418206 0.632367 0.009070 0.005466
0 0.457843 0.644962 0.009070 0.005466
0 0.457843 0.637357 0.009070 0.005466
0 0.457843 0.632367 0.009070 0.005466
0 0.497481 0.644962 0.009070 0.005466
0 0.497481 0.637357 0.009070 0.005466
0 0.497481 0.632367 0.009070 0.005466
0 0.526705 0.644962 0.009070 0.005466
0 0.526705 0.637357 0.009070 0.005466
0 0.526705 0.632367 0.009070 0.005466
0 0.555929 0.644962 0.009070 0.005466
0 0.555929 0.637357 0.009070 0.005466
0 0.555929 0.632367 0.009070 0.005466
0 0.585489 0.644962 0.009070 0.005466
0 0.585489 0.637357 0.009070 0.005466
0 0.585489 0.632367 0.009070 0.005466
0 0.624790 0.637357 0.009070 0.005466
0 0.624790 0.632367 0.009070 0.005466
0 0.624790 0.627614 0.009070 0.005466
0 0.692644 0.637357 0.009070 0.005466
0 0.692644 0.632367 0.009070 0.005466
0 0.692644 0.625000 0.009070 0.005466
0 0.721196 0.642348 0.009070 0.005466
0 0.721196 0.637357 0.009070 0.005466
0 0.721196 0.632367 0.009070 0.005466
0 0.749748 0.637357 0.009070 0.005466
0 0.749748 0.632367 0.009070 0.005466
0 0.749748 0.625000 0.009070 0.005466
0 0.777964 0.642348 0.009070 0.005466
0 0.777964 0.637357 0.009070 0.005466
0 0.777964 0.632367 0.009070 0.005466
0 0.806517 0.637357 0.009070 0.005466
0 0.806517 0.632367 0.009070 0.005466
0 0.806517 0.625000 0.009070 0.005466
0 0.834733 0.642348 0.009070 0.005466
0 0.834733 0.637357 0.009070 0.005466
0 0.834733 0.632367 0.009070 0.005466
0 0.863285 0.637357 0.009070 0.005466
0 0.863285 0.632367 0.009070 0.005466
0 0.863285 0.625000 0.009070 0.005466
0 0.891502 0.642348 0.009070 0.005466
0 0.891502 0.637357 0.009070 0.005466
0 0.891502 0.632367 0.009070 0.005466
0 0.927108 0.637357 0.009070 0.005466
0 0.927108 0.632367 0.009070 0.005466
0 0.927108 0.625000 0.009070 0.005466
0 0.150151 0.078184 0.009741 0.005466
0 0.586161 0.083175 0.009070 0.005466
0 0.636547 0.078184 0.009070 0.005466
0 0.686933 0.075808 0.009070 0.005466
0 0.763520 0.073194 0.009070 0.005466
0 0.795432 0.078184 0.009070 0.005466
0 0.827343 0.075808 0.009070 0.005466
0 0.859590 0.073194 0.009070 0.005466
0 0.891502 0.070817 0.009070 0.005466
0 0.923413 0.065827 0.009070 0.005466
0 0.167954 0.316778 0.009741 0.005466
0 0.322472 0.331749 0.009070 0.005466
0 0.467585 0.324144 0.009070 0.005466
0 0.510245 0.329135 0.009070 0.005466
0 0.553242 0.329135 0.009070 0.005466
0 0.595902 0.334125 0.009070 0.005466
0 0.638898 0.334125 0.009070 0.005466
0 0.698018 0.336740 0.009070 0.005466
0 0.740007 0.336740 0.009070 0.005466
0 0.781659 0.334125 0.009070 0.005466
0 0.823648 0.334125 0.009070 0.005466
0 0.865301 0.329135 0.009070 0.005466
0 0.907289 0.329135 0.009070 0.005466
0 0.158549 0.570580 0.009741 0.005466
0 0.321465 0.570580 0.009070 0.005466
0 0.863285 0.570580 0.009070 0.005466
