0 0.153846 0.349097 0.009741 0.005466
0 0.153846 0.333650 0.009741 0.005466
0 0.414175 0.343869 0.009741 0.005466
0 0.414175 0.326046 0.009741 0.005466
0 0.601948 0.343869 0.009741 0.005466
0 0.601948 0.326046 0.009741 0.005466
0 0.154182 0.310599 0.009405 0.005466
0 0.414175 0.315827 0.009405 0.005466
0 0.414175 0.307985 0.009405 0.005466
0 0.414175 0.302994 0.009405 0.005466
0 0.478670 0.326046 0.009741 0.005466
0 0.478670 0.315827 0.009741 0.005466
0 0.478670 0.302994 0.009741 0.005466
0 0.601948 0.216017 0.009405 0.005466
0 0.601948 0.205798 0.009405 0.005466
0 0.601948 0.193203 0.009405 0.005466
0 0.662412 0.326046 0.009741 0.005466
0 0.662412 0.315827 0.009741 0.005466
0 0.662412 0.302994 0.009741 0.005466
0 0.796439 0.343869 0.009741 0.005466
0 0.796439 0.326046 0.009741 0.005466
0 0.227746 0.205798 0.009741 0.005466
0 0.227746 0.195580 0.009741 0.005466
0 0.227746 0.187975 0.009741 0.005466
0 0.154182 0.208413 0.009405 0.005466
0 0.162580 0.205798 0.009405 0.005466
0 0.154182 0.200808 0.009405 0.005466
0 0.227746 0.182747 0.009741 0.005466
0 0.227746 0.172529 0.009741 0.005466
0 0.236816 0.170152 0.009741 0.005466
0 0.227746 0.164924 0.009741 0.005466
0 0.414175 0.205798 0.009405 0.005466
0 0.478670 0.198194 0.009741 0.005466
0 0.478670 0.193203 0.009741 0.005466
0 0.478670 0.187975 0.009741 0.005466
0 0.478670 0.180371 0.009741 0.005466
0 0.601948 0.180371 0.009405 0.005466
0 0.601948 0.175143 0.009405 0.005466
0 0.601948 0.170152 0.009405 0.005466
0 0.601948 0.162310 0.009405 0.005466
0 0.662412 0.198194 0.009741 0.005466
0 0.662412 0.193203 0.009741 0.005466
0 0.662412 0.187975 0.009741 0.005466
0 0.662412 0.180371 0.009741 0.005466
0 0.796439 0.315827 0.009741 0.005466
0 0.796439 0.307985 0.009741 0.005466
0 0.796439 0.302994 0.009741 0.005466
0 0.154182 0.099810 0.009405 0.005466
0 0.228082 0.092205 0.009405 0.005466
0 0.301646 0.099810 0.009405 0.005466
0 0.348001 0.097433 0.009405 0.005466
0 0.414175 0.102424 0.009741 0.005466
0 0.601948 0.102424 0.009741 0.005466
