0 0.710783 0.889971 0.009070 0.004990
0 0.847497 0.889971 0.009070 0.004990
0 0.147128 0.256179 0.008734 0.004990
0 0.182734 0.239544 0.008734 0.004990
0 0.208263 0.234791 0.008734 0.004990
0 0.252603 0.230276 0.008734 0.004990
0 0.274773 0.225523 0.008734 0.004990
0 0.319113 0.223146 0.008734 0.004990
0 0.352704 0.216017 0.008734 0.004990
0 0.419886 0.216017 0.008734 0.004990
0 0.464562 0.218394 0.008734 0.004990
0 0.486732 0.220770 0.008734 0.004990
0 0.537118 0.223146 0.008734 0.004990
0 0.581794 0.225523 0.008734 0.004990
0 0.697682 0.230276 0.008734 0.004990
0 0.776285 0.227899 0.008734 0.004990
0 0.836077 0.230276 0.008734 0.004990
0 0.895868 0.227899 0.008734 0.004990
0 0.144777 0.438688 0.008734 0.004990
0 0.201881 0.441065 0.008734 0.004990
0 0.250588 0.438688 0.008734 0.004990
0 0.277125 0.438688 0.008734 0.004990
0 0.421901 0.450570 0.008734 0.004990
0 0.439368 0.445817 0.008734 0.004990
0 0.466913 0.443441 0.008734 0.004990
0 0.487068 0.443441 0.008734 0.004990
0 0.504199 0.441065 0.008734 0.004990
0 0.521666 0.450570 0.008734 0.004990
0 0.551898 0.476473 0.008734 0.004990
0 0.584145 0.460076 0.008734 0.004990
0 0.610010 0.455323 0.008734 0.004990
0 0.650319 0.450570 0.008734 0.004990
0 0.670810 0.445817 0.008734 0.004990
0 0.711454 0.443441 0.008734 0.004990
0 0.744374 0.441065 0.008734 0.004990
0 0.782667 0.438688 0.008734 0.004990
0 0.801814 0.433935 0.008734 0.004990
0 0.840107 0.438688 0.008734 0.004990
0 0.859254 0.443441 0.008734 0.004990
0 0.147128 0.690352 0.008734 0.004990
0 0.173329 0.673717 0.008734 0.004990
0 0.198858 0.668964 0.008734 0.004990
0 0.236480 0.666587 0.008734 0.004990
0 0.255291 0.664211 0.008734 0.004990
0 0.297951 0.661835 0.008734 0.004990
0 0.334901 0.657319 0.008734 0.004990
0 0.360430 0.652567 0.008734 0.004990
0 0.385959 0.650190 0.008734 0.004990
0 0.417870 0.647814 0.008734 0.004990
0 0.433658 0.643061 0.008734 0.004990
0 0.465569 0.657319 0.008734 0.004990
0 0.521330 0.673717 0.008734 0.004990
0 0.546859 0.661835 0.008734 0.004990
0 0.576419 0.657319 0.008734 0.004990
0 0.591199 0.652567 0.008734 0.004990
0 0.621095 0.650190 0.008734 0.004990
0 0.694659 0.657319 0.008734 0.004990
0 0.742694 0.654943 0.008734 0.004990
0 0.802822 0.650190 0.008734 0.004990
0 0.845146 0.652567 0.008734 0.004990
0 0.900235 0.650190 0.008734 0.004990
0 0.152503 0.871198 0.009070 0.004990
0 0.271078 0.878089 0.008734 0.004990
0 0.346994 0.875713 0.009070 0.004990
0 0.465905 0.892348 0.008734 0.004990
0 0.465905 0.880466 0.008734 0.004990
0 0.547531 0.889971 0.009070 0.004990
0 0.547531 0.880466 0.009070 0.004990
0 0.710783 0.878089 0.009070 0.004990
0 0.710783 0.873574 0.009070 0.004990
0 0.847497 0.880466 0.009070 0.004990
0 0.847497 0.873574 0.009070 0.004990
0 0.147128 0.166112 0.008734 0.004990
0 0.147128 0.161359 0.008734 0.004990
0 0.208263 0.166112 0.008734 0.004990
0 0.208263 0.161359 0.008734 0.004990
0 0.252603 0.166112 0.008734 0.004990
0 0.252603 0.161359 0.008734 0.004990
0 0.274773 0.173241 0.008734 0.004990
0 0.274773 0.166112 0.008734 0.004990
0 0.319113 0.173241 0.008734 0.004990
0 0.319113 0.166112 0.008734 0.004990
0 0.352704 0.170865 0.008734 0.004990
0 0.419886 0.170865 0.008734 0.004990
0 0.486732 0.175618 0.008734 0.004990
0 0.551898 0.392586 0.008734 0.004990
0 0.551898 0.388070 0.008734 0.004990
0 0.610010 0.392586 0.008734 0.004990
0 0.610010 0.388070 0.008734 0.004990
0 0.650319 0.392586 0.008734 0.004990
0 0.650319 0.388070 0.008734 0.004990
0 0.670810 0.397338 0.008734 0.004990
0 0.670810 0.392586 0.008734 0.004990
0 0.711454 0.397338 0.008734 0.004990
0 0.711454 0.392586 0.008734 0.004990
0 0.744374 0.404468 0.008734 0.004990
0 0.744374 0.397338 0.008734 0.004990
0 0.801814 0.397338 0.008734 0.004990
0 0.840107 0.404468 0.008734 0.004990
0 0.859254 0.409221 0.008734 0.004990
0 0.859254 0.404468 0.008734 0.004990
0 0.897548 0.409221 0.008734 0.004990
0 0.897548 0.404468 0.008734 0.004990
0 0.147128 0.608840 0.008734 0.004990
0 0.147128 0.604087 0.008734 0.004990
0 0.198858 0.608840 0.008734 0.004990
0 0.198858 0.604087 0.008734 0.004990
0 0.236480 0.608840 0.008734 0.004990
0 0.236480 0.604087 0.008734 0.004990
0 0.255291 0.615732 0.008734 0.004990
0 0.255291 0.608840 0.008734 0.004990
0 0.297951 0.615732 0.008734 0.004990
0 0.297951 0.608840 0.008734 0.004990
0 0.334901 0.610979 0.008734 0.004990
0 0.334901 0.606464 0.008734 0.004990
0 0.385959 0.610979 0.008734 0.004990
0 0.385959 0.606464 0.008734 0.004990
0 0.417870 0.615732 0.008734 0.004990
0 0.417870 0.610979 0.008734 0.004990
0 0.433658 0.615732 0.008734 0.004990
0 0.433658 0.610979 0.008734 0.004990
0 0.465569 0.615732 0.008734 0.004990
0 0.497481 0.620485 0.008734 0.004990
0 0.497481 0.615732 0.008734 0.004990
0 0.546859 0.620485 0.008734 0.004990
0 0.546859 0.615732 0.008734 0.004990
0 0.576419 0.620485 0.008734 0.004990
0 0.591199 0.620485 0.008734 0.004990
0 0.621095 0.620485 0.008734 0.004990
0 0.815922 0.618108 0.008734 0.004990
0 0.823984 0.615732 0.008734 0.004990
0 0.852872 0.618108 0.008734 0.004990
0 0.871347 0.618108 0.008734 0.004990
0 0.879073 0.615732 0.008734 0.004990
0 0.900235 0.618108 0.008734 0.004990
0 0.908297 0.615732 0.008734 0.004990
0 0.926436 0.618108 0.008734 0.004990
0 0.934498 0.615732 0.008734 0.004990
0 0.152503 0.809886 0.008734 0.004990
0 0.211958 0.812262 0.008734 0.004990
0 0.271078 0.809886 0.008734 0.004990
0 0.346994 0.805133 0.008734 0.004990
0 0.406114 0.807510 0.009070 0.004990
0 0.547531 0.821530 0.009070 0.004990
0 0.710783 0.821530 0.009070 0.004990
0 0.847497 0.821530 0.009070 0.004990
0 0.147128 0.149715 0.008734 0.004990
0 0.182734 0.151854 0.008734 0.004990
0 0.208263 0.151854 0.008734 0.004990
0 0.230433 0.154230 0.008734 0.004990
0 0.252603 0.156606 0.008734 0.004990
0 0.274773 0.156606 0.008734 0.004990
0 0.296943 0.158983 0.008734 0.004990
0 0.319113 0.161359 0.008734 0.004990
0 0.352704 0.161359 0.008734 0.004990
0 0.375210 0.158983 0.008734 0.004990
0 0.397380 0.161359 0.008734 0.004990
0 0.419886 0.161359 0.008734 0.004990
0 0.442056 0.163736 0.008734 0.004990
0 0.464562 0.166112 0.008734 0.004990
0 0.486732 0.166112 0.008734 0.004990
0 0.509237 0.168489 0.008734 0.004990
0 0.537118 0.170865 0.008734 0.004990
0 0.610682 0.175618 0.008734 0.004990
0 0.610682 0.170865 0.008734 0.004990
0 0.639570 0.175618 0.008734 0.004990
0 0.647632 0.173241 0.008734 0.004990
0 0.668794 0.175618 0.008734 0.004990
0 0.676520 0.173241 0.008734 0.004990
0 0.697682 0.175618 0.008734 0.004990
0 0.705408 0.173241 0.008734 0.004990
0 0.726570 0.175618 0.008734 0.004990
0 0.734632 0.173241 0.008734 0.004990
0 0.806181 0.175618 0.008734 0.004990
0 0.813907 0.173241 0.008734 0.004990
0 0.836077 0.175618 0.008734 0.004990
0 0.843802 0.173241 0.008734 0.004990
0 0.865972 0.175618 0.008734 0.004990
0 0.873698 0.173241 0.008734 0.004990
0 0.895868 0.175618 0.008734 0.004990
0 0.903594 0.173241 0.008734 0.004990
0 0.925764 0.175618 0.008734 0.004990
0 0.933490 0.173241 0.008734 0.004990
0 0.173329 0.399715 0.008734 0.004990
0 0.181391 0.397338 0.008734 0.004990
0 0.201881 0.399715 0.008734 0.004990
0 0.209943 0.397338 0.008734 0.004990
0 0.230769 0.399715 0.008734 0.004990
0 0.238495 0.397338 0.008734 0.004990
0 0.277125 0.404468 0.008734 0.004990
0 0.277125 0.399715 0.008734 0.004990
0 0.277125 0.392586 0.008734 0.004990
0 0.321465 0.404468 0.008734 0.004990
0 0.321465 0.399715 0.008734 0.004990
0 0.321465 0.392586 0.008734 0.004990
0 0.394021 0.404468 0.009070 0.004990
0 0.394021 0.399715 0.009070 0.004990
0 0.394021 0.390209 0.009070 0.004990
0 0.551898 0.376188 0.008734 0.004990
0 0.584145 0.378565 0.008734 0.004990
0 0.610010 0.378565 0.008734 0.004990
0 0.630165 0.380941 0.008734 0.004990
0 0.650319 0.383317 0.008734 0.004990
0 0.670810 0.383317 0.008734 0.004990
0 0.690964 0.385694 0.008734 0.004990
0 0.711454 0.388070 0.008734 0.004990
0 0.744374 0.388070 0.008734 0.004990
0 0.763520 0.390209 0.008734 0.004990
0 0.782667 0.392586 0.008734 0.004990
0 0.801814 0.392586 0.008734 0.004990
0 0.820961 0.394962 0.008734 0.004990
0 0.840107 0.397338 0.008734 0.004990
0 0.859254 0.397338 0.008734 0.004990
0 0.878401 0.399715 0.008734 0.004990
0 0.897548 0.399715 0.008734 0.004990
0 0.147128 0.592205 0.008734 0.004990
0 0.173329 0.594582 0.008734 0.004990
0 0.198858 0.594582 0.008734 0.004990
0 0.217669 0.596958 0.008734 0.004990
0 0.236480 0.599335 0.008734 0.004990
0 0.255291 0.599335 0.008734 0.004990
0 0.274101 0.601711 0.008734 0.004990
0 0.297951 0.604087 0.008734 0.004990
0 0.334901 0.596958 0.008734 0.004990
0 0.360430 0.599335 0.008734 0.004990
0 0.385959 0.599335 0.008734 0.004990
0 0.402083 0.601711 0.008734 0.004990
0 0.417870 0.604087 0.008734 0.004990
0 0.433658 0.604087 0.008734 0.004990
0 0.449782 0.606464 0.008734 0.004990
0 0.465569 0.610979 0.008734 0.004990
0 0.497481 0.604087 0.008734 0.004990
0 0.521330 0.606464 0.008734 0.004990
0 0.546859 0.606464 0.008734 0.004990
0 0.561639 0.608840 0.008734 0.004990
0 0.576419 0.610979 0.008734 0.004990
0 0.591199 0.610979 0.008734 0.004990
0 0.606315 0.613356 0.008734 0.004990
0 0.621095 0.615732 0.008734 0.004990
0 0.646288 0.618108 0.008734 0.004990
0 0.654014 0.615732 0.008734 0.004990
0 0.670474 0.618108 0.008734 0.004990
0 0.678200 0.615732 0.008734 0.004990
0 0.694659 0.618108 0.008734 0.004990
0 0.702385 0.615732 0.008734 0.004990
0 0.718509 0.618108 0.008734 0.004990
0 0.726570 0.615732 0.008734 0.004990
0 0.742694 0.618108 0.008734 0.004990
0 0.750756 0.615732 0.008734 0.004990
0 0.766879 0.618108 0.008734 0.004990
0 0.774941 0.615732 0.008734 0.004990
0 0.845146 0.615732 0.008734 0.004990
0 0.898220 0.613356 0.008734 0.004990
0 0.144777 0.819154 0.008734 0.004990
0 0.152503 0.816778 0.008734 0.004990
0 0.174337 0.819154 0.008734 0.004990
0 0.182398 0.816778 0.008734 0.004990
0 0.203897 0.819154 0.008734 0.004990
0 0.211958 0.816778 0.008734 0.004990
0 0.233792 0.819154 0.008734 0.004990
0 0.241518 0.816778 0.008734 0.004990
0 0.263352 0.819154 0.008734 0.004990
0 0.271078 0.816778 0.008734 0.004990
0 0.292912 0.819154 0.008734 0.004990
0 0.300974 0.816778 0.008734 0.004990
0 0.368828 0.819154 0.008734 0.004990
0 0.376889 0.816778 0.008734 0.004990
0 0.398724 0.819154 0.008734 0.004990
0 0.406449 0.816778 0.008734 0.004990
0 0.428284 0.819154 0.008734 0.004990
0 0.436345 0.816778 0.008734 0.004990
0 0.458179 0.819154 0.008734 0.004990
0 0.465905 0.816778 0.008734 0.004990
0 0.487739 0.819154 0.008734 0.004990
0 0.495801 0.816778 0.008734 0.004990
0 0.547531 0.807510 0.008734 0.004990
0 0.595230 0.816778 0.009070 0.004990
0 0.710783 0.805133 0.008734 0.004990
0 0.752771 0.814639 0.009070 0.004990
0 0.847833 0.805133 0.008734 0.004990
0 0.886799 0.816778 0.009070 0.004990
0 0.147128 0.078184 0.008734 0.004990
0 0.208263 0.071055 0.009070 0.004990
0 0.523010 0.075808 0.008734 0.004990
0 0.581794 0.075808 0.008734 0.004990
0 0.639570 0.078184 0.008734 0.004990
0 0.697682 0.075808 0.008734 0.004990
0 0.776285 0.071055 0.008734 0.004990
0 0.836077 0.073432 0.008734 0.004990
0 0.895868 0.071055 0.008734 0.004990
0 0.144777 0.300856 0.008734 0.004990
0 0.230769 0.300856 0.008734 0.004990
0 0.277125 0.300856 0.008734 0.004990
0 0.307020 0.303232 0.008734 0.004990
0 0.336245 0.300856 0.008734 0.004990
0 0.394357 0.296103 0.008734 0.004990
0 0.439368 0.298479 0.008734 0.004990
0 0.487068 0.300856 0.008734 0.004990
0 0.551562 0.300856 0.009070 0.004990
0 0.670810 0.305608 0.008734 0.004990
0 0.801814 0.305608 0.008734 0.004990
0 0.859254 0.305608 0.008734 0.004990
0 0.147128 0.511882 0.009070 0.004990
0 0.255291 0.516635 0.008734 0.004990
0 0.286194 0.523527 0.008734 0.004990
0 0.334901 0.509506 0.009070 0.004990
0 0.433658 0.518774 0.008734 0.004990
0 0.497145 0.516635 0.009070 0.004990
0 0.845146 0.523527 0.008734 0.004990
0 0.900235 0.521150 0.008734 0.004990
0 0.152503 0.730276 0.008734 0.004990
0 0.211958 0.732652 0.008734 0.004990
0 0.271078 0.730276 0.008734 0.004990
0 0.346994 0.725523 0.008734 0.004990
0 0.406449 0.727899 0.008734 0.004990
0 0.465905 0.737405 0.008734 0.004990
0 0.547531 0.737405 0.009070 0.004990
0 0.643601 0.730276 0.008734 0.004990
0 0.710783 0.730276 0.009070 0.004990
