0 0.108498 0.899715 0.009741 0.005466
0 0.238159 0.904705 0.009741 0.005466
0 0.238159 0.899715 0.009741 0.005466
0 0.151159 0.207462 0.009070 0.005466
0 0.222372 0.207462 0.009070 0.005466
0 0.306685 0.205086 0.009070 0.005466
0 0.504871 0.232890 0.009070 0.005466
0 0.504871 0.222671 0.009070 0.005466
0 0.504871 0.215067 0.009070 0.005466
0 0.607659 0.235266 0.009070 0.005466
0 0.607659 0.225285 0.009070 0.005466
0 0.607659 0.217681 0.009070 0.005466
0 0.738999 0.232890 0.009070 0.005466
0 0.738999 0.222671 0.009070 0.005466
0 0.738999 0.215067 0.009070 0.005466
0 0.840107 0.235266 0.009070 0.005466
0 0.840107 0.225285 0.009070 0.005466
0 0.840107 0.217681 0.009070 0.005466
0 0.111186 0.461740 0.009070 0.005466
0 0.111186 0.451521 0.009070 0.005466
0 0.111186 0.443916 0.009070 0.005466
0 0.236816 0.464116 0.009070 0.005466
0 0.236816 0.454135 0.009070 0.005466
0 0.236816 0.446530 0.009070 0.005466
0 0.387303 0.466730 0.009070 0.005466
0 0.387303 0.456511 0.009070 0.005466
0 0.387303 0.448907 0.009070 0.005466
0 0.520658 0.469344 0.009070 0.005466
0 0.520658 0.459125 0.009070 0.005466
0 0.520658 0.451521 0.009070 0.005466
0 0.698018 0.471721 0.009070 0.005466
0 0.698018 0.461740 0.009070 0.005466
0 0.698018 0.454135 0.009070 0.005466
0 0.823984 0.474335 0.009070 0.005466
0 0.823984 0.464116 0.009070 0.005466
0 0.823984 0.456511 0.009070 0.005466
0 0.110178 0.694392 0.009070 0.005466
0 0.110178 0.684411 0.009070 0.005466
0 0.110178 0.676806 0.009070 0.005466
0 0.246557 0.697006 0.009070 0.005466
0 0.246557 0.686787 0.009070 0.005466
0 0.246557 0.679183 0.009070 0.005466
0 0.400403 0.694392 0.009070 0.005466
0 0.400403 0.684411 0.009070 0.005466
0 0.400403 0.676806 0.009070 0.005466
0 0.537790 0.697006 0.009070 0.005466
0 0.537790 0.686787 0.009070 0.005466
0 0.537790 0.679183 0.009070 0.005466
0 0.697346 0.699382 0.009070 0.005466
0 0.697346 0.689401 0.009070 0.005466
0 0.697346 0.681797 0.009070 0.005466
0 0.760497 0.653992 0.009070 0.005466
0 0.823984 0.646388 0.009070 0.005466
0 0.887471 0.649002 0.009070 0.005466
0 0.919382 0.646388 0.009070 0.005466
0 0.108498 0.894487 0.009070 0.005466
0 0.137051 0.889496 0.009070 0.005466
0 0.165267 0.894487 0.009070 0.005466
0 0.193819 0.889496 0.009070 0.005466
0 0.238159 0.894487 0.009070 0.005466
0 0.270742 0.889496 0.009070 0.005466
0 0.303325 0.894487 0.009070 0.005466
0 0.335909 0.889496 0.009070 0.005466
0 0.420894 0.919914 0.009070 0.005466
0 0.546523 0.874287 0.009070 0.005466
0 0.546523 0.869297 0.009070 0.005466
0 0.546523 0.864306 0.009070 0.005466
0 0.688613 0.871911 0.009070 0.005466
0 0.688613 0.866683 0.009070 0.005466
0 0.688613 0.861692 0.009070 0.005466
0 0.822304 0.879515 0.009070 0.005466
0 0.822304 0.874287 0.009070 0.005466
0 0.822304 0.869297 0.009070 0.005466
0 0.168626 0.159458 0.009070 0.005466
0 0.190460 0.167063 0.009070 0.005466
0 0.206920 0.172053 0.009070 0.005466
0 0.242190 0.159458 0.009070 0.005466
0 0.266040 0.167063 0.009070 0.005466
0 0.291233 0.172053 0.009070 0.005466
0 0.324152 0.156844 0.009070 0.005466
0 0.343299 0.164449 0.009070 0.005466
0 0.358750 0.169439 0.009070 0.005466
0 0.381592 0.174667 0.009070 0.005466
0 0.397044 0.156844 0.009070 0.005466
0 0.412496 0.164449 0.009070 0.005466
0 0.427948 0.169439 0.009070 0.005466
0 0.517635 0.136644 0.009070 0.005466
0 0.530064 0.144249 0.009070 0.005466
0 0.542828 0.149240 0.009070 0.005466
0 0.555593 0.154468 0.009070 0.005466
0 0.568357 0.136644 0.009070 0.005466
0 0.581122 0.144249 0.009070 0.005466
0 0.593886 0.149240 0.009070 0.005466
0 0.620423 0.134268 0.009070 0.005466
0 0.642257 0.139259 0.009070 0.005466
0 0.655022 0.146863 0.009070 0.005466
0 0.667786 0.151854 0.009070 0.005466
0 0.680551 0.134268 0.009070 0.005466
0 0.694323 0.139259 0.009070 0.005466
0 0.707088 0.146863 0.009070 0.005466
0 0.751764 0.136644 0.009070 0.005466
0 0.764192 0.144249 0.009070 0.005466
0 0.776957 0.149240 0.009070 0.005466
0 0.789385 0.154468 0.009070 0.005466
0 0.802150 0.136644 0.009070 0.005466
0 0.814914 0.144249 0.009070 0.005466
0 0.827343 0.149240 0.009070 0.005466
0 0.852872 0.134268 0.009070 0.005466
0 0.874706 0.139259 0.009070 0.005466
0 0.887135 0.146863 0.009070 0.005466
0 0.899899 0.151854 0.009070 0.005466
0 0.912328 0.134268 0.009070 0.005466
0 0.926436 0.139259 0.009070 0.005466
0 0.938865 0.146863 0.009070 0.005466
0 0.126973 0.368108 0.009070 0.005466
0 0.142761 0.375713 0.009070 0.005466
0 0.158213 0.380703 0.009070 0.005466
0 0.174001 0.385694 0.009070 0.005466
0 0.189788 0.368108 0.009070 0.005466
0 0.205576 0.375713 0.009070 0.005466
0 0.221028 0.380703 0.009070 0.005466
0 0.252603 0.365494 0.009070 0.005466
0 0.274437 0.370722 0.009070 0.005466
0 0.290225 0.378089 0.009070 0.005466
0 0.306013 0.383317 0.009070 0.005466
0 0.321465 0.365494 0.009070 0.005466
0 0.337252 0.370722 0.009070 0.005466
0 0.353040 0.378089 0.009070 0.005466
0 0.403762 0.363118 0.009070 0.005466
0 0.420558 0.368108 0.009070 0.005466
0 0.437353 0.373099 0.009070 0.005466
0 0.453813 0.380703 0.009070 0.005466
0 0.470608 0.363118 0.009070 0.005466
0 0.487403 0.368108 0.009070 0.005466
0 0.503863 0.373099 0.009070 0.005466
0 0.537454 0.357890 0.009070 0.005466
0 0.553913 0.365494 0.009070 0.005466
0 0.578771 0.370722 0.009070 0.005466
0 0.595566 0.375713 0.009070 0.005466
0 0.612361 0.357890 0.009070 0.005466
0 0.637219 0.365494 0.009070 0.005466
0 0.653678 0.370722 0.009070 0.005466
0 0.713806 0.385694 0.009070 0.005466
0 0.729258 0.390922 0.009070 0.005466
0 0.745045 0.398289 0.009070 0.005466
0 0.761505 0.403517 0.009070 0.005466
0 0.777293 0.385694 0.009070 0.005466
0 0.792744 0.390922 0.009070 0.005466
0 0.808532 0.398289 0.009070 0.005466
0 0.839436 0.383317 0.009070 0.005466
0 0.860934 0.388308 0.009070 0.005466
0 0.876722 0.393298 0.009070 0.005466
0 0.892173 0.400903 0.009070 0.005466
0 0.907625 0.383317 0.009070 0.005466
0 0.923413 0.388308 0.009070 0.005466
0 0.938865 0.393298 0.009070 0.005466
0 0.127309 0.612167 0.009070 0.005466
0 0.144105 0.617395 0.009070 0.005466
0 0.161236 0.625000 0.009070 0.005466
0 0.178367 0.629990 0.009070 0.005466
0 0.195499 0.612167 0.009070 0.005466
0 0.212630 0.617395 0.009070 0.005466
0 0.229762 0.625000 0.009070 0.005466
0 0.263688 0.609791 0.009070 0.005466
0 0.285186 0.614781 0.009070 0.005466
0 0.302318 0.619772 0.009070 0.005466
0 0.319113 0.627376 0.009070 0.005466
0 0.336245 0.609791 0.009070 0.005466
0 0.353376 0.614781 0.009070 0.005466
0 0.370507 0.619772 0.009070 0.005466
0 0.417534 0.612167 0.009070 0.005466
0 0.434666 0.617395 0.009070 0.005466
0 0.451797 0.625000 0.009070 0.005466
0 0.468928 0.629990 0.009070 0.005466
0 0.486060 0.612167 0.009070 0.005466
0 0.503191 0.617395 0.009070 0.005466
0 0.520658 0.625000 0.009070 0.005466
0 0.554921 0.609791 0.009070 0.005466
0 0.576083 0.614781 0.009070 0.005466
0 0.593551 0.619772 0.009070 0.005466
0 0.610682 0.627376 0.009070 0.005466
0 0.627813 0.609791 0.009070 0.005466
0 0.644945 0.614781 0.009070 0.005466
0 0.662076 0.619772 0.009070 0.005466
0 0.713134 0.604563 0.009070 0.005466
0 0.728922 0.612167 0.009070 0.005466
0 0.744709 0.617395 0.009070 0.005466
0 0.760497 0.622386 0.009070 0.005466
0 0.776621 0.604563 0.009070 0.005466
0 0.792408 0.612167 0.009070 0.005466
0 0.808196 0.617395 0.009070 0.005466
0 0.840107 0.604563 0.009070 0.005466
0 0.855895 0.612167 0.009070 0.005466
0 0.871683 0.617395 0.009070 0.005466
0 0.903258 0.604563 0.009070 0.005466
0 0.919382 0.612167 0.009070 0.005466
0 0.935170 0.617395 0.009070 0.005466
0 0.137051 0.831511 0.009070 0.005466
0 0.137051 0.823907 0.009070 0.005466
0 0.137051 0.818679 0.009070 0.005466
0 0.137051 0.813688 0.009070 0.005466
0 0.193819 0.831511 0.009070 0.005466
0 0.193819 0.823907 0.009070 0.005466
0 0.193819 0.818679 0.009070 0.005466
0 0.193819 0.813688 0.009070 0.005466
0 0.270742 0.831511 0.009070 0.005466
0 0.270742 0.823907 0.009070 0.005466
0 0.270742 0.818679 0.009070 0.005466
0 0.270742 0.813688 0.009070 0.005466
0 0.335909 0.831511 0.009070 0.005466
0 0.335909 0.823907 0.009070 0.005466
0 0.335909 0.818679 0.009070 0.005466
0 0.335909 0.813688 0.009070 0.005466
0 0.436681 0.826283 0.009070 0.005466
0 0.452469 0.833888 0.009070 0.005466
0 0.468257 0.838878 0.009070 0.005466
0 0.483708 0.844106 0.009070 0.005466
0 0.499496 0.826283 0.009070 0.005466
0 0.515284 0.833888 0.009070 0.005466
0 0.531072 0.838878 0.009070 0.005466
0 0.562311 0.833888 0.009070 0.005466
0 0.578099 0.841492 0.009070 0.005466
0 0.593886 0.846483 0.009070 0.005466
0 0.609338 0.851711 0.009070 0.005466
0 0.625126 0.833888 0.009070 0.005466
0 0.640914 0.841492 0.009070 0.005466
0 0.656701 0.846483 0.009070 0.005466
0 0.705408 0.831511 0.009070 0.005466
0 0.722204 0.838878 0.009070 0.005466
0 0.738663 0.844106 0.009070 0.005466
0 0.755459 0.849097 0.009070 0.005466
0 0.772254 0.831511 0.009070 0.005466
0 0.788713 0.838878 0.009070 0.005466
0 0.805509 0.844106 0.009070 0.005466
0 0.838764 0.838878 0.009070 0.005466
0 0.855559 0.846483 0.009070 0.005466
0 0.872019 0.851711 0.009070 0.005466
0 0.888814 0.856702 0.009070 0.005466
0 0.905610 0.838878 0.009070 0.005466
0 0.922069 0.846483 0.009070 0.005466
0 0.938865 0.851711 0.009070 0.005466
0 0.151159 0.086502 0.009070 0.005466
0 0.222372 0.086502 0.009070 0.005466
0 0.266040 0.086502 0.009070 0.005466
0 0.306685 0.083888 0.009070 0.005466
0 0.581122 0.094106 0.009070 0.005466
0 0.607659 0.091492 0.009070 0.005466
0 0.694323 0.091492 0.009070 0.005466
0 0.738999 0.094106 0.009070 0.005466
0 0.789385 0.094106 0.009070 0.005466
0 0.840107 0.091492 0.009070 0.005466
0 0.874706 0.091492 0.009070 0.005466
0 0.899899 0.091492 0.009070 0.005466
0 0.926436 0.091492 0.009070 0.005466
0 0.111186 0.323669 0.009070 0.005466
0 0.142761 0.323669 0.009070 0.005466
0 0.174001 0.323669 0.009070 0.005466
0 0.236816 0.321293 0.009070 0.005466
0 0.306013 0.321293 0.009070 0.005466
0 0.387303 0.318679 0.009070 0.005466
0 0.453813 0.318679 0.009070 0.005466
0 0.520658 0.313688 0.009070 0.005466
0 0.567686 0.313688 0.009070 0.005466
0 0.623446 0.313688 0.009070 0.005466
0 0.698018 0.311074 0.009070 0.005466
0 0.761505 0.311074 0.009070 0.005466
0 0.823984 0.308460 0.009070 0.005466
0 0.892173 0.308460 0.009070 0.005466
0 0.923413 0.308460 0.009070 0.005466
0 0.110178 0.539924 0.009070 0.005466
0 0.178367 0.539924 0.009070 0.005466
0 0.246557 0.537310 0.009070 0.005466
0 0.319113 0.537310 0.009070 0.005466
0 0.353376 0.537310 0.009070 0.005466
0 0.400403 0.539924 0.009070 0.005466
0 0.434666 0.539924 0.009070 0.005466
0 0.468928 0.539924 0.009070 0.005466
0 0.537790 0.537310 0.009070 0.005466
0 0.610682 0.537310 0.009070 0.005466
0 0.697346 0.532319 0.009070 0.005466
0 0.760497 0.539924 0.009070 0.005466
0 0.823984 0.532319 0.009070 0.005466
0 0.887471 0.534933 0.009070 0.005466
0 0.919382 0.532319 0.009070 0.005466
0 0.108498 0.754990 0.009741 0.005466
0 0.238159 0.754990 0.009070 0.005466
0 0.356399 0.759981 0.009070 0.005466
0 0.420894 0.752376 0.009070 0.005466
0 0.515284 0.752376 0.009070 0.005466
0 0.546523 0.759981 0.009070 0.005466
0 0.688613 0.757605 0.009070 0.005466
0 0.722204 0.757605 0.009070 0.005466
0 0.755459 0.757605 0.009070 0.005466
0 0.788713 0.757605 0.009070 0.005466
0 0.822304 0.765209 0.009070 0.005466
0 0.888814 0.765209 0.009070 0.005466
