0 0.140410 0.157795 0.009741 0.005466
0 0.140410 0.147814 0.009741 0.005466
0 0.357743 0.157795 0.009741 0.005466
0 0.357743 0.147814 0.009741 0.005466
0 0.574740 0.157795 0.009070 0.005466
0 0.574740 0.147814 0.009070 0.005466
0 0.682902 0.157795 0.009070 0.005466
0 0.682902 0.147814 0.009070 0.005466
0 0.803158 0.157795 0.009070 0.005466
0 0.803158 0.147814 0.009070 0.005466
0 0.140410 0.094106 0.009070 0.005466
0 0.165939 0.088878 0.009070 0.005466
0 0.191804 0.091492 0.009070 0.005466
0 0.217333 0.088878 0.009070 0.005466
0 0.242862 0.096483 0.009070 0.005466
0 0.268391 0.088878 0.009070 0.005466
0 0.293920 0.096483 0.009070 0.005466
0 0.319785 0.088878 0.009070 0.005466
0 0.357743 0.094106 0.009070 0.005466
0 0.383272 0.088878 0.009070 0.005466
0 0.408801 0.091492 0.009070 0.005466
0 0.434330 0.088878 0.009070 0.005466
0 0.460195 0.096483 0.009070 0.005466
0 0.485724 0.088878 0.009070 0.005466
0 0.511253 0.096483 0.009070 0.005466
0 0.536782 0.088878 0.009070 0.005466
0 0.574740 0.094106 0.009070 0.005466
0 0.601948 0.088878 0.009070 0.005466
0 0.628821 0.094106 0.009070 0.005466
0 0.655694 0.088878 0.009070 0.005466
0 0.682902 0.094106 0.009070 0.005466
0 0.709775 0.088878 0.009070 0.005466
0 0.736648 0.094106 0.009070 0.005466
0 0.763856 0.088878 0.009070 0.005466
0 0.140410 0.081274 0.009070 0.005466
0 0.191804 0.086502 0.009070 0.005466
0 0.242862 0.083888 0.009070 0.005466
0 0.357743 0.081274 0.009070 0.005466
0 0.408801 0.086502 0.009070 0.005466
0 0.460195 0.083888 0.009070 0.005466
0 0.574740 0.081274 0.009070 0.005466
0 0.682902 0.081274 0.009070 0.005466
0 0.803158 0.094106 0.009070 0.005466
0 0.803158 0.081274 0.009070 0.005466
