0 0.343635 0.876901 0.008398 0.004753
0 0.133020 0.895200 0.008398 0.004753
0 0.133020 0.883793 0.008398 0.004753
0 0.253275 0.890684 0.008398 0.004753
0 0.253275 0.883793 0.008398 0.004753
0 0.343635 0.893061 0.008398 0.004753
0 0.343635 0.883793 0.008398 0.004753
0 0.493114 0.886169 0.008398 0.004753
0 0.493114 0.881416 0.008398 0.004753
0 0.163588 0.214354 0.008398 0.004753
0 0.163588 0.205086 0.008398 0.004753
0 0.163588 0.198194 0.008398 0.004753
0 0.271078 0.200570 0.008398 0.004753
0 0.339604 0.202947 0.008398 0.004753
0 0.404770 0.202947 0.008398 0.004753
0 0.484716 0.205086 0.008398 0.004753
0 0.527041 0.207462 0.008398 0.004753
0 0.545180 0.209838 0.008398 0.004753
0 0.575747 0.214354 0.008398 0.004753
0 0.602620 0.205086 0.008398 0.004753
0 0.690628 0.221245 0.008398 0.004753
0 0.707424 0.218869 0.008398 0.004753
0 0.724555 0.216730 0.008398 0.004753
0 0.741686 0.214354 0.008398 0.004753
0 0.758482 0.211977 0.008398 0.004753
0 0.807188 0.209838 0.008398 0.004753
0 0.791401 0.214354 0.005710 0.003327
0 0.798455 0.211977 0.005710 0.003327
0 0.859254 0.211977 0.008398 0.004753
0 0.891837 0.214354 0.008398 0.004753
0 0.931475 0.216730 0.008398 0.004753
0 0.145784 0.384268 0.008398 0.004753
0 0.239839 0.382129 0.008398 0.004753
0 0.321800 0.379753 0.008398 0.004753
0 0.305677 0.384268 0.005710 0.003327
0 0.312731 0.382129 0.005710 0.003327
0 0.383944 0.382129 0.008398 0.004753
0 0.423245 0.384268 0.008398 0.004753
0 0.470944 0.386644 0.008398 0.004753
0 0.517971 0.388783 0.008398 0.004753
0 0.659053 0.398051 0.008398 0.004753
0 0.659053 0.388783 0.008398 0.004753
0 0.659053 0.381892 0.008398 0.004753
0 0.787706 0.375000 0.008398 0.004753
0 0.787706 0.370485 0.008398 0.004753
0 0.787706 0.365970 0.008398 0.004753
0 0.787706 0.359078 0.008398 0.004753
0 0.137723 0.532795 0.008398 0.004753
0 0.129997 0.525903 0.008398 0.004753
0 0.137723 0.523764 0.008398 0.004753
0 0.137723 0.519011 0.008398 0.004753
0 0.326503 0.532795 0.008398 0.004753
0 0.334229 0.530656 0.008398 0.004753
0 0.334229 0.525903 0.008398 0.004753
0 0.326503 0.521388 0.008398 0.004753
0 0.334229 0.519011 0.008398 0.004753
0 0.533759 0.532795 0.008398 0.004753
0 0.533759 0.528279 0.008398 0.004753
0 0.533759 0.523764 0.008398 0.004753
0 0.533759 0.516873 0.008398 0.004753
0 0.661404 0.532795 0.008398 0.004753
0 0.669130 0.530656 0.008398 0.004753
0 0.669130 0.525903 0.008398 0.004753
0 0.661404 0.521388 0.008398 0.004753
0 0.669130 0.519011 0.008398 0.004753
0 0.834733 0.532795 0.008398 0.004753
0 0.834733 0.528279 0.008398 0.004753
0 0.834733 0.523764 0.008398 0.004753
0 0.834733 0.516873 0.008398 0.004753
0 0.129997 0.713641 0.008398 0.004753
0 0.368828 0.711502 0.008398 0.004753
0 0.576083 0.732177 0.008398 0.004753
0 0.706416 0.725285 0.008398 0.004753
0 0.798455 0.725285 0.008398 0.004753
0 0.798455 0.711502 0.008398 0.004753
0 0.844810 0.718394 0.008398 0.004753
0 0.844810 0.713641 0.008398 0.004753
0 0.133020 0.874525 0.008398 0.004753
0 0.133020 0.870010 0.008398 0.004753
0 0.253275 0.879278 0.008398 0.004753
0 0.253275 0.870010 0.008398 0.004753
0 0.340275 0.870010 0.008398 0.004753
0 0.385959 0.872386 0.008398 0.004753
0 0.412832 0.874525 0.008398 0.004753
0 0.439368 0.872386 0.008398 0.004753
0 0.493114 0.876901 0.008398 0.004753
0 0.493114 0.870010 0.008398 0.004753
0 0.622775 0.886169 0.008398 0.004753
0 0.630501 0.883793 0.008398 0.004753
0 0.630501 0.879278 0.008398 0.004753
0 0.622775 0.874525 0.008398 0.004753
0 0.630501 0.872386 0.008398 0.004753
0 0.823312 0.886169 0.008398 0.004753
0 0.823312 0.881416 0.008398 0.004753
0 0.823312 0.876901 0.008398 0.004753
0 0.823312 0.870010 0.008398 0.004753
0 0.484716 0.163498 0.008398 0.004753
0 0.484716 0.158983 0.008398 0.004753
0 0.545180 0.161359 0.008398 0.004753
0 0.545180 0.156606 0.008398 0.004753
0 0.129997 0.682510 0.008398 0.004753
0 0.576083 0.659696 0.008398 0.004753
0 0.698690 0.664211 0.008398 0.004753
0 0.706416 0.661835 0.008398 0.004753
0 0.798455 0.661835 0.008398 0.004753
0 0.163588 0.152091 0.008398 0.004753
0 0.163588 0.145200 0.008398 0.004753
0 0.163588 0.140684 0.008398 0.004753
0 0.271078 0.161359 0.008398 0.004753
0 0.271078 0.156606 0.008398 0.004753
0 0.339604 0.161359 0.008398 0.004753
0 0.339604 0.154468 0.008398 0.004753
0 0.404770 0.161359 0.008398 0.004753
0 0.404770 0.154468 0.008398 0.004753
0 0.484716 0.152091 0.008398 0.004753
0 0.602620 0.163498 0.008398 0.004753
0 0.602620 0.158983 0.008398 0.004753
0 0.602620 0.152091 0.008398 0.004753
0 0.690628 0.140684 0.008398 0.004753
0 0.707424 0.138308 0.008398 0.004753
0 0.724555 0.135932 0.008398 0.004753
0 0.741686 0.133793 0.008398 0.004753
0 0.758482 0.131416 0.008398 0.004753
0 0.807188 0.129040 0.008398 0.004753
0 0.791401 0.133793 0.005710 0.003327
0 0.798455 0.131416 0.005710 0.003327
0 0.859254 0.131416 0.008398 0.004753
0 0.891837 0.133793 0.008398 0.004753
0 0.931475 0.135932 0.008398 0.004753
0 0.145784 0.321055 0.008398 0.004753
0 0.239839 0.318679 0.008398 0.004753
0 0.321800 0.316540 0.008398 0.004753
0 0.305677 0.321055 0.005710 0.003327
0 0.312731 0.318679 0.005710 0.003327
0 0.383944 0.318679 0.008398 0.004753
0 0.423245 0.321055 0.008398 0.004753
0 0.470944 0.323432 0.008398 0.004753
0 0.517971 0.325570 0.008398 0.004753
0 0.659053 0.330323 0.008398 0.004753
0 0.651327 0.321055 0.008398 0.004753
0 0.659053 0.318679 0.008398 0.004753
0 0.629157 0.471958 0.008398 0.004753
0 0.669130 0.469582 0.008398 0.004753
0 0.701713 0.469582 0.008398 0.004753
0 0.718509 0.474335 0.008398 0.004753
0 0.735304 0.478850 0.008398 0.004753
0 0.752771 0.483365 0.008398 0.004753
0 0.769567 0.485741 0.008398 0.004753
0 0.786026 0.490257 0.008398 0.004753
0 0.834733 0.492633 0.008398 0.004753
0 0.811555 0.495010 0.005710 0.003327
0 0.818609 0.492633 0.005710 0.003327
0 0.825663 0.490257 0.005710 0.003327
0 0.861606 0.495010 0.008398 0.004753
0 0.875714 0.497148 0.008398 0.004753
0 0.129997 0.673479 0.008398 0.004753
0 0.261673 0.673479 0.008398 0.004753
0 0.306349 0.673479 0.008398 0.004753
0 0.368828 0.680371 0.008398 0.004753
0 0.368828 0.673479 0.008398 0.004753
0 0.440712 0.682510 0.008398 0.004753
0 0.440712 0.671103 0.008398 0.004753
0 0.576083 0.668726 0.008398 0.004753
0 0.627477 0.668726 0.008398 0.004753
0 0.653678 0.666587 0.008398 0.004753
0 0.680215 0.664211 0.008398 0.004753
0 0.706416 0.657319 0.008398 0.004753
0 0.732953 0.654943 0.008398 0.004753
0 0.759154 0.652804 0.008398 0.004753
0 0.798455 0.657319 0.008398 0.004753
0 0.798455 0.652804 0.008398 0.004753
0 0.844810 0.654943 0.008398 0.004753
0 0.589520 0.813451 0.008398 0.004753
0 0.630501 0.811074 0.008398 0.004753
0 0.669802 0.811074 0.008398 0.004753
0 0.690292 0.815827 0.008398 0.004753
0 0.710447 0.820342 0.008398 0.004753
0 0.730601 0.824857 0.008398 0.004753
0 0.751092 0.827234 0.008398 0.004753
0 0.771246 0.831749 0.008398 0.004753
0 0.823312 0.834125 0.008398 0.004753
0 0.800134 0.836502 0.005710 0.003327
0 0.807188 0.834125 0.005710 0.003327
0 0.814243 0.831749 0.005710 0.003327
0 0.856567 0.836502 0.008398 0.004753
0 0.874034 0.838641 0.008398 0.004753
0 0.129997 0.074857 0.008398 0.004753
0 0.163588 0.072481 0.008398 0.004753
0 0.226402 0.072481 0.008398 0.004753
0 0.271078 0.072481 0.008398 0.004753
0 0.311051 0.072481 0.008398 0.004753
0 0.339604 0.070342 0.008398 0.004753
0 0.379913 0.070342 0.008398 0.004753
0 0.404770 0.070342 0.008398 0.004753
0 0.445079 0.070342 0.008398 0.004753
0 0.484716 0.067966 0.008398 0.004753
0 0.758482 0.074857 0.008398 0.004753
0 0.807188 0.072481 0.008398 0.004753
0 0.859254 0.074857 0.008398 0.004753
0 0.891837 0.077234 0.008398 0.004753
0 0.931475 0.079373 0.008398 0.004753
0 0.145784 0.271863 0.008398 0.004753
0 0.122607 0.269487 0.005710 0.003327
0 0.172321 0.271863 0.008398 0.004753
0 0.265704 0.269487 0.008398 0.004753
0 0.321800 0.267110 0.008398 0.004753
0 0.383944 0.269487 0.008398 0.004753
0 0.423245 0.271863 0.008398 0.004753
0 0.470944 0.274002 0.008398 0.004753
0 0.517971 0.276378 0.008398 0.004753
0 0.504199 0.274002 0.005710 0.003327
0 0.544508 0.276378 0.008398 0.004753
0 0.747397 0.278755 0.008398 0.004753
0 0.787706 0.278755 0.008398 0.004753
0 0.828351 0.274002 0.008398 0.004753
0 0.869332 0.269487 0.008398 0.004753
0 0.917366 0.267110 0.008398 0.004753
0 0.137723 0.436312 0.008398 0.004753
0 0.184078 0.431559 0.008398 0.004753
0 0.217333 0.427044 0.008398 0.004753
0 0.278132 0.431559 0.008398 0.004753
0 0.334229 0.422529 0.008398 0.004753
0 0.375546 0.422529 0.008398 0.004753
0 0.396372 0.427044 0.008398 0.004753
0 0.417534 0.431559 0.008398 0.004753
0 0.453813 0.433935 0.008398 0.004753
0 0.474639 0.436312 0.008398 0.004753
0 0.495801 0.438451 0.008398 0.004753
0 0.533759 0.440827 0.008398 0.004753
0 0.560632 0.443203 0.008398 0.004753
0 0.577091 0.445342 0.008398 0.004753
0 0.928451 0.436312 0.008398 0.004753
0 0.129997 0.585789 0.008398 0.004753
0 0.216997 0.592681 0.008398 0.004753
0 0.261673 0.592681 0.008398 0.004753
0 0.306349 0.592681 0.008398 0.004753
0 0.368828 0.587928 0.008398 0.004753
0 0.411488 0.590304 0.008398 0.004753
0 0.440712 0.590304 0.008398 0.004753
0 0.524017 0.590304 0.008398 0.004753
0 0.576083 0.578897 0.008398 0.004753
0 0.627477 0.578897 0.008398 0.004753
0 0.653678 0.581036 0.008398 0.004753
0 0.680215 0.583413 0.008398 0.004753
0 0.706416 0.583413 0.008398 0.004753
0 0.732953 0.585789 0.008398 0.004753
0 0.759154 0.587928 0.008398 0.004753
0 0.798455 0.583413 0.008398 0.004753
0 0.844810 0.585789 0.008398 0.004753
0 0.920054 0.585789 0.008398 0.004753
0 0.133020 0.771150 0.008398 0.004753
0 0.180383 0.771150 0.008398 0.004753
0 0.204568 0.775665 0.008398 0.004753
0 0.228754 0.780418 0.008398 0.004753
0 0.253275 0.771150 0.008398 0.004753
0 0.277461 0.775665 0.008398 0.004753
0 0.301646 0.780418 0.008398 0.004753
0 0.343635 0.778042 0.008398 0.004753
0 0.493114 0.787310 0.008398 0.004753
