0 0.539805 0.259030 0.009070 0.005228
0 0.580114 0.261644 0.009070 0.005228
0 0.236816 0.271388 0.009070 0.005228
0 0.258314 0.264021 0.009070 0.005228
0 0.279812 0.268774 0.009070 0.005228
0 0.300974 0.273764 0.009070 0.005228
0 0.338932 0.266397 0.009405 0.005228
0 0.438025 0.266397 0.009405 0.005228
0 0.535774 0.266397 0.009405 0.005228
0 0.645952 0.266397 0.009405 0.005228
0 0.706416 0.266397 0.009405 0.005228
0 0.601948 0.475998 0.009405 0.005228
0 0.860598 0.682985 0.009070 0.005228
0 0.908297 0.678232 0.009070 0.005228
0 0.277461 0.900903 0.009070 0.005228
0 0.277461 0.883793 0.009070 0.005228
0 0.308700 0.905656 0.009070 0.005228
0 0.308700 0.888546 0.009070 0.005228
0 0.137723 0.268774 0.009070 0.005228
0 0.137723 0.251663 0.009070 0.005228
0 0.158885 0.259030 0.009070 0.005228
0 0.182398 0.273764 0.009070 0.005228
0 0.182398 0.256654 0.009070 0.005228
0 0.203561 0.251663 0.009070 0.005228
0 0.236816 0.254278 0.009070 0.005228
0 0.279812 0.256654 0.009070 0.005228
0 0.338932 0.254278 0.009070 0.005228
0 0.374538 0.251663 0.009070 0.005228
0 0.438025 0.254278 0.009070 0.005228
0 0.480013 0.256654 0.009070 0.005228
0 0.535774 0.249287 0.009070 0.005228
0 0.575747 0.251663 0.009070 0.005228
0 0.645952 0.259030 0.009405 0.005228
0 0.706416 0.261644 0.009405 0.005228
0 0.804501 0.276141 0.009070 0.005228
0 0.804501 0.259030 0.009070 0.005228
0 0.838764 0.273764 0.009070 0.005228
0 0.838764 0.259030 0.009070 0.005228
0 0.886799 0.271388 0.009070 0.005228
0 0.886799 0.259030 0.009070 0.005228
0 0.916359 0.273764 0.009070 0.005228
0 0.916359 0.259030 0.009070 0.005228
0 0.137723 0.485741 0.009070 0.005228
0 0.137723 0.468631 0.009070 0.005228
0 0.158885 0.475998 0.009070 0.005228
0 0.180383 0.473622 0.009070 0.005228
0 0.201545 0.478612 0.009070 0.005228
0 0.242526 0.475998 0.009405 0.005228
0 0.334565 0.473622 0.009405 0.005228
0 0.418206 0.483365 0.009405 0.005228
0 0.418206 0.466255 0.009405 0.005228
0 0.494122 0.480989 0.009070 0.005228
0 0.494122 0.463878 0.009070 0.005228
0 0.531072 0.478612 0.009070 0.005228
0 0.531072 0.461502 0.009070 0.005228
0 0.554249 0.478612 0.009070 0.005228
0 0.554249 0.463878 0.009070 0.005228
0 0.601612 0.466255 0.009070 0.005228
0 0.624790 0.458888 0.009070 0.005228
0 0.669802 0.458888 0.009070 0.005228
0 0.669802 0.449144 0.009070 0.005228
0 0.699026 0.458888 0.009070 0.005228
0 0.699026 0.449144 0.009070 0.005228
0 0.717501 0.458888 0.009070 0.005228
0 0.717501 0.449144 0.009070 0.005228
0 0.755794 0.451759 0.009070 0.005228
0 0.755794 0.446768 0.009070 0.005228
0 0.775613 0.458888 0.009070 0.005228
0 0.775613 0.449144 0.009070 0.005228
0 0.795096 0.463878 0.009070 0.005228
0 0.795096 0.451759 0.009070 0.005228
0 0.842795 0.458888 0.009070 0.005228
0 0.842795 0.449144 0.009070 0.005228
0 0.896876 0.451759 0.009070 0.005228
0 0.896876 0.446768 0.009070 0.005228
0 0.926100 0.463878 0.009070 0.005228
0 0.926100 0.451759 0.009070 0.005228
0 0.135035 0.668489 0.009070 0.005228
0 0.135035 0.663498 0.009070 0.005228
0 0.160228 0.680608 0.009070 0.005228
0 0.160228 0.668489 0.009070 0.005228
0 0.185086 0.675856 0.009070 0.005228
0 0.185086 0.666112 0.009070 0.005228
0 0.237487 0.668489 0.009070 0.005228
0 0.237487 0.663498 0.009070 0.005228
0 0.266711 0.673241 0.009070 0.005228
0 0.266711 0.668489 0.009070 0.005228
0 0.266711 0.661122 0.009070 0.005228
0 0.316426 0.680608 0.009405 0.005228
0 0.316426 0.668489 0.009405 0.005228
0 0.316426 0.658745 0.009405 0.005228
0 0.380920 0.678232 0.009070 0.005228
0 0.380920 0.673241 0.009070 0.005228
0 0.399395 0.668489 0.009070 0.005228
0 0.399395 0.661122 0.009070 0.005228
0 0.417870 0.678232 0.009070 0.005228
0 0.417870 0.673241 0.009070 0.005228
0 0.436345 0.668489 0.009070 0.005228
0 0.436345 0.661122 0.009070 0.005228
0 0.469264 0.682985 0.009070 0.005228
0 0.469264 0.678232 0.009070 0.005228
0 0.494458 0.670865 0.009070 0.005228
0 0.494458 0.661122 0.009070 0.005228
0 0.517971 0.682985 0.009070 0.005228
0 0.517971 0.678232 0.009070 0.005228
0 0.541821 0.670865 0.009070 0.005228
0 0.541821 0.661122 0.009070 0.005228
0 0.580450 0.680608 0.009070 0.005228
0 0.580450 0.675856 0.009070 0.005228
0 0.599597 0.673241 0.009070 0.005228
0 0.599597 0.663498 0.009070 0.005228
0 0.618744 0.678232 0.009070 0.005228
0 0.618744 0.666112 0.009070 0.005228
0 0.637890 0.682985 0.009070 0.005228
0 0.637890 0.666112 0.009070 0.005228
0 0.669802 0.680608 0.009070 0.005228
0 0.669802 0.670865 0.009070 0.005228
0 0.689956 0.678232 0.009070 0.005228
0 0.689956 0.673241 0.009070 0.005228
0 0.710111 0.680608 0.009070 0.005228
0 0.710111 0.670865 0.009070 0.005228
0 0.729929 0.682985 0.009070 0.005228
0 0.729929 0.666112 0.009070 0.005228
0 0.763184 0.680608 0.009070 0.005228
0 0.763184 0.670865 0.009070 0.005228
0 0.785018 0.678232 0.009070 0.005228
0 0.785018 0.673241 0.009070 0.005228
0 0.807188 0.680608 0.009070 0.005228
0 0.807188 0.670865 0.009070 0.005228
0 0.829358 0.685599 0.009070 0.005228
0 0.829358 0.673241 0.009070 0.005228
0 0.829358 0.668489 0.009070 0.005228
0 0.860598 0.673241 0.009070 0.005228
0 0.884447 0.666112 0.009070 0.005228
0 0.931811 0.661122 0.009070 0.005228
0 0.135371 0.886169 0.009405 0.005228
0 0.135371 0.878802 0.009405 0.005228
0 0.135371 0.874049 0.009405 0.005228
0 0.203225 0.903279 0.009405 0.005228
0 0.203225 0.886169 0.009405 0.005228
0 0.280820 0.895913 0.009405 0.005228
0 0.353376 0.905656 0.009070 0.005228
0 0.353376 0.888546 0.009070 0.005228
0 0.383608 0.910646 0.009070 0.005228
0 0.383608 0.893536 0.009070 0.005228
0 0.426268 0.903279 0.009405 0.005228
0 0.426268 0.886169 0.009405 0.005228
0 0.499496 0.903279 0.009405 0.005228
0 0.499496 0.886169 0.009405 0.005228
0 0.579442 0.903279 0.009405 0.005228
0 0.579442 0.890922 0.009405 0.005228
0 0.652335 0.903279 0.009405 0.005228
0 0.652335 0.888546 0.009405 0.005228
0 0.722539 0.903279 0.009405 0.005228
0 0.722539 0.895913 0.009405 0.005228
0 0.790393 0.903279 0.009405 0.005228
0 0.790393 0.898289 0.009405 0.005228
0 0.904266 0.913023 0.009405 0.005228
0 0.904266 0.895913 0.009405 0.005228
0 0.438025 0.212928 0.009070 0.005228
0 0.480013 0.215304 0.009070 0.005228
0 0.645952 0.195817 0.009405 0.005228
0 0.714814 0.198194 0.009405 0.005228
0 0.714814 0.193203 0.009405 0.005228
0 0.531072 0.402804 0.009070 0.005228
0 0.669802 0.417538 0.009070 0.005228
0 0.669802 0.407795 0.009070 0.005228
0 0.699026 0.417538 0.009070 0.005228
0 0.699026 0.407795 0.009070 0.005228
0 0.717501 0.417538 0.009070 0.005228
0 0.717501 0.407795 0.009070 0.005228
0 0.755794 0.410171 0.009070 0.005228
0 0.755794 0.405181 0.009070 0.005228
0 0.775613 0.417538 0.009070 0.005228
0 0.775613 0.407795 0.009070 0.005228
0 0.795096 0.417538 0.009070 0.005228
0 0.795096 0.410171 0.009070 0.005228
0 0.842795 0.417538 0.009070 0.005228
0 0.842795 0.407795 0.009070 0.005228
0 0.896876 0.410171 0.009070 0.005228
0 0.896876 0.405181 0.009070 0.005228
0 0.926100 0.417538 0.009070 0.005228
0 0.926100 0.410171 0.009070 0.005228
0 0.135035 0.619534 0.009070 0.005228
0 0.135035 0.614544 0.009070 0.005228
0 0.160228 0.626901 0.009070 0.005228
0 0.160228 0.619534 0.009070 0.005228
0 0.185086 0.626901 0.009070 0.005228
0 0.185086 0.617158 0.009070 0.005228
0 0.860598 0.624287 0.009070 0.005228
0 0.860598 0.617158 0.009070 0.005228
0 0.908297 0.624287 0.009070 0.005228
0 0.908297 0.619534 0.009070 0.005228
0 0.579442 0.827471 0.009405 0.005228
0 0.579442 0.820105 0.009405 0.005228
0 0.652335 0.827471 0.009405 0.005228
0 0.652335 0.822719 0.009405 0.005228
0 0.722539 0.832462 0.009405 0.005228
0 0.798791 0.830086 0.009405 0.005228
0 0.904266 0.832462 0.009405 0.005228
0 0.137723 0.217681 0.009070 0.005228
0 0.137723 0.200570 0.009070 0.005228
0 0.158885 0.205561 0.009070 0.005228
0 0.182398 0.215304 0.009070 0.005228
0 0.182398 0.198194 0.009070 0.005228
0 0.203561 0.205561 0.009070 0.005228
0 0.236816 0.212928 0.009070 0.005228
0 0.236816 0.195817 0.009070 0.005228
0 0.258314 0.207937 0.009070 0.005228
0 0.279812 0.217681 0.009070 0.005228
0 0.279812 0.200570 0.009070 0.005228
0 0.300974 0.205561 0.009070 0.005228
0 0.338932 0.212928 0.009070 0.005228
0 0.338932 0.195817 0.009070 0.005228
0 0.356735 0.203184 0.009070 0.005228
0 0.374538 0.215304 0.009070 0.005228
0 0.374538 0.198194 0.009070 0.005228
0 0.392677 0.203184 0.009070 0.005228
0 0.438025 0.195817 0.009070 0.005228
0 0.458851 0.203184 0.009070 0.005228
0 0.500840 0.205561 0.009070 0.005228
0 0.535774 0.205561 0.009070 0.005228
0 0.555929 0.207937 0.009070 0.005228
0 0.595902 0.210314 0.009070 0.005228
0 0.645616 0.183460 0.009070 0.005228
0 0.669802 0.190827 0.009070 0.005228
0 0.706080 0.190827 0.009070 0.005228
0 0.744709 0.190827 0.009070 0.005228
0 0.804501 0.190827 0.009070 0.005228
0 0.804501 0.183460 0.009070 0.005228
0 0.804501 0.178707 0.009070 0.005228
0 0.838764 0.190827 0.009070 0.005228
0 0.838764 0.183460 0.009070 0.005228
0 0.838764 0.176331 0.009070 0.005228
0 0.886799 0.190827 0.009070 0.005228
0 0.886799 0.183460 0.009070 0.005228
0 0.886799 0.173717 0.009070 0.005228
0 0.916359 0.190827 0.009070 0.005228
0 0.916359 0.186074 0.009070 0.005228
0 0.916359 0.176331 0.009070 0.005228
0 0.137723 0.405181 0.009070 0.005228
0 0.137723 0.397814 0.009070 0.005228
0 0.137723 0.393061 0.009070 0.005228
0 0.158885 0.405181 0.009070 0.005228
0 0.158885 0.400428 0.009070 0.005228
0 0.158885 0.395437 0.009070 0.005228
0 0.180383 0.410171 0.009070 0.005228
0 0.180383 0.402804 0.009070 0.005228
0 0.180383 0.397814 0.009070 0.005228
0 0.201545 0.402804 0.009070 0.005228
0 0.201545 0.397814 0.009070 0.005228
0 0.201545 0.390684 0.009070 0.005228
0 0.242190 0.405181 0.009070 0.005228
0 0.242190 0.397814 0.009070 0.005228
0 0.242190 0.393061 0.009070 0.005228
0 0.281491 0.407795 0.009070 0.005228
0 0.281491 0.400428 0.009070 0.005228
0 0.281491 0.395437 0.009070 0.005228
0 0.334565 0.410171 0.009405 0.005228
0 0.334565 0.402804 0.009405 0.005228
0 0.334565 0.397814 0.009405 0.005228
0 0.418206 0.407795 0.009405 0.005228
0 0.418206 0.402804 0.009405 0.005228
0 0.418206 0.395437 0.009405 0.005228
0 0.418206 0.390684 0.009405 0.005228
0 0.494122 0.405181 0.009070 0.005228
0 0.494122 0.400428 0.009070 0.005228
0 0.494122 0.393061 0.009070 0.005228
0 0.531072 0.395437 0.009070 0.005228
0 0.554249 0.397814 0.009070 0.005228
0 0.601948 0.400428 0.009405 0.005228
0 0.601948 0.395437 0.009405 0.005228
0 0.587504 0.405181 0.006046 0.003565
0 0.587504 0.400190 0.006046 0.003565
0 0.669802 0.400428 0.009070 0.005228
0 0.699026 0.400428 0.009070 0.005228
0 0.755794 0.400428 0.009070 0.005228
0 0.795096 0.400428 0.009070 0.005228
0 0.842795 0.400428 0.009070 0.005228
0 0.896876 0.400428 0.009070 0.005228
0 0.135035 0.609791 0.009070 0.005228
0 0.185086 0.609791 0.009070 0.005228
0 0.237487 0.626901 0.009070 0.005228
0 0.237487 0.619534 0.009070 0.005228
0 0.237487 0.614544 0.009070 0.005228
0 0.266711 0.619534 0.009070 0.005228
0 0.266711 0.612167 0.009070 0.005228
0 0.307692 0.621911 0.009405 0.005228
0 0.316426 0.619534 0.009405 0.005228
0 0.316426 0.609791 0.009405 0.005228
0 0.399395 0.624287 0.009070 0.005228
0 0.399395 0.619534 0.009070 0.005228
0 0.417870 0.612167 0.009070 0.005228
0 0.417870 0.607414 0.009070 0.005228
0 0.436345 0.624287 0.009070 0.005228
0 0.436345 0.619534 0.009070 0.005228
0 0.486060 0.624287 0.009070 0.005228
0 0.494458 0.621911 0.009070 0.005228
0 0.517971 0.612167 0.009070 0.005228
0 0.517971 0.607414 0.009070 0.005228
0 0.533759 0.624287 0.009070 0.005228
0 0.541821 0.621911 0.009070 0.005228
0 0.580450 0.626901 0.009070 0.005228
0 0.580450 0.609791 0.009070 0.005228
0 0.599597 0.624287 0.009070 0.005228
0 0.599597 0.619534 0.009070 0.005228
0 0.618744 0.624287 0.009070 0.005228
0 0.618744 0.617158 0.009070 0.005228
0 0.637890 0.624287 0.009070 0.005228
0 0.637890 0.612167 0.009070 0.005228
0 0.669802 0.626901 0.009070 0.005228
0 0.669802 0.614544 0.009070 0.005228
0 0.689956 0.624287 0.009070 0.005228
0 0.689956 0.617158 0.009070 0.005228
0 0.710111 0.626901 0.009070 0.005228
0 0.710111 0.614544 0.009070 0.005228
0 0.729929 0.624287 0.009070 0.005228
0 0.729929 0.612167 0.009070 0.005228
0 0.763184 0.626901 0.009070 0.005228
0 0.763184 0.614544 0.009070 0.005228
0 0.785018 0.624287 0.009070 0.005228
0 0.785018 0.617158 0.009070 0.005228
0 0.807188 0.626901 0.009070 0.005228
0 0.807188 0.614544 0.009070 0.005228
0 0.829358 0.624287 0.009070 0.005228
0 0.829358 0.614544 0.009070 0.005228
0 0.829358 0.607414 0.009070 0.005228
0 0.860598 0.609791 0.009070 0.005228
0 0.884447 0.612167 0.009070 0.005228
0 0.908297 0.614544 0.009070 0.005228
0 0.931811 0.617158 0.009070 0.005228
0 0.135371 0.839829 0.009405 0.005228
0 0.135371 0.832462 0.009405 0.005228
0 0.135371 0.822719 0.009405 0.005228
0 0.203225 0.842205 0.009405 0.005228
0 0.211622 0.839829 0.009405 0.005228
0 0.203225 0.834838 0.009405 0.005228
0 0.277461 0.849572 0.009405 0.005228
0 0.277461 0.842205 0.009405 0.005228
0 0.277461 0.832462 0.009405 0.005228
0 0.353376 0.849572 0.009405 0.005228
0 0.353376 0.842205 0.009405 0.005228
0 0.353376 0.837215 0.009405 0.005228
0 0.426268 0.849572 0.009405 0.005228
0 0.426268 0.844582 0.009405 0.005228
0 0.426268 0.839829 0.009405 0.005228
0 0.499496 0.851949 0.009405 0.005228
0 0.499496 0.842205 0.009405 0.005228
0 0.508230 0.839829 0.009405 0.005228
0 0.579106 0.810361 0.009070 0.005228
0 0.609674 0.815352 0.009070 0.005228
0 0.651999 0.815352 0.009070 0.005228
0 0.681223 0.817728 0.009070 0.005228
0 0.722539 0.820105 0.009070 0.005228
0 0.750420 0.827471 0.009070 0.005228
0 0.790393 0.827471 0.009070 0.005228
0 0.826671 0.827471 0.009070 0.005228
0 0.904266 0.827471 0.009405 0.005228
0 0.879409 0.829848 0.006046 0.003565
0 0.886799 0.827471 0.006046 0.003565
0 0.894525 0.824857 0.006046 0.003565
0 0.137723 0.117395 0.009070 0.005228
0 0.182398 0.112643 0.009070 0.005228
0 0.236816 0.115019 0.009070 0.005228
0 0.258314 0.124762 0.009070 0.005228
0 0.279812 0.122386 0.009070 0.005228
0 0.300974 0.117395 0.009070 0.005228
0 0.338932 0.120010 0.009070 0.005228
0 0.392677 0.122386 0.009070 0.005228
0 0.438025 0.124762 0.009070 0.005228
0 0.725563 0.132129 0.009070 0.005228
0 0.764192 0.132129 0.009070 0.005228
0 0.804501 0.120010 0.009070 0.005228
0 0.838764 0.117395 0.009070 0.005228
0 0.886799 0.115019 0.009070 0.005228
0 0.934834 0.117395 0.009070 0.005228
0 0.137723 0.331036 0.009070 0.005228
0 0.158885 0.333413 0.009070 0.005228
0 0.180383 0.335789 0.009070 0.005228
0 0.201545 0.328660 0.009070 0.005228
0 0.242190 0.331036 0.009070 0.005228
0 0.281491 0.333413 0.009070 0.005228
0 0.334565 0.335789 0.009070 0.005228
0 0.381592 0.335789 0.009070 0.005228
0 0.417870 0.328660 0.009070 0.005228
0 0.459859 0.328660 0.009070 0.005228
0 0.494122 0.331036 0.009070 0.005228
0 0.531072 0.333413 0.009070 0.005228
0 0.554249 0.335789 0.009070 0.005228
0 0.601612 0.333413 0.009070 0.005228
0 0.587840 0.338165 0.006046 0.003565
0 0.669802 0.333413 0.009070 0.005228
0 0.717501 0.333413 0.009070 0.005228
0 0.755794 0.331036 0.009070 0.005228
0 0.775613 0.333413 0.009070 0.005228
0 0.795096 0.335789 0.009070 0.005228
0 0.842795 0.333413 0.009070 0.005228
0 0.878401 0.333413 0.009070 0.005228
0 0.896876 0.331036 0.009070 0.005228
0 0.926100 0.335789 0.009070 0.005228
0 0.135035 0.540637 0.009070 0.005228
0 0.160228 0.545627 0.009070 0.005228
0 0.185086 0.543013 0.009070 0.005228
0 0.237487 0.540637 0.009070 0.005228
0 0.266711 0.538260 0.009070 0.005228
0 0.316426 0.535646 0.009070 0.005228
0 0.380920 0.538260 0.009405 0.005228
0 0.469264 0.533270 0.009405 0.005228
0 0.580450 0.535646 0.009070 0.005228
0 0.599597 0.545627 0.009070 0.005228
0 0.618744 0.543013 0.009070 0.005228
0 0.637890 0.538260 0.009070 0.005228
0 0.669802 0.540637 0.009070 0.005228
0 0.689956 0.543013 0.009070 0.005228
0 0.710111 0.540637 0.009070 0.005228
0 0.729929 0.538260 0.009070 0.005228
0 0.763184 0.540637 0.009070 0.005228
0 0.785018 0.543013 0.009070 0.005228
0 0.807188 0.540637 0.009070 0.005228
0 0.829358 0.533270 0.009070 0.005228
0 0.860598 0.535646 0.009070 0.005228
0 0.884447 0.538260 0.009070 0.005228
0 0.908297 0.540637 0.009070 0.005228
0 0.931811 0.543013 0.009070 0.005228
0 0.135371 0.752614 0.009070 0.005228
0 0.162916 0.757367 0.009070 0.005228
0 0.202889 0.757367 0.009070 0.005228
0 0.231777 0.759981 0.009070 0.005228
0 0.277461 0.762357 0.009405 0.005228
0 0.456500 0.757367 0.009070 0.005228
0 0.499160 0.757367 0.009070 0.005228
0 0.526033 0.759981 0.009070 0.005228
0 0.579442 0.762357 0.009405 0.005228
