0 0.408129 0.226949 0.010749 0.005941
0 0.408129 0.215779 0.010749 0.005941
0 0.408129 0.207462 0.010749 0.005941
0 0.609338 0.226949 0.010749 0.005941
0 0.609338 0.215779 0.010749 0.005941
0 0.609338 0.207462 0.010749 0.005941
0 0.810883 0.196293 0.010749 0.005941
0 0.810883 0.187975 0.010749 0.005941
0 0.876386 0.196293 0.010077 0.005941
0 0.876386 0.187975 0.010077 0.005941
0 0.176016 0.213165 0.010077 0.005941
0 0.176016 0.207462 0.010077 0.005941
0 0.176016 0.199144 0.010077 0.005941
0 0.245885 0.213165 0.010749 0.005941
0 0.245885 0.207462 0.010749 0.005941
0 0.245885 0.201996 0.010749 0.005941
0 0.408129 0.187975 0.010077 0.005941
0 0.426940 0.196293 0.010077 0.005941
0 0.441720 0.187975 0.010077 0.005941
0 0.456836 0.196293 0.010077 0.005941
0 0.471952 0.187975 0.010077 0.005941
0 0.487068 0.196293 0.010077 0.005941
0 0.501847 0.187975 0.010077 0.005941
0 0.516963 0.196293 0.010077 0.005941
0 0.532079 0.187975 0.010077 0.005941
0 0.547195 0.196293 0.010077 0.005941
0 0.561975 0.187975 0.010077 0.005941
0 0.577091 0.196293 0.010077 0.005941
0 0.609338 0.187975 0.010077 0.005941
0 0.628149 0.196293 0.010077 0.005941
0 0.643265 0.187975 0.010077 0.005941
0 0.658381 0.196293 0.010077 0.005941
0 0.673161 0.187975 0.010077 0.005941
0 0.688277 0.196293 0.010077 0.005941
0 0.703393 0.187975 0.010077 0.005941
0 0.718173 0.196293 0.010077 0.005941
0 0.733289 0.187975 0.010077 0.005941
0 0.748404 0.196293 0.010077 0.005941
0 0.763520 0.187975 0.010077 0.005941
0 0.778300 0.196293 0.010077 0.005941
0 0.810883 0.226949 0.010749 0.005941
0 0.810883 0.215779 0.010749 0.005941
0 0.810883 0.207462 0.010749 0.005941
0 0.876386 0.226949 0.010077 0.005941
0 0.876386 0.215779 0.010077 0.005941
0 0.876386 0.207462 0.010077 0.005941
0 0.176016 0.078184 0.010077 0.005941
0 0.199866 0.092205 0.010077 0.005941
0 0.214982 0.086740 0.010077 0.005941
0 0.230433 0.092205 0.010077 0.005941
0 0.245549 0.081036 0.010077 0.005941
0 0.266711 0.092205 0.010077 0.005941
0 0.282163 0.086740 0.010077 0.005941
0 0.297279 0.092205 0.010077 0.005941
0 0.312731 0.078184 0.010077 0.005941
0 0.328183 0.092205 0.010077 0.005941
0 0.343299 0.086740 0.010077 0.005941
0 0.358750 0.092205 0.010077 0.005941
0 0.176016 0.078184 0.010077 0.005941
0 0.245549 0.081036 0.010077 0.005941
0 0.312731 0.078184 0.010077 0.005941
0 0.408129 0.109078 0.010749 0.005941
0 0.609338 0.109078 0.010749 0.005941
0 0.810883 0.109078 0.010749 0.005941
0 0.810883 0.100523 0.010749 0.005941
0 0.810883 0.089354 0.010749 0.005941
0 0.876386 0.109078 0.010077 0.005941
0 0.876386 0.100523 0.010077 0.005941
0 0.876386 0.089354 0.010077 0.005941
