0 0.836748 0.207937 0.009070 0.005228
0 0.909976 0.207937 0.009070 0.005228
0 0.148808 0.592918 0.009070 0.005228
0 0.208599 0.592918 0.009070 0.005228
0 0.238495 0.592918 0.009070 0.005228
0 0.305677 0.592918 0.009070 0.005228
0 0.362445 0.585551 0.009070 0.005228
0 0.428955 0.585551 0.009070 0.005228
0 0.465905 0.585551 0.009070 0.005228
0 0.525025 0.585551 0.009070 0.005228
0 0.572724 0.583175 0.009070 0.005228
0 0.636883 0.583175 0.009070 0.005228
0 0.668794 0.575808 0.009070 0.005228
0 0.732617 0.575808 0.009070 0.005228
0 0.783675 0.585551 0.009070 0.005228
0 0.841115 0.585551 0.009070 0.005228
0 0.869667 0.585551 0.009070 0.005228
0 0.531743 0.791112 0.009070 0.005228
0 0.595566 0.791112 0.009070 0.005228
0 0.642929 0.791112 0.009070 0.005228
0 0.728250 0.791112 0.009070 0.005228
0 0.775277 0.791112 0.009070 0.005228
0 0.834397 0.791112 0.009070 0.005228
0 0.882096 0.791112 0.009070 0.005228
0 0.220692 0.910646 0.009070 0.005228
0 0.220692 0.893536 0.009070 0.005228
0 0.294592 0.905656 0.009405 0.005228
0 0.422909 0.905656 0.009405 0.005228
0 0.542828 0.905656 0.009405 0.005228
0 0.674169 0.905656 0.009405 0.005228
0 0.809204 0.905656 0.009070 0.005228
0 0.856231 0.905656 0.009070 0.005228
0 0.879409 0.905656 0.009070 0.005228
0 0.136715 0.205561 0.009070 0.005228
0 0.136715 0.195580 0.009070 0.005228
0 0.136715 0.188451 0.009070 0.005228
0 0.222036 0.205561 0.009070 0.005228
0 0.222036 0.195580 0.009070 0.005228
0 0.222036 0.188451 0.009070 0.005228
0 0.264360 0.198194 0.009070 0.005228
0 0.264360 0.188451 0.009070 0.005228
0 0.349681 0.198194 0.009070 0.005228
0 0.349681 0.188451 0.009070 0.005228
0 0.405442 0.207937 0.009070 0.005228
0 0.405442 0.190827 0.009070 0.005228
0 0.497481 0.207937 0.009070 0.005228
0 0.497481 0.190827 0.009070 0.005228
0 0.543164 0.207937 0.009070 0.005228
0 0.543164 0.190827 0.009070 0.005228
0 0.635203 0.207937 0.009070 0.005228
0 0.635203 0.190827 0.009070 0.005228
0 0.699362 0.207937 0.009070 0.005228
0 0.699362 0.190827 0.009070 0.005228
0 0.791065 0.207937 0.009070 0.005228
0 0.791065 0.190827 0.009070 0.005228
0 0.836748 0.198194 0.009070 0.005228
0 0.909976 0.195580 0.009070 0.005228
0 0.130668 0.393774 0.009070 0.005228
0 0.130668 0.376663 0.009070 0.005228
0 0.206584 0.393774 0.009070 0.005228
0 0.206584 0.376663 0.009070 0.005228
0 0.254283 0.393774 0.009070 0.005228
0 0.254283 0.376663 0.009070 0.005228
0 0.445751 0.386407 0.009070 0.005228
0 0.445751 0.376663 0.009070 0.005228
0 0.485724 0.386407 0.009070 0.005228
0 0.485724 0.376663 0.009070 0.005228
0 0.526033 0.386407 0.009070 0.005228
0 0.526033 0.376663 0.009070 0.005228
0 0.566006 0.386407 0.009070 0.005228
0 0.566006 0.374287 0.009070 0.005228
0 0.699698 0.384030 0.009070 0.005228
0 0.699698 0.379040 0.009070 0.005228
0 0.742358 0.384030 0.009070 0.005228
0 0.742358 0.379040 0.009070 0.005228
0 0.785018 0.384030 0.009070 0.005228
0 0.785018 0.376663 0.009070 0.005228
0 0.827679 0.384030 0.009070 0.005228
0 0.827679 0.374287 0.009070 0.005228
0 0.148808 0.571055 0.009070 0.005228
0 0.208599 0.573432 0.009070 0.005228
0 0.238495 0.575808 0.009070 0.005228
0 0.305677 0.571055 0.009070 0.005228
0 0.362445 0.568679 0.009070 0.005228
0 0.428955 0.568679 0.009070 0.005228
0 0.465905 0.573432 0.009070 0.005228
0 0.525025 0.573432 0.009070 0.005228
0 0.572724 0.566065 0.009070 0.005228
0 0.636883 0.566065 0.009070 0.005228
0 0.668794 0.566065 0.009070 0.005228
0 0.732617 0.571055 0.009070 0.005228
0 0.783675 0.575808 0.009070 0.005228
0 0.841115 0.575808 0.009070 0.005228
0 0.869667 0.575808 0.009070 0.005228
0 0.151495 0.788736 0.009070 0.005228
0 0.151495 0.766873 0.009070 0.005228
0 0.200202 0.771625 0.009070 0.005228
0 0.200202 0.766873 0.009070 0.005228
0 0.200202 0.759506 0.009070 0.005228
0 0.224723 0.771625 0.009070 0.005228
0 0.224723 0.766873 0.009070 0.005228
0 0.224723 0.759506 0.009070 0.005228
0 0.306349 0.786359 0.009070 0.005228
0 0.306349 0.764259 0.009070 0.005228
0 0.368156 0.786359 0.009070 0.005228
0 0.368156 0.759506 0.009070 0.005228
0 0.458515 0.796103 0.009070 0.005228
0 0.458515 0.778992 0.009070 0.005228
0 0.531743 0.781369 0.009070 0.005228
0 0.595566 0.778992 0.009070 0.005228
0 0.642929 0.776616 0.009070 0.005228
0 0.728250 0.781369 0.009070 0.005228
0 0.775277 0.783745 0.009070 0.005228
0 0.834397 0.781369 0.009070 0.005228
0 0.882096 0.781369 0.009070 0.005228
0 0.156533 0.905656 0.009405 0.005228
0 0.156533 0.893536 0.009405 0.005228
0 0.294592 0.891160 0.009405 0.005228
0 0.422909 0.888546 0.009070 0.005228
0 0.476654 0.891160 0.009070 0.005228
0 0.542492 0.888546 0.009070 0.005228
0 0.589520 0.893536 0.009070 0.005228
0 0.674169 0.895913 0.009070 0.005228
0 0.722539 0.891160 0.009070 0.005228
0 0.747397 0.893536 0.009070 0.005228
0 0.772254 0.895913 0.009070 0.005228
0 0.809204 0.900903 0.009070 0.005228
0 0.856231 0.900903 0.009070 0.005228
0 0.879409 0.895913 0.009070 0.005228
0 0.136715 0.153755 0.009070 0.005228
0 0.222036 0.153755 0.009070 0.005228
0 0.264360 0.153755 0.009070 0.005228
0 0.349681 0.153755 0.009070 0.005228
0 0.405442 0.153755 0.009070 0.005228
0 0.505542 0.153755 0.009070 0.005228
0 0.543164 0.156369 0.009070 0.005228
0 0.635203 0.156369 0.009070 0.005228
0 0.699362 0.156369 0.009070 0.005228
0 0.791065 0.156369 0.009070 0.005228
0 0.836748 0.156369 0.009070 0.005228
0 0.909976 0.156369 0.009070 0.005228
0 0.130668 0.342205 0.009070 0.005228
0 0.206584 0.342205 0.009070 0.005228
0 0.254283 0.344582 0.009070 0.005228
0 0.148808 0.527091 0.009070 0.005228
0 0.208599 0.527091 0.009070 0.005228
0 0.238495 0.527091 0.009070 0.005228
0 0.362445 0.529468 0.009070 0.005228
0 0.428955 0.529468 0.009070 0.005228
0 0.465905 0.529468 0.009070 0.005228
0 0.525025 0.529468 0.009070 0.005228
0 0.572724 0.527091 0.009070 0.005228
0 0.636883 0.527091 0.009070 0.005228
0 0.668794 0.527091 0.009070 0.005228
0 0.732617 0.527091 0.009070 0.005228
0 0.783675 0.527091 0.009070 0.005228
0 0.841115 0.529468 0.009070 0.005228
0 0.869667 0.529468 0.009070 0.005228
0 0.642929 0.709125 0.009070 0.005228
0 0.728250 0.711502 0.009070 0.005228
0 0.775277 0.714116 0.009070 0.005228
0 0.834397 0.711502 0.009070 0.005228
0 0.882096 0.711502 0.009070 0.005228
0 0.156533 0.834838 0.009405 0.005228
0 0.156533 0.830086 0.009405 0.005228
0 0.294592 0.834838 0.009405 0.005228
0 0.294592 0.830086 0.009405 0.005228
0 0.589520 0.837215 0.009070 0.005228
0 0.674169 0.832462 0.009070 0.005228
0 0.722539 0.832462 0.009070 0.005228
0 0.772254 0.834838 0.009070 0.005228
0 0.809204 0.837215 0.009070 0.005228
0 0.856231 0.837215 0.009070 0.005228
0 0.879409 0.832462 0.009070 0.005228
0 0.136715 0.144011 0.009070 0.005228
0 0.179375 0.146625 0.009070 0.005228
0 0.222036 0.144011 0.009070 0.005228
0 0.264360 0.136644 0.009070 0.005228
0 0.349681 0.136644 0.009070 0.005228
0 0.405442 0.141635 0.009070 0.005228
0 0.451461 0.146625 0.009070 0.005228
0 0.497481 0.151378 0.009070 0.005228
0 0.543164 0.151378 0.009070 0.005228
0 0.635203 0.144011 0.009070 0.005228
0 0.699362 0.144011 0.009070 0.005228
0 0.745045 0.146625 0.009070 0.005228
0 0.791065 0.149002 0.009070 0.005228
0 0.836748 0.139259 0.009070 0.005228
0 0.909976 0.139259 0.009070 0.005228
0 0.130668 0.337215 0.009070 0.005228
0 0.206584 0.334838 0.009070 0.005228
0 0.254283 0.332462 0.009070 0.005228
0 0.445751 0.337215 0.009070 0.005228
0 0.445751 0.332462 0.009070 0.005228
0 0.485724 0.337215 0.009070 0.005228
0 0.485724 0.330086 0.009070 0.005228
0 0.526033 0.337215 0.009070 0.005228
0 0.526033 0.332462 0.009070 0.005228
0 0.566006 0.337215 0.009070 0.005228
0 0.566006 0.325095 0.009070 0.005228
0 0.699698 0.342205 0.009070 0.005228
0 0.699698 0.330086 0.009070 0.005228
0 0.742358 0.342205 0.009070 0.005228
0 0.742358 0.330086 0.009070 0.005228
0 0.785018 0.342205 0.009070 0.005228
0 0.785018 0.332462 0.009070 0.005228
0 0.827679 0.342205 0.009070 0.005228
0 0.827679 0.334838 0.009070 0.005228
0 0.148808 0.514971 0.009070 0.005228
0 0.178703 0.517348 0.009070 0.005228
0 0.208599 0.517348 0.009070 0.005228
0 0.238495 0.519724 0.009070 0.005228
0 0.305677 0.522338 0.009070 0.005228
0 0.362445 0.524715 0.009070 0.005228
0 0.392005 0.522338 0.009070 0.005228
0 0.410480 0.519724 0.009070 0.005228
0 0.428955 0.517348 0.009070 0.005228
0 0.447430 0.514971 0.009070 0.005228
0 0.465905 0.512357 0.009070 0.005228
0 0.525025 0.517348 0.009070 0.005228
0 0.572724 0.522338 0.009070 0.005228
0 0.604636 0.519724 0.009070 0.005228
0 0.636883 0.517348 0.009070 0.005228
0 0.668794 0.509981 0.009070 0.005228
0 0.732617 0.514971 0.009070 0.005228
0 0.783675 0.519724 0.009070 0.005228
0 0.812227 0.522338 0.009070 0.005228
0 0.841115 0.524715 0.009070 0.005228
0 0.869667 0.524715 0.009070 0.005228
0 0.151495 0.716492 0.009070 0.005228
0 0.151495 0.699382 0.009070 0.005228
0 0.175680 0.718869 0.009070 0.005228
0 0.175680 0.701759 0.009070 0.005228
0 0.200202 0.716492 0.009070 0.005228
0 0.200202 0.699382 0.009070 0.005228
0 0.224723 0.716492 0.009070 0.005228
0 0.224723 0.699382 0.009070 0.005228
0 0.263688 0.731226 0.009070 0.005228
0 0.263688 0.714116 0.009070 0.005228
0 0.306349 0.726236 0.009070 0.005228
0 0.306349 0.709125 0.009070 0.005228
0 0.344306 0.721245 0.009070 0.005228
0 0.344306 0.704373 0.009070 0.005228
0 0.368156 0.718869 0.009070 0.005228
0 0.368156 0.709125 0.009070 0.005228
0 0.368156 0.701759 0.009070 0.005228
0 0.458515 0.711502 0.009070 0.005228
0 0.458515 0.699382 0.009070 0.005228
0 0.458515 0.694392 0.009070 0.005228
0 0.531743 0.711502 0.009070 0.005228
0 0.531743 0.699382 0.009070 0.005228
0 0.531743 0.694392 0.009070 0.005228
0 0.595566 0.711502 0.009070 0.005228
0 0.595566 0.699382 0.009070 0.005228
0 0.595566 0.694392 0.009070 0.005228
0 0.642929 0.697006 0.009070 0.005228
0 0.667450 0.694392 0.009070 0.005228
0 0.691972 0.697006 0.009070 0.005228
0 0.728250 0.699382 0.009070 0.005228
0 0.775277 0.699382 0.009070 0.005228
0 0.834397 0.699382 0.009070 0.005228
0 0.882096 0.699382 0.009070 0.005228
0 0.906617 0.697006 0.009070 0.005228
0 0.931139 0.699382 0.009070 0.005228
0 0.156533 0.822719 0.009405 0.005228
0 0.294592 0.825095 0.009070 0.005228
0 0.344306 0.825095 0.009070 0.005228
0 0.384951 0.827471 0.009070 0.005228
0 0.422909 0.832462 0.009070 0.005228
0 0.422909 0.827471 0.009070 0.005228
0 0.476654 0.832462 0.009070 0.005228
0 0.476654 0.827471 0.009070 0.005228
0 0.542492 0.832462 0.009070 0.005228
0 0.542492 0.827471 0.009070 0.005228
0 0.589520 0.827471 0.009070 0.005228
0 0.613705 0.830086 0.009070 0.005228
0 0.637890 0.834838 0.009070 0.005228
0 0.674169 0.827471 0.009405 0.005228
0 0.809204 0.827471 0.009070 0.005228
0 0.832718 0.825095 0.009070 0.005228
0 0.856231 0.827471 0.009070 0.005228
0 0.879409 0.820342 0.009070 0.005228
0 0.136715 0.075095 0.009070 0.005228
0 0.222036 0.075095 0.009070 0.005228
0 0.264360 0.079848 0.009070 0.005228
0 0.307020 0.084838 0.009070 0.005228
0 0.349681 0.089591 0.009070 0.005228
0 0.405442 0.089591 0.009070 0.005228
0 0.497481 0.082224 0.009070 0.005228
0 0.543164 0.082224 0.009070 0.005228
0 0.589184 0.084838 0.009070 0.005228
0 0.635203 0.087215 0.009070 0.005228
0 0.699362 0.077471 0.009070 0.005228
0 0.791065 0.077471 0.009070 0.005228
0 0.836748 0.089591 0.009070 0.005228
0 0.909976 0.087215 0.009070 0.005228
0 0.130668 0.268774 0.009070 0.005228
0 0.254283 0.268774 0.009070 0.005228
0 0.301646 0.266160 0.009070 0.005228
0 0.349009 0.268774 0.009070 0.005228
0 0.445751 0.261407 0.009070 0.005228
0 0.566006 0.266160 0.009070 0.005228
0 0.606315 0.266160 0.009070 0.005228
0 0.646624 0.268774 0.009070 0.005228
0 0.699698 0.271150 0.009070 0.005228
0 0.827679 0.258793 0.009070 0.005228
0 0.870339 0.261407 0.009070 0.005228
0 0.913000 0.261407 0.009070 0.005228
0 0.148808 0.447243 0.009070 0.005228
0 0.208599 0.449620 0.009070 0.005228
0 0.238495 0.452234 0.009070 0.005228
0 0.268391 0.449620 0.009070 0.005228
0 0.287202 0.447243 0.009070 0.005228
0 0.305677 0.444867 0.009070 0.005228
0 0.324488 0.442253 0.009070 0.005228
0 0.362445 0.439876 0.009070 0.005228
0 0.428955 0.444867 0.009070 0.005228
0 0.465905 0.449620 0.009070 0.005228
0 0.495465 0.447243 0.009070 0.005228
0 0.525025 0.444867 0.009070 0.005228
0 0.572724 0.437500 0.009070 0.005228
0 0.636883 0.442253 0.009070 0.005228
0 0.668794 0.447243 0.009070 0.005228
0 0.700705 0.449620 0.009070 0.005228
0 0.732617 0.452234 0.009070 0.005228
0 0.783675 0.452234 0.009070 0.005228
0 0.869667 0.444867 0.009070 0.005228
0 0.898220 0.447243 0.009070 0.005228
0 0.926772 0.444867 0.009070 0.005228
0 0.151495 0.644011 0.009070 0.005228
0 0.200202 0.658745 0.009070 0.005228
0 0.224723 0.653755 0.009070 0.005228
0 0.263688 0.649002 0.009070 0.005228
0 0.306349 0.646388 0.009070 0.005228
0 0.368156 0.646388 0.009070 0.005228
0 0.392005 0.651378 0.009070 0.005228
0 0.415855 0.641635 0.009070 0.005228
0 0.458515 0.644011 0.009070 0.005228
