0 0.464226 0.252139 0.009741 0.005466
0 0.665771 0.249525 0.009070 0.005466
0 0.739335 0.264734 0.009741 0.005466
0 0.739335 0.259743 0.009741 0.005466
0 0.739335 0.254753 0.009741 0.005466
0 0.148136 0.310124 0.009070 0.005466
0 0.181055 0.292538 0.009070 0.005466
0 0.199530 0.282557 0.009070 0.005466
0 0.214646 0.274952 0.009070 0.005466
0 0.236144 0.269724 0.009070 0.005466
0 0.251596 0.264734 0.009070 0.005466
0 0.266711 0.259743 0.009070 0.005466
0 0.283843 0.269724 0.009741 0.005466
0 0.283843 0.259743 0.009741 0.005466
0 0.283843 0.254753 0.009741 0.005466
0 0.472959 0.259743 0.009741 0.005466
0 0.472959 0.254753 0.009741 0.005466
0 0.739335 0.292538 0.009741 0.005466
0 0.739335 0.282557 0.009741 0.005466
0 0.739335 0.269724 0.009741 0.005466
0 0.866980 0.264734 0.009070 0.005466
0 0.866980 0.259743 0.009070 0.005466
0 0.130668 0.563451 0.009741 0.005466
0 0.130668 0.545627 0.009741 0.005466
0 0.273430 0.555846 0.009070 0.005466
0 0.273430 0.538023 0.009070 0.005466
0 0.332214 0.548241 0.009741 0.005466
0 0.332214 0.530418 0.009741 0.005466
0 0.487739 0.555846 0.009070 0.005466
0 0.487739 0.538023 0.009070 0.005466
0 0.576419 0.563451 0.009741 0.005466
0 0.576419 0.545627 0.009741 0.005466
0 0.698354 0.555846 0.009070 0.005466
0 0.698354 0.538023 0.009070 0.005466
0 0.753443 0.548241 0.009741 0.005466
0 0.753443 0.530418 0.009741 0.005466
0 0.116560 0.824144 0.009741 0.005466
0 0.116560 0.806559 0.009741 0.005466
0 0.298623 0.819154 0.009741 0.005466
0 0.298623 0.801331 0.009741 0.005466
0 0.513268 0.824144 0.009741 0.005466
0 0.513268 0.806559 0.009741 0.005466
0 0.720188 0.819154 0.009741 0.005466
0 0.720188 0.801331 0.009741 0.005466
0 0.146792 0.786359 0.009070 0.005466
0 0.155190 0.783745 0.009070 0.005466
0 0.207592 0.786359 0.009070 0.005466
0 0.215989 0.783745 0.009070 0.005466
0 0.268055 0.786359 0.009070 0.005466
0 0.276453 0.783745 0.009070 0.005466
0 0.328855 0.786359 0.009070 0.005466
0 0.337252 0.783745 0.009070 0.005466
0 0.389318 0.786359 0.009070 0.005466
0 0.397716 0.783745 0.009070 0.005466
0 0.460195 0.786359 0.009070 0.005466
0 0.468593 0.783745 0.009070 0.005466
0 0.547867 0.786359 0.009070 0.005466
0 0.556265 0.783745 0.009070 0.005466
0 0.616728 0.786359 0.009070 0.005466
0 0.625126 0.783745 0.009070 0.005466
0 0.685590 0.786359 0.009070 0.005466
0 0.694323 0.783745 0.009070 0.005466
0 0.754787 0.786359 0.009070 0.005466
0 0.763184 0.783745 0.009070 0.005466
0 0.823648 0.786359 0.009070 0.005466
0 0.832382 0.783745 0.009070 0.005466
0 0.909641 0.786359 0.009070 0.005466
0 0.918038 0.783745 0.009070 0.005466
0 0.148136 0.151141 0.009070 0.005466
0 0.148136 0.140922 0.009070 0.005466
0 0.199530 0.151141 0.009070 0.005466
0 0.199530 0.140922 0.009070 0.005466
0 0.283843 0.151141 0.009070 0.005466
0 0.283843 0.140922 0.009070 0.005466
0 0.320457 0.151141 0.009070 0.005466
0 0.320457 0.140922 0.009070 0.005466
0 0.365469 0.153517 0.009070 0.005466
0 0.373866 0.151141 0.009070 0.005466
0 0.402083 0.153517 0.009070 0.005466
0 0.410480 0.151141 0.009070 0.005466
0 0.463890 0.158745 0.009070 0.005466
0 0.463890 0.153517 0.009070 0.005466
0 0.500840 0.158745 0.009070 0.005466
0 0.500840 0.153517 0.009070 0.005466
0 0.555929 0.158745 0.009070 0.005466
0 0.555929 0.153517 0.009070 0.005466
0 0.610682 0.158745 0.009070 0.005466
0 0.610682 0.153517 0.009070 0.005466
0 0.665771 0.158745 0.009070 0.005466
0 0.665771 0.153517 0.009070 0.005466
0 0.702385 0.158745 0.009070 0.005466
0 0.702385 0.153517 0.009070 0.005466
0 0.738999 0.163736 0.009070 0.005466
0 0.738999 0.158745 0.009070 0.005466
0 0.775949 0.163736 0.009070 0.005466
0 0.775949 0.158745 0.009070 0.005466
0 0.821968 0.163736 0.009070 0.005466
0 0.821968 0.158745 0.009070 0.005466
0 0.866980 0.168726 0.009070 0.005466
0 0.866980 0.158745 0.009070 0.005466
0 0.903930 0.168726 0.009070 0.005466
0 0.903930 0.158745 0.009070 0.005466
0 0.344642 0.528042 0.009070 0.005466
0 0.353376 0.525428 0.009070 0.005466
0 0.380584 0.528042 0.009070 0.005466
0 0.388982 0.525428 0.009070 0.005466
0 0.451797 0.528042 0.009070 0.005466
0 0.460195 0.525428 0.009070 0.005466
0 0.765872 0.528042 0.009070 0.005466
0 0.774269 0.525428 0.009070 0.005466
0 0.799798 0.528042 0.009070 0.005466
0 0.808196 0.525428 0.009070 0.005466
0 0.853880 0.528042 0.009070 0.005466
0 0.862277 0.525428 0.009070 0.005466
0 0.921733 0.528042 0.009070 0.005466
0 0.930131 0.525428 0.009070 0.005466
0 0.146792 0.704373 0.009070 0.005466
0 0.207592 0.704373 0.009070 0.005466
0 0.268055 0.704373 0.009070 0.005466
0 0.328855 0.704373 0.009070 0.005466
0 0.389318 0.704373 0.009070 0.005466
0 0.460195 0.704373 0.009070 0.005466
0 0.547867 0.704373 0.009070 0.005466
0 0.616728 0.704373 0.009070 0.005466
0 0.685590 0.704373 0.009070 0.005466
0 0.754787 0.704373 0.009070 0.005466
0 0.823648 0.704373 0.009070 0.005466
0 0.909641 0.704373 0.009070 0.005466
0 0.135707 0.153517 0.009070 0.005466
0 0.135707 0.135932 0.009070 0.005466
0 0.271078 0.156131 0.009070 0.005466
0 0.271078 0.138546 0.009070 0.005466
0 0.353040 0.158745 0.009070 0.005466
0 0.353040 0.140922 0.009070 0.005466
0 0.451461 0.161122 0.009070 0.005466
0 0.451461 0.143536 0.009070 0.005466
0 0.543164 0.163736 0.009070 0.005466
0 0.543164 0.146150 0.009070 0.005466
0 0.653342 0.166350 0.009070 0.005466
0 0.653342 0.148527 0.009070 0.005466
0 0.726570 0.168726 0.009741 0.005466
0 0.726570 0.151141 0.009741 0.005466
0 0.854552 0.171340 0.009070 0.005466
0 0.854552 0.153517 0.009070 0.005466
0 0.130668 0.451046 0.009070 0.005466
0 0.139066 0.448432 0.009070 0.005466
0 0.130668 0.441065 0.009070 0.005466
0 0.130668 0.433460 0.009070 0.005466
0 0.166275 0.451046 0.009070 0.005466
0 0.174672 0.448432 0.009070 0.005466
0 0.166275 0.441065 0.009070 0.005466
0 0.166275 0.433460 0.009070 0.005466
0 0.237823 0.451046 0.009070 0.005466
0 0.246221 0.448432 0.009070 0.005466
0 0.237823 0.441065 0.009070 0.005466
0 0.237823 0.433460 0.009070 0.005466
0 0.273430 0.453660 0.009070 0.005466
0 0.281827 0.451046 0.009070 0.005466
0 0.273430 0.441065 0.009070 0.005466
0 0.273430 0.435837 0.009070 0.005466
0 0.309036 0.453660 0.009070 0.005466
0 0.317434 0.451046 0.009070 0.005466
0 0.309036 0.441065 0.009070 0.005466
0 0.309036 0.435837 0.009070 0.005466
0 0.344642 0.451046 0.009070 0.005466
0 0.344642 0.443441 0.009070 0.005466
0 0.380584 0.451046 0.009070 0.005466
0 0.380584 0.443441 0.009070 0.005466
0 0.451797 0.451046 0.009070 0.005466
0 0.451797 0.443441 0.009070 0.005466
0 0.487739 0.453660 0.009070 0.005466
0 0.496137 0.451046 0.009070 0.005466
0 0.487739 0.441065 0.009070 0.005466
0 0.487739 0.435837 0.009070 0.005466
0 0.523346 0.453660 0.009070 0.005466
0 0.531743 0.451046 0.009070 0.005466
0 0.523346 0.441065 0.009070 0.005466
0 0.523346 0.435837 0.009070 0.005466
0 0.576419 0.451046 0.009070 0.005466
0 0.584817 0.448432 0.009070 0.005466
0 0.576419 0.441065 0.009070 0.005466
0 0.576419 0.433460 0.009070 0.005466
0 0.610346 0.451046 0.009070 0.005466
0 0.618744 0.448432 0.009070 0.005466
0 0.610346 0.441065 0.009070 0.005466
0 0.610346 0.433460 0.009070 0.005466
0 0.664427 0.451046 0.009070 0.005466
0 0.672825 0.448432 0.009070 0.005466
0 0.664427 0.441065 0.009070 0.005466
0 0.664427 0.433460 0.009070 0.005466
0 0.698354 0.453660 0.009070 0.005466
0 0.706752 0.451046 0.009070 0.005466
0 0.698354 0.441065 0.009070 0.005466
0 0.698354 0.435837 0.009070 0.005466
0 0.731945 0.453660 0.009070 0.005466
0 0.740679 0.451046 0.009070 0.005466
0 0.731945 0.441065 0.009070 0.005466
0 0.731945 0.435837 0.009070 0.005466
0 0.765872 0.451046 0.009070 0.005466
0 0.765872 0.443441 0.009070 0.005466
0 0.799798 0.451046 0.009070 0.005466
0 0.799798 0.443441 0.009070 0.005466
0 0.853880 0.451046 0.009070 0.005466
0 0.853880 0.443441 0.009070 0.005466
0 0.921733 0.451046 0.009070 0.005466
0 0.921733 0.443441 0.009070 0.005466
0 0.116560 0.711977 0.009070 0.005466
0 0.177024 0.716968 0.009070 0.005466
0 0.237823 0.711977 0.009070 0.005466
0 0.298287 0.716968 0.009070 0.005466
0 0.298287 0.711977 0.009070 0.005466
0 0.359086 0.714591 0.009070 0.005466
0 0.359086 0.709363 0.009070 0.005466
0 0.419550 0.716968 0.009070 0.005466
0 0.419550 0.711977 0.009070 0.005466
0 0.513268 0.711977 0.009070 0.005466
0 0.582130 0.716968 0.009070 0.005466
0 0.651327 0.711977 0.009070 0.005466
0 0.720188 0.716968 0.009070 0.005466
0 0.720188 0.711977 0.009070 0.005466
0 0.789385 0.711977 0.009070 0.005466
0 0.789385 0.706987 0.009070 0.005466
0 0.858247 0.714591 0.009070 0.005466
0 0.858247 0.709363 0.009070 0.005466
0 0.148136 0.094106 0.009070 0.005466
0 0.199530 0.091492 0.009070 0.005466
0 0.283843 0.088878 0.009070 0.005466
0 0.320457 0.086502 0.009070 0.005466
0 0.357071 0.086502 0.009070 0.005466
0 0.388310 0.083888 0.009070 0.005466
0 0.432650 0.081274 0.009070 0.005466
0 0.463890 0.078897 0.009070 0.005466
0 0.500840 0.078897 0.009070 0.005466
0 0.528384 0.078897 0.009070 0.005466
0 0.555929 0.076283 0.009070 0.005466
0 0.583137 0.076283 0.009070 0.005466
0 0.610682 0.073907 0.009070 0.005466
0 0.638226 0.071293 0.009070 0.005466
0 0.665771 0.071293 0.009070 0.005466
0 0.739335 0.071293 0.009741 0.005466
0 0.866980 0.088878 0.009070 0.005466
0 0.166275 0.380941 0.009070 0.005466
0 0.201881 0.380941 0.009070 0.005466
0 0.237823 0.380941 0.009070 0.005466
0 0.273430 0.380941 0.009070 0.005466
0 0.309036 0.380941 0.009070 0.005466
0 0.344642 0.378327 0.009070 0.005466
0 0.416191 0.378327 0.009070 0.005466
0 0.487739 0.373337 0.009070 0.005466
0 0.576419 0.380941 0.009070 0.005466
0 0.664427 0.380941 0.009070 0.005466
0 0.698354 0.380941 0.009070 0.005466
0 0.731945 0.380941 0.009070 0.005466
0 0.765872 0.375951 0.009741 0.005466
0 0.887807 0.380941 0.009070 0.005466
0 0.359086 0.639259 0.009070 0.005466
0 0.444407 0.641635 0.009070 0.005466
0 0.475647 0.641635 0.009070 0.005466
0 0.513268 0.636644 0.009070 0.005466
0 0.616728 0.636644 0.009070 0.005466
0 0.651327 0.636644 0.009070 0.005466
0 0.685590 0.636644 0.009070 0.005466
0 0.720188 0.629040 0.009070 0.005466
0 0.789385 0.629040 0.009070 0.005466
0 0.823648 0.629040 0.009070 0.005466
0 0.858247 0.631654 0.009070 0.005466
0 0.891837 0.631654 0.009070 0.005466
0 0.927108 0.631654 0.009070 0.005466
