0 0.170306 0.258793 0.010077 0.005703
0 0.170306 0.240257 0.010077 0.005703
0 0.362781 0.256179 0.010077 0.005703
0 0.362781 0.237643 0.010077 0.005703
0 0.666779 0.245485 0.009741 0.005703
0 0.666779 0.240257 0.009741 0.005703
0 0.666779 0.235029 0.009741 0.005703
0 0.687269 0.245485 0.009741 0.005703
0 0.687269 0.240257 0.009741 0.005703
0 0.687269 0.235029 0.009741 0.005703
0 0.717837 0.245485 0.009741 0.005703
0 0.717837 0.237643 0.009741 0.005703
0 0.717837 0.232414 0.009741 0.005703
0 0.798119 0.245485 0.009741 0.005703
0 0.798119 0.240257 0.009741 0.005703
0 0.798119 0.235029 0.009741 0.005703
0 0.818945 0.245485 0.009741 0.005703
0 0.818945 0.240257 0.009741 0.005703
0 0.818945 0.235029 0.009741 0.005703
0 0.848169 0.245485 0.009741 0.005703
0 0.848169 0.237643 0.009741 0.005703
0 0.848169 0.232414 0.009741 0.005703
0 0.890158 0.245485 0.010077 0.005703
0 0.890158 0.240257 0.010077 0.005703
0 0.890158 0.235029 0.010077 0.005703
0 0.158213 0.240257 0.009741 0.005703
0 0.194491 0.227186 0.009741 0.005703
0 0.230769 0.216492 0.009741 0.005703
0 0.254955 0.211264 0.009741 0.005703
0 0.279476 0.216492 0.009741 0.005703
0 0.303661 0.227186 0.009741 0.005703
0 0.350353 0.237643 0.009741 0.005703
0 0.386631 0.227186 0.009741 0.005703
0 0.417534 0.219344 0.009741 0.005703
0 0.439033 0.213878 0.009741 0.005703
0 0.460531 0.219344 0.009741 0.005703
0 0.482029 0.227186 0.009741 0.005703
0 0.523346 0.235029 0.009741 0.005703
0 0.523346 0.227186 0.009741 0.005703
0 0.523346 0.221958 0.009741 0.005703
0 0.523346 0.216492 0.009741 0.005703
0 0.582466 0.253565 0.009741 0.005703
0 0.582466 0.235029 0.009741 0.005703
0 0.666779 0.227186 0.009741 0.005703
0 0.666779 0.221958 0.009741 0.005703
0 0.687269 0.227186 0.009741 0.005703
0 0.687269 0.221958 0.009741 0.005703
0 0.717837 0.227186 0.009741 0.005703
0 0.717837 0.219344 0.009741 0.005703
0 0.798119 0.227186 0.009741 0.005703
0 0.798119 0.221958 0.009741 0.005703
0 0.818945 0.227186 0.009741 0.005703
0 0.818945 0.221958 0.009741 0.005703
0 0.848169 0.227186 0.009741 0.005703
0 0.848169 0.219344 0.009741 0.005703
0 0.890158 0.227186 0.010077 0.005703
0 0.890158 0.221958 0.010077 0.005703
0 0.205576 0.153755 0.009741 0.005703
0 0.205576 0.135219 0.009741 0.005703
0 0.230769 0.150903 0.009741 0.005703
0 0.230769 0.132605 0.009741 0.005703
0 0.303661 0.153755 0.009741 0.005703
0 0.303661 0.135219 0.009741 0.005703
0 0.400067 0.153755 0.009741 0.005703
0 0.400067 0.135219 0.009741 0.005703
0 0.417534 0.153755 0.009741 0.005703
0 0.417534 0.135219 0.009741 0.005703
0 0.460531 0.156369 0.009741 0.005703
0 0.460531 0.137833 0.009741 0.005703
0 0.523346 0.158983 0.009741 0.005703
0 0.523346 0.153755 0.009741 0.005703
0 0.523346 0.145675 0.009741 0.005703
0 0.523346 0.140447 0.009741 0.005703
0 0.582466 0.179895 0.009741 0.005703
0 0.582466 0.174667 0.009741 0.005703
0 0.582466 0.166825 0.009741 0.005703
0 0.666779 0.172053 0.009741 0.005703
0 0.687269 0.172053 0.009741 0.005703
0 0.717837 0.169439 0.009741 0.005703
0 0.798119 0.172053 0.009741 0.005703
0 0.818945 0.172053 0.009741 0.005703
0 0.848169 0.169439 0.009741 0.005703
0 0.848169 0.164211 0.009741 0.005703
0 0.890158 0.172053 0.010077 0.005703
0 0.158213 0.072956 0.009741 0.005703
0 0.205576 0.072956 0.009741 0.005703
0 0.230769 0.070342 0.009741 0.005703
0 0.303661 0.072956 0.009741 0.005703
0 0.350689 0.075570 0.010077 0.005703
0 0.460531 0.075570 0.009741 0.005703
0 0.523346 0.078184 0.010077 0.005703
0 0.582466 0.083650 0.009741 0.005703
0 0.600941 0.086264 0.009741 0.005703
0 0.639906 0.088878 0.010077 0.005703
0 0.772590 0.088878 0.010077 0.005703
