0 0.750756 0.433222 0.010077 0.005703
0 0.134028 0.665162 0.010077 0.005703
0 0.341283 0.665162 0.010077 0.005703
0 0.548539 0.665162 0.010077 0.005703
0 0.758818 0.665162 0.010077 0.005703
0 0.134028 0.880228 0.010077 0.005703
0 0.349681 0.880228 0.010077 0.005703
0 0.571716 0.877614 0.010077 0.005703
0 0.760497 0.880228 0.010077 0.005703
0 0.142089 0.211502 0.009741 0.005703
0 0.175680 0.203422 0.009741 0.005703
0 0.209271 0.190352 0.009741 0.005703
0 0.242862 0.190352 0.009741 0.005703
0 0.276453 0.190352 0.009741 0.005703
0 0.310044 0.203422 0.009741 0.005703
0 0.357743 0.211502 0.009741 0.005703
0 0.389318 0.203422 0.009741 0.005703
0 0.421229 0.192966 0.009741 0.005703
0 0.453141 0.192966 0.009741 0.005703
0 0.491098 0.192966 0.009741 0.005703
0 0.523010 0.203422 0.009741 0.005703
0 0.568693 0.211502 0.009741 0.005703
0 0.600605 0.200808 0.009741 0.005703
0 0.632852 0.192966 0.009741 0.005703
0 0.664763 0.192966 0.009741 0.005703
0 0.696675 0.192966 0.009741 0.005703
0 0.728922 0.211502 0.009741 0.005703
0 0.771582 0.203422 0.009741 0.005703
0 0.870339 0.208888 0.009741 0.005703
0 0.870339 0.203422 0.009741 0.005703
0 0.870339 0.190352 0.009741 0.005703
0 0.134028 0.430608 0.009741 0.005703
0 0.134028 0.422766 0.009741 0.005703
0 0.134028 0.412310 0.009741 0.005703
0 0.239839 0.433222 0.009741 0.005703
0 0.239839 0.422766 0.009741 0.005703
0 0.239839 0.414924 0.009741 0.005703
0 0.344306 0.441065 0.009741 0.005703
0 0.344306 0.422766 0.009741 0.005703
0 0.448102 0.422766 0.009741 0.005703
0 0.448102 0.417538 0.009741 0.005703
0 0.448102 0.412310 0.009741 0.005703
0 0.549211 0.422766 0.009741 0.005703
0 0.549211 0.414924 0.009741 0.005703
0 0.549211 0.409458 0.009741 0.005703
0 0.651327 0.422766 0.009741 0.005703
0 0.651327 0.412310 0.009741 0.005703
0 0.651327 0.406844 0.009741 0.005703
0 0.785018 0.422766 0.009741 0.005703
0 0.819281 0.414924 0.009741 0.005703
0 0.853208 0.417538 0.009741 0.005703
0 0.921733 0.422766 0.009741 0.005703
0 0.166611 0.654705 0.009741 0.005703
0 0.199530 0.646625 0.009741 0.005703
0 0.232113 0.649240 0.009741 0.005703
0 0.297615 0.654705 0.009741 0.005703
0 0.373866 0.654705 0.009741 0.005703
0 0.406449 0.646625 0.009741 0.005703
0 0.439368 0.649240 0.009741 0.005703
0 0.504535 0.654705 0.009741 0.005703
0 0.581122 0.654705 0.009741 0.005703
0 0.614041 0.646625 0.009741 0.005703
0 0.646624 0.649240 0.009741 0.005703
0 0.712126 0.654705 0.009741 0.005703
0 0.791737 0.654705 0.009741 0.005703
0 0.824656 0.646625 0.009741 0.005703
0 0.857239 0.646625 0.009741 0.005703
0 0.890158 0.646625 0.009741 0.005703
0 0.923077 0.654705 0.009741 0.005703
0 0.167618 0.869772 0.009741 0.005703
0 0.201545 0.861692 0.009741 0.005703
0 0.235136 0.861692 0.009741 0.005703
0 0.269063 0.861692 0.009741 0.005703
0 0.302654 0.869772 0.009741 0.005703
0 0.384279 0.866920 0.009741 0.005703
0 0.419214 0.861692 0.009741 0.005703
0 0.453813 0.861692 0.009741 0.005703
0 0.488411 0.861692 0.009741 0.005703
0 0.523010 0.875000 0.009741 0.005703
0 0.601276 0.869772 0.009741 0.005703
0 0.630836 0.864306 0.009741 0.005703
0 0.660732 0.864306 0.009741 0.005703
0 0.690292 0.864306 0.009741 0.005703
0 0.719852 0.875000 0.009741 0.005703
0 0.793080 0.866920 0.009741 0.005703
0 0.825663 0.861692 0.009741 0.005703
0 0.858247 0.861692 0.009741 0.005703
0 0.890494 0.861692 0.009741 0.005703
0 0.923077 0.875000 0.009741 0.005703
0 0.857239 0.599335 0.009741 0.005703
0 0.857239 0.594106 0.009741 0.005703
0 0.235136 0.827471 0.009741 0.005703
0 0.235136 0.822243 0.009741 0.005703
0 0.142089 0.150903 0.009741 0.005703
0 0.142089 0.137595 0.009741 0.005703
0 0.142089 0.132367 0.009741 0.005703
0 0.242862 0.150903 0.009741 0.005703
0 0.242862 0.142823 0.009741 0.005703
0 0.242862 0.137595 0.009741 0.005703
0 0.357743 0.150903 0.009741 0.005703
0 0.357743 0.137595 0.009741 0.005703
0 0.357743 0.132367 0.009741 0.005703
0 0.453141 0.150903 0.009741 0.005703
0 0.453141 0.145675 0.009741 0.005703
0 0.453141 0.137595 0.009741 0.005703
0 0.568693 0.148289 0.009741 0.005703
0 0.568693 0.140209 0.009741 0.005703
0 0.568693 0.129753 0.009741 0.005703
0 0.664763 0.158745 0.009741 0.005703
0 0.664763 0.148289 0.009741 0.005703
0 0.673497 0.145675 0.009741 0.005703
0 0.664763 0.140209 0.009741 0.005703
0 0.804501 0.156131 0.009741 0.005703
0 0.837420 0.150903 0.009741 0.005703
0 0.837420 0.145675 0.009741 0.005703
0 0.870339 0.137595 0.009741 0.005703
0 0.922741 0.156131 0.009741 0.005703
0 0.922741 0.150903 0.009741 0.005703
0 0.922741 0.142823 0.009741 0.005703
0 0.169298 0.375238 0.009741 0.005703
0 0.204568 0.370010 0.009741 0.005703
0 0.204568 0.359553 0.009741 0.005703
0 0.239839 0.356939 0.009741 0.005703
0 0.295936 0.375238 0.009741 0.005703
0 0.295936 0.367395 0.009741 0.005703
0 0.295936 0.362167 0.009741 0.005703
0 0.378905 0.375238 0.009741 0.005703
0 0.413504 0.370010 0.009741 0.005703
0 0.413504 0.364781 0.009741 0.005703
0 0.448102 0.356939 0.009741 0.005703
0 0.503527 0.375238 0.009741 0.005703
0 0.503527 0.364781 0.009741 0.005703
0 0.503527 0.359553 0.009741 0.005703
0 0.583137 0.375238 0.009741 0.005703
0 0.617064 0.367395 0.009741 0.005703
0 0.617064 0.362167 0.009741 0.005703
0 0.651327 0.356939 0.009741 0.005703
0 0.705744 0.375238 0.009741 0.005703
0 0.705744 0.370010 0.009741 0.005703
0 0.705744 0.364781 0.009741 0.005703
0 0.819281 0.362167 0.009741 0.005703
0 0.853208 0.364781 0.009741 0.005703
0 0.887471 0.359553 0.009741 0.005703
0 0.921733 0.354325 0.009741 0.005703
0 0.134028 0.588878 0.009741 0.005703
0 0.199530 0.594106 0.009741 0.005703
0 0.232113 0.596721 0.009741 0.005703
0 0.265032 0.594106 0.009741 0.005703
0 0.297615 0.591492 0.009741 0.005703
0 0.340947 0.588878 0.009741 0.005703
0 0.406449 0.594106 0.009741 0.005703
0 0.439368 0.596721 0.009741 0.005703
0 0.471952 0.591492 0.009741 0.005703
0 0.504535 0.586027 0.009741 0.005703
0 0.548539 0.588878 0.009741 0.005703
0 0.614041 0.594106 0.009741 0.005703
0 0.646624 0.596721 0.009741 0.005703
0 0.679543 0.594106 0.009741 0.005703
0 0.712126 0.591492 0.009741 0.005703
0 0.758818 0.588878 0.009741 0.005703
0 0.824656 0.586027 0.009741 0.005703
0 0.857239 0.583413 0.009741 0.005703
0 0.923077 0.580798 0.009741 0.005703
0 0.134028 0.806559 0.009741 0.005703
0 0.201545 0.809173 0.009741 0.005703
0 0.235136 0.814401 0.009741 0.005703
0 0.302654 0.811787 0.009741 0.005703
0 0.349681 0.809173 0.009741 0.005703
0 0.453813 0.827471 0.009741 0.005703
0 0.453813 0.819629 0.009741 0.005703
0 0.453813 0.814401 0.009741 0.005703
0 0.571716 0.809173 0.009741 0.005703
0 0.660732 0.827471 0.009741 0.005703
0 0.660732 0.822243 0.009741 0.005703
0 0.660732 0.817015 0.009741 0.005703
0 0.760497 0.809173 0.009741 0.005703
0 0.858247 0.827471 0.009741 0.005703
0 0.858247 0.819629 0.009741 0.005703
0 0.858247 0.814401 0.009741 0.005703
0 0.142089 0.075570 0.009741 0.005703
0 0.209271 0.075570 0.009741 0.005703
0 0.242862 0.075570 0.009741 0.005703
0 0.310044 0.075570 0.009741 0.005703
0 0.357743 0.070342 0.009741 0.005703
0 0.453141 0.070342 0.009741 0.005703
0 0.491098 0.072956 0.009741 0.005703
0 0.464562 0.067728 0.006718 0.004040
0 0.472959 0.070342 0.006718 0.004040
0 0.523010 0.070342 0.009741 0.005703
0 0.568693 0.067728 0.009741 0.005703
0 0.664763 0.067728 0.009741 0.005703
0 0.728922 0.078184 0.009741 0.005703
0 0.771582 0.075570 0.010077 0.005703
0 0.134028 0.298241 0.010077 0.005703
0 0.344306 0.298241 0.009741 0.005703
0 0.705744 0.298241 0.009741 0.005703
0 0.750756 0.298241 0.009741 0.005703
0 0.853208 0.298241 0.009741 0.005703
0 0.921733 0.295627 0.009741 0.005703
0 0.134028 0.517586 0.009741 0.005703
0 0.232113 0.517586 0.009741 0.005703
0 0.297615 0.514971 0.009741 0.005703
0 0.340947 0.517586 0.009741 0.005703
0 0.439368 0.517586 0.009741 0.005703
0 0.504535 0.514971 0.009741 0.005703
0 0.548539 0.517586 0.009741 0.005703
0 0.646624 0.517586 0.009741 0.005703
0 0.758818 0.517586 0.009741 0.005703
0 0.824656 0.514971 0.009741 0.005703
0 0.857239 0.512357 0.009741 0.005703
0 0.923077 0.509743 0.009741 0.005703
0 0.134028 0.744059 0.009741 0.005703
0 0.201545 0.746911 0.009741 0.005703
0 0.235136 0.752139 0.009741 0.005703
0 0.302654 0.749525 0.009741 0.005703
0 0.349681 0.746911 0.009741 0.005703
0 0.453813 0.746911 0.009741 0.005703
0 0.523010 0.746911 0.009741 0.005703
0 0.571716 0.746911 0.010077 0.005703
0 0.760497 0.746911 0.009741 0.005703
0 0.858247 0.752139 0.009741 0.005703
