0 0.184414 0.316540 0.009405 0.005466
0 0.184414 0.308698 0.009405 0.005466
0 0.184414 0.300856 0.009405 0.005466
0 0.250924 0.316540 0.009405 0.005466
0 0.250924 0.311312 0.009405 0.005466
0 0.250924 0.300856 0.009405 0.005466
0 0.373530 0.316540 0.009405 0.005466
0 0.373530 0.308698 0.009405 0.005466
0 0.373530 0.300856 0.009405 0.005466
0 0.427276 0.316540 0.009405 0.005466
0 0.427276 0.311312 0.009405 0.005466
0 0.427276 0.300856 0.009405 0.005466
0 0.549882 0.316540 0.009405 0.005466
0 0.549882 0.308698 0.009405 0.005466
0 0.549882 0.300856 0.009405 0.005466
0 0.603628 0.316540 0.009405 0.005466
0 0.603628 0.311312 0.009405 0.005466
0 0.603628 0.300856 0.009405 0.005466
0 0.643937 0.316540 0.009405 0.005466
0 0.643937 0.311312 0.009405 0.005466
0 0.643937 0.300856 0.009405 0.005466
0 0.694323 0.316540 0.009405 0.005466
0 0.694323 0.308698 0.009405 0.005466
0 0.694323 0.300856 0.009405 0.005466
0 0.734632 0.316540 0.009405 0.005466
0 0.734632 0.308698 0.009405 0.005466
0 0.734632 0.300856 0.009405 0.005466
0 0.788042 0.316540 0.009405 0.005466
0 0.788042 0.311312 0.009405 0.005466
0 0.788042 0.300856 0.009405 0.005466
0 0.910648 0.319154 0.009405 0.005466
0 0.919382 0.316540 0.009405 0.005466
0 0.122271 0.609316 0.009405 0.005466
0 0.131004 0.606702 0.009405 0.005466
0 0.220692 0.611930 0.009405 0.005466
0 0.220692 0.593631 0.009405 0.005466
0 0.333557 0.577709 0.009405 0.005466
0 0.342291 0.575095 0.009405 0.005466
0 0.377225 0.577709 0.009405 0.005466
0 0.386295 0.575095 0.009405 0.005466
0 0.429963 0.580323 0.009405 0.005466
0 0.429963 0.575095 0.009405 0.005466
0 0.545180 0.606702 0.009405 0.005466
0 0.545180 0.591017 0.009405 0.005466
0 0.595902 0.606702 0.009405 0.005466
0 0.595902 0.591017 0.009405 0.005466
0 0.646288 0.606702 0.009405 0.005466
0 0.646288 0.593631 0.009405 0.005466
0 0.697010 0.606702 0.009405 0.005466
0 0.697010 0.593631 0.009405 0.005466
0 0.761505 0.617395 0.009405 0.005466
0 0.761505 0.601473 0.009405 0.005466
0 0.809204 0.617395 0.009405 0.005466
0 0.809204 0.601473 0.009405 0.005466
0 0.856567 0.617395 0.009405 0.005466
0 0.856567 0.604087 0.009405 0.005466
0 0.904266 0.617395 0.009405 0.005466
0 0.904266 0.604087 0.009405 0.005466
0 0.120255 0.886882 0.009405 0.005466
0 0.120255 0.870960 0.009405 0.005466
0 0.194491 0.886882 0.009405 0.005466
0 0.194491 0.873574 0.009405 0.005466
0 0.240846 0.886882 0.009405 0.005466
0 0.240846 0.873574 0.009405 0.005466
0 0.310380 0.886882 0.009405 0.005466
0 0.310380 0.870960 0.009405 0.005466
0 0.378905 0.886882 0.009405 0.005466
0 0.378905 0.870960 0.009405 0.005466
0 0.464898 0.879040 0.009405 0.005466
0 0.464898 0.870960 0.009405 0.005466
0 0.464898 0.865732 0.009405 0.005466
0 0.595902 0.899952 0.009405 0.005466
0 0.595902 0.892110 0.009405 0.005466
0 0.595902 0.886882 0.009405 0.005466
0 0.634531 0.899952 0.009405 0.005466
0 0.634531 0.892110 0.009405 0.005466
0 0.634531 0.886882 0.009405 0.005466
0 0.673497 0.899952 0.009405 0.005466
0 0.673497 0.884268 0.009405 0.005466
0 0.721532 0.899952 0.009405 0.005466
0 0.721532 0.884268 0.009405 0.005466
0 0.780316 0.892110 0.009405 0.005466
0 0.780316 0.886882 0.009405 0.005466
0 0.863957 0.892110 0.009405 0.005466
0 0.863957 0.881654 0.009405 0.005466
0 0.184414 0.240019 0.009405 0.005466
0 0.184414 0.229563 0.009405 0.005466
0 0.250924 0.240019 0.009405 0.005466
0 0.250924 0.232177 0.009405 0.005466
0 0.373530 0.240019 0.009405 0.005466
0 0.373530 0.229563 0.009405 0.005466
0 0.427276 0.240019 0.009405 0.005466
0 0.427276 0.232177 0.009405 0.005466
0 0.549882 0.240019 0.009405 0.005466
0 0.549882 0.229563 0.009405 0.005466
0 0.603628 0.240019 0.009405 0.005466
0 0.603628 0.232177 0.009405 0.005466
0 0.643937 0.234791 0.009405 0.005466
0 0.669130 0.232177 0.009405 0.005466
0 0.694323 0.240019 0.009405 0.005466
0 0.694323 0.229563 0.009405 0.005466
0 0.734632 0.240019 0.009405 0.005466
0 0.734632 0.234791 0.009405 0.005466
0 0.788042 0.240019 0.009405 0.005466
0 0.788042 0.232177 0.009405 0.005466
0 0.910648 0.253089 0.009405 0.005466
0 0.910648 0.247861 0.009405 0.005466
0 0.122271 0.544439 0.009405 0.005466
0 0.122271 0.539211 0.009405 0.005466
0 0.220692 0.531369 0.009405 0.005466
0 0.266376 0.541825 0.009405 0.005466
0 0.294592 0.539211 0.009405 0.005466
0 0.342291 0.541825 0.009405 0.005466
0 0.342291 0.536597 0.009405 0.005466
0 0.386295 0.539211 0.009405 0.005466
0 0.386295 0.533983 0.009405 0.005466
0 0.429963 0.536597 0.009405 0.005466
0 0.429963 0.531369 0.009405 0.005466
0 0.545180 0.528517 0.009405 0.005466
0 0.545180 0.518061 0.009405 0.005466
0 0.595902 0.528517 0.009405 0.005466
0 0.595902 0.520675 0.009405 0.005466
0 0.646288 0.531369 0.009405 0.005466
0 0.646288 0.520675 0.009405 0.005466
0 0.697010 0.531369 0.009405 0.005466
0 0.697010 0.523289 0.009405 0.005466
0 0.761505 0.539211 0.009405 0.005466
0 0.761505 0.528517 0.009405 0.005466
0 0.809204 0.539211 0.009405 0.005466
0 0.809204 0.531369 0.009405 0.005466
0 0.856567 0.541825 0.009405 0.005466
0 0.856567 0.531369 0.009405 0.005466
0 0.904266 0.541825 0.009405 0.005466
0 0.904266 0.533983 0.009405 0.005466
0 0.120255 0.832937 0.009405 0.005466
0 0.120255 0.827709 0.009405 0.005466
0 0.194491 0.835551 0.009405 0.005466
0 0.194491 0.827709 0.009405 0.005466
0 0.194491 0.822481 0.009405 0.005466
0 0.240846 0.835551 0.009405 0.005466
0 0.240846 0.817253 0.009405 0.005466
0 0.310380 0.827709 0.009405 0.005466
0 0.310380 0.822481 0.009405 0.005466
0 0.378905 0.830323 0.009405 0.005466
0 0.378905 0.825095 0.009405 0.005466
0 0.464898 0.827709 0.009405 0.005466
0 0.464898 0.819867 0.009405 0.005466
0 0.464898 0.814639 0.009405 0.005466
0 0.464898 0.809411 0.009405 0.005466
0 0.595902 0.817253 0.009405 0.005466
0 0.595902 0.809411 0.009405 0.005466
0 0.595902 0.803945 0.009405 0.005466
0 0.634531 0.817253 0.009405 0.005466
0 0.634531 0.798717 0.009405 0.005466
0 0.673497 0.809411 0.009405 0.005466
0 0.673497 0.803945 0.009405 0.005466
0 0.697346 0.814639 0.009405 0.005466
0 0.721532 0.812025 0.009405 0.005466
0 0.721532 0.806797 0.009405 0.005466
0 0.745717 0.817253 0.009405 0.005466
0 0.780316 0.809411 0.009405 0.005466
0 0.863957 0.809411 0.009405 0.005466
0 0.863957 0.798717 0.009405 0.005466
0 0.863957 0.790875 0.009405 0.005466
0 0.910648 0.170390 0.009405 0.005466
0 0.122271 0.455323 0.009405 0.005466
0 0.266376 0.457937 0.009405 0.005466
0 0.294592 0.455323 0.009405 0.005466
0 0.342291 0.452709 0.009405 0.005466
0 0.386295 0.450095 0.009405 0.005466
0 0.429963 0.447481 0.009405 0.005466
0 0.545180 0.450095 0.009405 0.005466
0 0.595902 0.450095 0.009405 0.005466
0 0.579778 0.447719 0.006718 0.003802
0 0.646288 0.452709 0.009405 0.005466
0 0.697010 0.452709 0.009405 0.005466
0 0.761505 0.455323 0.009405 0.005466
0 0.809204 0.455323 0.009405 0.005466
0 0.793080 0.452947 0.006718 0.003802
0 0.856567 0.444867 0.009405 0.005466
0 0.904266 0.463403 0.009405 0.005466
0 0.120255 0.748337 0.009405 0.005466
0 0.194491 0.742871 0.009405 0.005466
0 0.240846 0.737643 0.009405 0.005466
0 0.310380 0.742871 0.009405 0.005466
0 0.378905 0.745722 0.009405 0.005466
0 0.421901 0.742871 0.009405 0.005466
0 0.464898 0.748337 0.009405 0.005466
0 0.448774 0.743108 0.006718 0.003802
0 0.595902 0.748337 0.009405 0.005466
0 0.673497 0.748337 0.009405 0.005466
