0 0.857575 0.686549 0.009070 0.005228
0 0.884783 0.686549 0.009070 0.005228
0 0.136715 0.893061 0.009405 0.005228
0 0.381592 0.893061 0.009070 0.005228
0 0.439704 0.893061 0.009070 0.005228
0 0.468593 0.893061 0.009070 0.005228
0 0.559288 0.893061 0.009405 0.005228
0 0.797447 0.893061 0.009070 0.005228
0 0.853880 0.890684 0.009070 0.005228
0 0.882096 0.890684 0.009070 0.005228
0 0.237823 0.287548 0.009070 0.005228
0 0.274773 0.282557 0.009070 0.005228
0 0.304333 0.275190 0.009070 0.005228
0 0.322808 0.270200 0.009070 0.005228
0 0.359758 0.282557 0.009070 0.005228
0 0.390662 0.275190 0.009070 0.005228
0 0.420222 0.270200 0.009070 0.005228
0 0.438697 0.265209 0.009070 0.005228
0 0.475647 0.275190 0.009070 0.005228
0 0.507222 0.270200 0.009070 0.005228
0 0.533087 0.265209 0.009070 0.005228
0 0.569029 0.287548 0.009070 0.005228
0 0.594894 0.282557 0.009070 0.005228
0 0.649647 0.287548 0.009070 0.005228
0 0.649647 0.282557 0.009070 0.005228
0 0.674505 0.287548 0.009070 0.005228
0 0.674505 0.282557 0.009070 0.005228
0 0.699362 0.287548 0.009070 0.005228
0 0.699362 0.282557 0.009070 0.005228
0 0.724219 0.287548 0.009070 0.005228
0 0.732617 0.284933 0.009070 0.005228
0 0.749076 0.287548 0.009070 0.005228
0 0.757138 0.284933 0.009070 0.005228
0 0.773933 0.287548 0.009070 0.005228
0 0.773933 0.282557 0.009070 0.005228
0 0.810212 0.287548 0.009070 0.005228
0 0.810212 0.280181 0.009070 0.005228
0 0.834397 0.287548 0.009070 0.005228
0 0.834397 0.280181 0.009070 0.005228
0 0.858582 0.287548 0.009070 0.005228
0 0.858582 0.280181 0.009070 0.005228
0 0.882768 0.287548 0.009070 0.005228
0 0.891166 0.284933 0.009070 0.005228
0 0.906953 0.287548 0.009070 0.005228
0 0.915351 0.284933 0.009070 0.005228
0 0.931475 0.287548 0.009070 0.005228
0 0.931475 0.282557 0.009070 0.005228
0 0.137723 0.491683 0.009070 0.005228
0 0.137723 0.481702 0.009070 0.005228
0 0.137723 0.474335 0.009070 0.005228
0 0.165603 0.491683 0.009070 0.005228
0 0.165603 0.481702 0.009070 0.005228
0 0.165603 0.474335 0.009070 0.005228
0 0.193147 0.491683 0.009070 0.005228
0 0.193147 0.481702 0.009070 0.005228
0 0.193147 0.474335 0.009070 0.005228
0 0.225731 0.491683 0.009070 0.005228
0 0.225731 0.481702 0.009070 0.005228
0 0.225731 0.474335 0.009070 0.005228
0 0.288210 0.469344 0.009070 0.005228
0 0.326503 0.469344 0.009070 0.005228
0 0.350353 0.471958 0.009070 0.005228
0 0.374202 0.469344 0.009070 0.005228
0 0.397716 0.466968 0.009070 0.005228
0 0.421565 0.471958 0.009070 0.005228
0 0.445079 0.469344 0.009070 0.005228
0 0.479678 0.456987 0.009070 0.005228
0 0.504535 0.461977 0.009070 0.005228
0 0.529056 0.469344 0.009070 0.005228
0 0.553913 0.474335 0.009070 0.005228
0 0.578771 0.479325 0.009070 0.005228
0 0.603628 0.486692 0.009070 0.005228
0 0.642929 0.496435 0.009405 0.005228
0 0.642929 0.486692 0.009405 0.005228
0 0.807524 0.496435 0.009070 0.005228
0 0.807524 0.486692 0.009070 0.005228
0 0.887135 0.496435 0.009070 0.005228
0 0.887135 0.486692 0.009070 0.005228
0 0.932818 0.469344 0.009070 0.005228
0 0.137051 0.669202 0.009070 0.005228
0 0.160900 0.671816 0.009070 0.005228
0 0.184750 0.674192 0.009070 0.005228
0 0.208935 0.671816 0.009070 0.005228
0 0.232785 0.676806 0.009070 0.005228
0 0.256970 0.681559 0.009070 0.005228
0 0.295264 0.696530 0.009405 0.005228
0 0.295264 0.686549 0.009405 0.005228
0 0.474975 0.696530 0.009070 0.005228
0 0.474975 0.686549 0.009070 0.005228
0 0.565670 0.696530 0.009070 0.005228
0 0.565670 0.686549 0.009070 0.005228
0 0.622103 0.674192 0.009070 0.005228
0 0.658381 0.671816 0.009070 0.005228
0 0.680887 0.674192 0.009070 0.005228
0 0.703729 0.676806 0.009070 0.005228
0 0.726570 0.669202 0.009070 0.005228
0 0.749076 0.674192 0.009070 0.005228
0 0.771918 0.679183 0.009070 0.005228
0 0.803158 0.686549 0.009070 0.005228
0 0.857575 0.669202 0.009070 0.005228
0 0.884783 0.669202 0.009070 0.005228
0 0.928451 0.676806 0.009070 0.005228
0 0.928451 0.671816 0.009070 0.005228
0 0.136379 0.883317 0.009070 0.005228
0 0.136379 0.878327 0.009070 0.005228
0 0.177024 0.885694 0.009070 0.005228
0 0.177024 0.880703 0.009070 0.005228
0 0.214310 0.888070 0.009070 0.005228
0 0.214310 0.883317 0.009070 0.005228
0 0.251596 0.888070 0.009070 0.005228
0 0.251596 0.883317 0.009070 0.005228
0 0.288881 0.885694 0.009070 0.005228
0 0.288881 0.880703 0.009070 0.005228
0 0.326167 0.883317 0.009070 0.005228
0 0.326167 0.878327 0.009070 0.005228
0 0.381592 0.885694 0.009070 0.005228
0 0.381592 0.880703 0.009070 0.005228
0 0.410816 0.888070 0.009070 0.005228
0 0.410816 0.883317 0.009070 0.005228
0 0.514612 0.883317 0.009070 0.005228
0 0.514612 0.878327 0.009070 0.005228
0 0.559288 0.883317 0.009070 0.005228
0 0.559288 0.878327 0.009070 0.005228
0 0.599597 0.885694 0.009070 0.005228
0 0.599597 0.880703 0.009070 0.005228
0 0.636547 0.888070 0.009070 0.005228
0 0.636547 0.883317 0.009070 0.005228
0 0.673497 0.888070 0.009070 0.005228
0 0.673497 0.883317 0.009070 0.005228
0 0.710111 0.885694 0.009070 0.005228
0 0.710111 0.880703 0.009070 0.005228
0 0.747061 0.883317 0.009070 0.005228
0 0.747061 0.878327 0.009070 0.005228
0 0.797447 0.885694 0.009070 0.005228
0 0.797447 0.880703 0.009070 0.005228
0 0.825663 0.888070 0.009070 0.005228
0 0.825663 0.883317 0.009070 0.005228
0 0.927444 0.880703 0.009070 0.005228
0 0.927444 0.875713 0.009070 0.005228
0 0.928451 0.625713 0.009070 0.005228
0 0.928451 0.620960 0.009070 0.005228
0 0.151159 0.826283 0.009070 0.005228
0 0.151159 0.821293 0.009070 0.005228
0 0.177024 0.828660 0.009070 0.005228
0 0.177024 0.823669 0.009070 0.005228
0 0.214310 0.831274 0.009070 0.005228
0 0.214310 0.826283 0.009070 0.005228
0 0.251596 0.831274 0.009070 0.005228
0 0.251596 0.826283 0.009070 0.005228
0 0.288881 0.828660 0.009070 0.005228
0 0.288881 0.823669 0.009070 0.005228
0 0.326167 0.826283 0.009070 0.005228
0 0.326167 0.821293 0.009070 0.005228
0 0.381592 0.828660 0.009070 0.005228
0 0.381592 0.823669 0.009070 0.005228
0 0.410816 0.831274 0.009070 0.005228
0 0.410816 0.826283 0.009070 0.005228
0 0.514612 0.826283 0.009070 0.005228
0 0.514612 0.821293 0.009070 0.005228
0 0.574068 0.826283 0.009070 0.005228
0 0.574068 0.821293 0.009070 0.005228
0 0.599597 0.828660 0.009070 0.005228
0 0.599597 0.823669 0.009070 0.005228
0 0.636547 0.831274 0.009070 0.005228
0 0.636547 0.826283 0.009070 0.005228
0 0.673497 0.831274 0.009070 0.005228
0 0.673497 0.826283 0.009070 0.005228
0 0.710111 0.828660 0.009070 0.005228
0 0.710111 0.823669 0.009070 0.005228
0 0.747061 0.826283 0.009070 0.005228
0 0.747061 0.821293 0.009070 0.005228
0 0.797447 0.828660 0.009070 0.005228
0 0.797447 0.823669 0.009070 0.005228
0 0.825663 0.831274 0.009070 0.005228
0 0.825663 0.826283 0.009070 0.005228
0 0.927444 0.823669 0.009070 0.005228
0 0.927444 0.818916 0.009070 0.005228
0 0.237823 0.240970 0.009070 0.005228
0 0.274773 0.236217 0.009070 0.005228
0 0.304333 0.228850 0.009070 0.005228
0 0.322808 0.223859 0.009070 0.005228
0 0.359758 0.236217 0.009070 0.005228
0 0.390662 0.228850 0.009070 0.005228
0 0.420222 0.223859 0.009070 0.005228
0 0.438697 0.218869 0.009070 0.005228
0 0.475647 0.228850 0.009070 0.005228
0 0.507222 0.223859 0.009070 0.005228
0 0.533087 0.218869 0.009070 0.005228
0 0.569029 0.211502 0.009070 0.005228
0 0.594894 0.206511 0.009070 0.005228
0 0.649647 0.218869 0.009070 0.005228
0 0.649647 0.211502 0.009070 0.005228
0 0.649647 0.201521 0.009070 0.005228
0 0.674505 0.218869 0.009070 0.005228
0 0.674505 0.211502 0.009070 0.005228
0 0.674505 0.201521 0.009070 0.005228
0 0.699362 0.218869 0.009070 0.005228
0 0.699362 0.211502 0.009070 0.005228
0 0.699362 0.201521 0.009070 0.005228
0 0.724219 0.221245 0.009070 0.005228
0 0.724219 0.211502 0.009070 0.005228
0 0.724219 0.204135 0.009070 0.005228
0 0.749076 0.221245 0.009070 0.005228
0 0.749076 0.211502 0.009070 0.005228
0 0.749076 0.204135 0.009070 0.005228
0 0.773933 0.218869 0.009070 0.005228
0 0.773933 0.211502 0.009070 0.005228
0 0.773933 0.201521 0.009070 0.005228
0 0.810212 0.216492 0.009070 0.005228
0 0.810212 0.211502 0.009070 0.005228
0 0.810212 0.199144 0.009070 0.005228
0 0.834397 0.216492 0.009070 0.005228
0 0.834397 0.211502 0.009070 0.005228
0 0.834397 0.199144 0.009070 0.005228
0 0.858582 0.216492 0.009070 0.005228
0 0.858582 0.211502 0.009070 0.005228
0 0.858582 0.199144 0.009070 0.005228
0 0.882768 0.221245 0.009070 0.005228
0 0.882768 0.211502 0.009070 0.005228
0 0.882768 0.204135 0.009070 0.005228
0 0.906953 0.221245 0.009070 0.005228
0 0.906953 0.211502 0.009070 0.005228
0 0.906953 0.204135 0.009070 0.005228
0 0.931475 0.218869 0.009070 0.005228
0 0.931475 0.211502 0.009070 0.005228
0 0.931475 0.201521 0.009070 0.005228
0 0.137723 0.417538 0.009070 0.005228
0 0.137723 0.412785 0.009070 0.005228
0 0.137723 0.400428 0.009070 0.005228
0 0.165603 0.417538 0.009070 0.005228
0 0.165603 0.412785 0.009070 0.005228
0 0.165603 0.400428 0.009070 0.005228
0 0.193147 0.417538 0.009070 0.005228
0 0.193147 0.412785 0.009070 0.005228
0 0.193147 0.405181 0.009070 0.005228
0 0.225731 0.417538 0.009070 0.005228
0 0.225731 0.412785 0.009070 0.005228
0 0.253611 0.417538 0.009070 0.005228
0 0.253611 0.412785 0.009070 0.005228
0 0.288210 0.417538 0.009070 0.005228
0 0.288210 0.412785 0.009070 0.005228
0 0.326503 0.417538 0.009070 0.005228
0 0.326503 0.412785 0.009070 0.005228
0 0.350353 0.417538 0.009070 0.005228
0 0.350353 0.412785 0.009070 0.005228
0 0.374202 0.417538 0.009070 0.005228
0 0.374202 0.412785 0.009070 0.005228
0 0.397716 0.417538 0.009070 0.005228
0 0.397716 0.412785 0.009070 0.005228
0 0.421565 0.417538 0.009070 0.005228
0 0.421565 0.412785 0.009070 0.005228
0 0.445079 0.417538 0.009070 0.005228
0 0.445079 0.412785 0.009070 0.005228
0 0.479678 0.417538 0.009070 0.005228
0 0.479678 0.412785 0.009070 0.005228
0 0.504535 0.417538 0.009070 0.005228
0 0.504535 0.412785 0.009070 0.005228
0 0.529056 0.417538 0.009070 0.005228
0 0.529056 0.412785 0.009070 0.005228
0 0.553913 0.417538 0.009070 0.005228
0 0.553913 0.412785 0.009070 0.005228
0 0.578771 0.417538 0.009070 0.005228
0 0.578771 0.412785 0.009070 0.005228
0 0.603628 0.417538 0.009070 0.005228
0 0.603628 0.412785 0.009070 0.005228
0 0.642929 0.429895 0.009070 0.005228
0 0.642929 0.417538 0.009070 0.005228
0 0.642929 0.412785 0.009070 0.005228
0 0.666779 0.429895 0.009070 0.005228
0 0.666779 0.417538 0.009070 0.005228
0 0.666779 0.412785 0.009070 0.005228
0 0.690964 0.429895 0.009070 0.005228
0 0.690964 0.417538 0.009070 0.005228
0 0.690964 0.412785 0.009070 0.005228
0 0.714814 0.429895 0.009070 0.005228
0 0.714814 0.420152 0.009070 0.005228
0 0.714814 0.415162 0.009070 0.005228
0 0.738999 0.429895 0.009070 0.005228
0 0.738999 0.420152 0.009070 0.005228
0 0.738999 0.415162 0.009070 0.005228
0 0.762849 0.429895 0.009070 0.005228
0 0.762849 0.422529 0.009070 0.005228
0 0.762849 0.417538 0.009070 0.005228
0 0.807524 0.429895 0.009070 0.005228
0 0.807524 0.420152 0.009070 0.005228
0 0.807524 0.415162 0.009070 0.005228
0 0.830030 0.429895 0.009070 0.005228
0 0.830030 0.420152 0.009070 0.005228
0 0.830030 0.415162 0.009070 0.005228
0 0.852872 0.429895 0.009070 0.005228
0 0.852872 0.420152 0.009070 0.005228
0 0.852872 0.415162 0.009070 0.005228
0 0.887135 0.429895 0.009070 0.005228
0 0.887135 0.424905 0.009070 0.005228
0 0.887135 0.420152 0.009070 0.005228
0 0.909976 0.429895 0.009070 0.005228
0 0.909976 0.424905 0.009070 0.005228
0 0.909976 0.420152 0.009070 0.005228
0 0.932818 0.429895 0.009070 0.005228
0 0.932818 0.424905 0.009070 0.005228
0 0.932818 0.420152 0.009070 0.005228
0 0.137051 0.618346 0.009070 0.005228
0 0.137051 0.613593 0.009070 0.005228
0 0.137051 0.608603 0.009070 0.005228
0 0.160900 0.618346 0.009070 0.005228
0 0.160900 0.613593 0.009070 0.005228
0 0.160900 0.608603 0.009070 0.005228
0 0.184750 0.618346 0.009070 0.005228
0 0.184750 0.613593 0.009070 0.005228
0 0.184750 0.608603 0.009070 0.005228
0 0.208935 0.618346 0.009070 0.005228
0 0.208935 0.613593 0.009070 0.005228
0 0.208935 0.608603 0.009070 0.005228
0 0.232785 0.618346 0.009070 0.005228
0 0.232785 0.613593 0.009070 0.005228
0 0.232785 0.608603 0.009070 0.005228
0 0.256970 0.618346 0.009070 0.005228
0 0.256970 0.613593 0.009070 0.005228
0 0.256970 0.608603 0.009070 0.005228
0 0.295264 0.618346 0.009070 0.005228
0 0.295264 0.608603 0.009070 0.005228
0 0.295264 0.603612 0.009070 0.005228
0 0.321800 0.618346 0.009070 0.005228
0 0.321800 0.608603 0.009070 0.005228
0 0.321800 0.603612 0.009070 0.005228
0 0.348337 0.618346 0.009070 0.005228
0 0.348337 0.608603 0.009070 0.005228
0 0.348337 0.603612 0.009070 0.005228
0 0.374874 0.618346 0.009070 0.005228
0 0.374874 0.610979 0.009070 0.005228
0 0.374874 0.605989 0.009070 0.005228
0 0.401411 0.618346 0.009070 0.005228
0 0.401411 0.610979 0.009070 0.005228
0 0.401411 0.605989 0.009070 0.005228
0 0.427948 0.618346 0.009070 0.005228
0 0.427948 0.613593 0.009070 0.005228
0 0.427948 0.608603 0.009070 0.005228
0 0.474975 0.618346 0.009070 0.005228
0 0.474975 0.605989 0.009070 0.005228
0 0.474975 0.601236 0.009070 0.005228
0 0.503191 0.618346 0.009070 0.005228
0 0.503191 0.605989 0.009070 0.005228
0 0.503191 0.601236 0.009070 0.005228
0 0.531407 0.618346 0.009070 0.005228
0 0.531407 0.605989 0.009070 0.005228
0 0.531407 0.601236 0.009070 0.005228
0 0.565670 0.618346 0.009070 0.005228
0 0.565670 0.610979 0.009070 0.005228
0 0.565670 0.605989 0.009070 0.005228
0 0.593886 0.618346 0.009070 0.005228
0 0.593886 0.610979 0.009070 0.005228
0 0.593886 0.605989 0.009070 0.005228
0 0.622103 0.618346 0.009070 0.005228
0 0.622103 0.610979 0.009070 0.005228
0 0.622103 0.605989 0.009070 0.005228
0 0.658381 0.618346 0.009070 0.005228
0 0.658381 0.613593 0.009070 0.005228
0 0.658381 0.608603 0.009070 0.005228
0 0.680887 0.618346 0.009070 0.005228
0 0.680887 0.613593 0.009070 0.005228
0 0.680887 0.608603 0.009070 0.005228
0 0.703729 0.618346 0.009070 0.005228
0 0.703729 0.613593 0.009070 0.005228
0 0.703729 0.608603 0.009070 0.005228
0 0.726570 0.618346 0.009070 0.005228
0 0.726570 0.610979 0.009070 0.005228
0 0.726570 0.605989 0.009070 0.005228
0 0.749076 0.618346 0.009070 0.005228
0 0.749076 0.610979 0.009070 0.005228
0 0.749076 0.605989 0.009070 0.005228
0 0.771918 0.618346 0.009070 0.005228
0 0.771918 0.610979 0.009070 0.005228
0 0.771918 0.605989 0.009070 0.005228
0 0.803158 0.618346 0.009070 0.005228
0 0.803158 0.613593 0.009070 0.005228
0 0.803158 0.608603 0.009070 0.005228
0 0.857575 0.618346 0.009070 0.005228
0 0.884783 0.618346 0.009070 0.005228
0 0.136715 0.818916 0.009405 0.005228
0 0.381592 0.818916 0.009070 0.005228
0 0.439704 0.818916 0.009070 0.005228
0 0.468593 0.818916 0.009070 0.005228
0 0.559288 0.818916 0.009405 0.005228
0 0.797447 0.818916 0.009070 0.005228
0 0.853880 0.816302 0.009070 0.005228
0 0.882096 0.816302 0.009070 0.005228
0 0.594894 0.146863 0.009070 0.005228
0 0.649647 0.141873 0.009070 0.005228
0 0.724219 0.144487 0.009070 0.005228
0 0.773933 0.141873 0.009070 0.005228
0 0.810212 0.139496 0.009070 0.005228
0 0.882768 0.144487 0.009070 0.005228
0 0.931475 0.141873 0.009070 0.005228
0 0.137723 0.332937 0.009070 0.005228
0 0.193147 0.337928 0.009070 0.005228
0 0.225731 0.345295 0.009070 0.005228
0 0.603628 0.345295 0.009070 0.005228
0 0.642929 0.345295 0.009070 0.005228
0 0.714814 0.347671 0.009070 0.005228
0 0.762849 0.350048 0.009070 0.005228
0 0.807524 0.347671 0.009070 0.005228
0 0.852872 0.352662 0.009070 0.005228
0 0.887135 0.357652 0.009070 0.005228
0 0.256970 0.551806 0.009070 0.005228
0 0.295264 0.551806 0.009070 0.005228
0 0.374874 0.554183 0.009070 0.005228
0 0.427948 0.556797 0.009070 0.005228
0 0.474975 0.549192 0.009070 0.005228
0 0.531407 0.554183 0.009070 0.005228
0 0.565670 0.559173 0.009070 0.005228
0 0.928451 0.551806 0.009070 0.005228
0 0.136379 0.751663 0.009070 0.005228
0 0.177024 0.754040 0.009070 0.005228
0 0.214310 0.756654 0.009070 0.005228
0 0.251596 0.756654 0.009070 0.005228
0 0.288881 0.754040 0.009070 0.005228
0 0.326167 0.751663 0.009070 0.005228
0 0.381592 0.754040 0.009070 0.005228
0 0.410816 0.756654 0.009070 0.005228
0 0.514612 0.751663 0.009070 0.005228
0 0.559288 0.751663 0.009070 0.005228
0 0.599597 0.754040 0.009070 0.005228
0 0.636547 0.756654 0.009070 0.005228
0 0.673497 0.756654 0.009070 0.005228
0 0.710111 0.754040 0.009070 0.005228
0 0.747061 0.751663 0.009070 0.005228
0 0.797447 0.754040 0.009070 0.005228
0 0.825663 0.756654 0.009070 0.005228
0 0.927444 0.749287 0.009070 0.005228
