0 0.121263 0.188926 0.009070 0.004990
0 0.121263 0.181797 0.008734 0.004990
0 0.160564 0.184173 0.008734 0.004990
0 0.199866 0.186549 0.008734 0.004990
0 0.250588 0.188926 0.009070 0.004990
0 0.250588 0.179420 0.009070 0.004990
0 0.380249 0.188926 0.009070 0.004990
0 0.380249 0.179420 0.009070 0.004990
0 0.503863 0.188926 0.009070 0.004990
0 0.503863 0.179420 0.009070 0.004990
0 0.627477 0.188926 0.008734 0.004990
0 0.627477 0.179420 0.008734 0.004990
0 0.781659 0.188926 0.009070 0.004990
0 0.781659 0.179420 0.009070 0.004990
0 0.879073 0.188926 0.009070 0.004990
0 0.879073 0.179420 0.009070 0.004990
0 0.121263 0.111217 0.008734 0.004990
0 0.141082 0.122861 0.008734 0.004990
0 0.160564 0.113593 0.008734 0.004990
0 0.180383 0.122861 0.008734 0.004990
0 0.199866 0.115970 0.008734 0.004990
0 0.219348 0.122861 0.008734 0.004990
0 0.250924 0.118108 0.008734 0.004990
0 0.270406 0.122861 0.008734 0.004990
0 0.290225 0.118108 0.008734 0.004990
0 0.309708 0.122861 0.008734 0.004990
0 0.329526 0.118108 0.008734 0.004990
0 0.349009 0.122861 0.008734 0.004990
0 0.121263 0.106464 0.009070 0.004990
0 0.250588 0.106464 0.009070 0.004990
0 0.380584 0.118108 0.008734 0.004990
0 0.399059 0.122861 0.008734 0.004990
0 0.417870 0.118108 0.008734 0.004990
0 0.436345 0.122861 0.008734 0.004990
0 0.455156 0.118108 0.008734 0.004990
0 0.473631 0.122861 0.008734 0.004990
0 0.504199 0.118108 0.008734 0.004990
0 0.522674 0.122861 0.008734 0.004990
0 0.541485 0.118108 0.008734 0.004990
0 0.559960 0.122861 0.008734 0.004990
0 0.578771 0.118108 0.008734 0.004990
0 0.597246 0.122861 0.008734 0.004990
0 0.627477 0.113593 0.008734 0.004990
0 0.646288 0.118108 0.008734 0.004990
0 0.664763 0.113593 0.008734 0.004990
0 0.683574 0.118108 0.008734 0.004990
0 0.702049 0.113593 0.008734 0.004990
0 0.720860 0.118108 0.008734 0.004990
0 0.781659 0.122861 0.009070 0.004990
0 0.781659 0.118108 0.009070 0.004990
0 0.879073 0.122861 0.009070 0.004990
0 0.879073 0.118108 0.009070 0.004990
