0 0.136715 0.230989 0.009741 0.005466
0 0.265368 0.213403 0.009741 0.005466
0 0.414175 0.233603 0.014108 0.005466
0 0.690628 0.236217 0.014108 0.005466
0 0.137387 0.454373 0.014108 0.005466
0 0.415183 0.456987 0.014108 0.005466
0 0.415183 0.446768 0.014108 0.005466
0 0.688949 0.680608 0.014108 0.005466
0 0.265368 0.195580 0.009070 0.005466
0 0.265368 0.190589 0.009070 0.005466
0 0.361774 0.193203 0.009070 0.005466
0 0.541485 0.190589 0.009070 0.005466
0 0.637219 0.193203 0.009070 0.005466
0 0.690292 0.195580 0.009741 0.005466
0 0.889150 0.198194 0.009070 0.005466
0 0.137051 0.421578 0.009070 0.005466
0 0.203225 0.426568 0.009070 0.005466
0 0.269399 0.429183 0.009070 0.005466
0 0.368492 0.431559 0.009070 0.005466
0 0.552570 0.423954 0.009741 0.005466
0 0.707088 0.426568 0.009741 0.005466
0 0.707088 0.416350 0.009741 0.005466
0 0.831374 0.423954 0.009741 0.005466
0 0.831374 0.416350 0.009741 0.005466
0 0.135035 0.652804 0.009741 0.005466
0 0.135035 0.642823 0.009741 0.005466
0 0.267719 0.660409 0.009741 0.005466
0 0.267719 0.650428 0.009741 0.005466
0 0.267719 0.645200 0.009741 0.005466
0 0.419214 0.680608 0.009741 0.005466
0 0.544844 0.637595 0.009070 0.005466
0 0.638898 0.640209 0.009070 0.005466
0 0.688949 0.640209 0.009741 0.005466
0 0.888814 0.642823 0.009070 0.005466
0 0.131676 0.874287 0.009070 0.005466
0 0.194491 0.879515 0.009070 0.005466
0 0.256970 0.881892 0.009070 0.005466
0 0.351025 0.884506 0.009070 0.005466
0 0.400403 0.892110 0.014108 0.005466
0 0.710783 0.892110 0.009070 0.005466
0 0.845482 0.889496 0.009741 0.005466
0 0.845482 0.879515 0.009741 0.005466
0 0.845482 0.871911 0.009741 0.005466
0 0.483708 0.382367 0.009070 0.005466
0 0.552570 0.387357 0.009070 0.005466
0 0.621431 0.389971 0.009070 0.005466
0 0.707088 0.382367 0.009070 0.005466
0 0.737991 0.384981 0.009070 0.005466
0 0.769231 0.382367 0.009070 0.005466
0 0.800134 0.384981 0.009070 0.005466
0 0.831374 0.382367 0.009070 0.005466
0 0.862277 0.384981 0.009070 0.005466
0 0.893517 0.382367 0.009070 0.005466
0 0.924421 0.384981 0.009070 0.005466
0 0.135035 0.596483 0.009070 0.005466
0 0.168290 0.598859 0.009070 0.005466
0 0.201209 0.596483 0.009070 0.005466
0 0.234464 0.598859 0.009070 0.005466
0 0.267719 0.596483 0.009070 0.005466
0 0.300974 0.598859 0.009070 0.005466
0 0.333893 0.596483 0.009070 0.005466
0 0.367148 0.598859 0.009070 0.005466
0 0.168626 0.135694 0.009070 0.005466
0 0.200873 0.140684 0.009070 0.005466
0 0.233121 0.153279 0.009070 0.005466
0 0.297615 0.138308 0.009070 0.005466
0 0.329526 0.155894 0.009070 0.005466
0 0.361774 0.153279 0.009070 0.005466
0 0.361774 0.140684 0.009070 0.005466
0 0.445751 0.150903 0.009070 0.005466
0 0.445751 0.145675 0.009070 0.005466
0 0.445751 0.140684 0.009070 0.005466
0 0.477662 0.138308 0.009070 0.005466
0 0.509573 0.155894 0.009070 0.005466
0 0.573396 0.145675 0.009070 0.005466
0 0.573396 0.140684 0.009070 0.005466
0 0.605307 0.138308 0.009070 0.005466
0 0.637219 0.155894 0.009070 0.005466
0 0.723211 0.148289 0.009070 0.005466
0 0.723211 0.143298 0.009070 0.005466
0 0.756466 0.160884 0.009070 0.005466
0 0.756466 0.155894 0.009070 0.005466
0 0.789721 0.148289 0.009070 0.005466
0 0.789721 0.143298 0.009070 0.005466
0 0.822976 0.148289 0.009070 0.005466
0 0.822976 0.143298 0.009070 0.005466
0 0.855895 0.148289 0.009070 0.005466
0 0.855895 0.143298 0.009070 0.005466
0 0.889150 0.160884 0.009070 0.005466
0 0.889150 0.155894 0.009070 0.005466
0 0.922405 0.148289 0.009070 0.005466
0 0.922405 0.143298 0.009070 0.005466
0 0.170306 0.379753 0.009070 0.005466
0 0.170306 0.374762 0.009070 0.005466
0 0.203225 0.392586 0.009070 0.005466
0 0.203225 0.387357 0.009070 0.005466
0 0.236144 0.379753 0.009070 0.005466
0 0.236144 0.374762 0.009070 0.005466
0 0.269399 0.379753 0.009070 0.005466
0 0.269399 0.374762 0.009070 0.005466
0 0.302318 0.379753 0.009070 0.005466
0 0.302318 0.374762 0.009070 0.005466
0 0.335237 0.392586 0.009070 0.005466
0 0.335237 0.387357 0.009070 0.005466
0 0.368492 0.379753 0.009070 0.005466
0 0.368492 0.374762 0.009070 0.005466
0 0.449446 0.377376 0.009070 0.005466
0 0.449446 0.372148 0.009070 0.005466
0 0.483708 0.382367 0.009070 0.005466
0 0.518307 0.377376 0.009070 0.005466
0 0.518307 0.372148 0.009070 0.005466
0 0.552570 0.387357 0.009070 0.005466
0 0.586832 0.377376 0.009070 0.005466
0 0.586832 0.372148 0.009070 0.005466
0 0.621431 0.389971 0.009070 0.005466
0 0.655694 0.377376 0.009070 0.005466
0 0.655694 0.372148 0.009070 0.005466
0 0.707088 0.374762 0.009741 0.005466
0 0.831374 0.372148 0.009741 0.005466
0 0.135035 0.588878 0.009741 0.005466
0 0.267719 0.586264 0.009741 0.005466
0 0.450789 0.598859 0.009070 0.005466
0 0.450789 0.593869 0.009070 0.005466
0 0.450789 0.588878 0.009070 0.005466
0 0.482029 0.586264 0.009070 0.005466
0 0.513268 0.604087 0.009070 0.005466
0 0.576083 0.593869 0.009070 0.005466
0 0.576083 0.588878 0.009070 0.005466
0 0.607323 0.586264 0.009070 0.005466
0 0.638898 0.604087 0.009070 0.005466
0 0.722204 0.593869 0.009070 0.005466
0 0.722204 0.588878 0.009070 0.005466
0 0.755459 0.606464 0.009070 0.005466
0 0.755459 0.601473 0.009070 0.005466
0 0.788713 0.593869 0.009070 0.005466
0 0.788713 0.588878 0.009070 0.005466
0 0.822304 0.593869 0.009070 0.005466
0 0.822304 0.588878 0.009070 0.005466
0 0.855559 0.593869 0.009070 0.005466
0 0.855559 0.588878 0.009070 0.005466
0 0.888814 0.606464 0.009070 0.005466
0 0.888814 0.601473 0.009070 0.005466
0 0.922069 0.593869 0.009070 0.005466
0 0.922069 0.588878 0.009070 0.005466
0 0.162916 0.830323 0.009070 0.005466
0 0.162916 0.825095 0.009070 0.005466
0 0.194491 0.842918 0.009070 0.005466
0 0.194491 0.837690 0.009070 0.005466
0 0.225731 0.830323 0.009070 0.005466
0 0.225731 0.825095 0.009070 0.005466
0 0.256970 0.830323 0.009070 0.005466
0 0.256970 0.825095 0.009070 0.005466
0 0.288546 0.830323 0.009070 0.005466
0 0.288546 0.825095 0.009070 0.005466
0 0.319785 0.842918 0.009070 0.005466
0 0.319785 0.837690 0.009070 0.005466
0 0.351025 0.830323 0.009070 0.005466
0 0.351025 0.825095 0.009070 0.005466
0 0.437353 0.837690 0.009070 0.005466
0 0.437353 0.832700 0.009070 0.005466
0 0.474639 0.845295 0.009070 0.005466
0 0.483037 0.842918 0.009070 0.005466
0 0.511925 0.827709 0.009070 0.005466
0 0.549211 0.825095 0.009070 0.005466
0 0.586496 0.820105 0.009070 0.005466
0 0.586496 0.815114 0.009070 0.005466
0 0.623782 0.827709 0.009070 0.005466
0 0.632516 0.825095 0.009070 0.005466
0 0.661068 0.810124 0.009070 0.005466
0 0.710783 0.807510 0.009070 0.005466
0 0.845482 0.835314 0.009741 0.005466
0 0.845482 0.830323 0.009741 0.005466
0 0.845482 0.817490 0.009741 0.005466
0 0.136715 0.081274 0.009741 0.005466
0 0.265368 0.083888 0.009070 0.005466
0 0.361774 0.086502 0.009070 0.005466
0 0.413839 0.086502 0.009741 0.005466
0 0.756466 0.088878 0.009070 0.005466
0 0.822976 0.086502 0.009070 0.005466
0 0.889150 0.083888 0.009070 0.005466
0 0.137387 0.313213 0.009741 0.005466
0 0.269399 0.313213 0.009070 0.005466
0 0.335237 0.310599 0.009070 0.005466
0 0.368492 0.308222 0.009070 0.005466
0 0.414847 0.305608 0.009070 0.005466
0 0.483708 0.320817 0.009070 0.005466
0 0.586832 0.315589 0.009070 0.005466
0 0.621431 0.313213 0.009070 0.005466
0 0.655694 0.310599 0.009070 0.005466
0 0.707088 0.308222 0.009070 0.005466
0 0.800134 0.308222 0.009070 0.005466
0 0.862277 0.305608 0.009070 0.005466
0 0.924421 0.305608 0.009070 0.005466
0 0.135035 0.516160 0.009070 0.005466
0 0.201209 0.518774 0.009070 0.005466
0 0.234464 0.521388 0.009070 0.005466
0 0.267719 0.523764 0.009070 0.005466
0 0.333893 0.526378 0.009070 0.005466
0 0.367148 0.528992 0.009070 0.005466
0 0.419214 0.526378 0.009070 0.005466
0 0.513268 0.531369 0.009070 0.005466
0 0.544844 0.531369 0.009741 0.005466
0 0.755459 0.531369 0.009070 0.005466
0 0.822304 0.531369 0.009070 0.005466
0 0.888814 0.528992 0.009070 0.005466
0 0.922069 0.526378 0.009070 0.005466
0 0.131676 0.752614 0.009741 0.005466
0 0.256970 0.755228 0.009070 0.005466
0 0.319785 0.757842 0.009070 0.005466
0 0.400067 0.755228 0.009741 0.005466
0 0.623782 0.765209 0.009070 0.005466
0 0.785690 0.752614 0.009070 0.005466
0 0.845482 0.745010 0.009070 0.005466
0 0.918038 0.745010 0.009070 0.005466
