0 0.142425 0.238831 0.009741 0.005466
0 0.311723 0.238831 0.009070 0.005466
0 0.142089 0.160646 0.009070 0.005466
0 0.162916 0.208650 0.009070 0.005466
0 0.186765 0.203422 0.009070 0.005466
0 0.186765 0.198432 0.009070 0.005466
0 0.207592 0.211027 0.009070 0.005466
0 0.228082 0.158032 0.009070 0.005466
0 0.248572 0.208650 0.009070 0.005466
0 0.269399 0.203422 0.009070 0.005466
0 0.269399 0.198432 0.009070 0.005466
0 0.289889 0.211027 0.009070 0.005466
0 0.311723 0.211027 0.009070 0.005466
0 0.332214 0.208650 0.009070 0.005466
0 0.354048 0.203422 0.009070 0.005466
0 0.354048 0.198432 0.009070 0.005466
0 0.374538 0.213641 0.009070 0.005466
0 0.409809 0.241445 0.009741 0.005466
0 0.698354 0.241445 0.009741 0.005466
0 0.872019 0.241445 0.009070 0.005466
0 0.140074 0.458888 0.009741 0.005466
0 0.392341 0.456274 0.009070 0.005466
0 0.532415 0.456274 0.009741 0.005466
0 0.801142 0.456274 0.009070 0.005466
0 0.140074 0.682034 0.009741 0.005466
0 0.437689 0.659221 0.009070 0.005466
0 0.505878 0.682034 0.009070 0.005466
0 0.582466 0.679420 0.009741 0.005466
0 0.833389 0.656606 0.009070 0.005466
0 0.894525 0.679420 0.009070 0.005466
0 0.133692 0.902091 0.009741 0.005466
0 0.422573 0.892110 0.009070 0.005466
0 0.488411 0.879515 0.009070 0.005466
0 0.565334 0.899715 0.009070 0.005466
0 0.695331 0.897101 0.009070 0.005466
0 0.825328 0.886882 0.009070 0.005466
0 0.890494 0.881892 0.009070 0.005466
0 0.923077 0.874287 0.009070 0.005466
0 0.409809 0.160646 0.009070 0.005466
0 0.431979 0.178232 0.009070 0.005466
0 0.454484 0.170627 0.009070 0.005466
0 0.454484 0.165637 0.009070 0.005466
0 0.476654 0.173241 0.009070 0.005466
0 0.503863 0.175618 0.009070 0.005466
0 0.548539 0.170627 0.009070 0.005466
0 0.571045 0.165637 0.009070 0.005466
0 0.571045 0.160646 0.009070 0.005466
0 0.615721 0.170627 0.009070 0.005466
0 0.637890 0.165637 0.009070 0.005466
0 0.637890 0.160646 0.009070 0.005466
0 0.660396 0.153042 0.009070 0.005466
0 0.698354 0.153042 0.009741 0.005466
0 0.718844 0.168251 0.009070 0.005466
0 0.740343 0.163023 0.009070 0.005466
0 0.760833 0.170627 0.009070 0.005466
0 0.779980 0.165637 0.009070 0.005466
0 0.788378 0.163023 0.009070 0.005466
0 0.809204 0.168251 0.009070 0.005466
0 0.830030 0.165637 0.009070 0.005466
0 0.850521 0.170627 0.009070 0.005466
0 0.872019 0.155418 0.009070 0.005466
0 0.892845 0.168251 0.009070 0.005466
0 0.914007 0.168251 0.009070 0.005466
0 0.914007 0.163023 0.009070 0.005466
0 0.934834 0.173241 0.009070 0.005466
0 0.140074 0.375475 0.009741 0.005466
0 0.171313 0.385694 0.009070 0.005466
0 0.202889 0.380466 0.009070 0.005466
0 0.234464 0.388070 0.009070 0.005466
0 0.266040 0.385694 0.009070 0.005466
0 0.266040 0.380466 0.009070 0.005466
0 0.297615 0.388070 0.009070 0.005466
0 0.329190 0.385694 0.009070 0.005466
0 0.329190 0.380466 0.009070 0.005466
0 0.360766 0.390684 0.009070 0.005466
0 0.392341 0.375475 0.009070 0.005466
0 0.423917 0.388070 0.009070 0.005466
0 0.455492 0.385694 0.009070 0.005466
0 0.455492 0.380466 0.009070 0.005466
0 0.486732 0.390684 0.009070 0.005466
0 0.532415 0.378089 0.009070 0.005466
0 0.565334 0.395675 0.009070 0.005466
0 0.598589 0.390684 0.009070 0.005466
0 0.598589 0.385694 0.009070 0.005466
0 0.631508 0.398289 0.009070 0.005466
0 0.702049 0.395675 0.009070 0.005466
0 0.734968 0.390684 0.009070 0.005466
0 0.734968 0.385694 0.009070 0.005466
0 0.768223 0.398289 0.009070 0.005466
0 0.801142 0.398289 0.009070 0.005466
0 0.834397 0.395675 0.009070 0.005466
0 0.878401 0.390684 0.009070 0.005466
0 0.878401 0.385694 0.009070 0.005466
0 0.922405 0.400665 0.009070 0.005466
0 0.139738 0.601236 0.009070 0.005466
0 0.172657 0.618821 0.009070 0.005466
0 0.204568 0.611217 0.009070 0.005466
0 0.212966 0.608603 0.009070 0.005466
0 0.245885 0.618821 0.009070 0.005466
0 0.278468 0.596008 0.009070 0.005466
0 0.311387 0.618821 0.009070 0.005466
0 0.344306 0.611217 0.009070 0.005466
0 0.344306 0.606226 0.009070 0.005466
0 0.387974 0.618821 0.009070 0.005466
0 0.470272 0.618821 0.009070 0.005466
0 0.505878 0.611217 0.009070 0.005466
0 0.505878 0.606226 0.009070 0.005466
0 0.538462 0.618821 0.009070 0.005466
0 0.582466 0.598622 0.009070 0.005466
0 0.613033 0.616207 0.009070 0.005466
0 0.641585 0.608603 0.009070 0.005466
0 0.649983 0.606226 0.009070 0.005466
0 0.680551 0.616207 0.009070 0.005466
0 0.711119 0.593631 0.009070 0.005466
0 0.741686 0.616207 0.009070 0.005466
0 0.772254 0.608603 0.009070 0.005466
0 0.772254 0.603612 0.009070 0.005466
0 0.802822 0.616207 0.009070 0.005466
0 0.863957 0.616207 0.009070 0.005466
0 0.894525 0.608603 0.009070 0.005466
0 0.894525 0.603612 0.009070 0.005466
0 0.925092 0.616207 0.009070 0.005466
0 0.133692 0.821293 0.009070 0.005466
0 0.166611 0.838878 0.009070 0.005466
0 0.203561 0.831511 0.009070 0.005466
0 0.203561 0.826283 0.009070 0.005466
0 0.236144 0.838878 0.009070 0.005466
0 0.269063 0.813688 0.009070 0.005466
0 0.301982 0.831511 0.009070 0.005466
0 0.345986 0.826283 0.009070 0.005466
0 0.345986 0.821293 0.009070 0.005466
0 0.389654 0.831511 0.009070 0.005466
0 0.455492 0.833888 0.009070 0.005466
0 0.488411 0.826283 0.009070 0.005466
0 0.521330 0.836502 0.009070 0.005466
0 0.565334 0.816302 0.009070 0.005466
0 0.597917 0.836502 0.009070 0.005466
0 0.630501 0.828897 0.009070 0.005466
0 0.630501 0.821293 0.009070 0.005466
0 0.663084 0.836502 0.009070 0.005466
0 0.695331 0.808698 0.009070 0.005466
0 0.727914 0.826283 0.009070 0.005466
0 0.760497 0.821293 0.009070 0.005466
0 0.760497 0.816302 0.009070 0.005466
0 0.793080 0.826283 0.009070 0.005466
0 0.857911 0.828897 0.009070 0.005466
0 0.890494 0.821293 0.009070 0.005466
0 0.923077 0.831511 0.009070 0.005466
0 0.142089 0.160646 0.009070 0.005466
0 0.228082 0.158032 0.009070 0.005466
0 0.354048 0.160646 0.009070 0.005466
0 0.409809 0.160646 0.009070 0.005466
0 0.503863 0.160646 0.009070 0.005466
0 0.526369 0.158032 0.009070 0.005466
0 0.593215 0.155418 0.009070 0.005466
0 0.660396 0.153042 0.009070 0.005466
0 0.698354 0.153042 0.009741 0.005466
0 0.872019 0.155418 0.009070 0.005466
0 0.140074 0.375475 0.009741 0.005466
0 0.392341 0.375475 0.009070 0.005466
0 0.532415 0.378089 0.009070 0.005466
0 0.668794 0.375475 0.009070 0.005466
0 0.878401 0.378089 0.009070 0.005466
0 0.139738 0.601236 0.009070 0.005466
0 0.278468 0.596008 0.009070 0.005466
0 0.505878 0.598622 0.009070 0.005466
0 0.582466 0.598622 0.009070 0.005466
0 0.711119 0.593631 0.009070 0.005466
0 0.894525 0.596008 0.009070 0.005466
0 0.133692 0.821293 0.009070 0.005466
0 0.269063 0.813688 0.009070 0.005466
0 0.488411 0.821293 0.009070 0.005466
0 0.565334 0.816302 0.009070 0.005466
0 0.695331 0.808698 0.009070 0.005466
0 0.890494 0.816302 0.009070 0.005466
0 0.186765 0.081274 0.009070 0.005466
0 0.228082 0.078897 0.009070 0.005466
0 0.354048 0.081274 0.009070 0.005466
0 0.409809 0.081274 0.009070 0.005466
0 0.476654 0.086502 0.009070 0.005466
0 0.503863 0.088878 0.009070 0.005466
0 0.548539 0.091492 0.009070 0.005466
0 0.593215 0.091492 0.009070 0.005466
0 0.637890 0.091492 0.009070 0.005466
0 0.698354 0.073907 0.009741 0.005466
0 0.872019 0.076283 0.009070 0.005466
0 0.392341 0.307272 0.009070 0.005466
0 0.455492 0.307272 0.009070 0.005466
0 0.532415 0.304658 0.009070 0.005466
0 0.598589 0.304658 0.009070 0.005466
0 0.631508 0.304658 0.009070 0.005466
0 0.668794 0.302281 0.009070 0.005466
0 0.801142 0.312262 0.009070 0.005466
0 0.851192 0.312262 0.009070 0.005466
0 0.905610 0.304658 0.009070 0.005466
0 0.139738 0.524715 0.009070 0.005466
0 0.278468 0.524715 0.009070 0.005466
0 0.311387 0.529705 0.009070 0.005466
0 0.344306 0.529705 0.009070 0.005466
0 0.374202 0.529705 0.009070 0.005466
0 0.404770 0.529705 0.009070 0.005466
0 0.437689 0.534933 0.009070 0.005466
0 0.772254 0.532319 0.009070 0.005466
0 0.802822 0.532319 0.009070 0.005466
0 0.833389 0.532319 0.009070 0.005466
0 0.863957 0.532319 0.009070 0.005466
0 0.894525 0.532319 0.009070 0.005466
0 0.925092 0.532319 0.009070 0.005466
0 0.133692 0.752852 0.009070 0.005466
0 0.203561 0.752852 0.009070 0.005466
0 0.236144 0.752852 0.009070 0.005466
0 0.269063 0.752852 0.009070 0.005466
0 0.319113 0.750238 0.009070 0.005466
0 0.372859 0.747861 0.009070 0.005466
0 0.422573 0.747861 0.009070 0.005466
0 0.488411 0.747861 0.009070 0.005466
0 0.760497 0.742871 0.009070 0.005466
0 0.825328 0.742871 0.009070 0.005466
