0 0.144441 0.200808 0.012765 0.004990
0 0.420222 0.200808 0.012765 0.004990
0 0.705408 0.200808 0.012765 0.004990
0 0.131340 0.405894 0.008398 0.004990
0 0.166947 0.399002 0.008398 0.004990
0 0.187773 0.399002 0.008398 0.004990
0 0.208599 0.399002 0.008398 0.004990
0 0.229426 0.399002 0.008398 0.004990
0 0.255291 0.399002 0.008398 0.004990
0 0.276117 0.396625 0.008398 0.004990
0 0.296943 0.396625 0.008398 0.004990
0 0.317770 0.396625 0.008398 0.004990
0 0.338596 0.394249 0.008398 0.004990
0 0.359422 0.394249 0.008398 0.004990
0 0.380249 0.394249 0.008398 0.004990
0 0.423917 0.405894 0.008398 0.004990
0 0.459523 0.396625 0.008398 0.004990
0 0.480013 0.396625 0.008398 0.004990
0 0.500504 0.396625 0.008398 0.004990
0 0.520994 0.396625 0.008398 0.004990
0 0.541485 0.396625 0.008398 0.004990
0 0.561975 0.396625 0.008398 0.004990
0 0.582466 0.396625 0.008398 0.004990
0 0.602956 0.396625 0.008398 0.004990
0 0.623446 0.396625 0.008398 0.004990
0 0.643601 0.396625 0.008398 0.004990
0 0.664091 0.396625 0.008398 0.004990
0 0.697346 0.410409 0.008398 0.004990
0 0.717501 0.394249 0.008398 0.004990
0 0.717501 0.385219 0.008398 0.004990
0 0.737319 0.394249 0.008398 0.004990
0 0.737319 0.385219 0.008398 0.004990
0 0.757474 0.394249 0.008398 0.004990
0 0.757474 0.385219 0.008398 0.004990
0 0.777293 0.394249 0.008398 0.004990
0 0.777293 0.385219 0.008398 0.004990
0 0.802486 0.394249 0.008398 0.004990
0 0.802486 0.385219 0.008398 0.004990
0 0.822304 0.394249 0.008398 0.004990
0 0.822304 0.385219 0.008398 0.004990
0 0.842459 0.394249 0.008398 0.004990
0 0.842459 0.385219 0.008398 0.004990
0 0.867316 0.394249 0.008398 0.004990
0 0.867316 0.385219 0.008398 0.004990
0 0.887471 0.394249 0.008398 0.004990
0 0.887471 0.382842 0.008398 0.004990
0 0.907625 0.394249 0.008398 0.004990
0 0.907625 0.382842 0.008398 0.004990
0 0.932482 0.394249 0.008398 0.004990
0 0.932482 0.382842 0.008398 0.004990
0 0.316762 0.605276 0.008398 0.004990
0 0.391669 0.593869 0.008398 0.004990
0 0.413839 0.593869 0.008398 0.004990
0 0.436345 0.593869 0.008398 0.004990
0 0.458515 0.593869 0.008398 0.004990
0 0.480685 0.593869 0.008398 0.004990
0 0.508566 0.593869 0.008398 0.004990
0 0.531072 0.593869 0.008398 0.004990
0 0.553242 0.593869 0.008398 0.004990
0 0.575411 0.593869 0.008398 0.004990
0 0.597917 0.593869 0.008398 0.004990
0 0.620087 0.593869 0.008398 0.004990
0 0.642257 0.593869 0.008398 0.004990
0 0.677528 0.593869 0.008398 0.004990
0 0.700705 0.593869 0.008398 0.004990
0 0.723883 0.593869 0.008398 0.004990
0 0.747061 0.593869 0.008398 0.004990
0 0.769903 0.593869 0.008398 0.004990
0 0.793080 0.593869 0.008398 0.004990
0 0.816258 0.593869 0.008398 0.004990
0 0.839436 0.593869 0.008398 0.004990
0 0.862613 0.593869 0.008398 0.004990
0 0.885791 0.593869 0.008398 0.004990
0 0.908969 0.593869 0.008398 0.004990
0 0.932146 0.593869 0.008398 0.004990
0 0.136379 0.805133 0.008398 0.004990
0 0.193147 0.805133 0.008398 0.004990
0 0.235472 0.802994 0.008398 0.004990
0 0.261337 0.800618 0.008398 0.004990
0 0.381256 0.812025 0.012765 0.004990
0 0.592543 0.812025 0.012765 0.004990
0 0.131340 0.200808 0.008398 0.004990
0 0.166947 0.191540 0.008398 0.004990
0 0.187773 0.191540 0.008398 0.004990
0 0.208599 0.191540 0.008398 0.004990
0 0.229426 0.187025 0.008398 0.004990
0 0.250252 0.187025 0.008398 0.004990
0 0.271078 0.187025 0.008398 0.004990
0 0.291905 0.189163 0.008398 0.004990
0 0.312731 0.189163 0.008398 0.004990
0 0.333557 0.189163 0.008398 0.004990
0 0.354384 0.191540 0.008398 0.004990
0 0.375210 0.191540 0.008398 0.004990
0 0.407457 0.200808 0.008398 0.004990
0 0.443063 0.193916 0.008398 0.004990
0 0.463554 0.193916 0.008398 0.004990
0 0.484044 0.193916 0.008398 0.004990
0 0.504535 0.193916 0.008398 0.004990
0 0.530064 0.193916 0.008398 0.004990
0 0.550554 0.191540 0.008398 0.004990
0 0.571045 0.191540 0.008398 0.004990
0 0.591535 0.191540 0.008398 0.004990
0 0.612026 0.189163 0.008398 0.004990
0 0.632516 0.189163 0.008398 0.004990
0 0.653006 0.189163 0.008398 0.004990
0 0.692644 0.200808 0.008398 0.004990
0 0.728250 0.191540 0.008398 0.004990
0 0.748404 0.191540 0.008398 0.004990
0 0.768559 0.191540 0.008398 0.004990
0 0.788713 0.191540 0.008398 0.004990
0 0.813907 0.191540 0.008398 0.004990
0 0.834061 0.191540 0.008398 0.004990
0 0.854216 0.191540 0.008398 0.004990
0 0.874370 0.191540 0.008398 0.004990
0 0.894861 0.191540 0.008398 0.004990
0 0.915015 0.191540 0.008398 0.004990
0 0.935170 0.191540 0.008398 0.004990
0 0.144441 0.405894 0.012765 0.004990
0 0.436681 0.405894 0.012765 0.004990
0 0.135035 0.605276 0.008398 0.004990
0 0.154854 0.589116 0.008398 0.004990
0 0.154854 0.584601 0.008398 0.004990
0 0.175008 0.589116 0.008398 0.004990
0 0.175008 0.584601 0.008398 0.004990
0 0.194827 0.589116 0.008398 0.004990
0 0.194827 0.584601 0.008398 0.004990
0 0.214982 0.589116 0.008398 0.004990
0 0.214982 0.584601 0.008398 0.004990
0 0.234800 0.589116 0.008398 0.004990
0 0.234800 0.584601 0.008398 0.004990
0 0.254955 0.589116 0.008398 0.004990
0 0.254955 0.584601 0.008398 0.004990
0 0.274773 0.589116 0.008398 0.004990
0 0.274773 0.584601 0.008398 0.004990
0 0.294928 0.589116 0.008398 0.004990
0 0.294928 0.584601 0.008398 0.004990
0 0.316762 0.593869 0.008398 0.004990
0 0.336580 0.593869 0.008398 0.004990
0 0.356735 0.593869 0.008398 0.004990
0 0.391669 0.605276 0.008398 0.004990
0 0.458515 0.605276 0.008398 0.004990
0 0.508566 0.602899 0.008398 0.004990
0 0.531072 0.602899 0.008398 0.004990
0 0.597917 0.600760 0.008398 0.004990
0 0.677528 0.598384 0.008734 0.004990
0 0.885791 0.600760 0.008398 0.004990
0 0.136379 0.796103 0.008398 0.004990
0 0.155526 0.796103 0.008398 0.004990
0 0.174337 0.796103 0.008398 0.004990
0 0.211958 0.796103 0.008398 0.004990
0 0.235472 0.796103 0.008398 0.004990
0 0.261337 0.796103 0.008398 0.004990
0 0.310380 0.802994 0.008398 0.004990
0 0.333893 0.802994 0.008398 0.004990
0 0.368492 0.812025 0.008398 0.004990
0 0.404098 0.802994 0.008398 0.004990
0 0.418878 0.802994 0.008398 0.004990
0 0.433658 0.802994 0.008398 0.004990
0 0.448774 0.802994 0.008398 0.004990
0 0.463554 0.802994 0.008398 0.004990
0 0.493450 0.802994 0.008398 0.004990
0 0.508566 0.802994 0.008398 0.004990
0 0.523346 0.802994 0.008398 0.004990
0 0.538462 0.802994 0.008398 0.004990
0 0.553242 0.802994 0.008398 0.004990
0 0.579778 0.812025 0.008398 0.004990
0 0.615385 0.802994 0.008398 0.004990
0 0.630165 0.802994 0.008398 0.004990
0 0.645280 0.802994 0.008398 0.004990
0 0.660060 0.802994 0.008398 0.004990
0 0.675176 0.802994 0.008398 0.004990
0 0.704736 0.802994 0.008398 0.004990
0 0.719852 0.802994 0.008398 0.004990
0 0.734632 0.802994 0.008398 0.004990
0 0.749748 0.802994 0.008398 0.004990
0 0.764528 0.802994 0.008398 0.004990
0 0.791401 0.812025 0.008734 0.004990
0 0.791401 0.802994 0.008734 0.004990
0 0.830702 0.812025 0.008734 0.004990
0 0.830702 0.802994 0.008734 0.004990
0 0.883440 0.812025 0.012765 0.004990
0 0.883440 0.802994 0.012765 0.004990
0 0.388646 0.531844 0.008734 0.004990
0 0.136715 0.734078 0.008734 0.004990
0 0.166947 0.150190 0.008398 0.004990
0 0.166947 0.138783 0.008398 0.004990
0 0.187773 0.150190 0.008398 0.004990
0 0.187773 0.138783 0.008398 0.004990
0 0.208599 0.150190 0.008398 0.004990
0 0.208599 0.138783 0.008398 0.004990
0 0.229426 0.145675 0.008398 0.004990
0 0.229426 0.138783 0.008398 0.004990
0 0.250252 0.145675 0.008398 0.004990
0 0.250252 0.138783 0.008398 0.004990
0 0.271078 0.145675 0.008398 0.004990
0 0.271078 0.138783 0.008398 0.004990
0 0.291905 0.147814 0.008398 0.004990
0 0.291905 0.138783 0.008398 0.004990
0 0.312731 0.147814 0.008398 0.004990
0 0.312731 0.138783 0.008398 0.004990
0 0.333557 0.147814 0.008398 0.004990
0 0.333557 0.138783 0.008398 0.004990
0 0.354384 0.150190 0.008398 0.004990
0 0.354384 0.138783 0.008398 0.004990
0 0.375210 0.150190 0.008398 0.004990
0 0.375210 0.138783 0.008398 0.004990
0 0.443063 0.152567 0.008398 0.004990
0 0.443063 0.143298 0.008398 0.004990
0 0.443063 0.138783 0.008398 0.004990
0 0.463554 0.152567 0.008398 0.004990
0 0.463554 0.143298 0.008398 0.004990
0 0.463554 0.138783 0.008398 0.004990
0 0.484044 0.152567 0.008398 0.004990
0 0.484044 0.143298 0.008398 0.004990
0 0.484044 0.138783 0.008398 0.004990
0 0.504535 0.152567 0.008398 0.004990
0 0.504535 0.143298 0.008398 0.004990
0 0.504535 0.138783 0.008398 0.004990
0 0.530064 0.152567 0.008398 0.004990
0 0.530064 0.143298 0.008398 0.004990
0 0.530064 0.138783 0.008398 0.004990
0 0.550554 0.152567 0.008398 0.004990
0 0.550554 0.145675 0.008398 0.004990
0 0.550554 0.138783 0.008398 0.004990
0 0.571045 0.152567 0.008398 0.004990
0 0.571045 0.145675 0.008398 0.004990
0 0.571045 0.138783 0.008398 0.004990
0 0.591535 0.152567 0.008398 0.004990
0 0.591535 0.145675 0.008398 0.004990
0 0.591535 0.138783 0.008398 0.004990
0 0.612026 0.152567 0.008398 0.004990
0 0.612026 0.147814 0.008398 0.004990
0 0.612026 0.138783 0.008398 0.004990
0 0.632516 0.152567 0.008398 0.004990
0 0.632516 0.147814 0.008398 0.004990
0 0.632516 0.138783 0.008398 0.004990
0 0.653006 0.152567 0.008398 0.004990
0 0.653006 0.147814 0.008398 0.004990
0 0.653006 0.138783 0.008398 0.004990
0 0.728250 0.150190 0.008398 0.004990
0 0.728250 0.145675 0.008398 0.004990
0 0.728250 0.138783 0.008398 0.004990
0 0.748404 0.150190 0.008398 0.004990
0 0.748404 0.145675 0.008398 0.004990
0 0.748404 0.138783 0.008398 0.004990
0 0.768559 0.150190 0.008398 0.004990
0 0.768559 0.145675 0.008398 0.004990
0 0.768559 0.138783 0.008398 0.004990
0 0.788713 0.150190 0.008398 0.004990
0 0.788713 0.145675 0.008398 0.004990
0 0.788713 0.138783 0.008398 0.004990
0 0.813907 0.150190 0.008398 0.004990
0 0.813907 0.145675 0.008398 0.004990
0 0.813907 0.138783 0.008398 0.004990
0 0.834061 0.150190 0.008398 0.004990
0 0.834061 0.145675 0.008398 0.004990
0 0.834061 0.138783 0.008398 0.004990
0 0.854216 0.150190 0.008398 0.004990
0 0.854216 0.145675 0.008398 0.004990
0 0.854216 0.138783 0.008398 0.004990
0 0.874370 0.150190 0.008398 0.004990
0 0.874370 0.145675 0.008398 0.004990
0 0.874370 0.138783 0.008398 0.004990
0 0.894861 0.150190 0.008398 0.004990
0 0.894861 0.145675 0.008398 0.004990
0 0.894861 0.138783 0.008398 0.004990
0 0.915015 0.150190 0.008398 0.004990
0 0.915015 0.145675 0.008398 0.004990
0 0.915015 0.138783 0.008398 0.004990
0 0.935170 0.150190 0.008398 0.004990
0 0.935170 0.145675 0.008398 0.004990
0 0.935170 0.138783 0.008398 0.004990
0 0.166947 0.353612 0.008398 0.004990
0 0.166947 0.344582 0.008398 0.004990
0 0.166947 0.339829 0.008398 0.004990
0 0.187773 0.353612 0.008398 0.004990
0 0.187773 0.344582 0.008398 0.004990
0 0.187773 0.339829 0.008398 0.004990
0 0.208599 0.353612 0.008398 0.004990
0 0.208599 0.344582 0.008398 0.004990
0 0.208599 0.339829 0.008398 0.004990
0 0.229426 0.353612 0.008398 0.004990
0 0.229426 0.344582 0.008398 0.004990
0 0.229426 0.339829 0.008398 0.004990
0 0.255291 0.353612 0.008398 0.004990
0 0.255291 0.344582 0.008398 0.004990
0 0.255291 0.339829 0.008398 0.004990
0 0.276117 0.353612 0.008398 0.004990
0 0.276117 0.346721 0.008398 0.004990
0 0.276117 0.339829 0.008398 0.004990
0 0.296943 0.353612 0.008398 0.004990
0 0.296943 0.346721 0.008398 0.004990
0 0.296943 0.339829 0.008398 0.004990
0 0.317770 0.353612 0.008398 0.004990
0 0.317770 0.346721 0.008398 0.004990
0 0.317770 0.339829 0.008398 0.004990
0 0.338596 0.353612 0.008398 0.004990
0 0.338596 0.349097 0.008398 0.004990
0 0.338596 0.339829 0.008398 0.004990
0 0.359422 0.353612 0.008398 0.004990
0 0.359422 0.349097 0.008398 0.004990
0 0.359422 0.339829 0.008398 0.004990
0 0.380249 0.353612 0.008398 0.004990
0 0.380249 0.349097 0.008398 0.004990
0 0.380249 0.339829 0.008398 0.004990
0 0.459523 0.351473 0.008398 0.004990
0 0.459523 0.346721 0.008398 0.004990
0 0.459523 0.339829 0.008398 0.004990
0 0.480013 0.351473 0.008398 0.004990
0 0.480013 0.346721 0.008398 0.004990
0 0.480013 0.339829 0.008398 0.004990
0 0.500504 0.351473 0.008398 0.004990
0 0.500504 0.346721 0.008398 0.004990
0 0.500504 0.339829 0.008398 0.004990
0 0.520994 0.351473 0.008398 0.004990
0 0.520994 0.346721 0.008398 0.004990
0 0.520994 0.339829 0.008398 0.004990
0 0.541485 0.351473 0.008398 0.004990
0 0.541485 0.346721 0.008398 0.004990
0 0.541485 0.339829 0.008398 0.004990
0 0.561975 0.351473 0.008398 0.004990
0 0.561975 0.346721 0.008398 0.004990
0 0.561975 0.339829 0.008398 0.004990
0 0.582466 0.351473 0.008398 0.004990
0 0.582466 0.346721 0.008398 0.004990
0 0.582466 0.339829 0.008398 0.004990
0 0.602956 0.351473 0.008398 0.004990
0 0.602956 0.346721 0.008398 0.004990
0 0.602956 0.339829 0.008398 0.004990
0 0.623446 0.351473 0.008398 0.004990
0 0.623446 0.346721 0.008398 0.004990
0 0.623446 0.339829 0.008398 0.004990
0 0.643601 0.351473 0.008398 0.004990
0 0.643601 0.346721 0.008398 0.004990
0 0.643601 0.339829 0.008398 0.004990
0 0.664091 0.351473 0.008398 0.004990
0 0.664091 0.346721 0.008398 0.004990
0 0.664091 0.339829 0.008398 0.004990
0 0.717501 0.344582 0.008398 0.004990
0 0.717501 0.339829 0.008398 0.004990
0 0.717501 0.335314 0.008398 0.004990
0 0.737319 0.344582 0.008398 0.004990
0 0.737319 0.339829 0.008398 0.004990
0 0.737319 0.335314 0.008398 0.004990
0 0.757474 0.344582 0.008398 0.004990
0 0.757474 0.339829 0.008398 0.004990
0 0.757474 0.335314 0.008398 0.004990
0 0.777293 0.344582 0.008398 0.004990
0 0.777293 0.339829 0.008398 0.004990
0 0.777293 0.335314 0.008398 0.004990
0 0.802486 0.344582 0.008398 0.004990
0 0.802486 0.339829 0.008398 0.004990
0 0.802486 0.335314 0.008398 0.004990
0 0.822304 0.339829 0.008398 0.004990
0 0.822304 0.335314 0.008398 0.004990
0 0.822304 0.328422 0.008398 0.004990
0 0.842459 0.339829 0.008398 0.004990
0 0.842459 0.335314 0.008398 0.004990
0 0.842459 0.328422 0.008398 0.004990
0 0.867316 0.339829 0.008398 0.004990
0 0.867316 0.335314 0.008398 0.004990
0 0.867316 0.328422 0.008398 0.004990
0 0.887471 0.339829 0.008398 0.004990
0 0.895197 0.337690 0.008398 0.004990
0 0.887471 0.328422 0.008398 0.004990
0 0.907625 0.339829 0.008398 0.004990
0 0.915351 0.337690 0.008398 0.004990
0 0.907625 0.328422 0.008398 0.004990
0 0.932482 0.339829 0.008398 0.004990
0 0.940208 0.337690 0.008398 0.004990
0 0.932482 0.328422 0.008398 0.004990
0 0.316762 0.550143 0.008398 0.004990
0 0.336580 0.550143 0.008398 0.004990
0 0.356735 0.550143 0.008398 0.004990
0 0.391669 0.550143 0.008398 0.004990
0 0.413839 0.550143 0.008398 0.004990
0 0.436345 0.550143 0.008398 0.004990
0 0.458515 0.550143 0.008398 0.004990
0 0.480685 0.550143 0.008398 0.004990
0 0.508566 0.552519 0.008398 0.004990
0 0.531072 0.552519 0.008398 0.004990
0 0.553242 0.552519 0.008398 0.004990
0 0.575411 0.552519 0.008398 0.004990
0 0.597917 0.554658 0.008398 0.004990
0 0.620087 0.554658 0.008398 0.004990
0 0.642257 0.554658 0.008398 0.004990
0 0.677528 0.557034 0.008398 0.004990
0 0.700705 0.557034 0.008398 0.004990
0 0.723883 0.557034 0.008398 0.004990
0 0.747061 0.557034 0.008398 0.004990
0 0.769903 0.557034 0.008398 0.004990
0 0.793080 0.557034 0.008398 0.004990
0 0.816258 0.557034 0.008398 0.004990
0 0.839436 0.557034 0.008398 0.004990
0 0.862613 0.557034 0.008398 0.004990
0 0.885791 0.554658 0.008398 0.004990
0 0.908969 0.554658 0.008398 0.004990
0 0.932146 0.554658 0.008398 0.004990
0 0.136379 0.752376 0.008398 0.004990
0 0.136379 0.740970 0.008398 0.004990
0 0.155526 0.752376 0.008398 0.004990
0 0.155526 0.740970 0.008398 0.004990
0 0.174337 0.752376 0.008398 0.004990
0 0.174337 0.740970 0.008398 0.004990
0 0.193147 0.754753 0.008398 0.004990
0 0.211958 0.754753 0.008398 0.004990
0 0.235472 0.756892 0.008398 0.004990
0 0.154854 0.550143 0.008398 0.004990
0 0.154854 0.543251 0.008398 0.004990
0 0.154854 0.538736 0.008398 0.004990
0 0.175008 0.550143 0.008398 0.004990
0 0.175008 0.543251 0.008398 0.004990
0 0.175008 0.538736 0.008398 0.004990
0 0.194827 0.550143 0.008398 0.004990
0 0.194827 0.543251 0.008398 0.004990
0 0.194827 0.538736 0.008398 0.004990
0 0.214982 0.550143 0.008398 0.004990
0 0.214982 0.543251 0.008398 0.004990
0 0.214982 0.538736 0.008398 0.004990
0 0.234800 0.550143 0.008398 0.004990
0 0.234800 0.543251 0.008398 0.004990
0 0.234800 0.538736 0.008398 0.004990
0 0.254955 0.550143 0.008398 0.004990
0 0.254955 0.543251 0.008398 0.004990
0 0.254955 0.538736 0.008398 0.004990
0 0.274773 0.550143 0.008398 0.004990
0 0.274773 0.543251 0.008398 0.004990
0 0.274773 0.538736 0.008398 0.004990
0 0.294928 0.550143 0.008398 0.004990
0 0.294928 0.543251 0.008398 0.004990
0 0.294928 0.538736 0.008398 0.004990
0 0.316762 0.538736 0.008398 0.004990
0 0.392005 0.538736 0.008398 0.004990
0 0.458515 0.538736 0.008398 0.004990
0 0.508566 0.540875 0.008398 0.004990
0 0.531072 0.540875 0.008398 0.004990
0 0.597917 0.543251 0.008398 0.004990
0 0.677528 0.545627 0.008734 0.004990
0 0.885791 0.543251 0.008398 0.004990
0 0.193147 0.743108 0.008398 0.004990
0 0.235472 0.745485 0.008398 0.004990
0 0.261337 0.759268 0.008398 0.004990
0 0.261337 0.745485 0.008398 0.004990
0 0.291569 0.759268 0.008398 0.004990
0 0.291569 0.752376 0.008398 0.004990
0 0.291569 0.747861 0.008398 0.004990
0 0.291569 0.740970 0.008398 0.004990
0 0.368492 0.761644 0.008734 0.004990
0 0.368492 0.750000 0.008734 0.004990
0 0.478670 0.754753 0.008734 0.004990
0 0.486732 0.752376 0.008734 0.004990
0 0.478670 0.743108 0.008734 0.004990
0 0.579778 0.756892 0.008734 0.004990
0 0.579778 0.750000 0.008734 0.004990
0 0.579778 0.745485 0.008734 0.004990
0 0.689956 0.759268 0.008734 0.004990
0 0.689956 0.752376 0.008734 0.004990
0 0.689956 0.740970 0.008734 0.004990
0 0.791401 0.761644 0.008734 0.004990
0 0.791401 0.750000 0.008734 0.004990
0 0.830702 0.761644 0.008734 0.004990
0 0.830702 0.750000 0.008734 0.004990
0 0.883440 0.761644 0.012765 0.004990
0 0.883440 0.750000 0.012765 0.004990
0 0.333557 0.083888 0.008398 0.004990
0 0.407457 0.083888 0.008398 0.004990
0 0.517299 0.083888 0.008398 0.004990
0 0.550554 0.083888 0.008398 0.004990
0 0.612026 0.076996 0.008398 0.004990
0 0.692644 0.079373 0.008398 0.004990
0 0.801478 0.083888 0.008398 0.004990
0 0.834061 0.083888 0.008398 0.004990
0 0.894861 0.083888 0.008398 0.004990
0 0.131340 0.283508 0.008398 0.004990
0 0.242526 0.283508 0.008398 0.004990
0 0.276117 0.283508 0.008398 0.004990
0 0.338596 0.276616 0.008398 0.004990
0 0.423917 0.278755 0.008734 0.004990
0 0.623446 0.278755 0.008398 0.004990
0 0.697346 0.278755 0.008398 0.004990
0 0.790057 0.278755 0.008398 0.004990
0 0.822304 0.271863 0.008398 0.004990
0 0.854887 0.271863 0.008398 0.004990
0 0.887471 0.271863 0.008398 0.004990
0 0.920054 0.271863 0.008398 0.004990
0 0.135035 0.479325 0.008734 0.004990
0 0.316762 0.479325 0.008398 0.004990
0 0.391669 0.479325 0.008398 0.004990
0 0.494793 0.481702 0.008398 0.004990
0 0.531072 0.481702 0.008398 0.004990
0 0.597917 0.483840 0.008398 0.004990
0 0.677528 0.486217 0.008734 0.004990
0 0.885791 0.483840 0.008398 0.004990
0 0.136379 0.683460 0.008398 0.004990
0 0.193147 0.685599 0.008398 0.004990
0 0.223715 0.687975 0.008398 0.004990
0 0.261337 0.687975 0.008398 0.004990
0 0.322136 0.690352 0.008398 0.004990
0 0.368492 0.692490 0.008734 0.004990
