0 0.235472 0.340542 0.009070 0.005466
0 0.235472 0.335551 0.009070 0.005466
0 0.263352 0.340542 0.009070 0.005466
0 0.263352 0.335551 0.009070 0.005466
0 0.291233 0.340542 0.009070 0.005466
0 0.291233 0.335551 0.009070 0.005466
0 0.319113 0.340542 0.009070 0.005466
0 0.319113 0.335551 0.009070 0.005466
0 0.346994 0.340542 0.009070 0.005466
0 0.346994 0.335551 0.009070 0.005466
0 0.374874 0.340542 0.009070 0.005466
0 0.374874 0.335551 0.009070 0.005466
0 0.402754 0.340542 0.009070 0.005466
0 0.402754 0.335551 0.009070 0.005466
0 0.430635 0.340542 0.009070 0.005466
0 0.430635 0.335551 0.009070 0.005466
0 0.458515 0.340542 0.009070 0.005466
0 0.458515 0.335551 0.009070 0.005466
0 0.486396 0.340542 0.009070 0.005466
0 0.486396 0.335551 0.009070 0.005466
0 0.514276 0.340542 0.009070 0.005466
0 0.514276 0.335551 0.009070 0.005466
0 0.542157 0.340542 0.009070 0.005466
0 0.542157 0.335551 0.009070 0.005466
0 0.582466 0.348146 0.009070 0.005466
0 0.582466 0.340542 0.009070 0.005466
0 0.590863 0.337928 0.009070 0.005466
0 0.613369 0.348146 0.009070 0.005466
0 0.613369 0.340542 0.009070 0.005466
0 0.621767 0.337928 0.009070 0.005466
0 0.643937 0.348146 0.009070 0.005466
0 0.643937 0.340542 0.009070 0.005466
0 0.652335 0.337928 0.009070 0.005466
0 0.674840 0.348146 0.009070 0.005466
0 0.674840 0.340542 0.009070 0.005466
0 0.683238 0.337928 0.009070 0.005466
0 0.706752 0.343156 0.009070 0.005466
0 0.706752 0.337928 0.009070 0.005466
0 0.706752 0.330323 0.009070 0.005466
0 0.737319 0.343156 0.009070 0.005466
0 0.737319 0.337928 0.009070 0.005466
0 0.737319 0.330323 0.009070 0.005466
0 0.768223 0.343156 0.009070 0.005466
0 0.768223 0.337928 0.009070 0.005466
0 0.768223 0.330323 0.009070 0.005466
0 0.799127 0.343156 0.009070 0.005466
0 0.799127 0.337928 0.009070 0.005466
0 0.799127 0.330323 0.009070 0.005466
0 0.829694 0.337928 0.009070 0.005466
0 0.829694 0.332937 0.009070 0.005466
0 0.860598 0.337928 0.009070 0.005466
0 0.860598 0.332937 0.009070 0.005466
0 0.891502 0.337928 0.009070 0.005466
0 0.891502 0.332937 0.009070 0.005466
0 0.924756 0.337928 0.009070 0.005466
0 0.924756 0.332937 0.009070 0.005466
0 0.111186 0.600523 0.009070 0.005466
0 0.111186 0.592918 0.009070 0.005466
0 0.119583 0.590304 0.009070 0.005466
0 0.134028 0.600523 0.009070 0.005466
0 0.134028 0.592918 0.009070 0.005466
0 0.142425 0.590304 0.009070 0.005466
0 0.156869 0.600523 0.009070 0.005466
0 0.156869 0.592918 0.009070 0.005466
0 0.165267 0.590304 0.009070 0.005466
0 0.179375 0.600523 0.009070 0.005466
0 0.179375 0.592918 0.009070 0.005466
0 0.188109 0.590304 0.009070 0.005466
0 0.202217 0.595295 0.009070 0.005466
0 0.202217 0.590304 0.009070 0.005466
0 0.202217 0.582700 0.009070 0.005466
0 0.225059 0.595295 0.009070 0.005466
0 0.225059 0.590304 0.009070 0.005466
0 0.225059 0.582700 0.009070 0.005466
0 0.247565 0.595295 0.009070 0.005466
0 0.247565 0.590304 0.009070 0.005466
0 0.247565 0.582700 0.009070 0.005466
0 0.270406 0.595295 0.009070 0.005466
0 0.270406 0.590304 0.009070 0.005466
0 0.270406 0.582700 0.009070 0.005466
0 0.293248 0.592918 0.009070 0.005466
0 0.293248 0.587690 0.009070 0.005466
0 0.293248 0.580323 0.009070 0.005466
0 0.316090 0.592918 0.009070 0.005466
0 0.316090 0.587690 0.009070 0.005466
0 0.316090 0.580323 0.009070 0.005466
0 0.338596 0.592918 0.009070 0.005466
0 0.338596 0.587690 0.009070 0.005466
0 0.338596 0.580323 0.009070 0.005466
0 0.361438 0.592918 0.009070 0.005466
0 0.361438 0.587690 0.009070 0.005466
0 0.361438 0.580323 0.009070 0.005466
0 0.396708 0.595295 0.009070 0.005466
0 0.396708 0.585314 0.009070 0.005466
0 0.396708 0.580323 0.009070 0.005466
0 0.419214 0.595295 0.009070 0.005466
0 0.419214 0.585314 0.009070 0.005466
0 0.419214 0.580323 0.009070 0.005466
0 0.441720 0.595295 0.009070 0.005466
0 0.441720 0.585314 0.009070 0.005466
0 0.441720 0.580323 0.009070 0.005466
0 0.464226 0.595295 0.009070 0.005466
0 0.464226 0.585314 0.009070 0.005466
0 0.464226 0.580323 0.009070 0.005466
0 0.486396 0.587690 0.009070 0.005466
0 0.486396 0.582700 0.009070 0.005466
0 0.508902 0.587690 0.009070 0.005466
0 0.508902 0.582700 0.009070 0.005466
0 0.531407 0.587690 0.009070 0.005466
0 0.531407 0.582700 0.009070 0.005466
0 0.553913 0.587690 0.009070 0.005466
0 0.553913 0.582700 0.009070 0.005466
0 0.576083 0.592918 0.009070 0.005466
0 0.576083 0.587690 0.009070 0.005466
0 0.576083 0.580323 0.009070 0.005466
0 0.598589 0.592918 0.009070 0.005466
0 0.598589 0.587690 0.009070 0.005466
0 0.598589 0.580323 0.009070 0.005466
0 0.621095 0.592918 0.009070 0.005466
0 0.621095 0.587690 0.009070 0.005466
0 0.621095 0.580323 0.009070 0.005466
0 0.643601 0.592918 0.009070 0.005466
0 0.643601 0.587690 0.009070 0.005466
0 0.643601 0.580323 0.009070 0.005466
0 0.679207 0.595295 0.009070 0.005466
0 0.679207 0.585314 0.009070 0.005466
0 0.679207 0.580323 0.009070 0.005466
0 0.702049 0.595295 0.009070 0.005466
0 0.702049 0.585314 0.009070 0.005466
0 0.702049 0.580323 0.009070 0.005466
0 0.725227 0.595295 0.009070 0.005466
0 0.725227 0.585314 0.009070 0.005466
0 0.725227 0.580323 0.009070 0.005466
0 0.748069 0.595295 0.009070 0.005466
0 0.748069 0.585314 0.009070 0.005466
0 0.748069 0.580323 0.009070 0.005466
0 0.771246 0.587690 0.009070 0.005466
0 0.771246 0.582700 0.009070 0.005466
0 0.794424 0.587690 0.009070 0.005466
0 0.794424 0.582700 0.009070 0.005466
0 0.817266 0.587690 0.009070 0.005466
0 0.817266 0.582700 0.009070 0.005466
0 0.840443 0.587690 0.009070 0.005466
0 0.840443 0.582700 0.009070 0.005466
0 0.863285 0.587690 0.009070 0.005466
0 0.863285 0.582700 0.009070 0.005466
0 0.886463 0.587690 0.009070 0.005466
0 0.886463 0.582700 0.009070 0.005466
0 0.909305 0.587690 0.009070 0.005466
0 0.909305 0.582700 0.009070 0.005466
0 0.932482 0.587690 0.009070 0.005466
0 0.932482 0.582700 0.009070 0.005466
0 0.118240 0.864544 0.009070 0.005466
0 0.118240 0.846721 0.009070 0.005466
0 0.164931 0.859316 0.009070 0.005466
0 0.164931 0.841730 0.009070 0.005466
0 0.211958 0.851711 0.009070 0.005466
0 0.211958 0.834125 0.009070 0.005466
0 0.258650 0.869534 0.009070 0.005466
0 0.258650 0.851711 0.009070 0.005466
0 0.305677 0.866920 0.009070 0.005466
0 0.305677 0.849335 0.009070 0.005466
0 0.352368 0.864544 0.009070 0.005466
0 0.352368 0.846721 0.009070 0.005466
0 0.422909 0.859316 0.009070 0.005466
0 0.422909 0.841730 0.009070 0.005466
0 0.466913 0.856939 0.009070 0.005466
0 0.466913 0.839116 0.009070 0.005466
0 0.510917 0.849335 0.009070 0.005466
0 0.510917 0.831511 0.009070 0.005466
0 0.554921 0.866920 0.009070 0.005466
0 0.554921 0.849335 0.009070 0.005466
0 0.611018 0.864544 0.009070 0.005466
0 0.611018 0.846721 0.009070 0.005466
0 0.655022 0.861930 0.009070 0.005466
0 0.655022 0.844106 0.009070 0.005466
0 0.714478 0.859316 0.009070 0.005466
0 0.714478 0.841730 0.009070 0.005466
0 0.754787 0.861930 0.009070 0.005466
0 0.754787 0.844106 0.009070 0.005466
0 0.794760 0.864544 0.009070 0.005466
0 0.794760 0.846721 0.009070 0.005466
0 0.835069 0.866920 0.009070 0.005466
0 0.835069 0.849335 0.009070 0.005466
0 0.875042 0.869534 0.009070 0.005466
0 0.875042 0.851711 0.009070 0.005466
0 0.915351 0.871911 0.009070 0.005466
0 0.915351 0.854325 0.009070 0.005466
0 0.235472 0.300380 0.009070 0.005466
0 0.235472 0.292776 0.009070 0.005466
0 0.235472 0.287785 0.009070 0.005466
0 0.263352 0.300380 0.009070 0.005466
0 0.263352 0.292776 0.009070 0.005466
0 0.263352 0.287785 0.009070 0.005466
0 0.291233 0.300380 0.009070 0.005466
0 0.291233 0.292776 0.009070 0.005466
0 0.291233 0.287785 0.009070 0.005466
0 0.319113 0.300380 0.009070 0.005466
0 0.319113 0.292776 0.009070 0.005466
0 0.319113 0.287785 0.009070 0.005466
0 0.346994 0.300380 0.009070 0.005466
0 0.346994 0.292776 0.009070 0.005466
0 0.346994 0.287785 0.009070 0.005466
0 0.374874 0.300380 0.009070 0.005466
0 0.374874 0.292776 0.009070 0.005466
0 0.374874 0.287785 0.009070 0.005466
0 0.402754 0.300380 0.009070 0.005466
0 0.402754 0.292776 0.009070 0.005466
0 0.402754 0.287785 0.009070 0.005466
0 0.430635 0.300380 0.009070 0.005466
0 0.430635 0.292776 0.009070 0.005466
0 0.430635 0.287785 0.009070 0.005466
0 0.458515 0.300380 0.009070 0.005466
0 0.458515 0.292776 0.009070 0.005466
0 0.458515 0.287785 0.009070 0.005466
0 0.486396 0.300380 0.009070 0.005466
0 0.486396 0.292776 0.009070 0.005466
0 0.486396 0.287785 0.009070 0.005466
0 0.514276 0.300380 0.009070 0.005466
0 0.514276 0.292776 0.009070 0.005466
0 0.514276 0.287785 0.009070 0.005466
0 0.542157 0.300380 0.009070 0.005466
0 0.542157 0.292776 0.009070 0.005466
0 0.542157 0.287785 0.009070 0.005466
0 0.582466 0.300380 0.009070 0.005466
0 0.582466 0.292776 0.009070 0.005466
0 0.590863 0.290162 0.009070 0.005466
0 0.613369 0.300380 0.009070 0.005466
0 0.613369 0.292776 0.009070 0.005466
0 0.621767 0.290162 0.009070 0.005466
0 0.643937 0.300380 0.009070 0.005466
0 0.643937 0.292776 0.009070 0.005466
0 0.652335 0.290162 0.009070 0.005466
0 0.674840 0.300380 0.009070 0.005466
0 0.674840 0.292776 0.009070 0.005466
0 0.683238 0.290162 0.009070 0.005466
0 0.706752 0.295390 0.009070 0.005466
0 0.706752 0.290162 0.009070 0.005466
0 0.706752 0.282795 0.009070 0.005466
0 0.737319 0.295390 0.009070 0.005466
0 0.737319 0.290162 0.009070 0.005466
0 0.737319 0.282795 0.009070 0.005466
0 0.768223 0.295390 0.009070 0.005466
0 0.768223 0.290162 0.009070 0.005466
0 0.768223 0.282795 0.009070 0.005466
0 0.799127 0.295390 0.009070 0.005466
0 0.799127 0.290162 0.009070 0.005466
0 0.799127 0.282795 0.009070 0.005466
0 0.829694 0.297766 0.009070 0.005466
0 0.829694 0.290162 0.009070 0.005466
0 0.829694 0.285171 0.009070 0.005466
0 0.860598 0.297766 0.009070 0.005466
0 0.860598 0.290162 0.009070 0.005466
0 0.860598 0.285171 0.009070 0.005466
0 0.891502 0.297766 0.009070 0.005466
0 0.891502 0.290162 0.009070 0.005466
0 0.891502 0.285171 0.009070 0.005466
0 0.924756 0.297766 0.009070 0.005466
0 0.924756 0.290162 0.009070 0.005466
0 0.924756 0.285171 0.009070 0.005466
0 0.111186 0.551331 0.009070 0.005466
0 0.111186 0.543726 0.009070 0.005466
0 0.119583 0.541350 0.009070 0.005466
0 0.134028 0.551331 0.009070 0.005466
0 0.134028 0.543726 0.009070 0.005466
0 0.142425 0.541350 0.009070 0.005466
0 0.156869 0.551331 0.009070 0.005466
0 0.156869 0.543726 0.009070 0.005466
0 0.165267 0.541350 0.009070 0.005466
0 0.179375 0.551331 0.009070 0.005466
0 0.179375 0.543726 0.009070 0.005466
0 0.188109 0.541350 0.009070 0.005466
0 0.202217 0.546340 0.009070 0.005466
0 0.202217 0.541350 0.009070 0.005466
0 0.202217 0.533745 0.009070 0.005466
0 0.225059 0.546340 0.009070 0.005466
0 0.225059 0.541350 0.009070 0.005466
0 0.225059 0.533745 0.009070 0.005466
0 0.247565 0.546340 0.009070 0.005466
0 0.247565 0.541350 0.009070 0.005466
0 0.247565 0.533745 0.009070 0.005466
0 0.270406 0.546340 0.009070 0.005466
0 0.270406 0.541350 0.009070 0.005466
0 0.270406 0.533745 0.009070 0.005466
0 0.293248 0.543726 0.009070 0.005466
0 0.293248 0.538736 0.009070 0.005466
0 0.293248 0.531131 0.009070 0.005466
0 0.316090 0.543726 0.009070 0.005466
0 0.316090 0.538736 0.009070 0.005466
0 0.316090 0.531131 0.009070 0.005466
0 0.338596 0.543726 0.009070 0.005466
0 0.338596 0.538736 0.009070 0.005466
0 0.338596 0.531131 0.009070 0.005466
0 0.361438 0.543726 0.009070 0.005466
0 0.361438 0.538736 0.009070 0.005466
0 0.361438 0.531131 0.009070 0.005466
0 0.396708 0.541350 0.009070 0.005466
0 0.396708 0.531131 0.009070 0.005466
0 0.405442 0.528755 0.009070 0.005466
0 0.419214 0.541350 0.009070 0.005466
0 0.419214 0.531131 0.009070 0.005466
0 0.427612 0.528755 0.009070 0.005466
0 0.441720 0.541350 0.009070 0.005466
0 0.441720 0.531131 0.009070 0.005466
0 0.450118 0.528755 0.009070 0.005466
0 0.464226 0.541350 0.009070 0.005466
0 0.464226 0.531131 0.009070 0.005466
0 0.472623 0.528755 0.009070 0.005466
0 0.486396 0.546340 0.009070 0.005466
0 0.486396 0.538736 0.009070 0.005466
0 0.486396 0.533745 0.009070 0.005466
0 0.508902 0.546340 0.009070 0.005466
0 0.508902 0.538736 0.009070 0.005466
0 0.508902 0.533745 0.009070 0.005466
0 0.531407 0.546340 0.009070 0.005466
0 0.531407 0.538736 0.009070 0.005466
0 0.531407 0.533745 0.009070 0.005466
0 0.553913 0.546340 0.009070 0.005466
0 0.553913 0.538736 0.009070 0.005466
0 0.553913 0.533745 0.009070 0.005466
0 0.576083 0.543726 0.009070 0.005466
0 0.576083 0.538736 0.009070 0.005466
0 0.576083 0.531131 0.009070 0.005466
0 0.598589 0.543726 0.009070 0.005466
0 0.598589 0.538736 0.009070 0.005466
0 0.598589 0.531131 0.009070 0.005466
0 0.621095 0.543726 0.009070 0.005466
0 0.621095 0.538736 0.009070 0.005466
0 0.621095 0.531131 0.009070 0.005466
0 0.643601 0.543726 0.009070 0.005466
0 0.643601 0.538736 0.009070 0.005466
0 0.643601 0.531131 0.009070 0.005466
0 0.679207 0.541350 0.009070 0.005466
0 0.679207 0.531131 0.009070 0.005466
0 0.687605 0.528755 0.009070 0.005466
0 0.702049 0.541350 0.009070 0.005466
0 0.702049 0.531131 0.009070 0.005466
0 0.710447 0.528755 0.009070 0.005466
0 0.725227 0.541350 0.009070 0.005466
0 0.725227 0.531131 0.009070 0.005466
0 0.733624 0.528755 0.009070 0.005466
0 0.748069 0.541350 0.009070 0.005466
0 0.748069 0.531131 0.009070 0.005466
0 0.756802 0.528755 0.009070 0.005466
0 0.771246 0.546340 0.009070 0.005466
0 0.771246 0.538736 0.009070 0.005466
0 0.771246 0.533745 0.009070 0.005466
0 0.794424 0.546340 0.009070 0.005466
0 0.794424 0.538736 0.009070 0.005466
0 0.794424 0.533745 0.009070 0.005466
0 0.817266 0.546340 0.009070 0.005466
0 0.817266 0.538736 0.009070 0.005466
0 0.817266 0.533745 0.009070 0.005466
0 0.840443 0.546340 0.009070 0.005466
0 0.840443 0.538736 0.009070 0.005466
0 0.840443 0.533745 0.009070 0.005466
0 0.863285 0.546340 0.009070 0.005466
0 0.863285 0.538736 0.009070 0.005466
0 0.863285 0.533745 0.009070 0.005466
0 0.886463 0.546340 0.009070 0.005466
0 0.886463 0.538736 0.009070 0.005466
0 0.886463 0.533745 0.009070 0.005466
0 0.909305 0.546340 0.009070 0.005466
0 0.909305 0.538736 0.009070 0.005466
0 0.909305 0.533745 0.009070 0.005466
0 0.932482 0.546340 0.009070 0.005466
0 0.932482 0.538736 0.009070 0.005466
0 0.932482 0.533745 0.009070 0.005466
0 0.118240 0.793726 0.009070 0.005466
0 0.118240 0.788736 0.009070 0.005466
0 0.118240 0.781131 0.009070 0.005466
0 0.141753 0.793726 0.009070 0.005466
0 0.141753 0.788736 0.009070 0.005466
0 0.141753 0.781131 0.009070 0.005466
0 0.164931 0.793726 0.009070 0.005466
0 0.164931 0.788736 0.009070 0.005466
0 0.164931 0.781131 0.009070 0.005466
0 0.188445 0.793726 0.009070 0.005466
0 0.188445 0.788736 0.009070 0.005466
0 0.188445 0.781131 0.009070 0.005466
0 0.211958 0.803707 0.009070 0.005466
0 0.211958 0.793726 0.009070 0.005466
0 0.220356 0.791112 0.009070 0.005466
0 0.235136 0.803707 0.009070 0.005466
0 0.235136 0.793726 0.009070 0.005466
0 0.243534 0.791112 0.009070 0.005466
0 0.258650 0.803707 0.009070 0.005466
0 0.258650 0.793726 0.009070 0.005466
0 0.267047 0.791112 0.009070 0.005466
0 0.281827 0.803707 0.009070 0.005466
0 0.281827 0.793726 0.009070 0.005466
0 0.290561 0.791112 0.009070 0.005466
0 0.305677 0.801331 0.009070 0.005466
0 0.305677 0.793726 0.009070 0.005466
0 0.314075 0.791112 0.009070 0.005466
0 0.328855 0.801331 0.009070 0.005466
0 0.328855 0.793726 0.009070 0.005466
0 0.337252 0.791112 0.009070 0.005466
0 0.352368 0.798717 0.009070 0.005466
0 0.352368 0.793726 0.009070 0.005466
0 0.360766 0.791112 0.009070 0.005466
0 0.375546 0.798717 0.009070 0.005466
0 0.375546 0.793726 0.009070 0.005466
0 0.384279 0.791112 0.009070 0.005466
0 0.422909 0.796103 0.009070 0.005466
0 0.422909 0.791112 0.009070 0.005466
0 0.445079 0.796103 0.009070 0.005466
0 0.445079 0.791112 0.009070 0.005466
0 0.466913 0.798717 0.009070 0.005466
0 0.466913 0.791112 0.009070 0.005466
0 0.489083 0.798717 0.009070 0.005466
0 0.489083 0.791112 0.009070 0.005466
0 0.510917 0.801331 0.009070 0.005466
0 0.510917 0.791112 0.009070 0.005466
0 0.519651 0.788736 0.009070 0.005466
0 0.533087 0.801331 0.009070 0.005466
0 0.533087 0.791112 0.009070 0.005466
0 0.541485 0.788736 0.009070 0.005466
0 0.554921 0.801331 0.009070 0.005466
0 0.554921 0.791112 0.009070 0.005466
0 0.563655 0.788736 0.009070 0.005466
0 0.577091 0.801331 0.009070 0.005466
0 0.577091 0.791112 0.009070 0.005466
0 0.585489 0.788736 0.009070 0.005466
0 0.611018 0.798717 0.009070 0.005466
0 0.611018 0.791112 0.009070 0.005466
0 0.619416 0.788736 0.009070 0.005466
0 0.633188 0.798717 0.009070 0.005466
0 0.633188 0.791112 0.009070 0.005466
0 0.641585 0.788736 0.009070 0.005466
0 0.655022 0.796103 0.009070 0.005466
0 0.655022 0.791112 0.009070 0.005466
0 0.663420 0.788736 0.009070 0.005466
0 0.677192 0.796103 0.009070 0.005466
0 0.677192 0.791112 0.009070 0.005466
0 0.685590 0.788736 0.009070 0.005466
0 0.714478 0.793726 0.009070 0.005466
0 0.714478 0.788736 0.009070 0.005466
0 0.734632 0.793726 0.009070 0.005466
0 0.734632 0.788736 0.009070 0.005466
0 0.754787 0.796103 0.009070 0.005466
0 0.763184 0.793726 0.009070 0.005466
0 0.754787 0.788736 0.009070 0.005466
0 0.774605 0.796103 0.009070 0.005466
0 0.783339 0.793726 0.009070 0.005466
0 0.774605 0.788736 0.009070 0.005466
0 0.794760 0.798717 0.009070 0.005466
0 0.794760 0.793726 0.009070 0.005466
0 0.794760 0.788736 0.009070 0.005466
0 0.814914 0.798717 0.009070 0.005466
0 0.814914 0.793726 0.009070 0.005466
0 0.814914 0.788736 0.009070 0.005466
0 0.835069 0.801331 0.009070 0.005466
0 0.835069 0.793726 0.009070 0.005466
0 0.835069 0.788736 0.009070 0.005466
0 0.855223 0.801331 0.009070 0.005466
0 0.855223 0.793726 0.009070 0.005466
0 0.855223 0.788736 0.009070 0.005466
0 0.875042 0.803707 0.009070 0.005466
0 0.875042 0.793726 0.009070 0.005466
0 0.875042 0.786122 0.009070 0.005466
0 0.895197 0.803707 0.009070 0.005466
0 0.895197 0.793726 0.009070 0.005466
0 0.895197 0.786122 0.009070 0.005466
0 0.915351 0.803707 0.009070 0.005466
0 0.915351 0.798717 0.009070 0.005466
0 0.915351 0.791112 0.009070 0.005466
0 0.935506 0.803707 0.009070 0.005466
0 0.935506 0.798717 0.009070 0.005466
0 0.935506 0.791112 0.009070 0.005466
0 0.458515 0.209363 0.009070 0.005466
0 0.514276 0.209363 0.009070 0.005466
0 0.542157 0.209363 0.009070 0.005466
0 0.582466 0.211977 0.009070 0.005466
0 0.706752 0.204373 0.009070 0.005466
0 0.829694 0.206749 0.009070 0.005466
0 0.891502 0.206749 0.009070 0.005466
0 0.924756 0.206749 0.009070 0.005466
0 0.111186 0.444154 0.009070 0.005466
0 0.202217 0.436549 0.009070 0.005466
0 0.247565 0.436549 0.009070 0.005466
0 0.293248 0.433935 0.009070 0.005466
0 0.338596 0.433935 0.009070 0.005466
0 0.396708 0.431559 0.009070 0.005466
0 0.486396 0.436549 0.009070 0.005466
0 0.531407 0.436549 0.009070 0.005466
0 0.576083 0.433935 0.009070 0.005466
0 0.621095 0.433935 0.009070 0.005466
0 0.679207 0.431559 0.009070 0.005466
0 0.771246 0.436549 0.009070 0.005466
0 0.863285 0.441540 0.009070 0.005466
0 0.118240 0.683698 0.009070 0.005466
0 0.164931 0.688926 0.009070 0.005466
0 0.211958 0.693916 0.009070 0.005466
0 0.281827 0.693916 0.009070 0.005466
0 0.305677 0.693916 0.009070 0.005466
0 0.352368 0.693916 0.009070 0.005466
0 0.422909 0.681321 0.009070 0.005466
0 0.510917 0.691302 0.009070 0.005466
0 0.577091 0.691302 0.009070 0.005466
0 0.611018 0.691302 0.009070 0.005466
0 0.655022 0.691302 0.009070 0.005466
0 0.714478 0.678707 0.009070 0.005466
0 0.754787 0.681321 0.009070 0.005466
0 0.794760 0.683698 0.009070 0.005466
0 0.835069 0.686312 0.009070 0.005466
0 0.875042 0.688926 0.009070 0.005466
0 0.915351 0.683698 0.009070 0.005466
