0 0.382600 0.277804 0.010077 0.005703
0 0.465905 0.285884 0.009741 0.005703
0 0.526033 0.296340 0.010077 0.005703
0 0.663420 0.277804 0.010077 0.005703
0 0.753779 0.285884 0.009741 0.005703
0 0.825328 0.296340 0.010077 0.005703
0 0.149143 0.500713 0.010077 0.005703
0 0.302654 0.492633 0.010077 0.005703
0 0.470944 0.500713 0.009741 0.005703
0 0.515956 0.500713 0.009741 0.005703
0 0.560967 0.500713 0.009741 0.005703
0 0.626470 0.511169 0.010077 0.005703
0 0.774269 0.500713 0.009741 0.005703
0 0.813235 0.500713 0.009741 0.005703
0 0.851864 0.500713 0.009741 0.005703
0 0.904266 0.511169 0.010077 0.005703
0 0.288881 0.235741 0.009741 0.005703
0 0.288881 0.230513 0.009741 0.005703
0 0.324152 0.233127 0.009741 0.005703
0 0.324152 0.227899 0.009741 0.005703
0 0.382600 0.230513 0.009741 0.005703
0 0.382600 0.225285 0.009741 0.005703
0 0.403426 0.243584 0.009741 0.005703
0 0.424253 0.230513 0.009741 0.005703
0 0.424253 0.225285 0.009741 0.005703
0 0.445079 0.243584 0.009741 0.005703
0 0.465905 0.233127 0.009741 0.005703
0 0.465905 0.227899 0.009741 0.005703
0 0.487068 0.243584 0.009741 0.005703
0 0.526033 0.235741 0.009741 0.005703
0 0.526033 0.230513 0.009741 0.005703
0 0.545516 0.243584 0.009741 0.005703
0 0.565334 0.235741 0.009741 0.005703
0 0.565334 0.230513 0.009741 0.005703
0 0.585153 0.243584 0.009741 0.005703
0 0.604636 0.235741 0.009741 0.005703
0 0.604636 0.230513 0.009741 0.005703
0 0.625798 0.233127 0.009741 0.005703
0 0.625798 0.227899 0.009741 0.005703
0 0.663084 0.230513 0.009741 0.005703
0 0.663084 0.225285 0.009741 0.005703
0 0.684918 0.243584 0.009741 0.005703
0 0.706752 0.230513 0.009741 0.005703
0 0.706752 0.225285 0.009741 0.005703
0 0.728250 0.243584 0.009741 0.005703
0 0.753779 0.233127 0.009741 0.005703
0 0.753779 0.227899 0.009741 0.005703
0 0.782331 0.243584 0.009741 0.005703
0 0.825328 0.235741 0.009741 0.005703
0 0.825328 0.230513 0.009741 0.005703
0 0.845146 0.243584 0.009741 0.005703
0 0.864629 0.235741 0.009741 0.005703
0 0.864629 0.230513 0.009741 0.005703
0 0.884447 0.243584 0.009741 0.005703
0 0.904266 0.238356 0.009741 0.005703
0 0.904266 0.233127 0.009741 0.005703
0 0.931475 0.235741 0.009741 0.005703
0 0.931475 0.230513 0.009741 0.005703
0 0.148808 0.447956 0.009741 0.005703
0 0.148808 0.442728 0.009741 0.005703
0 0.172657 0.458413 0.009741 0.005703
0 0.196507 0.453184 0.009741 0.005703
0 0.196507 0.447956 0.009741 0.005703
0 0.220356 0.458413 0.009741 0.005703
0 0.244206 0.450570 0.009741 0.005703
0 0.244206 0.445342 0.009741 0.005703
0 0.268055 0.447956 0.009741 0.005703
0 0.268055 0.442728 0.009741 0.005703
0 0.302654 0.445342 0.009741 0.005703
0 0.302654 0.440114 0.009741 0.005703
0 0.326839 0.458413 0.009741 0.005703
0 0.351025 0.445342 0.009741 0.005703
0 0.351025 0.440114 0.009741 0.005703
0 0.375210 0.458413 0.009741 0.005703
0 0.399059 0.445342 0.009741 0.005703
0 0.399059 0.440114 0.009741 0.005703
0 0.428955 0.447956 0.009741 0.005703
0 0.428955 0.442728 0.009741 0.005703
0 0.470944 0.450570 0.009741 0.005703
0 0.470944 0.445342 0.009741 0.005703
0 0.493450 0.458413 0.009741 0.005703
0 0.515956 0.450570 0.009741 0.005703
0 0.515956 0.445342 0.009741 0.005703
0 0.538462 0.458413 0.009741 0.005703
0 0.560967 0.453184 0.009741 0.005703
0 0.560967 0.447956 0.009741 0.005703
0 0.583473 0.458413 0.009741 0.005703
0 0.626470 0.463878 0.009741 0.005703
0 0.626470 0.450570 0.009741 0.005703
0 0.647296 0.458413 0.009741 0.005703
0 0.668458 0.463878 0.009741 0.005703
0 0.668458 0.450570 0.009741 0.005703
0 0.689285 0.458413 0.009741 0.005703
0 0.689285 0.447956 0.009741 0.005703
0 0.710447 0.450570 0.009741 0.005703
0 0.710447 0.445342 0.009741 0.005703
0 0.731273 0.447956 0.009741 0.005703
0 0.731273 0.442728 0.009741 0.005703
0 0.774269 0.445342 0.009741 0.005703
0 0.774269 0.440114 0.009741 0.005703
0 0.793752 0.458413 0.009741 0.005703
0 0.813235 0.450570 0.009741 0.005703
0 0.813235 0.445342 0.009741 0.005703
0 0.832718 0.458413 0.009741 0.005703
0 0.851864 0.453184 0.009741 0.005703
0 0.851864 0.447956 0.009741 0.005703
0 0.871347 0.461027 0.009741 0.005703
0 0.904266 0.463878 0.010077 0.005703
0 0.904266 0.450570 0.010077 0.005703
0 0.288881 0.172529 0.009741 0.005703
0 0.324152 0.169914 0.009741 0.005703
0 0.382600 0.167300 0.009741 0.005703
0 0.445079 0.172529 0.009741 0.005703
0 0.465905 0.169914 0.009741 0.005703
0 0.487068 0.175143 0.009741 0.005703
0 0.526033 0.172529 0.009741 0.005703
0 0.565334 0.177757 0.009741 0.005703
0 0.604636 0.172529 0.009741 0.005703
0 0.625798 0.169914 0.009741 0.005703
0 0.663084 0.167300 0.009741 0.005703
0 0.728250 0.172529 0.009741 0.005703
0 0.753779 0.169914 0.009741 0.005703
0 0.782331 0.175143 0.009741 0.005703
0 0.825328 0.172529 0.010077 0.005703
0 0.904266 0.175143 0.009741 0.005703
0 0.931475 0.172529 0.009741 0.005703
0 0.148808 0.383317 0.009741 0.005703
0 0.196507 0.388546 0.009741 0.005703
0 0.244206 0.385932 0.009741 0.005703
0 0.268055 0.383317 0.009741 0.005703
0 0.302654 0.380703 0.009741 0.005703
0 0.351025 0.372624 0.009741 0.005703
0 0.375210 0.380703 0.009741 0.005703
0 0.399059 0.380703 0.009741 0.005703
0 0.428955 0.383317 0.009741 0.005703
0 0.470944 0.385932 0.009741 0.005703
0 0.538462 0.380703 0.009741 0.005703
0 0.560967 0.383317 0.009741 0.005703
0 0.583473 0.388546 0.009741 0.005703
0 0.626470 0.391160 0.010077 0.005703
0 0.710447 0.385932 0.009741 0.005703
0 0.731273 0.383317 0.009741 0.005703
