0 0.283507 0.885219 0.009741 0.005703
0 0.283507 0.879990 0.009741 0.005703
0 0.302990 0.885219 0.009741 0.005703
0 0.302990 0.879990 0.009741 0.005703
0 0.322472 0.885219 0.009741 0.005703
0 0.322472 0.879990 0.009741 0.005703
0 0.341955 0.885219 0.009741 0.005703
0 0.341955 0.879990 0.009741 0.005703
0 0.361774 0.885219 0.009741 0.005703
0 0.361774 0.879990 0.009741 0.005703
0 0.381256 0.885219 0.009741 0.005703
0 0.381256 0.879990 0.009741 0.005703
0 0.838764 0.900903 0.010077 0.005703
0 0.838764 0.890447 0.010077 0.005703
0 0.901243 0.900903 0.010077 0.005703
0 0.901243 0.890447 0.010077 0.005703
0 0.141082 0.203897 0.009741 0.005703
0 0.141082 0.198669 0.009741 0.005703
0 0.161908 0.203897 0.009741 0.005703
0 0.161908 0.198669 0.009741 0.005703
0 0.182734 0.203897 0.009741 0.005703
0 0.182734 0.198669 0.009741 0.005703
0 0.203561 0.201283 0.009741 0.005703
0 0.203561 0.196055 0.009741 0.005703
0 0.234800 0.211740 0.009741 0.005703
0 0.234800 0.198669 0.009741 0.005703
0 0.263688 0.211740 0.009741 0.005703
0 0.263688 0.198669 0.009741 0.005703
0 0.305677 0.209125 0.009741 0.005703
0 0.305677 0.198669 0.009741 0.005703
0 0.326167 0.209125 0.009741 0.005703
0 0.326167 0.198669 0.009741 0.005703
0 0.346658 0.209125 0.009741 0.005703
0 0.346658 0.198669 0.009741 0.005703
0 0.365805 0.209125 0.009741 0.005703
0 0.365805 0.198669 0.009741 0.005703
0 0.385287 0.209125 0.009741 0.005703
0 0.385287 0.198669 0.009741 0.005703
0 0.404434 0.209125 0.009741 0.005703
0 0.404434 0.198669 0.009741 0.005703
0 0.440376 0.209125 0.009741 0.005703
0 0.440376 0.203897 0.009741 0.005703
0 0.465905 0.209125 0.009741 0.005703
0 0.465905 0.203897 0.009741 0.005703
0 0.491434 0.209125 0.009741 0.005703
0 0.491434 0.203897 0.009741 0.005703
0 0.517299 0.209125 0.009741 0.005703
0 0.517299 0.203897 0.009741 0.005703
0 0.546523 0.209125 0.009741 0.005703
0 0.546523 0.201283 0.009741 0.005703
0 0.586496 0.209125 0.009741 0.005703
0 0.586496 0.203897 0.009741 0.005703
0 0.635539 0.211740 0.009741 0.005703
0 0.635539 0.206511 0.009741 0.005703
0 0.658381 0.211740 0.009741 0.005703
0 0.658381 0.206511 0.009741 0.005703
0 0.681223 0.211740 0.009741 0.005703
0 0.681223 0.206511 0.009741 0.005703
0 0.704064 0.211740 0.009741 0.005703
0 0.704064 0.206511 0.009741 0.005703
0 0.726906 0.211740 0.009741 0.005703
0 0.726906 0.206511 0.009741 0.005703
0 0.749748 0.211740 0.009741 0.005703
0 0.749748 0.206511 0.009741 0.005703
0 0.796103 0.209125 0.009741 0.005703
0 0.796103 0.203897 0.009741 0.005703
0 0.821968 0.209125 0.009741 0.005703
0 0.821968 0.203897 0.009741 0.005703
0 0.847497 0.209125 0.009741 0.005703
0 0.847497 0.203897 0.009741 0.005703
0 0.873027 0.209125 0.009741 0.005703
0 0.873027 0.203897 0.009741 0.005703
0 0.902586 0.209125 0.009741 0.005703
0 0.902586 0.203897 0.009741 0.005703
0 0.928787 0.209125 0.009741 0.005703
0 0.928787 0.203897 0.009741 0.005703
0 0.150151 0.418489 0.009741 0.005703
0 0.158885 0.415875 0.009741 0.005703
0 0.178367 0.418489 0.009741 0.005703
0 0.187101 0.415875 0.009741 0.005703
0 0.206248 0.418489 0.009741 0.005703
0 0.215317 0.415875 0.009741 0.005703
0 0.234464 0.418489 0.009741 0.005703
0 0.243198 0.415875 0.009741 0.005703
0 0.271414 0.418489 0.009741 0.005703
0 0.271414 0.413260 0.009741 0.005703
0 0.299295 0.418489 0.009741 0.005703
0 0.299295 0.413260 0.009741 0.005703
0 0.344978 0.428945 0.009741 0.005703
0 0.376554 0.410646 0.009741 0.005703
0 0.407793 0.410646 0.009741 0.005703
0 0.439368 0.410646 0.009741 0.005703
0 0.470608 0.410646 0.009741 0.005703
0 0.502855 0.410646 0.009741 0.005703
0 0.502855 0.405418 0.009741 0.005703
0 0.551562 0.413260 0.009741 0.005703
0 0.551562 0.402567 0.009741 0.005703
0 0.579778 0.413260 0.009741 0.005703
0 0.579778 0.402567 0.009741 0.005703
0 0.607659 0.413260 0.009741 0.005703
0 0.607659 0.402567 0.009741 0.005703
0 0.635875 0.413260 0.009741 0.005703
0 0.635875 0.402567 0.009741 0.005703
0 0.663755 0.413260 0.009741 0.005703
0 0.663755 0.402567 0.009741 0.005703
0 0.691972 0.410646 0.009741 0.005703
0 0.691972 0.405418 0.009741 0.005703
0 0.736984 0.410646 0.009741 0.005703
0 0.736984 0.405418 0.009741 0.005703
0 0.770910 0.410646 0.009741 0.005703
0 0.770910 0.405418 0.009741 0.005703
0 0.804501 0.410646 0.009741 0.005703
0 0.804501 0.405418 0.009741 0.005703
0 0.838428 0.410646 0.009741 0.005703
0 0.838428 0.405418 0.009741 0.005703
0 0.863285 0.410646 0.009741 0.005703
0 0.872019 0.408032 0.009741 0.005703
0 0.905946 0.410646 0.009741 0.005703
0 0.905946 0.405418 0.009741 0.005703
0 0.148136 0.624762 0.009741 0.005703
0 0.148136 0.616920 0.009741 0.005703
0 0.177696 0.624762 0.009741 0.005703
0 0.177696 0.616920 0.009741 0.005703
0 0.207256 0.624762 0.009741 0.005703
0 0.207256 0.616920 0.009741 0.005703
0 0.237151 0.624762 0.009741 0.005703
0 0.237151 0.616920 0.009741 0.005703
0 0.266711 0.624762 0.009741 0.005703
0 0.266711 0.616920 0.009741 0.005703
0 0.296271 0.624762 0.009741 0.005703
0 0.296271 0.616920 0.009741 0.005703
0 0.342291 0.627376 0.009741 0.005703
0 0.342291 0.622148 0.009741 0.005703
0 0.376218 0.627376 0.009741 0.005703
0 0.376218 0.622148 0.009741 0.005703
0 0.410480 0.627376 0.009741 0.005703
0 0.410480 0.622148 0.009741 0.005703
0 0.444407 0.627376 0.009741 0.005703
0 0.444407 0.622148 0.009741 0.005703
0 0.478670 0.624762 0.009741 0.005703
0 0.478670 0.619534 0.009741 0.005703
0 0.515620 0.624762 0.009741 0.005703
0 0.515620 0.619534 0.009741 0.005703
0 0.559624 0.635219 0.009741 0.005703
0 0.559624 0.622148 0.009741 0.005703
0 0.590527 0.635219 0.009741 0.005703
0 0.590527 0.622148 0.009741 0.005703
0 0.621431 0.632605 0.009741 0.005703
0 0.621431 0.622148 0.009741 0.005703
0 0.652335 0.632605 0.009741 0.005703
0 0.652335 0.622148 0.009741 0.005703
0 0.683238 0.632605 0.009741 0.005703
0 0.683238 0.622148 0.009741 0.005703
0 0.714142 0.632605 0.009741 0.005703
0 0.766208 0.643298 0.009741 0.005703
0 0.766208 0.632605 0.009741 0.005703
0 0.797783 0.643298 0.009741 0.005703
0 0.797783 0.632605 0.009741 0.005703
0 0.829358 0.643298 0.009741 0.005703
0 0.829358 0.632605 0.009741 0.005703
0 0.860934 0.648527 0.009741 0.005703
0 0.860934 0.632605 0.009741 0.005703
0 0.892509 0.640684 0.009741 0.005703
0 0.892509 0.635219 0.009741 0.005703
0 0.924085 0.640684 0.009741 0.005703
0 0.924085 0.635219 0.009741 0.005703
0 0.144105 0.900903 0.009741 0.005703
0 0.144105 0.882605 0.009741 0.005703
0 0.164931 0.882605 0.009741 0.005703
0 0.186093 0.882605 0.009741 0.005703
0 0.206920 0.882605 0.009741 0.005703
0 0.219012 0.882605 0.009741 0.005703
0 0.228082 0.879990 0.009741 0.005703
0 0.249580 0.882605 0.009741 0.005703
0 0.249580 0.877376 0.009741 0.005703
0 0.322472 0.871911 0.009741 0.005703
0 0.381256 0.871911 0.009741 0.005703
0 0.415855 0.887833 0.009741 0.005703
0 0.415855 0.874525 0.009741 0.005703
0 0.434666 0.887833 0.009741 0.005703
0 0.434666 0.874525 0.009741 0.005703
0 0.453477 0.887833 0.009741 0.005703
0 0.453477 0.874525 0.009741 0.005703
0 0.472623 0.887833 0.009741 0.005703
0 0.472623 0.874525 0.009741 0.005703
0 0.496137 0.885219 0.009741 0.005703
0 0.496137 0.871911 0.009741 0.005703
0 0.514948 0.885219 0.009741 0.005703
0 0.514948 0.871911 0.009741 0.005703
0 0.544172 0.882605 0.009741 0.005703
0 0.544172 0.871911 0.009741 0.005703
0 0.582801 0.879990 0.009741 0.005703
0 0.582801 0.871911 0.009741 0.005703
0 0.659725 0.879990 0.009741 0.005703
0 0.659725 0.871911 0.009741 0.005703
0 0.708767 0.877376 0.009741 0.005703
0 0.708767 0.871911 0.009741 0.005703
0 0.748404 0.893061 0.009741 0.005703
0 0.748404 0.879990 0.009741 0.005703
0 0.787034 0.890447 0.009741 0.005703
0 0.787034 0.874525 0.009741 0.005703
0 0.838764 0.874525 0.010077 0.005703
0 0.901243 0.877376 0.010077 0.005703
0 0.440376 0.167063 0.009741 0.005703
0 0.465905 0.167063 0.009741 0.005703
0 0.491434 0.167063 0.009741 0.005703
0 0.517299 0.167063 0.009741 0.005703
0 0.546523 0.167063 0.009741 0.005703
0 0.586496 0.167063 0.009741 0.005703
0 0.635539 0.167063 0.009741 0.005703
0 0.658381 0.167063 0.009741 0.005703
0 0.681223 0.167063 0.009741 0.005703
0 0.704064 0.167063 0.009741 0.005703
0 0.726906 0.167063 0.009741 0.005703
0 0.749748 0.167063 0.009741 0.005703
0 0.796103 0.167063 0.009741 0.005703
0 0.821968 0.167063 0.009741 0.005703
0 0.847497 0.167063 0.009741 0.005703
0 0.873027 0.167063 0.009741 0.005703
0 0.902586 0.167063 0.009741 0.005703
0 0.928787 0.167063 0.009741 0.005703
0 0.158885 0.376426 0.009741 0.005703
0 0.187101 0.376426 0.009741 0.005703
0 0.215317 0.376426 0.009741 0.005703
0 0.243198 0.376426 0.009741 0.005703
0 0.271414 0.373812 0.009741 0.005703
0 0.299295 0.373812 0.009741 0.005703
0 0.342291 0.585314 0.009741 0.005703
0 0.376218 0.585314 0.009741 0.005703
0 0.410480 0.585314 0.009741 0.005703
0 0.444407 0.585314 0.009741 0.005703
0 0.478670 0.585314 0.009741 0.005703
0 0.515620 0.585314 0.009741 0.005703
0 0.766208 0.590542 0.009741 0.005703
0 0.797783 0.590542 0.009741 0.005703
0 0.829358 0.590542 0.009741 0.005703
0 0.860934 0.590542 0.009741 0.005703
0 0.892509 0.595770 0.009741 0.005703
0 0.924085 0.595770 0.009741 0.005703
0 0.283507 0.840067 0.009741 0.005703
0 0.283507 0.831987 0.009741 0.005703
0 0.302990 0.840067 0.009741 0.005703
0 0.302990 0.831987 0.009741 0.005703
0 0.322472 0.831987 0.009741 0.005703
0 0.341955 0.831987 0.009741 0.005703
0 0.361774 0.831987 0.009741 0.005703
0 0.381256 0.831987 0.009741 0.005703
0 0.415855 0.834838 0.009741 0.005703
0 0.415855 0.826759 0.009741 0.005703
0 0.434666 0.834838 0.009741 0.005703
0 0.434666 0.826759 0.009741 0.005703
0 0.453477 0.834838 0.009741 0.005703
0 0.453477 0.826759 0.009741 0.005703
0 0.472623 0.834838 0.009741 0.005703
0 0.472623 0.826759 0.009741 0.005703
0 0.496137 0.831987 0.009741 0.005703
0 0.514948 0.831987 0.009741 0.005703
0 0.544172 0.829373 0.009741 0.005703
0 0.563319 0.811074 0.009741 0.005703
0 0.582801 0.826759 0.009741 0.005703
0 0.582801 0.818916 0.009741 0.005703
0 0.659725 0.826759 0.009741 0.005703
0 0.708767 0.834838 0.009741 0.005703
0 0.748404 0.834838 0.009741 0.005703
0 0.787034 0.837452 0.009741 0.005703
0 0.141082 0.161835 0.009741 0.005703
0 0.141082 0.151141 0.009741 0.005703
0 0.161908 0.161835 0.009741 0.005703
0 0.161908 0.151141 0.009741 0.005703
0 0.182734 0.161835 0.009741 0.005703
0 0.182734 0.151141 0.009741 0.005703
0 0.203561 0.161835 0.009741 0.005703
0 0.203561 0.148527 0.009741 0.005703
0 0.234800 0.159221 0.009741 0.005703
0 0.234800 0.151141 0.009741 0.005703
0 0.263688 0.159221 0.009741 0.005703
0 0.263688 0.153755 0.009741 0.005703
0 0.305677 0.159221 0.009741 0.005703
0 0.314410 0.156606 0.009741 0.005703
0 0.326167 0.159221 0.009741 0.005703
0 0.334901 0.156606 0.009741 0.005703
0 0.346658 0.161835 0.009741 0.005703
0 0.346658 0.156606 0.009741 0.005703
0 0.365805 0.161835 0.009741 0.005703
0 0.365805 0.156606 0.009741 0.005703
0 0.385287 0.164449 0.009741 0.005703
0 0.385287 0.156606 0.009741 0.005703
0 0.404434 0.164449 0.009741 0.005703
0 0.404434 0.156606 0.009741 0.005703
0 0.440376 0.156606 0.009741 0.005703
0 0.517299 0.156606 0.009741 0.005703
0 0.546523 0.159221 0.009741 0.005703
0 0.586496 0.156606 0.009741 0.005703
0 0.635539 0.151141 0.009741 0.005703
0 0.681223 0.153755 0.009741 0.005703
0 0.749748 0.153755 0.009741 0.005703
0 0.796103 0.156606 0.009741 0.005703
0 0.873027 0.156606 0.009741 0.005703
0 0.902586 0.159221 0.009741 0.005703
0 0.928787 0.156606 0.009741 0.005703
0 0.159221 0.363118 0.010077 0.005703
0 0.271414 0.360504 0.009741 0.005703
0 0.344978 0.376426 0.009741 0.005703
0 0.344978 0.360504 0.009741 0.005703
0 0.353712 0.357890 0.009741 0.005703
0 0.376554 0.376426 0.009741 0.005703
0 0.376554 0.360504 0.009741 0.005703
0 0.385287 0.357890 0.009741 0.005703
0 0.407793 0.376426 0.009741 0.005703
0 0.407793 0.363118 0.009741 0.005703
0 0.407793 0.357890 0.009741 0.005703
0 0.439368 0.365732 0.009741 0.005703
0 0.439368 0.360504 0.009741 0.005703
0 0.448102 0.357890 0.009741 0.005703
0 0.470608 0.368346 0.009741 0.005703
0 0.470608 0.363118 0.009741 0.005703
0 0.470608 0.357890 0.009741 0.005703
0 0.502855 0.368346 0.009741 0.005703
0 0.502855 0.357890 0.009741 0.005703
0 0.551562 0.368346 0.009741 0.005703
0 0.551562 0.357890 0.009741 0.005703
0 0.579778 0.368346 0.009741 0.005703
0 0.579778 0.357890 0.009741 0.005703
0 0.607659 0.368346 0.009741 0.005703
0 0.607659 0.360504 0.009741 0.005703
0 0.635875 0.368346 0.009741 0.005703
0 0.635875 0.360504 0.009741 0.005703
0 0.663755 0.368346 0.009741 0.005703
0 0.663755 0.360504 0.009741 0.005703
0 0.691972 0.368346 0.009741 0.005703
0 0.691972 0.357890 0.009741 0.005703
0 0.736984 0.368346 0.009741 0.005703
0 0.736984 0.357890 0.009741 0.005703
0 0.770910 0.368346 0.009741 0.005703
0 0.770910 0.357890 0.009741 0.005703
0 0.804501 0.368346 0.009741 0.005703
0 0.804501 0.357890 0.009741 0.005703
0 0.838428 0.368346 0.009741 0.005703
0 0.838428 0.357890 0.009741 0.005703
0 0.872019 0.368346 0.009741 0.005703
0 0.872019 0.355276 0.009741 0.005703
0 0.905946 0.368346 0.009741 0.005703
0 0.905946 0.357890 0.009741 0.005703
0 0.148136 0.582700 0.009741 0.005703
0 0.148136 0.574620 0.009741 0.005703
0 0.177696 0.582700 0.009741 0.005703
0 0.177696 0.574620 0.009741 0.005703
0 0.207256 0.582700 0.009741 0.005703
0 0.207256 0.574620 0.009741 0.005703
0 0.237151 0.582700 0.009741 0.005703
0 0.237151 0.574620 0.009741 0.005703
0 0.266711 0.582700 0.009741 0.005703
0 0.266711 0.574620 0.009741 0.005703
0 0.296271 0.582700 0.009741 0.005703
0 0.296271 0.574620 0.009741 0.005703
0 0.342291 0.566778 0.009741 0.005703
0 0.444407 0.566778 0.009741 0.005703
0 0.478670 0.569392 0.009741 0.005703
0 0.515620 0.572006 0.009741 0.005703
0 0.559624 0.582700 0.009741 0.005703
0 0.559624 0.574620 0.009741 0.005703
0 0.590527 0.582700 0.009741 0.005703
0 0.590527 0.577471 0.009741 0.005703
0 0.621431 0.585314 0.009741 0.005703
0 0.621431 0.580086 0.009741 0.005703
0 0.652335 0.585314 0.009741 0.005703
0 0.652335 0.580086 0.009741 0.005703
0 0.683238 0.587928 0.009741 0.005703
0 0.683238 0.580086 0.009741 0.005703
0 0.714142 0.587928 0.009741 0.005703
0 0.714142 0.580086 0.009741 0.005703
0 0.766208 0.574620 0.009741 0.005703
0 0.860934 0.577471 0.009741 0.005703
0 0.892509 0.580086 0.009741 0.005703
0 0.924085 0.582700 0.009741 0.005703
0 0.144105 0.847909 0.009741 0.005703
0 0.144105 0.834838 0.009741 0.005703
0 0.164931 0.834838 0.009741 0.005703
0 0.164931 0.829373 0.009741 0.005703
0 0.186093 0.834838 0.009741 0.005703
0 0.186093 0.829373 0.009741 0.005703
0 0.206920 0.834838 0.009741 0.005703
0 0.206920 0.829373 0.009741 0.005703
0 0.228082 0.837452 0.009741 0.005703
0 0.228082 0.826759 0.009741 0.005703
0 0.249580 0.840067 0.009741 0.005703
0 0.249580 0.826759 0.009741 0.005703
0 0.283507 0.821530 0.009741 0.005703
0 0.322472 0.824144 0.009741 0.005703
0 0.381256 0.824144 0.009741 0.005703
0 0.415855 0.816302 0.009741 0.005703
0 0.472623 0.818916 0.009741 0.005703
0 0.484380 0.821530 0.009741 0.005703
0 0.496137 0.824144 0.009741 0.005703
0 0.514948 0.826759 0.009741 0.005703
0 0.582801 0.818916 0.009741 0.005703
0 0.594558 0.816302 0.009741 0.005703
0 0.605979 0.818916 0.009741 0.005703
0 0.628485 0.821530 0.009741 0.005703
0 0.639906 0.818916 0.009741 0.005703
0 0.659725 0.813688 0.009741 0.005703
0 0.679207 0.816302 0.009741 0.005703
0 0.708767 0.824144 0.009741 0.005703
0 0.728586 0.824144 0.009741 0.005703
0 0.748404 0.818916 0.009741 0.005703
0 0.767551 0.821530 0.009741 0.005703
0 0.787034 0.829373 0.009741 0.005703
0 0.806181 0.831987 0.009741 0.005703
0 0.838764 0.837452 0.010077 0.005703
0 0.838764 0.831987 0.010077 0.005703
0 0.901243 0.834838 0.010077 0.005703
0 0.141082 0.072956 0.009741 0.005703
0 0.203561 0.075570 0.009741 0.005703
0 0.219348 0.078184 0.009741 0.005703
0 0.234800 0.081036 0.009741 0.005703
0 0.263688 0.083650 0.009741 0.005703
0 0.305677 0.086264 0.010077 0.005703
0 0.385287 0.086264 0.009741 0.005703
0 0.440376 0.086264 0.009741 0.005703
0 0.517299 0.086264 0.009741 0.005703
0 0.546523 0.088878 0.009741 0.005703
0 0.586496 0.086264 0.009741 0.005703
0 0.635539 0.081036 0.009741 0.005703
0 0.681223 0.083650 0.009741 0.005703
0 0.749748 0.083650 0.009741 0.005703
0 0.796103 0.078184 0.009741 0.005703
0 0.847497 0.078184 0.009741 0.005703
0 0.873027 0.086264 0.009741 0.005703
0 0.902586 0.088878 0.009741 0.005703
0 0.928787 0.086264 0.009741 0.005703
0 0.159221 0.296578 0.010077 0.005703
0 0.271414 0.293964 0.009741 0.005703
0 0.344978 0.291350 0.009741 0.005703
0 0.439368 0.291350 0.009741 0.005703
0 0.470608 0.283270 0.009741 0.005703
0 0.502855 0.291350 0.009741 0.005703
0 0.551562 0.291350 0.009741 0.005703
0 0.607659 0.293964 0.009741 0.005703
0 0.691972 0.291350 0.009741 0.005703
0 0.736984 0.283270 0.009741 0.005703
0 0.838428 0.285884 0.009741 0.005703
0 0.872019 0.288736 0.009741 0.005703
0 0.905946 0.291350 0.009741 0.005703
0 0.929795 0.291350 0.009741 0.005703
0 0.148136 0.503089 0.010077 0.005703
0 0.266711 0.503089 0.009741 0.005703
0 0.342291 0.495247 0.009741 0.005703
0 0.444407 0.495247 0.009741 0.005703
0 0.478670 0.497861 0.009741 0.005703
0 0.515620 0.500475 0.009741 0.005703
0 0.559624 0.503089 0.009741 0.005703
0 0.590527 0.505703 0.009741 0.005703
0 0.621431 0.508555 0.009741 0.005703
0 0.683238 0.508555 0.009741 0.005703
0 0.714142 0.508555 0.009741 0.005703
0 0.766208 0.503089 0.009741 0.005703
0 0.860934 0.505703 0.009741 0.005703
0 0.892509 0.508555 0.009741 0.005703
0 0.924085 0.511169 0.009741 0.005703
0 0.144105 0.727899 0.010077 0.005703
