0 0.123278 0.221008 0.009741 0.005703
0 0.148136 0.215542 0.009741 0.005703
0 0.172993 0.210314 0.009741 0.005703
0 0.197850 0.202234 0.009741 0.005703
0 0.222707 0.231702 0.009741 0.005703
0 0.247565 0.226473 0.009741 0.005703
0 0.272422 0.218394 0.009741 0.005703
0 0.297279 0.212928 0.009741 0.005703
0 0.336580 0.229087 0.009741 0.005703
0 0.361774 0.223622 0.009741 0.005703
0 0.386631 0.218394 0.009741 0.005703
0 0.411488 0.210314 0.009741 0.005703
0 0.436345 0.221008 0.009741 0.005703
0 0.461203 0.215542 0.009741 0.005703
0 0.486060 0.210314 0.009741 0.005703
0 0.510917 0.202234 0.009741 0.005703
0 0.553913 0.226473 0.009741 0.005703
0 0.578435 0.221008 0.009741 0.005703
0 0.602956 0.212928 0.009741 0.005703
0 0.627477 0.207462 0.009741 0.005703
0 0.652335 0.223622 0.009741 0.005703
0 0.676856 0.218394 0.009741 0.005703
0 0.701377 0.212928 0.009741 0.005703
0 0.725899 0.204848 0.009741 0.005703
0 0.776957 0.229087 0.009741 0.005703
0 0.799463 0.223622 0.009741 0.005703
0 0.821633 0.215542 0.009741 0.005703
0 0.843802 0.210314 0.009741 0.005703
0 0.866308 0.229087 0.009741 0.005703
0 0.888478 0.223622 0.009741 0.005703
0 0.910984 0.215542 0.009741 0.005703
0 0.933154 0.210314 0.009741 0.005703
0 0.132348 0.448194 0.009741 0.005703
0 0.156198 0.442728 0.009741 0.005703
0 0.179711 0.434648 0.009741 0.005703
0 0.203561 0.429420 0.009741 0.005703
0 0.227074 0.445580 0.009741 0.005703
0 0.250924 0.440114 0.009741 0.005703
0 0.274437 0.434648 0.009741 0.005703
0 0.298287 0.426568 0.009741 0.005703
0 0.348337 0.450808 0.009741 0.005703
0 0.370843 0.445580 0.009741 0.005703
0 0.393349 0.437500 0.009741 0.005703
0 0.415855 0.432034 0.009741 0.005703
0 0.438361 0.448194 0.009741 0.005703
0 0.460867 0.442728 0.009741 0.005703
0 0.483708 0.437500 0.009741 0.005703
0 0.506214 0.429420 0.009741 0.005703
0 0.558280 0.453660 0.009741 0.005703
0 0.582466 0.448194 0.009741 0.005703
0 0.606315 0.440114 0.009741 0.005703
0 0.630501 0.434648 0.009741 0.005703
0 0.654686 0.453660 0.009741 0.005703
0 0.678535 0.448194 0.009741 0.005703
0 0.702721 0.440114 0.009741 0.005703
0 0.726906 0.434648 0.009741 0.005703
0 0.766879 0.456274 0.009741 0.005703
0 0.790393 0.445580 0.009741 0.005703
0 0.813907 0.437500 0.009741 0.005703
0 0.861270 0.448194 0.009741 0.005703
0 0.884783 0.437500 0.009741 0.005703
0 0.908297 0.429420 0.009741 0.005703
0 0.123278 0.672053 0.009741 0.005703
0 0.147464 0.663973 0.009741 0.005703
0 0.171649 0.653279 0.009741 0.005703
0 0.220020 0.682747 0.009741 0.005703
0 0.244206 0.672053 0.009741 0.005703
0 0.268391 0.663973 0.009741 0.005703
0 0.332550 0.672053 0.009741 0.005703
0 0.408129 0.661359 0.009741 0.005703
0 0.433322 0.653279 0.009741 0.005703
0 0.544844 0.672053 0.009741 0.005703
0 0.569029 0.663973 0.009741 0.005703
0 0.593215 0.653279 0.009741 0.005703
0 0.641585 0.682747 0.009741 0.005703
0 0.665771 0.672053 0.009741 0.005703
0 0.689956 0.663973 0.009741 0.005703
0 0.754115 0.672053 0.009741 0.005703
0 0.829694 0.661359 0.009741 0.005703
0 0.854887 0.653279 0.009741 0.005703
0 0.123278 0.884030 0.009741 0.005703
0 0.140410 0.875951 0.009741 0.005703
0 0.157541 0.865019 0.009741 0.005703
0 0.191468 0.884030 0.009741 0.005703
0 0.208599 0.875951 0.009741 0.005703
0 0.225731 0.865019 0.009741 0.005703
0 0.274101 0.894724 0.009741 0.005703
0 0.291233 0.884030 0.009741 0.005703
0 0.308028 0.875951 0.009741 0.005703
0 0.341955 0.894724 0.009741 0.005703
0 0.359086 0.884030 0.009741 0.005703
0 0.376218 0.875951 0.009741 0.005703
0 0.423581 0.884030 0.009741 0.005703
0 0.477998 0.873099 0.009741 0.005703
0 0.496137 0.865019 0.009741 0.005703
0 0.514276 0.859791 0.009741 0.005703
0 0.532415 0.854325 0.009741 0.005703
0 0.550554 0.848859 0.009741 0.005703
0 0.588848 0.897338 0.009741 0.005703
0 0.647296 0.886644 0.009741 0.005703
0 0.666443 0.878565 0.009741 0.005703
0 0.685925 0.873099 0.009741 0.005703
0 0.705408 0.867871 0.009741 0.005703
0 0.724891 0.862405 0.009741 0.005703
0 0.763520 0.878565 0.009741 0.005703
0 0.763520 0.867871 0.009741 0.005703
0 0.763520 0.859791 0.009741 0.005703
0 0.829358 0.865019 0.009741 0.005703
0 0.829358 0.859791 0.009741 0.005703
0 0.829358 0.854325 0.009741 0.005703
0 0.894189 0.902804 0.009741 0.005703
0 0.894189 0.884030 0.009741 0.005703
0 0.123278 0.605989 0.009741 0.005703
0 0.220020 0.605989 0.009741 0.005703
0 0.220020 0.600523 0.009741 0.005703
0 0.332550 0.608603 0.009741 0.005703
0 0.433322 0.603137 0.009741 0.005703
0 0.544844 0.605989 0.009741 0.005703
0 0.641585 0.605989 0.009741 0.005703
0 0.641585 0.600523 0.009741 0.005703
0 0.754115 0.608603 0.009741 0.005703
0 0.854887 0.603137 0.009741 0.005703
0 0.123278 0.828422 0.009741 0.005703
0 0.191468 0.828422 0.009741 0.005703
0 0.191468 0.822956 0.009741 0.005703
0 0.274101 0.828422 0.009741 0.005703
0 0.274101 0.822956 0.009741 0.005703
0 0.341955 0.828422 0.009741 0.005703
0 0.341955 0.822956 0.009741 0.005703
0 0.123278 0.165162 0.009741 0.005703
0 0.148136 0.167776 0.009741 0.005703
0 0.172993 0.170390 0.009741 0.005703
0 0.197850 0.165162 0.009741 0.005703
0 0.222707 0.162310 0.009741 0.005703
0 0.247565 0.154230 0.009741 0.005703
0 0.272422 0.149002 0.009741 0.005703
0 0.297279 0.143536 0.009741 0.005703
0 0.336580 0.146150 0.009741 0.005703
0 0.361774 0.149002 0.009741 0.005703
0 0.386631 0.154230 0.009741 0.005703
0 0.411488 0.167776 0.009741 0.005703
0 0.436345 0.151616 0.009741 0.005703
0 0.461203 0.157082 0.009741 0.005703
0 0.486060 0.165162 0.009741 0.005703
0 0.510917 0.170390 0.009741 0.005703
0 0.553913 0.149002 0.009741 0.005703
0 0.578435 0.167776 0.009741 0.005703
0 0.627477 0.157082 0.009741 0.005703
0 0.652335 0.149002 0.009741 0.005703
0 0.676856 0.167776 0.009741 0.005703
0 0.725899 0.154230 0.009741 0.005703
0 0.776957 0.151616 0.009741 0.005703
0 0.799463 0.170390 0.009741 0.005703
0 0.843802 0.159696 0.009741 0.005703
0 0.866308 0.151616 0.009741 0.005703
0 0.888478 0.170390 0.009741 0.005703
0 0.933154 0.159696 0.009741 0.005703
0 0.132348 0.376426 0.009741 0.005703
0 0.156198 0.395437 0.009741 0.005703
0 0.203561 0.384506 0.009741 0.005703
0 0.227074 0.376426 0.009741 0.005703
0 0.250924 0.395437 0.009741 0.005703
0 0.298287 0.381892 0.009741 0.005703
0 0.348337 0.379278 0.009741 0.005703
0 0.370843 0.398051 0.009741 0.005703
0 0.415855 0.387357 0.009741 0.005703
0 0.438361 0.379278 0.009741 0.005703
0 0.460867 0.398051 0.009741 0.005703
0 0.506214 0.384506 0.009741 0.005703
0 0.558280 0.381892 0.009741 0.005703
0 0.582466 0.400665 0.009741 0.005703
0 0.630501 0.384506 0.009741 0.005703
0 0.654686 0.381892 0.009741 0.005703
0 0.678535 0.400665 0.009741 0.005703
0 0.726906 0.389971 0.009741 0.005703
0 0.766879 0.392586 0.009741 0.005703
0 0.766879 0.387357 0.009741 0.005703
0 0.790393 0.398051 0.009741 0.005703
0 0.837756 0.392586 0.009741 0.005703
0 0.837756 0.387357 0.009741 0.005703
0 0.861270 0.392586 0.009741 0.005703
0 0.861270 0.384506 0.009741 0.005703
0 0.884783 0.398051 0.009741 0.005703
0 0.932146 0.392586 0.009741 0.005703
0 0.932146 0.384506 0.009741 0.005703
0 0.123278 0.592443 0.009741 0.005703
0 0.195835 0.597909 0.009741 0.005703
0 0.220020 0.592443 0.009741 0.005703
0 0.292576 0.597909 0.009741 0.005703
0 0.332550 0.595057 0.009741 0.005703
0 0.357743 0.597909 0.009741 0.005703
0 0.382936 0.600523 0.009741 0.005703
0 0.408129 0.595057 0.009741 0.005703
0 0.433322 0.589829 0.009741 0.005703
0 0.458515 0.597909 0.009741 0.005703
0 0.483708 0.595057 0.009741 0.005703
0 0.508902 0.600523 0.009741 0.005703
0 0.544844 0.592443 0.009741 0.005703
0 0.617400 0.597909 0.009741 0.005703
0 0.641585 0.592443 0.009741 0.005703
0 0.714142 0.597909 0.009741 0.005703
0 0.754115 0.595057 0.009741 0.005703
0 0.779308 0.597909 0.009741 0.005703
0 0.804501 0.600523 0.009741 0.005703
0 0.829694 0.595057 0.009741 0.005703
0 0.854887 0.589829 0.009741 0.005703
0 0.880081 0.597909 0.009741 0.005703
0 0.905274 0.595057 0.009741 0.005703
0 0.930467 0.600523 0.009741 0.005703
0 0.123278 0.814876 0.009741 0.005703
0 0.174337 0.820342 0.009741 0.005703
0 0.191468 0.814876 0.009741 0.005703
0 0.242862 0.820342 0.009741 0.005703
0 0.274101 0.814876 0.009741 0.005703
0 0.325160 0.820342 0.009741 0.005703
0 0.341955 0.814876 0.009741 0.005703
0 0.393013 0.820342 0.009741 0.005703
0 0.423581 0.831036 0.009741 0.005703
0 0.423581 0.817490 0.009741 0.005703
0 0.441720 0.820342 0.009741 0.005703
0 0.459859 0.822956 0.009741 0.005703
0 0.477998 0.820342 0.009741 0.005703
0 0.496137 0.817490 0.009741 0.005703
0 0.514276 0.812262 0.009741 0.005703
0 0.532415 0.804183 0.009741 0.005703
0 0.550554 0.801331 0.009741 0.005703
0 0.588848 0.812262 0.009741 0.005703
0 0.588848 0.798717 0.009741 0.005703
0 0.608331 0.801331 0.009741 0.005703
0 0.627813 0.804183 0.009741 0.005703
0 0.647296 0.801331 0.009741 0.005703
0 0.666443 0.798717 0.009741 0.005703
0 0.685925 0.812262 0.009741 0.005703
0 0.705408 0.804183 0.009741 0.005703
0 0.724891 0.801331 0.009741 0.005703
0 0.763520 0.817490 0.009741 0.005703
0 0.763520 0.812262 0.009741 0.005703
0 0.763520 0.798717 0.009741 0.005703
0 0.829358 0.822956 0.009741 0.005703
0 0.829358 0.817490 0.009741 0.005703
0 0.829358 0.804183 0.009741 0.005703
0 0.894189 0.836502 0.009741 0.005703
0 0.894189 0.831036 0.009741 0.005703
0 0.894189 0.822956 0.009741 0.005703
0 0.123278 0.076759 0.009741 0.005703
0 0.222707 0.079373 0.009741 0.005703
0 0.272422 0.076759 0.009741 0.005703
0 0.336580 0.079373 0.009741 0.005703
0 0.436345 0.081987 0.009741 0.005703
0 0.553913 0.073907 0.009741 0.005703
0 0.652335 0.081987 0.009741 0.005703
0 0.701377 0.079373 0.009741 0.005703
0 0.776957 0.076759 0.009741 0.005703
0 0.866308 0.084838 0.009741 0.005703
0 0.132348 0.301568 0.009741 0.005703
0 0.227074 0.309648 0.009741 0.005703
0 0.274437 0.307034 0.009741 0.005703
0 0.348337 0.304183 0.009741 0.005703
0 0.438361 0.312262 0.009741 0.005703
0 0.483708 0.309648 0.009741 0.005703
0 0.558280 0.307034 0.009741 0.005703
0 0.654686 0.315114 0.009741 0.005703
0 0.766879 0.312262 0.009741 0.005703
0 0.908297 0.309648 0.009741 0.005703
0 0.123278 0.528755 0.009741 0.005703
0 0.220020 0.523289 0.009741 0.005703
0 0.332550 0.518061 0.009741 0.005703
0 0.641585 0.528755 0.009741 0.005703
0 0.754115 0.518061 0.009741 0.005703
0 0.191468 0.758080 0.009741 0.005703
0 0.274101 0.758080 0.009741 0.005703
0 0.341955 0.758080 0.009741 0.005703
0 0.423581 0.741920 0.009741 0.005703
0 0.588848 0.741920 0.009741 0.005703
