0 0.269399 0.273051 0.008734 0.004990
0 0.316762 0.275428 0.008734 0.004990
0 0.384279 0.270675 0.008734 0.004990
0 0.415519 0.273051 0.008734 0.004990
0 0.521666 0.265922 0.008734 0.004990
0 0.521666 0.261169 0.008734 0.004990
0 0.585825 0.268298 0.008734 0.004990
0 0.585825 0.263546 0.008734 0.004990
0 0.641921 0.268298 0.008734 0.004990
0 0.641921 0.263546 0.008734 0.004990
0 0.861942 0.287072 0.008734 0.004990
0 0.893181 0.296578 0.008734 0.004990
0 0.325160 0.480038 0.008734 0.004990
0 0.367820 0.489306 0.008734 0.004990
0 0.469936 0.475285 0.008734 0.004990
0 0.571381 0.477662 0.008734 0.004990
0 0.667450 0.463403 0.009070 0.004990
0 0.751428 0.465779 0.008734 0.004990
0 0.867652 0.458650 0.008734 0.004990
0 0.867652 0.454135 0.008734 0.004990
0 0.925764 0.461027 0.008734 0.004990
0 0.925764 0.456274 0.008734 0.004990
0 0.140410 0.655181 0.009070 0.004990
0 0.140410 0.648289 0.009070 0.004990
0 0.266711 0.657557 0.009070 0.004990
0 0.266711 0.648289 0.009070 0.004990
0 0.374538 0.667063 0.008734 0.004990
0 0.428619 0.667063 0.008734 0.004990
0 0.474975 0.669439 0.008734 0.004990
0 0.515956 0.671816 0.008734 0.004990
0 0.515956 0.659933 0.008734 0.004990
0 0.573060 0.674192 0.008734 0.004990
0 0.573060 0.657557 0.008734 0.004990
0 0.655022 0.655181 0.008734 0.004990
0 0.655022 0.648289 0.008734 0.004990
0 0.728922 0.657557 0.008734 0.004990
0 0.728922 0.648289 0.008734 0.004990
0 0.772590 0.657557 0.008734 0.004990
0 0.772590 0.648289 0.008734 0.004990
0 0.803493 0.667063 0.008734 0.004990
0 0.866644 0.676568 0.008734 0.004990
0 0.933490 0.650665 0.008734 0.004990
0 0.132012 0.875713 0.008734 0.004990
0 0.162244 0.882842 0.008734 0.004990
0 0.192476 0.880466 0.008734 0.004990
0 0.223043 0.887595 0.008734 0.004990
0 0.223043 0.882842 0.008734 0.004990
0 0.262345 0.889971 0.008734 0.004990
0 0.262345 0.885219 0.008734 0.004990
0 0.307356 0.904230 0.008734 0.004990
0 0.307356 0.889971 0.008734 0.004990
0 0.364125 0.913498 0.008734 0.004990
0 0.364125 0.892348 0.008734 0.004990
0 0.466241 0.880466 0.008734 0.004990
0 0.507894 0.882842 0.008734 0.004990
0 0.566006 0.878089 0.008734 0.004990
0 0.592543 0.880466 0.008734 0.004990
0 0.683238 0.873574 0.008734 0.004990
0 0.683238 0.868821 0.008734 0.004990
0 0.733289 0.875713 0.008734 0.004990
0 0.733289 0.871198 0.008734 0.004990
0 0.771918 0.875713 0.008734 0.004990
0 0.771918 0.871198 0.008734 0.004990
0 0.140410 0.616445 0.009070 0.004990
0 0.266711 0.616445 0.009070 0.004990
0 0.266711 0.609316 0.009070 0.004990
0 0.262345 0.878089 0.008734 0.004990
0 0.269399 0.240019 0.008734 0.004990
0 0.269399 0.228137 0.008734 0.004990
0 0.316762 0.240019 0.008734 0.004990
0 0.316762 0.230513 0.008734 0.004990
0 0.384279 0.240019 0.008734 0.004990
0 0.384279 0.235266 0.008734 0.004990
0 0.384279 0.225760 0.008734 0.004990
0 0.415519 0.240019 0.008734 0.004990
0 0.415519 0.232890 0.008734 0.004990
0 0.415519 0.228137 0.008734 0.004990
0 0.474639 0.232890 0.008734 0.004990
0 0.521666 0.232890 0.008734 0.004990
0 0.521666 0.221008 0.008734 0.004990
0 0.585825 0.232890 0.008734 0.004990
0 0.585825 0.223384 0.008734 0.004990
0 0.641921 0.232890 0.008734 0.004990
0 0.641921 0.223384 0.008734 0.004990
0 0.692308 0.223384 0.008734 0.004990
0 0.727242 0.228137 0.008734 0.004990
0 0.750420 0.235266 0.008734 0.004990
0 0.773262 0.232890 0.008734 0.004990
0 0.796439 0.237643 0.008734 0.004990
0 0.830702 0.244772 0.008734 0.004990
0 0.861942 0.249525 0.008734 0.004990
0 0.870003 0.247148 0.008734 0.004990
0 0.861942 0.242395 0.008734 0.004990
0 0.893181 0.251663 0.008734 0.004990
0 0.893181 0.247148 0.008734 0.004990
0 0.893181 0.240019 0.008734 0.004990
0 0.924421 0.223384 0.008734 0.004990
0 0.132012 0.415637 0.008734 0.004990
0 0.165603 0.422766 0.008734 0.004990
0 0.199194 0.420390 0.008734 0.004990
0 0.232785 0.425143 0.008734 0.004990
0 0.278132 0.432272 0.008734 0.004990
0 0.325160 0.437025 0.008734 0.004990
0 0.333221 0.434648 0.008734 0.004990
0 0.325160 0.429895 0.008734 0.004990
0 0.367820 0.439163 0.008734 0.004990
0 0.367820 0.434648 0.008734 0.004990
0 0.367820 0.427519 0.008734 0.004990
0 0.469936 0.434648 0.008734 0.004990
0 0.469936 0.427519 0.008734 0.004990
0 0.469936 0.422766 0.008734 0.004990
0 0.571381 0.437025 0.008734 0.004990
0 0.571381 0.427519 0.008734 0.004990
0 0.571381 0.420390 0.008734 0.004990
0 0.667450 0.427519 0.009070 0.004990
0 0.667450 0.422766 0.009070 0.004990
0 0.667450 0.413260 0.009070 0.004990
0 0.751428 0.425143 0.008734 0.004990
0 0.751428 0.415637 0.008734 0.004990
0 0.867652 0.420390 0.008734 0.004990
0 0.867652 0.408745 0.008734 0.004990
0 0.925764 0.420390 0.008734 0.004990
0 0.925764 0.410884 0.008734 0.004990
0 0.140746 0.607177 0.008734 0.004990
0 0.190796 0.609316 0.008734 0.004990
0 0.266711 0.600048 0.008734 0.004990
0 0.289889 0.604800 0.008734 0.004990
0 0.312731 0.607177 0.008734 0.004990
0 0.335573 0.609316 0.008734 0.004990
0 0.374538 0.618821 0.008734 0.004990
0 0.374538 0.614068 0.008734 0.004990
0 0.374538 0.609316 0.008734 0.004990
0 0.428619 0.628327 0.008734 0.004990
0 0.428619 0.621198 0.008734 0.004990
0 0.428619 0.616445 0.008734 0.004990
0 0.474975 0.630703 0.008734 0.004990
0 0.474975 0.621198 0.008734 0.004990
0 0.474975 0.614068 0.008734 0.004990
0 0.515956 0.623574 0.008734 0.004990
0 0.524017 0.621198 0.008734 0.004990
0 0.515956 0.611692 0.008734 0.004990
0 0.573060 0.625951 0.008734 0.004990
0 0.573060 0.621198 0.008734 0.004990
0 0.573060 0.609316 0.008734 0.004990
0 0.655022 0.616445 0.008734 0.004990
0 0.655022 0.609316 0.008734 0.004990
0 0.728922 0.616445 0.008734 0.004990
0 0.728922 0.609316 0.008734 0.004990
0 0.728922 0.604800 0.008734 0.004990
0 0.772590 0.616445 0.008734 0.004990
0 0.772590 0.609316 0.008734 0.004990
0 0.772590 0.604800 0.008734 0.004990
0 0.803493 0.625951 0.008734 0.004990
0 0.811555 0.623574 0.008734 0.004990
0 0.803493 0.618821 0.008734 0.004990
0 0.866644 0.628327 0.008734 0.004990
0 0.866644 0.616445 0.008734 0.004990
0 0.888814 0.607177 0.008734 0.004990
0 0.911320 0.611692 0.008734 0.004990
0 0.933490 0.618821 0.008734 0.004990
0 0.132012 0.817728 0.008734 0.004990
0 0.162244 0.831749 0.008734 0.004990
0 0.162244 0.824857 0.008734 0.004990
0 0.192476 0.829373 0.008734 0.004990
0 0.192476 0.822481 0.008734 0.004990
0 0.223043 0.834125 0.008734 0.004990
0 0.223043 0.829373 0.008734 0.004990
0 0.262345 0.827234 0.008734 0.004990
0 0.300638 0.894724 0.008734 0.004990
0 0.300638 0.885219 0.008734 0.004990
0 0.364125 0.887595 0.008734 0.004990
0 0.364125 0.880466 0.008734 0.004990
0 0.466241 0.824857 0.008734 0.004990
0 0.466241 0.812975 0.008734 0.004990
0 0.507894 0.824857 0.008734 0.004990
0 0.507894 0.815352 0.008734 0.004990
0 0.566006 0.824857 0.008734 0.004990
0 0.566006 0.820105 0.008734 0.004990
0 0.566006 0.810599 0.008734 0.004990
0 0.592543 0.824857 0.008734 0.004990
0 0.592543 0.817728 0.008734 0.004990
0 0.592543 0.812975 0.008734 0.004990
0 0.683238 0.817728 0.008734 0.004990
0 0.683238 0.805846 0.008734 0.004990
0 0.733289 0.817728 0.008734 0.004990
0 0.733289 0.808222 0.008734 0.004990
0 0.771918 0.817728 0.008734 0.004990
0 0.771918 0.808222 0.008734 0.004990
0 0.821297 0.808222 0.008734 0.004990
0 0.850857 0.812975 0.008734 0.004990
0 0.877057 0.820105 0.008734 0.004990
0 0.903258 0.817728 0.008734 0.004990
0 0.929459 0.822481 0.008734 0.004990
0 0.210615 0.163498 0.008734 0.004990
0 0.269399 0.151854 0.008734 0.004990
0 0.316762 0.154230 0.008734 0.004990
0 0.384279 0.149477 0.008734 0.004990
0 0.415519 0.151854 0.008734 0.004990
0 0.474639 0.156369 0.008734 0.004990
0 0.521666 0.144724 0.008734 0.004990
0 0.585825 0.147101 0.008734 0.004990
0 0.641921 0.147101 0.008734 0.004990
0 0.924421 0.147101 0.008734 0.004990
0 0.132012 0.348859 0.008734 0.004990
0 0.165603 0.355989 0.008734 0.004990
0 0.199194 0.353612 0.008734 0.004990
0 0.232785 0.358365 0.008734 0.004990
0 0.298959 0.365257 0.008734 0.004990
0 0.325160 0.362880 0.008734 0.004990
0 0.346658 0.362880 0.008734 0.004990
0 0.367820 0.360504 0.008734 0.004990
0 0.401075 0.360504 0.008734 0.004990
0 0.448438 0.355989 0.008734 0.004990
0 0.504535 0.360504 0.008734 0.004990
0 0.543500 0.351236 0.008734 0.004990
0 0.571381 0.353612 0.008734 0.004990
0 0.627477 0.353612 0.008734 0.004990
0 0.667786 0.346483 0.008734 0.004990
0 0.717165 0.348859 0.008734 0.004990
0 0.751428 0.348859 0.008734 0.004990
0 0.821968 0.353612 0.008734 0.004990
0 0.867652 0.341730 0.008734 0.004990
0 0.925764 0.344106 0.008734 0.004990
0 0.140746 0.536835 0.008734 0.004990
0 0.190796 0.539211 0.008734 0.004990
0 0.222036 0.539211 0.008734 0.004990
0 0.266711 0.529943 0.008734 0.004990
0 0.335573 0.539211 0.008734 0.004990
0 0.374538 0.539211 0.008734 0.004990
0 0.428619 0.546340 0.008734 0.004990
0 0.474975 0.543964 0.008734 0.004990
0 0.515956 0.541587 0.008734 0.004990
0 0.573060 0.536835 0.008734 0.004990
0 0.623446 0.539211 0.008734 0.004990
0 0.655022 0.539211 0.008734 0.004990
0 0.696339 0.534458 0.009070 0.004990
0 0.772590 0.534458 0.008734 0.004990
0 0.822976 0.548717 0.008734 0.004990
0 0.866644 0.546340 0.008734 0.004990
0 0.426940 0.747624 0.008734 0.004990
0 0.466241 0.735741 0.008734 0.004990
0 0.507894 0.738118 0.008734 0.004990
0 0.566006 0.733365 0.008734 0.004990
0 0.592543 0.735741 0.008734 0.004990
0 0.644273 0.740494 0.008734 0.004990
0 0.683238 0.728850 0.008734 0.004990
0 0.733289 0.731226 0.008734 0.004990
0 0.771918 0.731226 0.008734 0.004990
0 0.877057 0.742871 0.008734 0.004990
0 0.903258 0.740494 0.008734 0.004990
0 0.929459 0.745247 0.008734 0.004990
