0 0.436009 0.640684 0.009070 0.005466
0 0.525025 0.630703 0.009070 0.005466
0 0.626134 0.635694 0.009070 0.005466
0 0.694995 0.625475 0.009070 0.005466
0 0.773933 0.628089 0.009070 0.005466
0 0.864629 0.633080 0.009070 0.005466
0 0.122943 0.211027 0.009070 0.005466
0 0.210951 0.198432 0.009070 0.005466
0 0.210951 0.193441 0.009070 0.005466
0 0.210951 0.185837 0.009070 0.005466
0 0.314410 0.211027 0.009070 0.005466
0 0.383272 0.198432 0.009070 0.005466
0 0.383272 0.193441 0.009070 0.005466
0 0.383272 0.185837 0.009070 0.005466
0 0.473631 0.211027 0.009070 0.005466
0 0.558280 0.200808 0.009070 0.005466
0 0.558280 0.193441 0.009070 0.005466
0 0.558280 0.188213 0.009070 0.005466
0 0.654686 0.203422 0.009070 0.005466
0 0.678200 0.193441 0.009070 0.005466
0 0.678200 0.185837 0.009070 0.005466
0 0.702049 0.203422 0.009070 0.005466
0 0.725563 0.193441 0.009070 0.005466
0 0.725563 0.185837 0.009070 0.005466
0 0.749412 0.203422 0.009070 0.005466
0 0.772926 0.193441 0.009070 0.005466
0 0.772926 0.185837 0.009070 0.005466
0 0.809204 0.203422 0.009070 0.005466
0 0.833053 0.193441 0.009070 0.005466
0 0.833053 0.185837 0.009070 0.005466
0 0.857239 0.203422 0.009070 0.005466
0 0.881424 0.193441 0.009070 0.005466
0 0.881424 0.185837 0.009070 0.005466
0 0.905274 0.203422 0.009070 0.005466
0 0.929459 0.193441 0.009070 0.005466
0 0.929459 0.185837 0.009070 0.005466
0 0.122943 0.420152 0.009070 0.005466
0 0.197850 0.414924 0.009070 0.005466
0 0.285522 0.409933 0.009070 0.005466
0 0.355391 0.402329 0.009070 0.005466
0 0.434666 0.412548 0.009070 0.005466
0 0.521330 0.430133 0.009070 0.005466
0 0.617736 0.422529 0.009070 0.005466
0 0.684246 0.404943 0.009070 0.005466
0 0.769903 0.402329 0.009070 0.005466
0 0.862613 0.420152 0.009070 0.005466
0 0.125630 0.648289 0.009070 0.005466
0 0.149815 0.638308 0.009070 0.005466
0 0.149815 0.630703 0.009070 0.005466
0 0.174001 0.648289 0.009070 0.005466
0 0.197850 0.638308 0.009070 0.005466
0 0.197850 0.630703 0.009070 0.005466
0 0.222036 0.648289 0.009070 0.005466
0 0.246221 0.638308 0.009070 0.005466
0 0.246221 0.630703 0.009070 0.005466
0 0.282835 0.648289 0.009070 0.005466
0 0.306685 0.630703 0.009070 0.005466
0 0.330534 0.648289 0.009070 0.005466
0 0.354384 0.630703 0.009070 0.005466
0 0.378233 0.648289 0.009070 0.005466
0 0.402419 0.630703 0.009070 0.005466
0 0.436345 0.623099 0.009741 0.005466
0 0.626134 0.623099 0.009741 0.005466
0 0.773933 0.623099 0.009741 0.005466
0 0.122943 0.859316 0.009070 0.005466
0 0.197178 0.841730 0.009070 0.005466
0 0.281827 0.859316 0.009070 0.005466
0 0.363117 0.856939 0.009070 0.005466
0 0.363117 0.841730 0.009070 0.005466
0 0.460867 0.854325 0.009070 0.005466
0 0.460867 0.841730 0.009070 0.005466
0 0.536110 0.851711 0.009070 0.005466
0 0.536110 0.841730 0.009070 0.005466
0 0.621431 0.849335 0.009070 0.005466
0 0.621431 0.841730 0.009070 0.005466
0 0.706416 0.846721 0.009070 0.005466
0 0.706416 0.841730 0.009070 0.005466
0 0.801478 0.849335 0.009070 0.005466
0 0.878401 0.849335 0.009070 0.005466
0 0.152167 0.142823 0.009070 0.005466
0 0.152167 0.137833 0.009070 0.005466
0 0.152167 0.132605 0.009070 0.005466
0 0.181391 0.150428 0.009070 0.005466
0 0.240846 0.150428 0.009070 0.005466
0 0.240846 0.142823 0.009070 0.005466
0 0.270071 0.155418 0.009070 0.005466
0 0.337252 0.142823 0.009070 0.005466
0 0.337252 0.137833 0.009070 0.005466
0 0.337252 0.132605 0.009070 0.005466
0 0.360430 0.150428 0.009070 0.005466
0 0.406449 0.150428 0.009070 0.005466
0 0.406449 0.142823 0.009070 0.005466
0 0.429291 0.155418 0.009070 0.005466
0 0.501512 0.153042 0.009070 0.005466
0 0.509909 0.150428 0.009070 0.005466
0 0.501512 0.145437 0.009070 0.005466
0 0.529392 0.158032 0.009070 0.005466
0 0.586161 0.145437 0.009070 0.005466
0 0.586161 0.140209 0.009070 0.005466
0 0.586161 0.132605 0.009070 0.005466
0 0.614041 0.150428 0.009070 0.005466
0 0.654686 0.137833 0.009070 0.005466
0 0.654686 0.125238 0.009070 0.005466
0 0.702049 0.132605 0.009070 0.005466
0 0.725563 0.137833 0.009070 0.005466
0 0.725563 0.125238 0.009070 0.005466
0 0.749412 0.137833 0.009070 0.005466
0 0.749412 0.125238 0.009070 0.005466
0 0.772926 0.132605 0.009070 0.005466
0 0.772926 0.120010 0.009070 0.005466
0 0.809204 0.137833 0.009070 0.005466
0 0.809204 0.125238 0.009070 0.005466
0 0.833053 0.137833 0.009070 0.005466
0 0.833053 0.125238 0.009070 0.005466
0 0.857239 0.142823 0.009070 0.005466
0 0.857239 0.132605 0.009070 0.005466
0 0.881424 0.150428 0.009070 0.005466
0 0.881424 0.137833 0.009070 0.005466
0 0.905274 0.150428 0.009070 0.005466
0 0.905274 0.137833 0.009070 0.005466
0 0.929459 0.142823 0.009070 0.005466
0 0.929459 0.132605 0.009070 0.005466
0 0.148136 0.359316 0.009070 0.005466
0 0.148136 0.354325 0.009070 0.005466
0 0.172993 0.366920 0.009070 0.005466
0 0.223043 0.359316 0.009070 0.005466
0 0.223043 0.354325 0.009070 0.005466
0 0.247901 0.366920 0.009070 0.005466
0 0.308700 0.361930 0.009070 0.005466
0 0.308700 0.351949 0.009070 0.005466
0 0.331878 0.366920 0.009070 0.005466
0 0.378569 0.359316 0.009070 0.005466
0 0.378569 0.354325 0.009070 0.005466
0 0.401747 0.366920 0.009070 0.005466
0 0.463554 0.364544 0.009070 0.005466
0 0.463554 0.354325 0.009070 0.005466
0 0.492442 0.369534 0.009070 0.005466
0 0.550218 0.364544 0.009070 0.005466
0 0.550218 0.354325 0.009070 0.005466
0 0.579106 0.369534 0.009070 0.005466
0 0.639906 0.361930 0.009070 0.005466
0 0.639906 0.356939 0.009070 0.005466
0 0.662076 0.369534 0.009070 0.005466
0 0.706416 0.361930 0.009070 0.005466
0 0.706416 0.356939 0.009070 0.005466
0 0.706416 0.351949 0.009070 0.005466
0 0.728586 0.369534 0.009070 0.005466
0 0.800806 0.361930 0.009070 0.005466
0 0.809204 0.359316 0.009070 0.005466
0 0.800806 0.354325 0.009070 0.005466
0 0.831710 0.366920 0.009070 0.005466
0 0.893517 0.361930 0.009070 0.005466
0 0.902251 0.359316 0.009070 0.005466
0 0.893517 0.354325 0.009070 0.005466
0 0.924421 0.366920 0.009070 0.005466
0 0.125630 0.579610 0.009070 0.005466
0 0.125630 0.567015 0.009070 0.005466
0 0.174001 0.574620 0.009070 0.005466
0 0.197850 0.579610 0.009070 0.005466
0 0.197850 0.567015 0.009070 0.005466
0 0.222036 0.579610 0.009070 0.005466
0 0.222036 0.567015 0.009070 0.005466
0 0.246221 0.574620 0.009070 0.005466
0 0.246221 0.562025 0.009070 0.005466
0 0.282835 0.579610 0.009070 0.005466
0 0.282835 0.567015 0.009070 0.005466
0 0.306685 0.584838 0.009070 0.005466
0 0.306685 0.574620 0.009070 0.005466
0 0.330534 0.584838 0.009070 0.005466
0 0.330534 0.574620 0.009070 0.005466
0 0.354384 0.574620 0.009070 0.005466
0 0.354384 0.569629 0.009070 0.005466
0 0.378233 0.577234 0.009070 0.005466
0 0.378233 0.572243 0.009070 0.005466
0 0.402419 0.584838 0.009070 0.005466
0 0.402419 0.574620 0.009070 0.005466
0 0.465569 0.577234 0.009070 0.005466
0 0.465569 0.572243 0.009070 0.005466
0 0.495465 0.584838 0.009070 0.005466
0 0.525025 0.577234 0.009070 0.005466
0 0.525025 0.572243 0.009070 0.005466
0 0.554585 0.584838 0.009070 0.005466
0 0.584145 0.577234 0.009070 0.005466
0 0.584145 0.572243 0.009070 0.005466
0 0.626134 0.584838 0.009070 0.005466
0 0.648975 0.577234 0.009070 0.005466
0 0.648975 0.572243 0.009070 0.005466
0 0.672153 0.584838 0.009070 0.005466
0 0.694995 0.577234 0.009070 0.005466
0 0.694995 0.572243 0.009070 0.005466
0 0.718173 0.584838 0.009070 0.005466
0 0.741014 0.577234 0.009070 0.005466
0 0.741014 0.572243 0.009070 0.005466
0 0.773933 0.582224 0.009070 0.005466
0 0.804165 0.577234 0.009070 0.005466
0 0.804165 0.569629 0.009070 0.005466
0 0.834397 0.582224 0.009070 0.005466
0 0.864629 0.577234 0.009070 0.005466
0 0.864629 0.569629 0.009070 0.005466
0 0.894861 0.582224 0.009070 0.005466
0 0.925428 0.577234 0.009070 0.005466
0 0.925428 0.569629 0.009070 0.005466
0 0.122943 0.797529 0.009070 0.005466
0 0.147800 0.792538 0.009070 0.005466
0 0.147800 0.784933 0.009070 0.005466
0 0.172321 0.797529 0.009070 0.005466
0 0.197178 0.792538 0.009070 0.005466
0 0.197178 0.787548 0.009070 0.005466
0 0.222036 0.800143 0.009070 0.005466
0 0.246557 0.792538 0.009070 0.005466
0 0.246557 0.787548 0.009070 0.005466
0 0.309036 0.787548 0.009070 0.005466
0 0.309036 0.774715 0.009070 0.005466
0 0.336245 0.792538 0.009070 0.005466
0 0.390326 0.784933 0.009070 0.005466
0 0.390326 0.774715 0.009070 0.005466
0 0.417534 0.792538 0.009070 0.005466
0 0.486060 0.782319 0.009070 0.005466
0 0.486060 0.774715 0.009070 0.005466
0 0.510917 0.792538 0.009070 0.005466
0 0.561303 0.779943 0.009070 0.005466
0 0.561303 0.774715 0.009070 0.005466
0 0.586496 0.792538 0.009070 0.005466
0 0.649647 0.787548 0.009070 0.005466
0 0.649647 0.774715 0.009070 0.005466
0 0.678200 0.792538 0.009070 0.005466
0 0.734632 0.784933 0.009070 0.005466
0 0.734632 0.774715 0.009070 0.005466
0 0.762849 0.792538 0.009070 0.005466
0 0.827007 0.805133 0.009070 0.005466
0 0.827007 0.792538 0.009070 0.005466
0 0.852872 0.800143 0.009070 0.005466
0 0.852872 0.787548 0.009070 0.005466
0 0.904266 0.800143 0.009070 0.005466
0 0.904266 0.787548 0.009070 0.005466
0 0.929795 0.792538 0.009070 0.005466
0 0.929795 0.782319 0.009070 0.005466
0 0.122943 0.073907 0.009070 0.005466
0 0.210951 0.073907 0.009070 0.005466
0 0.240846 0.076283 0.009070 0.005466
0 0.270071 0.078897 0.009070 0.005466
0 0.314410 0.073907 0.009070 0.005466
0 0.383272 0.073907 0.009070 0.005466
0 0.429291 0.073907 0.009070 0.005466
0 0.473631 0.068679 0.009070 0.005466
0 0.529392 0.076283 0.009070 0.005466
0 0.558280 0.076283 0.009070 0.005466
0 0.540477 0.076521 0.006382 0.003802
0 0.548539 0.073907 0.006382 0.003802
0 0.614041 0.078897 0.009070 0.005466
0 0.654686 0.078897 0.009741 0.005466
0 0.809204 0.078897 0.009070 0.005466
0 0.929459 0.078897 0.009070 0.005466
0 0.122943 0.294439 0.009070 0.005466
0 0.172993 0.291825 0.009070 0.005466
0 0.197850 0.289449 0.009070 0.005466
0 0.247901 0.299430 0.009070 0.005466
0 0.285522 0.296816 0.009070 0.005466
0 0.355391 0.299430 0.009070 0.005466
0 0.463554 0.299430 0.009070 0.005466
0 0.492442 0.296816 0.009070 0.005466
0 0.521330 0.294439 0.009070 0.005466
0 0.550218 0.296816 0.009070 0.005466
0 0.579106 0.299430 0.009070 0.005466
0 0.617736 0.296816 0.009070 0.005466
0 0.662076 0.291825 0.009070 0.005466
0 0.684246 0.284221 0.009070 0.005466
0 0.769903 0.284221 0.009070 0.005466
0 0.831710 0.286835 0.009070 0.005466
0 0.862613 0.289449 0.009070 0.005466
0 0.893517 0.291825 0.009070 0.005466
0 0.924421 0.289449 0.009070 0.005466
0 0.125630 0.503327 0.009741 0.005466
0 0.282835 0.503327 0.009070 0.005466
0 0.465569 0.513546 0.009070 0.005466
0 0.495465 0.510932 0.009070 0.005466
0 0.525025 0.508555 0.009070 0.005466
0 0.554585 0.500951 0.009070 0.005466
0 0.584145 0.503327 0.009070 0.005466
0 0.626134 0.503327 0.009070 0.005466
0 0.694995 0.508555 0.009070 0.005466
0 0.804165 0.505941 0.009070 0.005466
0 0.834397 0.503327 0.009070 0.005466
0 0.864629 0.500951 0.009070 0.005466
0 0.894861 0.495722 0.009070 0.005466
0 0.925428 0.498337 0.009070 0.005466
0 0.122943 0.719106 0.009070 0.005466
0 0.197178 0.721483 0.009070 0.005466
0 0.336245 0.713878 0.009070 0.005466
0 0.363117 0.713878 0.009070 0.005466
0 0.417534 0.716492 0.009070 0.005466
0 0.460867 0.721483 0.009070 0.005466
0 0.510917 0.726711 0.009070 0.005466
0 0.536110 0.719106 0.009070 0.005466
0 0.621431 0.719106 0.009070 0.005466
0 0.649647 0.721483 0.009070 0.005466
0 0.678200 0.724097 0.009070 0.005466
0 0.706416 0.726711 0.009070 0.005466
0 0.734632 0.729087 0.009070 0.005466
0 0.762849 0.731702 0.009070 0.005466
0 0.801478 0.721483 0.009741 0.005466
