0 0.133020 0.436074 0.009070 0.005228
0 0.170642 0.426331 0.009070 0.005228
0 0.170642 0.418964 0.009070 0.005228
0 0.232449 0.426331 0.009070 0.005228
0 0.232449 0.418964 0.009070 0.005228
0 0.266376 0.436074 0.009070 0.005228
0 0.297279 0.426331 0.009070 0.005228
0 0.297279 0.421340 0.009070 0.005228
0 0.333557 0.436074 0.009070 0.005228
0 0.369499 0.431084 0.009070 0.005228
0 0.369499 0.423717 0.009070 0.005228
0 0.432314 0.436074 0.009070 0.005228
0 0.474975 0.431084 0.009070 0.005228
0 0.474975 0.426331 0.009070 0.005228
0 0.540141 0.431084 0.009070 0.005228
0 0.540141 0.426331 0.009070 0.005228
0 0.600605 0.431084 0.009070 0.005228
0 0.600605 0.426331 0.009070 0.005228
0 0.630836 0.438451 0.009070 0.005228
0 0.660732 0.426331 0.009070 0.005228
0 0.660732 0.421340 0.009070 0.005228
0 0.711119 0.438451 0.009070 0.005228
0 0.740679 0.426331 0.009070 0.005228
0 0.740679 0.421340 0.009070 0.005228
0 0.770574 0.436074 0.009405 0.005228
0 0.894861 0.436074 0.009070 0.005228
0 0.139066 0.653755 0.009070 0.005228
0 0.185422 0.651378 0.009070 0.005228
0 0.185422 0.646388 0.009070 0.005228
0 0.185422 0.641635 0.009070 0.005228
0 0.248572 0.651378 0.009070 0.005228
0 0.248572 0.646388 0.009070 0.005228
0 0.248572 0.641635 0.009070 0.005228
0 0.277125 0.653755 0.009070 0.005228
0 0.305677 0.649002 0.009070 0.005228
0 0.305677 0.644011 0.009070 0.005228
0 0.334229 0.653755 0.009070 0.005228
0 0.362781 0.649002 0.009070 0.005228
0 0.362781 0.644011 0.009070 0.005228
0 0.414175 0.651378 0.009070 0.005228
0 0.451125 0.646388 0.009070 0.005228
0 0.509573 0.646388 0.009070 0.005228
0 0.538797 0.668489 0.009070 0.005228
0 0.587168 0.651378 0.009070 0.005228
0 0.645952 0.651378 0.009070 0.005228
0 0.701041 0.661122 0.009070 0.005228
0 0.737319 0.651378 0.009070 0.005228
0 0.737319 0.646388 0.009070 0.005228
0 0.793416 0.651378 0.009070 0.005228
0 0.793416 0.646388 0.009070 0.005228
0 0.821633 0.678232 0.009070 0.005228
0 0.869332 0.661122 0.009070 0.005228
0 0.925428 0.661122 0.009070 0.005228
0 0.121599 0.215779 0.009070 0.005228
0 0.168290 0.206036 0.009070 0.005228
0 0.168290 0.193916 0.009070 0.005228
0 0.221364 0.198669 0.009070 0.005228
0 0.221364 0.193916 0.009070 0.005228
0 0.254283 0.211027 0.009070 0.005228
0 0.308364 0.201283 0.009070 0.005228
0 0.308364 0.196293 0.009070 0.005228
0 0.361438 0.201283 0.009070 0.005228
0 0.361438 0.196293 0.009070 0.005228
0 0.402754 0.220770 0.009070 0.005228
0 0.457172 0.203660 0.009070 0.005228
0 0.457172 0.198669 0.009070 0.005228
0 0.515284 0.203660 0.009070 0.005228
0 0.515284 0.198669 0.009070 0.005228
0 0.541821 0.213403 0.009070 0.005228
0 0.588848 0.203660 0.009070 0.005228
0 0.588848 0.198669 0.009070 0.005228
0 0.641921 0.203660 0.009070 0.005228
0 0.641921 0.196293 0.009070 0.005228
0 0.682902 0.223146 0.009070 0.005228
0 0.736984 0.206036 0.009070 0.005228
0 0.736984 0.196293 0.009070 0.005228
0 0.792408 0.206036 0.009070 0.005228
0 0.792408 0.196293 0.009070 0.005228
0 0.858918 0.206036 0.009070 0.005228
0 0.858918 0.196293 0.009070 0.005228
0 0.893517 0.215779 0.009070 0.005228
0 0.925764 0.198669 0.009070 0.005228
0 0.925764 0.193916 0.009070 0.005228
0 0.121599 0.436074 0.009405 0.005228
0 0.266376 0.436074 0.009070 0.005228
0 0.333557 0.436074 0.009070 0.005228
0 0.415519 0.436074 0.009405 0.005228
0 0.630836 0.438451 0.009070 0.005228
0 0.711119 0.438451 0.009070 0.005228
0 0.770574 0.426331 0.009070 0.005228
0 0.770574 0.421340 0.009070 0.005228
0 0.778636 0.418964 0.009070 0.005228
0 0.805845 0.426331 0.009070 0.005228
0 0.805845 0.421340 0.009070 0.005228
0 0.813907 0.418964 0.009070 0.005228
0 0.865301 0.426331 0.009070 0.005228
0 0.865301 0.421340 0.009070 0.005228
0 0.873362 0.418964 0.009070 0.005228
0 0.894861 0.436074 0.009070 0.005228
0 0.924756 0.426331 0.009070 0.005228
0 0.924756 0.421340 0.009070 0.005228
0 0.127645 0.653755 0.009405 0.005228
0 0.277125 0.653755 0.009070 0.005228
0 0.334229 0.653755 0.009070 0.005228
0 0.402754 0.651378 0.009405 0.005228
0 0.689620 0.661122 0.009405 0.005228
0 0.123950 0.895913 0.009070 0.005228
0 0.163588 0.878802 0.009070 0.005228
0 0.163588 0.864068 0.009070 0.005228
0 0.254955 0.878802 0.009070 0.005228
0 0.254955 0.869059 0.009070 0.005228
0 0.331878 0.878802 0.009070 0.005228
0 0.331878 0.869059 0.009070 0.005228
0 0.408801 0.895913 0.009070 0.005228
0 0.408801 0.878802 0.009070 0.005228
0 0.465905 0.888546 0.009070 0.005228
0 0.509237 0.878802 0.009070 0.005228
0 0.509237 0.871435 0.009070 0.005228
0 0.606651 0.871435 0.009070 0.005228
0 0.606651 0.866683 0.009070 0.005228
0 0.686933 0.878802 0.009070 0.005228
0 0.686933 0.871435 0.009070 0.005228
0 0.767215 0.883793 0.009070 0.005228
0 0.767215 0.878802 0.009070 0.005228
0 0.819617 0.905656 0.009070 0.005228
0 0.819617 0.888546 0.009070 0.005228
0 0.863957 0.871435 0.009405 0.005228
0 0.863957 0.866683 0.009405 0.005228
0 0.863957 0.861692 0.009405 0.005228
0 0.133020 0.135219 0.009070 0.005228
0 0.155190 0.139971 0.009070 0.005228
0 0.168290 0.147338 0.009070 0.005228
0 0.181727 0.144962 0.009070 0.005228
0 0.194827 0.147338 0.009070 0.005228
0 0.208263 0.144962 0.009070 0.005228
0 0.221364 0.147338 0.009070 0.005228
0 0.234800 0.144962 0.009070 0.005228
0 0.265704 0.135219 0.009070 0.005228
0 0.287874 0.142586 0.009070 0.005228
0 0.308364 0.149952 0.009070 0.005228
0 0.321800 0.147338 0.009070 0.005228
0 0.334901 0.149952 0.009070 0.005228
0 0.348337 0.147338 0.009070 0.005228
0 0.361438 0.149952 0.009070 0.005228
0 0.374874 0.147338 0.009070 0.005228
0 0.414175 0.139971 0.009070 0.005228
0 0.436345 0.144962 0.009070 0.005228
0 0.457172 0.152329 0.009070 0.005228
0 0.475311 0.149952 0.009070 0.005228
0 0.488747 0.152329 0.009070 0.005228
0 0.501847 0.149952 0.009070 0.005228
0 0.515284 0.152329 0.009070 0.005228
0 0.528384 0.149952 0.009070 0.005228
0 0.553242 0.142586 0.009070 0.005228
0 0.575411 0.144962 0.009070 0.005228
0 0.588848 0.152329 0.009070 0.005228
0 0.601948 0.149952 0.009070 0.005228
0 0.615385 0.152329 0.009070 0.005228
0 0.628485 0.149952 0.009070 0.005228
0 0.641921 0.152329 0.009070 0.005228
0 0.655022 0.149952 0.009070 0.005228
0 0.694323 0.137595 0.009070 0.005228
0 0.716493 0.144962 0.009070 0.005228
0 0.736984 0.152329 0.009070 0.005228
0 0.750756 0.149952 0.009070 0.005228
0 0.764864 0.152329 0.009070 0.005228
0 0.778636 0.149952 0.009070 0.005228
0 0.792408 0.152329 0.009070 0.005228
0 0.806181 0.149952 0.009070 0.005228
0 0.824656 0.135219 0.009070 0.005228
0 0.838428 0.142586 0.009070 0.005228
0 0.858918 0.149952 0.009070 0.005228
0 0.873027 0.147338 0.009070 0.005228
0 0.893517 0.135219 0.009070 0.005228
0 0.907289 0.139971 0.009070 0.005228
0 0.925764 0.147338 0.009070 0.005228
0 0.939536 0.144962 0.009070 0.005228
0 0.133020 0.368584 0.009070 0.005228
0 0.155190 0.373337 0.009070 0.005228
0 0.170642 0.385694 0.009070 0.005228
0 0.186093 0.380703 0.009070 0.005228
0 0.201545 0.385694 0.009070 0.005228
0 0.216997 0.380703 0.009070 0.005228
0 0.232449 0.385694 0.009070 0.005228
0 0.247901 0.380703 0.009070 0.005228
0 0.266376 0.370960 0.009070 0.005228
0 0.281827 0.375951 0.009070 0.005228
0 0.297279 0.385694 0.009070 0.005228
0 0.317770 0.380703 0.009070 0.005228
0 0.333557 0.373337 0.009070 0.005228
0 0.349009 0.378327 0.009070 0.005228
0 0.369499 0.388070 0.009070 0.005228
0 0.384951 0.385694 0.009070 0.005228
0 0.426940 0.375951 0.009070 0.005228
0 0.456500 0.380703 0.009070 0.005228
0 0.474975 0.388070 0.009070 0.005228
0 0.494793 0.385694 0.009070 0.005228
0 0.509909 0.388070 0.009070 0.005228
0 0.525025 0.385694 0.009070 0.005228
0 0.540141 0.388070 0.009070 0.005228
0 0.555257 0.385694 0.009070 0.005228
0 0.570373 0.378327 0.009070 0.005228
0 0.585489 0.380703 0.009070 0.005228
0 0.600605 0.388070 0.009070 0.005228
0 0.615721 0.385694 0.009070 0.005228
0 0.630836 0.370960 0.009070 0.005228
0 0.645952 0.380703 0.009070 0.005228
0 0.660732 0.388070 0.009070 0.005228
0 0.675848 0.380703 0.009070 0.005228
0 0.711119 0.383080 0.009070 0.005228
0 0.725899 0.380703 0.009070 0.005228
0 0.740679 0.383080 0.009070 0.005228
0 0.755794 0.380703 0.009070 0.005228
0 0.770574 0.385694 0.009070 0.005228
0 0.791065 0.375951 0.009070 0.005228
0 0.805845 0.385694 0.009070 0.005228
0 0.820625 0.375951 0.009070 0.005228
0 0.835405 0.385694 0.009070 0.005228
0 0.850521 0.375951 0.009070 0.005228
0 0.865301 0.385694 0.009070 0.005228
0 0.880081 0.375951 0.009070 0.005228
0 0.894861 0.385694 0.009070 0.005228
0 0.909976 0.380703 0.009070 0.005228
0 0.924756 0.385694 0.009070 0.005228
0 0.939536 0.380703 0.009070 0.005228
0 0.139066 0.596483 0.009070 0.005228
0 0.170977 0.601473 0.009070 0.005228
0 0.185422 0.608840 0.009070 0.005228
0 0.205912 0.606226 0.009070 0.005228
0 0.220020 0.608840 0.009070 0.005228
0 0.234464 0.606226 0.009070 0.005228
0 0.248572 0.608840 0.009070 0.005228
0 0.263016 0.606226 0.009070 0.005228
0 0.277125 0.599097 0.009070 0.005228
0 0.291569 0.603850 0.009070 0.005228
0 0.305677 0.608840 0.009070 0.005228
0 0.320121 0.603850 0.009070 0.005228
0 0.334229 0.594106 0.009070 0.005228
0 0.348673 0.599097 0.009070 0.005228
0 0.362781 0.611217 0.009070 0.005228
0 0.376889 0.603850 0.009070 0.005228
0 0.414175 0.596483 0.009070 0.005228
0 0.436345 0.601473 0.009070 0.005228
0 0.451125 0.613593 0.009070 0.005228
0 0.465569 0.601473 0.009070 0.005228
0 0.480349 0.613593 0.009070 0.005228
0 0.494793 0.601473 0.009070 0.005228
0 0.509573 0.613593 0.009070 0.005228
0 0.524353 0.601473 0.009070 0.005228
0 0.550218 0.591730 0.009070 0.005228
0 0.572724 0.601473 0.009070 0.005228
0 0.572724 0.596483 0.009070 0.005228
0 0.587168 0.608840 0.009070 0.005228
0 0.601948 0.601473 0.009070 0.005228
0 0.601948 0.596483 0.009070 0.005228
0 0.616728 0.608840 0.009070 0.005228
0 0.631172 0.601473 0.009070 0.005228
0 0.631172 0.596483 0.009070 0.005228
0 0.645952 0.608840 0.009070 0.005228
0 0.660396 0.601473 0.009070 0.005228
0 0.660396 0.596483 0.009070 0.005228
0 0.701041 0.594106 0.009070 0.005228
0 0.723211 0.601473 0.009070 0.005228
0 0.737319 0.606226 0.009070 0.005228
0 0.751428 0.601473 0.009070 0.005228
0 0.765200 0.606226 0.009070 0.005228
0 0.779308 0.601473 0.009070 0.005228
0 0.793416 0.606226 0.009070 0.005228
0 0.807524 0.601473 0.009070 0.005228
0 0.833053 0.589116 0.009070 0.005228
0 0.855223 0.601473 0.009070 0.005228
0 0.855223 0.594106 0.009070 0.005228
0 0.869332 0.606226 0.009070 0.005228
0 0.883440 0.601473 0.009070 0.005228
0 0.883440 0.594106 0.009070 0.005228
0 0.897548 0.606226 0.009070 0.005228
0 0.911320 0.601473 0.009070 0.005228
0 0.911320 0.594106 0.009070 0.005228
0 0.925428 0.606226 0.009070 0.005228
0 0.939536 0.601473 0.009070 0.005228
0 0.939536 0.594106 0.009070 0.005228
0 0.123950 0.814876 0.009070 0.005228
0 0.143097 0.822243 0.009070 0.005228
0 0.163588 0.829610 0.009070 0.005228
0 0.183070 0.826996 0.009070 0.005228
0 0.213638 0.817253 0.009070 0.005228
0 0.235808 0.822243 0.009070 0.005228
0 0.254955 0.829610 0.009070 0.005228
0 0.274437 0.826996 0.009070 0.005228
0 0.293584 0.829610 0.009070 0.005228
0 0.312731 0.826996 0.009070 0.005228
0 0.331878 0.829610 0.009070 0.005228
0 0.351360 0.826996 0.009070 0.005228
0 0.370507 0.826996 0.009070 0.005228
0 0.389654 0.831987 0.009070 0.005228
0 0.408801 0.839354 0.009070 0.005228
0 0.428284 0.834363 0.009070 0.005228
0 0.465905 0.824620 0.009070 0.005228
0 0.486060 0.831987 0.009070 0.005228
0 0.509237 0.839354 0.009070 0.005228
0 0.529392 0.836740 0.009070 0.005228
0 0.560967 0.819629 0.009070 0.005228
0 0.583137 0.824620 0.009070 0.005228
0 0.606651 0.834363 0.009070 0.005228
0 0.626470 0.831987 0.009070 0.005228
0 0.646624 0.834363 0.009070 0.005228
0 0.666779 0.831987 0.009070 0.005228
0 0.686933 0.834363 0.009070 0.005228
0 0.707088 0.831987 0.009070 0.005228
0 0.727242 0.814876 0.009070 0.005228
0 0.747397 0.819629 0.009070 0.005228
0 0.767215 0.826996 0.009070 0.005228
0 0.787370 0.824620 0.009070 0.005228
0 0.121599 0.135219 0.009405 0.005228
0 0.254283 0.135219 0.009405 0.005228
0 0.402754 0.139971 0.009405 0.005228
0 0.541821 0.142586 0.009405 0.005228
0 0.682902 0.137595 0.009405 0.005228
0 0.824656 0.135219 0.009070 0.005228
0 0.893517 0.135219 0.009070 0.005228
0 0.121599 0.368584 0.009405 0.005228
0 0.266376 0.370960 0.009070 0.005228
0 0.333557 0.373337 0.009070 0.005228
0 0.415519 0.375951 0.009405 0.005228
0 0.570373 0.378327 0.009070 0.005228
0 0.630836 0.370960 0.009070 0.005228
0 0.711119 0.370960 0.009070 0.005228
0 0.770574 0.368584 0.009405 0.005228
0 0.894861 0.375951 0.009070 0.005228
0 0.127645 0.596483 0.009405 0.005228
0 0.277125 0.599097 0.009070 0.005228
0 0.334229 0.594106 0.009070 0.005228
0 0.402754 0.596483 0.009405 0.005228
0 0.539133 0.591730 0.009405 0.005228
0 0.689620 0.594106 0.009405 0.005228
0 0.821633 0.589116 0.009405 0.005228
0 0.123950 0.814876 0.009070 0.005228
0 0.202217 0.817253 0.009405 0.005228
0 0.370507 0.826996 0.009070 0.005228
0 0.465905 0.824620 0.009070 0.005228
0 0.549547 0.819629 0.009405 0.005228
0 0.727242 0.814876 0.009070 0.005228
0 0.863957 0.824620 0.009405 0.005228
0 0.863957 0.819629 0.009405 0.005228
0 0.863957 0.814876 0.009405 0.005228
0 0.863957 0.807510 0.009405 0.005228
0 0.121599 0.070105 0.009070 0.005228
0 0.194827 0.077471 0.009070 0.005228
0 0.254283 0.070105 0.009070 0.005228
0 0.334901 0.072481 0.009070 0.005228
0 0.402754 0.072481 0.009070 0.005228
0 0.488747 0.075095 0.009070 0.005228
0 0.541821 0.077471 0.009070 0.005228
0 0.615385 0.079848 0.009070 0.005228
0 0.682902 0.075095 0.009405 0.005228
0 0.824656 0.077471 0.009070 0.005228
0 0.893517 0.077471 0.009070 0.005228
0 0.121599 0.304183 0.009070 0.005228
0 0.232449 0.304183 0.009070 0.005228
0 0.266376 0.301568 0.009070 0.005228
0 0.297279 0.304183 0.009070 0.005228
0 0.333557 0.306559 0.009070 0.005228
0 0.369499 0.308935 0.009070 0.005228
0 0.415519 0.311312 0.009405 0.005228
0 0.570373 0.313926 0.009070 0.005228
0 0.630836 0.306559 0.009070 0.005228
0 0.711119 0.306559 0.009070 0.005228
0 0.770574 0.304183 0.009070 0.005228
0 0.835405 0.296816 0.009070 0.005228
0 0.865301 0.299192 0.009070 0.005228
0 0.894861 0.301568 0.009070 0.005228
0 0.924756 0.304183 0.009070 0.005228
0 0.127645 0.531606 0.009070 0.005228
0 0.248572 0.533983 0.009070 0.005228
0 0.277125 0.541350 0.009070 0.005228
0 0.334229 0.536359 0.009070 0.005228
0 0.402754 0.538973 0.009070 0.005228
0 0.480349 0.526616 0.009405 0.005228
0 0.616728 0.533983 0.009070 0.005228
0 0.689620 0.536359 0.009070 0.005228
0 0.765536 0.524240 0.009405 0.005228
0 0.897548 0.531606 0.009070 0.005228
0 0.123950 0.749287 0.009405 0.005228
0 0.293584 0.749287 0.009070 0.005228
0 0.331878 0.751901 0.009070 0.005228
0 0.370507 0.756654 0.009070 0.005228
0 0.408801 0.761644 0.009070 0.005228
0 0.465905 0.764021 0.009070 0.005228
