0 0.432650 0.508793 0.008734 0.004990
0 0.474639 0.508793 0.008734 0.004990
0 0.528384 0.506416 0.008734 0.004990
0 0.576419 0.515922 0.008734 0.004990
0 0.625798 0.508793 0.008734 0.004990
0 0.676856 0.508793 0.008734 0.004990
0 0.738327 0.506416 0.008734 0.004990
0 0.791401 0.515922 0.008734 0.004990
0 0.844474 0.508793 0.008734 0.004990
0 0.900907 0.511169 0.008734 0.004990
0 0.152838 0.707937 0.008734 0.004990
0 0.192812 0.710314 0.008734 0.004990
0 0.234464 0.707937 0.008734 0.004990
0 0.281156 0.707937 0.008734 0.004990
0 0.332214 0.705561 0.008734 0.004990
0 0.375882 0.710314 0.008734 0.004990
0 0.419886 0.703184 0.008734 0.004990
0 0.468593 0.703184 0.008734 0.004990
0 0.530400 0.700808 0.008734 0.004990
0 0.577091 0.710314 0.008734 0.004990
0 0.627141 0.707937 0.008734 0.004990
0 0.670474 0.712690 0.008734 0.004990
0 0.849177 0.703184 0.008734 0.004990
0 0.902251 0.703184 0.008734 0.004990
0 0.158885 0.897101 0.008734 0.004990
0 0.207927 0.906369 0.008734 0.004990
0 0.256634 0.904230 0.008734 0.004990
0 0.305677 0.908745 0.008734 0.004990
0 0.270071 0.311312 0.008734 0.004990
0 0.270071 0.294677 0.008734 0.004990
0 0.317098 0.294677 0.008734 0.004990
0 0.317098 0.289924 0.008734 0.004990
0 0.341283 0.289924 0.008734 0.004990
0 0.341283 0.285171 0.008734 0.004990
0 0.365469 0.285171 0.008734 0.004990
0 0.365469 0.278279 0.008734 0.004990
0 0.398388 0.306559 0.008734 0.004990
0 0.398388 0.301806 0.008734 0.004990
0 0.445415 0.304183 0.008734 0.004990
0 0.445415 0.299430 0.008734 0.004990
0 0.477998 0.301806 0.008734 0.004990
0 0.477998 0.297053 0.008734 0.004990
0 0.522338 0.299430 0.008734 0.004990
0 0.522338 0.294677 0.008734 0.004990
0 0.555593 0.311312 0.008734 0.004990
0 0.555593 0.306559 0.008734 0.004990
0 0.555593 0.301806 0.008734 0.004990
0 0.555593 0.294677 0.008734 0.004990
0 0.613033 0.318203 0.008734 0.004990
0 0.613033 0.308935 0.008734 0.004990
0 0.613033 0.297053 0.008734 0.004990
0 0.709103 0.299430 0.008734 0.004990
0 0.709103 0.283032 0.008734 0.004990
0 0.769903 0.304183 0.008734 0.004990
0 0.769903 0.287548 0.008734 0.004990
0 0.830702 0.311312 0.008734 0.004990
0 0.830702 0.294677 0.008734 0.004990
0 0.891502 0.315827 0.008734 0.004990
0 0.891502 0.299430 0.008734 0.004990
0 0.153846 0.518298 0.008734 0.004990
0 0.153846 0.501663 0.008734 0.004990
0 0.198186 0.525428 0.009070 0.004990
0 0.198186 0.508793 0.009070 0.004990
0 0.274773 0.492395 0.008734 0.004990
0 0.274773 0.487643 0.008734 0.004990
0 0.291233 0.487643 0.008734 0.004990
0 0.291233 0.482890 0.008734 0.004990
0 0.307692 0.482890 0.008734 0.004990
0 0.307692 0.475760 0.008734 0.004990
0 0.350689 0.504040 0.009070 0.004990
0 0.350689 0.499287 0.009070 0.004990
0 0.432314 0.504040 0.009070 0.004990
0 0.432314 0.499287 0.009070 0.004990
0 0.528048 0.501663 0.009070 0.004990
0 0.536446 0.499287 0.009070 0.004990
0 0.625798 0.504040 0.009070 0.004990
0 0.625798 0.499287 0.009070 0.004990
0 0.737991 0.501663 0.009070 0.004990
0 0.746389 0.499287 0.009070 0.004990
0 0.844138 0.504040 0.009070 0.004990
0 0.844138 0.499287 0.009070 0.004990
0 0.152503 0.703184 0.009070 0.004990
0 0.152503 0.696055 0.009070 0.004990
0 0.234128 0.703184 0.009070 0.004990
0 0.234128 0.696055 0.009070 0.004990
0 0.331878 0.700808 0.009070 0.004990
0 0.331878 0.693916 0.009070 0.004990
0 0.419550 0.698432 0.009070 0.004990
0 0.419550 0.693916 0.009070 0.004990
0 0.530064 0.696055 0.009070 0.004990
0 0.538462 0.693916 0.009070 0.004990
0 0.626806 0.703184 0.009070 0.004990
0 0.626806 0.696055 0.009070 0.004990
0 0.732953 0.719819 0.008734 0.004990
0 0.732953 0.710314 0.008734 0.004990
0 0.732953 0.703184 0.008734 0.004990
0 0.732953 0.698432 0.008734 0.004990
0 0.786362 0.703184 0.008734 0.004990
0 0.848841 0.698432 0.009070 0.004990
0 0.848841 0.693916 0.009070 0.004990
0 0.158549 0.892348 0.009070 0.004990
0 0.166947 0.889971 0.009070 0.004990
0 0.256634 0.899477 0.009070 0.004990
0 0.256634 0.892348 0.009070 0.004990
0 0.373866 0.915875 0.008734 0.004990
0 0.373866 0.906369 0.008734 0.004990
0 0.373866 0.899477 0.008734 0.004990
0 0.373866 0.894724 0.008734 0.004990
0 0.413168 0.906369 0.008734 0.004990
0 0.452469 0.904230 0.008734 0.004990
0 0.491770 0.908745 0.008734 0.004990
0 0.543500 0.887595 0.008734 0.004990
0 0.603628 0.894724 0.008734 0.004990
0 0.644609 0.892348 0.008734 0.004990
0 0.685590 0.897101 0.008734 0.004990
0 0.737991 0.904230 0.008734 0.004990
0 0.777964 0.911122 0.008734 0.004990
0 0.829358 0.908745 0.009070 0.004990
0 0.890830 0.913498 0.009070 0.004990
0 0.198522 0.453897 0.008734 0.004990
0 0.220692 0.456274 0.008734 0.004990
0 0.242862 0.458650 0.008734 0.004990
0 0.453813 0.435124 0.008734 0.004990
0 0.495465 0.435124 0.008734 0.004990
0 0.552234 0.432747 0.008734 0.004990
0 0.600269 0.442253 0.008734 0.004990
0 0.653006 0.435124 0.008734 0.004990
0 0.701041 0.435124 0.008734 0.004990
0 0.764864 0.432747 0.008734 0.004990
0 0.817938 0.442253 0.008734 0.004990
0 0.874706 0.435124 0.008734 0.004990
0 0.927444 0.437500 0.008734 0.004990
0 0.172993 0.638783 0.008734 0.004990
0 0.212966 0.641160 0.008734 0.004990
0 0.261001 0.638783 0.008734 0.004990
0 0.300974 0.638783 0.008734 0.004990
0 0.354048 0.636407 0.008734 0.004990
0 0.398052 0.641160 0.008734 0.004990
0 0.446423 0.634030 0.008734 0.004990
0 0.490427 0.634030 0.008734 0.004990
0 0.555257 0.631654 0.008734 0.004990
0 0.605307 0.641160 0.008734 0.004990
0 0.648640 0.638783 0.008734 0.004990
0 0.648640 0.634030 0.008734 0.004990
0 0.875714 0.634030 0.008734 0.004990
0 0.929123 0.634030 0.008734 0.004990
0 0.183406 0.829135 0.008734 0.004990
0 0.232449 0.838641 0.008734 0.004990
0 0.281156 0.836264 0.008734 0.004990
0 0.281156 0.831511 0.008734 0.004990
0 0.270071 0.256892 0.008734 0.004990
0 0.317098 0.256892 0.008734 0.004990
0 0.317098 0.252376 0.008734 0.004990
0 0.341283 0.252376 0.008734 0.004990
0 0.341283 0.247624 0.008734 0.004990
0 0.365469 0.247624 0.008734 0.004990
0 0.365469 0.240494 0.008734 0.004990
0 0.398388 0.240494 0.008734 0.004990
0 0.398388 0.235741 0.008734 0.004990
0 0.445415 0.238118 0.008734 0.004990
0 0.445415 0.233365 0.008734 0.004990
0 0.477998 0.235741 0.008734 0.004990
0 0.477998 0.230989 0.008734 0.004990
0 0.522338 0.233365 0.008734 0.004990
0 0.522338 0.228612 0.008734 0.004990
0 0.555593 0.240494 0.008734 0.004990
0 0.555593 0.235741 0.008734 0.004990
0 0.555593 0.228612 0.008734 0.004990
0 0.555593 0.224097 0.008734 0.004990
0 0.613033 0.235741 0.008734 0.004990
0 0.613033 0.230989 0.008734 0.004990
0 0.613033 0.226236 0.008734 0.004990
0 0.613033 0.219344 0.008734 0.004990
0 0.709103 0.240494 0.008734 0.004990
0 0.709103 0.235741 0.008734 0.004990
0 0.727914 0.242871 0.008734 0.004990
0 0.727914 0.238118 0.008734 0.004990
0 0.751428 0.245247 0.008734 0.004990
0 0.751428 0.240494 0.008734 0.004990
0 0.769903 0.250000 0.008734 0.004990
0 0.769903 0.245247 0.008734 0.004990
0 0.830702 0.252376 0.008734 0.004990
0 0.830702 0.247624 0.008734 0.004990
0 0.849513 0.254515 0.008734 0.004990
0 0.849513 0.250000 0.008734 0.004990
0 0.873027 0.256892 0.008734 0.004990
0 0.873027 0.252376 0.008734 0.004990
0 0.891502 0.261644 0.008734 0.004990
0 0.891502 0.256892 0.008734 0.004990
0 0.153846 0.451521 0.008734 0.004990
0 0.153846 0.447006 0.008734 0.004990
0 0.198522 0.449382 0.008734 0.004990
0 0.242862 0.447006 0.008734 0.004990
0 0.274773 0.447006 0.008734 0.004990
0 0.274773 0.442253 0.008734 0.004990
0 0.291233 0.442253 0.008734 0.004990
0 0.291233 0.437500 0.008734 0.004990
0 0.307692 0.437500 0.008734 0.004990
0 0.307692 0.430371 0.008734 0.004990
0 0.350689 0.430371 0.013100 0.004990
0 0.350689 0.425618 0.013100 0.004990
0 0.552234 0.427994 0.008734 0.004990
0 0.560296 0.425618 0.008734 0.004990
0 0.625798 0.427994 0.008734 0.004990
0 0.633860 0.425618 0.008734 0.004990
0 0.653006 0.430371 0.008734 0.004990
0 0.653006 0.425618 0.008734 0.004990
0 0.764864 0.427994 0.008734 0.004990
0 0.772926 0.425618 0.008734 0.004990
0 0.844474 0.427994 0.008734 0.004990
0 0.852200 0.425618 0.008734 0.004990
0 0.874706 0.430371 0.008734 0.004990
0 0.874706 0.425618 0.008734 0.004990
0 0.152838 0.634030 0.008734 0.004990
0 0.152838 0.629278 0.008734 0.004990
0 0.172993 0.634030 0.008734 0.004990
0 0.172993 0.626901 0.008734 0.004990
0 0.234464 0.634030 0.008734 0.004990
0 0.234464 0.626901 0.008734 0.004990
0 0.261001 0.634030 0.008734 0.004990
0 0.261001 0.626901 0.008734 0.004990
0 0.354048 0.631654 0.008734 0.004990
0 0.354048 0.624525 0.008734 0.004990
0 0.419886 0.631654 0.008734 0.004990
0 0.419886 0.624525 0.008734 0.004990
0 0.446423 0.629278 0.008734 0.004990
0 0.446423 0.624525 0.008734 0.004990
0 0.530400 0.629278 0.008734 0.004990
0 0.530400 0.624525 0.008734 0.004990
0 0.555257 0.626901 0.008734 0.004990
0 0.563319 0.624525 0.008734 0.004990
0 0.648640 0.626901 0.008734 0.004990
0 0.691972 0.622386 0.008734 0.004990
0 0.759825 0.634030 0.008734 0.004990
0 0.759825 0.629278 0.008734 0.004990
0 0.759825 0.624525 0.008734 0.004990
0 0.759825 0.617633 0.008734 0.004990
0 0.812899 0.634030 0.008734 0.004990
0 0.875714 0.629278 0.008734 0.004990
0 0.875714 0.624525 0.008734 0.004990
0 0.158885 0.826996 0.008734 0.004990
0 0.158885 0.822243 0.008734 0.004990
0 0.183406 0.824620 0.008734 0.004990
0 0.191132 0.822243 0.008734 0.004990
0 0.281156 0.824620 0.008734 0.004990
0 0.330198 0.819867 0.008734 0.004990
0 0.393685 0.831511 0.008734 0.004990
0 0.393685 0.826996 0.008734 0.004990
0 0.393685 0.822243 0.008734 0.004990
0 0.393685 0.815114 0.008734 0.004990
0 0.432650 0.838641 0.008734 0.004990
0 0.471952 0.836264 0.008734 0.004990
0 0.511253 0.841017 0.008734 0.004990
0 0.563991 0.848146 0.008734 0.004990
0 0.624118 0.826996 0.008734 0.004990
0 0.665099 0.824620 0.008734 0.004990
0 0.706080 0.829135 0.008734 0.004990
0 0.758146 0.836264 0.008734 0.004990
0 0.797783 0.843394 0.008734 0.004990
0 0.850521 0.841017 0.008734 0.004990
0 0.911992 0.845770 0.008734 0.004990
0 0.270071 0.177519 0.008734 0.004990
0 0.317098 0.173004 0.008734 0.004990
0 0.341283 0.168251 0.008734 0.004990
0 0.365469 0.161122 0.008734 0.004990
0 0.398388 0.156369 0.008734 0.004990
0 0.445415 0.158745 0.008734 0.004990
0 0.477998 0.161122 0.008734 0.004990
0 0.522338 0.165875 0.008734 0.004990
0 0.555593 0.165875 0.008734 0.004990
0 0.572724 0.163498 0.008734 0.004990
0 0.589856 0.161122 0.008734 0.004990
0 0.613033 0.163498 0.008734 0.004990
0 0.673833 0.163498 0.008734 0.004990
0 0.709103 0.161122 0.008734 0.004990
0 0.769903 0.161122 0.008734 0.004990
0 0.788713 0.163498 0.008734 0.004990
0 0.812227 0.165875 0.008734 0.004990
0 0.830702 0.168251 0.008734 0.004990
0 0.891502 0.168251 0.008734 0.004990
0 0.910312 0.170627 0.008734 0.004990
0 0.933826 0.173004 0.008734 0.004990
0 0.153846 0.370010 0.008734 0.004990
0 0.198522 0.372386 0.008734 0.004990
0 0.220692 0.374762 0.008734 0.004990
0 0.242862 0.377139 0.008734 0.004990
0 0.405778 0.365257 0.008734 0.004990
0 0.432650 0.365257 0.008734 0.004990
0 0.474639 0.365257 0.008734 0.004990
0 0.528384 0.362880 0.008734 0.004990
0 0.576419 0.372386 0.008734 0.004990
0 0.600269 0.372386 0.008734 0.004990
0 0.625798 0.365257 0.008734 0.004990
0 0.676856 0.365257 0.008734 0.004990
0 0.738327 0.362880 0.008734 0.004990
0 0.791401 0.372386 0.008734 0.004990
0 0.817938 0.372386 0.008734 0.004990
0 0.844474 0.365257 0.008734 0.004990
0 0.900907 0.367633 0.008734 0.004990
0 0.927444 0.367633 0.008734 0.004990
0 0.152838 0.562975 0.008734 0.004990
0 0.192812 0.565352 0.008734 0.004990
0 0.212966 0.565352 0.008734 0.004990
0 0.234464 0.562975 0.008734 0.004990
0 0.281156 0.562975 0.008734 0.004990
0 0.332214 0.560599 0.008734 0.004990
0 0.375882 0.565352 0.008734 0.004990
0 0.398052 0.565352 0.008734 0.004990
0 0.419886 0.558222 0.008734 0.004990
0 0.468593 0.558222 0.008734 0.004990
0 0.490427 0.558222 0.008734 0.004990
0 0.530400 0.555846 0.008734 0.004990
0 0.577091 0.565352 0.008734 0.004990
0 0.605307 0.565352 0.008734 0.004990
0 0.627141 0.562975 0.008734 0.004990
0 0.670474 0.567728 0.008734 0.004990
0 0.732953 0.574857 0.008734 0.004990
0 0.786362 0.558222 0.008734 0.004990
0 0.812899 0.558222 0.008734 0.004990
0 0.849177 0.558222 0.008734 0.004990
0 0.902251 0.558222 0.008734 0.004990
0 0.929123 0.558222 0.008734 0.004990
0 0.158885 0.754990 0.008734 0.004990
0 0.207927 0.764496 0.008734 0.004990
0 0.232449 0.764496 0.008734 0.004990
0 0.256634 0.762120 0.008734 0.004990
0 0.305677 0.766873 0.008734 0.004990
0 0.373866 0.774002 0.009070 0.004990
