0 0.179711 0.231226 0.009405 0.005466
0 0.198522 0.223622 0.009405 0.005466
0 0.222372 0.213403 0.009405 0.005466
0 0.246221 0.231226 0.009405 0.005466
0 0.270071 0.223622 0.009405 0.005466
0 0.293920 0.213403 0.009405 0.005466
0 0.336580 0.223622 0.009405 0.005466
0 0.360430 0.218631 0.009405 0.005466
0 0.384615 0.213403 0.009405 0.005466
0 0.408465 0.205798 0.009405 0.005466
0 0.432314 0.208175 0.009405 0.005466
0 0.456500 0.210789 0.009405 0.005466
0 0.508902 0.203184 0.009405 0.005466
0 0.533087 0.205798 0.009405 0.005466
0 0.557272 0.208175 0.009405 0.005466
0 0.581458 0.205798 0.009405 0.005466
0 0.605979 0.208175 0.009405 0.005466
0 0.630165 0.210789 0.009405 0.005466
0 0.659053 0.205798 0.009405 0.005466
0 0.684582 0.208175 0.009405 0.005466
0 0.708767 0.210789 0.009405 0.005466
0 0.763184 0.226236 0.009405 0.005466
0 0.792073 0.221008 0.009405 0.005466
0 0.816258 0.213403 0.009405 0.005466
0 0.840443 0.203184 0.009405 0.005466
0 0.864629 0.205798 0.009405 0.005466
0 0.888814 0.208175 0.009405 0.005466
0 0.185757 0.431321 0.009405 0.005466
0 0.213638 0.433935 0.009405 0.005466
0 0.241518 0.436312 0.009405 0.005466
0 0.269399 0.433935 0.009405 0.005466
0 0.297279 0.436312 0.009405 0.005466
0 0.325160 0.438926 0.009405 0.005466
0 0.353040 0.428707 0.009405 0.005466
0 0.353040 0.423717 0.009405 0.005466
0 0.380920 0.431321 0.009405 0.005466
0 0.380920 0.426093 0.009405 0.005466
0 0.408801 0.433935 0.009405 0.005466
0 0.408801 0.428707 0.009405 0.005466
0 0.448774 0.449144 0.009405 0.005466
0 0.489419 0.444154 0.009405 0.005466
0 0.519315 0.436312 0.009405 0.005466
0 0.549211 0.426093 0.009405 0.005466
0 0.540813 0.421103 0.009405 0.005466
0 0.549211 0.418489 0.009405 0.005466
0 0.579106 0.428707 0.009405 0.005466
0 0.579106 0.423717 0.009405 0.005466
0 0.579106 0.418489 0.009405 0.005466
0 0.609338 0.431321 0.009405 0.005466
0 0.609338 0.426093 0.009405 0.005466
0 0.609338 0.418489 0.009405 0.005466
0 0.641921 0.426093 0.009405 0.005466
0 0.633524 0.421103 0.009405 0.005466
0 0.641921 0.418489 0.009405 0.005466
0 0.671817 0.428707 0.009405 0.005466
0 0.671817 0.423717 0.009405 0.005466
0 0.671817 0.418489 0.009405 0.005466
0 0.702049 0.431321 0.009405 0.005466
0 0.702049 0.426093 0.009405 0.005466
0 0.702049 0.418489 0.009405 0.005466
0 0.765200 0.446768 0.009405 0.005466
0 0.788042 0.428707 0.009405 0.005466
0 0.788042 0.423717 0.009405 0.005466
0 0.816258 0.433935 0.009405 0.005466
0 0.816258 0.428707 0.009405 0.005466
0 0.844474 0.423717 0.009405 0.005466
0 0.844474 0.415875 0.009405 0.005466
0 0.872691 0.428707 0.009405 0.005466
0 0.872691 0.423717 0.009405 0.005466
0 0.901243 0.433935 0.009405 0.005466
0 0.901243 0.428707 0.009405 0.005466
0 0.179039 0.664449 0.009405 0.005466
0 0.203225 0.651854 0.009405 0.005466
0 0.203225 0.641397 0.009405 0.005466
0 0.224387 0.654230 0.009405 0.005466
0 0.233121 0.651854 0.009405 0.005466
0 0.263016 0.641397 0.009405 0.005466
0 0.263016 0.636407 0.009405 0.005466
0 0.293248 0.651854 0.009405 0.005466
0 0.293248 0.641397 0.009405 0.005466
0 0.314410 0.654230 0.009405 0.005466
0 0.323144 0.651854 0.009405 0.005466
0 0.368156 0.662072 0.009405 0.005466
0 0.394021 0.649240 0.009405 0.005466
0 0.394021 0.644011 0.009405 0.005466
0 0.419550 0.654230 0.009405 0.005466
0 0.419550 0.649240 0.009405 0.005466
0 0.445751 0.641397 0.009405 0.005466
0 0.445751 0.636407 0.009405 0.005466
0 0.471280 0.649240 0.009405 0.005466
0 0.471280 0.641397 0.009405 0.005466
0 0.497145 0.654230 0.009405 0.005466
0 0.497145 0.649240 0.009405 0.005466
0 0.535102 0.679895 0.009405 0.005466
0 0.553242 0.654230 0.009405 0.005466
0 0.561975 0.651854 0.009405 0.005466
0 0.585153 0.662072 0.009405 0.005466
0 0.585153 0.654230 0.009405 0.005466
0 0.608331 0.651854 0.009405 0.005466
0 0.608331 0.644011 0.009405 0.005466
0 0.631172 0.656844 0.009405 0.005466
0 0.631172 0.651854 0.009405 0.005466
0 0.654350 0.662072 0.009405 0.005466
0 0.654350 0.656844 0.009405 0.005466
0 0.689285 0.687500 0.009405 0.005466
0 0.709775 0.651854 0.009405 0.005466
0 0.730265 0.659458 0.009405 0.005466
0 0.823648 0.679895 0.009405 0.005466
0 0.842795 0.651854 0.009405 0.005466
0 0.862277 0.662072 0.009405 0.005466
0 0.173329 0.900428 0.009405 0.005466
0 0.191468 0.882367 0.009405 0.005466
0 0.191468 0.877376 0.009405 0.005466
0 0.214310 0.890209 0.009405 0.005466
0 0.214310 0.882367 0.009405 0.005466
0 0.237487 0.877376 0.009405 0.005466
0 0.237487 0.872148 0.009405 0.005466
0 0.260329 0.882367 0.009405 0.005466
0 0.260329 0.877376 0.009405 0.005466
0 0.283171 0.890209 0.009405 0.005466
0 0.283171 0.882367 0.009405 0.005466
0 0.330198 0.900428 0.009405 0.005466
0 0.348337 0.882367 0.009405 0.005466
0 0.348337 0.874762 0.009405 0.005466
0 0.371515 0.887595 0.009405 0.005466
0 0.371515 0.882367 0.009405 0.005466
0 0.394357 0.874762 0.009405 0.005466
0 0.394357 0.869534 0.009405 0.005466
0 0.417199 0.882367 0.009405 0.005466
0 0.417199 0.874762 0.009405 0.005466
0 0.440040 0.887595 0.009405 0.005466
0 0.440040 0.882367 0.009405 0.005466
0 0.481021 0.900428 0.009405 0.005466
0 0.499496 0.879990 0.009405 0.005466
0 0.499496 0.874762 0.009405 0.005466
0 0.522674 0.884981 0.009405 0.005466
0 0.522674 0.879990 0.009405 0.005466
0 0.553577 0.874762 0.009405 0.005466
0 0.553577 0.867158 0.009405 0.005466
0 0.576419 0.879990 0.009405 0.005466
0 0.576419 0.874762 0.009405 0.005466
0 0.599261 0.884981 0.009405 0.005466
0 0.599261 0.879990 0.009405 0.005466
0 0.642257 0.900428 0.009405 0.005466
0 0.660732 0.877376 0.009405 0.005466
0 0.660732 0.872148 0.009405 0.005466
0 0.683574 0.882367 0.009405 0.005466
0 0.683574 0.877376 0.009405 0.005466
0 0.706416 0.872148 0.009405 0.005466
0 0.706416 0.864544 0.009405 0.005466
0 0.729258 0.877376 0.009405 0.005466
0 0.729258 0.872148 0.009405 0.005466
0 0.752435 0.882367 0.009405 0.005466
0 0.752435 0.877376 0.009405 0.005466
0 0.793752 0.905418 0.009405 0.005466
0 0.812227 0.877376 0.009405 0.005466
0 0.812227 0.869534 0.009405 0.005466
0 0.835069 0.882367 0.009405 0.005466
0 0.835069 0.877376 0.009405 0.005466
0 0.857911 0.869534 0.009405 0.005466
0 0.857911 0.864544 0.009405 0.005466
0 0.880752 0.877376 0.009405 0.005466
0 0.880752 0.869534 0.009405 0.005466
0 0.903930 0.882367 0.009405 0.005466
0 0.903930 0.877376 0.009405 0.005466
0 0.210615 0.164686 0.009405 0.005466
0 0.234464 0.164686 0.009405 0.005466
0 0.234464 0.159696 0.009405 0.005466
0 0.258314 0.164686 0.009405 0.005466
0 0.258314 0.152091 0.009405 0.005466
0 0.281827 0.164686 0.009405 0.005466
0 0.281827 0.159696 0.009405 0.005466
0 0.305677 0.164686 0.009405 0.005466
0 0.305677 0.152091 0.009405 0.005466
0 0.348337 0.164686 0.009405 0.005466
0 0.348337 0.146863 0.009405 0.005466
0 0.372523 0.164686 0.009405 0.005466
0 0.372523 0.159696 0.009405 0.005466
0 0.396372 0.164686 0.009405 0.005466
0 0.396372 0.152091 0.009405 0.005466
0 0.420558 0.164686 0.009405 0.005466
0 0.420558 0.146863 0.009405 0.005466
0 0.444407 0.164686 0.009405 0.005466
0 0.444407 0.149477 0.009405 0.005466
0 0.453141 0.146863 0.009405 0.005466
0 0.468593 0.164686 0.009405 0.005466
0 0.468593 0.152091 0.009405 0.005466
0 0.468593 0.146863 0.009405 0.005466
0 0.520994 0.162310 0.009405 0.005466
0 0.520994 0.144249 0.009405 0.005466
0 0.545180 0.162310 0.009405 0.005466
0 0.545180 0.146863 0.009405 0.005466
0 0.553913 0.144249 0.009405 0.005466
0 0.569365 0.162310 0.009405 0.005466
0 0.569365 0.149477 0.009405 0.005466
0 0.569365 0.144249 0.009405 0.005466
0 0.593886 0.162310 0.009405 0.005466
0 0.593886 0.146863 0.009405 0.005466
0 0.602284 0.144249 0.009405 0.005466
0 0.618072 0.162310 0.009405 0.005466
0 0.618072 0.149477 0.009405 0.005466
0 0.618072 0.144249 0.009405 0.005466
0 0.643601 0.162310 0.009405 0.005466
0 0.643601 0.152091 0.009405 0.005466
0 0.643601 0.144249 0.009405 0.005466
0 0.672489 0.162310 0.009405 0.005466
0 0.672489 0.146863 0.009405 0.005466
0 0.680887 0.144249 0.009405 0.005466
0 0.696675 0.162310 0.009405 0.005466
0 0.696675 0.149477 0.009405 0.005466
0 0.696675 0.144249 0.009405 0.005466
0 0.720860 0.162310 0.009405 0.005466
0 0.720860 0.152091 0.009405 0.005466
0 0.720860 0.144249 0.009405 0.005466
0 0.779980 0.159696 0.009405 0.005466
0 0.779980 0.144249 0.009405 0.005466
0 0.788713 0.141635 0.009405 0.005466
0 0.804165 0.159696 0.009405 0.005466
0 0.804165 0.154468 0.009405 0.005466
0 0.804165 0.141635 0.009405 0.005466
0 0.828351 0.159696 0.009405 0.005466
0 0.828351 0.149477 0.009405 0.005466
0 0.828351 0.141635 0.009405 0.005466
0 0.852536 0.159696 0.009405 0.005466
0 0.852536 0.144249 0.009405 0.005466
0 0.861270 0.141635 0.009405 0.005466
0 0.876722 0.159696 0.009405 0.005466
0 0.876722 0.146863 0.009405 0.005466
0 0.876722 0.141635 0.009405 0.005466
0 0.900907 0.159696 0.009405 0.005466
0 0.900907 0.149477 0.009405 0.005466
0 0.900907 0.141635 0.009405 0.005466
0 0.199530 0.384030 0.009405 0.005466
0 0.199530 0.368821 0.009405 0.005466
0 0.208263 0.366207 0.009405 0.005466
0 0.227410 0.384030 0.009405 0.005466
0 0.227410 0.371435 0.009405 0.005466
0 0.227410 0.366207 0.009405 0.005466
0 0.255291 0.384030 0.009405 0.005466
0 0.255291 0.373812 0.009405 0.005466
0 0.255291 0.366207 0.009405 0.005466
0 0.283171 0.384030 0.009405 0.005466
0 0.283171 0.371435 0.009405 0.005466
0 0.283171 0.366207 0.009405 0.005466
0 0.311387 0.384030 0.009405 0.005466
0 0.311387 0.373812 0.009405 0.005466
0 0.311387 0.366207 0.009405 0.005466
0 0.339268 0.384030 0.009405 0.005466
0 0.339268 0.376426 0.009405 0.005466
0 0.339268 0.366207 0.009405 0.005466
0 0.367148 0.381654 0.009405 0.005466
0 0.367148 0.366207 0.009405 0.005466
0 0.375546 0.363593 0.009405 0.005466
0 0.395029 0.381654 0.009405 0.005466
0 0.395029 0.368821 0.009405 0.005466
0 0.395029 0.363593 0.009405 0.005466
0 0.422909 0.381654 0.009405 0.005466
0 0.422909 0.371435 0.009405 0.005466
0 0.422909 0.363593 0.009405 0.005466
0 0.474303 0.379040 0.009405 0.005466
0 0.474303 0.368821 0.009405 0.005466
0 0.465569 0.363593 0.009405 0.005466
0 0.474303 0.360979 0.009405 0.005466
0 0.504199 0.371435 0.009405 0.005466
0 0.504199 0.366207 0.009405 0.005466
0 0.504199 0.360979 0.009405 0.005466
0 0.534095 0.373812 0.009405 0.005466
0 0.534095 0.368821 0.009405 0.005466
0 0.534095 0.360979 0.009405 0.005466
0 0.564327 0.368821 0.009405 0.005466
0 0.555593 0.363593 0.009405 0.005466
0 0.564327 0.360979 0.009405 0.005466
0 0.594222 0.371435 0.009405 0.005466
0 0.594222 0.366207 0.009405 0.005466
0 0.594222 0.360979 0.009405 0.005466
0 0.625462 0.373812 0.009405 0.005466
0 0.625462 0.368821 0.009405 0.005466
0 0.625462 0.360979 0.009405 0.005466
0 0.657037 0.368821 0.009405 0.005466
0 0.648304 0.363593 0.009405 0.005466
0 0.657037 0.360979 0.009405 0.005466
0 0.686933 0.371435 0.009405 0.005466
0 0.686933 0.366207 0.009405 0.005466
0 0.686933 0.360979 0.009405 0.005466
0 0.716829 0.373812 0.009405 0.005466
0 0.716829 0.368821 0.009405 0.005466
0 0.716829 0.360979 0.009405 0.005466
0 0.802150 0.371435 0.009405 0.005466
0 0.802150 0.366207 0.009405 0.005466
0 0.830366 0.376426 0.009405 0.005466
0 0.830366 0.371435 0.009405 0.005466
0 0.858582 0.366207 0.009405 0.005466
0 0.858582 0.358603 0.009405 0.005466
0 0.887135 0.371435 0.009405 0.005466
0 0.887135 0.366207 0.009405 0.005466
0 0.915351 0.376426 0.009405 0.005466
0 0.915351 0.371435 0.009405 0.005466
0 0.218005 0.598859 0.009405 0.005466
0 0.218005 0.588641 0.009405 0.005466
0 0.239503 0.601473 0.009405 0.005466
0 0.248236 0.598859 0.009405 0.005466
0 0.278132 0.588641 0.009405 0.005466
0 0.278132 0.583413 0.009405 0.005466
0 0.308028 0.598859 0.009405 0.005466
0 0.308028 0.588641 0.009405 0.005466
0 0.329526 0.601473 0.009405 0.005466
0 0.338260 0.598859 0.009405 0.005466
0 0.419550 0.596245 0.009405 0.005466
0 0.419550 0.591255 0.009405 0.005466
0 0.445751 0.596245 0.009405 0.005466
0 0.445751 0.583413 0.009405 0.005466
0 0.497145 0.596245 0.009405 0.005466
0 0.505542 0.593631 0.009405 0.005466
0 0.585153 0.601473 0.009405 0.005466
0 0.593551 0.598859 0.009405 0.005466
0 0.608331 0.603850 0.009405 0.005466
0 0.608331 0.591255 0.009405 0.005466
0 0.654350 0.603850 0.009405 0.005466
0 0.654350 0.598859 0.009405 0.005466
0 0.750756 0.606464 0.009405 0.005466
0 0.750756 0.598859 0.009405 0.005466
0 0.750756 0.593631 0.009405 0.005466
0 0.881760 0.611692 0.009405 0.005466
0 0.881760 0.603850 0.009405 0.005466
0 0.202889 0.831987 0.009405 0.005466
0 0.202889 0.826996 0.009405 0.005466
0 0.225731 0.839829 0.009405 0.005466
0 0.225731 0.831987 0.009405 0.005466
0 0.248908 0.826996 0.009405 0.005466
0 0.248908 0.821768 0.009405 0.005466
0 0.271750 0.831987 0.009405 0.005466
0 0.271750 0.826996 0.009405 0.005466
0 0.294592 0.839829 0.009405 0.005466
0 0.294592 0.831987 0.009405 0.005466
0 0.359758 0.831987 0.009405 0.005466
0 0.359758 0.824382 0.009405 0.005466
0 0.382936 0.837215 0.009405 0.005466
0 0.382936 0.831987 0.009405 0.005466
0 0.405778 0.824382 0.009405 0.005466
0 0.405778 0.819154 0.009405 0.005466
0 0.428619 0.831987 0.009405 0.005466
0 0.428619 0.824382 0.009405 0.005466
0 0.451461 0.837215 0.009405 0.005466
0 0.451461 0.831987 0.009405 0.005466
0 0.510917 0.829610 0.009405 0.005466
0 0.510917 0.824382 0.009405 0.005466
0 0.538126 0.834601 0.009405 0.005466
0 0.538126 0.829610 0.009405 0.005466
0 0.564998 0.824382 0.009405 0.005466
0 0.564998 0.816778 0.009405 0.005466
0 0.587840 0.829610 0.009405 0.005466
0 0.587840 0.824382 0.009405 0.005466
0 0.610682 0.834601 0.009405 0.005466
0 0.610682 0.829610 0.009405 0.005466
0 0.672153 0.826996 0.009405 0.005466
0 0.672153 0.821768 0.009405 0.005466
0 0.694995 0.831987 0.009405 0.005466
0 0.694995 0.826996 0.009405 0.005466
0 0.717837 0.821768 0.009405 0.005466
0 0.717837 0.814163 0.009405 0.005466
0 0.740679 0.826996 0.009405 0.005466
0 0.740679 0.821768 0.009405 0.005466
0 0.763856 0.831987 0.009405 0.005466
0 0.763856 0.826996 0.009405 0.005466
0 0.823648 0.826996 0.009405 0.005466
0 0.823648 0.819154 0.009405 0.005466
0 0.846490 0.831987 0.009405 0.005466
0 0.846490 0.826996 0.009405 0.005466
0 0.869332 0.819154 0.009405 0.005466
0 0.869332 0.814163 0.009405 0.005466
0 0.892509 0.826996 0.009405 0.005466
0 0.892509 0.819154 0.009405 0.005466
0 0.915351 0.831987 0.009405 0.005466
0 0.915351 0.826996 0.009405 0.005466
0 0.336580 0.084601 0.009405 0.005466
0 0.408465 0.084601 0.009405 0.005466
0 0.456500 0.084601 0.009405 0.005466
0 0.508902 0.081987 0.009405 0.005466
0 0.557272 0.081987 0.009405 0.005466
0 0.630165 0.081987 0.009405 0.005466
0 0.659053 0.081987 0.009405 0.005466
0 0.708767 0.081987 0.009405 0.005466
0 0.763184 0.076759 0.009405 0.005466
0 0.816258 0.079373 0.009405 0.005466
0 0.888814 0.079373 0.009405 0.005466
0 0.185757 0.302994 0.009405 0.005466
0 0.241518 0.302994 0.009405 0.005466
0 0.325160 0.302994 0.009405 0.005466
0 0.353040 0.300380 0.009405 0.005466
0 0.408801 0.300380 0.009405 0.005466
0 0.448774 0.295390 0.009405 0.005466
0 0.519315 0.297766 0.009405 0.005466
0 0.609338 0.297766 0.009405 0.005466
0 0.641921 0.297766 0.009405 0.005466
0 0.702049 0.297766 0.009405 0.005466
0 0.765200 0.292776 0.009405 0.005466
0 0.844474 0.295390 0.009405 0.005466
0 0.263016 0.533745 0.009405 0.005466
0 0.367820 0.528517 0.009741 0.005466
0 0.535102 0.536359 0.009405 0.005466
0 0.173329 0.759268 0.009405 0.005466
0 0.237487 0.754040 0.009405 0.005466
0 0.330198 0.751663 0.009405 0.005466
0 0.394357 0.756654 0.009405 0.005466
0 0.440040 0.759268 0.009405 0.005466
0 0.481021 0.761882 0.009405 0.005466
0 0.522674 0.756654 0.009405 0.005466
0 0.553577 0.749049 0.009405 0.005466
0 0.599261 0.743821 0.009405 0.005466
0 0.642257 0.741445 0.009405 0.005466
0 0.706416 0.754040 0.009405 0.005466
0 0.793752 0.746435 0.009405 0.005466
0 0.857911 0.751663 0.009405 0.005466
