0 0.266040 0.275665 0.014108 0.005466
0 0.266040 0.265447 0.014108 0.005466
0 0.363789 0.275665 0.014108 0.005466
0 0.363789 0.265447 0.014108 0.005466
0 0.488075 0.275665 0.014108 0.005466
0 0.488075 0.262833 0.014108 0.005466
0 0.606651 0.275665 0.014108 0.005466
0 0.606651 0.262833 0.014108 0.005466
0 0.606651 0.255228 0.014108 0.005466
0 0.606651 0.250000 0.014108 0.005466
0 0.739335 0.275665 0.014108 0.005466
0 0.739335 0.265447 0.014108 0.005466
0 0.869667 0.275665 0.014108 0.005466
0 0.869667 0.265447 0.014108 0.005466
0 0.166275 0.489781 0.014108 0.005466
0 0.166275 0.476711 0.014108 0.005466
0 0.166275 0.471721 0.014108 0.005466
0 0.311051 0.487167 0.014108 0.005466
0 0.311051 0.474335 0.014108 0.005466
0 0.499160 0.484553 0.014108 0.005466
0 0.499160 0.474335 0.014108 0.005466
0 0.634867 0.497386 0.010077 0.005466
0 0.634867 0.479325 0.010077 0.005466
0 0.790393 0.492158 0.009405 0.005466
0 0.790393 0.487167 0.009405 0.005466
0 0.790393 0.479325 0.009405 0.005466
0 0.817938 0.492158 0.009405 0.005466
0 0.817938 0.487167 0.009405 0.005466
0 0.817938 0.479325 0.009405 0.005466
0 0.845482 0.492158 0.009405 0.005466
0 0.845482 0.487167 0.009405 0.005466
0 0.845482 0.479325 0.009405 0.005466
0 0.873027 0.492158 0.009405 0.005466
0 0.873027 0.487167 0.009405 0.005466
0 0.873027 0.481939 0.009405 0.005466
0 0.900571 0.492158 0.009405 0.005466
0 0.900571 0.487167 0.009405 0.005466
0 0.900571 0.481939 0.009405 0.005466
0 0.928116 0.492158 0.009405 0.005466
0 0.928116 0.487167 0.009405 0.005466
0 0.928116 0.481939 0.009405 0.005466
0 0.157541 0.702709 0.009405 0.005466
0 0.157541 0.697719 0.009405 0.005466
0 0.157541 0.692490 0.009405 0.005466
0 0.180719 0.702709 0.009405 0.005466
0 0.180719 0.697719 0.009405 0.005466
0 0.180719 0.692490 0.009405 0.005466
0 0.203897 0.702709 0.009405 0.005466
0 0.203897 0.697719 0.009405 0.005466
0 0.203897 0.692490 0.009405 0.005466
0 0.227410 0.702709 0.009405 0.005466
0 0.227410 0.697719 0.009405 0.005466
0 0.227410 0.692490 0.009405 0.005466
0 0.250588 0.702709 0.009405 0.005466
0 0.250588 0.697719 0.009405 0.005466
0 0.250588 0.692490 0.009405 0.005466
0 0.279812 0.702709 0.009405 0.005466
0 0.279812 0.697719 0.009405 0.005466
0 0.288210 0.695105 0.009405 0.005466
0 0.333221 0.702709 0.009405 0.005466
0 0.333221 0.697719 0.009405 0.005466
0 0.341955 0.695105 0.009405 0.005466
0 0.361774 0.702709 0.009405 0.005466
0 0.361774 0.697719 0.009405 0.005466
0 0.370171 0.695105 0.009405 0.005466
0 0.389990 0.702709 0.009405 0.005466
0 0.389990 0.697719 0.009405 0.005466
0 0.398724 0.695105 0.009405 0.005466
0 0.419886 0.705323 0.009405 0.005466
0 0.419886 0.697719 0.009405 0.005466
0 0.428284 0.695105 0.009405 0.005466
0 0.448102 0.705323 0.009405 0.005466
0 0.448102 0.697719 0.009405 0.005466
0 0.456836 0.695105 0.009405 0.005466
0 0.476654 0.705323 0.009405 0.005466
0 0.476654 0.697719 0.009405 0.005466
0 0.485388 0.695105 0.009405 0.005466
0 0.527712 0.707937 0.009405 0.005466
0 0.527712 0.697719 0.009405 0.005466
0 0.536446 0.695105 0.009405 0.005466
0 0.550218 0.707937 0.009405 0.005466
0 0.550218 0.697719 0.009405 0.005466
0 0.558952 0.695105 0.009405 0.005466
0 0.573060 0.707937 0.009405 0.005466
0 0.573060 0.697719 0.009405 0.005466
0 0.581794 0.695105 0.009405 0.005466
0 0.595566 0.710551 0.009405 0.005466
0 0.595566 0.697719 0.009405 0.005466
0 0.595566 0.692490 0.009405 0.005466
0 0.618408 0.710551 0.009405 0.005466
0 0.618408 0.697719 0.009405 0.005466
0 0.618408 0.692490 0.009405 0.005466
0 0.640914 0.710551 0.009405 0.005466
0 0.640914 0.697719 0.009405 0.005466
0 0.640914 0.692490 0.009405 0.005466
0 0.685925 0.713165 0.009405 0.005466
0 0.685925 0.697719 0.009405 0.005466
0 0.707424 0.713165 0.009405 0.005466
0 0.707424 0.697719 0.009405 0.005466
0 0.729258 0.713165 0.009405 0.005466
0 0.729258 0.697719 0.009405 0.005466
0 0.751764 0.705323 0.009405 0.005466
0 0.751764 0.697719 0.009405 0.005466
0 0.773598 0.705323 0.009405 0.005466
0 0.773598 0.697719 0.009405 0.005466
0 0.795096 0.705323 0.009405 0.005466
0 0.795096 0.697719 0.009405 0.005466
0 0.831038 0.707937 0.009405 0.005466
0 0.831038 0.697719 0.009405 0.005466
0 0.851864 0.707937 0.009405 0.005466
0 0.851864 0.697719 0.009405 0.005466
0 0.872691 0.707937 0.009405 0.005466
0 0.872691 0.697719 0.009405 0.005466
0 0.893517 0.707937 0.009405 0.005466
0 0.893517 0.697719 0.009405 0.005466
0 0.914343 0.707937 0.009405 0.005466
0 0.914343 0.697719 0.009405 0.005466
0 0.935170 0.707937 0.009405 0.005466
0 0.935170 0.697719 0.009405 0.005466
0 0.152838 0.905656 0.009405 0.005466
0 0.152838 0.897814 0.009405 0.005466
0 0.176352 0.905656 0.009405 0.005466
0 0.176352 0.897814 0.009405 0.005466
0 0.199866 0.905656 0.009405 0.005466
0 0.199866 0.897814 0.009405 0.005466
0 0.223379 0.905656 0.009405 0.005466
0 0.223379 0.897814 0.009405 0.005466
0 0.246893 0.905656 0.009405 0.005466
0 0.246893 0.897814 0.009405 0.005466
0 0.270406 0.905656 0.009405 0.005466
0 0.270406 0.897814 0.009405 0.005466
0 0.308028 0.908270 0.009405 0.005466
0 0.308028 0.897814 0.009405 0.005466
0 0.331542 0.908270 0.009405 0.005466
0 0.331542 0.897814 0.009405 0.005466
0 0.361438 0.908270 0.009405 0.005466
0 0.361438 0.897814 0.009405 0.005466
0 0.385287 0.908270 0.009405 0.005466
0 0.385287 0.897814 0.009405 0.005466
0 0.409137 0.908270 0.009405 0.005466
0 0.409137 0.897814 0.009405 0.005466
0 0.439033 0.908270 0.009405 0.005466
0 0.439033 0.897814 0.009405 0.005466
0 0.473967 0.905656 0.009405 0.005466
0 0.473967 0.897814 0.009405 0.005466
0 0.497481 0.905656 0.009405 0.005466
0 0.497481 0.897814 0.009405 0.005466
0 0.520994 0.905656 0.009405 0.005466
0 0.520994 0.897814 0.009405 0.005466
0 0.544508 0.905656 0.009405 0.005466
0 0.544508 0.897814 0.009405 0.005466
0 0.568021 0.905656 0.009405 0.005466
0 0.568021 0.897814 0.009405 0.005466
0 0.591535 0.905656 0.009405 0.005466
0 0.591535 0.897814 0.009405 0.005466
0 0.628821 0.905656 0.009405 0.005466
0 0.628821 0.897814 0.009405 0.005466
0 0.653678 0.905656 0.009405 0.005466
0 0.653678 0.897814 0.009405 0.005466
0 0.678535 0.905656 0.009405 0.005466
0 0.678535 0.897814 0.009405 0.005466
0 0.703729 0.905656 0.009405 0.005466
0 0.703729 0.897814 0.009405 0.005466
0 0.728586 0.905656 0.009405 0.005466
0 0.728586 0.897814 0.009405 0.005466
0 0.759489 0.905656 0.009405 0.005466
0 0.759489 0.897814 0.009405 0.005466
0 0.795768 0.908270 0.009405 0.005466
0 0.795768 0.895437 0.009405 0.005466
0 0.820961 0.908270 0.009405 0.005466
0 0.820961 0.895437 0.009405 0.005466
0 0.846490 0.908270 0.009405 0.005466
0 0.846490 0.895437 0.009405 0.005466
0 0.879745 0.908270 0.009405 0.005466
0 0.879745 0.900428 0.009405 0.005466
0 0.879745 0.895437 0.009405 0.005466
0 0.904938 0.908270 0.009405 0.005466
0 0.904938 0.900428 0.009405 0.005466
0 0.904938 0.895437 0.009405 0.005466
0 0.930467 0.908270 0.009405 0.005466
0 0.930467 0.900428 0.009405 0.005466
0 0.930467 0.895437 0.009405 0.005466
0 0.266040 0.257842 0.014108 0.005466
0 0.266040 0.252614 0.014108 0.005466
0 0.363789 0.257842 0.014108 0.005466
0 0.363789 0.252614 0.014108 0.005466
0 0.488075 0.255228 0.014108 0.005466
0 0.488075 0.250000 0.014108 0.005466
0 0.606651 0.255228 0.014108 0.005466
0 0.606651 0.250000 0.014108 0.005466
0 0.739335 0.260219 0.014108 0.005466
0 0.739335 0.250000 0.014108 0.005466
0 0.869667 0.257842 0.014108 0.005466
0 0.869667 0.252614 0.014108 0.005466
0 0.166275 0.439876 0.014108 0.005466
0 0.166275 0.432272 0.014108 0.005466
0 0.311051 0.437262 0.014108 0.005466
0 0.311051 0.432272 0.014108 0.005466
0 0.499160 0.439876 0.014108 0.005466
0 0.499160 0.434648 0.014108 0.005466
0 0.634867 0.439876 0.010077 0.005466
0 0.634867 0.429658 0.010077 0.005466
0 0.727242 0.421816 0.009405 0.005466
0 0.727242 0.403755 0.009405 0.005466
0 0.790393 0.411597 0.009405 0.005466
0 0.790393 0.403755 0.009405 0.005466
0 0.790393 0.393536 0.009405 0.005466
0 0.817938 0.411597 0.009405 0.005466
0 0.817938 0.403755 0.009405 0.005466
0 0.817938 0.393536 0.009405 0.005466
0 0.845482 0.411597 0.009405 0.005466
0 0.845482 0.403755 0.009405 0.005466
0 0.845482 0.393536 0.009405 0.005466
0 0.873027 0.411597 0.009405 0.005466
0 0.873027 0.406369 0.009405 0.005466
0 0.873027 0.393536 0.009405 0.005466
0 0.900571 0.411597 0.009405 0.005466
0 0.900571 0.406369 0.009405 0.005466
0 0.900571 0.393536 0.009405 0.005466
0 0.928116 0.411597 0.009405 0.005466
0 0.928116 0.406369 0.009405 0.005466
0 0.928116 0.393536 0.009405 0.005466
0 0.157541 0.624049 0.009405 0.005466
0 0.157541 0.618821 0.009405 0.005466
0 0.157541 0.605989 0.009405 0.005466
0 0.180719 0.624049 0.009405 0.005466
0 0.180719 0.618821 0.009405 0.005466
0 0.180719 0.605989 0.009405 0.005466
0 0.203897 0.624049 0.009405 0.005466
0 0.203897 0.618821 0.009405 0.005466
0 0.203897 0.605989 0.009405 0.005466
0 0.227410 0.624049 0.009405 0.005466
0 0.227410 0.618821 0.009405 0.005466
0 0.227410 0.605989 0.009405 0.005466
0 0.250588 0.624049 0.009405 0.005466
0 0.250588 0.618821 0.009405 0.005466
0 0.250588 0.605989 0.009405 0.005466
0 0.271078 0.624049 0.009405 0.005466
0 0.279812 0.621435 0.009405 0.005466
0 0.279812 0.605989 0.009405 0.005466
0 0.324488 0.624049 0.009405 0.005466
0 0.333221 0.621435 0.009405 0.005466
0 0.333221 0.605989 0.009405 0.005466
0 0.353040 0.624049 0.009405 0.005466
0 0.361774 0.621435 0.009405 0.005466
0 0.361774 0.605989 0.009405 0.005466
0 0.381592 0.624049 0.009405 0.005466
0 0.389990 0.621435 0.009405 0.005466
0 0.389990 0.605989 0.009405 0.005466
0 0.419886 0.624049 0.009405 0.005466
0 0.419886 0.608603 0.009405 0.005466
0 0.448102 0.624049 0.009405 0.005466
0 0.448102 0.608603 0.009405 0.005466
0 0.476654 0.624049 0.009405 0.005466
0 0.476654 0.608603 0.009405 0.005466
0 0.527712 0.624049 0.009405 0.005466
0 0.527712 0.611217 0.009405 0.005466
0 0.550218 0.624049 0.009405 0.005466
0 0.550218 0.611217 0.009405 0.005466
0 0.573060 0.624049 0.009405 0.005466
0 0.573060 0.611217 0.009405 0.005466
0 0.595566 0.624049 0.009405 0.005466
0 0.595566 0.613593 0.009405 0.005466
0 0.618408 0.624049 0.009405 0.005466
0 0.618408 0.613593 0.009405 0.005466
0 0.640914 0.624049 0.009405 0.005466
0 0.640914 0.613593 0.009405 0.005466
0 0.685925 0.634268 0.009405 0.005466
0 0.685925 0.624049 0.009405 0.005466
0 0.685925 0.616207 0.009405 0.005466
0 0.707424 0.634268 0.009405 0.005466
0 0.707424 0.624049 0.009405 0.005466
0 0.707424 0.616207 0.009405 0.005466
0 0.729258 0.634268 0.009405 0.005466
0 0.729258 0.624049 0.009405 0.005466
0 0.729258 0.616207 0.009405 0.005466
0 0.751764 0.629040 0.009405 0.005466
0 0.751764 0.618821 0.009405 0.005466
0 0.773598 0.629040 0.009405 0.005466
0 0.773598 0.618821 0.009405 0.005466
0 0.795096 0.629040 0.009405 0.005466
0 0.795096 0.618821 0.009405 0.005466
0 0.831038 0.629040 0.009405 0.005466
0 0.831038 0.621435 0.009405 0.005466
0 0.851864 0.629040 0.009405 0.005466
0 0.851864 0.621435 0.009405 0.005466
0 0.872691 0.629040 0.009405 0.005466
0 0.872691 0.621435 0.009405 0.005466
0 0.893517 0.629040 0.009405 0.005466
0 0.893517 0.621435 0.009405 0.005466
0 0.914343 0.629040 0.009405 0.005466
0 0.914343 0.621435 0.009405 0.005466
0 0.935170 0.629040 0.009405 0.005466
0 0.935170 0.621435 0.009405 0.005466
0 0.152838 0.831036 0.009405 0.005466
0 0.152838 0.820580 0.009405 0.005466
0 0.176352 0.831036 0.009405 0.005466
0 0.176352 0.820580 0.009405 0.005466
0 0.199866 0.831036 0.009405 0.005466
0 0.199866 0.820580 0.009405 0.005466
0 0.223379 0.831036 0.009405 0.005466
0 0.223379 0.820580 0.009405 0.005466
0 0.246893 0.831036 0.009405 0.005466
0 0.246893 0.820580 0.009405 0.005466
0 0.270406 0.831036 0.009405 0.005466
0 0.270406 0.820580 0.009405 0.005466
0 0.308028 0.831036 0.009405 0.005466
0 0.308028 0.823194 0.009405 0.005466
0 0.331542 0.831036 0.009405 0.005466
0 0.331542 0.823194 0.009405 0.005466
0 0.361438 0.831036 0.009405 0.005466
0 0.361438 0.823194 0.009405 0.005466
0 0.385287 0.831036 0.009405 0.005466
0 0.385287 0.823194 0.009405 0.005466
0 0.409137 0.831036 0.009405 0.005466
0 0.409137 0.823194 0.009405 0.005466
0 0.439033 0.831036 0.009405 0.005466
0 0.439033 0.823194 0.009405 0.005466
0 0.473967 0.831036 0.009405 0.005466
0 0.473967 0.820580 0.009405 0.005466
0 0.497481 0.831036 0.009405 0.005466
0 0.497481 0.820580 0.009405 0.005466
0 0.520994 0.831036 0.009405 0.005466
0 0.520994 0.820580 0.009405 0.005466
0 0.544508 0.831036 0.009405 0.005466
0 0.544508 0.820580 0.009405 0.005466
0 0.568021 0.831036 0.009405 0.005466
0 0.568021 0.820580 0.009405 0.005466
0 0.591535 0.831036 0.009405 0.005466
0 0.591535 0.820580 0.009405 0.005466
0 0.628821 0.831036 0.009405 0.005466
0 0.628821 0.820580 0.009405 0.005466
0 0.653678 0.831036 0.009405 0.005466
0 0.653678 0.820580 0.009405 0.005466
0 0.678535 0.831036 0.009405 0.005466
0 0.678535 0.820580 0.009405 0.005466
0 0.703729 0.831036 0.009405 0.005466
0 0.703729 0.817966 0.009405 0.005466
0 0.728586 0.831036 0.009405 0.005466
0 0.728586 0.817966 0.009405 0.005466
0 0.759489 0.831036 0.009405 0.005466
0 0.759489 0.815352 0.009405 0.005466
0 0.795768 0.831036 0.009405 0.005466
0 0.795768 0.812975 0.009405 0.005466
0 0.820961 0.831036 0.009405 0.005466
0 0.820961 0.812975 0.009405 0.005466
0 0.846490 0.831036 0.009405 0.005466
0 0.846490 0.812975 0.009405 0.005466
0 0.879745 0.828422 0.009405 0.005466
0 0.879745 0.817966 0.009405 0.005466
0 0.879745 0.810361 0.009405 0.005466
0 0.904938 0.828422 0.009405 0.005466
0 0.904938 0.817966 0.009405 0.005466
0 0.904938 0.810361 0.009405 0.005466
0 0.930467 0.828422 0.009405 0.005466
0 0.930467 0.817966 0.009405 0.005466
0 0.930467 0.810361 0.009405 0.005466
0 0.266376 0.139021 0.010077 0.005466
0 0.317098 0.144249 0.009405 0.005466
0 0.364125 0.149240 0.010077 0.005466
0 0.413168 0.146625 0.009405 0.005466
0 0.443735 0.144249 0.009405 0.005466
0 0.488411 0.144249 0.010077 0.005466
0 0.551898 0.146625 0.009405 0.005466
0 0.606651 0.146625 0.010077 0.005466
0 0.659389 0.146625 0.009405 0.005466
0 0.692644 0.144249 0.009405 0.005466
0 0.739335 0.141635 0.010077 0.005466
0 0.789721 0.144249 0.009405 0.005466
0 0.821297 0.146625 0.009405 0.005466
0 0.869667 0.146625 0.010077 0.005466
0 0.907961 0.149240 0.009405 0.005466
0 0.166275 0.327234 0.010077 0.005466
0 0.221028 0.335076 0.009405 0.005466
0 0.254955 0.335076 0.009405 0.005466
0 0.311051 0.327234 0.009405 0.005466
0 0.363789 0.332462 0.009405 0.005466
0 0.390662 0.337690 0.009405 0.005466
0 0.433994 0.342681 0.009405 0.005466
0 0.499160 0.332462 0.010077 0.005466
0 0.552234 0.335076 0.009405 0.005466
0 0.585153 0.335076 0.009405 0.005466
0 0.634867 0.324620 0.010077 0.005466
0 0.691972 0.329848 0.010077 0.005466
0 0.790393 0.335076 0.010077 0.005466
0 0.873027 0.337690 0.010077 0.005466
0 0.157541 0.551568 0.010077 0.005466
0 0.265032 0.554183 0.009405 0.005466
0 0.333221 0.554183 0.010077 0.005466
0 0.893517 0.554183 0.010077 0.005466
0 0.153174 0.762120 0.010077 0.005466
0 0.308028 0.764734 0.009405 0.005466
0 0.346658 0.764734 0.009405 0.005466
0 0.385287 0.762120 0.009405 0.005466
0 0.423917 0.759506 0.009405 0.005466
0 0.474303 0.762120 0.010077 0.005466
0 0.629157 0.762120 0.010077 0.005466
0 0.703729 0.759506 0.009405 0.005466
0 0.744038 0.756892 0.009405 0.005466
0 0.795768 0.754278 0.010077 0.005466
0 0.879745 0.751663 0.010077 0.005466
