0 0.151495 0.222433 0.008734 0.004990
0 0.281156 0.224810 0.008734 0.004990
0 0.281156 0.217681 0.008734 0.004990
0 0.281156 0.212928 0.008734 0.004990
0 0.281156 0.208175 0.008734 0.004990
0 0.414847 0.224810 0.008734 0.004990
0 0.414847 0.220057 0.008734 0.004990
0 0.414847 0.215304 0.008734 0.004990
0 0.414847 0.210551 0.008734 0.004990
0 0.563655 0.222433 0.008734 0.004990
0 0.697682 0.224810 0.008734 0.004990
0 0.697682 0.217681 0.008734 0.004990
0 0.697682 0.212928 0.008734 0.004990
0 0.697682 0.208175 0.008734 0.004990
0 0.831374 0.224810 0.008734 0.004990
0 0.831374 0.220057 0.008734 0.004990
0 0.831374 0.215304 0.008734 0.004990
0 0.831374 0.210551 0.008734 0.004990
0 0.151495 0.449857 0.008734 0.004990
0 0.286194 0.451996 0.008734 0.004990
0 0.286194 0.445105 0.008734 0.004990
0 0.286194 0.440352 0.008734 0.004990
0 0.286194 0.435599 0.008734 0.004990
0 0.405442 0.451996 0.008734 0.004990
0 0.405442 0.447481 0.008734 0.004990
0 0.405442 0.442728 0.008734 0.004990
0 0.405442 0.437975 0.008734 0.004990
0 0.563319 0.449857 0.008734 0.004990
0 0.697682 0.451996 0.008734 0.004990
0 0.697682 0.445105 0.008734 0.004990
0 0.697682 0.440352 0.008734 0.004990
0 0.697682 0.435599 0.008734 0.004990
0 0.831710 0.451996 0.008734 0.004990
0 0.831710 0.447481 0.008734 0.004990
0 0.831710 0.442728 0.008734 0.004990
0 0.831710 0.437975 0.008734 0.004990
0 0.151495 0.673479 0.008734 0.004990
0 0.282499 0.675856 0.008734 0.004990
0 0.282499 0.668726 0.008734 0.004990
0 0.282499 0.664211 0.008734 0.004990
0 0.282499 0.659458 0.008734 0.004990
0 0.398052 0.675856 0.008734 0.004990
0 0.398052 0.671103 0.008734 0.004990
0 0.398052 0.666587 0.008734 0.004990
0 0.398052 0.661835 0.008734 0.004990
0 0.541485 0.673479 0.008734 0.004990
0 0.682902 0.675856 0.008734 0.004990
0 0.682902 0.668726 0.008734 0.004990
0 0.682902 0.664211 0.008734 0.004990
0 0.682902 0.659458 0.008734 0.004990
0 0.824992 0.675856 0.008734 0.004990
0 0.824992 0.671103 0.008734 0.004990
0 0.824992 0.666587 0.008734 0.004990
0 0.824992 0.661835 0.008734 0.004990
0 0.151495 0.899477 0.008734 0.004990
0 0.241854 0.901854 0.008734 0.004990
0 0.241854 0.894724 0.008734 0.004990
0 0.241854 0.889971 0.008734 0.004990
0 0.241854 0.885219 0.008734 0.004990
0 0.322136 0.901854 0.008734 0.004990
0 0.322136 0.897101 0.008734 0.004990
0 0.322136 0.892348 0.008734 0.004990
0 0.322136 0.887595 0.008734 0.004990
0 0.422909 0.899477 0.008734 0.004990
0 0.509909 0.901854 0.008734 0.004990
0 0.509909 0.894724 0.008734 0.004990
0 0.509909 0.889971 0.008734 0.004990
0 0.509909 0.885219 0.008734 0.004990
0 0.600269 0.901854 0.008734 0.004990
0 0.600269 0.897101 0.008734 0.004990
0 0.600269 0.892348 0.008734 0.004990
0 0.600269 0.887595 0.008734 0.004990
0 0.691972 0.899477 0.008734 0.004990
0 0.777293 0.901854 0.008734 0.004990
0 0.777293 0.894724 0.008734 0.004990
0 0.777293 0.889971 0.008734 0.004990
0 0.777293 0.885219 0.008734 0.004990
0 0.845818 0.901854 0.008734 0.004990
0 0.845818 0.897101 0.008734 0.004990
0 0.845818 0.892348 0.008734 0.004990
0 0.845818 0.887595 0.008734 0.004990
0 0.151495 0.142348 0.008734 0.004990
0 0.180047 0.137595 0.008734 0.004990
0 0.208599 0.132842 0.008734 0.004990
0 0.237151 0.130466 0.008734 0.004990
0 0.281156 0.132842 0.008734 0.004990
0 0.309708 0.137595 0.008734 0.004990
0 0.348001 0.142348 0.008734 0.004990
0 0.385959 0.137595 0.008734 0.004990
0 0.414847 0.144487 0.008734 0.004990
0 0.434666 0.139971 0.008734 0.004990
0 0.454148 0.144487 0.008734 0.004990
0 0.473967 0.139971 0.008734 0.004990
0 0.493786 0.135219 0.008734 0.004990
0 0.522674 0.132842 0.008734 0.004990
0 0.563655 0.142348 0.008734 0.004990
0 0.593215 0.137595 0.008734 0.004990
0 0.622775 0.132842 0.008734 0.004990
0 0.652670 0.130466 0.008734 0.004990
0 0.697682 0.132842 0.008734 0.004990
0 0.716157 0.137595 0.008734 0.004990
0 0.734632 0.142348 0.008734 0.004990
0 0.753443 0.137595 0.008734 0.004990
0 0.771918 0.142348 0.008734 0.004990
0 0.801478 0.137595 0.008734 0.004990
0 0.831374 0.144487 0.008734 0.004990
0 0.860934 0.139971 0.008734 0.004990
0 0.890494 0.135219 0.008734 0.004990
0 0.920390 0.132842 0.008734 0.004990
0 0.151495 0.369534 0.008734 0.004990
0 0.181055 0.364781 0.008734 0.004990
0 0.210951 0.360266 0.008734 0.004990
0 0.240846 0.357890 0.008734 0.004990
0 0.286194 0.360266 0.008734 0.004990
0 0.315754 0.364781 0.008734 0.004990
0 0.345650 0.369534 0.008734 0.004990
0 0.375546 0.364781 0.008734 0.004990
0 0.405442 0.371911 0.008734 0.004990
0 0.423917 0.367158 0.008734 0.004990
0 0.442392 0.371911 0.008734 0.004990
0 0.461203 0.367158 0.008734 0.004990
0 0.479678 0.362405 0.008734 0.004990
0 0.509573 0.360266 0.008734 0.004990
0 0.563319 0.369534 0.008734 0.004990
0 0.593215 0.364781 0.008734 0.004990
0 0.622775 0.360266 0.008734 0.004990
0 0.652670 0.357890 0.008734 0.004990
0 0.697682 0.360266 0.008734 0.004990
0 0.716493 0.364781 0.008734 0.004990
0 0.734968 0.369534 0.008734 0.004990
0 0.753779 0.364781 0.008734 0.004990
0 0.772254 0.369534 0.008734 0.004990
0 0.802150 0.364781 0.008734 0.004990
0 0.831710 0.371911 0.008734 0.004990
0 0.861606 0.367158 0.008734 0.004990
0 0.891502 0.362405 0.008734 0.004990
0 0.921061 0.360266 0.008734 0.004990
0 0.151495 0.593394 0.008734 0.004990
0 0.180383 0.588641 0.008734 0.004990
0 0.209271 0.583888 0.008734 0.004990
0 0.238159 0.581511 0.008734 0.004990
0 0.282499 0.583888 0.008734 0.004990
0 0.311387 0.588641 0.008734 0.004990
0 0.340275 0.593394 0.008734 0.004990
0 0.369164 0.588641 0.008734 0.004990
0 0.398052 0.595770 0.008734 0.004990
0 0.416191 0.591017 0.008734 0.004990
0 0.434330 0.595770 0.008734 0.004990
0 0.452133 0.591017 0.008734 0.004990
0 0.470272 0.586264 0.008734 0.004990
0 0.499160 0.583888 0.008734 0.004990
0 0.541485 0.593394 0.008734 0.004990
0 0.573060 0.588641 0.008734 0.004990
0 0.604636 0.583888 0.008734 0.004990
0 0.636211 0.581511 0.008734 0.004990
0 0.682902 0.583888 0.008734 0.004990
0 0.702721 0.588641 0.008734 0.004990
0 0.722539 0.593394 0.008734 0.004990
0 0.742022 0.588641 0.008734 0.004990
0 0.761841 0.593394 0.008734 0.004990
0 0.793416 0.588641 0.008734 0.004990
0 0.824992 0.595770 0.008734 0.004990
0 0.856231 0.591017 0.008734 0.004990
0 0.887807 0.586264 0.008734 0.004990
0 0.919382 0.583888 0.008734 0.004990
0 0.151495 0.819154 0.008734 0.004990
0 0.170306 0.814639 0.008734 0.004990
0 0.188781 0.809886 0.008734 0.004990
0 0.207592 0.807510 0.008734 0.004990
0 0.241854 0.809886 0.008734 0.004990
0 0.260665 0.814639 0.008734 0.004990
0 0.279476 0.819154 0.008734 0.004990
0 0.301982 0.814639 0.008734 0.004990
0 0.322136 0.821530 0.008734 0.004990
0 0.333893 0.816778 0.008734 0.004990
0 0.345650 0.821530 0.008734 0.004990
0 0.357407 0.816778 0.008734 0.004990
0 0.372859 0.812262 0.008734 0.004990
0 0.391669 0.809886 0.008734 0.004990
0 0.422909 0.819154 0.008734 0.004990
0 0.440712 0.814639 0.008734 0.004990
0 0.458851 0.809886 0.008734 0.004990
0 0.476654 0.807510 0.008734 0.004990
0 0.509909 0.809886 0.008734 0.004990
0 0.525697 0.814639 0.008734 0.004990
0 0.538462 0.819154 0.008734 0.004990
0 0.551562 0.814639 0.008734 0.004990
0 0.564327 0.819154 0.008734 0.004990
0 0.582466 0.814639 0.008734 0.004990
0 0.600269 0.821530 0.008734 0.004990
0 0.618408 0.816778 0.008734 0.004990
0 0.636211 0.812262 0.008734 0.004990
0 0.654350 0.809886 0.008734 0.004990
0 0.691972 0.819154 0.008734 0.004990
0 0.709103 0.814639 0.008734 0.004990
0 0.726234 0.809886 0.008734 0.004990
0 0.743366 0.807510 0.008734 0.004990
0 0.777293 0.809886 0.008734 0.004990
0 0.794424 0.814639 0.008734 0.004990
0 0.811555 0.819154 0.008734 0.004990
0 0.828687 0.814639 0.008734 0.004990
0 0.845818 0.821530 0.008734 0.004990
0 0.858582 0.816778 0.008734 0.004990
0 0.871683 0.821530 0.008734 0.004990
0 0.892845 0.816778 0.008734 0.004990
0 0.908297 0.812262 0.008734 0.004990
0 0.933826 0.809886 0.008734 0.004990
0 0.151495 0.075808 0.008734 0.004990
0 0.208599 0.068679 0.008734 0.004990
0 0.281156 0.071055 0.008734 0.004990
0 0.324488 0.075808 0.008734 0.004990
0 0.371515 0.080561 0.008734 0.004990
0 0.414847 0.087452 0.008734 0.004990
0 0.493786 0.078184 0.008734 0.004990
0 0.563655 0.075808 0.008734 0.004990
0 0.697682 0.075808 0.008734 0.004990
0 0.831374 0.068679 0.008734 0.004990
0 0.920390 0.068679 0.008734 0.004990
0 0.151495 0.290162 0.008734 0.004990
0 0.345650 0.302044 0.008734 0.004990
0 0.405442 0.297291 0.008734 0.004990
0 0.479678 0.294914 0.008734 0.004990
0 0.509573 0.292538 0.008734 0.004990
0 0.563319 0.297291 0.008734 0.004990
0 0.622775 0.306559 0.008734 0.004990
0 0.697682 0.302044 0.008734 0.004990
0 0.772254 0.299667 0.008734 0.004990
0 0.802150 0.297291 0.008734 0.004990
0 0.831710 0.304420 0.008734 0.004990
0 0.151495 0.533983 0.008734 0.004990
0 0.282499 0.533983 0.008734 0.004990
0 0.470272 0.522338 0.008734 0.004990
0 0.499160 0.526854 0.008734 0.004990
0 0.541485 0.524477 0.008734 0.004990
0 0.682902 0.524477 0.008734 0.004990
0 0.761841 0.524477 0.008734 0.004990
0 0.793416 0.524477 0.008734 0.004990
0 0.824992 0.522338 0.008734 0.004990
0 0.887807 0.526854 0.008734 0.004990
0 0.151495 0.748337 0.008734 0.004990
0 0.241854 0.757842 0.008734 0.004990
0 0.279476 0.755466 0.008734 0.004990
0 0.301982 0.753089 0.008734 0.004990
0 0.322136 0.755466 0.008734 0.004990
0 0.422909 0.757842 0.008734 0.004990
0 0.509909 0.757842 0.008734 0.004990
0 0.636211 0.745960 0.008734 0.004990
0 0.654350 0.750713 0.008734 0.004990
0 0.691972 0.748337 0.008734 0.004990
0 0.743366 0.748337 0.008734 0.004990
0 0.777293 0.741207 0.008734 0.004990
0 0.845818 0.743584 0.008734 0.004990
0 0.882432 0.745960 0.008734 0.004990
0 0.923077 0.743584 0.008734 0.004990
