0 0.134699 0.693679 0.008398 0.004753
0 0.312731 0.693679 0.008398 0.004753
0 0.482365 0.693679 0.008398 0.004753
0 0.656030 0.693679 0.008398 0.004753
0 0.181727 0.302994 0.008062 0.004753
0 0.181727 0.287548 0.008062 0.004753
0 0.242526 0.294202 0.008398 0.004753
0 0.368828 0.300618 0.008062 0.004753
0 0.368828 0.285409 0.008062 0.004753
0 0.433658 0.278755 0.008398 0.004753
0 0.566678 0.302994 0.008062 0.004753
0 0.566678 0.287548 0.008062 0.004753
0 0.628821 0.294202 0.008398 0.004753
0 0.749076 0.300618 0.008062 0.004753
0 0.749076 0.285409 0.008062 0.004753
0 0.822640 0.278755 0.008398 0.004753
0 0.127645 0.506416 0.008062 0.004753
0 0.127645 0.491207 0.008062 0.004753
0 0.204904 0.497861 0.008398 0.004753
0 0.369835 0.504278 0.008062 0.004753
0 0.369835 0.489068 0.008062 0.004753
0 0.580450 0.497861 0.008398 0.004753
0 0.580450 0.489068 0.008398 0.004753
0 0.765872 0.497861 0.008062 0.004753
0 0.765872 0.489068 0.008062 0.004753
0 0.134699 0.680608 0.008062 0.004753
0 0.194491 0.684886 0.008062 0.004753
0 0.242190 0.684886 0.008062 0.004753
0 0.313067 0.678470 0.008062 0.004753
0 0.368828 0.682747 0.008062 0.004753
0 0.413168 0.682747 0.008062 0.004753
0 0.482701 0.676093 0.008062 0.004753
0 0.539805 0.680608 0.008062 0.004753
0 0.585489 0.680608 0.008062 0.004753
0 0.656365 0.673954 0.008062 0.004753
0 0.714814 0.682747 0.008398 0.004753
0 0.819953 0.682747 0.008398 0.004753
0 0.903258 0.684886 0.008062 0.004753
0 0.125294 0.879990 0.008062 0.004753
0 0.361438 0.897576 0.008062 0.004753
0 0.361438 0.882129 0.008062 0.004753
0 0.567350 0.897576 0.008062 0.004753
0 0.749076 0.906369 0.008062 0.004753
0 0.749076 0.890922 0.008062 0.004753
0 0.816930 0.875713 0.008062 0.004753
0 0.884783 0.875713 0.008062 0.004753
0 0.765872 0.447481 0.008062 0.004753
0 0.765872 0.438688 0.008062 0.004753
0 0.567014 0.838403 0.008398 0.004753
0 0.749076 0.840542 0.008062 0.004753
0 0.816930 0.840542 0.008062 0.004753
0 0.181727 0.241683 0.008062 0.004753
0 0.181727 0.237167 0.008062 0.004753
0 0.242862 0.241683 0.008062 0.004753
0 0.242862 0.237167 0.008062 0.004753
0 0.242862 0.232890 0.008062 0.004753
0 0.291569 0.241683 0.008062 0.004753
0 0.291569 0.237167 0.008062 0.004753
0 0.291569 0.232890 0.008062 0.004753
0 0.368828 0.243821 0.008062 0.004753
0 0.368828 0.235029 0.008062 0.004753
0 0.368828 0.230751 0.008062 0.004753
0 0.433994 0.243821 0.008062 0.004753
0 0.433994 0.235029 0.008062 0.004753
0 0.441384 0.232890 0.008062 0.004753
0 0.485724 0.243821 0.008062 0.004753
0 0.485724 0.235029 0.008062 0.004753
0 0.493114 0.232890 0.008062 0.004753
0 0.566678 0.241683 0.008062 0.004753
0 0.566678 0.237167 0.008062 0.004753
0 0.628821 0.241683 0.008062 0.004753
0 0.628821 0.237167 0.008062 0.004753
0 0.628821 0.232890 0.008062 0.004753
0 0.678871 0.241683 0.008062 0.004753
0 0.678871 0.237167 0.008062 0.004753
0 0.678871 0.232890 0.008062 0.004753
0 0.749076 0.243821 0.008062 0.004753
0 0.749076 0.235029 0.008062 0.004753
0 0.749076 0.230751 0.008062 0.004753
0 0.822976 0.243821 0.008062 0.004753
0 0.822976 0.235029 0.008062 0.004753
0 0.830030 0.232890 0.008062 0.004753
0 0.881760 0.243821 0.008062 0.004753
0 0.881760 0.235029 0.008062 0.004753
0 0.889150 0.232890 0.008062 0.004753
0 0.127645 0.445342 0.008062 0.004753
0 0.127645 0.440827 0.008062 0.004753
0 0.205240 0.445342 0.008062 0.004753
0 0.205240 0.440827 0.008062 0.004753
0 0.205240 0.436549 0.008062 0.004753
0 0.282499 0.445342 0.008062 0.004753
0 0.282499 0.440827 0.008062 0.004753
0 0.282499 0.436549 0.008062 0.004753
0 0.369835 0.445342 0.008062 0.004753
0 0.369835 0.438688 0.008062 0.004753
0 0.580450 0.447481 0.008398 0.004753
0 0.580450 0.438688 0.008398 0.004753
0 0.765872 0.427757 0.008062 0.004753
0 0.833725 0.432034 0.008062 0.004753
0 0.887807 0.434173 0.008062 0.004753
0 0.134699 0.637120 0.008062 0.004753
0 0.134699 0.632842 0.008062 0.004753
0 0.194491 0.637120 0.008062 0.004753
0 0.194491 0.632842 0.008062 0.004753
0 0.194491 0.628327 0.008062 0.004753
0 0.242190 0.637120 0.008062 0.004753
0 0.242190 0.632842 0.008062 0.004753
0 0.242190 0.628327 0.008062 0.004753
0 0.313067 0.634981 0.008062 0.004753
0 0.313067 0.630703 0.008062 0.004753
0 0.368828 0.634981 0.008062 0.004753
0 0.368828 0.630703 0.008062 0.004753
0 0.368828 0.626188 0.008062 0.004753
0 0.413168 0.634981 0.008062 0.004753
0 0.413168 0.630703 0.008062 0.004753
0 0.413168 0.626188 0.008062 0.004753
0 0.482701 0.634981 0.008062 0.004753
0 0.482701 0.628327 0.008062 0.004753
0 0.539805 0.634981 0.008062 0.004753
0 0.539805 0.628327 0.008062 0.004753
0 0.539805 0.624049 0.008062 0.004753
0 0.585489 0.634981 0.008062 0.004753
0 0.585489 0.628327 0.008062 0.004753
0 0.585489 0.624049 0.008062 0.004753
0 0.656365 0.634981 0.008062 0.004753
0 0.656365 0.626188 0.008062 0.004753
0 0.714814 0.634981 0.008398 0.004753
0 0.714814 0.626188 0.008398 0.004753
0 0.714814 0.621911 0.008398 0.004753
0 0.819953 0.634981 0.008398 0.004753
0 0.819953 0.626188 0.008398 0.004753
0 0.819953 0.621911 0.008398 0.004753
0 0.903258 0.637120 0.008062 0.004753
0 0.903258 0.628327 0.008062 0.004753
0 0.903258 0.621911 0.008062 0.004753
0 0.125294 0.840542 0.008062 0.004753
0 0.125294 0.829610 0.008062 0.004753
0 0.125294 0.825333 0.008062 0.004753
0 0.361438 0.840542 0.008062 0.004753
0 0.361438 0.829610 0.008062 0.004753
0 0.361438 0.825333 0.008062 0.004753
0 0.567014 0.834125 0.008398 0.004753
0 0.686597 0.831987 0.008062 0.004753
0 0.749076 0.829610 0.008062 0.004753
0 0.816930 0.829610 0.008062 0.004753
0 0.181727 0.172053 0.008062 0.004753
0 0.212294 0.167776 0.008062 0.004753
0 0.242862 0.167776 0.008062 0.004753
0 0.322136 0.167776 0.008062 0.004753
0 0.368828 0.169914 0.008062 0.004753
0 0.401411 0.165399 0.008062 0.004753
0 0.433994 0.167776 0.008062 0.004753
0 0.566678 0.172053 0.008062 0.004753
0 0.597917 0.167776 0.008062 0.004753
0 0.628821 0.167776 0.008062 0.004753
0 0.709775 0.167776 0.008062 0.004753
0 0.749076 0.169914 0.008062 0.004753
0 0.786026 0.165399 0.008062 0.004753
0 0.822976 0.167776 0.008062 0.004753
0 0.127645 0.379753 0.008062 0.004753
0 0.166275 0.375475 0.008062 0.004753
0 0.205240 0.373337 0.008062 0.004753
0 0.243870 0.370960 0.008062 0.004753
0 0.282499 0.368821 0.008062 0.004753
0 0.321465 0.364544 0.008062 0.004753
0 0.369835 0.379753 0.008062 0.004753
0 0.431307 0.377614 0.008062 0.004753
0 0.531072 0.381892 0.008062 0.004753
0 0.580786 0.366683 0.008062 0.004753
0 0.637555 0.370960 0.008062 0.004753
0 0.693987 0.373337 0.008062 0.004753
0 0.765872 0.375475 0.008398 0.004753
0 0.887807 0.375475 0.008062 0.004753
0 0.134699 0.565589 0.008062 0.004753
0 0.164595 0.561312 0.008062 0.004753
0 0.194491 0.561312 0.008062 0.004753
0 0.272086 0.561312 0.008062 0.004753
0 0.313067 0.563451 0.008062 0.004753
0 0.340947 0.558935 0.008062 0.004753
0 0.368828 0.558935 0.008062 0.004753
0 0.482701 0.561312 0.008062 0.004753
0 0.511253 0.556797 0.008062 0.004753
0 0.539805 0.556797 0.008062 0.004753
0 0.656365 0.558935 0.008062 0.004753
0 0.685590 0.554658 0.008062 0.004753
0 0.714814 0.554658 0.008398 0.004753
0 0.819953 0.554658 0.008398 0.004753
0 0.903258 0.554658 0.008062 0.004753
0 0.125294 0.757129 0.008062 0.004753
0 0.201209 0.759268 0.008062 0.004753
0 0.239503 0.761644 0.008062 0.004753
0 0.277461 0.763783 0.008062 0.004753
0 0.315418 0.765922 0.008062 0.004753
0 0.361438 0.761644 0.008062 0.004753
0 0.399731 0.772576 0.008062 0.004753
0 0.437689 0.768061 0.008062 0.004753
0 0.498488 0.765922 0.008062 0.004753
0 0.567350 0.765922 0.008062 0.004753
0 0.633524 0.772576 0.008062 0.004753
0 0.686597 0.774715 0.008062 0.004753
0 0.749076 0.776854 0.008062 0.004753
0 0.816930 0.776854 0.008062 0.004753
