0 0.142425 0.859553 0.009070 0.005228
0 0.172657 0.859553 0.009070 0.005228
0 0.210951 0.857177 0.009070 0.005228
0 0.248908 0.869534 0.009070 0.005228
0 0.301310 0.867158 0.009405 0.005228
0 0.406449 0.869534 0.009070 0.005228
0 0.507894 0.884268 0.009405 0.005228
0 0.606987 0.864544 0.013772 0.005228
0 0.735640 0.864544 0.013772 0.005228
0 0.144777 0.234553 0.009070 0.005228
0 0.144777 0.229563 0.009070 0.005228
0 0.166947 0.222196 0.009070 0.005228
0 0.166947 0.217205 0.009070 0.005228
0 0.189117 0.222196 0.009070 0.005228
0 0.189117 0.217205 0.009070 0.005228
0 0.211287 0.222196 0.009070 0.005228
0 0.211287 0.217205 0.009070 0.005228
0 0.233456 0.234553 0.009070 0.005228
0 0.233456 0.222196 0.009070 0.005228
0 0.255626 0.234553 0.009070 0.005228
0 0.255626 0.222196 0.009070 0.005228
0 0.278132 0.236930 0.009070 0.005228
0 0.278132 0.227186 0.009070 0.005228
0 0.300302 0.222196 0.009070 0.005228
0 0.308700 0.219582 0.009070 0.005228
0 0.322472 0.222196 0.009070 0.005228
0 0.330870 0.219582 0.009070 0.005228
0 0.344642 0.222196 0.009070 0.005228
0 0.353040 0.219582 0.009070 0.005228
0 0.366812 0.236930 0.009070 0.005228
0 0.366812 0.227186 0.009070 0.005228
0 0.394693 0.236930 0.009070 0.005228
0 0.394693 0.227186 0.009070 0.005228
0 0.435338 0.229563 0.009070 0.005228
0 0.435338 0.222196 0.009070 0.005228
0 0.455492 0.222196 0.009070 0.005228
0 0.463890 0.219582 0.009070 0.005228
0 0.475983 0.222196 0.009070 0.005228
0 0.484044 0.219582 0.009070 0.005228
0 0.496137 0.222196 0.009070 0.005228
0 0.504199 0.219582 0.009070 0.005228
0 0.516292 0.229563 0.009070 0.005228
0 0.516292 0.222196 0.009070 0.005228
0 0.536446 0.229563 0.009070 0.005228
0 0.536446 0.222196 0.009070 0.005228
0 0.556601 0.229563 0.009070 0.005228
0 0.556601 0.224572 0.009070 0.005228
0 0.576755 0.224572 0.009070 0.005228
0 0.576755 0.219582 0.009070 0.005228
0 0.596910 0.224572 0.009070 0.005228
0 0.596910 0.219582 0.009070 0.005228
0 0.617064 0.224572 0.009070 0.005228
0 0.617064 0.219582 0.009070 0.005228
0 0.637219 0.229563 0.009070 0.005228
0 0.637219 0.224572 0.009070 0.005228
0 0.657373 0.229563 0.009070 0.005228
0 0.657373 0.224572 0.009070 0.005228
0 0.689956 0.231939 0.009070 0.005228
0 0.689956 0.222196 0.009070 0.005228
0 0.762513 0.219582 0.009070 0.005228
0 0.830366 0.212215 0.009070 0.005228
0 0.892173 0.207462 0.009070 0.005228
0 0.142089 0.440352 0.009070 0.005228
0 0.202889 0.435361 0.009070 0.005228
0 0.276453 0.432747 0.009070 0.005228
0 0.337252 0.427994 0.009070 0.005228
0 0.411824 0.423004 0.013772 0.005228
0 0.699698 0.440352 0.009070 0.005228
0 0.761169 0.423004 0.009070 0.005228
0 0.827679 0.425380 0.009070 0.005228
0 0.889150 0.437738 0.009070 0.005228
0 0.149815 0.644962 0.009070 0.005228
0 0.218677 0.635219 0.009070 0.005228
0 0.282835 0.637595 0.009070 0.005228
0 0.346658 0.644962 0.009070 0.005228
0 0.423245 0.647576 0.009070 0.005228
0 0.485388 0.630228 0.009070 0.005228
0 0.552906 0.632842 0.009070 0.005228
0 0.615049 0.644962 0.009070 0.005228
0 0.694659 0.642586 0.009070 0.005228
0 0.763520 0.632842 0.009070 0.005228
0 0.827679 0.635219 0.009070 0.005228
0 0.891502 0.642586 0.009070 0.005228
0 0.142425 0.854800 0.009405 0.005228
0 0.210951 0.852186 0.009070 0.005228
0 0.248908 0.857177 0.009070 0.005228
0 0.300974 0.859553 0.009070 0.005228
0 0.336245 0.864544 0.009070 0.005228
0 0.371515 0.862167 0.009070 0.005228
0 0.406449 0.864544 0.009070 0.005228
0 0.482029 0.874525 0.009405 0.005228
0 0.482029 0.869534 0.009405 0.005228
0 0.482029 0.864544 0.009405 0.005228
0 0.534095 0.874525 0.009405 0.005228
0 0.534095 0.869534 0.009405 0.005228
0 0.542828 0.867158 0.009405 0.005228
0 0.607323 0.854800 0.009405 0.005228
0 0.665099 0.854800 0.009405 0.005228
0 0.735640 0.852186 0.009405 0.005228
0 0.793752 0.852186 0.009405 0.005228
0 0.860598 0.864544 0.009405 0.005228
0 0.860598 0.854800 0.009405 0.005228
0 0.913336 0.859553 0.009405 0.005228
0 0.913336 0.849810 0.009405 0.005228
0 0.144777 0.160409 0.009070 0.005228
0 0.144777 0.153042 0.009070 0.005228
0 0.166947 0.148289 0.009070 0.005228
0 0.166947 0.143298 0.009070 0.005228
0 0.189117 0.148289 0.009070 0.005228
0 0.189117 0.143298 0.009070 0.005228
0 0.211287 0.148289 0.009070 0.005228
0 0.211287 0.143298 0.009070 0.005228
0 0.233456 0.160409 0.009070 0.005228
0 0.233456 0.153042 0.009070 0.005228
0 0.255626 0.160409 0.009070 0.005228
0 0.255626 0.153042 0.009070 0.005228
0 0.278132 0.158032 0.009070 0.005228
0 0.278132 0.153042 0.009070 0.005228
0 0.300302 0.145675 0.009070 0.005228
0 0.300302 0.140684 0.009070 0.005228
0 0.322472 0.145675 0.009070 0.005228
0 0.322472 0.140684 0.009070 0.005228
0 0.344642 0.145675 0.009070 0.005228
0 0.344642 0.140684 0.009070 0.005228
0 0.366812 0.158032 0.009070 0.005228
0 0.366812 0.153042 0.009070 0.005228
0 0.394693 0.158032 0.009070 0.005228
0 0.394693 0.153042 0.009070 0.005228
0 0.435338 0.160409 0.009070 0.005228
0 0.435338 0.153042 0.009070 0.005228
0 0.455492 0.150665 0.009070 0.005228
0 0.455492 0.143298 0.009070 0.005228
0 0.475983 0.150665 0.009070 0.005228
0 0.475983 0.143298 0.009070 0.005228
0 0.496137 0.150665 0.009070 0.005228
0 0.496137 0.143298 0.009070 0.005228
0 0.516292 0.160409 0.009070 0.005228
0 0.516292 0.153042 0.009070 0.005228
0 0.536446 0.160409 0.009070 0.005228
0 0.536446 0.153042 0.009070 0.005228
0 0.556601 0.160409 0.009070 0.005228
0 0.556601 0.155656 0.009070 0.005228
0 0.576755 0.150665 0.009070 0.005228
0 0.576755 0.143298 0.009070 0.005228
0 0.596910 0.150665 0.009070 0.005228
0 0.596910 0.143298 0.009070 0.005228
0 0.617064 0.150665 0.009070 0.005228
0 0.617064 0.143298 0.009070 0.005228
0 0.637219 0.160409 0.009070 0.005228
0 0.637219 0.155656 0.009070 0.005228
0 0.657373 0.160409 0.009070 0.005228
0 0.657373 0.155656 0.009070 0.005228
0 0.689956 0.158032 0.009070 0.005228
0 0.689956 0.153042 0.009070 0.005228
0 0.712798 0.145675 0.009070 0.005228
0 0.712798 0.140684 0.009070 0.005228
0 0.732281 0.145675 0.009070 0.005228
0 0.732281 0.140684 0.009070 0.005228
0 0.762513 0.145675 0.009070 0.005228
0 0.762513 0.140684 0.009070 0.005228
0 0.781995 0.158032 0.009070 0.005228
0 0.781995 0.153042 0.009070 0.005228
0 0.806517 0.158032 0.009070 0.005228
0 0.806517 0.153042 0.009070 0.005228
0 0.830366 0.155656 0.009070 0.005228
0 0.830366 0.150665 0.009070 0.005228
0 0.853208 0.145675 0.009070 0.005228
0 0.853208 0.138308 0.009070 0.005228
0 0.872691 0.145675 0.009070 0.005228
0 0.872691 0.138308 0.009070 0.005228
0 0.892173 0.145675 0.009070 0.005228
0 0.892173 0.138308 0.009070 0.005228
0 0.911656 0.155656 0.009070 0.005228
0 0.911656 0.150665 0.009070 0.005228
0 0.931139 0.155656 0.009070 0.005228
0 0.931139 0.150665 0.009070 0.005228
0 0.142089 0.383555 0.009070 0.005228
0 0.142089 0.378565 0.009070 0.005228
0 0.162244 0.371198 0.009070 0.005228
0 0.162244 0.366207 0.009070 0.005228
0 0.182734 0.371198 0.009070 0.005228
0 0.182734 0.366207 0.009070 0.005228
0 0.202889 0.371198 0.009070 0.005228
0 0.202889 0.366207 0.009070 0.005228
0 0.223043 0.383555 0.009070 0.005228
0 0.223043 0.378565 0.009070 0.005228
0 0.243534 0.383555 0.009070 0.005228
0 0.243534 0.378565 0.009070 0.005228
0 0.276453 0.381179 0.009070 0.005228
0 0.276453 0.376188 0.009070 0.005228
0 0.296607 0.371198 0.009070 0.005228
0 0.296607 0.363831 0.009070 0.005228
0 0.317098 0.371198 0.009070 0.005228
0 0.317098 0.363831 0.009070 0.005228
0 0.337252 0.371198 0.009070 0.005228
0 0.337252 0.363831 0.009070 0.005228
0 0.357407 0.381179 0.009070 0.005228
0 0.357407 0.376188 0.009070 0.005228
0 0.377897 0.381179 0.009070 0.005228
0 0.377897 0.376188 0.009070 0.005228
0 0.411824 0.383555 0.009070 0.005228
0 0.411824 0.378565 0.009070 0.005228
0 0.432986 0.371198 0.009070 0.005228
0 0.432986 0.366207 0.009070 0.005228
0 0.454484 0.371198 0.009070 0.005228
0 0.454484 0.366207 0.009070 0.005228
0 0.475647 0.371198 0.009070 0.005228
0 0.475647 0.366207 0.009070 0.005228
0 0.497145 0.383555 0.009070 0.005228
0 0.497145 0.378565 0.009070 0.005228
0 0.532415 0.383555 0.009070 0.005228
0 0.532415 0.378565 0.009070 0.005228
0 0.554249 0.383555 0.009070 0.005228
0 0.554249 0.378565 0.009070 0.005228
0 0.575411 0.371198 0.009070 0.005228
0 0.575411 0.366207 0.009070 0.005228
0 0.596910 0.371198 0.009070 0.005228
0 0.596910 0.366207 0.009070 0.005228
0 0.618072 0.371198 0.009070 0.005228
0 0.618072 0.366207 0.009070 0.005228
0 0.639570 0.383555 0.009070 0.005228
0 0.639570 0.378565 0.009070 0.005228
0 0.666107 0.383555 0.009070 0.005228
0 0.666107 0.378565 0.009070 0.005228
0 0.699698 0.383555 0.009070 0.005228
0 0.699698 0.378565 0.009070 0.005228
0 0.720188 0.371198 0.009070 0.005228
0 0.720188 0.366207 0.009070 0.005228
0 0.740679 0.371198 0.009070 0.005228
0 0.740679 0.366207 0.009070 0.005228
0 0.761169 0.371198 0.009070 0.005228
0 0.761169 0.366207 0.009070 0.005228
0 0.781659 0.383555 0.009070 0.005228
0 0.781659 0.378565 0.009070 0.005228
0 0.807188 0.383555 0.009070 0.005228
0 0.807188 0.378565 0.009070 0.005228
0 0.827679 0.385932 0.009070 0.005228
0 0.827679 0.378565 0.009070 0.005228
0 0.848169 0.373574 0.009070 0.005228
0 0.848169 0.368821 0.009070 0.005228
0 0.868660 0.373574 0.009070 0.005228
0 0.868660 0.368821 0.009070 0.005228
0 0.889150 0.373574 0.009070 0.005228
0 0.889150 0.368821 0.009070 0.005228
0 0.909641 0.385932 0.009070 0.005228
0 0.909641 0.378565 0.009070 0.005228
0 0.935170 0.385932 0.009070 0.005228
0 0.935170 0.378565 0.009070 0.005228
0 0.149815 0.595532 0.009070 0.005228
0 0.149815 0.585551 0.009070 0.005228
0 0.176016 0.580798 0.009070 0.005228
0 0.184414 0.578184 0.009070 0.005228
0 0.197514 0.580798 0.009070 0.005228
0 0.205912 0.578184 0.009070 0.005228
0 0.218677 0.580798 0.009070 0.005228
0 0.227074 0.578184 0.009070 0.005228
0 0.240175 0.595532 0.009070 0.005228
0 0.240175 0.585551 0.009070 0.005228
0 0.261337 0.595532 0.009070 0.005228
0 0.261337 0.585551 0.009070 0.005228
0 0.282835 0.595532 0.009070 0.005228
0 0.282835 0.585551 0.009070 0.005228
0 0.303997 0.583175 0.009070 0.005228
0 0.303997 0.578184 0.009070 0.005228
0 0.325495 0.583175 0.009070 0.005228
0 0.325495 0.578184 0.009070 0.005228
0 0.346658 0.583175 0.009070 0.005228
0 0.346658 0.578184 0.009070 0.005228
0 0.368156 0.595532 0.009070 0.005228
0 0.368156 0.585551 0.009070 0.005228
0 0.389318 0.595532 0.009070 0.005228
0 0.389318 0.585551 0.009070 0.005228
0 0.423245 0.588165 0.009070 0.005228
0 0.423245 0.583175 0.009070 0.005228
0 0.444071 0.575808 0.009070 0.005228
0 0.444071 0.570817 0.009070 0.005228
0 0.464562 0.575808 0.009070 0.005228
0 0.464562 0.570817 0.009070 0.005228
0 0.485388 0.575808 0.009070 0.005228
0 0.485388 0.570817 0.009070 0.005228
0 0.506214 0.588165 0.009070 0.005228
0 0.506214 0.583175 0.009070 0.005228
0 0.532079 0.588165 0.009070 0.005228
0 0.532079 0.583175 0.009070 0.005228
0 0.552906 0.590542 0.009070 0.005228
0 0.552906 0.583175 0.009070 0.005228
0 0.573396 0.578184 0.009070 0.005228
0 0.573396 0.573194 0.009070 0.005228
0 0.594222 0.578184 0.009070 0.005228
0 0.594222 0.573194 0.009070 0.005228
0 0.615049 0.578184 0.009070 0.005228
0 0.615049 0.573194 0.009070 0.005228
0 0.635539 0.590542 0.009070 0.005228
0 0.635539 0.583175 0.009070 0.005228
0 0.661404 0.590542 0.009070 0.005228
0 0.661404 0.583175 0.009070 0.005228
0 0.694659 0.592918 0.009070 0.005228
0 0.694659 0.583175 0.009070 0.005228
0 0.720860 0.578184 0.009070 0.005228
0 0.729258 0.575808 0.009070 0.005228
0 0.742358 0.578184 0.009070 0.005228
0 0.750420 0.575808 0.009070 0.005228
0 0.763520 0.578184 0.009070 0.005228
0 0.771918 0.575808 0.009070 0.005228
0 0.785018 0.592918 0.009070 0.005228
0 0.785018 0.583175 0.009070 0.005228
0 0.806181 0.592918 0.009070 0.005228
0 0.806181 0.583175 0.009070 0.005228
0 0.827679 0.592918 0.009070 0.005228
0 0.827679 0.583175 0.009070 0.005228
0 0.848841 0.580798 0.009070 0.005228
0 0.848841 0.575808 0.009070 0.005228
0 0.870339 0.580798 0.009070 0.005228
0 0.870339 0.575808 0.009070 0.005228
0 0.891502 0.580798 0.009070 0.005228
0 0.891502 0.575808 0.009070 0.005228
0 0.913000 0.592918 0.009070 0.005228
0 0.913000 0.583175 0.009070 0.005228
0 0.934162 0.592918 0.009070 0.005228
0 0.934162 0.583175 0.009070 0.005228
0 0.142425 0.803945 0.009405 0.005228
0 0.142425 0.793964 0.009405 0.005228
0 0.142425 0.786597 0.009405 0.005228
0 0.210951 0.803945 0.009070 0.005228
0 0.210951 0.791587 0.009070 0.005228
0 0.210951 0.786597 0.009070 0.005228
0 0.248908 0.786597 0.009070 0.005228
0 0.248908 0.779230 0.009070 0.005228
0 0.300974 0.793964 0.009070 0.005228
0 0.300974 0.789211 0.009070 0.005228
0 0.327847 0.793964 0.009070 0.005228
0 0.336245 0.791587 0.009070 0.005228
0 0.371515 0.796578 0.009070 0.005228
0 0.371515 0.789211 0.009070 0.005228
0 0.406449 0.791587 0.009070 0.005228
0 0.406449 0.786597 0.009070 0.005228
0 0.482029 0.798954 0.009405 0.005228
0 0.482029 0.791587 0.009405 0.005228
0 0.482029 0.786597 0.009405 0.005228
0 0.482029 0.781844 0.009405 0.005228
0 0.534095 0.801568 0.009405 0.005228
0 0.525361 0.791587 0.009405 0.005228
0 0.534095 0.789211 0.009405 0.005228
0 0.534095 0.784221 0.009405 0.005228
0 0.623111 0.798954 0.009070 0.005228
0 0.623111 0.793964 0.009070 0.005228
0 0.623111 0.781844 0.009070 0.005228
0 0.648975 0.798954 0.009070 0.005228
0 0.648975 0.793964 0.009070 0.005228
0 0.648975 0.781844 0.009070 0.005228
0 0.681223 0.798954 0.009070 0.005228
0 0.681223 0.793964 0.009070 0.005228
0 0.681223 0.781844 0.009070 0.005228
0 0.706752 0.798954 0.009070 0.005228
0 0.706752 0.793964 0.009070 0.005228
0 0.706752 0.781844 0.009070 0.005228
0 0.751764 0.798954 0.009070 0.005228
0 0.751764 0.793964 0.009070 0.005228
0 0.751764 0.781844 0.009070 0.005228
0 0.777628 0.798954 0.009070 0.005228
0 0.777628 0.793964 0.009070 0.005228
0 0.777628 0.781844 0.009070 0.005228
0 0.809876 0.798954 0.009070 0.005228
0 0.809876 0.793964 0.009070 0.005228
0 0.809876 0.781844 0.009070 0.005228
0 0.835405 0.798954 0.009070 0.005228
0 0.835405 0.793964 0.009070 0.005228
0 0.835405 0.781844 0.009070 0.005228
0 0.882768 0.793964 0.009070 0.005228
0 0.882768 0.781844 0.009070 0.005228
0 0.882768 0.776854 0.009070 0.005228
0 0.913336 0.793964 0.009405 0.005228
0 0.913336 0.781844 0.009405 0.005228
0 0.913336 0.776854 0.009405 0.005228
0 0.144777 0.087690 0.009070 0.005228
0 0.211287 0.090067 0.009070 0.005228
0 0.278132 0.092681 0.009070 0.005228
0 0.380920 0.100048 0.009070 0.005228
0 0.435673 0.095057 0.009405 0.005228
0 0.556601 0.097671 0.009070 0.005228
0 0.689956 0.095057 0.009070 0.005228
0 0.794088 0.095057 0.009070 0.005228
0 0.830366 0.092681 0.009070 0.005228
0 0.892173 0.090067 0.009070 0.005228
0 0.142089 0.308460 0.009070 0.005228
0 0.202889 0.315827 0.009070 0.005228
0 0.276453 0.313451 0.009070 0.005228
0 0.337252 0.308460 0.009070 0.005228
0 0.411824 0.303470 0.009070 0.005228
0 0.510581 0.315827 0.009070 0.005228
0 0.554249 0.315827 0.009070 0.005228
0 0.618072 0.315827 0.009070 0.005228
0 0.699698 0.303470 0.009070 0.005228
0 0.794424 0.303470 0.009070 0.005228
0 0.827679 0.306084 0.009070 0.005228
0 0.922405 0.306084 0.009070 0.005228
0 0.150151 0.516635 0.009405 0.005228
0 0.282835 0.516635 0.009070 0.005228
0 0.423245 0.509268 0.009070 0.005228
0 0.518979 0.509268 0.009070 0.005228
0 0.552906 0.511644 0.009070 0.005228
0 0.648640 0.511644 0.009070 0.005228
0 0.694659 0.514259 0.009405 0.005228
0 0.142425 0.721483 0.009070 0.005228
0 0.191804 0.723859 0.009070 0.005228
0 0.210951 0.723859 0.009070 0.005228
0 0.229762 0.726473 0.009070 0.005228
0 0.248908 0.728850 0.009070 0.005228
0 0.267719 0.731464 0.009070 0.005228
0 0.301310 0.733840 0.009405 0.005228
0 0.371515 0.736217 0.009070 0.005228
0 0.406449 0.733840 0.009070 0.005228
0 0.439368 0.728850 0.009070 0.005228
0 0.482029 0.726473 0.009405 0.005228
0 0.559960 0.728850 0.009070 0.005228
0 0.607323 0.728850 0.009405 0.005228
