0 0.140746 0.434886 0.009070 0.004990
0 0.140746 0.418489 0.009070 0.004990
0 0.206248 0.434886 0.008734 0.004990
0 0.206248 0.418489 0.008734 0.004990
0 0.150151 0.203660 0.008734 0.004990
0 0.150151 0.182272 0.008734 0.004990
0 0.188445 0.179895 0.008734 0.004990
0 0.226738 0.179895 0.008734 0.004990
0 0.259657 0.179895 0.008734 0.004990
0 0.292576 0.177757 0.008734 0.004990
0 0.354720 0.196530 0.008734 0.004990
0 0.354720 0.175380 0.008734 0.004990
0 0.387639 0.175380 0.009070 0.004990
0 0.441048 0.179895 0.008734 0.004990
0 0.487068 0.187025 0.009070 0.004990
0 0.538126 0.182272 0.009070 0.004990
0 0.625126 0.201283 0.008734 0.004990
0 0.625126 0.184648 0.008734 0.004990
0 0.661740 0.184648 0.008734 0.004990
0 0.698354 0.184648 0.008734 0.004990
0 0.725563 0.182272 0.008734 0.004990
0 0.752771 0.182272 0.008734 0.004990
0 0.791401 0.179895 0.008734 0.004990
0 0.830366 0.177757 0.008734 0.004990
0 0.869332 0.177757 0.008734 0.004990
0 0.897884 0.177757 0.008734 0.004990
0 0.926772 0.175380 0.008734 0.004990
0 0.169634 0.416112 0.008734 0.004990
0 0.198186 0.416112 0.008734 0.004990
0 0.234128 0.416112 0.008734 0.004990
0 0.263352 0.413736 0.008734 0.004990
0 0.303997 0.413736 0.008734 0.004990
0 0.334901 0.411359 0.008734 0.004990
0 0.366140 0.411359 0.008734 0.004990
0 0.393685 0.411359 0.008734 0.004990
0 0.416863 0.408983 0.008734 0.004990
0 0.456836 0.444392 0.008734 0.004990
0 0.456836 0.427994 0.008734 0.004990
0 0.498824 0.411359 0.008734 0.004990
0 0.498824 0.406606 0.008734 0.004990
0 0.519651 0.397338 0.008734 0.004990
0 0.540477 0.411359 0.009070 0.004990
0 0.540477 0.406606 0.009070 0.004990
0 0.580786 0.397338 0.009070 0.004990
0 0.640242 0.411359 0.009070 0.004990
0 0.640242 0.406606 0.009070 0.004990
0 0.677864 0.397338 0.009070 0.004990
0 0.705408 0.411359 0.008734 0.004990
0 0.705408 0.406606 0.008734 0.004990
0 0.796103 0.444392 0.008734 0.004990
0 0.796103 0.427994 0.008734 0.004990
0 0.836412 0.411359 0.008734 0.004990
0 0.836412 0.404230 0.008734 0.004990
0 0.857911 0.399715 0.008734 0.004990
0 0.877729 0.411359 0.009070 0.004990
0 0.877729 0.404230 0.009070 0.004990
0 0.916695 0.399715 0.009070 0.004990
0 0.148136 0.634981 0.009070 0.004990
0 0.148136 0.627852 0.009070 0.004990
0 0.187437 0.623099 0.009070 0.004990
0 0.216325 0.634981 0.008734 0.004990
0 0.216325 0.627852 0.008734 0.004990
0 0.309036 0.668013 0.008734 0.004990
0 0.309036 0.651378 0.008734 0.004990
0 0.354048 0.634981 0.008734 0.004990
0 0.354048 0.630228 0.008734 0.004990
0 0.376554 0.620722 0.008734 0.004990
0 0.398724 0.634981 0.009070 0.004990
0 0.398724 0.630228 0.009070 0.004990
0 0.442392 0.620722 0.009070 0.004990
0 0.504871 0.634981 0.009070 0.004990
0 0.504871 0.630228 0.009070 0.004990
0 0.549211 0.620722 0.009070 0.004990
0 0.578771 0.634981 0.008734 0.004990
0 0.578771 0.630228 0.008734 0.004990
0 0.717837 0.677281 0.008734 0.004990
0 0.717837 0.660884 0.008734 0.004990
0 0.779980 0.660884 0.009070 0.004990
0 0.868324 0.649002 0.009070 0.004990
0 0.113201 0.875713 0.009070 0.004990
0 0.176688 0.859316 0.009070 0.004990
0 0.240511 0.875713 0.009070 0.004990
0 0.303997 0.859316 0.009070 0.004990
0 0.381928 0.875713 0.009070 0.004990
0 0.450789 0.859316 0.009070 0.004990
0 0.519651 0.875713 0.009070 0.004990
0 0.588512 0.859316 0.009070 0.004990
0 0.669466 0.875713 0.009070 0.004990
0 0.739335 0.859316 0.009070 0.004990
0 0.809540 0.875713 0.009070 0.004990
0 0.879409 0.859316 0.009070 0.004990
0 0.150151 0.142348 0.008734 0.004990
0 0.142425 0.132842 0.008734 0.004990
0 0.150151 0.130466 0.008734 0.004990
0 0.188445 0.139971 0.008734 0.004990
0 0.180383 0.132842 0.008734 0.004990
0 0.188445 0.130466 0.008734 0.004990
0 0.226738 0.139971 0.008734 0.004990
0 0.218677 0.132842 0.008734 0.004990
0 0.226738 0.130466 0.008734 0.004990
0 0.259657 0.139971 0.008734 0.004990
0 0.251596 0.132842 0.008734 0.004990
0 0.259657 0.130466 0.008734 0.004990
0 0.292576 0.137595 0.008734 0.004990
0 0.284515 0.132842 0.008734 0.004990
0 0.292576 0.130466 0.008734 0.004990
0 0.354720 0.135219 0.008734 0.004990
0 0.354720 0.130466 0.008734 0.004990
0 0.387639 0.135219 0.009070 0.004990
0 0.387639 0.130466 0.009070 0.004990
0 0.441048 0.139971 0.008734 0.004990
0 0.441048 0.135219 0.008734 0.004990
0 0.441048 0.130466 0.008734 0.004990
0 0.487068 0.147101 0.009070 0.004990
0 0.487068 0.135219 0.009070 0.004990
0 0.487068 0.130466 0.009070 0.004990
0 0.530064 0.142348 0.009070 0.004990
0 0.538126 0.139971 0.009070 0.004990
0 0.538126 0.130466 0.009070 0.004990
0 0.625126 0.144724 0.008734 0.004990
0 0.625126 0.132842 0.008734 0.004990
0 0.625126 0.128089 0.008734 0.004990
0 0.661740 0.144724 0.008734 0.004990
0 0.661740 0.132842 0.008734 0.004990
0 0.661740 0.128089 0.008734 0.004990
0 0.698354 0.144724 0.008734 0.004990
0 0.698354 0.132842 0.008734 0.004990
0 0.698354 0.128089 0.008734 0.004990
0 0.725563 0.142348 0.008734 0.004990
0 0.725563 0.132842 0.008734 0.004990
0 0.725563 0.128089 0.008734 0.004990
0 0.752771 0.142348 0.008734 0.004990
0 0.752771 0.132842 0.008734 0.004990
0 0.752771 0.128089 0.008734 0.004990
0 0.791401 0.139971 0.008734 0.004990
0 0.791401 0.132842 0.008734 0.004990
0 0.791401 0.128089 0.008734 0.004990
0 0.830366 0.137595 0.008734 0.004990
0 0.830366 0.132842 0.008734 0.004990
0 0.830366 0.128089 0.008734 0.004990
0 0.869332 0.137595 0.008734 0.004990
0 0.869332 0.132842 0.008734 0.004990
0 0.869332 0.128089 0.008734 0.004990
0 0.897884 0.137595 0.008734 0.004990
0 0.897884 0.132842 0.008734 0.004990
0 0.897884 0.128089 0.008734 0.004990
0 0.919046 0.135219 0.008734 0.004990
0 0.926772 0.132842 0.008734 0.004990
0 0.926772 0.128089 0.008734 0.004990
0 0.141082 0.365257 0.008734 0.004990
0 0.133020 0.351236 0.008734 0.004990
0 0.141082 0.348859 0.008734 0.004990
0 0.169634 0.362880 0.008734 0.004990
0 0.161572 0.351236 0.008734 0.004990
0 0.169634 0.348859 0.008734 0.004990
0 0.198186 0.362880 0.008734 0.004990
0 0.190460 0.351236 0.008734 0.004990
0 0.198186 0.348859 0.008734 0.004990
0 0.234128 0.362880 0.008734 0.004990
0 0.226067 0.351236 0.008734 0.004990
0 0.234128 0.348859 0.008734 0.004990
0 0.263352 0.360504 0.008734 0.004990
0 0.255626 0.351236 0.008734 0.004990
0 0.263352 0.348859 0.008734 0.004990
0 0.303997 0.360504 0.008734 0.004990
0 0.296271 0.351236 0.008734 0.004990
0 0.303997 0.348859 0.008734 0.004990
0 0.334901 0.358127 0.008734 0.004990
0 0.327175 0.351236 0.008734 0.004990
0 0.334901 0.348859 0.008734 0.004990
0 0.366140 0.358127 0.008734 0.004990
0 0.358079 0.351236 0.008734 0.004990
0 0.366140 0.348859 0.008734 0.004990
0 0.393685 0.358127 0.008734 0.004990
0 0.385959 0.351236 0.008734 0.004990
0 0.393685 0.348859 0.008734 0.004990
0 0.416863 0.355989 0.008734 0.004990
0 0.408801 0.351236 0.008734 0.004990
0 0.416863 0.348859 0.008734 0.004990
0 0.456836 0.358127 0.008734 0.004990
0 0.456836 0.353612 0.008734 0.004990
0 0.448774 0.344106 0.008734 0.004990
0 0.456836 0.341730 0.008734 0.004990
0 0.498824 0.355989 0.008734 0.004990
0 0.490763 0.344106 0.008734 0.004990
0 0.498824 0.341730 0.008734 0.004990
0 0.540477 0.355989 0.008734 0.004990
0 0.532751 0.344106 0.008734 0.004990
0 0.540477 0.341730 0.008734 0.004990
0 0.565670 0.355989 0.008734 0.004990
0 0.557608 0.344106 0.008734 0.004990
0 0.565670 0.341730 0.008734 0.004990
0 0.596574 0.353612 0.008734 0.004990
0 0.588512 0.344106 0.008734 0.004990
0 0.596574 0.341730 0.008734 0.004990
0 0.640578 0.353612 0.008734 0.004990
0 0.632852 0.344106 0.008734 0.004990
0 0.640578 0.341730 0.008734 0.004990
0 0.678200 0.351236 0.008734 0.004990
0 0.670138 0.344106 0.008734 0.004990
0 0.678200 0.341730 0.008734 0.004990
0 0.705408 0.351236 0.008734 0.004990
0 0.697346 0.344106 0.008734 0.004990
0 0.705408 0.341730 0.008734 0.004990
0 0.732953 0.351236 0.008734 0.004990
0 0.725227 0.344106 0.008734 0.004990
0 0.732953 0.341730 0.008734 0.004990
0 0.760833 0.348859 0.008734 0.004990
0 0.753107 0.344106 0.008734 0.004990
0 0.760833 0.341730 0.008734 0.004990
0 0.796103 0.358127 0.008734 0.004990
0 0.796103 0.346483 0.008734 0.004990
0 0.796103 0.341730 0.008734 0.004990
0 0.836412 0.355989 0.008734 0.004990
0 0.836412 0.346483 0.008734 0.004990
0 0.836412 0.341730 0.008734 0.004990
0 0.878065 0.355989 0.008734 0.004990
0 0.878065 0.346483 0.008734 0.004990
0 0.878065 0.341730 0.008734 0.004990
0 0.901915 0.355989 0.008734 0.004990
0 0.901915 0.346483 0.008734 0.004990
0 0.901915 0.341730 0.008734 0.004990
0 0.931811 0.353612 0.008734 0.004990
0 0.931811 0.346483 0.008734 0.004990
0 0.931811 0.341730 0.008734 0.004990
0 0.148472 0.578897 0.008734 0.004990
0 0.148472 0.571768 0.008734 0.004990
0 0.148472 0.567015 0.008734 0.004990
0 0.187773 0.576521 0.008734 0.004990
0 0.187773 0.571768 0.008734 0.004990
0 0.187773 0.567015 0.008734 0.004990
0 0.216325 0.576521 0.008734 0.004990
0 0.216325 0.571768 0.008734 0.004990
0 0.216325 0.567015 0.008734 0.004990
0 0.231441 0.574144 0.008734 0.004990
0 0.239503 0.571768 0.008734 0.004990
0 0.239503 0.567015 0.008734 0.004990
0 0.268727 0.571768 0.008734 0.004990
0 0.268727 0.567015 0.008734 0.004990
0 0.309036 0.583413 0.008734 0.004990
0 0.300974 0.569392 0.008734 0.004990
0 0.309036 0.567015 0.008734 0.004990
0 0.354048 0.581274 0.008734 0.004990
0 0.345986 0.569392 0.008734 0.004990
0 0.354048 0.567015 0.008734 0.004990
0 0.399059 0.581274 0.008734 0.004990
0 0.391334 0.569392 0.008734 0.004990
0 0.399059 0.567015 0.008734 0.004990
0 0.425932 0.581274 0.008734 0.004990
0 0.417870 0.569392 0.008734 0.004990
0 0.425932 0.567015 0.008734 0.004990
0 0.459187 0.578897 0.008734 0.004990
0 0.451125 0.569392 0.008734 0.004990
0 0.459187 0.567015 0.008734 0.004990
0 0.505207 0.578897 0.008734 0.004990
0 0.497145 0.569392 0.008734 0.004990
0 0.505207 0.567015 0.008734 0.004990
0 0.549547 0.576521 0.008734 0.004990
0 0.541485 0.569392 0.008734 0.004990
0 0.549547 0.567015 0.008734 0.004990
0 0.578771 0.576521 0.008734 0.004990
0 0.570709 0.569392 0.008734 0.004990
0 0.578771 0.567015 0.008734 0.004990
0 0.606315 0.576521 0.008734 0.004990
0 0.598589 0.569392 0.008734 0.004990
0 0.606315 0.567015 0.008734 0.004990
0 0.642929 0.574144 0.008734 0.004990
0 0.635203 0.569392 0.008734 0.004990
0 0.642929 0.567015 0.008734 0.004990
0 0.717837 0.576521 0.008734 0.004990
0 0.717837 0.571768 0.008734 0.004990
0 0.717837 0.567015 0.008734 0.004990
0 0.780316 0.578897 0.008734 0.004990
0 0.799127 0.581274 0.008734 0.004990
0 0.817938 0.578897 0.008734 0.004990
0 0.836748 0.578897 0.008734 0.004990
0 0.856567 0.581274 0.008734 0.004990
0 0.880417 0.578897 0.008734 0.004990
0 0.899227 0.576521 0.008734 0.004990
0 0.918038 0.578897 0.008734 0.004990
0 0.936849 0.576521 0.008734 0.004990
0 0.113537 0.802757 0.008734 0.004990
0 0.134699 0.805133 0.008734 0.004990
0 0.155862 0.802757 0.008734 0.004990
0 0.177024 0.800380 0.008734 0.004990
0 0.198186 0.802757 0.008734 0.004990
0 0.219684 0.800380 0.008734 0.004990
0 0.240846 0.800380 0.008734 0.004990
0 0.262009 0.802757 0.008734 0.004990
0 0.283171 0.800380 0.008734 0.004990
0 0.304333 0.798004 0.008734 0.004990
0 0.325495 0.800380 0.008734 0.004990
0 0.346658 0.798004 0.008734 0.004990
0 0.382264 0.795627 0.008734 0.004990
0 0.405106 0.798004 0.008734 0.004990
0 0.427948 0.798004 0.008734 0.004990
0 0.451125 0.800380 0.008734 0.004990
0 0.473967 0.800380 0.008734 0.004990
0 0.497145 0.802757 0.008734 0.004990
0 0.519987 0.795627 0.008734 0.004990
0 0.542828 0.798004 0.008734 0.004990
0 0.566006 0.798004 0.008734 0.004990
0 0.588848 0.800380 0.008734 0.004990
0 0.611690 0.800380 0.008734 0.004990
0 0.634867 0.802757 0.008734 0.004990
0 0.669466 0.795627 0.008734 0.004990
0 0.692980 0.798004 0.008734 0.004990
0 0.716157 0.798004 0.008734 0.004990
0 0.739671 0.800380 0.008734 0.004990
0 0.762849 0.800380 0.008734 0.004990
0 0.786362 0.802757 0.008734 0.004990
0 0.809540 0.795627 0.008734 0.004990
0 0.833053 0.798004 0.008734 0.004990
0 0.856231 0.798004 0.008734 0.004990
0 0.879745 0.800380 0.008734 0.004990
0 0.902922 0.800380 0.008734 0.004990
0 0.932146 0.802757 0.008734 0.004990
0 0.150151 0.080561 0.008734 0.004990
0 0.226738 0.080561 0.008734 0.004990
0 0.307692 0.080561 0.008734 0.004990
0 0.354384 0.063926 0.013100 0.004990
0 0.487068 0.063926 0.009070 0.004990
0 0.538462 0.073432 0.008734 0.004990
0 0.584145 0.073432 0.008734 0.004990
0 0.624790 0.063926 0.009070 0.004990
0 0.698018 0.066302 0.009070 0.004990
0 0.791401 0.066302 0.008734 0.004990
0 0.869332 0.073432 0.008734 0.004990
0 0.897884 0.078184 0.008734 0.004990
0 0.926772 0.082937 0.008734 0.004990
0 0.140746 0.295627 0.013100 0.004990
0 0.303661 0.297766 0.013100 0.004990
0 0.456500 0.300143 0.009070 0.004990
0 0.540477 0.300143 0.008734 0.004990
0 0.654350 0.526854 0.008734 0.004990
0 0.717837 0.519962 0.013100 0.004990
0 0.113201 0.743346 0.009070 0.004990
0 0.240511 0.743346 0.009070 0.004990
0 0.381928 0.743346 0.013100 0.004990
0 0.669466 0.743346 0.009070 0.004990
0 0.809540 0.743346 0.008734 0.004990
0 0.917702 0.743346 0.008734 0.004990
