0 0.165267 0.216492 0.009070 0.005228
0 0.165267 0.199144 0.009070 0.005228
0 0.215317 0.216492 0.009070 0.005228
0 0.215317 0.199144 0.009070 0.005228
0 0.265704 0.216492 0.009070 0.005228
0 0.265704 0.199144 0.009070 0.005228
0 0.316090 0.216492 0.009070 0.005228
0 0.316090 0.199144 0.009070 0.005228
0 0.391669 0.219106 0.009070 0.005228
0 0.391669 0.201759 0.009070 0.005228
0 0.425932 0.219106 0.009070 0.005228
0 0.425932 0.201759 0.009070 0.005228
0 0.459859 0.219106 0.009070 0.005228
0 0.459859 0.201759 0.009070 0.005228
0 0.494122 0.219106 0.009070 0.005228
0 0.494122 0.201759 0.009070 0.005228
0 0.552906 0.211502 0.009070 0.005228
0 0.552906 0.194154 0.009070 0.005228
0 0.606651 0.211502 0.009070 0.005228
0 0.606651 0.194154 0.009070 0.005228
0 0.691972 0.211502 0.009070 0.005228
0 0.691972 0.194154 0.009070 0.005228
0 0.745381 0.211502 0.009070 0.005228
0 0.745381 0.194154 0.009070 0.005228
0 0.811555 0.211502 0.009070 0.005228
0 0.811555 0.194154 0.009070 0.005228
0 0.845818 0.211502 0.009070 0.005228
0 0.845818 0.194154 0.009070 0.005228
0 0.879745 0.216492 0.009070 0.005228
0 0.879745 0.199144 0.009070 0.005228
0 0.914007 0.216492 0.009070 0.005228
0 0.914007 0.199144 0.009070 0.005228
0 0.155526 0.438688 0.009070 0.005228
0 0.155526 0.421340 0.009070 0.005228
0 0.223379 0.438688 0.009070 0.005228
0 0.223379 0.421340 0.009070 0.005228
0 0.290897 0.438688 0.009070 0.005228
0 0.290897 0.421340 0.009070 0.005228
0 0.358750 0.438688 0.009070 0.005228
0 0.358750 0.421340 0.009070 0.005228
0 0.437353 0.438688 0.009070 0.005228
0 0.437353 0.421340 0.009070 0.005228
0 0.489419 0.438688 0.009070 0.005228
0 0.489419 0.421340 0.009070 0.005228
0 0.541821 0.443679 0.009070 0.005228
0 0.541821 0.426331 0.009070 0.005228
0 0.594222 0.443679 0.009070 0.005228
0 0.594222 0.426331 0.009070 0.005228
0 0.669802 0.448432 0.009070 0.005228
0 0.669802 0.431321 0.009070 0.005228
0 0.739671 0.443679 0.009070 0.005228
0 0.739671 0.426331 0.009070 0.005228
0 0.809204 0.436074 0.009070 0.005228
0 0.809204 0.418726 0.009070 0.005228
0 0.879073 0.453422 0.009070 0.005228
0 0.879073 0.436074 0.009070 0.005228
0 0.149815 0.669202 0.009070 0.005228
0 0.149815 0.651854 0.009070 0.005228
0 0.184078 0.669202 0.009070 0.005228
0 0.184078 0.651854 0.009070 0.005228
0 0.218677 0.669202 0.009070 0.005228
0 0.218677 0.651854 0.009070 0.005228
0 0.253275 0.669202 0.009070 0.005228
0 0.253275 0.651854 0.009070 0.005228
0 0.314410 0.671816 0.009070 0.005228
0 0.314410 0.654468 0.009070 0.005228
0 0.350689 0.671816 0.009070 0.005228
0 0.350689 0.654468 0.009070 0.005228
0 0.386967 0.669202 0.009070 0.005228
0 0.386967 0.651854 0.009070 0.005228
0 0.423245 0.669202 0.009070 0.005228
0 0.423245 0.651854 0.009070 0.005228
0 0.473631 0.671816 0.009070 0.005228
0 0.473631 0.654468 0.009070 0.005228
0 0.512261 0.674192 0.009070 0.005228
0 0.512261 0.656844 0.009070 0.005228
0 0.550890 0.676568 0.009070 0.005228
0 0.550890 0.659221 0.009070 0.005228
0 0.589520 0.676568 0.009070 0.005228
0 0.589520 0.659221 0.009070 0.005228
0 0.640578 0.674192 0.009070 0.005228
0 0.640578 0.656844 0.009070 0.005228
0 0.677864 0.676568 0.009070 0.005228
0 0.677864 0.659221 0.009070 0.005228
0 0.715149 0.679183 0.009070 0.005228
0 0.715149 0.661835 0.009070 0.005228
0 0.752435 0.679183 0.009070 0.005228
0 0.752435 0.661835 0.009070 0.005228
0 0.803493 0.676568 0.009070 0.005228
0 0.803493 0.659221 0.009070 0.005228
0 0.840107 0.676568 0.009070 0.005228
0 0.840107 0.659221 0.009070 0.005228
0 0.877729 0.674192 0.009070 0.005228
0 0.877729 0.656844 0.009070 0.005228
0 0.914343 0.674192 0.009070 0.005228
0 0.914343 0.656844 0.009070 0.005228
0 0.149479 0.902091 0.009070 0.005228
0 0.149479 0.884743 0.009070 0.005228
0 0.189117 0.902091 0.009070 0.005228
0 0.189117 0.884743 0.009070 0.005228
0 0.228754 0.902091 0.009070 0.005228
0 0.228754 0.884743 0.009070 0.005228
0 0.268391 0.902091 0.009070 0.005228
0 0.268391 0.884743 0.009070 0.005228
0 0.335909 0.907082 0.009070 0.005228
0 0.335909 0.889734 0.009070 0.005228
0 0.378233 0.902091 0.009070 0.005228
0 0.378233 0.884743 0.009070 0.005228
0 0.429291 0.894724 0.009070 0.005228
0 0.429291 0.877376 0.009070 0.005228
0 0.471952 0.912072 0.009070 0.005228
0 0.471952 0.894724 0.009070 0.005228
0 0.537454 0.907082 0.009070 0.005228
0 0.537454 0.889734 0.009070 0.005228
0 0.590863 0.907082 0.009070 0.005228
0 0.590863 0.889734 0.009070 0.005228
0 0.669802 0.899715 0.009070 0.005228
0 0.669802 0.882367 0.009070 0.005228
0 0.723211 0.899715 0.009070 0.005228
0 0.723211 0.882367 0.009070 0.005228
0 0.797111 0.902091 0.009070 0.005228
0 0.797111 0.884743 0.009070 0.005228
0 0.835741 0.902091 0.009070 0.005228
0 0.835741 0.884743 0.009070 0.005228
0 0.874370 0.902091 0.009070 0.005228
0 0.874370 0.884743 0.009070 0.005228
0 0.913336 0.902091 0.009070 0.005228
0 0.913336 0.884743 0.009070 0.005228
0 0.190124 0.161835 0.009070 0.005228
0 0.190124 0.151854 0.009070 0.005228
0 0.190124 0.144487 0.009070 0.005228
0 0.240511 0.161835 0.009070 0.005228
0 0.240511 0.151854 0.009070 0.005228
0 0.240511 0.144487 0.009070 0.005228
0 0.290897 0.161835 0.009070 0.005228
0 0.290897 0.151854 0.009070 0.005228
0 0.290897 0.144487 0.009070 0.005228
0 0.348001 0.161835 0.009070 0.005228
0 0.348001 0.151854 0.009070 0.005228
0 0.348001 0.144487 0.009070 0.005228
0 0.408801 0.159221 0.009070 0.005228
0 0.408801 0.151854 0.009070 0.005228
0 0.408801 0.146863 0.009070 0.005228
0 0.443063 0.159221 0.009070 0.005228
0 0.443063 0.151854 0.009070 0.005228
0 0.443063 0.146863 0.009070 0.005228
0 0.476990 0.159221 0.009070 0.005228
0 0.476990 0.151854 0.009070 0.005228
0 0.476990 0.146863 0.009070 0.005228
0 0.511253 0.159221 0.009070 0.005228
0 0.511253 0.151854 0.009070 0.005228
0 0.511253 0.146863 0.009070 0.005228
0 0.579778 0.159221 0.009070 0.005228
0 0.579778 0.154230 0.009070 0.005228
0 0.579778 0.146863 0.009070 0.005228
0 0.649647 0.159221 0.009070 0.005228
0 0.649647 0.154230 0.009070 0.005228
0 0.649647 0.146863 0.009070 0.005228
0 0.718509 0.159221 0.009070 0.005228
0 0.718509 0.154230 0.009070 0.005228
0 0.718509 0.146863 0.009070 0.005228
0 0.773598 0.159221 0.009070 0.005228
0 0.773598 0.154230 0.009070 0.005228
0 0.773598 0.146863 0.009070 0.005228
0 0.828687 0.159221 0.009070 0.005228
0 0.836748 0.156844 0.009070 0.005228
0 0.828687 0.146863 0.009070 0.005228
0 0.862613 0.159221 0.009070 0.005228
0 0.871011 0.156844 0.009070 0.005228
0 0.862613 0.146863 0.009070 0.005228
0 0.896876 0.159221 0.009070 0.005228
0 0.905274 0.156844 0.009070 0.005228
0 0.896876 0.146863 0.009070 0.005228
0 0.931139 0.159221 0.009070 0.005228
0 0.939201 0.156844 0.009070 0.005228
0 0.931139 0.146863 0.009070 0.005228
0 0.189452 0.393061 0.009070 0.005228
0 0.189452 0.383317 0.009070 0.005228
0 0.197850 0.380703 0.009070 0.005228
0 0.256970 0.393061 0.009070 0.005228
0 0.256970 0.383317 0.009070 0.005228
0 0.265368 0.380703 0.009070 0.005228
0 0.324824 0.393061 0.009070 0.005228
0 0.324824 0.383317 0.009070 0.005228
0 0.333221 0.380703 0.009070 0.005228
0 0.392341 0.393061 0.009070 0.005228
0 0.392341 0.383317 0.009070 0.005228
0 0.400739 0.380703 0.009070 0.005228
0 0.463554 0.393061 0.009070 0.005228
0 0.463554 0.388070 0.009070 0.005228
0 0.471616 0.385694 0.009070 0.005228
0 0.515620 0.393061 0.009070 0.005228
0 0.515620 0.388070 0.009070 0.005228
0 0.524017 0.385694 0.009070 0.005228
0 0.568021 0.393061 0.009070 0.005228
0 0.568021 0.388070 0.009070 0.005228
0 0.576419 0.385694 0.009070 0.005228
0 0.620423 0.393061 0.009070 0.005228
0 0.620423 0.388070 0.009070 0.005228
0 0.628821 0.385694 0.009070 0.005228
0 0.704736 0.395675 0.009070 0.005228
0 0.704736 0.385694 0.009070 0.005228
0 0.704736 0.378327 0.009070 0.005228
0 0.774605 0.393061 0.009070 0.005228
0 0.774605 0.385694 0.009070 0.005228
0 0.774605 0.375713 0.009070 0.005228
0 0.844138 0.390684 0.009070 0.005228
0 0.844138 0.385694 0.009070 0.005228
0 0.844138 0.373337 0.009070 0.005228
0 0.919046 0.390684 0.009070 0.005228
0 0.919046 0.385694 0.009070 0.005228
0 0.919046 0.373337 0.009070 0.005228
0 0.166947 0.618108 0.009070 0.005228
0 0.166947 0.608127 0.009070 0.005228
0 0.166947 0.600760 0.009070 0.005228
0 0.201545 0.618108 0.009070 0.005228
0 0.201545 0.608127 0.009070 0.005228
0 0.201545 0.600760 0.009070 0.005228
0 0.235808 0.618108 0.009070 0.005228
0 0.235808 0.610741 0.009070 0.005228
0 0.235808 0.600760 0.009070 0.005228
0 0.270406 0.618108 0.009070 0.005228
0 0.270406 0.610741 0.009070 0.005228
0 0.270406 0.600760 0.009070 0.005228
0 0.332550 0.613118 0.009070 0.005228
0 0.332550 0.608127 0.009070 0.005228
0 0.332550 0.600760 0.009070 0.005228
0 0.368828 0.613118 0.009070 0.005228
0 0.368828 0.608127 0.009070 0.005228
0 0.368828 0.600760 0.009070 0.005228
0 0.405106 0.610741 0.009070 0.005228
0 0.405106 0.600760 0.009070 0.005228
0 0.405106 0.593394 0.009070 0.005228
0 0.441048 0.610741 0.009070 0.005228
0 0.441048 0.600760 0.009070 0.005228
0 0.441048 0.593394 0.009070 0.005228
0 0.493114 0.615732 0.009070 0.005228
0 0.493114 0.608127 0.009070 0.005228
0 0.493114 0.603375 0.009070 0.005228
0 0.493114 0.598384 0.009070 0.005228
0 0.531743 0.615732 0.009070 0.005228
0 0.531743 0.608127 0.009070 0.005228
0 0.531743 0.603375 0.009070 0.005228
0 0.531743 0.598384 0.009070 0.005228
0 0.561975 0.603375 0.009070 0.005228
0 0.570373 0.600760 0.009070 0.005228
0 0.570373 0.591017 0.009070 0.005228
0 0.600605 0.603375 0.009070 0.005228
0 0.609002 0.600760 0.009070 0.005228
0 0.609002 0.591017 0.009070 0.005228
0 0.659053 0.618108 0.009070 0.005228
0 0.659053 0.610741 0.009070 0.005228
0 0.659053 0.605751 0.009070 0.005228
0 0.659053 0.600760 0.009070 0.005228
0 0.696675 0.618108 0.009070 0.005228
0 0.696675 0.610741 0.009070 0.005228
0 0.696675 0.605751 0.009070 0.005228
0 0.696675 0.600760 0.009070 0.005228
0 0.725563 0.605751 0.009070 0.005228
0 0.733960 0.603375 0.009070 0.005228
0 0.733960 0.593394 0.009070 0.005228
0 0.762849 0.605751 0.009070 0.005228
0 0.771246 0.603375 0.009070 0.005228
0 0.771246 0.593394 0.009070 0.005228
0 0.821633 0.618108 0.009070 0.005228
0 0.821633 0.608127 0.009070 0.005228
0 0.821633 0.603375 0.009070 0.005228
0 0.830030 0.600760 0.009070 0.005228
0 0.858247 0.618108 0.009070 0.005228
0 0.858247 0.608127 0.009070 0.005228
0 0.858247 0.603375 0.009070 0.005228
0 0.866644 0.600760 0.009070 0.005228
0 0.895868 0.618108 0.009070 0.005228
0 0.895868 0.610741 0.009070 0.005228
0 0.895868 0.605751 0.009070 0.005228
0 0.932482 0.618108 0.009070 0.005228
0 0.932482 0.610741 0.009070 0.005228
0 0.932482 0.605751 0.009070 0.005228
0 0.169298 0.851236 0.009070 0.005228
0 0.169298 0.846483 0.009070 0.005228
0 0.169298 0.841492 0.009070 0.005228
0 0.208935 0.851236 0.009070 0.005228
0 0.208935 0.846483 0.009070 0.005228
0 0.208935 0.841492 0.009070 0.005228
0 0.248572 0.853850 0.009070 0.005228
0 0.248572 0.843869 0.009070 0.005228
0 0.256634 0.841492 0.009070 0.005228
0 0.288210 0.853850 0.009070 0.005228
0 0.288210 0.843869 0.009070 0.005228
0 0.296271 0.841492 0.009070 0.005228
0 0.357071 0.851236 0.009070 0.005228
0 0.357071 0.841492 0.009070 0.005228
0 0.357071 0.833888 0.009070 0.005228
0 0.399395 0.848859 0.009070 0.005228
0 0.399395 0.841492 0.009070 0.005228
0 0.399395 0.831511 0.009070 0.005228
0 0.450789 0.846483 0.009070 0.005228
0 0.450789 0.841492 0.009070 0.005228
0 0.450789 0.829135 0.009070 0.005228
0 0.493114 0.846483 0.009070 0.005228
0 0.493114 0.841492 0.009070 0.005228
0 0.493114 0.829135 0.009070 0.005228
0 0.564327 0.851236 0.009070 0.005228
0 0.564327 0.841492 0.009070 0.005228
0 0.564327 0.833888 0.009070 0.005228
0 0.633524 0.851236 0.009070 0.005228
0 0.633524 0.841492 0.009070 0.005228
0 0.633524 0.833888 0.009070 0.005228
0 0.696339 0.851236 0.009070 0.005228
0 0.696339 0.843869 0.009070 0.005228
0 0.696339 0.833888 0.009070 0.005228
0 0.749748 0.851236 0.009070 0.005228
0 0.749748 0.843869 0.009070 0.005228
0 0.749748 0.833888 0.009070 0.005228
0 0.816258 0.841492 0.009070 0.005228
0 0.816258 0.833888 0.009070 0.005228
0 0.816258 0.829135 0.009070 0.005228
0 0.855223 0.851236 0.009070 0.005228
0 0.855223 0.846483 0.009070 0.005228
0 0.855223 0.838878 0.009070 0.005228
0 0.893853 0.848859 0.009070 0.005228
0 0.893853 0.841492 0.009070 0.005228
0 0.893853 0.836502 0.009070 0.005228
0 0.932482 0.848859 0.009070 0.005228
0 0.932482 0.841492 0.009070 0.005228
0 0.932482 0.836502 0.009070 0.005228
0 0.165267 0.075570 0.009070 0.005228
0 0.215317 0.075570 0.009070 0.005228
0 0.240511 0.072956 0.009070 0.005228
0 0.265704 0.070580 0.009070 0.005228
0 0.316090 0.070580 0.009070 0.005228
0 0.348001 0.068203 0.009070 0.005228
0 0.391669 0.065589 0.009405 0.005228
0 0.494122 0.065589 0.009070 0.005228
0 0.552906 0.077947 0.009070 0.005228
0 0.606651 0.077947 0.009070 0.005228
0 0.649647 0.077947 0.009070 0.005228
0 0.691972 0.077947 0.009070 0.005228
0 0.745381 0.077947 0.009070 0.005228
0 0.773598 0.075570 0.009070 0.005228
0 0.811555 0.072956 0.009405 0.005228
0 0.914007 0.072956 0.009070 0.005228
0 0.155526 0.304420 0.009070 0.005228
0 0.223379 0.304420 0.009070 0.005228
0 0.256970 0.304420 0.009070 0.005228
0 0.290897 0.304420 0.009070 0.005228
0 0.358750 0.304420 0.009070 0.005228
0 0.392341 0.302044 0.009070 0.005228
0 0.437353 0.299430 0.009405 0.005228
0 0.594222 0.314401 0.009070 0.005228
0 0.620423 0.314401 0.009070 0.005228
0 0.669802 0.307034 0.009070 0.005228
0 0.739671 0.304420 0.009070 0.005228
0 0.774605 0.304420 0.009070 0.005228
0 0.809204 0.302044 0.009070 0.005228
0 0.879073 0.302044 0.009070 0.005228
0 0.919046 0.302044 0.009070 0.005228
0 0.149815 0.526616 0.009405 0.005228
0 0.218677 0.536359 0.009070 0.005228
0 0.253275 0.533983 0.009070 0.005228
0 0.314746 0.543964 0.009405 0.005228
0 0.268391 0.771863 0.009070 0.005228
0 0.288210 0.771863 0.009070 0.005228
0 0.335909 0.764496 0.009070 0.005228
0 0.378233 0.762120 0.009070 0.005228
0 0.399395 0.762120 0.009070 0.005228
0 0.429291 0.759506 0.009070 0.005228
0 0.493114 0.759506 0.009070 0.005228
0 0.537454 0.754753 0.009070 0.005228
0 0.590863 0.757129 0.009070 0.005228
0 0.633524 0.759506 0.009070 0.005228
0 0.669802 0.762120 0.009070 0.005228
0 0.723211 0.764496 0.009070 0.005228
0 0.749748 0.762120 0.009070 0.005228
0 0.797111 0.759506 0.009405 0.005228
0 0.874370 0.762120 0.009070 0.005228
0 0.932482 0.771863 0.009070 0.005228
