0 0.213974 0.589591 0.009741 0.005703
0 0.349681 0.344106 0.009741 0.005703
0 0.349681 0.338641 0.009741 0.005703
0 0.363789 0.344106 0.009741 0.005703
0 0.363789 0.338641 0.009741 0.005703
0 0.377561 0.344106 0.009741 0.005703
0 0.377561 0.338641 0.009741 0.005703
0 0.391669 0.344106 0.009741 0.005703
0 0.391669 0.338641 0.009741 0.005703
0 0.405442 0.344106 0.009741 0.005703
0 0.405442 0.338641 0.009741 0.005703
0 0.419214 0.344106 0.009741 0.005703
0 0.419214 0.338641 0.009741 0.005703
0 0.433322 0.346721 0.009741 0.005703
0 0.433322 0.338641 0.009741 0.005703
0 0.433322 0.333175 0.009741 0.005703
0 0.447094 0.346721 0.009741 0.005703
0 0.447094 0.338641 0.009741 0.005703
0 0.447094 0.333175 0.009741 0.005703
0 0.460867 0.346721 0.009741 0.005703
0 0.460867 0.338641 0.009741 0.005703
0 0.460867 0.333175 0.009741 0.005703
0 0.485388 0.346721 0.009741 0.005703
0 0.485388 0.338641 0.009741 0.005703
0 0.485388 0.333175 0.009741 0.005703
0 0.499160 0.346721 0.009741 0.005703
0 0.499160 0.338641 0.009741 0.005703
0 0.499160 0.333175 0.009741 0.005703
0 0.512932 0.346721 0.009741 0.005703
0 0.512932 0.338641 0.009741 0.005703
0 0.512932 0.333175 0.009741 0.005703
0 0.551226 0.349335 0.009741 0.005703
0 0.551226 0.338641 0.009741 0.005703
0 0.551226 0.333175 0.009741 0.005703
0 0.567014 0.349335 0.009741 0.005703
0 0.567014 0.338641 0.009741 0.005703
0 0.567014 0.333175 0.009741 0.005703
0 0.582466 0.349335 0.009741 0.005703
0 0.582466 0.338641 0.009741 0.005703
0 0.582466 0.333175 0.009741 0.005703
0 0.597917 0.352186 0.009741 0.005703
0 0.597917 0.338641 0.009741 0.005703
0 0.597917 0.333175 0.009741 0.005703
0 0.613369 0.352186 0.009741 0.005703
0 0.613369 0.338641 0.009741 0.005703
0 0.613369 0.333175 0.009741 0.005703
0 0.629157 0.352186 0.009741 0.005703
0 0.629157 0.338641 0.009741 0.005703
0 0.629157 0.333175 0.009741 0.005703
0 0.654686 0.354800 0.009741 0.005703
0 0.654686 0.344106 0.009741 0.005703
0 0.654686 0.336027 0.009741 0.005703
0 0.672489 0.354800 0.009741 0.005703
0 0.672489 0.344106 0.009741 0.005703
0 0.672489 0.336027 0.009741 0.005703
0 0.690292 0.354800 0.009741 0.005703
0 0.690292 0.344106 0.009741 0.005703
0 0.690292 0.336027 0.009741 0.005703
0 0.715821 0.354800 0.009741 0.005703
0 0.715821 0.344106 0.009741 0.005703
0 0.715821 0.336027 0.009741 0.005703
0 0.746389 0.354800 0.009741 0.005703
0 0.746389 0.336027 0.009741 0.005703
0 0.794760 0.357414 0.009741 0.005703
0 0.794760 0.338641 0.009741 0.005703
0 0.826671 0.357414 0.009741 0.005703
0 0.826671 0.338641 0.009741 0.005703
0 0.858247 0.360266 0.009741 0.005703
0 0.858247 0.341255 0.009741 0.005703
0 0.890158 0.368346 0.009741 0.005703
0 0.890158 0.349335 0.009741 0.005703
0 0.907625 0.379040 0.009741 0.005703
0 0.907625 0.360266 0.009741 0.005703
0 0.930803 0.341255 0.009741 0.005703
0 0.930803 0.322481 0.009741 0.005703
0 0.154518 0.586977 0.009741 0.005703
0 0.154518 0.567966 0.009741 0.005703
0 0.184414 0.586977 0.009741 0.005703
0 0.184414 0.567966 0.009741 0.005703
0 0.213974 0.589591 0.009741 0.005703
0 0.213974 0.570817 0.009741 0.005703
0 0.242862 0.592205 0.009741 0.005703
0 0.242862 0.573432 0.009741 0.005703
0 0.256298 0.595057 0.009741 0.005703
0 0.256298 0.589591 0.009741 0.005703
0 0.256298 0.576046 0.009741 0.005703
0 0.299631 0.595057 0.010413 0.005703
0 0.299631 0.589591 0.010413 0.005703
0 0.299631 0.576046 0.010413 0.005703
0 0.621095 0.605751 0.009741 0.005703
0 0.670474 0.600285 0.009741 0.005703
0 0.750756 0.597671 0.009741 0.005703
0 0.817602 0.595057 0.009741 0.005703
0 0.869332 0.589591 0.009741 0.005703
0 0.887135 0.584125 0.009741 0.005703
0 0.358079 0.838403 0.009741 0.005703
0 0.408465 0.838403 0.009741 0.005703
0 0.485388 0.835789 0.009741 0.005703
0 0.546859 0.827709 0.009741 0.005703
0 0.599933 0.835789 0.009741 0.005703
0 0.618072 0.846483 0.009741 0.005703
0 0.695331 0.822243 0.010413 0.005703
0 0.822976 0.824857 0.009741 0.005703
0 0.889486 0.827709 0.009741 0.005703
0 0.922741 0.830323 0.009741 0.005703
0 0.305005 0.305608 0.009741 0.005703
0 0.349681 0.300143 0.009741 0.005703
0 0.391669 0.297529 0.009741 0.005703
0 0.433322 0.292063 0.009741 0.005703
0 0.472959 0.286835 0.009741 0.005703
0 0.485388 0.278755 0.009741 0.005703
0 0.512932 0.297529 0.009741 0.005703
0 0.551226 0.294914 0.009741 0.005703
0 0.597917 0.292063 0.009741 0.005703
0 0.654686 0.283983 0.009741 0.005703
0 0.702049 0.278755 0.009741 0.005703
0 0.715821 0.292063 0.009741 0.005703
0 0.715821 0.283983 0.009741 0.005703
0 0.715821 0.273289 0.009741 0.005703
0 0.794760 0.292063 0.009741 0.005703
0 0.794760 0.283983 0.009741 0.005703
0 0.794760 0.278755 0.009741 0.005703
0 0.794760 0.273289 0.009741 0.005703
0 0.826671 0.289449 0.009741 0.005703
0 0.826671 0.283983 0.009741 0.005703
0 0.826671 0.278755 0.009741 0.005703
0 0.826671 0.270675 0.009741 0.005703
0 0.858247 0.289449 0.009741 0.005703
0 0.858247 0.283983 0.009741 0.005703
0 0.858247 0.278755 0.009741 0.005703
0 0.858247 0.270675 0.009741 0.005703
0 0.930803 0.289449 0.009741 0.005703
0 0.930803 0.283983 0.009741 0.005703
0 0.930803 0.275903 0.009741 0.005703
0 0.930803 0.270675 0.009741 0.005703
0 0.154518 0.522576 0.009741 0.005703
0 0.154518 0.517348 0.009741 0.005703
0 0.154518 0.509268 0.009741 0.005703
0 0.154518 0.503802 0.009741 0.005703
0 0.184414 0.517348 0.009741 0.005703
0 0.184414 0.509268 0.009741 0.005703
0 0.184414 0.503802 0.009741 0.005703
0 0.184414 0.498337 0.009741 0.005703
0 0.213974 0.509268 0.010413 0.005703
0 0.213974 0.501188 0.010413 0.005703
0 0.213974 0.495722 0.010413 0.005703
0 0.213974 0.490257 0.010413 0.005703
0 0.299631 0.509268 0.010413 0.005703
0 0.299631 0.501188 0.010413 0.005703
0 0.299631 0.495722 0.010413 0.005703
0 0.299631 0.490257 0.010413 0.005703
0 0.410480 0.530656 0.009741 0.005703
0 0.410480 0.525428 0.009741 0.005703
0 0.410480 0.519962 0.009741 0.005703
0 0.430299 0.530656 0.009741 0.005703
0 0.430299 0.525428 0.009741 0.005703
0 0.430299 0.519962 0.009741 0.005703
0 0.450118 0.530656 0.009741 0.005703
0 0.450118 0.525428 0.009741 0.005703
0 0.450118 0.519962 0.009741 0.005703
0 0.469936 0.530656 0.009741 0.005703
0 0.469936 0.525428 0.009741 0.005703
0 0.469936 0.519962 0.009741 0.005703
0 0.489755 0.530656 0.009741 0.005703
0 0.489755 0.525428 0.009741 0.005703
0 0.489755 0.519962 0.009741 0.005703
0 0.509573 0.530656 0.009741 0.005703
0 0.509573 0.525428 0.009741 0.005703
0 0.509573 0.519962 0.009741 0.005703
0 0.529392 0.530656 0.009741 0.005703
0 0.529392 0.525428 0.009741 0.005703
0 0.529392 0.517348 0.009741 0.005703
0 0.549211 0.530656 0.009741 0.005703
0 0.549211 0.525428 0.009741 0.005703
0 0.549211 0.517348 0.009741 0.005703
0 0.569029 0.530656 0.009741 0.005703
0 0.569029 0.525428 0.009741 0.005703
0 0.569029 0.517348 0.009741 0.005703
0 0.588848 0.530656 0.009741 0.005703
0 0.588848 0.525428 0.009741 0.005703
0 0.588848 0.517348 0.009741 0.005703
0 0.608666 0.530656 0.009741 0.005703
0 0.608666 0.525428 0.009741 0.005703
0 0.608666 0.517348 0.009741 0.005703
0 0.633524 0.530656 0.009741 0.005703
0 0.633524 0.525428 0.009741 0.005703
0 0.633524 0.519962 0.009741 0.005703
0 0.670474 0.533508 0.009741 0.005703
0 0.679543 0.530656 0.009741 0.005703
0 0.670474 0.519962 0.009741 0.005703
0 0.697346 0.533508 0.009741 0.005703
0 0.706416 0.530656 0.009741 0.005703
0 0.697346 0.519962 0.009741 0.005703
0 0.724219 0.533508 0.009741 0.005703
0 0.733289 0.530656 0.009741 0.005703
0 0.724219 0.519962 0.009741 0.005703
0 0.750756 0.536122 0.009741 0.005703
0 0.750756 0.530656 0.009741 0.005703
0 0.750756 0.522576 0.009741 0.005703
0 0.770910 0.536122 0.009741 0.005703
0 0.770910 0.530656 0.009741 0.005703
0 0.770910 0.522576 0.009741 0.005703
0 0.790729 0.536122 0.009741 0.005703
0 0.790729 0.530656 0.009741 0.005703
0 0.790729 0.522576 0.009741 0.005703
0 0.817602 0.538736 0.009741 0.005703
0 0.817602 0.533508 0.009741 0.005703
0 0.817602 0.528042 0.009741 0.005703
0 0.837420 0.538736 0.009741 0.005703
0 0.837420 0.533508 0.009741 0.005703
0 0.837420 0.528042 0.009741 0.005703
0 0.857575 0.538736 0.009741 0.005703
0 0.857575 0.533508 0.009741 0.005703
0 0.857575 0.528042 0.009741 0.005703
0 0.887135 0.538736 0.009741 0.005703
0 0.887135 0.533508 0.009741 0.005703
0 0.887135 0.528042 0.009741 0.005703
0 0.906953 0.538736 0.009741 0.005703
0 0.906953 0.533508 0.009741 0.005703
0 0.906953 0.528042 0.009741 0.005703
0 0.935841 0.538736 0.009741 0.005703
0 0.935841 0.533508 0.009741 0.005703
0 0.935841 0.528042 0.009741 0.005703
0 0.139066 0.774715 0.009741 0.005703
0 0.139066 0.769249 0.009741 0.005703
0 0.159557 0.774715 0.009741 0.005703
0 0.159557 0.769249 0.009741 0.005703
0 0.180047 0.774715 0.009741 0.005703
0 0.180047 0.769249 0.009741 0.005703
0 0.200202 0.774715 0.009741 0.005703
0 0.200202 0.769249 0.009741 0.005703
0 0.200202 0.764021 0.009741 0.005703
0 0.220692 0.774715 0.009741 0.005703
0 0.220692 0.769249 0.009741 0.005703
0 0.220692 0.764021 0.009741 0.005703
0 0.241182 0.774715 0.009741 0.005703
0 0.241182 0.769249 0.009741 0.005703
0 0.241182 0.764021 0.009741 0.005703
0 0.263688 0.774715 0.009741 0.005703
0 0.263688 0.769249 0.009741 0.005703
0 0.263688 0.761169 0.009741 0.005703
0 0.284179 0.774715 0.009741 0.005703
0 0.284179 0.769249 0.009741 0.005703
0 0.284179 0.761169 0.009741 0.005703
0 0.304669 0.774715 0.009741 0.005703
0 0.304669 0.769249 0.009741 0.005703
0 0.304669 0.761169 0.009741 0.005703
0 0.324824 0.774715 0.009741 0.005703
0 0.324824 0.769249 0.009741 0.005703
0 0.324824 0.761169 0.009741 0.005703
0 0.345314 0.774715 0.009741 0.005703
0 0.345314 0.769249 0.009741 0.005703
0 0.345314 0.761169 0.009741 0.005703
0 0.370843 0.774715 0.009741 0.005703
0 0.370843 0.769249 0.009741 0.005703
0 0.370843 0.761169 0.009741 0.005703
0 0.408465 0.777329 0.009741 0.005703
0 0.408465 0.769249 0.009741 0.005703
0 0.408465 0.764021 0.009741 0.005703
0 0.428955 0.777329 0.009741 0.005703
0 0.428955 0.769249 0.009741 0.005703
0 0.428955 0.764021 0.009741 0.005703
0 0.449446 0.777329 0.009741 0.005703
0 0.449446 0.769249 0.009741 0.005703
0 0.449446 0.764021 0.009741 0.005703
0 0.485388 0.780181 0.009741 0.005703
0 0.485388 0.772101 0.009741 0.005703
0 0.485388 0.766635 0.009741 0.005703
0 0.505878 0.780181 0.009741 0.005703
0 0.505878 0.772101 0.009741 0.005703
0 0.505878 0.766635 0.009741 0.005703
0 0.526369 0.780181 0.009741 0.005703
0 0.526369 0.772101 0.009741 0.005703
0 0.526369 0.766635 0.009741 0.005703
0 0.546859 0.777329 0.009741 0.005703
0 0.546859 0.772101 0.009741 0.005703
0 0.546859 0.764021 0.009741 0.005703
0 0.567350 0.777329 0.009741 0.005703
0 0.567350 0.772101 0.009741 0.005703
0 0.567350 0.764021 0.009741 0.005703
0 0.587840 0.777329 0.009741 0.005703
0 0.587840 0.772101 0.009741 0.005703
0 0.587840 0.764021 0.009741 0.005703
0 0.618072 0.777329 0.009741 0.005703
0 0.618072 0.772101 0.009741 0.005703
0 0.618072 0.764021 0.009741 0.005703
0 0.638562 0.777329 0.009741 0.005703
0 0.638562 0.772101 0.009741 0.005703
0 0.638562 0.764021 0.009741 0.005703
0 0.659053 0.777329 0.009741 0.005703
0 0.659053 0.772101 0.009741 0.005703
0 0.659053 0.764021 0.009741 0.005703
0 0.695331 0.777329 0.009741 0.005703
0 0.695331 0.772101 0.009741 0.005703
0 0.695331 0.766635 0.009741 0.005703
0 0.715821 0.777329 0.009741 0.005703
0 0.715821 0.772101 0.009741 0.005703
0 0.715821 0.766635 0.009741 0.005703
0 0.736312 0.777329 0.009741 0.005703
0 0.736312 0.772101 0.009741 0.005703
0 0.736312 0.766635 0.009741 0.005703
0 0.756466 0.777329 0.009741 0.005703
0 0.756466 0.772101 0.009741 0.005703
0 0.756466 0.766635 0.009741 0.005703
0 0.776957 0.777329 0.009741 0.005703
0 0.776957 0.772101 0.009741 0.005703
0 0.776957 0.766635 0.009741 0.005703
0 0.802486 0.777329 0.009741 0.005703
0 0.802486 0.772101 0.009741 0.005703
0 0.802486 0.766635 0.009741 0.005703
0 0.822976 0.777329 0.009741 0.005703
0 0.822976 0.772101 0.009741 0.005703
0 0.822976 0.766635 0.009741 0.005703
0 0.843467 0.777329 0.009741 0.005703
0 0.843467 0.772101 0.009741 0.005703
0 0.843467 0.766635 0.009741 0.005703
0 0.868996 0.777329 0.009741 0.005703
0 0.868996 0.772101 0.009741 0.005703
0 0.868996 0.766635 0.009741 0.005703
0 0.889486 0.777329 0.009741 0.005703
0 0.889486 0.772101 0.009741 0.005703
0 0.889486 0.766635 0.009741 0.005703
0 0.909976 0.777329 0.009741 0.005703
0 0.909976 0.772101 0.009741 0.005703
0 0.909976 0.766635 0.009741 0.005703
0 0.935506 0.777329 0.009741 0.005703
0 0.935506 0.772101 0.009741 0.005703
0 0.935506 0.766635 0.009741 0.005703
0 0.361438 0.459838 0.009741 0.005703
0 0.410480 0.459838 0.009741 0.005703
0 0.469936 0.451759 0.009741 0.005703
0 0.529392 0.446530 0.009741 0.005703
0 0.621095 0.459838 0.009741 0.005703
0 0.670474 0.454610 0.009741 0.005703
0 0.750756 0.457224 0.009741 0.005703
0 0.817602 0.459838 0.009741 0.005703
0 0.921397 0.459838 0.009741 0.005703
0 0.139066 0.702709 0.009741 0.005703
0 0.200202 0.694629 0.009741 0.005703
0 0.263688 0.689401 0.009741 0.005703
0 0.358079 0.694629 0.009741 0.005703
0 0.408465 0.697481 0.009741 0.005703
0 0.485388 0.700095 0.009741 0.005703
0 0.546859 0.697481 0.009741 0.005703
0 0.695331 0.700095 0.009741 0.005703
0 0.756466 0.702709 0.009741 0.005703
0 0.789721 0.705561 0.009741 0.005703
0 0.822976 0.697481 0.009741 0.005703
0 0.856231 0.697481 0.009741 0.005703
