0 0.197178 0.292300 0.008734 0.004990
0 0.224723 0.289924 0.008734 0.004990
0 0.251931 0.292300 0.008734 0.004990
0 0.279476 0.289924 0.008734 0.004990
0 0.306685 0.292300 0.008734 0.004990
0 0.333893 0.289924 0.008734 0.004990
0 0.374202 0.292300 0.008734 0.004990
0 0.402754 0.289924 0.008734 0.004990
0 0.431307 0.292300 0.008734 0.004990
0 0.459859 0.289924 0.008734 0.004990
0 0.488411 0.292300 0.008734 0.004990
0 0.516963 0.289924 0.008734 0.004990
0 0.553577 0.292300 0.008734 0.004990
0 0.587168 0.289924 0.008734 0.004990
0 0.620423 0.292300 0.008734 0.004990
0 0.653678 0.289924 0.008734 0.004990
0 0.696675 0.292300 0.008734 0.004990
0 0.729929 0.289924 0.008734 0.004990
0 0.784683 0.292300 0.008734 0.004990
0 0.813235 0.289924 0.008734 0.004990
0 0.841451 0.292300 0.008734 0.004990
0 0.870003 0.289924 0.008734 0.004990
0 0.898556 0.292300 0.008734 0.004990
0 0.927108 0.289924 0.008734 0.004990
0 0.138730 0.481226 0.008734 0.004990
0 0.168290 0.478850 0.008734 0.004990
0 0.198186 0.481226 0.008734 0.004990
0 0.227746 0.478850 0.008734 0.004990
0 0.257642 0.481226 0.008734 0.004990
0 0.297279 0.478850 0.008734 0.004990
0 0.351360 0.481226 0.008734 0.004990
0 0.380920 0.478850 0.008734 0.004990
0 0.410816 0.481226 0.008734 0.004990
0 0.440376 0.478850 0.008734 0.004990
0 0.469936 0.481226 0.008734 0.004990
0 0.499496 0.478850 0.008734 0.004990
0 0.537790 0.481226 0.008734 0.004990
0 0.572724 0.478850 0.008734 0.004990
0 0.607659 0.481226 0.008734 0.004990
0 0.642593 0.478850 0.008734 0.004990
0 0.687605 0.481226 0.008734 0.004990
0 0.722875 0.478850 0.008734 0.004990
0 0.777293 0.485979 0.008734 0.004990
0 0.777293 0.481226 0.008734 0.004990
0 0.807188 0.476473 0.008734 0.004990
0 0.836748 0.485979 0.008734 0.004990
0 0.836748 0.481226 0.008734 0.004990
0 0.866644 0.476473 0.008734 0.004990
0 0.896204 0.485979 0.008734 0.004990
0 0.896204 0.481226 0.008734 0.004990
0 0.925764 0.476473 0.008734 0.004990
0 0.144777 0.709838 0.008734 0.004990
0 0.144777 0.698194 0.008734 0.004990
0 0.176016 0.688688 0.008734 0.004990
0 0.207256 0.681559 0.008734 0.004990
0 0.239839 0.705086 0.008734 0.004990
0 0.271078 0.700570 0.008734 0.004990
0 0.302318 0.693441 0.008734 0.004990
0 0.349681 0.705086 0.008734 0.004990
0 0.349681 0.691065 0.008734 0.004990
0 0.380249 0.688688 0.008734 0.004990
0 0.411152 0.681559 0.008734 0.004990
0 0.441720 0.676806 0.008734 0.004990
0 0.472623 0.674430 0.008734 0.004990
0 0.549882 0.714591 0.008734 0.004990
0 0.549882 0.705086 0.008734 0.004990
0 0.549882 0.693441 0.008734 0.004990
0 0.597581 0.688688 0.008734 0.004990
0 0.628149 0.681559 0.008734 0.004990
0 0.660060 0.705086 0.008734 0.004990
0 0.690628 0.700570 0.008734 0.004990
0 0.721196 0.693441 0.008734 0.004990
0 0.775613 0.714591 0.008734 0.004990
0 0.775613 0.707462 0.008734 0.004990
0 0.775613 0.702947 0.008734 0.004990
0 0.849177 0.693441 0.008734 0.004990
0 0.849177 0.683935 0.008734 0.004990
0 0.849177 0.679183 0.008734 0.004990
0 0.902251 0.691065 0.008734 0.004990
0 0.902251 0.681559 0.008734 0.004990
0 0.902251 0.676806 0.008734 0.004990
0 0.150151 0.908745 0.008734 0.004990
0 0.150151 0.899477 0.008734 0.004990
0 0.150151 0.887595 0.008734 0.004990
0 0.196842 0.882842 0.008734 0.004990
0 0.228082 0.875713 0.008734 0.004990
0 0.259993 0.899477 0.008734 0.004990
0 0.291569 0.894724 0.008734 0.004990
0 0.322808 0.887595 0.008734 0.004990
0 0.367820 0.897101 0.008734 0.004990
0 0.367820 0.882842 0.008734 0.004990
0 0.402419 0.880466 0.008734 0.004990
0 0.432314 0.875713 0.008734 0.004990
0 0.470608 0.899477 0.008734 0.004990
0 0.500504 0.894724 0.008734 0.004990
0 0.530400 0.892348 0.008734 0.004990
0 0.581794 0.904230 0.008734 0.004990
0 0.589856 0.901854 0.008734 0.004990
0 0.619080 0.897101 0.008734 0.004990
0 0.646624 0.904230 0.008734 0.004990
0 0.654686 0.901854 0.008734 0.004990
0 0.674169 0.897101 0.008734 0.004990
0 0.701713 0.904230 0.008734 0.004990
0 0.709439 0.901854 0.008734 0.004990
0 0.729258 0.897101 0.008734 0.004990
0 0.778300 0.906369 0.008734 0.004990
0 0.778300 0.901854 0.008734 0.004990
0 0.807860 0.899477 0.008734 0.004990
0 0.837420 0.906369 0.008734 0.004990
0 0.837420 0.901854 0.008734 0.004990
0 0.866980 0.899477 0.008734 0.004990
0 0.896540 0.901854 0.008734 0.004990
0 0.904266 0.899477 0.008734 0.004990
0 0.926100 0.894724 0.008734 0.004990
0 0.551562 0.625951 0.008734 0.004990
0 0.551562 0.616445 0.008734 0.004990
0 0.597581 0.633080 0.008734 0.004990
0 0.589856 0.623574 0.008734 0.004990
0 0.597581 0.621198 0.008734 0.004990
0 0.628149 0.625951 0.008734 0.004990
0 0.628149 0.616445 0.008734 0.004990
0 0.660060 0.633080 0.008734 0.004990
0 0.651999 0.623574 0.008734 0.004990
0 0.660060 0.621198 0.008734 0.004990
0 0.690628 0.625951 0.008734 0.004990
0 0.690628 0.616445 0.008734 0.004990
0 0.721196 0.633080 0.008734 0.004990
0 0.713134 0.623574 0.008734 0.004990
0 0.721196 0.621198 0.008734 0.004990
0 0.775613 0.625951 0.008734 0.004990
0 0.806853 0.635456 0.008734 0.004990
0 0.798791 0.623574 0.008734 0.004990
0 0.806853 0.621198 0.008734 0.004990
0 0.849177 0.625951 0.008734 0.004990
0 0.875714 0.635456 0.008734 0.004990
0 0.875714 0.623574 0.008734 0.004990
0 0.902251 0.628327 0.008734 0.004990
0 0.929123 0.639971 0.008734 0.004990
0 0.929123 0.625951 0.008734 0.004990
0 0.151495 0.816302 0.008734 0.004990
0 0.151495 0.807034 0.008734 0.004990
0 0.196842 0.823432 0.008734 0.004990
0 0.188781 0.813926 0.008734 0.004990
0 0.196842 0.811549 0.008734 0.004990
0 0.228082 0.816302 0.008734 0.004990
0 0.228082 0.807034 0.008734 0.004990
0 0.259993 0.823432 0.008734 0.004990
0 0.252267 0.813926 0.008734 0.004990
0 0.259993 0.811549 0.008734 0.004990
0 0.291569 0.816302 0.008734 0.004990
0 0.291569 0.807034 0.008734 0.004990
0 0.322808 0.823432 0.008734 0.004990
0 0.314746 0.813926 0.008734 0.004990
0 0.322808 0.811549 0.008734 0.004990
0 0.367820 0.816302 0.008734 0.004990
0 0.402419 0.823432 0.008734 0.004990
0 0.394693 0.813926 0.008734 0.004990
0 0.402419 0.811549 0.008734 0.004990
0 0.432314 0.816302 0.008734 0.004990
0 0.470608 0.823432 0.008734 0.004990
0 0.462882 0.813926 0.008734 0.004990
0 0.470608 0.811549 0.008734 0.004990
0 0.500504 0.816302 0.008734 0.004990
0 0.530400 0.823432 0.008734 0.004990
0 0.530400 0.813926 0.008734 0.004990
0 0.581794 0.813926 0.008734 0.004990
0 0.581794 0.804658 0.008734 0.004990
0 0.619080 0.821055 0.008734 0.004990
0 0.611354 0.811549 0.008734 0.004990
0 0.619080 0.809411 0.008734 0.004990
0 0.646624 0.813926 0.008734 0.004990
0 0.646624 0.804658 0.008734 0.004990
0 0.674169 0.821055 0.008734 0.004990
0 0.666107 0.811549 0.008734 0.004990
0 0.674169 0.809411 0.008734 0.004990
0 0.701713 0.813926 0.008734 0.004990
0 0.701713 0.804658 0.008734 0.004990
0 0.729258 0.821055 0.008734 0.004990
0 0.721196 0.811549 0.008734 0.004990
0 0.729258 0.809411 0.008734 0.004990
0 0.778300 0.813926 0.008734 0.004990
0 0.778300 0.807034 0.008734 0.004990
0 0.807860 0.823432 0.008734 0.004990
0 0.807860 0.811549 0.008734 0.004990
0 0.837420 0.813926 0.008734 0.004990
0 0.837420 0.807034 0.008734 0.004990
0 0.866980 0.823432 0.008734 0.004990
0 0.866980 0.811549 0.008734 0.004990
0 0.896540 0.813926 0.008734 0.004990
0 0.896540 0.802281 0.008734 0.004990
0 0.926100 0.818679 0.008734 0.004990
0 0.926100 0.811549 0.008734 0.004990
0 0.926100 0.807034 0.008734 0.004990
0 0.197178 0.252139 0.008734 0.004990
0 0.197178 0.245247 0.008734 0.004990
0 0.224723 0.256892 0.008734 0.004990
0 0.224723 0.247624 0.008734 0.004990
0 0.251931 0.252139 0.008734 0.004990
0 0.251931 0.245247 0.008734 0.004990
0 0.279476 0.256892 0.008734 0.004990
0 0.279476 0.247624 0.008734 0.004990
0 0.306685 0.252139 0.008734 0.004990
0 0.306685 0.245247 0.008734 0.004990
0 0.333893 0.256892 0.008734 0.004990
0 0.333893 0.247624 0.008734 0.004990
0 0.374202 0.254515 0.008734 0.004990
0 0.374202 0.242871 0.008734 0.004990
0 0.402754 0.256892 0.008734 0.004990
0 0.402754 0.250000 0.008734 0.004990
0 0.431307 0.254515 0.008734 0.004990
0 0.431307 0.242871 0.008734 0.004990
0 0.459859 0.256892 0.008734 0.004990
0 0.459859 0.250000 0.008734 0.004990
0 0.488411 0.254515 0.008734 0.004990
0 0.488411 0.242871 0.008734 0.004990
0 0.516963 0.256892 0.008734 0.004990
0 0.516963 0.250000 0.008734 0.004990
0 0.553577 0.252139 0.008734 0.004990
0 0.553577 0.245247 0.008734 0.004990
0 0.587168 0.256892 0.008734 0.004990
0 0.587168 0.247624 0.008734 0.004990
0 0.620423 0.252139 0.008734 0.004990
0 0.620423 0.245247 0.008734 0.004990
0 0.653678 0.256892 0.008734 0.004990
0 0.653678 0.247624 0.008734 0.004990
0 0.696675 0.252139 0.008734 0.004990
0 0.696675 0.245247 0.008734 0.004990
0 0.729929 0.256892 0.008734 0.004990
0 0.729929 0.247624 0.008734 0.004990
0 0.784683 0.254515 0.008734 0.004990
0 0.784683 0.242871 0.008734 0.004990
0 0.813235 0.256892 0.008734 0.004990
0 0.813235 0.250000 0.008734 0.004990
0 0.841451 0.254515 0.008734 0.004990
0 0.841451 0.242871 0.008734 0.004990
0 0.870003 0.256892 0.008734 0.004990
0 0.870003 0.250000 0.008734 0.004990
0 0.898556 0.254515 0.008734 0.004990
0 0.898556 0.242871 0.008734 0.004990
0 0.927108 0.256892 0.008734 0.004990
0 0.927108 0.250000 0.008734 0.004990
0 0.138730 0.433935 0.008734 0.004990
0 0.138730 0.427044 0.008734 0.004990
0 0.168290 0.438688 0.008734 0.004990
0 0.168290 0.429183 0.008734 0.004990
0 0.198186 0.433935 0.008734 0.004990
0 0.198186 0.427044 0.008734 0.004990
0 0.227746 0.438688 0.008734 0.004990
0 0.227746 0.429183 0.008734 0.004990
0 0.257642 0.433935 0.008734 0.004990
0 0.257642 0.427044 0.008734 0.004990
0 0.297279 0.438688 0.008734 0.004990
0 0.297279 0.429183 0.008734 0.004990
0 0.351360 0.436312 0.008734 0.004990
0 0.351360 0.424667 0.008734 0.004990
0 0.380920 0.438688 0.008734 0.004990
0 0.380920 0.431559 0.008734 0.004990
0 0.410816 0.436312 0.008734 0.004990
0 0.410816 0.424667 0.008734 0.004990
0 0.440376 0.438688 0.008734 0.004990
0 0.440376 0.431559 0.008734 0.004990
0 0.469936 0.436312 0.008734 0.004990
0 0.469936 0.424667 0.008734 0.004990
0 0.499496 0.438688 0.008734 0.004990
0 0.499496 0.431559 0.008734 0.004990
0 0.537790 0.433935 0.008734 0.004990
0 0.537790 0.427044 0.008734 0.004990
0 0.572724 0.438688 0.008734 0.004990
0 0.572724 0.429183 0.008734 0.004990
0 0.607659 0.433935 0.008734 0.004990
0 0.607659 0.427044 0.008734 0.004990
0 0.642593 0.438688 0.008734 0.004990
0 0.642593 0.429183 0.008734 0.004990
0 0.687605 0.433935 0.008734 0.004990
0 0.687605 0.427044 0.008734 0.004990
0 0.722875 0.438688 0.008734 0.004990
0 0.722875 0.429183 0.008734 0.004990
0 0.777293 0.436312 0.008734 0.004990
0 0.777293 0.424667 0.008734 0.004990
0 0.807188 0.433935 0.008734 0.004990
0 0.807188 0.429183 0.008734 0.004990
0 0.836748 0.436312 0.008734 0.004990
0 0.836748 0.424667 0.008734 0.004990
0 0.866644 0.433935 0.008734 0.004990
0 0.866644 0.429183 0.008734 0.004990
0 0.896204 0.436312 0.008734 0.004990
0 0.896204 0.424667 0.008734 0.004990
0 0.925764 0.433935 0.008734 0.004990
0 0.925764 0.429183 0.008734 0.004990
0 0.144777 0.625951 0.008734 0.004990
0 0.144777 0.618821 0.008734 0.004990
0 0.176016 0.633080 0.008734 0.004990
0 0.167954 0.623574 0.008734 0.004990
0 0.176016 0.621198 0.008734 0.004990
0 0.207256 0.625951 0.008734 0.004990
0 0.207256 0.618821 0.008734 0.004990
0 0.239839 0.633080 0.008734 0.004990
0 0.232113 0.623574 0.008734 0.004990
0 0.239839 0.621198 0.008734 0.004990
0 0.271078 0.618821 0.008734 0.004990
0 0.302318 0.633080 0.008734 0.004990
0 0.294592 0.623574 0.008734 0.004990
0 0.302318 0.621198 0.008734 0.004990
0 0.349681 0.625951 0.008734 0.004990
0 0.349681 0.618821 0.008734 0.004990
0 0.380249 0.635456 0.008734 0.004990
0 0.372523 0.623574 0.008734 0.004990
0 0.380249 0.621198 0.008734 0.004990
0 0.411152 0.625951 0.008734 0.004990
0 0.411152 0.618821 0.008734 0.004990
0 0.441720 0.635456 0.008734 0.004990
0 0.433994 0.623574 0.008734 0.004990
0 0.441720 0.621198 0.008734 0.004990
0 0.472623 0.625951 0.008734 0.004990
0 0.472623 0.618821 0.008734 0.004990
0 0.503191 0.635456 0.008734 0.004990
0 0.495465 0.623574 0.008734 0.004990
0 0.503191 0.621198 0.008734 0.004990
0 0.562983 0.616445 0.009070 0.004990
0 0.775613 0.618821 0.008734 0.004990
0 0.849177 0.621198 0.008734 0.004990
0 0.902251 0.623574 0.008734 0.004990
0 0.162244 0.807034 0.009070 0.004990
0 0.367820 0.804658 0.008734 0.004990
0 0.432314 0.807034 0.008734 0.004990
0 0.500504 0.811549 0.008734 0.004990
0 0.653678 0.185599 0.008734 0.004990
0 0.674505 0.185599 0.008734 0.004990
0 0.696675 0.185599 0.008734 0.004990
0 0.729929 0.185599 0.008734 0.004990
0 0.750756 0.185599 0.008734 0.004990
0 0.784347 0.180846 0.009070 0.004990
0 0.898556 0.183222 0.008734 0.004990
0 0.138730 0.364306 0.008734 0.004990
0 0.227746 0.366683 0.008734 0.004990
0 0.257642 0.366683 0.008734 0.004990
0 0.281827 0.361930 0.008734 0.004990
0 0.312395 0.364306 0.008734 0.004990
0 0.351025 0.357414 0.009070 0.004990
0 0.469936 0.359791 0.008734 0.004990
0 0.642593 0.366683 0.008734 0.004990
0 0.665771 0.366683 0.008734 0.004990
0 0.687605 0.366683 0.008734 0.004990
0 0.722875 0.366683 0.008734 0.004990
0 0.744709 0.366683 0.008734 0.004990
0 0.776957 0.361930 0.009070 0.004990
0 0.896204 0.361930 0.008734 0.004990
0 0.144441 0.553232 0.009070 0.004990
0 0.349681 0.553232 0.008734 0.004990
0 0.380249 0.553232 0.008734 0.004990
0 0.441720 0.553232 0.008734 0.004990
0 0.503191 0.555608 0.008734 0.004990
0 0.549547 0.553232 0.009070 0.004990
0 0.701713 0.760694 0.008734 0.004990
0 0.778300 0.763070 0.008734 0.004990
0 0.866980 0.763070 0.008734 0.004990
0 0.896540 0.758317 0.008734 0.004990
0 0.926100 0.758317 0.008734 0.004990
