0 0.135371 0.243108 0.008734 0.004990
0 0.211958 0.240732 0.008734 0.004990
0 0.293584 0.240732 0.008734 0.004990
0 0.713134 0.243108 0.008734 0.004990
0 0.787706 0.240732 0.008734 0.004990
0 0.862613 0.236217 0.008734 0.004990
0 0.142761 0.707462 0.008734 0.004990
0 0.214982 0.705086 0.008734 0.004990
0 0.292912 0.705086 0.008734 0.004990
0 0.687941 0.707462 0.008734 0.004990
0 0.768559 0.705086 0.008734 0.004990
0 0.129997 0.259743 0.009070 0.004990
0 0.129997 0.250238 0.009070 0.004990
0 0.407793 0.238593 0.008734 0.004990
0 0.496473 0.236217 0.008734 0.004990
0 0.575411 0.236217 0.008734 0.004990
0 0.712462 0.259743 0.009070 0.004990
0 0.712462 0.250238 0.009070 0.004990
0 0.658045 0.259743 0.006046 0.003565
0 0.658045 0.250238 0.006046 0.003565
0 0.137051 0.723859 0.009070 0.004990
0 0.137051 0.714591 0.009070 0.004990
0 0.399395 0.705086 0.008734 0.004990
0 0.479342 0.702709 0.008734 0.004990
0 0.559288 0.700333 0.008734 0.004990
0 0.674505 0.723859 0.009070 0.004990
0 0.674505 0.714591 0.009070 0.004990
0 0.620087 0.724097 0.006046 0.003565
0 0.620087 0.714591 0.006046 0.003565
0 0.861942 0.709838 0.008734 0.004990
0 0.123278 0.885219 0.008734 0.004990
0 0.224387 0.892348 0.008734 0.004990
0 0.324824 0.889971 0.008734 0.004990
0 0.129997 0.233840 0.009070 0.004990
0 0.129997 0.229087 0.009070 0.004990
0 0.407457 0.229087 0.009070 0.004990
0 0.407457 0.224335 0.009070 0.004990
0 0.712462 0.233840 0.009070 0.004990
0 0.712462 0.229087 0.009070 0.004990
0 0.918374 0.483127 0.006046 0.003565
0 0.918374 0.473859 0.006046 0.003565
0 0.137051 0.697956 0.009070 0.004990
0 0.137051 0.693441 0.009070 0.004990
0 0.399059 0.695580 0.009070 0.004990
0 0.399059 0.691065 0.009070 0.004990
0 0.674505 0.697956 0.009070 0.004990
0 0.674505 0.693441 0.009070 0.004990
0 0.861942 0.700333 0.008734 0.004990
0 0.861942 0.695580 0.008734 0.004990
0 0.123278 0.878089 0.008734 0.004990
0 0.123278 0.873574 0.008734 0.004990
0 0.224051 0.882842 0.009070 0.004990
0 0.224051 0.878089 0.009070 0.004990
0 0.440040 0.918251 0.008734 0.004990
0 0.440040 0.901854 0.008734 0.004990
0 0.552906 0.894724 0.008734 0.004990
0 0.560632 0.892348 0.008734 0.004990
0 0.552906 0.887595 0.008734 0.004990
0 0.560632 0.885219 0.008734 0.004990
0 0.748740 0.918251 0.008734 0.004990
0 0.748740 0.901854 0.008734 0.004990
0 0.129997 0.191778 0.009070 0.004990
0 0.129997 0.182272 0.009070 0.004990
0 0.129997 0.177757 0.009070 0.004990
0 0.415855 0.177757 0.009070 0.004990
0 0.415855 0.173004 0.009070 0.004990
0 0.712462 0.182272 0.009070 0.004990
0 0.712462 0.177757 0.009070 0.004990
0 0.137051 0.652567 0.009070 0.004990
0 0.137051 0.647814 0.009070 0.004990
0 0.399059 0.650190 0.009070 0.004990
0 0.399059 0.645437 0.009070 0.004990
0 0.682902 0.652567 0.009070 0.004990
0 0.682902 0.647814 0.009070 0.004990
0 0.861942 0.654943 0.008734 0.004990
0 0.861942 0.650190 0.008734 0.004990
0 0.134028 0.820817 0.008734 0.004990
0 0.134028 0.816302 0.008734 0.004990
0 0.224051 0.825570 0.009070 0.004990
0 0.224051 0.820817 0.009070 0.004990
0 0.439704 0.825570 0.009070 0.004990
0 0.439704 0.820817 0.009070 0.004990
0 0.631844 0.825570 0.008734 0.004990
0 0.631844 0.820817 0.008734 0.004990
0 0.681559 0.825570 0.008734 0.004990
0 0.681559 0.820817 0.008734 0.004990
0 0.130333 0.168251 0.008734 0.004990
0 0.130333 0.156369 0.008734 0.004990
0 0.130333 0.151854 0.008734 0.004990
0 0.170977 0.168251 0.008734 0.004990
0 0.170977 0.156369 0.008734 0.004990
0 0.170977 0.151854 0.008734 0.004990
0 0.252603 0.170627 0.008734 0.004990
0 0.252603 0.158745 0.008734 0.004990
0 0.252603 0.153992 0.008734 0.004990
0 0.334229 0.170627 0.008734 0.004990
0 0.334229 0.158745 0.008734 0.004990
0 0.334229 0.153992 0.008734 0.004990
0 0.407793 0.170627 0.008734 0.004990
0 0.407793 0.158745 0.008734 0.004990
0 0.407793 0.153992 0.008734 0.004990
0 0.457172 0.173004 0.008734 0.004990
0 0.457172 0.161122 0.008734 0.004990
0 0.457172 0.156369 0.008734 0.004990
0 0.536110 0.173004 0.008734 0.004990
0 0.536110 0.161122 0.008734 0.004990
0 0.536110 0.156369 0.008734 0.004990
0 0.627813 0.177757 0.008734 0.004990
0 0.627813 0.165875 0.008734 0.004990
0 0.627813 0.161122 0.008734 0.004990
0 0.712798 0.165875 0.008734 0.004990
0 0.712798 0.161122 0.008734 0.004990
0 0.750420 0.182272 0.008734 0.004990
0 0.750420 0.170627 0.008734 0.004990
0 0.750420 0.165875 0.008734 0.004990
0 0.825328 0.182272 0.008734 0.004990
0 0.825328 0.170627 0.008734 0.004990
0 0.825328 0.165875 0.008734 0.004990
0 0.900235 0.189401 0.008734 0.004990
0 0.900235 0.177757 0.008734 0.004990
0 0.900235 0.173004 0.008734 0.004990
0 0.235136 0.407795 0.008734 0.004990
0 0.235136 0.403042 0.008734 0.004990
0 0.124622 0.459601 0.006046 0.003565
0 0.134028 0.457224 0.006046 0.003565
0 0.150151 0.452471 0.006046 0.003565
0 0.165603 0.447956 0.006046 0.003565
0 0.180047 0.424192 0.006046 0.003565
0 0.188781 0.421816 0.006046 0.003565
0 0.200202 0.417300 0.006046 0.003565
0 0.284515 0.410171 0.008734 0.004990
0 0.284515 0.405418 0.008734 0.004990
0 0.472959 0.424192 0.008734 0.004990
0 0.472959 0.419439 0.008734 0.004990
0 0.347665 0.473859 0.006046 0.003565
0 0.361774 0.464354 0.006046 0.003565
0 0.375546 0.459601 0.006046 0.003565
0 0.389318 0.457224 0.006046 0.003565
0 0.404770 0.433698 0.006046 0.003565
0 0.417870 0.431321 0.006046 0.003565
0 0.426604 0.426568 0.006046 0.003565
0 0.438025 0.421816 0.006046 0.003565
0 0.522674 0.426568 0.008734 0.004990
0 0.522674 0.421816 0.008734 0.004990
0 0.733960 0.407795 0.008734 0.004990
0 0.733960 0.403042 0.008734 0.004990
0 0.614041 0.459601 0.006046 0.003565
0 0.628149 0.457224 0.006046 0.003565
0 0.643601 0.452471 0.006046 0.003565
0 0.659053 0.447956 0.006046 0.003565
0 0.672153 0.421816 0.006046 0.003565
0 0.686261 0.417300 0.006046 0.003565
0 0.699362 0.414924 0.006046 0.003565
0 0.768559 0.412310 0.008734 0.004990
0 0.768559 0.405418 0.008734 0.004990
0 0.176016 0.638546 0.008734 0.004990
0 0.176016 0.626663 0.008734 0.004990
0 0.176016 0.621911 0.008734 0.004990
0 0.253947 0.640922 0.008734 0.004990
0 0.253947 0.629040 0.008734 0.004990
0 0.253947 0.624287 0.008734 0.004990
0 0.331878 0.640922 0.008734 0.004990
0 0.331878 0.629040 0.008734 0.004990
0 0.331878 0.624287 0.008734 0.004990
0 0.399395 0.640922 0.008734 0.004990
0 0.399395 0.629040 0.008734 0.004990
0 0.399395 0.624287 0.008734 0.004990
0 0.439368 0.643061 0.008734 0.004990
0 0.439368 0.631416 0.008734 0.004990
0 0.439368 0.626663 0.008734 0.004990
0 0.519315 0.645437 0.008734 0.004990
0 0.519315 0.633793 0.008734 0.004990
0 0.519315 0.629040 0.008734 0.004990
0 0.599261 0.645437 0.008734 0.004990
0 0.599261 0.633793 0.008734 0.004990
0 0.599261 0.629040 0.008734 0.004990
0 0.674840 0.645437 0.008734 0.004990
0 0.674840 0.633793 0.008734 0.004990
0 0.674840 0.629040 0.008734 0.004990
0 0.721532 0.647814 0.008734 0.004990
0 0.721532 0.636169 0.008734 0.004990
0 0.721532 0.631416 0.008734 0.004990
0 0.815250 0.647814 0.008734 0.004990
0 0.815250 0.636169 0.008734 0.004990
0 0.815250 0.631416 0.008734 0.004990
0 0.908969 0.650190 0.008734 0.004990
0 0.908969 0.638546 0.008734 0.004990
0 0.908969 0.633793 0.008734 0.004990
0 0.123278 0.816302 0.008734 0.004990
0 0.123278 0.804420 0.008734 0.004990
0 0.123278 0.799667 0.008734 0.004990
0 0.174001 0.816302 0.008734 0.004990
0 0.174001 0.804420 0.008734 0.004990
0 0.174001 0.799667 0.008734 0.004990
0 0.274773 0.818679 0.008734 0.004990
0 0.274773 0.806797 0.008734 0.004990
0 0.274773 0.802044 0.008734 0.004990
0 0.375210 0.818679 0.008734 0.004990
0 0.375210 0.806797 0.008734 0.004990
0 0.375210 0.802044 0.008734 0.004990
0 0.552906 0.806797 0.008734 0.004990
0 0.552906 0.799667 0.008734 0.004990
0 0.544844 0.792538 0.008734 0.004990
0 0.552906 0.790162 0.008734 0.004990
0 0.748404 0.825570 0.009070 0.004990
0 0.748404 0.820817 0.009070 0.004990
0 0.853880 0.347196 0.006046 0.003565
0 0.888478 0.349572 0.006046 0.003565
0 0.137051 0.575570 0.006382 0.003565
0 0.399059 0.575570 0.006382 0.003565
0 0.674840 0.575570 0.006046 0.003565
0 0.768559 0.575570 0.006046 0.003565
0 0.130333 0.078184 0.008734 0.004990
0 0.252603 0.078184 0.008734 0.004990
0 0.293584 0.073432 0.008734 0.004990
0 0.334229 0.075808 0.008734 0.004990
0 0.407793 0.078184 0.008734 0.004990
0 0.457172 0.080561 0.008734 0.004990
0 0.496473 0.082937 0.008734 0.004990
0 0.575411 0.087452 0.008734 0.004990
0 0.607659 0.082937 0.008734 0.004990
0 0.648304 0.080561 0.008734 0.004990
0 0.712462 0.078184 0.009070 0.004990
0 0.862613 0.078184 0.008734 0.004990
0 0.841787 0.078184 0.006046 0.003565
0 0.235136 0.344819 0.008734 0.004990
0 0.284515 0.344819 0.008734 0.004990
0 0.307020 0.344819 0.008734 0.004990
0 0.330870 0.347196 0.008734 0.004990
0 0.360766 0.349572 0.008734 0.004990
0 0.472959 0.351949 0.008734 0.004990
0 0.522674 0.351949 0.008734 0.004990
0 0.558616 0.351949 0.008734 0.004990
0 0.581122 0.351949 0.008734 0.004990
0 0.733960 0.342443 0.008734 0.004990
0 0.797111 0.344819 0.008734 0.004990
0 0.853880 0.340067 0.008734 0.004990
0 0.888478 0.337690 0.008734 0.004990
0 0.137051 0.558935 0.009070 0.004990
0 0.399059 0.558935 0.009070 0.004990
0 0.674840 0.558935 0.008734 0.004990
0 0.768559 0.558935 0.008734 0.004990
