0 0.644273 0.523764 0.006046 0.003565
0 0.683238 0.913498 0.008734 0.004990
0 0.746725 0.913498 0.008734 0.004990
0 0.691300 0.237167 0.009070 0.004990
0 0.691300 0.230038 0.009070 0.004990
0 0.691300 0.225285 0.009070 0.004990
0 0.691300 0.215779 0.009070 0.004990
0 0.432986 0.488356 0.008734 0.004990
0 0.460867 0.497861 0.008734 0.004990
0 0.518979 0.504753 0.008734 0.004990
0 0.546859 0.514259 0.008734 0.004990
0 0.597581 0.521388 0.008734 0.004990
0 0.347330 0.734316 0.009070 0.004990
0 0.347330 0.724810 0.009070 0.004990
0 0.715149 0.731939 0.013100 0.004990
0 0.715149 0.722433 0.013100 0.004990
0 0.143097 0.897101 0.013100 0.004990
0 0.143097 0.887595 0.013100 0.004990
0 0.492442 0.897101 0.013100 0.004990
0 0.492442 0.887595 0.013100 0.004990
0 0.154854 0.232414 0.009070 0.004990
0 0.154854 0.218156 0.009070 0.004990
0 0.401747 0.232414 0.009070 0.004990
0 0.401747 0.225285 0.009070 0.004990
0 0.401747 0.220532 0.009070 0.004990
0 0.738999 0.220532 0.008734 0.004990
0 0.776957 0.230038 0.008734 0.004990
0 0.828351 0.237167 0.008734 0.004990
0 0.866308 0.246435 0.008734 0.004990
0 0.152838 0.485979 0.009070 0.004990
0 0.152838 0.478850 0.009070 0.004990
0 0.385287 0.481226 0.009070 0.004990
0 0.385287 0.474097 0.009070 0.004990
0 0.742358 0.502376 0.009070 0.004990
0 0.742358 0.493108 0.009070 0.004990
0 0.742358 0.488356 0.009070 0.004990
0 0.742358 0.483603 0.009070 0.004990
0 0.889486 0.502376 0.008734 0.004990
0 0.889486 0.493108 0.008734 0.004990
0 0.889486 0.488356 0.008734 0.004990
0 0.889486 0.483603 0.008734 0.004990
0 0.159893 0.715542 0.008734 0.004990
0 0.201209 0.720057 0.008734 0.004990
0 0.224051 0.715542 0.008734 0.004990
0 0.252267 0.720057 0.008734 0.004990
0 0.275109 0.715542 0.008734 0.004990
0 0.303325 0.720057 0.008734 0.004990
0 0.387639 0.720057 0.008734 0.004990
0 0.411824 0.715542 0.008734 0.004990
0 0.440040 0.720057 0.008734 0.004990
0 0.462546 0.715542 0.008734 0.004990
0 0.490763 0.720057 0.008734 0.004990
0 0.523682 0.715542 0.008734 0.004990
0 0.555257 0.720057 0.008734 0.004990
0 0.577427 0.715542 0.008734 0.004990
0 0.604636 0.720057 0.008734 0.004990
0 0.626806 0.715542 0.008734 0.004990
0 0.654350 0.720057 0.008734 0.004990
0 0.755459 0.722433 0.008734 0.004990
0 0.778972 0.731939 0.008734 0.004990
0 0.778972 0.727186 0.008734 0.004990
0 0.811891 0.724810 0.008734 0.004990
0 0.835405 0.734316 0.008734 0.004990
0 0.835405 0.727186 0.008734 0.004990
0 0.868324 0.722433 0.008734 0.004990
0 0.891837 0.736692 0.008734 0.004990
0 0.891837 0.727186 0.008734 0.004990
0 0.925092 0.720057 0.008734 0.004990
0 0.195499 0.887595 0.008734 0.004990
0 0.231777 0.897101 0.008734 0.004990
0 0.231777 0.892348 0.008734 0.004990
0 0.277125 0.887595 0.008734 0.004990
0 0.313403 0.899240 0.008734 0.004990
0 0.313403 0.892348 0.008734 0.004990
0 0.358750 0.889971 0.008734 0.004990
0 0.395364 0.901616 0.008734 0.004990
0 0.395364 0.892348 0.008734 0.004990
0 0.440712 0.885219 0.008734 0.004990
0 0.567014 0.887595 0.009070 0.004990
0 0.567014 0.882842 0.009070 0.004990
0 0.575411 0.880466 0.009070 0.004990
0 0.567014 0.875713 0.009070 0.004990
0 0.567014 0.870960 0.009070 0.004990
0 0.746725 0.887595 0.008734 0.004990
0 0.746725 0.882842 0.008734 0.004990
0 0.754451 0.880466 0.008734 0.004990
0 0.746725 0.875713 0.008734 0.004990
0 0.746725 0.870960 0.008734 0.004990
0 0.153174 0.174905 0.008734 0.004990
0 0.231105 0.208888 0.008734 0.004990
0 0.305341 0.206511 0.008734 0.004990
0 0.403426 0.167776 0.008734 0.004990
0 0.486732 0.201759 0.008734 0.004990
0 0.573060 0.199382 0.008734 0.004990
0 0.683238 0.181797 0.009070 0.004990
0 0.691300 0.179658 0.009070 0.004990
0 0.691300 0.170152 0.009070 0.004990
0 0.691300 0.165399 0.009070 0.004990
0 0.408801 0.429420 0.008734 0.004990
0 0.480349 0.427044 0.008734 0.004990
0 0.566342 0.424667 0.008734 0.004990
0 0.157877 0.181797 0.009070 0.004990
0 0.157877 0.170152 0.009070 0.004990
0 0.401747 0.181797 0.009070 0.004990
0 0.401747 0.177281 0.009070 0.004990
0 0.152838 0.436549 0.009070 0.004990
0 0.152838 0.427044 0.009070 0.004990
0 0.152838 0.422529 0.009070 0.004990
0 0.385287 0.431797 0.009070 0.004990
0 0.385287 0.422529 0.009070 0.004990
0 0.385287 0.417776 0.009070 0.004990
0 0.526033 0.807510 0.008734 0.004990
0 0.526033 0.798004 0.008734 0.004990
0 0.567014 0.814401 0.009070 0.004990
0 0.567014 0.805133 0.009070 0.004990
0 0.177360 0.174905 0.008734 0.004990
0 0.198186 0.170152 0.008734 0.004990
0 0.198186 0.158270 0.008734 0.004990
0 0.251596 0.170152 0.008734 0.004990
0 0.272422 0.158270 0.008734 0.004990
0 0.272422 0.153517 0.008734 0.004990
0 0.326167 0.153517 0.008734 0.004990
0 0.346658 0.141873 0.008734 0.004990
0 0.346658 0.137120 0.008734 0.004990
0 0.425596 0.181797 0.008734 0.004990
0 0.449110 0.177281 0.008734 0.004990
0 0.449110 0.167776 0.008734 0.004990
0 0.510245 0.165399 0.008734 0.004990
0 0.535438 0.160646 0.008734 0.004990
0 0.535438 0.151378 0.008734 0.004990
0 0.596574 0.165399 0.008734 0.004990
0 0.621767 0.160646 0.008734 0.004990
0 0.621767 0.151378 0.008734 0.004990
0 0.715485 0.179658 0.008734 0.004990
0 0.738999 0.170152 0.008734 0.004990
0 0.738999 0.165399 0.008734 0.004990
0 0.800806 0.163023 0.008734 0.004990
0 0.828351 0.153517 0.008734 0.004990
0 0.828351 0.149002 0.008734 0.004990
0 0.890158 0.163023 0.008734 0.004990
0 0.917702 0.153517 0.008734 0.004990
0 0.917702 0.149002 0.008734 0.004990
0 0.170642 0.436549 0.008734 0.004990
0 0.188109 0.427044 0.008734 0.004990
0 0.188109 0.422529 0.008734 0.004990
0 0.234464 0.420152 0.008734 0.004990
0 0.262009 0.410646 0.008734 0.004990
0 0.262009 0.405894 0.008734 0.004990
0 0.307692 0.420152 0.008734 0.004990
0 0.335237 0.410646 0.008734 0.004990
0 0.335237 0.405894 0.008734 0.004990
0 0.411152 0.429420 0.008734 0.004990
0 0.432986 0.422529 0.008734 0.004990
0 0.432986 0.417776 0.008734 0.004990
0 0.432986 0.413023 0.008734 0.004990
0 0.483037 0.427044 0.008734 0.004990
0 0.518979 0.422529 0.008734 0.004990
0 0.518979 0.417776 0.008734 0.004990
0 0.526705 0.415399 0.008734 0.004990
0 0.518979 0.410646 0.008734 0.004990
0 0.568693 0.424667 0.008734 0.004990
0 0.597581 0.417776 0.008734 0.004990
0 0.605307 0.415399 0.008734 0.004990
0 0.597581 0.408270 0.008734 0.004990
0 0.742358 0.431797 0.009070 0.004990
0 0.742358 0.422529 0.009070 0.004990
0 0.733960 0.417776 0.009070 0.004990
0 0.742358 0.415399 0.009070 0.004990
0 0.889486 0.431797 0.008734 0.004990
0 0.889486 0.422529 0.008734 0.004990
0 0.881424 0.417776 0.008734 0.004990
0 0.889486 0.415399 0.008734 0.004990
0 0.183406 0.658745 0.008734 0.004990
0 0.183406 0.654230 0.008734 0.004990
0 0.201209 0.663498 0.008734 0.004990
0 0.201209 0.656606 0.008734 0.004990
0 0.238159 0.658745 0.008734 0.004990
0 0.238159 0.654230 0.008734 0.004990
0 0.252267 0.663498 0.008734 0.004990
0 0.252267 0.656606 0.008734 0.004990
0 0.289217 0.658745 0.008734 0.004990
0 0.289217 0.654230 0.008734 0.004990
0 0.303325 0.663498 0.008734 0.004990
0 0.303325 0.656606 0.008734 0.004990
0 0.366476 0.658745 0.008734 0.004990
0 0.366476 0.649477 0.008734 0.004990
0 0.387639 0.663498 0.008734 0.004990
0 0.387639 0.656606 0.008734 0.004990
0 0.425932 0.658745 0.008734 0.004990
0 0.425932 0.649477 0.008734 0.004990
0 0.440040 0.663498 0.008734 0.004990
0 0.440040 0.656606 0.008734 0.004990
0 0.476654 0.658745 0.008734 0.004990
0 0.476654 0.651854 0.008734 0.004990
0 0.490763 0.663498 0.008734 0.004990
0 0.490763 0.656606 0.008734 0.004990
0 0.537454 0.658745 0.008734 0.004990
0 0.537454 0.654230 0.008734 0.004990
0 0.555257 0.663498 0.008734 0.004990
0 0.555257 0.656606 0.008734 0.004990
0 0.591199 0.658745 0.008734 0.004990
0 0.591199 0.654230 0.008734 0.004990
0 0.604636 0.663498 0.008734 0.004990
0 0.604636 0.656606 0.008734 0.004990
0 0.640578 0.658745 0.008734 0.004990
0 0.640578 0.654230 0.008734 0.004990
0 0.654350 0.663498 0.008734 0.004990
0 0.654350 0.656606 0.008734 0.004990
0 0.733960 0.658745 0.008734 0.004990
0 0.726234 0.656606 0.008734 0.004990
0 0.733960 0.654230 0.008734 0.004990
0 0.733960 0.649477 0.008734 0.004990
0 0.755459 0.665875 0.008734 0.004990
0 0.778972 0.665875 0.008734 0.004990
0 0.789385 0.658745 0.008734 0.004990
0 0.797111 0.656606 0.008734 0.004990
0 0.797111 0.651854 0.008734 0.004990
0 0.811891 0.668251 0.008734 0.004990
0 0.835405 0.668251 0.008734 0.004990
0 0.853880 0.658745 0.008734 0.004990
0 0.845818 0.656606 0.008734 0.004990
0 0.853880 0.654230 0.008734 0.004990
0 0.853880 0.649477 0.008734 0.004990
0 0.868324 0.665875 0.008734 0.004990
0 0.891837 0.665875 0.008734 0.004990
0 0.902251 0.658745 0.008734 0.004990
0 0.910312 0.656606 0.008734 0.004990
0 0.910312 0.651854 0.008734 0.004990
0 0.910312 0.647101 0.008734 0.004990
0 0.925092 0.663498 0.008734 0.004990
0 0.143433 0.828660 0.008734 0.004990
0 0.165939 0.819154 0.008734 0.004990
0 0.165939 0.814401 0.008734 0.004990
0 0.165939 0.807510 0.008734 0.004990
0 0.195499 0.823907 0.008734 0.004990
0 0.231777 0.823907 0.008734 0.004990
0 0.246557 0.823907 0.008734 0.004990
0 0.254619 0.821530 0.008734 0.004990
0 0.254619 0.816778 0.008734 0.004990
0 0.277125 0.833413 0.008734 0.004990
0 0.313403 0.833413 0.008734 0.004990
0 0.336245 0.823907 0.008734 0.004990
0 0.328183 0.821530 0.008734 0.004990
0 0.336245 0.819154 0.008734 0.004990
0 0.336245 0.814401 0.008734 0.004990
0 0.358750 0.831036 0.008734 0.004990
0 0.395364 0.831036 0.008734 0.004990
0 0.410144 0.823907 0.008734 0.004990
0 0.417870 0.821530 0.008734 0.004990
0 0.417870 0.816778 0.008734 0.004990
0 0.417870 0.812025 0.008734 0.004990
0 0.440712 0.828660 0.008734 0.004990
0 0.492442 0.828660 0.013100 0.004990
0 0.746725 0.814401 0.008734 0.004990
0 0.746725 0.805133 0.008734 0.004990
0 0.154854 0.066302 0.009070 0.004990
0 0.401747 0.075808 0.008734 0.004990
0 0.486732 0.080561 0.008734 0.004990
0 0.535438 0.080561 0.008734 0.004990
0 0.573060 0.078184 0.008734 0.004990
0 0.621767 0.078184 0.008734 0.004990
0 0.691300 0.073432 0.009070 0.004990
0 0.153174 0.333650 0.008734 0.004990
0 0.188109 0.336027 0.008734 0.004990
0 0.216997 0.338403 0.008734 0.004990
0 0.290225 0.336027 0.008734 0.004990
0 0.335237 0.333650 0.008734 0.004990
0 0.385287 0.329135 0.009070 0.004990
0 0.742358 0.329135 0.008734 0.004990
0 0.791401 0.333650 0.008734 0.004990
0 0.815922 0.333650 0.008734 0.004990
0 0.840443 0.331511 0.008734 0.004990
0 0.864965 0.331511 0.008734 0.004990
0 0.889486 0.329135 0.008734 0.004990
0 0.914007 0.326759 0.008734 0.004990
0 0.159557 0.594344 0.009070 0.004990
0 0.316426 0.599097 0.006046 0.003565
0 0.347330 0.599097 0.009070 0.004990
0 0.523682 0.599097 0.008734 0.004990
