0 0.113873 0.223146 0.008398 0.004753
0 0.260665 0.223146 0.008398 0.004753
0 0.375546 0.223146 0.008398 0.004753
0 0.448438 0.230038 0.008398 0.004753
0 0.448438 0.213878 0.008398 0.004753
0 0.659053 0.695580 0.008398 0.004753
0 0.659053 0.679420 0.008398 0.004753
0 0.797447 0.695580 0.008398 0.004753
0 0.797447 0.679420 0.008398 0.004753
0 0.113873 0.213878 0.008398 0.004753
0 0.163588 0.211502 0.008398 0.004753
0 0.213302 0.204610 0.008398 0.004753
0 0.260665 0.206987 0.008398 0.004753
0 0.318105 0.202471 0.008398 0.004753
0 0.375546 0.195580 0.008398 0.004753
0 0.498824 0.193203 0.008398 0.004753
0 0.524017 0.188688 0.008398 0.004753
0 0.549211 0.195580 0.008398 0.004753
0 0.599597 0.230038 0.008398 0.004753
0 0.660396 0.213878 0.008398 0.004753
0 0.709439 0.230038 0.008398 0.004753
0 0.788713 0.241445 0.008398 0.004753
0 0.788713 0.225285 0.008398 0.004753
0 0.831038 0.241445 0.008398 0.004753
0 0.831038 0.225285 0.008398 0.004753
0 0.889822 0.209363 0.008398 0.004753
0 0.889822 0.193203 0.008398 0.004753
0 0.911656 0.209363 0.008398 0.004753
0 0.911656 0.193203 0.008398 0.004753
0 0.933490 0.209363 0.008398 0.004753
0 0.933490 0.193203 0.008398 0.004753
0 0.111858 0.433698 0.008398 0.004753
0 0.111858 0.417776 0.008398 0.004753
0 0.182062 0.433698 0.008398 0.004753
0 0.182062 0.417776 0.008398 0.004753
0 0.209943 0.433698 0.008398 0.004753
0 0.209943 0.417776 0.008398 0.004753
0 0.237487 0.433698 0.008398 0.004753
0 0.237487 0.417776 0.008398 0.004753
0 0.275109 0.433698 0.008398 0.004753
0 0.275109 0.417776 0.008398 0.004753
0 0.345314 0.433698 0.008398 0.004753
0 0.345314 0.417776 0.008398 0.004753
0 0.372859 0.433698 0.008398 0.004753
0 0.372859 0.417776 0.008398 0.004753
0 0.400739 0.433698 0.008398 0.004753
0 0.400739 0.417776 0.008398 0.004753
0 0.438025 0.433698 0.008398 0.004753
0 0.438025 0.417776 0.008398 0.004753
0 0.544844 0.442966 0.008398 0.004753
0 0.544844 0.426806 0.008398 0.004753
0 0.617736 0.452234 0.008398 0.004753
0 0.617736 0.436074 0.008398 0.004753
0 0.674840 0.426806 0.008398 0.004753
0 0.674840 0.419914 0.008398 0.004753
0 0.674840 0.415399 0.008398 0.004753
0 0.781995 0.445342 0.008398 0.004753
0 0.781995 0.429183 0.008398 0.004753
0 0.851528 0.447481 0.008398 0.004753
0 0.851528 0.440589 0.008398 0.004753
0 0.851528 0.436074 0.008398 0.004753
0 0.113873 0.691065 0.008398 0.004753
0 0.113873 0.674905 0.008398 0.004753
0 0.175008 0.686312 0.008398 0.004753
0 0.175008 0.681797 0.008398 0.004753
0 0.175008 0.677281 0.008398 0.004753
0 0.175008 0.672529 0.008398 0.004753
0 0.297951 0.684173 0.008398 0.004753
0 0.297951 0.668013 0.008398 0.004753
0 0.360766 0.686312 0.008398 0.004753
0 0.360766 0.679420 0.008398 0.004753
0 0.360766 0.674905 0.008398 0.004753
0 0.493114 0.677281 0.008398 0.004753
0 0.493114 0.661122 0.008398 0.004753
0 0.541821 0.661122 0.008398 0.004753
0 0.541821 0.656606 0.008398 0.004753
0 0.541821 0.651854 0.008398 0.004753
0 0.590527 0.686312 0.008398 0.004753
0 0.590527 0.670390 0.008398 0.004753
0 0.705072 0.647338 0.008398 0.004753
0 0.797447 0.647338 0.008398 0.004753
0 0.842459 0.663498 0.008398 0.004753
0 0.842459 0.649715 0.008398 0.004753
0 0.870675 0.654230 0.008398 0.004753
0 0.898892 0.658745 0.008398 0.004753
0 0.927108 0.663498 0.008398 0.004753
0 0.113873 0.907319 0.008398 0.004753
0 0.113873 0.891160 0.008398 0.004753
0 0.169970 0.882129 0.008398 0.004753
0 0.169970 0.875238 0.008398 0.004753
0 0.169970 0.870485 0.008398 0.004753
0 0.291905 0.900428 0.008398 0.004753
0 0.291905 0.884268 0.008398 0.004753
0 0.349009 0.902804 0.008398 0.004753
0 0.349009 0.895913 0.008398 0.004753
0 0.349009 0.891160 0.008398 0.004753
0 0.454484 0.909696 0.008398 0.004753
0 0.454484 0.893536 0.008398 0.004753
0 0.520658 0.904943 0.008398 0.004753
0 0.520658 0.900428 0.008398 0.004753
0 0.520658 0.895913 0.008398 0.004753
0 0.520658 0.891160 0.008398 0.004753
0 0.663084 0.902804 0.008398 0.004753
0 0.663084 0.886644 0.008398 0.004753
0 0.725563 0.904943 0.008398 0.004753
0 0.725563 0.898051 0.008398 0.004753
0 0.725563 0.893536 0.008398 0.004753
0 0.844810 0.895913 0.008398 0.004753
0 0.844810 0.879753 0.008398 0.004753
0 0.887135 0.879753 0.008398 0.004753
0 0.887135 0.875238 0.008398 0.004753
0 0.887135 0.870485 0.008398 0.004753
0 0.113873 0.156844 0.008398 0.004753
0 0.113873 0.149952 0.008398 0.004753
0 0.113873 0.145437 0.008398 0.004753
0 0.113873 0.140922 0.008398 0.004753
0 0.188445 0.154705 0.008398 0.004753
0 0.188445 0.138546 0.008398 0.004753
0 0.213302 0.147814 0.008398 0.004753
0 0.213302 0.131654 0.008398 0.004753
0 0.260665 0.149952 0.008398 0.004753
0 0.260665 0.145437 0.008398 0.004753
0 0.260665 0.140922 0.008398 0.004753
0 0.260665 0.134030 0.008398 0.004753
0 0.346658 0.145437 0.008398 0.004753
0 0.346658 0.129278 0.008398 0.004753
0 0.375546 0.138546 0.008398 0.004753
0 0.375546 0.122386 0.008398 0.004753
0 0.440712 0.143061 0.008398 0.004753
0 0.448438 0.140922 0.008398 0.004753
0 0.448438 0.136169 0.008398 0.004753
0 0.448438 0.127139 0.008398 0.004753
0 0.498824 0.143061 0.008398 0.004753
0 0.498824 0.136169 0.008398 0.004753
0 0.524017 0.131654 0.008398 0.004753
0 0.549211 0.143061 0.008398 0.004753
0 0.549211 0.138546 0.008398 0.004753
0 0.599597 0.143061 0.008398 0.004753
0 0.599597 0.138546 0.008398 0.004753
0 0.652670 0.143061 0.008398 0.004753
0 0.660396 0.140922 0.008398 0.004753
0 0.788713 0.152329 0.008398 0.004753
0 0.788713 0.147814 0.008398 0.004753
0 0.788713 0.143061 0.008398 0.004753
0 0.788713 0.136169 0.008398 0.004753
0 0.831038 0.152329 0.008398 0.004753
0 0.831038 0.147814 0.008398 0.004753
0 0.831038 0.143061 0.008398 0.004753
0 0.831038 0.136169 0.008398 0.004753
0 0.889822 0.136169 0.008398 0.004753
0 0.889822 0.120247 0.008398 0.004753
0 0.911656 0.136169 0.008398 0.004753
0 0.911656 0.120247 0.008398 0.004753
0 0.933490 0.136169 0.008398 0.004753
0 0.933490 0.120247 0.008398 0.004753
0 0.111858 0.374049 0.008398 0.004753
0 0.111858 0.357890 0.008398 0.004753
0 0.182062 0.374049 0.008398 0.004753
0 0.182062 0.357890 0.008398 0.004753
0 0.209943 0.374049 0.008398 0.004753
0 0.209943 0.357890 0.008398 0.004753
0 0.237487 0.374049 0.008398 0.004753
0 0.237487 0.357890 0.008398 0.004753
0 0.275109 0.374049 0.008398 0.004753
0 0.275109 0.357890 0.008398 0.004753
0 0.345314 0.374049 0.008398 0.004753
0 0.345314 0.357890 0.008398 0.004753
0 0.372859 0.374049 0.008398 0.004753
0 0.372859 0.357890 0.008398 0.004753
0 0.400739 0.374049 0.008398 0.004753
0 0.400739 0.357890 0.008398 0.004753
0 0.438025 0.374049 0.008398 0.004753
0 0.438025 0.357890 0.008398 0.004753
0 0.544844 0.383317 0.008398 0.004753
0 0.544844 0.367158 0.008398 0.004753
0 0.617736 0.376426 0.008398 0.004753
0 0.617736 0.360266 0.008398 0.004753
0 0.781995 0.380941 0.008398 0.004753
0 0.781995 0.376426 0.008398 0.004753
0 0.781995 0.369534 0.008398 0.004753
0 0.781995 0.364781 0.008398 0.004753
0 0.851528 0.380941 0.008398 0.004753
0 0.851528 0.376426 0.008398 0.004753
0 0.851528 0.369534 0.008398 0.004753
0 0.851528 0.364781 0.008398 0.004753
0 0.113873 0.609553 0.008398 0.004753
0 0.113873 0.605038 0.008398 0.004753
0 0.113873 0.600523 0.008398 0.004753
0 0.113873 0.593631 0.008398 0.004753
0 0.175008 0.609553 0.008398 0.004753
0 0.175008 0.605038 0.008398 0.004753
0 0.175008 0.600523 0.008398 0.004753
0 0.175008 0.593631 0.008398 0.004753
0 0.297951 0.614306 0.008398 0.004753
0 0.297951 0.609553 0.008398 0.004753
0 0.297951 0.602662 0.008398 0.004753
0 0.297951 0.598146 0.008398 0.004753
0 0.360766 0.614306 0.008398 0.004753
0 0.360766 0.609553 0.008398 0.004753
0 0.360766 0.602662 0.008398 0.004753
0 0.360766 0.598146 0.008398 0.004753
0 0.493114 0.618821 0.008398 0.004753
0 0.493114 0.611930 0.008398 0.004753
0 0.493114 0.607414 0.008398 0.004753
0 0.493114 0.602662 0.008398 0.004753
0 0.590527 0.616445 0.008398 0.004753
0 0.590527 0.611930 0.008398 0.004753
0 0.582801 0.607414 0.008398 0.004753
0 0.590527 0.605038 0.008398 0.004753
0 0.659053 0.614306 0.008398 0.004753
0 0.659053 0.609553 0.008398 0.004753
0 0.659053 0.605038 0.008398 0.004753
0 0.659053 0.598146 0.008398 0.004753
0 0.705072 0.598146 0.008398 0.004753
0 0.705072 0.581987 0.008398 0.004753
0 0.797447 0.598146 0.008398 0.004753
0 0.797447 0.581987 0.008398 0.004753
0 0.842459 0.600523 0.008398 0.004753
0 0.842459 0.584363 0.008398 0.004753
0 0.870675 0.605038 0.008398 0.004753
0 0.870675 0.588878 0.008398 0.004753
0 0.898892 0.609553 0.008398 0.004753
0 0.898892 0.593631 0.008398 0.004753
0 0.927108 0.614306 0.008398 0.004753
0 0.927108 0.598146 0.008398 0.004753
0 0.113873 0.831511 0.008398 0.004753
0 0.113873 0.815352 0.008398 0.004753
0 0.291905 0.836027 0.008398 0.004753
0 0.291905 0.831511 0.008398 0.004753
0 0.291905 0.824620 0.008398 0.004753
0 0.291905 0.820105 0.008398 0.004753
0 0.349009 0.836027 0.008398 0.004753
0 0.349009 0.831511 0.008398 0.004753
0 0.349009 0.824620 0.008398 0.004753
0 0.349009 0.820105 0.008398 0.004753
0 0.454484 0.833888 0.008398 0.004753
0 0.454484 0.829135 0.008398 0.004753
0 0.454484 0.824620 0.008398 0.004753
0 0.454484 0.817728 0.008398 0.004753
0 0.520658 0.833888 0.008398 0.004753
0 0.520658 0.829135 0.008398 0.004753
0 0.520658 0.824620 0.008398 0.004753
0 0.520658 0.817728 0.008398 0.004753
0 0.663084 0.838403 0.008398 0.004753
0 0.663084 0.833888 0.008398 0.004753
0 0.663084 0.826996 0.008398 0.004753
0 0.663084 0.822243 0.008398 0.004753
0 0.725563 0.838403 0.008398 0.004753
0 0.725563 0.833888 0.008398 0.004753
0 0.725563 0.826996 0.008398 0.004753
0 0.725563 0.822243 0.008398 0.004753
0 0.844810 0.842918 0.008398 0.004753
0 0.844810 0.836027 0.008398 0.004753
0 0.844810 0.831511 0.008398 0.004753
0 0.844810 0.826996 0.008398 0.004753
0 0.887135 0.842918 0.008398 0.004753
0 0.887135 0.836027 0.008398 0.004753
0 0.887135 0.831511 0.008398 0.004753
0 0.887135 0.826996 0.008398 0.004753
0 0.113873 0.065589 0.008398 0.004753
0 0.260665 0.065589 0.008398 0.004753
0 0.346658 0.072481 0.008398 0.004753
0 0.375546 0.074857 0.008398 0.004753
0 0.404434 0.077234 0.008398 0.004753
0 0.448438 0.067966 0.008398 0.004753
0 0.599597 0.067966 0.008398 0.004753
0 0.660396 0.072481 0.008398 0.004753
0 0.709439 0.074857 0.008398 0.004753
0 0.740007 0.077234 0.008398 0.004753
0 0.788713 0.067966 0.008398 0.004753
0 0.111858 0.298954 0.008398 0.004753
0 0.275109 0.298954 0.008398 0.004753
0 0.438025 0.298954 0.008398 0.004753
0 0.544844 0.307985 0.008398 0.004753
0 0.574404 0.307985 0.008398 0.004753
0 0.617736 0.301093 0.008398 0.004753
0 0.720524 0.307985 0.008398 0.004753
0 0.781995 0.305846 0.008398 0.004753
0 0.901579 0.310361 0.008398 0.004753
0 0.113873 0.528042 0.008398 0.004753
0 0.216997 0.534933 0.008398 0.004753
0 0.243198 0.534933 0.008398 0.004753
0 0.297951 0.532557 0.008398 0.004753
0 0.387639 0.532557 0.008398 0.004753
0 0.414511 0.530181 0.008398 0.004753
0 0.441720 0.528042 0.008398 0.004753
0 0.493114 0.525665 0.008398 0.004753
0 0.566342 0.525665 0.008398 0.004753
0 0.590527 0.523289 0.008398 0.004753
0 0.615049 0.523289 0.008398 0.004753
0 0.659053 0.532557 0.008398 0.004753
0 0.705072 0.532557 0.008398 0.004753
0 0.927108 0.532557 0.008398 0.004753
0 0.113873 0.762120 0.008398 0.004753
0 0.197850 0.769011 0.008398 0.004753
0 0.225731 0.773764 0.008398 0.004753
0 0.253611 0.778279 0.008398 0.004753
0 0.291905 0.766873 0.008398 0.004753
0 0.349009 0.766873 0.008398 0.004753
0 0.399395 0.766873 0.008398 0.004753
0 0.454484 0.764496 0.008398 0.004753
0 0.549547 0.771388 0.008398 0.004753
0 0.578099 0.769011 0.008398 0.004753
0 0.606987 0.766873 0.008398 0.004753
0 0.663084 0.769011 0.008398 0.004753
0 0.768223 0.766873 0.008398 0.004753
0 0.800806 0.764496 0.008398 0.004753
0 0.844810 0.762120 0.008398 0.004753
0 0.921061 0.762120 0.008398 0.004753
