0 0.121599 0.455561 0.008398 0.004753
0 0.299295 0.455561 0.008398 0.004753
0 0.450453 0.455561 0.008398 0.004753
0 0.619751 0.455561 0.008398 0.004753
0 0.812899 0.460314 0.008398 0.004753
0 0.812899 0.444154 0.008398 0.004753
0 0.128317 0.685124 0.008398 0.004753
0 0.128317 0.668964 0.008398 0.004753
0 0.293584 0.680608 0.008398 0.004753
0 0.293584 0.671340 0.008398 0.004753
0 0.446423 0.680608 0.008398 0.004753
0 0.446423 0.671340 0.008398 0.004753
0 0.558280 0.680608 0.008398 0.004753
0 0.558280 0.671340 0.008398 0.004753
0 0.627813 0.664449 0.008398 0.004753
0 0.794760 0.671340 0.008398 0.004753
0 0.891166 0.671340 0.008398 0.004753
0 0.125966 0.213165 0.008398 0.004753
0 0.125966 0.197006 0.008398 0.004753
0 0.181727 0.197006 0.008398 0.004753
0 0.181727 0.192490 0.008398 0.004753
0 0.181727 0.187738 0.008398 0.004753
0 0.181727 0.183222 0.008398 0.004753
0 0.300302 0.206274 0.008398 0.004753
0 0.300302 0.190114 0.008398 0.004753
0 0.379913 0.217681 0.008398 0.004753
0 0.379913 0.213165 0.008398 0.004753
0 0.379913 0.208413 0.008398 0.004753
0 0.379913 0.199382 0.008398 0.004753
0 0.422909 0.217681 0.008398 0.004753
0 0.422909 0.213165 0.008398 0.004753
0 0.422909 0.208413 0.008398 0.004753
0 0.422909 0.201521 0.008398 0.004753
0 0.504199 0.217681 0.008398 0.004753
0 0.504199 0.213165 0.008398 0.004753
0 0.504199 0.208413 0.008398 0.004753
0 0.504199 0.199382 0.008398 0.004753
0 0.545516 0.217681 0.008398 0.004753
0 0.545516 0.213165 0.008398 0.004753
0 0.545516 0.208413 0.008398 0.004753
0 0.545516 0.201521 0.008398 0.004753
0 0.597246 0.217681 0.008398 0.004753
0 0.597246 0.213165 0.008398 0.004753
0 0.597246 0.208413 0.008398 0.004753
0 0.597246 0.199382 0.008398 0.004753
0 0.664763 0.217681 0.008398 0.004753
0 0.664763 0.213165 0.008398 0.004753
0 0.664763 0.208413 0.008398 0.004753
0 0.664763 0.201521 0.008398 0.004753
0 0.716157 0.217681 0.008398 0.004753
0 0.716157 0.213165 0.008398 0.004753
0 0.716157 0.208413 0.008398 0.004753
0 0.716157 0.199382 0.008398 0.004753
0 0.757474 0.217681 0.008398 0.004753
0 0.757474 0.213165 0.008398 0.004753
0 0.757474 0.208413 0.008398 0.004753
0 0.757474 0.201521 0.008398 0.004753
0 0.813235 0.217681 0.008398 0.004753
0 0.813235 0.213165 0.008398 0.004753
0 0.813235 0.208413 0.008398 0.004753
0 0.813235 0.203897 0.008398 0.004753
0 0.852872 0.208413 0.008398 0.004753
0 0.892509 0.217681 0.008398 0.004753
0 0.121599 0.446530 0.008398 0.004753
0 0.175008 0.446530 0.008398 0.004753
0 0.299295 0.446530 0.008398 0.004753
0 0.348337 0.446530 0.008398 0.004753
0 0.450453 0.446530 0.008398 0.004753
0 0.495129 0.446530 0.008398 0.004753
0 0.619751 0.446530 0.008398 0.004753
0 0.679543 0.446530 0.008398 0.004753
0 0.812899 0.434886 0.008398 0.004753
0 0.856567 0.432747 0.008398 0.004753
0 0.900571 0.425856 0.008398 0.004753
0 0.128317 0.653042 0.008398 0.004753
0 0.179039 0.648289 0.008398 0.004753
0 0.229426 0.641397 0.008398 0.004753
0 0.361774 0.655181 0.008398 0.004753
0 0.446423 0.655181 0.008398 0.004753
0 0.496137 0.641397 0.008398 0.004753
0 0.527041 0.646150 0.008398 0.004753
0 0.558280 0.650665 0.008398 0.004753
0 0.589184 0.653042 0.008398 0.004753
0 0.627813 0.655181 0.008398 0.004753
0 0.681895 0.648289 0.008398 0.004753
0 0.747733 0.655181 0.008398 0.004753
0 0.794760 0.657557 0.008398 0.004753
0 0.842795 0.662072 0.008398 0.004753
0 0.891166 0.655181 0.008398 0.004753
0 0.126973 0.907319 0.008398 0.004753
0 0.126973 0.898051 0.008398 0.004753
0 0.126973 0.891160 0.008398 0.004753
0 0.379241 0.889021 0.008398 0.004753
0 0.379241 0.882129 0.008398 0.004753
0 0.379241 0.877376 0.008398 0.004753
0 0.379241 0.868346 0.008398 0.004753
0 0.662412 0.904943 0.008398 0.004753
0 0.662412 0.898051 0.008398 0.004753
0 0.662412 0.893536 0.008398 0.004753
0 0.662412 0.884268 0.008398 0.004753
0 0.299295 0.376663 0.008398 0.004753
0 0.323816 0.372148 0.008398 0.004753
0 0.348337 0.379040 0.008398 0.004753
0 0.387639 0.381416 0.008398 0.004753
0 0.450453 0.381416 0.008398 0.004753
0 0.495129 0.381416 0.008398 0.004753
0 0.619751 0.376663 0.008398 0.004753
0 0.649647 0.372148 0.008398 0.004753
0 0.679543 0.379040 0.008398 0.004753
0 0.727578 0.381416 0.008398 0.004753
0 0.627813 0.608603 0.008398 0.004753
0 0.794760 0.615494 0.008398 0.004753
0 0.891166 0.615494 0.008398 0.004753
0 0.125966 0.153279 0.008398 0.004753
0 0.125966 0.148764 0.008398 0.004753
0 0.118240 0.139496 0.008398 0.004753
0 0.125966 0.137357 0.008398 0.004753
0 0.181727 0.137357 0.008398 0.004753
0 0.181727 0.132605 0.008398 0.004753
0 0.174001 0.123574 0.008398 0.004753
0 0.181727 0.121198 0.008398 0.004753
0 0.300302 0.146388 0.008398 0.004753
0 0.300302 0.141873 0.008398 0.004753
0 0.292576 0.132605 0.008398 0.004753
0 0.300302 0.130466 0.008398 0.004753
0 0.372187 0.144249 0.008398 0.004753
0 0.379913 0.141873 0.008398 0.004753
0 0.379913 0.132605 0.008398 0.004753
0 0.379913 0.128089 0.008398 0.004753
0 0.422909 0.146388 0.008398 0.004753
0 0.422909 0.141873 0.008398 0.004753
0 0.415183 0.132605 0.008398 0.004753
0 0.422909 0.130466 0.008398 0.004753
0 0.496473 0.144249 0.008398 0.004753
0 0.504199 0.141873 0.008398 0.004753
0 0.504199 0.132605 0.008398 0.004753
0 0.504199 0.128089 0.008398 0.004753
0 0.545516 0.146388 0.008398 0.004753
0 0.545516 0.141873 0.008398 0.004753
0 0.537790 0.132605 0.008398 0.004753
0 0.545516 0.130466 0.008398 0.004753
0 0.589520 0.144249 0.008398 0.004753
0 0.597246 0.141873 0.008398 0.004753
0 0.597246 0.132605 0.008398 0.004753
0 0.597246 0.128089 0.008398 0.004753
0 0.664763 0.146388 0.008398 0.004753
0 0.664763 0.141873 0.008398 0.004753
0 0.657037 0.132605 0.008398 0.004753
0 0.664763 0.130466 0.008398 0.004753
0 0.708431 0.144249 0.008398 0.004753
0 0.716157 0.141873 0.008398 0.004753
0 0.716157 0.132605 0.008398 0.004753
0 0.716157 0.128089 0.008398 0.004753
0 0.757474 0.146388 0.008398 0.004753
0 0.757474 0.141873 0.008398 0.004753
0 0.749748 0.132605 0.008398 0.004753
0 0.757474 0.130466 0.008398 0.004753
0 0.813235 0.148764 0.008398 0.004753
0 0.813235 0.141873 0.008398 0.004753
0 0.813235 0.132605 0.008398 0.004753
0 0.852872 0.153279 0.008398 0.004753
0 0.852872 0.137357 0.008398 0.004753
0 0.892509 0.146388 0.008398 0.004753
0 0.892509 0.141873 0.008398 0.004753
0 0.884783 0.132605 0.008398 0.004753
0 0.892509 0.130466 0.008398 0.004753
0 0.121599 0.358365 0.008398 0.004753
0 0.121599 0.353850 0.008398 0.004753
0 0.121599 0.342205 0.008398 0.004753
0 0.175008 0.374525 0.008398 0.004753
0 0.175008 0.369772 0.008398 0.004753
0 0.175008 0.365257 0.008398 0.004753
0 0.299295 0.367633 0.008398 0.004753
0 0.307020 0.365257 0.008398 0.004753
0 0.450453 0.374525 0.008398 0.004753
0 0.450453 0.369772 0.008398 0.004753
0 0.450453 0.365257 0.008398 0.004753
0 0.495129 0.374525 0.008398 0.004753
0 0.495129 0.369772 0.008398 0.004753
0 0.495129 0.365257 0.008398 0.004753
0 0.619751 0.367633 0.008398 0.004753
0 0.627477 0.365257 0.008398 0.004753
0 0.812899 0.374525 0.008398 0.004753
0 0.812899 0.369772 0.008398 0.004753
0 0.128317 0.613356 0.008398 0.004753
0 0.128317 0.608603 0.008398 0.004753
0 0.293584 0.620247 0.008398 0.004753
0 0.293584 0.613356 0.008398 0.004753
0 0.293584 0.608603 0.008398 0.004753
0 0.361774 0.604087 0.008398 0.004753
0 0.361774 0.587928 0.008398 0.004753
0 0.446423 0.604087 0.008398 0.004753
0 0.446423 0.587928 0.008398 0.004753
0 0.496137 0.590304 0.008398 0.004753
0 0.527041 0.594819 0.008398 0.004753
0 0.558280 0.599572 0.008398 0.004753
0 0.589184 0.601711 0.008398 0.004753
0 0.627813 0.604087 0.008398 0.004753
0 0.681895 0.597196 0.008398 0.004753
0 0.747733 0.604087 0.008398 0.004753
0 0.794760 0.606464 0.008398 0.004753
0 0.842795 0.610979 0.008398 0.004753
0 0.891166 0.604087 0.008398 0.004753
0 0.126973 0.848384 0.008398 0.004753
0 0.126973 0.841492 0.008398 0.004753
0 0.126973 0.836977 0.008398 0.004753
0 0.126973 0.832224 0.008398 0.004753
0 0.379241 0.834601 0.008398 0.004753
0 0.379241 0.827709 0.008398 0.004753
0 0.379241 0.818441 0.008398 0.004753
0 0.662412 0.836977 0.008398 0.004753
0 0.662412 0.832224 0.008398 0.004753
0 0.654686 0.823194 0.008398 0.004753
0 0.662412 0.820817 0.008398 0.004753
0 0.125966 0.067966 0.008398 0.004753
0 0.226067 0.070342 0.008398 0.004753
0 0.253611 0.067966 0.008398 0.004753
0 0.300302 0.063451 0.008398 0.004753
0 0.504199 0.063451 0.008398 0.004753
0 0.664763 0.077234 0.008398 0.004753
0 0.121599 0.281131 0.008398 0.004753
0 0.201881 0.288023 0.008398 0.004753
0 0.228754 0.285884 0.008398 0.004753
0 0.255626 0.292776 0.008398 0.004753
0 0.299295 0.288023 0.008398 0.004753
0 0.450453 0.281131 0.008398 0.004753
0 0.523010 0.288023 0.008398 0.004753
0 0.551226 0.285884 0.008398 0.004753
0 0.579106 0.292776 0.008398 0.004753
0 0.619751 0.288023 0.008398 0.004753
0 0.727578 0.288023 0.008398 0.004753
0 0.757474 0.288023 0.008398 0.004753
0 0.812899 0.281131 0.008398 0.004753
0 0.900571 0.285884 0.008398 0.004753
0 0.927780 0.285884 0.008398 0.004753
0 0.128317 0.533032 0.008398 0.004753
0 0.229426 0.530656 0.008398 0.004753
0 0.293584 0.528279 0.008398 0.004753
0 0.446423 0.528279 0.008398 0.004753
0 0.627813 0.528279 0.008398 0.004753
0 0.794760 0.528279 0.008398 0.004753
0 0.126973 0.753327 0.008398 0.004753
0 0.185086 0.750951 0.008398 0.004753
0 0.214982 0.748574 0.008398 0.004753
0 0.244541 0.746435 0.008398 0.004753
0 0.274437 0.744059 0.008398 0.004753
0 0.314746 0.741683 0.008398 0.004753
0 0.379241 0.739544 0.008398 0.004753
0 0.422909 0.748574 0.008398 0.004753
0 0.450453 0.744059 0.008398 0.004753
0 0.477998 0.750951 0.008398 0.004753
0 0.538126 0.753327 0.008398 0.004753
0 0.582130 0.753327 0.008398 0.004753
0 0.662412 0.741683 0.008398 0.004753
0 0.817602 0.741683 0.008398 0.004753
