0 0.299295 0.377376 0.007054 0.004278
0 0.370507 0.377376 0.007390 0.004278
0 0.526033 0.377376 0.007054 0.004278
0 0.597246 0.377376 0.007390 0.004278
0 0.742022 0.377376 0.007054 0.004278
0 0.813235 0.377376 0.007390 0.004278
0 0.122943 0.546578 0.007054 0.004278
0 0.211958 0.546578 0.007390 0.004278
0 0.408465 0.546578 0.007390 0.004278
0 0.579106 0.536835 0.007054 0.004278
0 0.680887 0.544677 0.007390 0.004278
0 0.383944 0.720532 0.007054 0.004278
0 0.405442 0.720532 0.007054 0.004278
0 0.426604 0.720532 0.007054 0.004278
0 0.458851 0.722433 0.007054 0.004278
0 0.240511 0.203184 0.007054 0.004278
0 0.253947 0.209125 0.007054 0.004278
0 0.267383 0.203184 0.007054 0.004278
0 0.281156 0.199382 0.007054 0.004278
0 0.294592 0.195342 0.007054 0.004278
0 0.308028 0.189401 0.007054 0.004278
0 0.331542 0.185599 0.007054 0.004278
0 0.358750 0.183698 0.007054 0.004278
0 0.385623 0.183698 0.007054 0.004278
0 0.407121 0.181559 0.007054 0.004278
0 0.434666 0.181559 0.007054 0.004278
0 0.451797 0.179658 0.007054 0.004278
0 0.506886 0.193441 0.007054 0.004278
0 0.524017 0.191540 0.007054 0.004278
0 0.549882 0.191540 0.007054 0.004278
0 0.564662 0.189401 0.007054 0.004278
0 0.637555 0.197243 0.007390 0.004278
0 0.637555 0.193441 0.007390 0.004278
0 0.637555 0.187500 0.007390 0.004278
0 0.756802 0.209125 0.007390 0.004278
0 0.756802 0.195342 0.007390 0.004278
0 0.820961 0.195342 0.007054 0.004278
0 0.820961 0.191540 0.007054 0.004278
0 0.862949 0.203184 0.007054 0.004278
0 0.862949 0.195342 0.007054 0.004278
0 0.862949 0.189401 0.007054 0.004278
0 0.878065 0.199382 0.007054 0.004278
0 0.893517 0.203184 0.007054 0.004278
0 0.908969 0.207224 0.007054 0.004278
0 0.924085 0.209125 0.007054 0.004278
0 0.939536 0.212928 0.007054 0.004278
0 0.124622 0.391160 0.007054 0.004278
0 0.299295 0.377376 0.007054 0.004278
0 0.323144 0.369534 0.007054 0.004278
0 0.346658 0.369534 0.007054 0.004278
0 0.346658 0.363593 0.007054 0.004278
0 0.370507 0.369534 0.007390 0.004278
0 0.370507 0.363593 0.007390 0.004278
0 0.526033 0.377376 0.007054 0.004278
0 0.547195 0.371435 0.007054 0.004278
0 0.568693 0.371435 0.007054 0.004278
0 0.568693 0.363593 0.007054 0.004278
0 0.597246 0.371435 0.007390 0.004278
0 0.597246 0.363593 0.007390 0.004278
0 0.742022 0.377376 0.007054 0.004278
0 0.763856 0.369534 0.007054 0.004278
0 0.791065 0.369534 0.007054 0.004278
0 0.791065 0.365494 0.007054 0.004278
0 0.813235 0.369534 0.007390 0.004278
0 0.813235 0.365494 0.007390 0.004278
0 0.122943 0.546578 0.007054 0.004278
0 0.156198 0.538736 0.007054 0.004278
0 0.184078 0.538736 0.007054 0.004278
0 0.184078 0.533032 0.007054 0.004278
0 0.211958 0.538736 0.007390 0.004278
0 0.211958 0.533032 0.007390 0.004278
0 0.408465 0.546578 0.007390 0.004278
0 0.439368 0.538736 0.007054 0.004278
0 0.467249 0.538736 0.007054 0.004278
0 0.467249 0.533032 0.007054 0.004278
0 0.495129 0.538736 0.007054 0.004278
0 0.495129 0.533032 0.007054 0.004278
0 0.579106 0.533032 0.007054 0.004278
0 0.680887 0.544677 0.007390 0.004278
0 0.714142 0.536835 0.007054 0.004278
0 0.744038 0.536835 0.007054 0.004278
0 0.744038 0.530894 0.007054 0.004278
0 0.774269 0.536835 0.007054 0.004278
0 0.774269 0.530894 0.007054 0.004278
0 0.128653 0.724335 0.007054 0.004278
0 0.128653 0.710551 0.007054 0.004278
0 0.171985 0.724335 0.007054 0.004278
0 0.171985 0.710551 0.007054 0.004278
0 0.295264 0.726236 0.007054 0.004278
0 0.295264 0.712690 0.007054 0.004278
0 0.336916 0.726236 0.007054 0.004278
0 0.336916 0.712690 0.007054 0.004278
0 0.383944 0.716492 0.007054 0.004278
0 0.405442 0.716492 0.007054 0.004278
0 0.426604 0.716492 0.007054 0.004278
0 0.458851 0.714591 0.007054 0.004278
0 0.576083 0.722433 0.007054 0.004278
0 0.641250 0.712690 0.007054 0.004278
0 0.706416 0.722433 0.007054 0.004278
0 0.782331 0.720532 0.007054 0.004278
0 0.806517 0.706749 0.007054 0.004278
0 0.806517 0.702709 0.007054 0.004278
0 0.806517 0.698907 0.007054 0.004278
0 0.830702 0.706749 0.007390 0.004278
0 0.830702 0.702709 0.007390 0.004278
0 0.830702 0.698907 0.007390 0.004278
0 0.127309 0.885456 0.007054 0.004278
0 0.120591 0.881654 0.007054 0.004278
0 0.127309 0.879753 0.007054 0.004278
0 0.194491 0.903279 0.007054 0.004278
0 0.261337 0.907082 0.007054 0.004278
0 0.338596 0.901141 0.007054 0.004278
0 0.365469 0.887595 0.007054 0.004278
0 0.365469 0.883555 0.007054 0.004278
0 0.365469 0.879753 0.007054 0.004278
0 0.392341 0.887595 0.007390 0.004278
0 0.392341 0.883555 0.007390 0.004278
0 0.392341 0.879753 0.007390 0.004278
0 0.536782 0.903279 0.007054 0.004278
0 0.536782 0.889496 0.007054 0.004278
0 0.613033 0.895437 0.007054 0.004278
0 0.606315 0.891397 0.007054 0.004278
0 0.613033 0.889496 0.007054 0.004278
0 0.613033 0.885456 0.007054 0.004278
0 0.689285 0.895437 0.007054 0.004278
0 0.682902 0.891397 0.007054 0.004278
0 0.689285 0.889496 0.007054 0.004278
0 0.689285 0.885456 0.007054 0.004278
0 0.775613 0.911122 0.007054 0.004278
0 0.775613 0.897338 0.007054 0.004278
0 0.826335 0.893298 0.007054 0.004278
0 0.826335 0.889496 0.007054 0.004278
0 0.819617 0.885456 0.007054 0.004278
0 0.826335 0.883555 0.007054 0.004278
0 0.876722 0.893298 0.007054 0.004278
0 0.876722 0.889496 0.007054 0.004278
0 0.870339 0.885456 0.007054 0.004278
0 0.876722 0.883555 0.007054 0.004278
0 0.756466 0.163260 0.007054 0.004278
0 0.772590 0.159221 0.007054 0.004278
0 0.788713 0.163260 0.007054 0.004278
0 0.804837 0.159221 0.007054 0.004278
0 0.814243 0.161122 0.007054 0.004278
0 0.820961 0.159221 0.007054 0.004278
0 0.370507 0.341968 0.007054 0.004278
0 0.441384 0.341968 0.007054 0.004278
0 0.596910 0.340067 0.007054 0.004278
0 0.211958 0.511407 0.007054 0.004278
0 0.495129 0.511407 0.007054 0.004278
0 0.383944 0.665162 0.007054 0.004278
0 0.405442 0.665162 0.007054 0.004278
0 0.426604 0.665162 0.007054 0.004278
0 0.458851 0.663260 0.007054 0.004278
0 0.331542 0.155418 0.007054 0.004278
0 0.338260 0.153279 0.007054 0.004278
0 0.358750 0.157319 0.007054 0.004278
0 0.358750 0.153279 0.007054 0.004278
0 0.385623 0.153279 0.007054 0.004278
0 0.392341 0.151378 0.007054 0.004278
0 0.407121 0.155418 0.007054 0.004278
0 0.407121 0.151378 0.007054 0.004278
0 0.434666 0.155418 0.007054 0.004278
0 0.434666 0.147576 0.007054 0.004278
0 0.451797 0.153279 0.007054 0.004278
0 0.451797 0.149477 0.007054 0.004278
0 0.500504 0.139734 0.007054 0.004278
0 0.506886 0.137595 0.007054 0.004278
0 0.524017 0.141635 0.007054 0.004278
0 0.524017 0.137595 0.007054 0.004278
0 0.549882 0.141635 0.007054 0.004278
0 0.549882 0.133793 0.007054 0.004278
0 0.564662 0.139734 0.007054 0.004278
0 0.564662 0.135694 0.007054 0.004278
0 0.637555 0.149477 0.007054 0.004278
0 0.652335 0.153279 0.007054 0.004278
0 0.664763 0.151378 0.007054 0.004278
0 0.677192 0.149477 0.007054 0.004278
0 0.689620 0.147576 0.007054 0.004278
0 0.702049 0.145437 0.007054 0.004278
0 0.714478 0.141635 0.007054 0.004278
0 0.733960 0.143536 0.007054 0.004278
0 0.756802 0.153279 0.007390 0.004278
0 0.820961 0.149477 0.007054 0.004278
0 0.840443 0.151378 0.007054 0.004278
0 0.862949 0.163260 0.007054 0.004278
0 0.862949 0.159221 0.007054 0.004278
0 0.862949 0.153279 0.007054 0.004278
0 0.878065 0.163260 0.007054 0.004278
0 0.893517 0.189401 0.007054 0.004278
0 0.908969 0.193441 0.007054 0.004278
0 0.924085 0.195342 0.007054 0.004278
0 0.939536 0.199382 0.007054 0.004278
0 0.124622 0.377376 0.007054 0.004278
0 0.370507 0.341968 0.007054 0.004278
0 0.394021 0.338165 0.007054 0.004278
0 0.417870 0.332224 0.007054 0.004278
0 0.441384 0.341968 0.007054 0.004278
0 0.465233 0.338165 0.007054 0.004278
0 0.488747 0.332224 0.007054 0.004278
0 0.596910 0.340067 0.007054 0.004278
0 0.618408 0.336264 0.007054 0.004278
0 0.639570 0.332224 0.007054 0.004278
0 0.660732 0.340067 0.007054 0.004278
0 0.681895 0.336264 0.007054 0.004278
0 0.712798 0.332224 0.007054 0.004278
0 0.812899 0.340067 0.007054 0.004278
0 0.834733 0.338165 0.007054 0.004278
0 0.861942 0.330323 0.007054 0.004278
0 0.883776 0.340067 0.007054 0.004278
0 0.905610 0.338165 0.007054 0.004278
0 0.932818 0.330323 0.007054 0.004278
0 0.211958 0.511407 0.007054 0.004278
0 0.239503 0.507367 0.007054 0.004278
0 0.267383 0.501663 0.007054 0.004278
0 0.295264 0.511407 0.007054 0.004278
0 0.322808 0.507367 0.007054 0.004278
0 0.350689 0.501663 0.007054 0.004278
0 0.495129 0.511407 0.007054 0.004278
0 0.523346 0.507367 0.007054 0.004278
0 0.551226 0.501663 0.007054 0.004278
0 0.579106 0.507367 0.007054 0.004278
0 0.606987 0.505466 0.007054 0.004278
0 0.634867 0.501663 0.007054 0.004278
0 0.774269 0.509506 0.007054 0.004278
0 0.804165 0.505466 0.007054 0.004278
0 0.834397 0.499525 0.007054 0.004278
0 0.128653 0.678945 0.007054 0.004278
0 0.128653 0.671103 0.007054 0.004278
0 0.171985 0.678945 0.007054 0.004278
0 0.171985 0.671103 0.007054 0.004278
0 0.295264 0.677044 0.007054 0.004278
0 0.295264 0.673004 0.007054 0.004278
0 0.336916 0.677044 0.007054 0.004278
0 0.336916 0.673004 0.007054 0.004278
0 0.383944 0.653517 0.007054 0.004278
0 0.405442 0.655418 0.007054 0.004278
0 0.426604 0.657319 0.007054 0.004278
0 0.458851 0.659458 0.007054 0.004278
0 0.608666 0.682747 0.007054 0.004278
0 0.608666 0.678945 0.007054 0.004278
0 0.615385 0.677044 0.007054 0.004278
0 0.673833 0.686787 0.007054 0.004278
0 0.673833 0.682747 0.007054 0.004278
0 0.673833 0.678945 0.007054 0.004278
0 0.680215 0.677044 0.007054 0.004278
0 0.738663 0.682747 0.007054 0.004278
0 0.738663 0.678945 0.007054 0.004278
0 0.745381 0.677044 0.007054 0.004278
0 0.782331 0.684886 0.007054 0.004278
0 0.782331 0.680846 0.007054 0.004278
0 0.782331 0.677044 0.007054 0.004278
0 0.830366 0.663260 0.007054 0.004278
0 0.845482 0.665162 0.007054 0.004278
0 0.860598 0.667063 0.007054 0.004278
0 0.875714 0.669202 0.007054 0.004278
0 0.890494 0.665162 0.007054 0.004278
0 0.905610 0.667063 0.007054 0.004278
0 0.920726 0.669202 0.007054 0.004278
0 0.935841 0.671103 0.007054 0.004278
0 0.127309 0.858127 0.007054 0.004278
0 0.160900 0.867871 0.007054 0.004278
0 0.160900 0.864068 0.007054 0.004278
0 0.167282 0.861930 0.007054 0.004278
0 0.228082 0.867871 0.007054 0.004278
0 0.228082 0.864068 0.007054 0.004278
0 0.234464 0.861930 0.007054 0.004278
0 0.294928 0.871911 0.007054 0.004278
0 0.294928 0.864068 0.007054 0.004278
0 0.301646 0.861930 0.007054 0.004278
0 0.338596 0.869772 0.007054 0.004278
0 0.338596 0.865970 0.007054 0.004278
0 0.338596 0.861930 0.007054 0.004278
0 0.392341 0.848384 0.007054 0.004278
0 0.409137 0.850285 0.007054 0.004278
0 0.425932 0.852186 0.007054 0.004278
0 0.442728 0.854087 0.007054 0.004278
0 0.459523 0.850285 0.007054 0.004278
0 0.476318 0.852186 0.007054 0.004278
0 0.493114 0.854087 0.007054 0.004278
0 0.509909 0.856226 0.007054 0.004278
0 0.536782 0.858127 0.007054 0.004278
0 0.568357 0.860029 0.007054 0.004278
0 0.574740 0.858127 0.007054 0.004278
0 0.574740 0.854087 0.007054 0.004278
0 0.574740 0.850285 0.007054 0.004278
0 0.651327 0.844344 0.007054 0.004278
0 0.689285 0.844344 0.007054 0.004278
0 0.727578 0.844344 0.007054 0.004278
0 0.775613 0.861930 0.007054 0.004278
0 0.775613 0.858127 0.007054 0.004278
0 0.775613 0.854087 0.007054 0.004278
0 0.782331 0.852186 0.007054 0.004278
0 0.800806 0.861930 0.007054 0.004278
0 0.800806 0.858127 0.007054 0.004278
0 0.800806 0.854087 0.007054 0.004278
0 0.807524 0.852186 0.007054 0.004278
0 0.851528 0.852186 0.007054 0.004278
0 0.876722 0.852186 0.007054 0.004278
0 0.901915 0.852186 0.007054 0.004278
0 0.218341 0.278755 0.007054 0.004278
0 0.259657 0.282795 0.007054 0.004278
0 0.299295 0.286597 0.007054 0.004278
0 0.370507 0.288736 0.007054 0.004278
0 0.441384 0.292538 0.007054 0.004278
0 0.465233 0.288736 0.007054 0.004278
0 0.488747 0.282795 0.007054 0.004278
0 0.526033 0.284696 0.007054 0.004278
0 0.578099 0.286597 0.007054 0.004278
0 0.596910 0.286597 0.007054 0.004278
0 0.660732 0.286597 0.007054 0.004278
0 0.697346 0.286597 0.007054 0.004278
0 0.742022 0.288736 0.007054 0.004278
0 0.777628 0.286597 0.007054 0.004278
0 0.812899 0.288736 0.007054 0.004278
0 0.848505 0.276854 0.007054 0.004278
0 0.883776 0.278755 0.007054 0.004278
0 0.919382 0.280894 0.007054 0.004278
0 0.122943 0.452947 0.007054 0.004278
0 0.156198 0.456987 0.007054 0.004278
0 0.184078 0.460789 0.007054 0.004278
0 0.211958 0.462690 0.007054 0.004278
0 0.295264 0.456987 0.007054 0.004278
0 0.363117 0.454848 0.007054 0.004278
0 0.411488 0.452947 0.007054 0.004278
0 0.495129 0.456987 0.007054 0.004278
0 0.579106 0.456987 0.007054 0.004278
0 0.606987 0.458888 0.007054 0.004278
0 0.634867 0.456987 0.007054 0.004278
0 0.683910 0.449144 0.007054 0.004278
0 0.714142 0.451046 0.007054 0.004278
0 0.744038 0.456987 0.007054 0.004278
0 0.774269 0.454848 0.007054 0.004278
0 0.864629 0.454848 0.007054 0.004278
0 0.894525 0.456987 0.007054 0.004278
0 0.924756 0.454848 0.007054 0.004278
0 0.128653 0.620247 0.007390 0.004278
0 0.215653 0.624287 0.007054 0.004278
0 0.237823 0.626188 0.007054 0.004278
0 0.260329 0.624287 0.007054 0.004278
0 0.295264 0.622386 0.007390 0.004278
0 0.576083 0.630228 0.007054 0.004278
0 0.641250 0.628089 0.007054 0.004278
0 0.673833 0.626188 0.007054 0.004278
0 0.706416 0.624287 0.007054 0.004278
0 0.738663 0.622386 0.007054 0.004278
0 0.782331 0.620247 0.007054 0.004278
0 0.830366 0.624287 0.007054 0.004278
0 0.127309 0.805846 0.007054 0.004278
0 0.194491 0.803945 0.007054 0.004278
0 0.228082 0.802044 0.007054 0.004278
0 0.261337 0.799905 0.007054 0.004278
0 0.294928 0.798004 0.007054 0.004278
0 0.338596 0.796103 0.007054 0.004278
0 0.392341 0.799905 0.007054 0.004278
0 0.574740 0.802044 0.007054 0.004278
0 0.613033 0.790162 0.007054 0.004278
0 0.651327 0.792063 0.007054 0.004278
0 0.689285 0.794202 0.007054 0.004278
0 0.727578 0.792063 0.007054 0.004278
0 0.775613 0.794202 0.007054 0.004278
0 0.826335 0.796103 0.007054 0.004278
