0 0.394021 0.209363 0.009070 0.004990
0 0.530064 0.204610 0.009070 0.004990
0 0.680215 0.209363 0.009070 0.004990
0 0.816258 0.204610 0.009070 0.004990
0 0.112193 0.441778 0.009070 0.004990
0 0.269063 0.437025 0.009070 0.004990
0 0.430299 0.441778 0.009070 0.004990
0 0.570373 0.437025 0.009070 0.004990
0 0.396036 0.897101 0.008734 0.004990
0 0.448102 0.899477 0.008734 0.004990
0 0.514612 0.892348 0.008734 0.004990
0 0.613033 0.897101 0.008734 0.004990
0 0.651327 0.899477 0.008734 0.004990
0 0.704064 0.892348 0.008734 0.004990
0 0.788713 0.897101 0.008734 0.004990
0 0.829023 0.899477 0.008734 0.004990
0 0.883440 0.899477 0.008734 0.004990
0 0.385959 0.206987 0.008734 0.004990
0 0.454148 0.204610 0.008734 0.004990
0 0.522338 0.202234 0.008734 0.004990
0 0.590191 0.202234 0.008734 0.004990
0 0.672153 0.206987 0.008734 0.004990
0 0.740343 0.204610 0.008734 0.004990
0 0.808196 0.202234 0.008734 0.004990
0 0.882096 0.202234 0.008734 0.004990
0 0.104468 0.439401 0.008734 0.004990
0 0.179711 0.437025 0.008734 0.004990
0 0.261337 0.434886 0.008734 0.004990
0 0.336580 0.434886 0.008734 0.004990
0 0.422573 0.439401 0.008734 0.004990
0 0.492442 0.437025 0.008734 0.004990
0 0.562311 0.434886 0.008734 0.004990
0 0.632516 0.434886 0.008734 0.004990
0 0.764528 0.434886 0.008734 0.004990
0 0.822304 0.434886 0.008734 0.004990
0 0.880417 0.434886 0.008734 0.004990
0 0.926772 0.434886 0.008734 0.004990
0 0.122271 0.670390 0.008734 0.004990
0 0.147800 0.670390 0.008734 0.004990
0 0.185757 0.670390 0.008734 0.004990
0 0.232785 0.670390 0.008734 0.004990
0 0.280148 0.670390 0.008734 0.004990
0 0.325831 0.670390 0.008734 0.004990
0 0.353712 0.670390 0.008734 0.004990
0 0.408801 0.670390 0.008734 0.004990
0 0.470272 0.670390 0.008734 0.004990
0 0.525697 0.670390 0.008734 0.004990
0 0.574740 0.670390 0.008734 0.004990
0 0.594894 0.670390 0.008734 0.004990
0 0.626806 0.670390 0.008734 0.004990
0 0.658717 0.670390 0.008734 0.004990
0 0.698690 0.670390 0.008734 0.004990
0 0.740343 0.670390 0.008734 0.004990
0 0.767215 0.670390 0.008734 0.004990
0 0.820961 0.670390 0.008734 0.004990
0 0.875042 0.670390 0.008734 0.004990
0 0.928787 0.670390 0.008734 0.004990
0 0.122271 0.889971 0.008734 0.004990
0 0.150487 0.889971 0.008734 0.004990
0 0.195835 0.889971 0.008734 0.004990
0 0.252603 0.889971 0.008734 0.004990
0 0.311723 0.889971 0.008734 0.004990
0 0.381592 0.894724 0.009070 0.004990
0 0.389990 0.892348 0.009070 0.004990
0 0.598589 0.894724 0.009070 0.004990
0 0.606987 0.892348 0.009070 0.004990
0 0.774269 0.894724 0.009070 0.004990
0 0.782667 0.892348 0.009070 0.004990
0 0.735304 0.384506 0.009070 0.004990
0 0.735304 0.377376 0.009070 0.004990
0 0.859590 0.386644 0.009070 0.004990
0 0.859590 0.377376 0.009070 0.004990
0 0.121935 0.621911 0.009070 0.004990
0 0.121935 0.614781 0.009070 0.004990
0 0.208935 0.619534 0.009070 0.004990
0 0.208935 0.612643 0.009070 0.004990
0 0.325831 0.621911 0.009070 0.004990
0 0.325831 0.614781 0.009070 0.004990
0 0.442728 0.663260 0.008734 0.004990
0 0.442728 0.656131 0.008734 0.004990
0 0.497817 0.660884 0.008734 0.004990
0 0.497817 0.653755 0.008734 0.004990
0 0.574740 0.621911 0.009070 0.004990
0 0.574740 0.614781 0.009070 0.004990
0 0.678871 0.621911 0.008734 0.004990
0 0.678871 0.614781 0.008734 0.004990
0 0.740343 0.621911 0.009070 0.004990
0 0.740343 0.614781 0.009070 0.004990
0 0.848169 0.660884 0.008734 0.004990
0 0.848169 0.653755 0.008734 0.004990
0 0.901915 0.658508 0.008734 0.004990
0 0.901915 0.651378 0.008734 0.004990
0 0.121935 0.847433 0.009070 0.004990
0 0.121935 0.840542 0.009070 0.004990
0 0.224051 0.847433 0.008734 0.004990
0 0.224051 0.840542 0.008734 0.004990
0 0.280820 0.842918 0.008734 0.004990
0 0.280820 0.835789 0.008734 0.004990
0 0.110178 0.209363 0.008734 0.004990
0 0.110178 0.202234 0.008734 0.004990
0 0.132348 0.133555 0.008734 0.004990
0 0.132348 0.121673 0.008734 0.004990
0 0.154518 0.138308 0.008734 0.004990
0 0.154518 0.128802 0.008734 0.004990
0 0.177024 0.195342 0.008734 0.004990
0 0.177024 0.190589 0.008734 0.004990
0 0.199194 0.149952 0.008734 0.004990
0 0.199194 0.138308 0.008734 0.004990
0 0.221364 0.154705 0.008734 0.004990
0 0.221364 0.145437 0.008734 0.004990
0 0.243534 0.209363 0.008734 0.004990
0 0.243534 0.202234 0.008734 0.004990
0 0.265704 0.149952 0.008734 0.004990
0 0.265704 0.140684 0.008734 0.004990
0 0.287874 0.157082 0.008734 0.004990
0 0.287874 0.145437 0.008734 0.004990
0 0.310044 0.197719 0.008734 0.004990
0 0.310044 0.192966 0.008734 0.004990
0 0.332550 0.133555 0.008734 0.004990
0 0.332550 0.124049 0.008734 0.004990
0 0.355391 0.140684 0.008734 0.004990
0 0.355391 0.128802 0.008734 0.004990
0 0.408801 0.133555 0.008734 0.004990
0 0.408801 0.121673 0.008734 0.004990
0 0.431307 0.138308 0.008734 0.004990
0 0.431307 0.128802 0.008734 0.004990
0 0.476654 0.147576 0.008734 0.004990
0 0.476654 0.138308 0.008734 0.004990
0 0.499496 0.154705 0.008734 0.004990
0 0.499496 0.145437 0.008734 0.004990
0 0.544844 0.152329 0.008734 0.004990
0 0.544844 0.140684 0.008734 0.004990
0 0.567686 0.157082 0.008734 0.004990
0 0.567686 0.145437 0.008734 0.004990
0 0.613033 0.135932 0.008734 0.004990
0 0.613033 0.124049 0.008734 0.004990
0 0.641250 0.140684 0.008734 0.004990
0 0.641250 0.128802 0.008734 0.004990
0 0.694995 0.133555 0.008734 0.004990
0 0.694995 0.121673 0.008734 0.004990
0 0.717501 0.138308 0.008734 0.004990
0 0.717501 0.128802 0.008734 0.004990
0 0.762849 0.147576 0.008734 0.004990
0 0.762849 0.138308 0.008734 0.004990
0 0.785690 0.154705 0.008734 0.004990
0 0.785690 0.145437 0.008734 0.004990
0 0.831038 0.152329 0.008734 0.004990
0 0.831038 0.140684 0.008734 0.004990
0 0.859254 0.157082 0.008734 0.004990
0 0.859254 0.145437 0.008734 0.004990
0 0.904602 0.135932 0.008734 0.004990
0 0.904602 0.124049 0.008734 0.004990
0 0.932818 0.140684 0.008734 0.004990
0 0.932818 0.128802 0.008734 0.004990
0 0.129661 0.358365 0.008734 0.004990
0 0.129661 0.346721 0.008734 0.004990
0 0.154518 0.363118 0.008734 0.004990
0 0.154518 0.353850 0.008734 0.004990
0 0.204904 0.372624 0.008734 0.004990
0 0.204904 0.363118 0.008734 0.004990
0 0.236144 0.379753 0.008734 0.004990
0 0.236144 0.370247 0.008734 0.004990
0 0.286530 0.377376 0.008734 0.004990
0 0.286530 0.365494 0.008734 0.004990
0 0.311387 0.382129 0.008734 0.004990
0 0.311387 0.370247 0.008734 0.004990
0 0.361774 0.360741 0.008734 0.004990
0 0.361774 0.349097 0.008734 0.004990
0 0.386967 0.365494 0.008734 0.004990
0 0.386967 0.353850 0.008734 0.004990
0 0.445751 0.358365 0.008734 0.004990
0 0.445751 0.346721 0.008734 0.004990
0 0.468928 0.363118 0.008734 0.004990
0 0.468928 0.353850 0.008734 0.004990
0 0.515620 0.372624 0.008734 0.004990
0 0.515620 0.363118 0.008734 0.004990
0 0.539133 0.379753 0.008734 0.004990
0 0.539133 0.370247 0.008734 0.004990
0 0.585825 0.377376 0.008734 0.004990
0 0.585825 0.365494 0.008734 0.004990
0 0.609002 0.382129 0.008734 0.004990
0 0.609002 0.370247 0.008734 0.004990
0 0.655694 0.370247 0.008734 0.004990
0 0.655694 0.360741 0.008734 0.004990
0 0.679207 0.377376 0.008734 0.004990
0 0.679207 0.365494 0.008734 0.004990
0 0.735304 0.372624 0.009070 0.004990
0 0.735304 0.365494 0.009070 0.004990
0 0.735304 0.356226 0.009070 0.004990
0 0.851192 0.375000 0.009070 0.004990
0 0.851192 0.365494 0.009070 0.004990
0 0.851192 0.358365 0.009070 0.004990
0 0.121935 0.610266 0.009070 0.004990
0 0.121935 0.603137 0.009070 0.004990
0 0.121935 0.593631 0.009070 0.004990
0 0.208935 0.607890 0.009070 0.004990
0 0.208935 0.600760 0.009070 0.004990
0 0.208935 0.591255 0.009070 0.004990
0 0.325831 0.610266 0.009070 0.004990
0 0.325831 0.603137 0.009070 0.004990
0 0.325831 0.593631 0.009070 0.004990
0 0.442728 0.617158 0.008734 0.004990
0 0.442728 0.610266 0.008734 0.004990
0 0.442728 0.600760 0.008734 0.004990
0 0.497817 0.614781 0.008734 0.004990
0 0.497817 0.607890 0.008734 0.004990
0 0.497817 0.598384 0.008734 0.004990
0 0.574740 0.607890 0.009070 0.004990
0 0.574740 0.600760 0.009070 0.004990
0 0.574740 0.591255 0.009070 0.004990
0 0.678871 0.610266 0.008734 0.004990
0 0.678871 0.603137 0.008734 0.004990
0 0.678871 0.593631 0.008734 0.004990
0 0.740343 0.607890 0.009070 0.004990
0 0.740343 0.600760 0.009070 0.004990
0 0.740343 0.591255 0.009070 0.004990
0 0.848169 0.614781 0.008734 0.004990
0 0.848169 0.607890 0.008734 0.004990
0 0.848169 0.598384 0.008734 0.004990
0 0.901915 0.612643 0.008734 0.004990
0 0.901915 0.605513 0.008734 0.004990
0 0.901915 0.596008 0.008734 0.004990
0 0.121935 0.833413 0.009070 0.004990
0 0.121935 0.826283 0.009070 0.004990
0 0.121935 0.816778 0.009070 0.004990
0 0.224051 0.835789 0.008734 0.004990
0 0.224051 0.828660 0.008734 0.004990
0 0.224051 0.819154 0.008734 0.004990
0 0.280820 0.831036 0.008734 0.004990
0 0.280820 0.823907 0.008734 0.004990
0 0.280820 0.814639 0.008734 0.004990
0 0.381928 0.831036 0.008734 0.004990
0 0.404098 0.819154 0.008734 0.004990
0 0.426268 0.814639 0.008734 0.004990
0 0.448102 0.831036 0.008734 0.004990
0 0.470272 0.819154 0.008734 0.004990
0 0.492442 0.814639 0.008734 0.004990
0 0.514612 0.831036 0.008734 0.004990
0 0.536782 0.819154 0.008734 0.004990
0 0.558952 0.814639 0.008734 0.004990
0 0.598925 0.831036 0.008734 0.004990
0 0.625126 0.819154 0.008734 0.004990
0 0.677864 0.814639 0.008734 0.004990
0 0.730601 0.831036 0.008734 0.004990
0 0.774605 0.831036 0.008734 0.004990
0 0.801814 0.819154 0.008734 0.004990
0 0.856231 0.814639 0.008734 0.004990
0 0.883440 0.814639 0.008734 0.004990
0 0.110178 0.080561 0.013100 0.004990
0 0.454148 0.078184 0.008734 0.004990
0 0.522338 0.075808 0.008734 0.004990
0 0.627141 0.075808 0.008734 0.004990
0 0.672153 0.068679 0.009070 0.004990
0 0.808196 0.068679 0.008734 0.004990
0 0.845146 0.068679 0.008734 0.004990
0 0.882096 0.071055 0.008734 0.004990
0 0.918710 0.071055 0.008734 0.004990
0 0.104468 0.285884 0.008734 0.004990
0 0.179711 0.283508 0.008734 0.004990
0 0.220692 0.285884 0.008734 0.004990
0 0.261001 0.281131 0.009070 0.004990
0 0.422237 0.281131 0.009070 0.004990
0 0.562311 0.281131 0.008734 0.004990
0 0.793416 0.290637 0.008734 0.004990
0 0.851192 0.285884 0.008734 0.004990
0 0.926772 0.285884 0.008734 0.004990
0 0.121935 0.520675 0.009070 0.004990
0 0.256634 0.523051 0.008734 0.004990
0 0.381256 0.523051 0.008734 0.004990
0 0.442728 0.532557 0.008734 0.004990
0 0.497817 0.530181 0.008734 0.004990
0 0.525697 0.530181 0.008734 0.004990
0 0.574740 0.520675 0.009070 0.004990
0 0.678871 0.523051 0.008734 0.004990
0 0.794088 0.520675 0.008734 0.004990
0 0.848169 0.520675 0.008734 0.004990
0 0.875042 0.527804 0.008734 0.004990
0 0.901915 0.525428 0.008734 0.004990
0 0.928787 0.525428 0.008734 0.004990
0 0.121935 0.756179 0.009070 0.004990
0 0.224051 0.756179 0.008734 0.004990
0 0.252603 0.758555 0.008734 0.004990
0 0.280820 0.753802 0.008734 0.004990
0 0.311723 0.753802 0.008734 0.004990
0 0.381592 0.749049 0.009070 0.004990
0 0.598589 0.749049 0.009070 0.004990
0 0.704064 0.749049 0.008734 0.004990
