0 0.375546 0.281131 0.007726 0.004515
0 0.410816 0.281131 0.007726 0.004515
0 0.464898 0.281131 0.007726 0.004515
0 0.517635 0.300380 0.007726 0.004515
0 0.557272 0.298241 0.007726 0.004515
0 0.601612 0.298241 0.007726 0.004515
0 0.618744 0.298241 0.007726 0.004515
0 0.662076 0.283270 0.007726 0.004515
0 0.700034 0.283270 0.007726 0.004515
0 0.751764 0.283270 0.007726 0.004515
0 0.802486 0.291825 0.007726 0.004515
0 0.837084 0.291825 0.007726 0.004515
0 0.884447 0.291825 0.007726 0.004515
0 0.931139 0.291825 0.007726 0.004515
0 0.114881 0.485979 0.007726 0.004515
0 0.133356 0.483840 0.007726 0.004515
0 0.152167 0.483840 0.007726 0.004515
0 0.182062 0.481702 0.007726 0.004515
0 0.243534 0.490257 0.007726 0.004515
0 0.279140 0.296103 0.007726 0.004515
0 0.279140 0.281131 0.007726 0.004515
0 0.319785 0.296103 0.007726 0.004515
0 0.319785 0.281131 0.007726 0.004515
0 0.335573 0.296103 0.007726 0.004515
0 0.335573 0.281131 0.007726 0.004515
0 0.375546 0.272576 0.007726 0.004515
0 0.410816 0.272576 0.007726 0.004515
0 0.438025 0.272576 0.007726 0.004515
0 0.464898 0.270437 0.007726 0.004515
0 0.517635 0.285409 0.007726 0.004515
0 0.557272 0.283270 0.007726 0.004515
0 0.601612 0.283270 0.007726 0.004515
0 0.618744 0.283270 0.007726 0.004515
0 0.662076 0.274715 0.007726 0.004515
0 0.700034 0.274715 0.007726 0.004515
0 0.725899 0.272576 0.007726 0.004515
0 0.751764 0.270437 0.007726 0.004515
0 0.802486 0.278992 0.007726 0.004515
0 0.837084 0.278992 0.007726 0.004515
0 0.860598 0.276854 0.007726 0.004515
0 0.884447 0.272576 0.007726 0.004515
0 0.931139 0.281131 0.007726 0.004515
0 0.114881 0.475285 0.007726 0.004515
0 0.133356 0.473146 0.007726 0.004515
0 0.152167 0.468869 0.007726 0.004515
0 0.182062 0.473146 0.007726 0.004515
0 0.243534 0.475285 0.007726 0.004515
0 0.312395 0.475285 0.007726 0.004515
0 0.312395 0.466730 0.007726 0.004515
0 0.348337 0.475285 0.007726 0.004515
0 0.348337 0.466730 0.007726 0.004515
0 0.362110 0.475285 0.007726 0.004515
0 0.362110 0.466730 0.007726 0.004515
0 0.479342 0.462452 0.007726 0.004515
0 0.520322 0.462452 0.007726 0.004515
0 0.536110 0.462452 0.007726 0.004515
0 0.604971 0.462452 0.007726 0.004515
0 0.674505 0.471008 0.007726 0.004515
0 0.744374 0.479563 0.007726 0.004515
0 0.831374 0.473146 0.007726 0.004515
0 0.107491 0.667538 0.007726 0.004515
0 0.247229 0.671816 0.007726 0.004515
0 0.330534 0.669677 0.007726 0.004515
0 0.420894 0.665399 0.007726 0.004515
0 0.495465 0.678232 0.007726 0.004515
0 0.495465 0.669677 0.007726 0.004515
0 0.495465 0.663260 0.007726 0.004515
0 0.536782 0.678232 0.007726 0.004515
0 0.536782 0.669677 0.007726 0.004515
0 0.536782 0.663260 0.007726 0.004515
0 0.567686 0.678232 0.007726 0.004515
0 0.567686 0.669677 0.007726 0.004515
0 0.567686 0.663260 0.007726 0.004515
0 0.614377 0.682510 0.007726 0.004515
0 0.614377 0.678232 0.007726 0.004515
0 0.614377 0.667538 0.007726 0.004515
0 0.679543 0.676093 0.007726 0.004515
0 0.679543 0.667538 0.007726 0.004515
0 0.717165 0.676093 0.007726 0.004515
0 0.717165 0.667538 0.007726 0.004515
0 0.736648 0.676093 0.007726 0.004515
0 0.736648 0.667538 0.007726 0.004515
0 0.778972 0.693203 0.007726 0.004515
0 0.778972 0.678232 0.007726 0.004515
0 0.835069 0.693203 0.007726 0.004515
0 0.835069 0.678232 0.007726 0.004515
0 0.109506 0.902567 0.007726 0.004515
0 0.109506 0.887595 0.007726 0.004515
0 0.150151 0.902567 0.007726 0.004515
0 0.150151 0.887595 0.007726 0.004515
0 0.258650 0.911122 0.007726 0.004515
0 0.258650 0.896150 0.007726 0.004515
0 0.325495 0.896150 0.007726 0.004515
0 0.325495 0.881179 0.007726 0.004515
0 0.562311 0.900428 0.007726 0.004515
0 0.562311 0.885456 0.007726 0.004515
0 0.609674 0.898289 0.007726 0.004515
0 0.609674 0.883317 0.007726 0.004515
0 0.677192 0.898289 0.007726 0.004515
0 0.677192 0.883317 0.007726 0.004515
0 0.927444 0.898289 0.007726 0.004515
0 0.927444 0.883317 0.007726 0.004515
0 0.375546 0.237880 0.007726 0.004515
0 0.410816 0.237880 0.007726 0.004515
0 0.700034 0.240019 0.007726 0.004515
0 0.837084 0.244297 0.007726 0.004515
0 0.884447 0.244297 0.007726 0.004515
0 0.931139 0.244297 0.007726 0.004515
0 0.114881 0.437975 0.007726 0.004515
0 0.133356 0.440114 0.007726 0.004515
0 0.152167 0.440114 0.007726 0.004515
0 0.182062 0.444392 0.007726 0.004515
0 0.873698 0.433698 0.007726 0.004515
0 0.873698 0.429420 0.007726 0.004515
0 0.247229 0.633317 0.007726 0.004515
0 0.330534 0.635456 0.007726 0.004515
0 0.238831 0.248574 0.007726 0.004515
0 0.279140 0.252852 0.007726 0.004515
0 0.279140 0.242158 0.007726 0.004515
0 0.279140 0.237880 0.007726 0.004515
0 0.319785 0.252852 0.007726 0.004515
0 0.319785 0.242158 0.007726 0.004515
0 0.319785 0.237880 0.007726 0.004515
0 0.335573 0.252852 0.007726 0.004515
0 0.335573 0.242158 0.007726 0.004515
0 0.335573 0.237880 0.007726 0.004515
0 0.375546 0.225048 0.007726 0.004515
0 0.410816 0.225048 0.007726 0.004515
0 0.438025 0.227186 0.007726 0.004515
0 0.464898 0.242158 0.007726 0.004515
0 0.464898 0.237880 0.007726 0.004515
0 0.517635 0.250713 0.007726 0.004515
0 0.517635 0.242158 0.007726 0.004515
0 0.517635 0.237880 0.007726 0.004515
0 0.557272 0.250713 0.007726 0.004515
0 0.557272 0.244297 0.007726 0.004515
0 0.557272 0.240019 0.007726 0.004515
0 0.601612 0.250713 0.007726 0.004515
0 0.601612 0.244297 0.007726 0.004515
0 0.601612 0.240019 0.007726 0.004515
0 0.618744 0.250713 0.007726 0.004515
0 0.618744 0.244297 0.007726 0.004515
0 0.618744 0.240019 0.007726 0.004515
0 0.662076 0.240019 0.007726 0.004515
0 0.662076 0.227186 0.007726 0.004515
0 0.700034 0.227186 0.007726 0.004515
0 0.725899 0.229325 0.007726 0.004515
0 0.751764 0.244297 0.007726 0.004515
0 0.751764 0.240019 0.007726 0.004515
0 0.802486 0.244297 0.007726 0.004515
0 0.802486 0.231464 0.007726 0.004515
0 0.837084 0.231464 0.007726 0.004515
0 0.860598 0.233603 0.007726 0.004515
0 0.884447 0.244297 0.007726 0.004515
0 0.931139 0.233603 0.007726 0.004515
0 0.114881 0.427281 0.007726 0.004515
0 0.133356 0.429420 0.007726 0.004515
0 0.152167 0.440114 0.007726 0.004515
0 0.182062 0.435837 0.007726 0.004515
0 0.200873 0.437975 0.007726 0.004515
0 0.243534 0.446530 0.007726 0.004515
0 0.243534 0.435837 0.007726 0.004515
0 0.312395 0.431559 0.007726 0.004515
0 0.312395 0.420865 0.007726 0.004515
0 0.312395 0.416587 0.007726 0.004515
0 0.348337 0.431559 0.007726 0.004515
0 0.348337 0.420865 0.007726 0.004515
0 0.348337 0.416587 0.007726 0.004515
0 0.362110 0.431559 0.007726 0.004515
0 0.362110 0.420865 0.007726 0.004515
0 0.362110 0.416587 0.007726 0.004515
0 0.479342 0.433698 0.007726 0.004515
0 0.479342 0.429420 0.007726 0.004515
0 0.520322 0.433698 0.007726 0.004515
0 0.520322 0.429420 0.007726 0.004515
0 0.536110 0.433698 0.007726 0.004515
0 0.536110 0.429420 0.007726 0.004515
0 0.604971 0.433698 0.007726 0.004515
0 0.604971 0.429420 0.007726 0.004515
0 0.674505 0.437975 0.007726 0.004515
0 0.674505 0.431559 0.007726 0.004515
0 0.674505 0.427281 0.007726 0.004515
0 0.744374 0.435837 0.007726 0.004515
0 0.744374 0.431559 0.007726 0.004515
0 0.744374 0.425143 0.007726 0.004515
0 0.831374 0.433698 0.007726 0.004515
0 0.831374 0.429420 0.007726 0.004515
0 0.831374 0.425143 0.007726 0.004515
0 0.861942 0.433698 0.007726 0.004515
0 0.861942 0.429420 0.007726 0.004515
0 0.861942 0.425143 0.007726 0.004515
0 0.873698 0.425143 0.007726 0.004515
0 0.911320 0.418726 0.007726 0.004515
0 0.107491 0.633317 0.007726 0.004515
0 0.107491 0.629040 0.007726 0.004515
0 0.247229 0.622624 0.007726 0.004515
0 0.330534 0.622624 0.007726 0.004515
0 0.364797 0.624762 0.007726 0.004515
0 0.382600 0.631179 0.007726 0.004515
0 0.413839 0.626901 0.007726 0.004515
0 0.420894 0.624762 0.007726 0.004515
0 0.420894 0.616207 0.007726 0.004515
0 0.495465 0.629040 0.007726 0.004515
0 0.495465 0.624762 0.007726 0.004515
0 0.495465 0.616207 0.007726 0.004515
0 0.536782 0.629040 0.007726 0.004515
0 0.536782 0.624762 0.007726 0.004515
0 0.536782 0.618346 0.007726 0.004515
0 0.567686 0.629040 0.007726 0.004515
0 0.567686 0.624762 0.007726 0.004515
0 0.607323 0.624762 0.007726 0.004515
0 0.614377 0.622624 0.007726 0.004515
0 0.614377 0.614068 0.007726 0.004515
0 0.679543 0.626901 0.007726 0.004515
0 0.679543 0.622624 0.007726 0.004515
0 0.679543 0.614068 0.007726 0.004515
0 0.717165 0.626901 0.007726 0.004515
0 0.717165 0.622624 0.007726 0.004515
0 0.717165 0.616207 0.007726 0.004515
0 0.736648 0.626901 0.007726 0.004515
0 0.736648 0.622624 0.007726 0.004515
0 0.778972 0.626901 0.007726 0.004515
0 0.778972 0.622624 0.007726 0.004515
0 0.778972 0.616207 0.007726 0.004515
0 0.778972 0.611930 0.007726 0.004515
0 0.835069 0.626901 0.007726 0.004515
0 0.835069 0.622624 0.007726 0.004515
0 0.835069 0.618346 0.007726 0.004515
0 0.835069 0.611930 0.007726 0.004515
0 0.860262 0.626901 0.007726 0.004515
0 0.860262 0.622624 0.007726 0.004515
0 0.860262 0.618346 0.007726 0.004515
0 0.873027 0.626901 0.007726 0.004515
0 0.873027 0.622624 0.007726 0.004515
0 0.873027 0.618346 0.007726 0.004515
0 0.893517 0.633317 0.007726 0.004515
0 0.893517 0.626901 0.007726 0.004515
0 0.893517 0.622624 0.007726 0.004515
0 0.914007 0.633317 0.007726 0.004515
0 0.914007 0.626901 0.007726 0.004515
0 0.914007 0.622624 0.007726 0.004515
0 0.934498 0.637595 0.007726 0.004515
0 0.934498 0.633317 0.007726 0.004515
0 0.934498 0.626901 0.007726 0.004515
0 0.109506 0.838403 0.007726 0.004515
0 0.109506 0.831987 0.007726 0.004515
0 0.109506 0.827709 0.007726 0.004515
0 0.136379 0.840542 0.007726 0.004515
0 0.136379 0.834125 0.007726 0.004515
0 0.136379 0.829848 0.007726 0.004515
0 0.150151 0.840542 0.007726 0.004515
0 0.150151 0.834125 0.007726 0.004515
0 0.150151 0.829848 0.007726 0.004515
0 0.171985 0.844819 0.007726 0.004515
0 0.171985 0.840542 0.007726 0.004515
0 0.171985 0.834125 0.007726 0.004515
0 0.194155 0.849097 0.007726 0.004515
0 0.194155 0.844819 0.007726 0.004515
0 0.194155 0.838403 0.007726 0.004515
0 0.215989 0.849097 0.007726 0.004515
0 0.215989 0.844819 0.007726 0.004515
0 0.223379 0.842681 0.007726 0.004515
0 0.258650 0.846958 0.007726 0.004515
0 0.258650 0.836264 0.007726 0.004515
0 0.258650 0.831987 0.007726 0.004515
0 0.325495 0.846958 0.007726 0.004515
0 0.325495 0.836264 0.007726 0.004515
0 0.325495 0.831987 0.007726 0.004515
0 0.346322 0.831987 0.007726 0.004515
0 0.346322 0.827709 0.007726 0.004515
0 0.346322 0.821293 0.007726 0.004515
0 0.367148 0.831987 0.007726 0.004515
0 0.367148 0.827709 0.007726 0.004515
0 0.367148 0.821293 0.007726 0.004515
0 0.387974 0.836264 0.007726 0.004515
0 0.387974 0.831987 0.007726 0.004515
0 0.387974 0.827709 0.007726 0.004515
0 0.426940 0.836264 0.007726 0.004515
0 0.426940 0.831987 0.007726 0.004515
0 0.426940 0.827709 0.007726 0.004515
0 0.455156 0.840542 0.007726 0.004515
0 0.455156 0.836264 0.007726 0.004515
0 0.455156 0.829848 0.007726 0.004515
0 0.482701 0.840542 0.007726 0.004515
0 0.482701 0.836264 0.007726 0.004515
0 0.482701 0.829848 0.007726 0.004515
0 0.509237 0.842681 0.007726 0.004515
0 0.509237 0.836264 0.007726 0.004515
0 0.509237 0.831987 0.007726 0.004515
0 0.535774 0.842681 0.007726 0.004515
0 0.535774 0.836264 0.007726 0.004515
0 0.535774 0.831987 0.007726 0.004515
0 0.562311 0.846958 0.007726 0.004515
0 0.562311 0.842681 0.007726 0.004515
0 0.562311 0.836264 0.007726 0.004515
0 0.609674 0.849097 0.007726 0.004515
0 0.609674 0.844819 0.007726 0.004515
0 0.609674 0.838403 0.007726 0.004515
0 0.677192 0.849097 0.007726 0.004515
0 0.677192 0.838403 0.007726 0.004515
0 0.677192 0.834125 0.007726 0.004515
0 0.702385 0.834125 0.007726 0.004515
0 0.702385 0.829848 0.007726 0.004515
0 0.702385 0.823432 0.007726 0.004515
0 0.724891 0.834125 0.007726 0.004515
0 0.724891 0.829848 0.007726 0.004515
0 0.724891 0.823432 0.007726 0.004515
0 0.747397 0.838403 0.007726 0.004515
0 0.747397 0.834125 0.007726 0.004515
0 0.747397 0.829848 0.007726 0.004515
0 0.788713 0.838403 0.007726 0.004515
0 0.788713 0.834125 0.007726 0.004515
0 0.788713 0.829848 0.007726 0.004515
0 0.816930 0.842681 0.007726 0.004515
0 0.816930 0.838403 0.007726 0.004515
0 0.816930 0.831987 0.007726 0.004515
0 0.844474 0.842681 0.007726 0.004515
0 0.844474 0.838403 0.007726 0.004515
0 0.844474 0.831987 0.007726 0.004515
0 0.872019 0.844819 0.007726 0.004515
0 0.872019 0.838403 0.007726 0.004515
0 0.872019 0.834125 0.007726 0.004515
0 0.899563 0.849097 0.007726 0.004515
0 0.899563 0.844819 0.007726 0.004515
0 0.899563 0.838403 0.007726 0.004515
0 0.927444 0.844819 0.007726 0.004515
0 0.927444 0.838403 0.007726 0.004515
0 0.927444 0.834125 0.007726 0.004515
0 0.200873 0.379515 0.007726 0.004515
0 0.243534 0.368821 0.007726 0.004515
0 0.279140 0.368821 0.007726 0.004515
0 0.312395 0.368821 0.007726 0.004515
0 0.383944 0.373099 0.007726 0.004515
0 0.422237 0.379515 0.007726 0.004515
0 0.448438 0.377376 0.007726 0.004515
0 0.479342 0.375238 0.007726 0.004515
0 0.561303 0.375238 0.007726 0.004515
0 0.604971 0.370960 0.007726 0.004515
0 0.639570 0.366683 0.007726 0.004515
0 0.674505 0.364544 0.007726 0.004515
0 0.709439 0.366683 0.007726 0.004515
0 0.744374 0.368821 0.007726 0.004515
0 0.778972 0.362405 0.007726 0.004515
0 0.831374 0.366683 0.007726 0.004515
0 0.930131 0.370960 0.007726 0.004515
0 0.107491 0.565114 0.007726 0.004515
0 0.142425 0.565114 0.007726 0.004515
0 0.177360 0.569392 0.007726 0.004515
0 0.212294 0.565114 0.007726 0.004515
0 0.247229 0.558698 0.007726 0.004515
0 0.282163 0.562975 0.007726 0.004515
0 0.330534 0.567253 0.007726 0.004515
0 0.449110 0.562975 0.007726 0.004515
0 0.495465 0.565114 0.007726 0.004515
0 0.536782 0.562975 0.007726 0.004515
0 0.567686 0.560837 0.007726 0.004515
0 0.614377 0.558698 0.007726 0.004515
0 0.679543 0.562975 0.007726 0.004515
0 0.717165 0.560837 0.007726 0.004515
0 0.736648 0.558698 0.007726 0.004515
0 0.835069 0.558698 0.007726 0.004515
0 0.215989 0.774477 0.007726 0.004515
0 0.258650 0.763783 0.007726 0.004515
0 0.292241 0.763783 0.007726 0.004515
0 0.325495 0.763783 0.007726 0.004515
0 0.387974 0.759506 0.007726 0.004515
0 0.426940 0.753089 0.007726 0.004515
0 0.455156 0.757367 0.007726 0.004515
0 0.482701 0.753089 0.007726 0.004515
0 0.562311 0.763783 0.007726 0.004515
0 0.609674 0.765922 0.007726 0.004515
0 0.646288 0.765922 0.007726 0.004515
0 0.677192 0.765922 0.007726 0.004515
0 0.747397 0.761644 0.007726 0.004515
0 0.788713 0.755228 0.007726 0.004515
0 0.816930 0.759506 0.007726 0.004515
0 0.844474 0.755228 0.007726 0.004515
