0 0.767887 0.615494 0.008734 0.004990
0 0.734968 0.615732 0.006046 0.003565
0 0.856903 0.847433 0.009070 0.004990
0 0.856903 0.837928 0.009070 0.004990
0 0.856903 0.833175 0.009070 0.004990
0 0.238495 0.366683 0.008734 0.004990
0 0.293584 0.357177 0.008734 0.004990
0 0.293584 0.352662 0.008734 0.004990
0 0.293584 0.345532 0.008734 0.004990
0 0.293584 0.340779 0.008734 0.004990
0 0.326839 0.350285 0.008734 0.004990
0 0.326839 0.345532 0.008734 0.004990
0 0.334901 0.343156 0.008734 0.004990
0 0.360094 0.352662 0.008734 0.004990
0 0.360094 0.345532 0.008734 0.004990
0 0.360094 0.340779 0.008734 0.004990
0 0.393013 0.355038 0.008734 0.004990
0 0.393013 0.345532 0.008734 0.004990
0 0.393013 0.338403 0.008734 0.004990
0 0.439704 0.350285 0.008734 0.004990
0 0.439704 0.340779 0.008734 0.004990
0 0.484716 0.350285 0.008734 0.004990
0 0.484716 0.345532 0.008734 0.004990
0 0.492442 0.343156 0.008734 0.004990
0 0.520322 0.352662 0.008734 0.004990
0 0.520322 0.345532 0.008734 0.004990
0 0.520322 0.340779 0.008734 0.004990
0 0.556265 0.355038 0.008734 0.004990
0 0.556265 0.345532 0.008734 0.004990
0 0.556265 0.338403 0.008734 0.004990
0 0.608331 0.352662 0.008734 0.004990
0 0.608331 0.343156 0.008734 0.004990
0 0.657373 0.350285 0.008734 0.004990
0 0.665099 0.347909 0.008734 0.004990
0 0.657373 0.343156 0.008734 0.004990
0 0.691300 0.352662 0.008734 0.004990
0 0.691300 0.347909 0.008734 0.004990
0 0.691300 0.343156 0.008734 0.004990
0 0.736648 0.355038 0.008734 0.004990
0 0.736648 0.347909 0.008734 0.004990
0 0.736648 0.343156 0.008734 0.004990
0 0.736648 0.338403 0.008734 0.004990
0 0.800134 0.350285 0.008734 0.004990
0 0.800134 0.340779 0.008734 0.004990
0 0.845146 0.350285 0.008734 0.004990
0 0.845146 0.345532 0.008734 0.004990
0 0.852872 0.343156 0.008734 0.004990
0 0.880752 0.352662 0.008734 0.004990
0 0.880752 0.345532 0.008734 0.004990
0 0.880752 0.340779 0.008734 0.004990
0 0.916359 0.355038 0.008734 0.004990
0 0.916359 0.345532 0.008734 0.004990
0 0.916359 0.338403 0.008734 0.004990
0 0.141082 0.615494 0.008734 0.004990
0 0.141082 0.606226 0.008734 0.004990
0 0.186429 0.615494 0.008734 0.004990
0 0.186429 0.610979 0.008734 0.004990
0 0.194155 0.608603 0.008734 0.004990
0 0.222372 0.617871 0.008734 0.004990
0 0.222372 0.610979 0.008734 0.004990
0 0.222372 0.606226 0.008734 0.004990
0 0.267047 0.620247 0.008734 0.004990
0 0.267047 0.610979 0.008734 0.004990
0 0.267047 0.603850 0.008734 0.004990
0 0.335237 0.610979 0.008734 0.004990
0 0.335237 0.601473 0.008734 0.004990
0 0.396036 0.615494 0.008734 0.004990
0 0.403762 0.613118 0.008734 0.004990
0 0.396036 0.608603 0.008734 0.004990
0 0.433658 0.617871 0.008734 0.004990
0 0.433658 0.613118 0.008734 0.004990
0 0.433658 0.606226 0.008734 0.004990
0 0.480685 0.620247 0.008734 0.004990
0 0.480685 0.613118 0.008734 0.004990
0 0.480685 0.603850 0.008734 0.004990
0 0.549882 0.610979 0.008734 0.004990
0 0.549882 0.601473 0.008734 0.004990
0 0.605643 0.615494 0.008734 0.004990
0 0.613369 0.613118 0.008734 0.004990
0 0.605643 0.608603 0.008734 0.004990
0 0.646288 0.617871 0.008734 0.004990
0 0.646288 0.613118 0.008734 0.004990
0 0.646288 0.606226 0.008734 0.004990
0 0.686933 0.620247 0.008734 0.004990
0 0.686933 0.613118 0.008734 0.004990
0 0.686933 0.603850 0.008734 0.004990
0 0.767887 0.594344 0.008734 0.004990
0 0.767887 0.584838 0.008734 0.004990
0 0.767887 0.580323 0.008734 0.004990
0 0.767887 0.573194 0.008734 0.004990
0 0.825999 0.615494 0.008734 0.004990
0 0.834061 0.613118 0.008734 0.004990
0 0.825999 0.608603 0.008734 0.004990
0 0.869332 0.617871 0.008734 0.004990
0 0.869332 0.613118 0.008734 0.004990
0 0.869332 0.608603 0.008734 0.004990
0 0.912328 0.620247 0.008734 0.004990
0 0.912328 0.613118 0.008734 0.004990
0 0.912328 0.608603 0.008734 0.004990
0 0.912328 0.603850 0.008734 0.004990
0 0.159893 0.868584 0.008734 0.004990
0 0.159893 0.861454 0.008734 0.004990
0 0.159893 0.856702 0.008734 0.004990
0 0.159893 0.847433 0.008734 0.004990
0 0.200202 0.870960 0.008734 0.004990
0 0.200202 0.861454 0.008734 0.004990
0 0.208263 0.859078 0.008734 0.004990
0 0.200202 0.849810 0.008734 0.004990
0 0.247565 0.845057 0.008734 0.004990
0 0.247565 0.837928 0.008734 0.004990
0 0.247565 0.833175 0.008734 0.004990
0 0.247565 0.823907 0.008734 0.004990
0 0.287874 0.847433 0.008734 0.004990
0 0.287874 0.837928 0.008734 0.004990
0 0.287874 0.833175 0.008734 0.004990
0 0.287874 0.826046 0.008734 0.004990
0 0.347330 0.861454 0.008734 0.004990
0 0.347330 0.852186 0.008734 0.004990
0 0.395029 0.835551 0.008734 0.004990
0 0.395029 0.828422 0.008734 0.004990
0 0.442728 0.861454 0.008734 0.004990
0 0.442728 0.854325 0.008734 0.004990
0 0.503527 0.837928 0.008734 0.004990
0 0.503527 0.828422 0.008734 0.004990
0 0.584817 0.861454 0.008734 0.004990
0 0.584817 0.852186 0.008734 0.004990
0 0.584817 0.845057 0.008734 0.004990
0 0.634195 0.863831 0.008734 0.004990
0 0.634195 0.859078 0.008734 0.004990
0 0.642257 0.856702 0.008734 0.004990
0 0.674505 0.866207 0.008734 0.004990
0 0.674505 0.861454 0.008734 0.004990
0 0.674505 0.854325 0.008734 0.004990
0 0.715149 0.868584 0.008734 0.004990
0 0.715149 0.861454 0.008734 0.004990
0 0.715149 0.856702 0.008734 0.004990
0 0.778300 0.870960 0.008734 0.004990
0 0.778300 0.861454 0.008734 0.004990
0 0.786362 0.859078 0.008734 0.004990
0 0.778300 0.849810 0.008734 0.004990
0 0.821297 0.845057 0.008734 0.004990
0 0.821297 0.837928 0.008734 0.004990
0 0.821297 0.833175 0.008734 0.004990
0 0.821297 0.823907 0.008734 0.004990
0 0.857239 0.823907 0.008734 0.004990
0 0.902251 0.826046 0.008734 0.004990
0 0.293584 0.266635 0.008734 0.004990
0 0.293584 0.259743 0.008734 0.004990
0 0.293584 0.254990 0.008734 0.004990
0 0.293584 0.250238 0.008734 0.004990
0 0.326839 0.269011 0.008734 0.004990
0 0.318777 0.259743 0.008734 0.004990
0 0.326839 0.257367 0.008734 0.004990
0 0.326839 0.252614 0.008734 0.004990
0 0.360094 0.266635 0.008734 0.004990
0 0.360094 0.259743 0.008734 0.004990
0 0.360094 0.254990 0.008734 0.004990
0 0.360094 0.250238 0.008734 0.004990
0 0.393013 0.264259 0.008734 0.004990
0 0.384951 0.259743 0.008734 0.004990
0 0.393013 0.257367 0.008734 0.004990
0 0.393013 0.252614 0.008734 0.004990
0 0.393013 0.247861 0.008734 0.004990
0 0.439704 0.259743 0.008734 0.004990
0 0.439704 0.254990 0.008734 0.004990
0 0.439704 0.250238 0.008734 0.004990
0 0.439704 0.243108 0.008734 0.004990
0 0.484716 0.269011 0.008734 0.004990
0 0.476654 0.259743 0.008734 0.004990
0 0.484716 0.257367 0.008734 0.004990
0 0.484716 0.252614 0.008734 0.004990
0 0.520322 0.266635 0.008734 0.004990
0 0.520322 0.259743 0.008734 0.004990
0 0.520322 0.254990 0.008734 0.004990
0 0.520322 0.250238 0.008734 0.004990
0 0.556265 0.264259 0.008734 0.004990
0 0.548203 0.259743 0.008734 0.004990
0 0.556265 0.257367 0.008734 0.004990
0 0.556265 0.252614 0.008734 0.004990
0 0.556265 0.247861 0.008734 0.004990
0 0.608331 0.257367 0.008734 0.004990
0 0.608331 0.252614 0.008734 0.004990
0 0.608331 0.245485 0.008734 0.004990
0 0.608331 0.240732 0.008734 0.004990
0 0.657373 0.271388 0.008734 0.004990
0 0.657373 0.262120 0.008734 0.004990
0 0.649311 0.257367 0.008734 0.004990
0 0.657373 0.254990 0.008734 0.004990
0 0.691300 0.269011 0.008734 0.004990
0 0.691300 0.262120 0.008734 0.004990
0 0.691300 0.257367 0.008734 0.004990
0 0.691300 0.252614 0.008734 0.004990
0 0.736648 0.264259 0.008734 0.004990
0 0.736648 0.257367 0.008734 0.004990
0 0.736648 0.247861 0.008734 0.004990
0 0.800134 0.266635 0.008734 0.004990
0 0.800134 0.259743 0.008734 0.004990
0 0.800134 0.254990 0.008734 0.004990
0 0.800134 0.250238 0.008734 0.004990
0 0.845146 0.269011 0.008734 0.004990
0 0.837084 0.259743 0.008734 0.004990
0 0.845146 0.257367 0.008734 0.004990
0 0.845146 0.252614 0.008734 0.004990
0 0.880752 0.266635 0.008734 0.004990
0 0.880752 0.259743 0.008734 0.004990
0 0.880752 0.254990 0.008734 0.004990
0 0.880752 0.250238 0.008734 0.004990
0 0.916359 0.264259 0.008734 0.004990
0 0.908633 0.259743 0.008734 0.004990
0 0.916359 0.257367 0.008734 0.004990
0 0.916359 0.252614 0.008734 0.004990
0 0.916359 0.247861 0.008734 0.004990
0 0.141082 0.511644 0.008734 0.004990
0 0.141082 0.506892 0.008734 0.004990
0 0.141082 0.502139 0.008734 0.004990
0 0.141082 0.495010 0.008734 0.004990
0 0.186429 0.520913 0.008734 0.004990
0 0.178367 0.511644 0.008734 0.004990
0 0.186429 0.509268 0.008734 0.004990
0 0.186429 0.504515 0.008734 0.004990
0 0.222372 0.518536 0.008734 0.004990
0 0.222372 0.511644 0.008734 0.004990
0 0.222372 0.506892 0.008734 0.004990
0 0.222372 0.502139 0.008734 0.004990
0 0.267047 0.516397 0.008734 0.004990
0 0.259321 0.511644 0.008734 0.004990
0 0.267047 0.509268 0.008734 0.004990
0 0.267047 0.499762 0.008734 0.004990
0 0.335237 0.514021 0.008734 0.004990
0 0.335237 0.506892 0.008734 0.004990
0 0.335237 0.502139 0.008734 0.004990
0 0.335237 0.497386 0.008734 0.004990
0 0.396036 0.520913 0.008734 0.004990
0 0.396036 0.514021 0.008734 0.004990
0 0.396036 0.509268 0.008734 0.004990
0 0.396036 0.504515 0.008734 0.004990
0 0.433658 0.518536 0.008734 0.004990
0 0.433658 0.514021 0.008734 0.004990
0 0.433658 0.506892 0.008734 0.004990
0 0.433658 0.502139 0.008734 0.004990
0 0.480685 0.516397 0.008734 0.004990
0 0.480685 0.509268 0.008734 0.004990
0 0.480685 0.499762 0.008734 0.004990
0 0.549882 0.518536 0.008734 0.004990
0 0.549882 0.514021 0.008734 0.004990
0 0.549882 0.506892 0.008734 0.004990
0 0.549882 0.502139 0.008734 0.004990
0 0.605643 0.520913 0.008734 0.004990
0 0.605643 0.514021 0.008734 0.004990
0 0.605643 0.509268 0.008734 0.004990
0 0.605643 0.504515 0.008734 0.004990
0 0.646288 0.518536 0.008734 0.004990
0 0.646288 0.514021 0.008734 0.004990
0 0.646288 0.506892 0.008734 0.004990
0 0.646288 0.502139 0.008734 0.004990
0 0.686933 0.516397 0.008734 0.004990
0 0.686933 0.509268 0.008734 0.004990
0 0.686933 0.499762 0.008734 0.004990
0 0.767887 0.509268 0.008734 0.004990
0 0.767887 0.502139 0.008734 0.004990
0 0.767887 0.497386 0.008734 0.004990
0 0.767887 0.492633 0.008734 0.004990
0 0.825999 0.520913 0.008734 0.004990
0 0.825999 0.514021 0.008734 0.004990
0 0.825999 0.509268 0.008734 0.004990
0 0.825999 0.504515 0.008734 0.004990
0 0.869332 0.518536 0.008734 0.004990
0 0.869332 0.514021 0.008734 0.004990
0 0.869332 0.509268 0.008734 0.004990
0 0.869332 0.502139 0.008734 0.004990
0 0.912328 0.516397 0.008734 0.004990
0 0.912328 0.509268 0.008734 0.004990
0 0.912328 0.499762 0.008734 0.004990
0 0.159893 0.792063 0.008734 0.004990
0 0.159893 0.787310 0.008734 0.004990
0 0.151831 0.778042 0.008734 0.004990
0 0.159893 0.775665 0.008734 0.004990
0 0.200202 0.789686 0.008734 0.004990
0 0.200202 0.780418 0.008734 0.004990
0 0.200202 0.773289 0.008734 0.004990
0 0.247565 0.787310 0.008734 0.004990
0 0.247565 0.780418 0.008734 0.004990
0 0.247565 0.770913 0.008734 0.004990
0 0.287874 0.784933 0.008734 0.004990
0 0.287874 0.775665 0.008734 0.004990
0 0.287874 0.768536 0.008734 0.004990
0 0.347330 0.815589 0.008734 0.004990
0 0.347330 0.806321 0.008734 0.004990
0 0.347330 0.799192 0.008734 0.004990
0 0.395029 0.799192 0.008734 0.004990
0 0.395029 0.789686 0.008734 0.004990
0 0.395029 0.782557 0.008734 0.004990
0 0.442728 0.817966 0.008734 0.004990
0 0.442728 0.808698 0.008734 0.004990
0 0.442728 0.801568 0.008734 0.004990
0 0.503527 0.801568 0.008734 0.004990
0 0.503527 0.792063 0.008734 0.004990
0 0.503527 0.784933 0.008734 0.004990
0 0.584817 0.789686 0.008734 0.004990
0 0.584817 0.782557 0.008734 0.004990
0 0.584817 0.778042 0.008734 0.004990
0 0.584817 0.773289 0.008734 0.004990
0 0.634195 0.799192 0.008734 0.004990
0 0.634195 0.794439 0.008734 0.004990
0 0.634195 0.787310 0.008734 0.004990
0 0.674505 0.794439 0.008734 0.004990
0 0.674505 0.784933 0.008734 0.004990
0 0.674505 0.778042 0.008734 0.004990
0 0.715149 0.796816 0.008734 0.004990
0 0.715149 0.787310 0.008734 0.004990
0 0.715149 0.780418 0.008734 0.004990
0 0.778300 0.789686 0.008734 0.004990
0 0.778300 0.780418 0.008734 0.004990
0 0.778300 0.773289 0.008734 0.004990
0 0.821297 0.787310 0.008734 0.004990
0 0.821297 0.780418 0.008734 0.004990
0 0.821297 0.770913 0.008734 0.004990
0 0.857239 0.794439 0.008734 0.004990
0 0.857239 0.784933 0.008734 0.004990
0 0.857239 0.778042 0.008734 0.004990
0 0.902251 0.796816 0.008734 0.004990
0 0.902251 0.789686 0.008734 0.004990
0 0.902251 0.780418 0.008734 0.004990
0 0.346994 0.707462 0.009070 0.004990
0 0.442728 0.709838 0.008734 0.004990
0 0.473967 0.714591 0.008734 0.004990
0 0.533423 0.709838 0.008734 0.004990
0 0.556265 0.190114 0.008734 0.004990
0 0.607995 0.182985 0.009070 0.004990
0 0.691300 0.194629 0.008734 0.004990
0 0.719180 0.192490 0.008734 0.004990
0 0.754115 0.190114 0.008734 0.004990
0 0.799798 0.192490 0.009070 0.004990
0 0.880752 0.201759 0.008734 0.004990
0 0.244541 0.449144 0.008734 0.004990
0 0.289553 0.446768 0.008734 0.004990
0 0.334901 0.444629 0.009070 0.004990
0 0.433658 0.444629 0.008734 0.004990
0 0.457172 0.451521 0.008734 0.004990
0 0.504199 0.446768 0.008734 0.004990
0 0.549547 0.449144 0.009070 0.004990
0 0.646288 0.449144 0.008734 0.004990
0 0.686933 0.449144 0.008734 0.004990
0 0.767551 0.439876 0.009070 0.004990
0 0.912328 0.456274 0.008734 0.004990
0 0.159893 0.721721 0.008734 0.004990
0 0.200202 0.719344 0.008734 0.004990
0 0.247565 0.716968 0.008734 0.004990
0 0.287874 0.714591 0.008734 0.004990
0 0.346994 0.700570 0.006382 0.003565
0 0.450789 0.719344 0.006046 0.003565
0 0.480685 0.716968 0.006046 0.003565
0 0.541485 0.714591 0.006046 0.003565
0 0.584481 0.707462 0.009070 0.004990
0 0.715149 0.707462 0.008734 0.004990
0 0.740343 0.724097 0.008734 0.004990
0 0.778300 0.724097 0.009070 0.004990
0 0.857239 0.724097 0.008734 0.004990
