0 0.121599 0.210551 0.008398 0.004990
0 0.139402 0.217205 0.008398 0.004990
0 0.156869 0.221958 0.008398 0.004990
0 0.174337 0.226473 0.008398 0.004990
0 0.227074 0.206036 0.008398 0.004990
0 0.244541 0.210551 0.008398 0.004990
0 0.262345 0.217205 0.008398 0.004990
0 0.279812 0.221958 0.008398 0.004990
0 0.325495 0.210551 0.008398 0.004990
0 0.342963 0.217205 0.008398 0.004990
0 0.360766 0.221958 0.008398 0.004990
0 0.378233 0.226473 0.008398 0.004990
0 0.430971 0.206036 0.008398 0.004990
0 0.448438 0.210551 0.008398 0.004990
0 0.465905 0.217205 0.008398 0.004990
0 0.483708 0.221958 0.008398 0.004990
0 0.537790 0.217205 0.008398 0.004990
0 0.555929 0.224097 0.008398 0.004990
0 0.573732 0.228612 0.008398 0.004990
0 0.591871 0.233127 0.008398 0.004990
0 0.645952 0.208175 0.008398 0.004990
0 0.663755 0.212690 0.008398 0.004990
0 0.681895 0.217205 0.008398 0.004990
0 0.699698 0.224097 0.008398 0.004990
0 0.746725 0.217205 0.008398 0.004990
0 0.764528 0.224097 0.008398 0.004990
0 0.782667 0.228612 0.008398 0.004990
0 0.800470 0.233127 0.008398 0.004990
0 0.854552 0.208175 0.008398 0.004990
0 0.872691 0.212690 0.008398 0.004990
0 0.890494 0.217205 0.008398 0.004990
0 0.908633 0.224097 0.008398 0.004990
0 0.121599 0.447481 0.008398 0.004990
0 0.139738 0.454373 0.008398 0.004990
0 0.157877 0.458888 0.008398 0.004990
0 0.176016 0.463403 0.008398 0.004990
0 0.230433 0.438451 0.008398 0.004990
0 0.248572 0.442966 0.008398 0.004990
0 0.266711 0.447481 0.008398 0.004990
0 0.284851 0.454373 0.008398 0.004990
0 0.332214 0.449620 0.008398 0.004990
0 0.350353 0.456511 0.008398 0.004990
0 0.372187 0.461027 0.008398 0.004990
0 0.390326 0.465542 0.008398 0.004990
0 0.444743 0.433935 0.008398 0.004990
0 0.462882 0.440589 0.008398 0.004990
0 0.482029 0.445105 0.008398 0.004990
0 0.500168 0.449620 0.008398 0.004990
0 0.554921 0.442966 0.008398 0.004990
0 0.572388 0.449620 0.008398 0.004990
0 0.589520 0.454373 0.008398 0.004990
0 0.606651 0.458888 0.008398 0.004990
0 0.658381 0.433935 0.008398 0.004990
0 0.675848 0.438451 0.008398 0.004990
0 0.692980 0.442966 0.008398 0.004990
0 0.710447 0.449620 0.008398 0.004990
0 0.755123 0.442966 0.008398 0.004990
0 0.772254 0.449620 0.008398 0.004990
0 0.789721 0.454373 0.008398 0.004990
0 0.806853 0.458888 0.008398 0.004990
0 0.858582 0.433935 0.008398 0.004990
0 0.876050 0.438451 0.008398 0.004990
0 0.893181 0.442966 0.008398 0.004990
0 0.910312 0.449620 0.008398 0.004990
0 0.122271 0.663973 0.008398 0.004990
0 0.139066 0.670865 0.008398 0.004990
0 0.156198 0.675380 0.008398 0.004990
0 0.173329 0.679895 0.008398 0.004990
0 0.217669 0.654943 0.008398 0.004990
0 0.234800 0.659458 0.008398 0.004990
0 0.251931 0.663973 0.008398 0.004990
0 0.269063 0.670865 0.008398 0.004990
0 0.313403 0.663973 0.008398 0.004990
0 0.330534 0.668726 0.008398 0.004990
0 0.347665 0.673241 0.008398 0.004990
0 0.364797 0.679895 0.008398 0.004990
0 0.409137 0.657319 0.008398 0.004990
0 0.426268 0.663973 0.008398 0.004990
0 0.443399 0.668726 0.008398 0.004990
0 0.460531 0.673241 0.008398 0.004990
0 0.516627 0.668726 0.008398 0.004990
0 0.535102 0.675380 0.008398 0.004990
0 0.557944 0.679895 0.008398 0.004990
0 0.576419 0.684648 0.008398 0.004990
0 0.632180 0.659458 0.008398 0.004990
0 0.651327 0.663973 0.008398 0.004990
0 0.669802 0.668726 0.008398 0.004990
0 0.688277 0.675380 0.008398 0.004990
0 0.736648 0.668726 0.008398 0.004990
0 0.755123 0.675380 0.008398 0.004990
0 0.773933 0.679895 0.008398 0.004990
0 0.792408 0.684648 0.008398 0.004990
0 0.848169 0.659458 0.008398 0.004990
0 0.866644 0.663973 0.008398 0.004990
0 0.885119 0.668726 0.008398 0.004990
0 0.903930 0.675380 0.008398 0.004990
0 0.122607 0.861930 0.008398 0.004990
0 0.134028 0.868821 0.008398 0.004990
0 0.145448 0.873337 0.008398 0.004990
0 0.156869 0.877852 0.008398 0.004990
0 0.191132 0.852899 0.008398 0.004990
0 0.205912 0.857414 0.008398 0.004990
0 0.218677 0.861930 0.008398 0.004990
0 0.229762 0.868821 0.008398 0.004990
0 0.259657 0.861930 0.008398 0.004990
0 0.259657 0.857414 0.008398 0.004990
0 0.259657 0.852899 0.008398 0.004990
0 0.373866 0.855276 0.008398 0.004990
0 0.386967 0.861930 0.008398 0.004990
0 0.406114 0.866683 0.008398 0.004990
0 0.419214 0.871198 0.008398 0.004990
0 0.453141 0.850760 0.008398 0.004990
0 0.468257 0.855276 0.008398 0.004990
0 0.483037 0.857414 0.008398 0.004990
0 0.496137 0.861930 0.008398 0.004990
0 0.530064 0.855276 0.008398 0.004990
0 0.543164 0.861930 0.008398 0.004990
0 0.556265 0.866683 0.008398 0.004990
0 0.569365 0.871198 0.008398 0.004990
0 0.603292 0.850760 0.008398 0.004990
0 0.618408 0.855276 0.008398 0.004990
0 0.633188 0.857414 0.008398 0.004990
0 0.646288 0.861930 0.008398 0.004990
0 0.689956 0.855276 0.008398 0.004990
0 0.702721 0.861930 0.008398 0.004990
0 0.725227 0.866683 0.008398 0.004990
0 0.736984 0.871198 0.008398 0.004990
0 0.767551 0.850760 0.008398 0.004990
0 0.782667 0.855276 0.008398 0.004990
0 0.797447 0.857414 0.008398 0.004990
0 0.810212 0.861930 0.008398 0.004990
0 0.156869 0.155894 0.008398 0.004990
0 0.156869 0.151378 0.008398 0.004990
0 0.156869 0.146863 0.008398 0.004990
0 0.209607 0.144487 0.008398 0.004990
0 0.227074 0.155894 0.008398 0.004990
0 0.227074 0.151378 0.008398 0.004990
0 0.227074 0.146863 0.008398 0.004990
0 0.262345 0.155894 0.008398 0.004990
0 0.262345 0.151378 0.008398 0.004990
0 0.262345 0.146863 0.008398 0.004990
0 0.360766 0.155894 0.008398 0.004990
0 0.360766 0.151378 0.008398 0.004990
0 0.360766 0.146863 0.008398 0.004990
0 0.413504 0.144487 0.008398 0.004990
0 0.430971 0.155894 0.008398 0.004990
0 0.430971 0.151378 0.008398 0.004990
0 0.430971 0.146863 0.008398 0.004990
0 0.465905 0.155894 0.008398 0.004990
0 0.465905 0.151378 0.008398 0.004990
0 0.465905 0.146863 0.008398 0.004990
0 0.573732 0.153755 0.008398 0.004990
0 0.573732 0.146863 0.008398 0.004990
0 0.573732 0.142348 0.008398 0.004990
0 0.627813 0.139971 0.008398 0.004990
0 0.645952 0.153755 0.008398 0.004990
0 0.645952 0.146863 0.008398 0.004990
0 0.645952 0.142348 0.008398 0.004990
0 0.681895 0.153755 0.008398 0.004990
0 0.681895 0.146863 0.008398 0.004990
0 0.681895 0.142348 0.008398 0.004990
0 0.782667 0.153755 0.008398 0.004990
0 0.782667 0.146863 0.008398 0.004990
0 0.782667 0.142348 0.008398 0.004990
0 0.836412 0.139971 0.008398 0.004990
0 0.854552 0.153755 0.008398 0.004990
0 0.854552 0.146863 0.008398 0.004990
0 0.854552 0.142348 0.008398 0.004990
0 0.890494 0.153755 0.008398 0.004990
0 0.890494 0.146863 0.008398 0.004990
0 0.890494 0.142348 0.008398 0.004990
0 0.157877 0.376901 0.008398 0.004990
0 0.157877 0.372386 0.008398 0.004990
0 0.157877 0.367871 0.008398 0.004990
0 0.212294 0.365732 0.008398 0.004990
0 0.230433 0.376901 0.008398 0.004990
0 0.230433 0.372386 0.008398 0.004990
0 0.230433 0.367871 0.008398 0.004990
0 0.266711 0.376901 0.008398 0.004990
0 0.266711 0.372386 0.008398 0.004990
0 0.266711 0.367871 0.008398 0.004990
0 0.372187 0.374762 0.008398 0.004990
0 0.372187 0.370247 0.008398 0.004990
0 0.372187 0.363356 0.008398 0.004990
0 0.426604 0.360979 0.008398 0.004990
0 0.444743 0.374762 0.008398 0.004990
0 0.444743 0.370247 0.008398 0.004990
0 0.444743 0.363356 0.008398 0.004990
0 0.482029 0.374762 0.008398 0.004990
0 0.482029 0.370247 0.008398 0.004990
0 0.482029 0.363356 0.008398 0.004990
0 0.589520 0.372386 0.008398 0.004990
0 0.589520 0.367871 0.008398 0.004990
0 0.589520 0.363356 0.008398 0.004990
0 0.641250 0.360979 0.008398 0.004990
0 0.658381 0.372386 0.008398 0.004990
0 0.658381 0.367871 0.008398 0.004990
0 0.658381 0.363356 0.008398 0.004990
0 0.692980 0.372386 0.008398 0.004990
0 0.692980 0.367871 0.008398 0.004990
0 0.692980 0.363356 0.008398 0.004990
0 0.789721 0.372386 0.008398 0.004990
0 0.789721 0.367871 0.008398 0.004990
0 0.789721 0.363356 0.008398 0.004990
0 0.841451 0.360979 0.008398 0.004990
0 0.858582 0.372386 0.008398 0.004990
0 0.858582 0.367871 0.008398 0.004990
0 0.858582 0.363356 0.008398 0.004990
0 0.893181 0.372386 0.008398 0.004990
0 0.893181 0.367871 0.008398 0.004990
0 0.893181 0.363356 0.008398 0.004990
0 0.139066 0.582224 0.008398 0.004990
0 0.156198 0.593631 0.008398 0.004990
0 0.156198 0.589116 0.008398 0.004990
0 0.156198 0.584601 0.008398 0.004990
0 0.251931 0.593631 0.008398 0.004990
0 0.251931 0.589116 0.008398 0.004990
0 0.251931 0.584601 0.008398 0.004990
0 0.330534 0.579848 0.008398 0.004990
0 0.347665 0.593631 0.008398 0.004990
0 0.347665 0.586740 0.008398 0.004990
0 0.347665 0.582224 0.008398 0.004990
0 0.443399 0.593631 0.008398 0.004990
0 0.443399 0.586740 0.008398 0.004990
0 0.443399 0.582224 0.008398 0.004990
0 0.557944 0.593631 0.008398 0.004990
0 0.557944 0.589116 0.008398 0.004990
0 0.557944 0.582224 0.008398 0.004990
0 0.613369 0.579848 0.008398 0.004990
0 0.632180 0.593631 0.008398 0.004990
0 0.632180 0.589116 0.008398 0.004990
0 0.632180 0.582224 0.008398 0.004990
0 0.773933 0.609553 0.008398 0.004990
0 0.773933 0.605038 0.008398 0.004990
0 0.773933 0.598146 0.008398 0.004990
0 0.829694 0.595770 0.008398 0.004990
0 0.848169 0.609553 0.008398 0.004990
0 0.848169 0.605038 0.008398 0.004990
0 0.848169 0.598146 0.008398 0.004990
0 0.145448 0.817490 0.008398 0.004990
0 0.145448 0.812975 0.008398 0.004990
0 0.145448 0.808222 0.008398 0.004990
0 0.179711 0.806084 0.008398 0.004990
0 0.191132 0.817490 0.008398 0.004990
0 0.191132 0.812975 0.008398 0.004990
0 0.191132 0.808222 0.008398 0.004990
0 0.386967 0.808222 0.008398 0.004990
0 0.406114 0.822006 0.008398 0.004990
0 0.406114 0.817490 0.008398 0.004990
0 0.406114 0.810599 0.008398 0.004990
0 0.483037 0.826521 0.008398 0.004990
0 0.483037 0.822006 0.008398 0.004990
0 0.483037 0.817490 0.008398 0.004990
0 0.543164 0.808222 0.008398 0.004990
0 0.556265 0.822006 0.008398 0.004990
0 0.556265 0.817490 0.008398 0.004990
0 0.556265 0.810599 0.008398 0.004990
0 0.633188 0.826521 0.008398 0.004990
0 0.633188 0.822006 0.008398 0.004990
0 0.633188 0.817490 0.008398 0.004990
0 0.702721 0.799192 0.008398 0.004990
0 0.725227 0.812975 0.008398 0.004990
0 0.725227 0.806084 0.008398 0.004990
0 0.725227 0.801568 0.008398 0.004990
0 0.797447 0.822006 0.008398 0.004990
0 0.797447 0.817490 0.008398 0.004990
0 0.797447 0.810599 0.008398 0.004990
0 0.852536 0.792300 0.008398 0.004990
0 0.873027 0.806084 0.008398 0.004990
0 0.873027 0.801568 0.008398 0.004990
0 0.873027 0.794677 0.008398 0.004990
0 0.121935 0.110266 0.008734 0.004990
0 0.325495 0.103612 0.008398 0.004990
0 0.483708 0.101236 0.008398 0.004990
0 0.538126 0.105751 0.008734 0.004990
0 0.746725 0.105751 0.008398 0.004990
0 0.121599 0.318203 0.008398 0.004990
0 0.230433 0.318203 0.008398 0.004990
0 0.284851 0.318203 0.008398 0.004990
0 0.332214 0.315827 0.008398 0.004990
0 0.500168 0.313688 0.008398 0.004990
0 0.554921 0.318203 0.008398 0.004990
0 0.658381 0.318203 0.008398 0.004990
0 0.755123 0.318203 0.008398 0.004990
0 0.858582 0.318203 0.008398 0.004990
0 0.122271 0.543726 0.008398 0.004990
0 0.269063 0.543726 0.008398 0.004990
0 0.313403 0.537072 0.008398 0.004990
0 0.409137 0.537072 0.008398 0.004990
0 0.516292 0.532557 0.012429 0.004990
0 0.122943 0.753565 0.008734 0.004990
0 0.259657 0.769487 0.008398 0.004990
0 0.314075 0.769487 0.008398 0.004990
0 0.373866 0.771863 0.008398 0.004990
0 0.453141 0.771863 0.008398 0.004990
0 0.530400 0.771863 0.008734 0.004990
0 0.690292 0.771863 0.008734 0.004990
0 0.898892 0.771863 0.008398 0.004990
