0 0.603159 0.401758 0.009745 0.004989
0 0.545699 0.657638 0.009745 0.004989
0 0.167003 0.913756 0.009745 0.004989
0 0.602823 0.389879 0.008401 0.004989
0 0.707661 0.387741 0.008401 0.004989
0 0.735887 0.389879 0.008401 0.004989
0 0.764449 0.389879 0.008401 0.004989
0 0.816868 0.389879 0.008401 0.004989
0 0.845094 0.392255 0.008401 0.004989
0 0.873320 0.394631 0.008401 0.004989
0 0.901882 0.389879 0.008401 0.004989
0 0.167003 0.657638 0.009745 0.004989
0 0.167003 0.648135 0.009745 0.004989
0 0.545699 0.645997 0.008401 0.004989
0 0.668683 0.643621 0.008401 0.004989
0 0.701949 0.645997 0.008401 0.004989
0 0.735215 0.645997 0.008401 0.004989
0 0.796371 0.645997 0.008401 0.004989
0 0.829973 0.648373 0.008401 0.004989
0 0.863239 0.650748 0.008401 0.004989
0 0.898185 0.645997 0.008401 0.004989
0 0.167003 0.904490 0.008401 0.004989
0 0.206317 0.902115 0.008401 0.004989
0 0.245632 0.904490 0.008401 0.004989
0 0.284946 0.906629 0.008401 0.004989
0 0.338038 0.906629 0.008401 0.004989
0 0.386425 0.899739 0.008401 0.004989
0 0.447581 0.913756 0.009745 0.004989
0 0.447581 0.897125 0.009745 0.004989
0 0.704301 0.901877 0.009745 0.004989
0 0.704301 0.892611 0.009745 0.004989
0 0.881720 0.902115 0.008401 0.004989
0 0.881720 0.892611 0.008401 0.004989
0 0.447581 0.848895 0.008401 0.004989
0 0.486223 0.846519 0.008401 0.004989
0 0.524530 0.848895 0.008401 0.004989
0 0.562836 0.853647 0.008401 0.004989
0 0.601478 0.858399 0.008401 0.004989
0 0.647177 0.860775 0.008401 0.004989
0 0.288306 0.342837 0.008401 0.004989
0 0.305108 0.338085 0.008401 0.004989
0 0.321573 0.330957 0.008401 0.004989
0 0.338038 0.340461 0.008401 0.004989
0 0.354839 0.335709 0.008401 0.004989
0 0.371304 0.330957 0.008401 0.004989
0 0.387769 0.342837 0.008401 0.004989
0 0.404570 0.338085 0.008401 0.004989
0 0.421035 0.330957 0.008401 0.004989
0 0.437836 0.345213 0.008401 0.004989
0 0.454301 0.340461 0.008401 0.004989
0 0.470766 0.330957 0.008401 0.004989
0 0.487567 0.342837 0.008401 0.004989
0 0.504032 0.338085 0.008401 0.004989
0 0.520497 0.330957 0.008401 0.004989
0 0.537298 0.347589 0.008401 0.004989
0 0.553763 0.342837 0.008401 0.004989
0 0.570565 0.330957 0.008401 0.004989
0 0.602823 0.345213 0.008401 0.004989
0 0.620296 0.340461 0.008401 0.004989
0 0.637769 0.330957 0.008401 0.004989
0 0.655242 0.345213 0.008401 0.004989
0 0.672715 0.340461 0.008401 0.004989
0 0.690188 0.330957 0.008401 0.004989
0 0.707661 0.345213 0.008401 0.004989
0 0.725134 0.340461 0.008401 0.004989
0 0.746976 0.330957 0.008401 0.004989
0 0.764449 0.345213 0.008401 0.004989
0 0.781922 0.340461 0.008401 0.004989
0 0.799395 0.330957 0.008401 0.004989
0 0.816868 0.345213 0.008401 0.004989
0 0.834005 0.340461 0.008401 0.004989
0 0.855847 0.330957 0.008401 0.004989
0 0.873320 0.345213 0.008401 0.004989
0 0.890793 0.340461 0.008401 0.004989
0 0.912634 0.330957 0.008401 0.004989
0 0.167003 0.598717 0.008401 0.004989
0 0.187164 0.593965 0.008401 0.004989
0 0.206989 0.587075 0.008401 0.004989
0 0.227151 0.596341 0.008401 0.004989
0 0.246976 0.591827 0.008401 0.004989
0 0.271841 0.587075 0.008401 0.004989
0 0.292003 0.598717 0.008401 0.004989
0 0.311828 0.593965 0.008401 0.004989
0 0.331989 0.587075 0.008401 0.004989
0 0.351815 0.601093 0.008401 0.004989
0 0.371976 0.596341 0.008401 0.004989
0 0.391801 0.587075 0.008401 0.004989
0 0.411962 0.598717 0.008401 0.004989
0 0.431788 0.593965 0.008401 0.004989
0 0.451949 0.587075 0.008401 0.004989
0 0.471774 0.603469 0.008401 0.004989
0 0.491935 0.598717 0.008401 0.004989
0 0.511761 0.587075 0.008401 0.004989
0 0.545699 0.601093 0.008401 0.004989
0 0.566196 0.596341 0.008401 0.004989
0 0.586694 0.587075 0.008401 0.004989
0 0.607191 0.601093 0.008401 0.004989
0 0.627688 0.596341 0.008401 0.004989
0 0.648185 0.587075 0.008401 0.004989
0 0.668683 0.601093 0.008401 0.004989
0 0.689180 0.596341 0.008401 0.004989
0 0.714718 0.587075 0.008401 0.004989
0 0.735215 0.601093 0.008401 0.004989
0 0.755712 0.596341 0.008401 0.004989
0 0.776210 0.587075 0.008401 0.004989
0 0.796371 0.601093 0.008401 0.004989
0 0.816868 0.596341 0.008401 0.004989
0 0.842742 0.587075 0.008401 0.004989
0 0.863239 0.601093 0.008401 0.004989
0 0.883401 0.596341 0.008401 0.004989
0 0.910954 0.587075 0.008401 0.004989
0 0.167003 0.853647 0.008401 0.004989
0 0.180108 0.848895 0.008401 0.004989
0 0.193212 0.841768 0.008401 0.004989
0 0.206317 0.856023 0.008401 0.004989
0 0.219422 0.851271 0.008401 0.004989
0 0.232527 0.839392 0.008401 0.004989
0 0.245632 0.853647 0.008401 0.004989
0 0.258737 0.848895 0.008401 0.004989
0 0.271841 0.841768 0.008401 0.004989
0 0.284946 0.856023 0.008401 0.004989
0 0.298051 0.846519 0.008401 0.004989
0 0.317876 0.839392 0.008401 0.004989
0 0.338038 0.856023 0.008401 0.004989
0 0.355847 0.844144 0.008401 0.004989
0 0.373320 0.839392 0.008401 0.004989
0 0.386425 0.834878 0.008401 0.004989
0 0.399530 0.839392 0.008401 0.004989
0 0.412634 0.844144 0.008401 0.004989
0 0.447581 0.848895 0.008401 0.004989
0 0.460349 0.841768 0.008401 0.004989
0 0.473118 0.837016 0.008401 0.004989
0 0.486223 0.846519 0.008401 0.004989
0 0.498992 0.841768 0.008401 0.004989
0 0.511761 0.837016 0.008401 0.004989
0 0.524530 0.848895 0.008401 0.004989
0 0.537298 0.841768 0.008401 0.004989
0 0.550067 0.837016 0.008401 0.004989
0 0.562836 0.853647 0.008401 0.004989
0 0.575605 0.848895 0.008401 0.004989
0 0.588710 0.841768 0.008401 0.004989
0 0.601478 0.858399 0.008401 0.004989
0 0.614247 0.853647 0.008401 0.004989
0 0.627016 0.848895 0.008401 0.004989
0 0.647177 0.860775 0.008401 0.004989
0 0.659946 0.853647 0.008401 0.004989
0 0.672715 0.848895 0.008401 0.004989
0 0.704301 0.863150 0.008401 0.004989
0 0.716734 0.853647 0.008401 0.004989
0 0.729503 0.846519 0.008401 0.004989
0 0.748992 0.841768 0.008401 0.004989
0 0.761761 0.848895 0.008401 0.004989
0 0.774530 0.853647 0.008401 0.004989
0 0.796371 0.858399 0.008401 0.004989
0 0.809140 0.853647 0.008401 0.004989
0 0.821909 0.846519 0.008401 0.004989
0 0.834677 0.841768 0.008401 0.004989
0 0.847110 0.837016 0.008401 0.004989
0 0.859879 0.830126 0.008401 0.004989
0 0.881720 0.825374 0.008401 0.004989
0 0.167003 0.507722 0.008401 0.004989
0 0.227151 0.505583 0.008401 0.004989
0 0.259409 0.505583 0.008401 0.004989
0 0.292003 0.507722 0.008401 0.004989
0 0.351815 0.510097 0.008401 0.004989
0 0.411962 0.507722 0.008401 0.004989
0 0.471774 0.512473 0.008401 0.004989
0 0.545699 0.510097 0.008401 0.004989
0 0.668683 0.510097 0.008401 0.004989
0 0.863239 0.517225 0.008401 0.004989
0 0.898185 0.517225 0.008401 0.004989
0 0.167003 0.775481 0.008401 0.004989
0 0.206317 0.766215 0.008401 0.004989
0 0.245632 0.768591 0.008401 0.004989
0 0.284946 0.766215 0.008401 0.004989
0 0.308132 0.766215 0.008401 0.004989
0 0.338038 0.761464 0.008401 0.004989
0 0.447581 0.763839 0.008401 0.004989
0 0.704301 0.763602 0.009745 0.004989
