0 0.431373 0.480051 0.007843 0.005051
0 0.449673 0.482323 0.007843 0.005051
0 0.739869 0.362626 0.007843 0.005051
0 0.777451 0.378788 0.007843 0.005051
0 0.109804 0.188384 0.007843 0.005051
0 0.174510 0.176768 0.007843 0.005051
0 0.174510 0.171970 0.007843 0.005051
0 0.203922 0.179040 0.007843 0.005051
0 0.203922 0.174495 0.007843 0.005051
0 0.233660 0.179040 0.007843 0.005051
0 0.233660 0.174495 0.007843 0.005051
0 0.263072 0.181313 0.007843 0.005051
0 0.263072 0.176768 0.007843 0.005051
0 0.309150 0.181313 0.007843 0.005051
0 0.309150 0.176768 0.007843 0.005051
0 0.351961 0.181313 0.007843 0.005051
0 0.351961 0.176768 0.007843 0.005051
0 0.405556 0.181313 0.007843 0.005051
0 0.405556 0.176768 0.007843 0.005051
0 0.432353 0.179040 0.007843 0.005051
0 0.432353 0.174495 0.007843 0.005051
0 0.459150 0.179040 0.007843 0.005051
0 0.459150 0.174495 0.007843 0.005051
0 0.485948 0.176768 0.007843 0.005051
0 0.485948 0.171970 0.007843 0.005051
0 0.526471 0.176768 0.007843 0.005051
0 0.526471 0.171970 0.007843 0.005051
0 0.559150 0.174495 0.007843 0.005051
0 0.559150 0.169697 0.007843 0.005051
0 0.591830 0.174495 0.007843 0.005051
0 0.591830 0.169697 0.007843 0.005051
0 0.644118 0.190657 0.007843 0.005051
0 0.756209 0.188384 0.007843 0.005051
0 0.861765 0.188384 0.007843 0.005051
0 0.903922 0.188384 0.007843 0.005051
0 0.109804 0.367172 0.007843 0.005051
0 0.205882 0.369444 0.007843 0.005051
0 0.320915 0.371717 0.007843 0.005051
0 0.475163 0.371717 0.007843 0.005051
0 0.540196 0.374242 0.007843 0.005051
0 0.578758 0.371717 0.007843 0.005051
0 0.634641 0.369444 0.007843 0.005051
0 0.634641 0.362626 0.007843 0.005051
0 0.634641 0.357828 0.007843 0.005051
0 0.673203 0.369444 0.007843 0.005051
0 0.673203 0.364899 0.007843 0.005051
0 0.673203 0.355556 0.007843 0.005051
0 0.739869 0.357828 0.007843 0.005051
0 0.929085 0.320707 0.007843 0.005051
0 0.929085 0.315909 0.007843 0.005051
0 0.116993 0.489394 0.007843 0.005051
0 0.116993 0.484848 0.007843 0.005051
0 0.324183 0.494192 0.007843 0.005051
0 0.324183 0.489394 0.007843 0.005051
0 0.362745 0.491667 0.007843 0.005051
0 0.362745 0.487121 0.007843 0.005051
0 0.467647 0.484848 0.007843 0.005051
0 0.496732 0.484848 0.007843 0.005051
0 0.514706 0.487121 0.007843 0.005051
0 0.533007 0.489394 0.007843 0.005051
0 0.561765 0.489394 0.007843 0.005051
0 0.580065 0.491667 0.007843 0.005051
0 0.649020 0.542929 0.007843 0.005051
0 0.702288 0.540657 0.007843 0.005051
0 0.755882 0.556818 0.007843 0.005051
0 0.819608 0.550000 0.007843 0.005051
0 0.863399 0.533586 0.007843 0.005051
0 0.540196 0.325253 0.007843 0.005051
0 0.606536 0.494192 0.007843 0.005051
0 0.675817 0.489394 0.007843 0.005051
0 0.702288 0.491667 0.007843 0.005051
0 0.729085 0.494192 0.007843 0.005051
0 0.755882 0.496465 0.007843 0.005051
0 0.782353 0.498737 0.007843 0.005051
0 0.109804 0.130303 0.007843 0.005051
0 0.109804 0.125505 0.007843 0.005051
0 0.174510 0.139394 0.007843 0.005051
0 0.174510 0.134848 0.007843 0.005051
0 0.203922 0.141919 0.007843 0.005051
0 0.203922 0.137121 0.007843 0.005051
0 0.233660 0.141919 0.007843 0.005051
0 0.233660 0.137121 0.007843 0.005051
0 0.263072 0.144192 0.007843 0.005051
0 0.263072 0.139394 0.007843 0.005051
0 0.309150 0.144192 0.007843 0.005051
0 0.309150 0.139394 0.007843 0.005051
0 0.351961 0.144192 0.007843 0.005051
0 0.351961 0.139394 0.007843 0.005051
0 0.405556 0.144192 0.007843 0.005051
0 0.405556 0.139394 0.007843 0.005051
0 0.432353 0.141919 0.007843 0.005051
0 0.432353 0.137121 0.007843 0.005051
0 0.459150 0.141919 0.007843 0.005051
0 0.459150 0.137121 0.007843 0.005051
0 0.485948 0.139394 0.007843 0.005051
0 0.485948 0.134848 0.007843 0.005051
0 0.526471 0.139394 0.007843 0.005051
0 0.526471 0.134848 0.007843 0.005051
0 0.559150 0.137121 0.007843 0.005051
0 0.559150 0.132576 0.007843 0.005051
0 0.591830 0.137121 0.007843 0.005051
0 0.591830 0.132576 0.007843 0.005051
0 0.644118 0.132576 0.007843 0.005051
0 0.644118 0.127778 0.007843 0.005051
0 0.707843 0.132576 0.007843 0.005051
0 0.707843 0.127778 0.007843 0.005051
0 0.756209 0.132576 0.007843 0.005051
0 0.756209 0.127778 0.007843 0.005051
0 0.782680 0.134848 0.007843 0.005051
0 0.782680 0.130303 0.007843 0.005051
0 0.809150 0.137121 0.007843 0.005051
0 0.809150 0.132576 0.007843 0.005051
0 0.835294 0.139394 0.007843 0.005051
0 0.835294 0.134848 0.007843 0.005051
0 0.861765 0.139394 0.007843 0.005051
0 0.861765 0.134848 0.007843 0.005051
0 0.930065 0.141919 0.007843 0.005051
0 0.930065 0.137121 0.007843 0.005051
0 0.109804 0.322980 0.007843 0.005051
0 0.109804 0.318434 0.007843 0.005051
0 0.136601 0.325253 0.007843 0.005051
0 0.136601 0.320707 0.007843 0.005051
0 0.163072 0.325253 0.007843 0.005051
0 0.163072 0.320707 0.007843 0.005051
0 0.232680 0.325253 0.007843 0.005051
0 0.232680 0.320707 0.007843 0.005051
0 0.232680 0.311364 0.007843 0.005051
0 0.259150 0.325253 0.007843 0.005051
0 0.259150 0.320707 0.007843 0.005051
0 0.259150 0.311364 0.007843 0.005051
0 0.285948 0.325253 0.007843 0.005051
0 0.285948 0.320707 0.007843 0.005051
0 0.285948 0.311364 0.007843 0.005051
0 0.320915 0.318434 0.007843 0.005051
0 0.320915 0.313636 0.007843 0.005051
0 0.346405 0.313636 0.007843 0.005051
0 0.346405 0.309091 0.007843 0.005051
0 0.372222 0.315909 0.007843 0.005051
0 0.372222 0.311364 0.007843 0.005051
0 0.398039 0.313636 0.007843 0.005051
0 0.398039 0.309091 0.007843 0.005051
0 0.423856 0.311364 0.007843 0.005051
0 0.423856 0.306566 0.007843 0.005051
0 0.449673 0.313636 0.007843 0.005051
0 0.449673 0.309091 0.007843 0.005051
0 0.475163 0.315909 0.007843 0.005051
0 0.475163 0.311364 0.007843 0.005051
0 0.500980 0.318434 0.007843 0.005051
0 0.500980 0.313636 0.007843 0.005051
0 0.540196 0.315909 0.007843 0.005051
0 0.606863 0.313636 0.007843 0.005051
0 0.634641 0.325253 0.007843 0.005051
0 0.673203 0.322980 0.007843 0.005051
0 0.707190 0.325253 0.007843 0.005051
0 0.739869 0.325253 0.007843 0.005051
0 0.805229 0.299747 0.007843 0.005051
0 0.822222 0.302020 0.007843 0.005051
0 0.839542 0.304293 0.007843 0.005051
0 0.866993 0.304293 0.007843 0.005051
0 0.884314 0.306566 0.007843 0.005051
0 0.901307 0.309091 0.007843 0.005051
0 0.929085 0.309091 0.007843 0.005051
0 0.116993 0.480051 0.007843 0.005051
0 0.158497 0.477778 0.007843 0.005051
0 0.188562 0.473232 0.007843 0.005051
0 0.207516 0.475505 0.007843 0.005051
0 0.226471 0.477778 0.007843 0.005051
0 0.256536 0.477778 0.007843 0.005051
0 0.275490 0.480051 0.007843 0.005051
0 0.294118 0.482323 0.007843 0.005051
0 0.324183 0.482323 0.007843 0.005051
0 0.362745 0.482323 0.007843 0.005051
0 0.402614 0.480051 0.007843 0.005051
0 0.431373 0.475505 0.007843 0.005051
0 0.449673 0.477778 0.007843 0.005051
0 0.467647 0.480051 0.007843 0.005051
0 0.496732 0.480051 0.007843 0.005051
0 0.514706 0.482323 0.007843 0.005051
0 0.533007 0.484848 0.007843 0.005051
0 0.561765 0.484848 0.007843 0.005051
0 0.580065 0.487121 0.007843 0.005051
0 0.606536 0.489394 0.007843 0.005051
0 0.675817 0.484848 0.007843 0.005051
0 0.702288 0.487121 0.007843 0.005051
0 0.729085 0.489394 0.007843 0.005051
0 0.755882 0.491667 0.007843 0.005051
0 0.782353 0.494192 0.007843 0.005051
0 0.819608 0.508081 0.007843 0.005051
0 0.819608 0.503283 0.007843 0.005051
0 0.819608 0.496465 0.007843 0.005051
0 0.109804 0.075253 0.007843 0.005051
0 0.174510 0.075253 0.007843 0.005051
0 0.203922 0.077525 0.007843 0.005051
0 0.233660 0.077525 0.007843 0.005051
0 0.263072 0.079798 0.007843 0.005051
0 0.309150 0.079798 0.007843 0.005051
0 0.378758 0.079798 0.007843 0.005051
0 0.405556 0.079798 0.007843 0.005051
0 0.432353 0.077525 0.007843 0.005051
0 0.459150 0.077525 0.007843 0.005051
0 0.485948 0.075253 0.007843 0.005051
0 0.526471 0.075253 0.007843 0.005051
0 0.559150 0.072727 0.007843 0.005051
0 0.591830 0.072727 0.007843 0.005051
0 0.644118 0.068182 0.007843 0.005051
0 0.707843 0.068182 0.007843 0.005051
0 0.756209 0.068182 0.007843 0.005051
0 0.782680 0.070455 0.007843 0.005051
0 0.809150 0.072727 0.007843 0.005051
0 0.835294 0.075253 0.007843 0.005051
0 0.861765 0.075253 0.007843 0.005051
0 0.930065 0.077525 0.007843 0.005051
0 0.109804 0.259343 0.007843 0.005051
0 0.136601 0.261616 0.007843 0.005051
0 0.163072 0.261616 0.007843 0.005051
0 0.320915 0.254798 0.007843 0.005051
0 0.346405 0.250000 0.007843 0.005051
0 0.372222 0.252525 0.007843 0.005051
0 0.398039 0.250000 0.007843 0.005051
0 0.423856 0.247727 0.007843 0.005051
0 0.449673 0.250000 0.007843 0.005051
0 0.475163 0.252525 0.007843 0.005051
0 0.500980 0.254798 0.007843 0.005051
0 0.540196 0.257071 0.007843 0.005051
0 0.606863 0.254798 0.007843 0.005051
0 0.634641 0.266414 0.007843 0.005051
0 0.673203 0.264141 0.007843 0.005051
0 0.707190 0.266414 0.007843 0.005051
0 0.739869 0.266414 0.007843 0.005051
