0 0.144777 0.270675 0.007054 0.004040
0 0.144777 0.266635 0.007054 0.004040
0 0.144777 0.262833 0.007054 0.004040
0 0.181727 0.256892 0.007054 0.004040
0 0.260665 0.270675 0.007054 0.004040
0 0.260665 0.266635 0.007054 0.004040
0 0.260665 0.262833 0.007054 0.004040
0 0.290561 0.256892 0.007054 0.004040
0 0.320793 0.270675 0.007054 0.004040
0 0.320793 0.266635 0.007054 0.004040
0 0.320793 0.262833 0.007054 0.004040
0 0.339604 0.256892 0.007054 0.004040
0 0.693315 0.264734 0.007054 0.004040
0 0.693315 0.260932 0.007054 0.004040
0 0.693315 0.256892 0.007054 0.004040
0 0.735304 0.250951 0.007054 0.004040
0 0.825663 0.264734 0.007054 0.004040
0 0.825663 0.260932 0.007054 0.004040
0 0.825663 0.256892 0.007054 0.004040
0 0.890158 0.250951 0.007054 0.004040
0 0.425596 0.486930 0.008062 0.004040
0 0.425596 0.473146 0.008062 0.004040
0 0.135707 0.827471 0.007054 0.004040
0 0.135707 0.813926 0.007054 0.004040
0 0.333557 0.827471 0.007054 0.004040
0 0.333557 0.813926 0.007054 0.004040
0 0.114881 0.235266 0.007054 0.004040
0 0.211622 0.233365 0.007054 0.004040
0 0.230433 0.235266 0.007054 0.004040
0 0.290561 0.235266 0.007054 0.004040
0 0.391669 0.229563 0.007054 0.004040
0 0.373530 0.270675 0.005039 0.002852
0 0.373530 0.257129 0.005039 0.002852
0 0.514612 0.231464 0.007054 0.004040
0 0.567014 0.235266 0.007054 0.004040
0 0.658717 0.233365 0.007054 0.004040
0 0.646960 0.264971 0.005039 0.002852
0 0.646960 0.251188 0.005039 0.002852
0 0.769567 0.231464 0.007054 0.004040
0 0.791065 0.233365 0.007054 0.004040
0 0.868660 0.233365 0.007054 0.004040
0 0.127645 0.449857 0.007054 0.004040
0 0.115553 0.491207 0.005039 0.002852
0 0.115553 0.477424 0.005039 0.002852
0 0.187437 0.451759 0.007054 0.004040
0 0.225059 0.455561 0.007054 0.004040
0 0.262345 0.451759 0.007054 0.004040
0 0.250252 0.489068 0.005039 0.002852
0 0.250252 0.475523 0.005039 0.002852
0 0.299631 0.453660 0.007054 0.004040
0 0.337252 0.457700 0.007054 0.004040
0 0.374538 0.461502 0.007054 0.004040
0 0.455828 0.459601 0.007054 0.004040
0 0.455828 0.453660 0.007054 0.004040
0 0.474639 0.449857 0.007054 0.004040
0 0.493450 0.459601 0.007054 0.004040
0 0.493450 0.453660 0.007054 0.004040
0 0.523682 0.449857 0.007054 0.004040
0 0.553913 0.459601 0.007054 0.004040
0 0.553913 0.453660 0.007054 0.004040
0 0.624454 0.449857 0.007054 0.004040
0 0.721196 0.459601 0.007054 0.004040
0 0.721196 0.455561 0.007054 0.004040
0 0.721196 0.451759 0.007054 0.004040
0 0.714478 0.447719 0.007054 0.004040
0 0.721196 0.445817 0.007054 0.004040
0 0.702721 0.487167 0.005039 0.002852
0 0.702721 0.473384 0.005039 0.002852
0 0.831038 0.459601 0.007054 0.004040
0 0.831038 0.455561 0.007054 0.004040
0 0.831038 0.451759 0.007054 0.004040
0 0.824320 0.447719 0.007054 0.004040
0 0.831038 0.445817 0.007054 0.004040
0 0.886127 0.459601 0.007054 0.004040
0 0.886127 0.455561 0.007054 0.004040
0 0.886127 0.451759 0.007054 0.004040
0 0.879409 0.447719 0.007054 0.004040
0 0.886127 0.445817 0.007054 0.004040
0 0.128317 0.690827 0.008062 0.004040
0 0.128317 0.677044 0.008062 0.004040
0 0.115553 0.691065 0.005039 0.002852
0 0.115553 0.677281 0.005039 0.002852
0 0.170642 0.823669 0.007054 0.004040
0 0.189788 0.819629 0.007054 0.004040
0 0.206920 0.815827 0.007054 0.004040
0 0.217669 0.811787 0.007054 0.004040
0 0.228418 0.809886 0.007054 0.004040
0 0.244877 0.806084 0.007054 0.004040
0 0.261001 0.802044 0.007054 0.004040
0 0.368492 0.823669 0.007054 0.004040
0 0.385959 0.819629 0.007054 0.004040
0 0.401411 0.815827 0.007054 0.004040
0 0.416191 0.811787 0.007054 0.004040
0 0.430971 0.809886 0.007054 0.004040
0 0.445751 0.806084 0.007054 0.004040
0 0.460531 0.802044 0.007054 0.004040
0 0.533423 0.825570 0.007054 0.004040
0 0.533423 0.811787 0.007054 0.004040
0 0.615049 0.825570 0.007054 0.004040
0 0.615049 0.811787 0.007054 0.004040
0 0.739671 0.821768 0.007054 0.004040
0 0.767215 0.807985 0.007054 0.004040
0 0.838764 0.821530 0.008062 0.004040
0 0.838764 0.817728 0.008062 0.004040
0 0.838764 0.813688 0.008062 0.004040
0 0.838764 0.807985 0.008062 0.004040
0 0.805509 0.825808 0.005039 0.002852
0 0.805509 0.812025 0.005039 0.002852
0 0.892173 0.821768 0.007054 0.004040
0 0.892173 0.817728 0.007054 0.004040
0 0.892173 0.813926 0.007054 0.004040
0 0.892173 0.807985 0.007054 0.004040
0 0.128317 0.630228 0.007054 0.004040
0 0.334901 0.618346 0.007054 0.004040
0 0.438025 0.622386 0.007054 0.004040
0 0.541485 0.620247 0.007054 0.004040
0 0.644609 0.626188 0.007054 0.004040
0 0.748069 0.624287 0.007054 0.004040
0 0.851192 0.622386 0.007054 0.004040
0 0.553913 0.771150 0.007054 0.004040
0 0.553913 0.767348 0.007054 0.004040
0 0.553913 0.763546 0.007054 0.004040
0 0.574404 0.767348 0.007054 0.004040
0 0.574404 0.763546 0.007054 0.004040
0 0.574404 0.757605 0.007054 0.004040
0 0.594894 0.763546 0.007054 0.004040
0 0.594894 0.757605 0.007054 0.004040
0 0.594894 0.753565 0.007054 0.004040
0 0.615049 0.757605 0.007054 0.004040
0 0.615049 0.753565 0.007054 0.004040
0 0.615049 0.749762 0.007054 0.004040
0 0.635539 0.767348 0.007054 0.004040
0 0.635539 0.763546 0.007054 0.004040
0 0.635539 0.757605 0.007054 0.004040
0 0.656030 0.763546 0.007054 0.004040
0 0.656030 0.757605 0.007054 0.004040
0 0.656030 0.753565 0.007054 0.004040
0 0.676184 0.757605 0.007054 0.004040
0 0.676184 0.753565 0.007054 0.004040
0 0.676184 0.749762 0.007054 0.004040
0 0.719516 0.767348 0.008062 0.004040
0 0.719516 0.763308 0.008062 0.004040
0 0.719516 0.759506 0.008062 0.004040
0 0.719516 0.753565 0.008062 0.004040
0 0.114881 0.190589 0.007054 0.004040
0 0.114881 0.184648 0.007054 0.004040
0 0.114881 0.180846 0.007054 0.004040
0 0.114881 0.176806 0.007054 0.004040
0 0.211622 0.188688 0.007054 0.004040
0 0.211622 0.174905 0.007054 0.004040
0 0.230433 0.190589 0.007054 0.004040
0 0.230433 0.184648 0.007054 0.004040
0 0.230433 0.180846 0.007054 0.004040
0 0.230433 0.176806 0.007054 0.004040
0 0.290561 0.190589 0.007054 0.004040
0 0.290561 0.184648 0.007054 0.004040
0 0.290561 0.180846 0.007054 0.004040
0 0.290561 0.176806 0.007054 0.004040
0 0.391669 0.184648 0.007054 0.004040
0 0.391669 0.180846 0.007054 0.004040
0 0.391669 0.176806 0.007054 0.004040
0 0.391669 0.170865 0.007054 0.004040
0 0.514612 0.186549 0.007054 0.004040
0 0.514612 0.180846 0.007054 0.004040
0 0.514612 0.176806 0.007054 0.004040
0 0.514612 0.173004 0.007054 0.004040
0 0.567014 0.190589 0.007054 0.004040
0 0.567014 0.180846 0.007054 0.004040
0 0.567014 0.176806 0.007054 0.004040
0 0.658717 0.188688 0.007054 0.004040
0 0.651999 0.180846 0.007054 0.004040
0 0.658717 0.178707 0.007054 0.004040
0 0.658717 0.174905 0.007054 0.004040
0 0.769567 0.186549 0.007054 0.004040
0 0.769567 0.173004 0.007054 0.004040
0 0.791065 0.188688 0.007054 0.004040
0 0.784683 0.180846 0.007054 0.004040
0 0.791065 0.178707 0.007054 0.004040
0 0.791065 0.174905 0.007054 0.004040
0 0.868660 0.188688 0.007054 0.004040
0 0.861942 0.180846 0.007054 0.004040
0 0.868660 0.178707 0.007054 0.004040
0 0.868660 0.174905 0.007054 0.004040
0 0.127645 0.403992 0.007054 0.004040
0 0.127645 0.399952 0.007054 0.004040
0 0.127645 0.396150 0.007054 0.004040
0 0.127645 0.390209 0.007054 0.004040
0 0.181055 0.405894 0.007054 0.004040
0 0.187437 0.403992 0.007054 0.004040
0 0.187437 0.399952 0.007054 0.004040
0 0.187437 0.392110 0.007054 0.004040
0 0.225059 0.409933 0.007054 0.004040
0 0.225059 0.396150 0.007054 0.004040
0 0.262345 0.405894 0.007054 0.004040
0 0.262345 0.402091 0.007054 0.004040
0 0.262345 0.398051 0.007054 0.004040
0 0.262345 0.392110 0.007054 0.004040
0 0.299631 0.407795 0.007054 0.004040
0 0.299631 0.394249 0.007054 0.004040
0 0.337252 0.411835 0.007054 0.004040
0 0.337252 0.407795 0.007054 0.004040
0 0.337252 0.402091 0.007054 0.004040
0 0.337252 0.398051 0.007054 0.004040
0 0.374538 0.415637 0.007054 0.004040
0 0.374538 0.402091 0.007054 0.004040
0 0.425596 0.417776 0.007054 0.004040
0 0.425596 0.413736 0.007054 0.004040
0 0.425596 0.407795 0.007054 0.004040
0 0.425596 0.403992 0.007054 0.004040
0 0.493450 0.413736 0.007054 0.004040
0 0.493450 0.407795 0.007054 0.004040
0 0.493450 0.403992 0.007054 0.004040
0 0.493450 0.399952 0.007054 0.004040
0 0.553913 0.413736 0.007054 0.004040
0 0.553913 0.407795 0.007054 0.004040
0 0.553913 0.403992 0.007054 0.004040
0 0.553913 0.399952 0.007054 0.004040
0 0.577427 0.411835 0.007054 0.004040
0 0.577427 0.398051 0.007054 0.004040
0 0.600941 0.409933 0.007054 0.004040
0 0.600941 0.396150 0.007054 0.004040
0 0.624454 0.407795 0.007054 0.004040
0 0.624454 0.394249 0.007054 0.004040
0 0.647968 0.405894 0.007054 0.004040
0 0.647968 0.392110 0.007054 0.004040
0 0.671481 0.403992 0.007054 0.004040
0 0.671481 0.390209 0.007054 0.004040
0 0.721196 0.413736 0.007054 0.004040
0 0.721196 0.399952 0.007054 0.004040
0 0.831038 0.411835 0.007054 0.004040
0 0.831038 0.398051 0.007054 0.004040
0 0.886127 0.409933 0.007054 0.004040
0 0.886127 0.396150 0.007054 0.004040
0 0.128317 0.616445 0.007054 0.004040
0 0.128317 0.602662 0.007054 0.004040
0 0.145448 0.612405 0.007054 0.004040
0 0.162580 0.616445 0.007054 0.004040
0 0.179711 0.612405 0.007054 0.004040
0 0.197178 0.616445 0.007054 0.004040
0 0.214310 0.612405 0.007054 0.004040
0 0.231441 0.616445 0.007054 0.004040
0 0.248572 0.612405 0.007054 0.004040
0 0.266040 0.616445 0.007054 0.004040
0 0.283171 0.612405 0.007054 0.004040
0 0.300302 0.616445 0.007054 0.004040
0 0.317434 0.612405 0.007054 0.004040
0 0.334901 0.604563 0.007054 0.004040
0 0.352032 0.612405 0.007054 0.004040
0 0.369164 0.616445 0.007054 0.004040
0 0.386295 0.612405 0.007054 0.004040
0 0.403762 0.616445 0.007054 0.004040
0 0.420894 0.612405 0.007054 0.004040
0 0.438025 0.608603 0.007054 0.004040
0 0.455156 0.612405 0.007054 0.004040
0 0.472623 0.616445 0.007054 0.004040
0 0.489755 0.612405 0.007054 0.004040
0 0.506886 0.616445 0.007054 0.004040
0 0.524353 0.612405 0.007054 0.004040
0 0.541485 0.606702 0.007054 0.004040
0 0.558616 0.612405 0.007054 0.004040
0 0.575747 0.616445 0.007054 0.004040
0 0.593215 0.612405 0.007054 0.004040
0 0.610346 0.616445 0.007054 0.004040
0 0.627477 0.612405 0.007054 0.004040
0 0.644609 0.612405 0.007054 0.004040
0 0.662076 0.616445 0.007054 0.004040
0 0.679207 0.620247 0.007054 0.004040
0 0.696339 0.616445 0.007054 0.004040
0 0.713470 0.620247 0.007054 0.004040
0 0.730937 0.616445 0.007054 0.004040
0 0.748069 0.610504 0.007054 0.004040
0 0.765200 0.616445 0.007054 0.004040
0 0.782331 0.620247 0.007054 0.004040
0 0.799798 0.616445 0.007054 0.004040
0 0.816930 0.620247 0.007054 0.004040
0 0.834061 0.616445 0.007054 0.004040
0 0.851192 0.608603 0.007054 0.004040
0 0.868660 0.612405 0.007054 0.004040
0 0.885791 0.616445 0.007054 0.004040
0 0.902922 0.612405 0.007054 0.004040
0 0.920390 0.616445 0.007054 0.004040
0 0.937521 0.612405 0.007054 0.004040
0 0.128989 0.761407 0.007054 0.004040
0 0.135707 0.759506 0.007054 0.004040
0 0.135707 0.755703 0.007054 0.004040
0 0.135707 0.747861 0.007054 0.004040
0 0.254619 0.761407 0.007054 0.004040
0 0.261001 0.759506 0.007054 0.004040
0 0.261001 0.755703 0.007054 0.004040
0 0.261001 0.747861 0.007054 0.004040
0 0.326839 0.761407 0.007054 0.004040
0 0.333557 0.759506 0.007054 0.004040
0 0.333557 0.755703 0.007054 0.004040
0 0.326839 0.747861 0.007054 0.004040
0 0.333557 0.745722 0.007054 0.004040
0 0.454148 0.761407 0.007054 0.004040
0 0.460531 0.759506 0.007054 0.004040
0 0.460531 0.755703 0.007054 0.004040
0 0.454148 0.747861 0.007054 0.004040
0 0.460531 0.745722 0.007054 0.004040
0 0.533423 0.743821 0.007054 0.004040
0 0.533423 0.740019 0.007054 0.004040
0 0.533423 0.735979 0.007054 0.004040
0 0.533423 0.730038 0.007054 0.004040
0 0.574404 0.743821 0.007054 0.004040
0 0.574404 0.740019 0.007054 0.004040
0 0.574404 0.735979 0.007054 0.004040
0 0.574404 0.730038 0.007054 0.004040
0 0.615049 0.743821 0.007054 0.004040
0 0.615049 0.740019 0.007054 0.004040
0 0.615049 0.735979 0.007054 0.004040
0 0.615049 0.730038 0.007054 0.004040
0 0.656030 0.743821 0.007054 0.004040
0 0.656030 0.740019 0.007054 0.004040
0 0.656030 0.735979 0.007054 0.004040
0 0.656030 0.730038 0.007054 0.004040
0 0.719516 0.739781 0.008062 0.004040
0 0.719516 0.735979 0.008062 0.004040
0 0.719516 0.731939 0.008062 0.004040
0 0.719516 0.726236 0.008062 0.004040
0 0.833389 0.753565 0.008062 0.004040
0 0.833389 0.749525 0.008062 0.004040
0 0.833389 0.743821 0.008062 0.004040
0 0.833389 0.739781 0.008062 0.004040
0 0.892173 0.753565 0.007054 0.004040
0 0.892173 0.749762 0.007054 0.004040
0 0.892173 0.743821 0.007054 0.004040
0 0.892173 0.740019 0.007054 0.004040
0 0.127309 0.548004 0.005039 0.002852
0 0.540477 0.548004 0.005039 0.002852
0 0.114881 0.108127 0.007054 0.004040
0 0.211622 0.106226 0.007054 0.004040
0 0.230433 0.108127 0.007054 0.004040
0 0.290561 0.108127 0.007054 0.004040
0 0.444071 0.108127 0.007054 0.004040
0 0.487068 0.108127 0.007054 0.004040
0 0.514612 0.104325 0.007054 0.004040
0 0.567014 0.112167 0.007054 0.004040
0 0.602956 0.108127 0.007054 0.004040
0 0.658717 0.110266 0.007054 0.004040
0 0.847162 0.110266 0.007054 0.004040
0 0.868660 0.110266 0.007054 0.004040
0 0.890158 0.110266 0.007054 0.004040
0 0.911656 0.110266 0.007054 0.004040
0 0.933154 0.110266 0.007054 0.004040
0 0.127645 0.321530 0.007054 0.004040
0 0.187437 0.323669 0.007054 0.004040
0 0.225059 0.327471 0.007054 0.004040
0 0.262345 0.323669 0.007054 0.004040
0 0.299631 0.325570 0.007054 0.004040
0 0.337252 0.329373 0.007054 0.004040
0 0.374538 0.333413 0.007054 0.004040
0 0.425596 0.325570 0.007054 0.004040
0 0.493450 0.331511 0.007054 0.004040
0 0.624454 0.331511 0.007054 0.004040
0 0.721196 0.319629 0.007054 0.004040
0 0.775949 0.333413 0.007054 0.004040
0 0.831038 0.335314 0.007054 0.004040
0 0.920390 0.337215 0.007054 0.004040
0 0.128317 0.561549 0.007054 0.004040
0 0.541485 0.561549 0.007054 0.004040
