0 0.285186 0.238118 0.008398 0.004753
0 0.593551 0.260932 0.008398 0.004753
0 0.787034 0.260932 0.008398 0.004753
0 0.127309 0.497386 0.008398 0.004753
0 0.698354 0.732177 0.008398 0.004753
0 0.698354 0.716017 0.008398 0.004753
0 0.728586 0.732177 0.008398 0.004753
0 0.728586 0.716017 0.008398 0.004753
0 0.121935 0.897814 0.008398 0.004753
0 0.121935 0.881654 0.008398 0.004753
0 0.165603 0.897814 0.008398 0.004753
0 0.165603 0.881654 0.008398 0.004753
0 0.112193 0.256416 0.008398 0.004753
0 0.112193 0.240257 0.008398 0.004753
0 0.138058 0.233365 0.008398 0.004753
0 0.138058 0.228850 0.008398 0.004753
0 0.163923 0.240257 0.008398 0.004753
0 0.190124 0.233365 0.008398 0.004753
0 0.190124 0.228850 0.008398 0.004753
0 0.215989 0.240257 0.008398 0.004753
0 0.241854 0.233365 0.008398 0.004753
0 0.241854 0.228850 0.008398 0.004753
0 0.285186 0.233365 0.008398 0.004753
0 0.285186 0.228850 0.008398 0.004753
0 0.337252 0.242633 0.008398 0.004753
0 0.444743 0.245010 0.008398 0.004753
0 0.463554 0.245010 0.008398 0.004753
0 0.482365 0.245010 0.008398 0.004753
0 0.501176 0.245010 0.008398 0.004753
0 0.519987 0.245010 0.008398 0.004753
0 0.539133 0.245010 0.008398 0.004753
0 0.593551 0.245010 0.008398 0.004753
0 0.620759 0.245010 0.008398 0.004753
0 0.646960 0.245010 0.008398 0.004753
0 0.676184 0.245010 0.008398 0.004753
0 0.704736 0.245010 0.008398 0.004753
0 0.733289 0.245010 0.008398 0.004753
0 0.787034 0.245010 0.008398 0.004753
0 0.815586 0.245010 0.008398 0.004753
0 0.845482 0.245010 0.008398 0.004753
0 0.877393 0.245010 0.008398 0.004753
0 0.905946 0.245010 0.008398 0.004753
0 0.930467 0.245010 0.008398 0.004753
0 0.127309 0.481464 0.008398 0.004753
0 0.151831 0.481464 0.008398 0.004753
0 0.178367 0.481464 0.008398 0.004753
0 0.202553 0.481464 0.008398 0.004753
0 0.226067 0.481464 0.008398 0.004753
0 0.249916 0.481464 0.008398 0.004753
0 0.299295 0.506654 0.008398 0.004753
0 0.299295 0.490732 0.008398 0.004753
0 0.349681 0.513546 0.008398 0.004753
0 0.349681 0.509030 0.008398 0.004753
0 0.349681 0.502139 0.008398 0.004753
0 0.349681 0.497624 0.008398 0.004753
0 0.391334 0.509030 0.008398 0.004753
0 0.391334 0.502139 0.008398 0.004753
0 0.391334 0.497624 0.008398 0.004753
0 0.391334 0.492871 0.008398 0.004753
0 0.450789 0.488356 0.008398 0.004753
0 0.450789 0.472196 0.008398 0.004753
0 0.485724 0.497624 0.008398 0.004753
0 0.485724 0.481464 0.008398 0.004753
0 0.520658 0.488356 0.008398 0.004753
0 0.520658 0.472196 0.008398 0.004753
0 0.558952 0.481464 0.008398 0.004753
0 0.558952 0.465304 0.008398 0.004753
0 0.614377 0.506654 0.008398 0.004753
0 0.614377 0.490732 0.008398 0.004753
0 0.666779 0.513546 0.008398 0.004753
0 0.666779 0.509030 0.008398 0.004753
0 0.666779 0.502139 0.008398 0.004753
0 0.666779 0.497624 0.008398 0.004753
0 0.732281 0.509030 0.008398 0.004753
0 0.732281 0.502139 0.008398 0.004753
0 0.732281 0.497624 0.008398 0.004753
0 0.732281 0.492871 0.008398 0.004753
0 0.792408 0.488356 0.008398 0.004753
0 0.792408 0.472196 0.008398 0.004753
0 0.827007 0.497624 0.008398 0.004753
0 0.827007 0.481464 0.008398 0.004753
0 0.861606 0.488356 0.008398 0.004753
0 0.861606 0.472196 0.008398 0.004753
0 0.899899 0.481464 0.008398 0.004753
0 0.899899 0.465304 0.008398 0.004753
0 0.121935 0.711502 0.008398 0.004753
0 0.121935 0.706749 0.008398 0.004753
0 0.121935 0.699857 0.008398 0.004753
0 0.121935 0.695342 0.008398 0.004753
0 0.210951 0.732177 0.008398 0.004753
0 0.210951 0.725285 0.008398 0.004753
0 0.210951 0.720532 0.008398 0.004753
0 0.210951 0.716017 0.008398 0.004753
0 0.270406 0.729800 0.008398 0.004753
0 0.270406 0.725285 0.008398 0.004753
0 0.270406 0.718394 0.008398 0.004753
0 0.270406 0.713641 0.008398 0.004753
0 0.313067 0.727424 0.008398 0.004753
0 0.313067 0.722909 0.008398 0.004753
0 0.313067 0.718394 0.008398 0.004753
0 0.313067 0.711502 0.008398 0.004753
0 0.355727 0.727424 0.008398 0.004753
0 0.355727 0.722909 0.008398 0.004753
0 0.355727 0.718394 0.008398 0.004753
0 0.355727 0.711502 0.008398 0.004753
0 0.457172 0.725285 0.008398 0.004753
0 0.457172 0.720532 0.008398 0.004753
0 0.457172 0.716017 0.008398 0.004753
0 0.489083 0.725285 0.008398 0.004753
0 0.489083 0.720532 0.008398 0.004753
0 0.489083 0.716017 0.008398 0.004753
0 0.592879 0.734316 0.008398 0.004753
0 0.592879 0.725285 0.008398 0.004753
0 0.592879 0.718394 0.008398 0.004753
0 0.626470 0.734316 0.008398 0.004753
0 0.626470 0.725285 0.008398 0.004753
0 0.626470 0.718394 0.008398 0.004753
0 0.728586 0.695342 0.008398 0.004753
0 0.766544 0.690827 0.008398 0.004753
0 0.819617 0.697719 0.008398 0.004753
0 0.851864 0.706749 0.008398 0.004753
0 0.884112 0.697719 0.008398 0.004753
0 0.919718 0.690827 0.008398 0.004753
0 0.165603 0.860979 0.008398 0.004753
0 0.230769 0.856464 0.008398 0.004753
0 0.275781 0.863356 0.008398 0.004753
0 0.309036 0.872386 0.008398 0.004753
0 0.342291 0.863356 0.008398 0.004753
0 0.378905 0.856464 0.008398 0.004753
0 0.428619 0.888546 0.008398 0.004753
0 0.573732 0.886169 0.008398 0.004753
0 0.596238 0.890922 0.008398 0.004753
0 0.618744 0.884030 0.008398 0.004753
0 0.655358 0.886169 0.008398 0.004753
0 0.669466 0.888546 0.008398 0.004753
0 0.724555 0.886169 0.008398 0.004753
0 0.747061 0.881654 0.008398 0.004753
0 0.769567 0.884030 0.008398 0.004753
0 0.805845 0.899952 0.008398 0.004753
0 0.849849 0.893061 0.008398 0.004753
0 0.883104 0.888546 0.008398 0.004753
0 0.916359 0.897814 0.008398 0.004753
0 0.593551 0.180371 0.008398 0.004753
0 0.658717 0.180371 0.008398 0.004753
0 0.787034 0.182510 0.008398 0.004753
0 0.856567 0.182510 0.008398 0.004753
0 0.127309 0.424430 0.008398 0.004753
0 0.190124 0.424430 0.008398 0.004753
0 0.450789 0.426806 0.008398 0.004753
0 0.450789 0.419914 0.008398 0.004753
0 0.520658 0.426806 0.008398 0.004753
0 0.520658 0.419914 0.008398 0.004753
0 0.558952 0.428945 0.008398 0.004753
0 0.558952 0.424430 0.008398 0.004753
0 0.792408 0.426806 0.008398 0.004753
0 0.792408 0.419914 0.008398 0.004753
0 0.861606 0.426806 0.008398 0.004753
0 0.861606 0.419914 0.008398 0.004753
0 0.899899 0.428945 0.008398 0.004753
0 0.899899 0.424430 0.008398 0.004753
0 0.819617 0.646625 0.008398 0.004753
0 0.819617 0.639734 0.008398 0.004753
0 0.884112 0.646625 0.008398 0.004753
0 0.884112 0.639734 0.008398 0.004753
0 0.919718 0.648764 0.008398 0.004753
0 0.919718 0.644249 0.008398 0.004753
0 0.121935 0.821768 0.008398 0.004753
0 0.121935 0.817015 0.008398 0.004753
0 0.165603 0.821768 0.008398 0.004753
0 0.165603 0.817015 0.008398 0.004753
0 0.230769 0.821768 0.008398 0.004753
0 0.230769 0.817015 0.008398 0.004753
0 0.275781 0.821768 0.008398 0.004753
0 0.275781 0.814876 0.008398 0.004753
0 0.342291 0.821768 0.008398 0.004753
0 0.342291 0.814876 0.008398 0.004753
0 0.378905 0.823907 0.008398 0.004753
0 0.378905 0.819392 0.008398 0.004753
0 0.428619 0.812500 0.008398 0.004753
0 0.573732 0.819392 0.008398 0.004753
0 0.618744 0.819392 0.008398 0.004753
0 0.669466 0.821768 0.008398 0.004753
0 0.724555 0.821768 0.008398 0.004753
0 0.769567 0.821768 0.008398 0.004753
0 0.805845 0.830798 0.008398 0.004753
0 0.805845 0.823907 0.008398 0.004753
0 0.138058 0.194154 0.008398 0.004753
0 0.138058 0.177994 0.008398 0.004753
0 0.190124 0.196293 0.008398 0.004753
0 0.190124 0.180371 0.008398 0.004753
0 0.241854 0.198669 0.008398 0.004753
0 0.241854 0.182510 0.008398 0.004753
0 0.285186 0.203184 0.008398 0.004753
0 0.285186 0.187262 0.008398 0.004753
0 0.337252 0.201046 0.008398 0.004753
0 0.337252 0.196293 0.008398 0.004753
0 0.337252 0.187262 0.008398 0.004753
0 0.444743 0.201046 0.008398 0.004753
0 0.444743 0.194154 0.008398 0.004753
0 0.444743 0.189401 0.008398 0.004753
0 0.593551 0.175618 0.008398 0.004753
0 0.570037 0.173479 0.005710 0.003327
0 0.609002 0.177994 0.008398 0.004753
0 0.624790 0.175618 0.008398 0.004753
0 0.640242 0.173479 0.008398 0.004753
0 0.658717 0.175618 0.008398 0.004753
0 0.708431 0.168726 0.008398 0.004753
0 0.787034 0.177994 0.008398 0.004753
0 0.767551 0.175618 0.005710 0.003327
0 0.807188 0.180371 0.008398 0.004753
0 0.822640 0.177994 0.008398 0.004753
0 0.837756 0.175618 0.008398 0.004753
0 0.856567 0.177994 0.008398 0.004753
0 0.905946 0.171103 0.008398 0.004753
0 0.127309 0.419914 0.008398 0.004753
0 0.113201 0.417538 0.005710 0.003327
0 0.146456 0.422053 0.008398 0.004753
0 0.158885 0.419914 0.008398 0.004753
0 0.171313 0.417538 0.008398 0.004753
0 0.190124 0.419914 0.008398 0.004753
0 0.229762 0.413023 0.008398 0.004753
0 0.299295 0.426806 0.008398 0.004753
0 0.299295 0.422053 0.008398 0.004753
0 0.299295 0.410646 0.008398 0.004753
0 0.349681 0.426806 0.008398 0.004753
0 0.349681 0.422053 0.008398 0.004753
0 0.349681 0.410646 0.008398 0.004753
0 0.391334 0.426806 0.008398 0.004753
0 0.391334 0.422053 0.008398 0.004753
0 0.391334 0.417538 0.008398 0.004753
0 0.450789 0.415162 0.008398 0.004753
0 0.436681 0.413023 0.005710 0.003327
0 0.468257 0.417538 0.008398 0.004753
0 0.485724 0.415162 0.008398 0.004753
0 0.503191 0.413023 0.008398 0.004753
0 0.520658 0.415162 0.008398 0.004753
0 0.558952 0.417538 0.008398 0.004753
0 0.614377 0.426806 0.008398 0.004753
0 0.614377 0.422053 0.008398 0.004753
0 0.614377 0.410646 0.008398 0.004753
0 0.666779 0.426806 0.008398 0.004753
0 0.666779 0.422053 0.008398 0.004753
0 0.666779 0.410646 0.008398 0.004753
0 0.732281 0.426806 0.008398 0.004753
0 0.732281 0.422053 0.008398 0.004753
0 0.732281 0.417538 0.008398 0.004753
0 0.792408 0.415162 0.008398 0.004753
0 0.778300 0.413023 0.005710 0.003327
0 0.809876 0.417538 0.008398 0.004753
0 0.827007 0.415162 0.008398 0.004753
0 0.844474 0.413023 0.008398 0.004753
0 0.861606 0.415162 0.008398 0.004753
0 0.899899 0.417538 0.008398 0.004753
0 0.121935 0.646625 0.008398 0.004753
0 0.121935 0.641873 0.008398 0.004753
0 0.121935 0.637357 0.008398 0.004753
0 0.210951 0.655656 0.008398 0.004753
0 0.210951 0.639734 0.008398 0.004753
0 0.270406 0.655656 0.008398 0.004753
0 0.270406 0.639734 0.008398 0.004753
0 0.313067 0.658032 0.008398 0.004753
0 0.313067 0.641873 0.008398 0.004753
0 0.355727 0.658032 0.008398 0.004753
0 0.355727 0.641873 0.008398 0.004753
0 0.457172 0.646625 0.008398 0.004753
0 0.457172 0.639734 0.008398 0.004753
0 0.489083 0.646625 0.008398 0.004753
0 0.489083 0.639734 0.008398 0.004753
0 0.592879 0.648764 0.008398 0.004753
0 0.592879 0.637357 0.008398 0.004753
0 0.626470 0.648764 0.008398 0.004753
0 0.626470 0.637357 0.008398 0.004753
0 0.698354 0.646625 0.008398 0.004753
0 0.698354 0.641873 0.008398 0.004753
0 0.698354 0.630466 0.008398 0.004753
0 0.728586 0.646625 0.008398 0.004753
0 0.728586 0.641873 0.008398 0.004753
0 0.728586 0.630466 0.008398 0.004753
0 0.766544 0.646625 0.008398 0.004753
0 0.766544 0.641873 0.008398 0.004753
0 0.766544 0.637357 0.008398 0.004753
0 0.819617 0.634981 0.008398 0.004753
0 0.805509 0.632842 0.005710 0.003327
0 0.835741 0.637357 0.008398 0.004753
0 0.851864 0.634981 0.008398 0.004753
0 0.867988 0.632842 0.008398 0.004753
0 0.884112 0.634981 0.008398 0.004753
0 0.919718 0.637357 0.008398 0.004753
0 0.121935 0.805608 0.008398 0.004753
0 0.143769 0.810124 0.008398 0.004753
0 0.165603 0.805608 0.008398 0.004753
0 0.230769 0.812500 0.008398 0.004753
0 0.275781 0.810124 0.008398 0.004753
0 0.261673 0.807985 0.005710 0.003327
0 0.292576 0.812500 0.008398 0.004753
0 0.309036 0.810124 0.008398 0.004753
0 0.325831 0.807985 0.008398 0.004753
0 0.342291 0.810124 0.008398 0.004753
0 0.378905 0.812500 0.008398 0.004753
0 0.428619 0.805608 0.008398 0.004753
0 0.451125 0.801093 0.008398 0.004753
0 0.473631 0.796340 0.008398 0.004753
0 0.496137 0.801093 0.008398 0.004753
0 0.518643 0.805608 0.008398 0.004753
0 0.541485 0.812500 0.008398 0.004753
0 0.573732 0.810124 0.008398 0.004753
0 0.596238 0.803232 0.008398 0.004753
0 0.618744 0.807985 0.008398 0.004753
0 0.641250 0.812500 0.008398 0.004753
0 0.669466 0.805608 0.008398 0.004753
0 0.691972 0.812500 0.008398 0.004753
0 0.724555 0.810124 0.008398 0.004753
0 0.747061 0.814876 0.008398 0.004753
0 0.769567 0.817015 0.008398 0.004753
0 0.805845 0.819392 0.008398 0.004753
0 0.790057 0.819392 0.005710 0.003327
0 0.797111 0.817015 0.005710 0.003327
0 0.849849 0.833175 0.008398 0.004753
0 0.849849 0.828660 0.008398 0.004753
0 0.849849 0.821768 0.008398 0.004753
0 0.112193 0.106226 0.008398 0.004753
0 0.163923 0.110741 0.008398 0.004753
0 0.215989 0.110741 0.008398 0.004753
0 0.241854 0.103850 0.008398 0.004753
0 0.285186 0.115494 0.008398 0.004753
0 0.337252 0.113118 0.008398 0.004753
0 0.378905 0.115494 0.008398 0.004753
0 0.363117 0.110741 0.005710 0.003327
0 0.370171 0.113118 0.005710 0.003327
0 0.405106 0.113118 0.008398 0.004753
0 0.444743 0.110741 0.008398 0.004753
0 0.299295 0.343631 0.008398 0.004753
0 0.320121 0.346008 0.008398 0.004753
0 0.349681 0.343631 0.008398 0.004753
0 0.391334 0.350523 0.008398 0.004753
0 0.450789 0.348384 0.008398 0.004753
0 0.436681 0.346008 0.005710 0.003327
0 0.468257 0.350523 0.008398 0.004753
0 0.485724 0.348384 0.008398 0.004753
0 0.503191 0.346008 0.008398 0.004753
0 0.520658 0.348384 0.008398 0.004753
0 0.558952 0.350523 0.008398 0.004753
0 0.614377 0.343631 0.008398 0.004753
0 0.636211 0.346008 0.008398 0.004753
0 0.666779 0.343631 0.008398 0.004753
0 0.688613 0.346008 0.008398 0.004753
0 0.710447 0.343631 0.008398 0.004753
0 0.738663 0.350523 0.008398 0.004753
0 0.792408 0.348384 0.008398 0.004753
0 0.778300 0.346008 0.005710 0.003327
0 0.809876 0.350523 0.008398 0.004753
0 0.827007 0.348384 0.008398 0.004753
0 0.844474 0.346008 0.008398 0.004753
0 0.861606 0.348384 0.008398 0.004753
0 0.899899 0.350523 0.008398 0.004753
0 0.933490 0.350523 0.008398 0.004753
0 0.121935 0.580323 0.008398 0.004753
0 0.169634 0.575570 0.008398 0.004753
0 0.210951 0.577947 0.008398 0.004753
0 0.235472 0.580323 0.008398 0.004753
0 0.270406 0.582462 0.008398 0.004753
0 0.291569 0.577947 0.008398 0.004753
0 0.313067 0.580323 0.008398 0.004753
0 0.334229 0.587215 0.008398 0.004753
0 0.355727 0.591730 0.008398 0.004753
0 0.385623 0.587215 0.008398 0.004753
0 0.425260 0.584838 0.008398 0.004753
0 0.489083 0.580323 0.008398 0.004753
0 0.537454 0.580323 0.008398 0.004753
0 0.561975 0.582462 0.008398 0.004753
0 0.577427 0.584838 0.008398 0.004753
0 0.592879 0.582462 0.008398 0.004753
0 0.650991 0.580323 0.008398 0.004753
0 0.698354 0.580086 0.008398 0.004753
