0 0.127309 0.236217 0.008734 0.004990
0 0.227074 0.203184 0.008734 0.004990
0 0.240175 0.198432 0.008734 0.004990
0 0.253611 0.193679 0.008734 0.004990
0 0.269063 0.189163 0.008734 0.004990
0 0.293248 0.193679 0.008734 0.004990
0 0.317434 0.198432 0.008734 0.004990
0 0.341955 0.203184 0.008734 0.004990
0 0.411152 0.236217 0.008734 0.004990
0 0.498153 0.203184 0.008734 0.004990
0 0.512597 0.198432 0.008734 0.004990
0 0.527041 0.193679 0.008734 0.004990
0 0.542492 0.189163 0.008734 0.004990
0 0.569029 0.193679 0.008734 0.004990
0 0.595902 0.198432 0.008734 0.004990
0 0.622775 0.203184 0.008734 0.004990
0 0.700369 0.229087 0.008734 0.004990
0 0.780652 0.203184 0.008734 0.004990
0 0.794088 0.196055 0.008734 0.004990
0 0.807188 0.191302 0.008734 0.004990
0 0.822640 0.186787 0.008734 0.004990
0 0.847497 0.191302 0.008734 0.004990
0 0.872019 0.196055 0.008734 0.004990
0 0.896876 0.203184 0.008734 0.004990
0 0.127309 0.451283 0.008734 0.004990
0 0.207256 0.425380 0.008734 0.004990
0 0.220692 0.418251 0.008734 0.004990
0 0.234128 0.413498 0.008734 0.004990
0 0.249580 0.408745 0.008734 0.004990
0 0.274101 0.413498 0.008734 0.004990
0 0.298959 0.418251 0.008734 0.004990
0 0.323480 0.425380 0.008734 0.004990
0 0.403090 0.451283 0.008734 0.004990
0 0.489419 0.425380 0.008734 0.004990
0 0.503863 0.418251 0.008734 0.004990
0 0.518307 0.413498 0.008734 0.004990
0 0.533759 0.408745 0.008734 0.004990
0 0.560296 0.413498 0.008734 0.004990
0 0.587168 0.418251 0.008734 0.004990
0 0.613705 0.425380 0.008734 0.004990
0 0.693987 0.451283 0.008734 0.004990
0 0.776285 0.425380 0.008734 0.004990
0 0.790057 0.418251 0.008734 0.004990
0 0.803829 0.413498 0.008734 0.004990
0 0.819281 0.408745 0.008734 0.004990
0 0.844474 0.413498 0.008734 0.004990
0 0.870003 0.418251 0.008734 0.004990
0 0.895197 0.425380 0.008734 0.004990
0 0.134699 0.691540 0.008734 0.004990
0 0.226402 0.658745 0.008734 0.004990
0 0.244206 0.653992 0.008734 0.004990
0 0.259657 0.649240 0.008734 0.004990
0 0.275109 0.644487 0.008734 0.004990
0 0.303325 0.649240 0.008734 0.004990
0 0.331542 0.653992 0.008734 0.004990
0 0.359758 0.658745 0.008734 0.004990
0 0.441048 0.684648 0.008734 0.004990
0 0.515620 0.658745 0.008734 0.004990
0 0.528048 0.653992 0.008734 0.004990
0 0.541149 0.651616 0.008734 0.004990
0 0.562647 0.646863 0.008734 0.004990
0 0.585489 0.651616 0.008734 0.004990
0 0.608331 0.653992 0.008734 0.004990
0 0.631508 0.658745 0.008734 0.004990
0 0.697682 0.684648 0.008734 0.004990
0 0.776957 0.658745 0.008734 0.004990
0 0.790057 0.653992 0.008734 0.004990
0 0.803158 0.651616 0.008734 0.004990
0 0.824656 0.646863 0.008734 0.004990
0 0.848841 0.651616 0.008734 0.004990
0 0.873362 0.653992 0.008734 0.004990
0 0.897548 0.658745 0.008734 0.004990
0 0.127309 0.908745 0.008734 0.004990
0 0.210279 0.882842 0.008734 0.004990
0 0.224051 0.878089 0.008734 0.004990
0 0.237823 0.875713 0.008734 0.004990
0 0.258986 0.871198 0.008734 0.004990
0 0.284515 0.875713 0.008734 0.004990
0 0.310044 0.878089 0.008734 0.004990
0 0.335573 0.882842 0.008734 0.004990
0 0.408129 0.901854 0.008734 0.004990
0 0.511589 0.885219 0.008734 0.004990
0 0.525361 0.878089 0.008734 0.004990
0 0.538797 0.873574 0.008734 0.004990
0 0.554249 0.868821 0.008734 0.004990
0 0.579442 0.873574 0.008734 0.004990
0 0.604636 0.878089 0.008734 0.004990
0 0.629829 0.885219 0.008734 0.004990
0 0.704400 0.901854 0.008734 0.004990
0 0.783003 0.885219 0.008734 0.004990
0 0.796103 0.880466 0.008734 0.004990
0 0.809540 0.875713 0.008734 0.004990
0 0.824992 0.871198 0.008734 0.004990
0 0.849177 0.875713 0.008734 0.004990
0 0.873362 0.880466 0.008734 0.004990
0 0.897884 0.885219 0.008734 0.004990
0 0.127309 0.129278 0.008734 0.004990
0 0.240175 0.140922 0.008734 0.004990
0 0.269063 0.140922 0.008734 0.004990
0 0.269063 0.136169 0.008734 0.004990
0 0.341955 0.145675 0.008734 0.004990
0 0.341955 0.131416 0.008734 0.004990
0 0.512597 0.145675 0.008734 0.004990
0 0.542492 0.145675 0.008734 0.004990
0 0.542492 0.140922 0.008734 0.004990
0 0.622775 0.150428 0.008734 0.004990
0 0.622775 0.136169 0.008734 0.004990
0 0.794088 0.143298 0.008734 0.004990
0 0.822640 0.148051 0.008734 0.004990
0 0.822640 0.138546 0.008734 0.004990
0 0.896876 0.143298 0.008734 0.004990
0 0.896876 0.136169 0.008734 0.004990
0 0.220692 0.365494 0.008734 0.004990
0 0.249580 0.370010 0.008734 0.004990
0 0.249580 0.358365 0.008734 0.004990
0 0.323480 0.365494 0.008734 0.004990
0 0.323480 0.355989 0.008734 0.004990
0 0.503863 0.360741 0.008734 0.004990
0 0.533759 0.365494 0.008734 0.004990
0 0.533759 0.355989 0.008734 0.004990
0 0.613705 0.360741 0.008734 0.004990
0 0.613705 0.353612 0.008734 0.004990
0 0.790057 0.355989 0.008734 0.004990
0 0.819281 0.365494 0.008734 0.004990
0 0.819281 0.353612 0.008734 0.004990
0 0.895197 0.360741 0.008734 0.004990
0 0.895197 0.348859 0.008734 0.004990
0 0.244206 0.588878 0.008734 0.004990
0 0.244206 0.576996 0.008734 0.004990
0 0.275109 0.593631 0.008734 0.004990
0 0.275109 0.581749 0.008734 0.004990
0 0.359758 0.598384 0.008734 0.004990
0 0.359758 0.586502 0.008734 0.004990
0 0.528048 0.598384 0.008734 0.004990
0 0.562647 0.603137 0.008734 0.004990
0 0.562647 0.596008 0.008734 0.004990
0 0.631508 0.598384 0.008734 0.004990
0 0.631508 0.586502 0.008734 0.004990
0 0.790057 0.603137 0.008734 0.004990
0 0.824656 0.607652 0.008734 0.004990
0 0.824656 0.598384 0.008734 0.004990
0 0.897548 0.603137 0.008734 0.004990
0 0.897548 0.591255 0.008734 0.004990
0 0.224051 0.836027 0.008734 0.004990
0 0.258986 0.836027 0.008734 0.004990
0 0.258986 0.826521 0.008734 0.004990
0 0.335573 0.831274 0.008734 0.004990
0 0.335573 0.819629 0.008734 0.004990
0 0.525361 0.821768 0.008734 0.004990
0 0.554249 0.826521 0.008734 0.004990
0 0.554249 0.821768 0.008734 0.004990
0 0.554249 0.817253 0.008734 0.004990
0 0.629829 0.826521 0.008734 0.004990
0 0.629829 0.821768 0.008734 0.004990
0 0.629829 0.812500 0.008734 0.004990
0 0.796103 0.824144 0.008734 0.004990
0 0.824992 0.828897 0.008734 0.004990
0 0.824992 0.824144 0.008734 0.004990
0 0.824992 0.819629 0.008734 0.004990
0 0.897884 0.828897 0.008734 0.004990
0 0.897884 0.824144 0.008734 0.004990
0 0.897884 0.814876 0.008734 0.004990
0 0.127309 0.085314 0.008734 0.004990
0 0.185086 0.089829 0.008734 0.004990
0 0.213974 0.085314 0.008734 0.004990
0 0.269063 0.075808 0.008734 0.004990
0 0.341955 0.071055 0.008734 0.004990
0 0.411152 0.078184 0.008734 0.004990
0 0.451797 0.094582 0.008734 0.004990
0 0.483708 0.089829 0.008734 0.004990
0 0.542492 0.085314 0.008734 0.004990
0 0.622775 0.080561 0.008734 0.004990
0 0.700369 0.087452 0.013100 0.004990
0 0.164595 0.313213 0.008734 0.004990
0 0.194155 0.308460 0.008734 0.004990
0 0.249580 0.306084 0.008734 0.004990
0 0.323480 0.303707 0.008734 0.004990
0 0.403090 0.306084 0.008734 0.004990
0 0.443399 0.308460 0.008734 0.004990
0 0.474975 0.306084 0.008734 0.004990
0 0.533759 0.303707 0.008734 0.004990
0 0.613705 0.301331 0.008734 0.004990
0 0.693987 0.303707 0.008734 0.004990
0 0.732617 0.306084 0.008734 0.004990
0 0.762513 0.303707 0.008734 0.004990
0 0.819281 0.301331 0.008734 0.004990
0 0.895197 0.296816 0.008734 0.004990
0 0.134699 0.509268 0.008734 0.004990
0 0.177696 0.511644 0.008734 0.004990
0 0.211287 0.514021 0.008734 0.004990
0 0.275109 0.525903 0.008734 0.004990
0 0.359758 0.528279 0.008734 0.004990
0 0.441048 0.535409 0.013100 0.004990
0 0.697682 0.537548 0.008734 0.004990
0 0.763520 0.537548 0.008734 0.004990
0 0.824656 0.535409 0.008734 0.004990
0 0.897548 0.533032 0.008734 0.004990
0 0.926772 0.528279 0.008734 0.004990
0 0.127309 0.754515 0.008734 0.004990
0 0.196171 0.756892 0.008734 0.004990
0 0.258986 0.759268 0.008734 0.004990
0 0.335573 0.770913 0.008734 0.004990
0 0.366140 0.770913 0.008734 0.004990
0 0.408129 0.773289 0.008734 0.004990
0 0.438025 0.773289 0.008734 0.004990
0 0.467921 0.775665 0.008734 0.004990
0 0.498153 0.770913 0.008734 0.004990
0 0.554249 0.766397 0.008734 0.004990
0 0.629829 0.761644 0.008734 0.004990
0 0.704400 0.764021 0.008734 0.004990
0 0.741014 0.778042 0.008734 0.004990
0 0.769903 0.773289 0.008734 0.004990
0 0.824992 0.768536 0.008734 0.004990
0 0.897884 0.764021 0.008734 0.004990
