0 0.868996 0.464116 0.008734 0.004990
0 0.868996 0.447481 0.008734 0.004990
0 0.133356 0.188213 0.008734 0.004990
0 0.116896 0.209363 0.006046 0.003565
0 0.123950 0.199857 0.006046 0.003565
0 0.209943 0.192728 0.008734 0.004990
0 0.248236 0.183460 0.008734 0.004990
0 0.322808 0.188213 0.008734 0.004990
0 0.399731 0.192728 0.008734 0.004990
0 0.438025 0.183460 0.008734 0.004990
0 0.525697 0.176331 0.008734 0.004990
0 0.583473 0.183460 0.008734 0.004990
0 0.625798 0.188213 0.008734 0.004990
0 0.667786 0.192728 0.008734 0.004990
0 0.709775 0.188213 0.008734 0.004990
0 0.751764 0.183460 0.008734 0.004990
0 0.818945 0.183460 0.008734 0.004990
0 0.120591 0.440589 0.008734 0.004990
0 0.120591 0.423954 0.008734 0.004990
0 0.226738 0.445342 0.008734 0.004990
0 0.226738 0.428707 0.008734 0.004990
0 0.348001 0.447481 0.008734 0.004990
0 0.348001 0.431084 0.008734 0.004990
0 0.454148 0.452234 0.008734 0.004990
0 0.454148 0.435837 0.008734 0.004990
0 0.588176 0.449857 0.008734 0.004990
0 0.588176 0.433460 0.008734 0.004990
0 0.684918 0.445342 0.008734 0.004990
0 0.684918 0.428707 0.008734 0.004990
0 0.781659 0.447481 0.008734 0.004990
0 0.781659 0.431084 0.008734 0.004990
0 0.858918 0.447481 0.008734 0.004990
0 0.858918 0.431084 0.008734 0.004990
0 0.133356 0.654705 0.008734 0.004990
0 0.116896 0.676093 0.006046 0.003565
0 0.123950 0.666587 0.006046 0.003565
0 0.209607 0.659458 0.008734 0.004990
0 0.247901 0.649952 0.008734 0.004990
0 0.322472 0.654705 0.008734 0.004990
0 0.399059 0.659458 0.008734 0.004990
0 0.437353 0.649952 0.008734 0.004990
0 0.543836 0.642823 0.008734 0.004990
0 0.619751 0.649952 0.008734 0.004990
0 0.657709 0.654705 0.008734 0.004990
0 0.695667 0.659458 0.008734 0.004990
0 0.733624 0.654705 0.008734 0.004990
0 0.771582 0.649952 0.008734 0.004990
0 0.832046 0.649952 0.008734 0.004990
0 0.120591 0.901854 0.008734 0.004990
0 0.120591 0.885219 0.008734 0.004990
0 0.228418 0.906369 0.008734 0.004990
0 0.228418 0.889971 0.008734 0.004990
0 0.352032 0.908745 0.008734 0.004990
0 0.352032 0.892348 0.008734 0.004990
0 0.475311 0.913498 0.008734 0.004990
0 0.475311 0.897101 0.008734 0.004990
0 0.616728 0.911122 0.008734 0.004990
0 0.616728 0.894724 0.008734 0.004990
0 0.695667 0.908745 0.008734 0.004990
0 0.695667 0.892348 0.008734 0.004990
0 0.774605 0.918251 0.008734 0.004990
0 0.774605 0.901854 0.008734 0.004990
0 0.853880 0.918251 0.008734 0.004990
0 0.853880 0.901854 0.008734 0.004990
0 0.133356 0.147338 0.008734 0.004990
0 0.209943 0.152091 0.008734 0.004990
0 0.248236 0.142823 0.008734 0.004990
0 0.322808 0.147338 0.008734 0.004990
0 0.399731 0.152091 0.008734 0.004990
0 0.438025 0.142823 0.008734 0.004990
0 0.525697 0.135694 0.008734 0.004990
0 0.583473 0.142823 0.008734 0.004990
0 0.625798 0.147338 0.008734 0.004990
0 0.667786 0.152091 0.008734 0.004990
0 0.709775 0.147338 0.008734 0.004990
0 0.751764 0.142823 0.008734 0.004990
0 0.818945 0.142823 0.008734 0.004990
0 0.120591 0.390447 0.008734 0.004990
0 0.120591 0.385694 0.008734 0.004990
0 0.120591 0.378565 0.008734 0.004990
0 0.226738 0.390447 0.008734 0.004990
0 0.226738 0.383317 0.008734 0.004990
0 0.226738 0.378565 0.008734 0.004990
0 0.226738 0.373812 0.008734 0.004990
0 0.348001 0.385694 0.008734 0.004990
0 0.348001 0.380941 0.008734 0.004990
0 0.348001 0.369059 0.008734 0.004990
0 0.454148 0.378565 0.008734 0.004990
0 0.454148 0.369059 0.008734 0.004990
0 0.454148 0.361930 0.008734 0.004990
0 0.588176 0.378565 0.008734 0.004990
0 0.595902 0.376188 0.008734 0.004990
0 0.588176 0.366683 0.008734 0.004990
0 0.684918 0.388070 0.008734 0.004990
0 0.684918 0.378565 0.008734 0.004990
0 0.692644 0.376188 0.008734 0.004990
0 0.781659 0.385694 0.008734 0.004990
0 0.781659 0.380941 0.008734 0.004990
0 0.781659 0.369059 0.008734 0.004990
0 0.858918 0.385694 0.008734 0.004990
0 0.858918 0.380941 0.008734 0.004990
0 0.858918 0.369059 0.008734 0.004990
0 0.133356 0.611454 0.008734 0.004990
0 0.133356 0.604325 0.008734 0.004990
0 0.133356 0.599810 0.008734 0.004990
0 0.209607 0.604325 0.008734 0.004990
0 0.247901 0.595057 0.008734 0.004990
0 0.322472 0.599810 0.008734 0.004990
0 0.399059 0.604325 0.008734 0.004990
0 0.437353 0.595057 0.008734 0.004990
0 0.543836 0.587928 0.008734 0.004990
0 0.619751 0.595057 0.008734 0.004990
0 0.657709 0.599810 0.008734 0.004990
0 0.695667 0.604325 0.008734 0.004990
0 0.733624 0.599810 0.008734 0.004990
0 0.771582 0.595057 0.008734 0.004990
0 0.832046 0.595057 0.008734 0.004990
0 0.120591 0.854087 0.008734 0.004990
0 0.120591 0.849335 0.008734 0.004990
0 0.120591 0.842205 0.008734 0.004990
0 0.228418 0.854087 0.008734 0.004990
0 0.228418 0.842205 0.008734 0.004990
0 0.228418 0.837690 0.008734 0.004990
0 0.352032 0.849335 0.008734 0.004990
0 0.352032 0.842205 0.008734 0.004990
0 0.352032 0.837690 0.008734 0.004990
0 0.352032 0.832937 0.008734 0.004990
0 0.475311 0.842205 0.008734 0.004990
0 0.475311 0.832937 0.008734 0.004990
0 0.475311 0.825808 0.008734 0.004990
0 0.616728 0.842205 0.008734 0.004990
0 0.624454 0.840067 0.008734 0.004990
0 0.616728 0.830561 0.008734 0.004990
0 0.695667 0.844582 0.008734 0.004990
0 0.695667 0.835314 0.008734 0.004990
0 0.703729 0.832937 0.008734 0.004990
0 0.774605 0.842205 0.008734 0.004990
0 0.774605 0.837690 0.008734 0.004990
0 0.774605 0.825808 0.008734 0.004990
0 0.853880 0.842205 0.008734 0.004990
0 0.853880 0.837690 0.008734 0.004990
0 0.853880 0.825808 0.008734 0.004990
0 0.133356 0.078184 0.008734 0.004990
0 0.209943 0.082937 0.008734 0.004990
0 0.248236 0.073432 0.008734 0.004990
0 0.322808 0.078184 0.008734 0.004990
0 0.399731 0.082937 0.008734 0.004990
0 0.438025 0.073432 0.008734 0.004990
0 0.525697 0.066302 0.008734 0.004990
0 0.583473 0.073432 0.008734 0.004990
0 0.625798 0.078184 0.008734 0.004990
0 0.667786 0.082937 0.008734 0.004990
0 0.709775 0.078184 0.008734 0.004990
0 0.751764 0.073432 0.008734 0.004990
0 0.818945 0.073432 0.008734 0.004990
0 0.913671 0.089829 0.008734 0.004990
0 0.120591 0.310837 0.008734 0.004990
0 0.189452 0.310837 0.008734 0.004990
0 0.226738 0.306084 0.008734 0.004990
0 0.264024 0.310837 0.008734 0.004990
0 0.310715 0.306084 0.008734 0.004990
0 0.348001 0.301568 0.008734 0.004990
0 0.416527 0.301568 0.008734 0.004990
0 0.454148 0.294439 0.008734 0.004990
0 0.491434 0.301568 0.008734 0.004990
0 0.537790 0.306084 0.008734 0.004990
0 0.588176 0.299192 0.008734 0.004990
0 0.684918 0.308460 0.008734 0.004990
0 0.781323 0.301568 0.009070 0.004990
0 0.133356 0.537310 0.008734 0.004990
0 0.209607 0.542063 0.008734 0.004990
0 0.247901 0.532795 0.008734 0.004990
0 0.322472 0.537310 0.008734 0.004990
0 0.399059 0.542063 0.008734 0.004990
0 0.437353 0.532795 0.008734 0.004990
0 0.543836 0.525665 0.008734 0.004990
0 0.619751 0.532795 0.008734 0.004990
0 0.657709 0.537310 0.008734 0.004990
0 0.695667 0.542063 0.008734 0.004990
0 0.733624 0.537310 0.008734 0.004990
0 0.771582 0.532795 0.008734 0.004990
0 0.832046 0.532795 0.008734 0.004990
0 0.917702 0.549192 0.008734 0.004990
0 0.120591 0.777567 0.008734 0.004990
0 0.190460 0.777567 0.008734 0.004990
0 0.228418 0.772814 0.008734 0.004990
0 0.266376 0.777567 0.008734 0.004990
0 0.314075 0.772814 0.008734 0.004990
0 0.352032 0.768061 0.008734 0.004990
0 0.389990 0.772814 0.008734 0.004990
0 0.437353 0.768061 0.008734 0.004990
0 0.475311 0.760932 0.008734 0.004990
0 0.513268 0.768061 0.008734 0.004990
0 0.560632 0.772814 0.008734 0.004990
0 0.616728 0.765684 0.008734 0.004990
0 0.695667 0.768061 0.008734 0.004990
0 0.774605 0.760932 0.009070 0.004990
