0 0.156209 0.214394 0.008824 0.005808
0 0.197712 0.208838 0.008824 0.005808
0 0.239216 0.203535 0.008824 0.005808
0 0.300654 0.206313 0.008824 0.005808
0 0.339542 0.200758 0.008824 0.005808
0 0.378431 0.195455 0.008824 0.005808
0 0.433007 0.206313 0.008824 0.005808
0 0.474837 0.200758 0.008824 0.005808
0 0.516340 0.195455 0.008824 0.005808
0 0.571242 0.216919 0.008824 0.005808
0 0.716013 0.214394 0.008824 0.005808
0 0.857190 0.211616 0.008824 0.005808
0 0.191176 0.439646 0.008824 0.005808
0 0.285621 0.436869 0.008824 0.005808
0 0.464706 0.434343 0.008824 0.005808
0 0.570261 0.453030 0.008824 0.005808
0 0.644444 0.426263 0.008824 0.005808
0 0.707843 0.434343 0.008824 0.005808
0 0.740523 0.439646 0.008824 0.005808
0 0.804902 0.444949 0.008824 0.005808
0 0.156209 0.155303 0.008824 0.005808
0 0.156209 0.149747 0.008824 0.005808
0 0.139216 0.155303 0.006209 0.004040
0 0.146732 0.152778 0.006209 0.004040
0 0.239216 0.157828 0.008824 0.005808
0 0.239216 0.152525 0.008824 0.005808
0 0.265033 0.160606 0.008824 0.005808
0 0.265033 0.155303 0.008824 0.005808
0 0.300654 0.160606 0.008824 0.005808
0 0.300654 0.155303 0.008824 0.005808
0 0.378431 0.163384 0.008824 0.005808
0 0.378431 0.157828 0.008824 0.005808
0 0.433007 0.163384 0.008824 0.005808
0 0.433007 0.157828 0.008824 0.005808
0 0.516340 0.157828 0.008824 0.005808
0 0.516340 0.152525 0.008824 0.005808
0 0.571242 0.157828 0.008824 0.005808
0 0.571242 0.152525 0.008824 0.005808
0 0.611111 0.155303 0.008824 0.005808
0 0.611111 0.149747 0.008824 0.005808
0 0.650980 0.157828 0.008824 0.005808
0 0.650980 0.152525 0.008824 0.005808
0 0.716013 0.160606 0.008824 0.005808
0 0.716013 0.155303 0.008824 0.005808
0 0.757516 0.163384 0.008824 0.005808
0 0.757516 0.157828 0.008824 0.005808
0 0.798693 0.165909 0.008824 0.005808
0 0.798693 0.160606 0.008824 0.005808
0 0.857190 0.163384 0.008824 0.005808
0 0.140523 0.383333 0.008824 0.005808
0 0.140523 0.364394 0.008824 0.005808
0 0.285621 0.375253 0.008824 0.005808
0 0.285621 0.369949 0.008824 0.005808
0 0.333007 0.380556 0.008824 0.005808
0 0.333007 0.375253 0.008824 0.005808
0 0.380392 0.375253 0.008824 0.005808
0 0.380392 0.369949 0.008824 0.005808
0 0.410131 0.380556 0.008824 0.005808
0 0.410131 0.375253 0.008824 0.005808
0 0.464706 0.383333 0.008824 0.005808
0 0.464706 0.378030 0.008824 0.005808
0 0.534314 0.380556 0.008824 0.005808
0 0.534314 0.375253 0.008824 0.005808
0 0.570261 0.386111 0.008824 0.005808
0 0.570261 0.380556 0.008824 0.005808
0 0.644444 0.396717 0.008824 0.005808
0 0.644444 0.391414 0.008824 0.005808
0 0.644444 0.383333 0.008824 0.005808
0 0.804902 0.396717 0.008824 0.005808
0 0.804902 0.391414 0.008824 0.005808
0 0.804902 0.383333 0.008824 0.005808
0 0.156209 0.078535 0.008824 0.005808
0 0.239216 0.081061 0.008824 0.005808
0 0.265033 0.083838 0.008824 0.005808
0 0.300654 0.083838 0.008824 0.005808
0 0.378431 0.086364 0.008824 0.005808
0 0.433007 0.086364 0.008824 0.005808
0 0.516340 0.081061 0.008824 0.005808
0 0.571242 0.081061 0.008824 0.005808
0 0.611111 0.078535 0.008824 0.005808
0 0.650980 0.081061 0.008824 0.005808
0 0.716013 0.083838 0.008824 0.005808
0 0.757516 0.086364 0.008824 0.005808
0 0.798693 0.089141 0.008824 0.005808
0 0.857190 0.091919 0.008824 0.005808
0 0.140523 0.302778 0.008824 0.005808
0 0.285621 0.308333 0.008824 0.005808
0 0.333007 0.313636 0.008824 0.005808
0 0.380392 0.308333 0.008824 0.005808
0 0.410131 0.313636 0.008824 0.005808
0 0.464706 0.316414 0.008824 0.005808
0 0.534314 0.313636 0.008824 0.005808
0 0.570261 0.318939 0.008824 0.005808
0 0.644444 0.321717 0.008824 0.005808
