0 0.120588 0.230303 0.009150 0.005556
0 0.198366 0.230303 0.009150 0.005556
0 0.284967 0.238131 0.009150 0.005556
0 0.372876 0.238131 0.009150 0.005556
0 0.486601 0.230303 0.009150 0.005556
0 0.568627 0.240657 0.009150 0.005556
0 0.663399 0.238131 0.009150 0.005556
0 0.726471 0.238131 0.009150 0.005556
0 0.803268 0.230303 0.009150 0.005556
0 0.876144 0.238131 0.009150 0.005556
0 0.118301 0.512121 0.009150 0.005556
0 0.192157 0.517424 0.009150 0.005556
0 0.301961 0.514899 0.009150 0.005556
0 0.377451 0.532828 0.009150 0.005556
0 0.477778 0.525253 0.008824 0.005556
0 0.495425 0.507071 0.008824 0.005556
0 0.512745 0.525253 0.008824 0.005556
0 0.530392 0.507071 0.008824 0.005556
0 0.548039 0.525253 0.008824 0.005556
0 0.565359 0.507071 0.008824 0.005556
0 0.583007 0.525253 0.008824 0.005556
0 0.600327 0.507071 0.008824 0.005556
0 0.629739 0.525253 0.008824 0.005556
0 0.648366 0.507071 0.008824 0.005556
0 0.667320 0.525253 0.008824 0.005556
0 0.685948 0.507071 0.008824 0.005556
0 0.704902 0.525253 0.008824 0.005556
0 0.723529 0.507071 0.008824 0.005556
0 0.742484 0.525253 0.008824 0.005556
0 0.761111 0.507071 0.008824 0.005556
0 0.791830 0.525253 0.008824 0.005556
0 0.812418 0.507071 0.008824 0.005556
0 0.833007 0.525253 0.008824 0.005556
0 0.853595 0.507071 0.008824 0.005556
0 0.867320 0.525253 0.008824 0.005556
0 0.884641 0.507071 0.008824 0.005556
0 0.915359 0.517424 0.008824 0.005556
0 0.118301 0.774242 0.009150 0.005556
0 0.249346 0.774242 0.009150 0.005556
0 0.399020 0.784596 0.009150 0.005556
0 0.399020 0.779545 0.009150 0.005556
0 0.120588 0.201768 0.008824 0.005556
0 0.120588 0.188889 0.008824 0.005556
0 0.139216 0.196717 0.008824 0.005556
0 0.157843 0.201768 0.008824 0.005556
0 0.157843 0.188889 0.008824 0.005556
0 0.176797 0.196717 0.008824 0.005556
0 0.198366 0.201768 0.008824 0.005556
0 0.198366 0.188889 0.008824 0.005556
0 0.216993 0.196717 0.008824 0.005556
0 0.235948 0.201768 0.008824 0.005556
0 0.235948 0.188889 0.008824 0.005556
0 0.254575 0.196717 0.008824 0.005556
0 0.284967 0.199242 0.008824 0.005556
0 0.284967 0.191414 0.008824 0.005556
0 0.306863 0.204545 0.008824 0.005556
0 0.328758 0.199242 0.008824 0.005556
0 0.328758 0.191414 0.008824 0.005556
0 0.350654 0.204545 0.008824 0.005556
0 0.372876 0.199242 0.008824 0.005556
0 0.372876 0.191414 0.008824 0.005556
0 0.394771 0.204545 0.008824 0.005556
0 0.416667 0.199242 0.008824 0.005556
0 0.416667 0.191414 0.008824 0.005556
0 0.438562 0.204545 0.008824 0.005556
0 0.486275 0.201768 0.008824 0.005556
0 0.486275 0.188889 0.008824 0.005556
0 0.504248 0.196717 0.008824 0.005556
0 0.522222 0.201768 0.008824 0.005556
0 0.522222 0.188889 0.008824 0.005556
0 0.540196 0.196717 0.008824 0.005556
0 0.568301 0.194192 0.008824 0.005556
0 0.568301 0.186364 0.008824 0.005556
0 0.568301 0.181061 0.008824 0.005556
0 0.586275 0.194192 0.008824 0.005556
0 0.604248 0.194192 0.008824 0.005556
0 0.604248 0.186364 0.008824 0.005556
0 0.604248 0.181061 0.008824 0.005556
0 0.622222 0.194192 0.008824 0.005556
0 0.663072 0.188889 0.008824 0.005556
0 0.663072 0.183586 0.008824 0.005556
0 0.679085 0.196717 0.008824 0.005556
0 0.694771 0.188889 0.008824 0.005556
0 0.694771 0.183586 0.008824 0.005556
0 0.710458 0.196717 0.008824 0.005556
0 0.726471 0.191414 0.008824 0.005556
0 0.726471 0.186364 0.008824 0.005556
0 0.742157 0.196717 0.008824 0.005556
0 0.757843 0.191414 0.008824 0.005556
0 0.757843 0.186364 0.008824 0.005556
0 0.773529 0.196717 0.008824 0.005556
0 0.803268 0.183586 0.008824 0.005556
0 0.803268 0.178535 0.008824 0.005556
0 0.821569 0.196717 0.008824 0.005556
0 0.839869 0.183586 0.008824 0.005556
0 0.839869 0.178535 0.008824 0.005556
0 0.857843 0.196717 0.008824 0.005556
0 0.876144 0.186364 0.008824 0.005556
0 0.876144 0.181061 0.008824 0.005556
0 0.894444 0.196717 0.008824 0.005556
0 0.912745 0.186364 0.008824 0.005556
0 0.912745 0.181061 0.008824 0.005556
0 0.930719 0.196717 0.008824 0.005556
0 0.118301 0.462879 0.008824 0.005556
0 0.118301 0.457828 0.008824 0.005556
0 0.134641 0.470707 0.008824 0.005556
0 0.151307 0.465404 0.008824 0.005556
0 0.151307 0.460354 0.008824 0.005556
0 0.167974 0.470707 0.008824 0.005556
0 0.191830 0.462879 0.008824 0.005556
0 0.191830 0.457828 0.008824 0.005556
0 0.208497 0.470707 0.008824 0.005556
0 0.225163 0.462879 0.008824 0.005556
0 0.225163 0.457828 0.008824 0.005556
0 0.241503 0.470707 0.008824 0.005556
0 0.301634 0.465404 0.008824 0.005556
0 0.301634 0.460354 0.008824 0.005556
0 0.320588 0.473232 0.008824 0.005556
0 0.339542 0.465404 0.008824 0.005556
0 0.339542 0.460354 0.008824 0.005556
0 0.358497 0.473232 0.008824 0.005556
0 0.377451 0.465404 0.008824 0.005556
0 0.377451 0.460354 0.008824 0.005556
0 0.396405 0.473232 0.008824 0.005556
0 0.415033 0.468182 0.008824 0.005556
0 0.415033 0.462879 0.008824 0.005556
0 0.433987 0.475758 0.008824 0.005556
0 0.477778 0.465404 0.009150 0.005556
0 0.565359 0.478535 0.008824 0.005556
0 0.565359 0.473232 0.008824 0.005556
0 0.583007 0.478535 0.008824 0.005556
0 0.583007 0.473232 0.008824 0.005556
0 0.600327 0.478535 0.008824 0.005556
0 0.600327 0.473232 0.008824 0.005556
0 0.629739 0.478535 0.008824 0.005556
0 0.629739 0.473232 0.008824 0.005556
0 0.648366 0.475758 0.008824 0.005556
0 0.648366 0.470707 0.008824 0.005556
0 0.667320 0.475758 0.008824 0.005556
0 0.667320 0.470707 0.008824 0.005556
0 0.723529 0.475758 0.008824 0.005556
0 0.723529 0.468182 0.008824 0.005556
0 0.742484 0.475758 0.008824 0.005556
0 0.742484 0.468182 0.008824 0.005556
0 0.761111 0.475758 0.008824 0.005556
0 0.761111 0.468182 0.008824 0.005556
0 0.791830 0.475758 0.008824 0.005556
0 0.791830 0.468182 0.008824 0.005556
0 0.812418 0.478535 0.008824 0.005556
0 0.812418 0.465404 0.008824 0.005556
0 0.833007 0.478535 0.008824 0.005556
0 0.833007 0.465404 0.008824 0.005556
0 0.894771 0.504293 0.008824 0.005556
0 0.894771 0.499242 0.008824 0.005556
0 0.915359 0.504293 0.008824 0.005556
0 0.915359 0.499242 0.008824 0.005556
0 0.935948 0.504293 0.008824 0.005556
0 0.935948 0.499242 0.008824 0.005556
0 0.118301 0.763889 0.008824 0.005556
0 0.118301 0.758586 0.008824 0.005556
0 0.150980 0.766414 0.008824 0.005556
0 0.150980 0.761364 0.008824 0.005556
0 0.183660 0.766414 0.008824 0.005556
0 0.183660 0.761364 0.008824 0.005556
0 0.216340 0.766414 0.008824 0.005556
0 0.216340 0.761364 0.008824 0.005556
0 0.249346 0.766414 0.008824 0.005556
0 0.249346 0.761364 0.008824 0.005556
0 0.282026 0.769192 0.008824 0.005556
0 0.282026 0.763889 0.008824 0.005556
0 0.314706 0.769192 0.008824 0.005556
0 0.314706 0.763889 0.008824 0.005556
0 0.347712 0.769192 0.008824 0.005556
0 0.347712 0.763889 0.008824 0.005556
0 0.399020 0.774242 0.009150 0.005556
0 0.399020 0.766414 0.009150 0.005556
0 0.389216 0.768939 0.005882 0.003788
0 0.389216 0.763636 0.005882 0.003788
0 0.120588 0.113384 0.008824 0.005556
0 0.176797 0.113384 0.008824 0.005556
0 0.198366 0.110859 0.008824 0.005556
0 0.216993 0.113384 0.008824 0.005556
0 0.235948 0.115909 0.008824 0.005556
0 0.254575 0.113384 0.008824 0.005556
0 0.284967 0.115909 0.008824 0.005556
0 0.306863 0.113384 0.008824 0.005556
0 0.328758 0.110859 0.008824 0.005556
0 0.350654 0.108333 0.008824 0.005556
0 0.372876 0.105556 0.008824 0.005556
0 0.438562 0.110859 0.008824 0.005556
0 0.486275 0.108333 0.008824 0.005556
0 0.540196 0.113384 0.008824 0.005556
0 0.568301 0.118687 0.008824 0.005556
0 0.622222 0.110859 0.008824 0.005556
0 0.663399 0.115909 0.009150 0.005556
0 0.653922 0.113384 0.005882 0.003788
0 0.757843 0.121212 0.008824 0.005556
0 0.803268 0.103030 0.008824 0.005556
0 0.857843 0.103030 0.008824 0.005556
0 0.876144 0.105556 0.008824 0.005556
0 0.930719 0.105556 0.008824 0.005556
0 0.118301 0.386111 0.008824 0.005556
0 0.151307 0.388636 0.008824 0.005556
0 0.179739 0.388636 0.008824 0.005556
0 0.191830 0.383586 0.008824 0.005556
0 0.208497 0.386111 0.008824 0.005556
0 0.225163 0.388636 0.008824 0.005556
0 0.253595 0.386111 0.008824 0.005556
0 0.264052 0.391162 0.008824 0.005556
0 0.301634 0.393939 0.008824 0.005556
0 0.358497 0.393939 0.008824 0.005556
0 0.377451 0.388636 0.008824 0.005556
0 0.433987 0.391162 0.008824 0.005556
0 0.477778 0.393939 0.009150 0.005556
