0 0.552570 0.247386 0.009741 0.005466
0 0.552570 0.237405 0.009741 0.005466
0 0.853208 0.247386 0.009070 0.005466
0 0.853208 0.237405 0.009070 0.005466
0 0.143433 0.516635 0.009070 0.005466
0 0.236144 0.514021 0.009070 0.005466
0 0.294256 0.521625 0.009070 0.005466
0 0.369835 0.519249 0.009070 0.005466
0 0.407457 0.524240 0.009070 0.005466
0 0.473631 0.516635 0.009741 0.005466
0 0.623446 0.524240 0.009741 0.005466
0 0.906953 0.717681 0.009070 0.005466
0 0.637555 0.894724 0.009070 0.005466
0 0.637555 0.884743 0.009070 0.005466
0 0.689620 0.894724 0.009070 0.005466
0 0.689620 0.884743 0.009070 0.005466
0 0.750756 0.892348 0.009741 0.005466
0 0.828015 0.884743 0.009070 0.005466
0 0.866644 0.902329 0.009070 0.005466
0 0.152167 0.247386 0.009741 0.005466
0 0.152167 0.242395 0.009741 0.005466
0 0.161236 0.239781 0.009741 0.005466
0 0.152167 0.234791 0.009741 0.005466
0 0.344642 0.250000 0.009070 0.005466
0 0.344642 0.244772 0.009070 0.005466
0 0.344642 0.239781 0.009070 0.005466
0 0.344642 0.234791 0.009070 0.005466
0 0.440712 0.250000 0.009070 0.005466
0 0.440712 0.244772 0.009070 0.005466
0 0.440712 0.239781 0.009070 0.005466
0 0.440712 0.234791 0.009070 0.005466
0 0.650655 0.214829 0.009070 0.005466
0 0.748740 0.217205 0.009070 0.005466
0 0.853208 0.214829 0.009070 0.005466
0 0.902251 0.219819 0.009070 0.005466
0 0.143433 0.511644 0.009070 0.005466
0 0.143433 0.506654 0.009070 0.005466
0 0.218677 0.514021 0.009741 0.005466
0 0.218677 0.509030 0.009741 0.005466
0 0.459523 0.516635 0.013772 0.005466
0 0.459523 0.511644 0.013772 0.005466
0 0.765536 0.521625 0.009070 0.005466
0 0.765536 0.516635 0.009070 0.005466
0 0.808532 0.524240 0.009070 0.005466
0 0.808532 0.519249 0.009070 0.005466
0 0.851864 0.516635 0.009070 0.005466
0 0.894861 0.516635 0.009070 0.005466
0 0.153510 0.710076 0.009070 0.005466
0 0.153510 0.700095 0.009070 0.005466
0 0.153510 0.692490 0.009070 0.005466
0 0.191132 0.687500 0.009070 0.005466
0 0.244877 0.690114 0.009070 0.005466
0 0.223715 0.717918 0.006382 0.003802
0 0.233121 0.700333 0.006382 0.003802
0 0.275109 0.685124 0.009070 0.005466
0 0.356735 0.687500 0.009070 0.005466
0 0.331542 0.710314 0.006382 0.003802
0 0.339268 0.700333 0.006382 0.003802
0 0.346994 0.692728 0.006382 0.003802
0 0.381928 0.690114 0.009070 0.005466
0 0.407457 0.687500 0.009070 0.005466
0 0.432986 0.682510 0.009070 0.005466
0 0.458515 0.685124 0.009070 0.005466
0 0.444071 0.700333 0.006382 0.003802
0 0.499160 0.680133 0.009070 0.005466
0 0.575747 0.682510 0.009070 0.005466
0 0.558280 0.705323 0.006382 0.003802
0 0.566006 0.692728 0.006382 0.003802
0 0.618408 0.675143 0.009070 0.005466
0 0.661404 0.680133 0.009070 0.005466
0 0.643937 0.702709 0.006382 0.003802
0 0.651663 0.692728 0.006382 0.003802
0 0.704400 0.682510 0.009070 0.005466
0 0.730937 0.685124 0.009070 0.005466
0 0.780316 0.687500 0.009070 0.005466
0 0.765872 0.700333 0.006382 0.003802
0 0.819281 0.690114 0.009070 0.005466
0 0.843802 0.692490 0.009070 0.005466
0 0.867988 0.690114 0.009070 0.005466
0 0.906953 0.690114 0.009070 0.005466
0 0.153510 0.902329 0.009070 0.005466
0 0.153510 0.892348 0.009070 0.005466
0 0.153510 0.884743 0.009070 0.005466
0 0.189452 0.879753 0.009070 0.005466
0 0.241182 0.882367 0.009070 0.005466
0 0.220356 0.909933 0.006382 0.003802
0 0.229426 0.892348 0.006382 0.003802
0 0.270071 0.877376 0.009070 0.005466
0 0.344642 0.879753 0.009070 0.005466
0 0.319449 0.902567 0.006382 0.003802
0 0.327175 0.892348 0.006382 0.003802
0 0.334901 0.884981 0.006382 0.003802
0 0.368828 0.882367 0.009070 0.005466
0 0.393349 0.879753 0.009070 0.005466
0 0.417534 0.874762 0.009070 0.005466
0 0.446087 0.877376 0.009070 0.005466
0 0.428619 0.894962 0.006382 0.003802
0 0.436345 0.884981 0.006382 0.003802
0 0.485052 0.872148 0.009070 0.005466
0 0.554249 0.874762 0.009070 0.005466
0 0.536782 0.897576 0.006382 0.003802
0 0.544844 0.884981 0.006382 0.003802
0 0.595902 0.867158 0.009070 0.005466
0 0.637555 0.867158 0.009070 0.005466
0 0.663755 0.872148 0.009070 0.005466
0 0.689620 0.874762 0.009070 0.005466
0 0.715821 0.877376 0.009070 0.005466
0 0.750420 0.879753 0.009070 0.005466
0 0.789385 0.882367 0.009070 0.005466
0 0.828015 0.884743 0.009070 0.005466
0 0.866644 0.884743 0.009070 0.005466
0 0.650655 0.174192 0.009741 0.005466
0 0.650655 0.169202 0.009741 0.005466
0 0.842795 0.176568 0.009070 0.005466
0 0.842795 0.169202 0.009070 0.005466
0 0.552570 0.161597 0.009070 0.005466
0 0.660732 0.164211 0.009070 0.005466
0 0.748740 0.166587 0.009070 0.005466
0 0.853208 0.164211 0.009070 0.005466
0 0.143433 0.438926 0.009070 0.005466
0 0.218677 0.436312 0.009070 0.005466
0 0.294256 0.443916 0.009070 0.005466
0 0.369835 0.441302 0.009070 0.005466
0 0.152167 0.161597 0.009070 0.005466
0 0.176016 0.159221 0.009070 0.005466
0 0.200202 0.153992 0.009070 0.005466
0 0.224387 0.149002 0.009070 0.005466
0 0.248236 0.161597 0.009070 0.005466
0 0.272422 0.159221 0.009070 0.005466
0 0.296271 0.153992 0.009070 0.005466
0 0.320457 0.149002 0.009070 0.005466
0 0.344642 0.164211 0.009070 0.005466
0 0.368492 0.159221 0.009070 0.005466
0 0.392677 0.153992 0.009070 0.005466
0 0.416527 0.151616 0.009070 0.005466
0 0.440712 0.164211 0.009070 0.005466
0 0.464898 0.159221 0.009070 0.005466
0 0.488747 0.153992 0.009070 0.005466
0 0.512932 0.151616 0.009070 0.005466
0 0.552570 0.161597 0.009070 0.005466
0 0.577091 0.156606 0.009070 0.005466
0 0.601612 0.151616 0.009070 0.005466
0 0.626134 0.144011 0.009070 0.005466
0 0.661068 0.164211 0.009070 0.005466
0 0.682230 0.156606 0.009070 0.005466
0 0.703057 0.151616 0.009070 0.005466
0 0.724219 0.146625 0.009070 0.005466
0 0.748740 0.166587 0.009070 0.005466
0 0.773262 0.161597 0.009070 0.005466
0 0.797783 0.156606 0.009070 0.005466
0 0.822304 0.149002 0.009070 0.005466
0 0.853208 0.164211 0.009070 0.005466
0 0.877729 0.159221 0.009070 0.005466
0 0.902251 0.153992 0.009070 0.005466
0 0.926772 0.151616 0.009070 0.005466
0 0.143433 0.438926 0.009070 0.005466
0 0.162244 0.433935 0.009070 0.005466
0 0.181055 0.428707 0.009070 0.005466
0 0.199866 0.421340 0.009070 0.005466
0 0.218677 0.436312 0.009070 0.005466
0 0.237487 0.431321 0.009070 0.005466
0 0.256634 0.426331 0.009070 0.005466
0 0.275445 0.418726 0.009070 0.005466
0 0.294256 0.443916 0.009070 0.005466
0 0.313067 0.436312 0.009070 0.005466
0 0.331878 0.431321 0.009070 0.005466
0 0.351025 0.426331 0.009070 0.005466
0 0.369835 0.441302 0.009070 0.005466
0 0.388646 0.436312 0.009070 0.005466
0 0.407457 0.431321 0.009070 0.005466
0 0.426268 0.428707 0.009070 0.005466
0 0.459523 0.438926 0.009070 0.005466
0 0.480013 0.433935 0.009070 0.005466
0 0.500504 0.428707 0.009070 0.005466
0 0.520994 0.421340 0.009070 0.005466
0 0.541485 0.433935 0.009070 0.005466
0 0.561975 0.428707 0.009070 0.005466
0 0.582466 0.421340 0.009070 0.005466
0 0.602956 0.416350 0.009070 0.005466
0 0.623446 0.428707 0.009070 0.005466
0 0.765536 0.451283 0.009070 0.005466
0 0.765536 0.443916 0.009070 0.005466
0 0.765536 0.438926 0.009070 0.005466
0 0.800134 0.448907 0.009070 0.005466
0 0.808532 0.446293 0.009070 0.005466
0 0.808532 0.436312 0.009070 0.005466
0 0.851864 0.451283 0.009070 0.005466
0 0.851864 0.446293 0.009070 0.005466
0 0.851864 0.438926 0.009070 0.005466
0 0.894861 0.451283 0.009070 0.005466
0 0.894861 0.446293 0.009070 0.005466
0 0.894861 0.438926 0.009070 0.005466
0 0.153510 0.638546 0.009070 0.005466
0 0.153510 0.633555 0.009070 0.005466
0 0.153510 0.621198 0.009070 0.005466
0 0.191132 0.633555 0.009070 0.005466
0 0.191132 0.615970 0.009070 0.005466
0 0.237823 0.636169 0.009070 0.005466
0 0.237823 0.631179 0.009070 0.005466
0 0.237823 0.623574 0.009070 0.005466
0 0.237823 0.618584 0.009070 0.005466
0 0.275109 0.631179 0.009070 0.005466
0 0.275109 0.613593 0.009070 0.005466
0 0.356735 0.633555 0.009070 0.005466
0 0.356735 0.628565 0.009070 0.005466
0 0.356735 0.621198 0.009070 0.005466
0 0.356735 0.615970 0.009070 0.005466
0 0.381928 0.636169 0.009070 0.005466
0 0.381928 0.618584 0.009070 0.005466
0 0.407457 0.633555 0.009070 0.005466
0 0.407457 0.628565 0.009070 0.005466
0 0.407457 0.621198 0.009070 0.005466
0 0.407457 0.615970 0.009070 0.005466
0 0.432986 0.628565 0.009070 0.005466
0 0.432986 0.610979 0.009070 0.005466
0 0.458515 0.631179 0.009070 0.005466
0 0.458515 0.623574 0.009070 0.005466
0 0.458515 0.613593 0.009070 0.005466
0 0.499160 0.626188 0.009070 0.005466
0 0.499160 0.608603 0.009070 0.005466
0 0.575747 0.628565 0.009070 0.005466
0 0.575747 0.621198 0.009070 0.005466
0 0.575747 0.610979 0.009070 0.005466
0 0.618408 0.621198 0.009070 0.005466
0 0.618408 0.603612 0.009070 0.005466
0 0.661404 0.626188 0.009070 0.005466
0 0.661404 0.621198 0.009070 0.005466
0 0.661404 0.608603 0.009070 0.005466
0 0.704400 0.628565 0.009070 0.005466
0 0.704400 0.610979 0.009070 0.005466
0 0.730937 0.631179 0.009070 0.005466
0 0.730937 0.613593 0.009070 0.005466
0 0.780316 0.633555 0.009070 0.005466
0 0.780316 0.628565 0.009070 0.005466
0 0.780316 0.621198 0.009070 0.005466
0 0.780316 0.615970 0.009070 0.005466
0 0.819281 0.636169 0.009070 0.005466
0 0.819281 0.618584 0.009070 0.005466
0 0.843802 0.638546 0.009070 0.005466
0 0.843802 0.621198 0.009070 0.005466
0 0.867988 0.636169 0.009070 0.005466
0 0.867988 0.631179 0.009070 0.005466
0 0.867988 0.623574 0.009070 0.005466
0 0.867988 0.618584 0.009070 0.005466
0 0.906953 0.636169 0.009070 0.005466
0 0.906953 0.631179 0.009070 0.005466
0 0.906953 0.623574 0.009070 0.005466
0 0.906953 0.618584 0.009070 0.005466
0 0.153510 0.827234 0.009070 0.005466
0 0.153510 0.822243 0.009070 0.005466
0 0.153510 0.809648 0.009070 0.005466
0 0.189452 0.822243 0.009070 0.005466
0 0.189452 0.804658 0.009070 0.005466
0 0.234128 0.824620 0.009070 0.005466
0 0.234128 0.819629 0.009070 0.005466
0 0.234128 0.812025 0.009070 0.005466
0 0.234128 0.807034 0.009070 0.005466
0 0.270071 0.819629 0.009070 0.005466
0 0.270071 0.802044 0.009070 0.005466
0 0.344642 0.822243 0.009070 0.005466
0 0.344642 0.812025 0.009070 0.005466
0 0.344642 0.804658 0.009070 0.005466
0 0.368828 0.824620 0.009070 0.005466
0 0.368828 0.807034 0.009070 0.005466
0 0.393349 0.822243 0.009070 0.005466
0 0.393349 0.812025 0.009070 0.005466
0 0.393349 0.804658 0.009070 0.005466
0 0.417534 0.817015 0.009070 0.005466
0 0.417534 0.799667 0.009070 0.005466
0 0.446087 0.819629 0.009070 0.005466
0 0.446087 0.814639 0.009070 0.005466
0 0.446087 0.802044 0.009070 0.005466
0 0.485052 0.814639 0.009070 0.005466
0 0.485052 0.797053 0.009070 0.005466
0 0.554249 0.817015 0.009070 0.005466
0 0.554249 0.812025 0.009070 0.005466
0 0.554249 0.804658 0.009070 0.005466
0 0.554249 0.799667 0.009070 0.005466
0 0.595902 0.809648 0.009070 0.005466
0 0.595902 0.792063 0.009070 0.005466
0 0.637555 0.809648 0.009070 0.005466
0 0.637555 0.792063 0.009070 0.005466
0 0.663755 0.814639 0.009070 0.005466
0 0.663755 0.797053 0.009070 0.005466
0 0.689620 0.817015 0.009070 0.005466
0 0.689620 0.799667 0.009070 0.005466
0 0.715821 0.819629 0.009070 0.005466
0 0.715821 0.802044 0.009070 0.005466
0 0.750420 0.822243 0.009070 0.005466
0 0.750420 0.817015 0.009070 0.005466
0 0.750420 0.809648 0.009070 0.005466
0 0.750420 0.804658 0.009070 0.005466
0 0.789385 0.824620 0.009070 0.005466
0 0.789385 0.819629 0.009070 0.005466
0 0.789385 0.812025 0.009070 0.005466
0 0.789385 0.807034 0.009070 0.005466
0 0.828015 0.827234 0.009070 0.005466
0 0.828015 0.822243 0.009070 0.005466
0 0.828015 0.809648 0.009070 0.005466
0 0.866644 0.827234 0.009070 0.005466
0 0.866644 0.822243 0.009070 0.005466
0 0.866644 0.809648 0.009070 0.005466
0 0.152167 0.086027 0.009070 0.005466
0 0.296271 0.093631 0.009070 0.005466
0 0.344642 0.086027 0.009741 0.005466
0 0.552570 0.088641 0.009070 0.005466
0 0.650655 0.091017 0.009070 0.005466
0 0.748740 0.093631 0.009070 0.005466
0 0.853208 0.091017 0.009070 0.005466
0 0.902251 0.096245 0.009070 0.005466
0 0.143433 0.364306 0.009070 0.005466
0 0.218677 0.361930 0.009070 0.005466
0 0.294256 0.369297 0.009070 0.005466
0 0.369835 0.366920 0.009070 0.005466
0 0.407457 0.371911 0.009070 0.005466
0 0.459523 0.364306 0.009070 0.005466
0 0.500504 0.361930 0.009070 0.005466
0 0.541485 0.359316 0.009070 0.005466
0 0.582466 0.356939 0.009070 0.005466
0 0.623446 0.354325 0.009070 0.005466
0 0.656365 0.351711 0.009070 0.005466
0 0.688949 0.354325 0.009070 0.005466
0 0.721868 0.359316 0.009070 0.005466
0 0.765536 0.364306 0.009070 0.005466
0 0.808532 0.361930 0.009070 0.005466
0 0.851864 0.364306 0.009070 0.005466
0 0.894861 0.364306 0.009070 0.005466
