0 0.131340 0.227424 0.008398 0.004990
0 0.131340 0.211264 0.008398 0.004990
0 0.289553 0.227424 0.008398 0.004990
0 0.289553 0.211264 0.008398 0.004990
0 0.464562 0.225048 0.008398 0.004990
0 0.464562 0.208888 0.008398 0.004990
0 0.639234 0.225048 0.008398 0.004990
0 0.639234 0.208888 0.008398 0.004990
0 0.800470 0.234316 0.008398 0.004990
0 0.800470 0.218156 0.008398 0.004990
0 0.133692 0.462452 0.008398 0.004990
0 0.133692 0.446293 0.008398 0.004990
0 0.299966 0.455561 0.008398 0.004990
0 0.299966 0.439401 0.008398 0.004990
0 0.464562 0.455561 0.008398 0.004990
0 0.464562 0.439401 0.008398 0.004990
0 0.637555 0.455561 0.008398 0.004990
0 0.637555 0.439401 0.008398 0.004990
0 0.796775 0.455561 0.008398 0.004990
0 0.796775 0.439401 0.008398 0.004990
0 0.132348 0.676568 0.008398 0.004990
0 0.132348 0.660409 0.008398 0.004990
0 0.305005 0.676568 0.008398 0.004990
0 0.305005 0.660409 0.008398 0.004990
0 0.467585 0.685837 0.008398 0.004990
0 0.467585 0.669677 0.008398 0.004990
0 0.634195 0.685837 0.008398 0.004990
0 0.634195 0.669677 0.008398 0.004990
0 0.806853 0.678945 0.008398 0.004990
0 0.806853 0.662785 0.008398 0.004990
0 0.131340 0.898051 0.008398 0.004990
0 0.131340 0.881892 0.008398 0.004990
0 0.329526 0.893536 0.008398 0.004990
0 0.329526 0.877376 0.008398 0.004990
0 0.494122 0.893536 0.008398 0.004990
0 0.494122 0.877376 0.008398 0.004990
0 0.657709 0.900428 0.008398 0.004990
0 0.657709 0.884268 0.008398 0.004990
0 0.814914 0.900428 0.008398 0.004990
0 0.814914 0.884268 0.008398 0.004990
0 0.217669 0.201996 0.008398 0.004990
0 0.217669 0.195105 0.008398 0.004990
0 0.289553 0.201996 0.008398 0.004990
0 0.289553 0.195105 0.008398 0.004990
0 0.356399 0.201996 0.008398 0.004990
0 0.356399 0.195105 0.008398 0.004990
0 0.555593 0.208888 0.008398 0.004990
0 0.555593 0.199857 0.008398 0.004990
0 0.555593 0.195105 0.008398 0.004990
0 0.629493 0.208888 0.008398 0.004990
0 0.629493 0.199857 0.008398 0.004990
0 0.629493 0.195105 0.008398 0.004990
0 0.693651 0.201996 0.008398 0.004990
0 0.693651 0.197481 0.008398 0.004990
0 0.693651 0.192966 0.008398 0.004990
0 0.889486 0.208888 0.008398 0.004990
0 0.889486 0.199857 0.008398 0.004990
0 0.889486 0.195105 0.008398 0.004990
0 0.133692 0.437262 0.008398 0.004990
0 0.133692 0.427994 0.008398 0.004990
0 0.133692 0.423479 0.008398 0.004990
0 0.196507 0.430371 0.008398 0.004990
0 0.196507 0.425618 0.008398 0.004990
0 0.196507 0.421103 0.008398 0.004990
0 0.390662 0.430371 0.008398 0.004990
0 0.390662 0.425618 0.008398 0.004990
0 0.398388 0.423479 0.008398 0.004990
0 0.464562 0.430371 0.008398 0.004990
0 0.464562 0.425618 0.008398 0.004990
0 0.472288 0.423479 0.008398 0.004990
0 0.530400 0.427994 0.008398 0.004990
0 0.530400 0.423479 0.008398 0.004990
0 0.724891 0.430371 0.008398 0.004990
0 0.724891 0.423479 0.008398 0.004990
0 0.796775 0.430371 0.008398 0.004990
0 0.796775 0.423479 0.008398 0.004990
0 0.859926 0.430371 0.008398 0.004990
0 0.859926 0.423479 0.008398 0.004990
0 0.222036 0.660409 0.008398 0.004990
0 0.222036 0.651378 0.008398 0.004990
0 0.222036 0.646625 0.008398 0.004990
0 0.295264 0.660409 0.008398 0.004990
0 0.295264 0.651378 0.008398 0.004990
0 0.295264 0.646625 0.008398 0.004990
0 0.360094 0.653517 0.008398 0.004990
0 0.360094 0.649002 0.008398 0.004990
0 0.360094 0.644487 0.008398 0.004990
0 0.557944 0.660409 0.008398 0.004990
0 0.557944 0.651378 0.008398 0.004990
0 0.557944 0.646625 0.008398 0.004990
0 0.634195 0.660409 0.008398 0.004990
0 0.634195 0.651378 0.008398 0.004990
0 0.634195 0.646625 0.008398 0.004990
0 0.700034 0.653517 0.008398 0.004990
0 0.700034 0.649002 0.008398 0.004990
0 0.700034 0.644487 0.008398 0.004990
0 0.891837 0.653517 0.008398 0.004990
0 0.891837 0.649002 0.008398 0.004990
0 0.899563 0.646625 0.008398 0.004990
0 0.131340 0.872861 0.008398 0.004990
0 0.131340 0.868108 0.008398 0.004990
0 0.139066 0.865970 0.008398 0.004990
0 0.191132 0.872861 0.008398 0.004990
0 0.191132 0.865970 0.008398 0.004990
0 0.413839 0.884268 0.008398 0.004990
0 0.413839 0.877376 0.008398 0.004990
0 0.413839 0.872861 0.008398 0.004990
0 0.485388 0.884268 0.008398 0.004990
0 0.485388 0.877376 0.008398 0.004990
0 0.485388 0.872861 0.008398 0.004990
0 0.549882 0.877376 0.008398 0.004990
0 0.549882 0.872861 0.008398 0.004990
0 0.549882 0.865970 0.008398 0.004990
0 0.737319 0.884268 0.008398 0.004990
0 0.737319 0.875000 0.008398 0.004990
0 0.737319 0.870485 0.008398 0.004990
0 0.805173 0.884268 0.008398 0.004990
0 0.805173 0.875000 0.008398 0.004990
0 0.805173 0.870485 0.008398 0.004990
0 0.864629 0.875000 0.008398 0.004990
0 0.864629 0.870485 0.008398 0.004990
0 0.872355 0.868108 0.008398 0.004990
0 0.217669 0.158508 0.008398 0.004990
0 0.217669 0.146863 0.008398 0.004990
0 0.217669 0.142348 0.008398 0.004990
0 0.289553 0.158508 0.008398 0.004990
0 0.289553 0.146863 0.008398 0.004990
0 0.289553 0.142348 0.008398 0.004990
0 0.356399 0.158508 0.008398 0.004990
0 0.356399 0.146863 0.008398 0.004990
0 0.356399 0.142348 0.008398 0.004990
0 0.555593 0.156131 0.008398 0.004990
0 0.555593 0.151616 0.008398 0.004990
0 0.555593 0.146863 0.008398 0.004990
0 0.555593 0.139971 0.008398 0.004990
0 0.629493 0.156131 0.008398 0.004990
0 0.629493 0.151616 0.008398 0.004990
0 0.629493 0.146863 0.008398 0.004990
0 0.629493 0.139971 0.008398 0.004990
0 0.685925 0.156131 0.008398 0.004990
0 0.693651 0.153755 0.008398 0.004990
0 0.693651 0.149240 0.008398 0.004990
0 0.693651 0.139971 0.008398 0.004990
0 0.889486 0.156131 0.008398 0.004990
0 0.889486 0.151616 0.008398 0.004990
0 0.889486 0.146863 0.008398 0.004990
0 0.889486 0.139971 0.008398 0.004990
0 0.133692 0.380703 0.008398 0.004990
0 0.133692 0.376188 0.008398 0.004990
0 0.133692 0.371435 0.008398 0.004990
0 0.133692 0.364544 0.008398 0.004990
0 0.188781 0.380703 0.008398 0.004990
0 0.196507 0.378327 0.008398 0.004990
0 0.196507 0.373812 0.008398 0.004990
0 0.196507 0.364544 0.008398 0.004990
0 0.390662 0.383080 0.008398 0.004990
0 0.390662 0.373812 0.008398 0.004990
0 0.390662 0.366920 0.008398 0.004990
0 0.464562 0.383080 0.008398 0.004990
0 0.464562 0.373812 0.008398 0.004990
0 0.464562 0.366920 0.008398 0.004990
0 0.530400 0.380703 0.008398 0.004990
0 0.530400 0.371435 0.008398 0.004990
0 0.530400 0.366920 0.008398 0.004990
0 0.724891 0.383080 0.008398 0.004990
0 0.724891 0.371435 0.008398 0.004990
0 0.724891 0.366920 0.008398 0.004990
0 0.796775 0.383080 0.008398 0.004990
0 0.796775 0.371435 0.008398 0.004990
0 0.796775 0.366920 0.008398 0.004990
0 0.859926 0.383080 0.008398 0.004990
0 0.859926 0.371435 0.008398 0.004990
0 0.859926 0.366920 0.008398 0.004990
0 0.222036 0.605276 0.008398 0.004990
0 0.222036 0.600760 0.008398 0.004990
0 0.222036 0.596008 0.008398 0.004990
0 0.222036 0.589116 0.008398 0.004990
0 0.295264 0.605276 0.008398 0.004990
0 0.295264 0.600760 0.008398 0.004990
0 0.295264 0.596008 0.008398 0.004990
0 0.295264 0.589116 0.008398 0.004990
0 0.352368 0.605276 0.008398 0.004990
0 0.360094 0.602899 0.008398 0.004990
0 0.360094 0.598384 0.008398 0.004990
0 0.360094 0.589116 0.008398 0.004990
0 0.557944 0.605276 0.008398 0.004990
0 0.557944 0.600760 0.008398 0.004990
0 0.557944 0.596008 0.008398 0.004990
0 0.557944 0.589116 0.008398 0.004990
0 0.634195 0.605276 0.008398 0.004990
0 0.634195 0.600760 0.008398 0.004990
0 0.634195 0.596008 0.008398 0.004990
0 0.634195 0.589116 0.008398 0.004990
0 0.692308 0.605276 0.008398 0.004990
0 0.700034 0.602899 0.008398 0.004990
0 0.700034 0.598384 0.008398 0.004990
0 0.700034 0.589116 0.008398 0.004990
0 0.891837 0.607652 0.008398 0.004990
0 0.891837 0.598384 0.008398 0.004990
0 0.891837 0.591492 0.008398 0.004990
0 0.131340 0.826759 0.008398 0.004990
0 0.131340 0.817490 0.008398 0.004990
0 0.131340 0.810599 0.008398 0.004990
0 0.191132 0.826759 0.008398 0.004990
0 0.191132 0.815352 0.008398 0.004990
0 0.191132 0.810599 0.008398 0.004990
0 0.413839 0.826759 0.008398 0.004990
0 0.413839 0.822243 0.008398 0.004990
0 0.413839 0.817490 0.008398 0.004990
0 0.484380 0.826759 0.008398 0.004990
0 0.484380 0.822243 0.008398 0.004990
0 0.484380 0.817490 0.008398 0.004990
0 0.549882 0.826759 0.008398 0.004990
0 0.549882 0.822243 0.008398 0.004990
0 0.549882 0.815352 0.008398 0.004990
0 0.737319 0.829135 0.008398 0.004990
0 0.737319 0.819867 0.008398 0.004990
0 0.737319 0.815352 0.008398 0.004990
0 0.805173 0.829135 0.008398 0.004990
0 0.805173 0.819867 0.008398 0.004990
0 0.805173 0.815352 0.008398 0.004990
0 0.864629 0.829135 0.008398 0.004990
0 0.864629 0.819867 0.008398 0.004990
0 0.864629 0.812975 0.008398 0.004990
0 0.131340 0.102424 0.008398 0.004990
0 0.188445 0.100048 0.008398 0.004990
0 0.217669 0.106939 0.008398 0.004990
0 0.289553 0.090779 0.008398 0.004990
0 0.356399 0.090779 0.008398 0.004990
0 0.464562 0.088641 0.008398 0.004990
0 0.524689 0.100048 0.008398 0.004990
0 0.555593 0.095532 0.008398 0.004990
0 0.629493 0.097671 0.008398 0.004990
0 0.693651 0.093156 0.008398 0.004990
0 0.800470 0.088641 0.008398 0.004990
0 0.859254 0.100048 0.008398 0.004990
0 0.889486 0.095532 0.008398 0.004990
0 0.133692 0.324620 0.008398 0.004990
0 0.196507 0.315352 0.008398 0.004990
0 0.299966 0.317728 0.008398 0.004990
0 0.359758 0.329135 0.008398 0.004990
0 0.390662 0.324620 0.008398 0.004990
0 0.464562 0.326759 0.008398 0.004990
0 0.530400 0.326759 0.008398 0.004990
0 0.637555 0.329135 0.008398 0.004990
0 0.695331 0.326759 0.008398 0.004990
0 0.724891 0.333650 0.008398 0.004990
0 0.796775 0.317728 0.008398 0.004990
0 0.859926 0.317728 0.008398 0.004990
0 0.132348 0.543489 0.008398 0.004990
0 0.191468 0.555133 0.008398 0.004990
0 0.222036 0.550380 0.008398 0.004990
0 0.295264 0.552757 0.008398 0.004990
0 0.360094 0.548241 0.008398 0.004990
0 0.467585 0.543489 0.008398 0.004990
0 0.527377 0.555133 0.008398 0.004990
0 0.557944 0.550380 0.008398 0.004990
0 0.634195 0.552757 0.008398 0.004990
0 0.700034 0.543489 0.008398 0.004990
0 0.806853 0.545865 0.008398 0.004990
0 0.862949 0.557272 0.008398 0.004990
0 0.891837 0.552757 0.008398 0.004990
0 0.131340 0.778279 0.008398 0.004990
0 0.191132 0.780656 0.008398 0.004990
0 0.329526 0.780656 0.008398 0.004990
0 0.385287 0.776141 0.008398 0.004990
0 0.413839 0.764496 0.008398 0.004990
0 0.484380 0.766873 0.008398 0.004990
0 0.549882 0.769249 0.008398 0.004990
0 0.657709 0.762357 0.008398 0.004990
0 0.710111 0.773764 0.008398 0.004990
0 0.737319 0.769249 0.008398 0.004990
0 0.805173 0.771388 0.008398 0.004990
0 0.864629 0.766873 0.008398 0.004990
