0 0.117904 0.271625 0.007390 0.004278
0 0.252939 0.271625 0.007390 0.004278
0 0.397044 0.265684 0.007390 0.004278
0 0.525025 0.265684 0.007390 0.004278
0 0.664427 0.271625 0.007390 0.004278
0 0.809204 0.271625 0.007390 0.004278
0 0.123950 0.488593 0.007390 0.004278
0 0.258314 0.488593 0.007390 0.004278
0 0.408129 0.494772 0.007390 0.004278
0 0.546187 0.494772 0.007390 0.004278
0 0.692644 0.488593 0.007390 0.004278
0 0.823984 0.488593 0.007390 0.004278
0 0.456164 0.910409 0.007390 0.004278
0 0.629493 0.896150 0.007390 0.004278
0 0.595902 0.900190 0.005039 0.002852
0 0.605307 0.886169 0.005039 0.002852
0 0.252939 0.235266 0.007390 0.004278
0 0.252939 0.231226 0.007390 0.004278
0 0.259993 0.229325 0.007390 0.004278
0 0.238831 0.235266 0.005039 0.002852
0 0.245213 0.231226 0.005039 0.002852
0 0.297951 0.243346 0.007390 0.004278
0 0.525025 0.237405 0.007390 0.004278
0 0.525025 0.233365 0.007390 0.004278
0 0.525025 0.229325 0.007390 0.004278
0 0.510917 0.237405 0.005039 0.002852
0 0.517299 0.233365 0.005039 0.002852
0 0.568021 0.243346 0.007390 0.004278
0 0.809204 0.239306 0.007390 0.004278
0 0.809204 0.235266 0.007390 0.004278
0 0.809204 0.229325 0.007390 0.004278
0 0.778636 0.239306 0.005039 0.002852
0 0.793080 0.235266 0.005039 0.002852
0 0.856567 0.243346 0.007390 0.004278
0 0.258314 0.460314 0.007390 0.004278
0 0.258314 0.456274 0.007390 0.004278
0 0.258314 0.452234 0.007390 0.004278
0 0.234800 0.460314 0.005039 0.002852
0 0.241182 0.456274 0.005039 0.002852
0 0.302990 0.466255 0.007390 0.004278
0 0.546187 0.458175 0.007390 0.004278
0 0.546187 0.454135 0.007390 0.004278
0 0.552906 0.452234 0.007390 0.004278
0 0.531743 0.458175 0.005039 0.002852
0 0.538126 0.454135 0.005039 0.002852
0 0.591871 0.466255 0.007390 0.004278
0 0.823984 0.460314 0.007390 0.004278
0 0.823984 0.456274 0.007390 0.004278
0 0.823984 0.452234 0.007390 0.004278
0 0.809540 0.460314 0.005039 0.002852
0 0.815922 0.456274 0.005039 0.002852
0 0.911320 0.466255 0.007390 0.004278
0 0.135371 0.608840 0.007390 0.004278
0 0.114545 0.626901 0.005039 0.002852
0 0.123950 0.618821 0.005039 0.002852
0 0.211287 0.604800 0.007390 0.004278
0 0.249244 0.606702 0.007390 0.004278
0 0.228754 0.624762 0.005039 0.002852
0 0.238159 0.616683 0.005039 0.002852
0 0.325495 0.602662 0.007390 0.004278
0 0.406785 0.620960 0.007390 0.004278
0 0.376218 0.618821 0.005039 0.002852
0 0.385623 0.610741 0.005039 0.002852
0 0.481021 0.625000 0.007390 0.004278
0 0.532751 0.626901 0.007390 0.004278
0 0.577763 0.629040 0.007390 0.004278
0 0.646960 0.625000 0.007390 0.004278
0 0.680215 0.634981 0.007390 0.004278
0 0.830030 0.602662 0.007390 0.004278
0 0.809540 0.624762 0.005039 0.002852
0 0.818945 0.610741 0.005039 0.002852
0 0.137387 0.742871 0.007390 0.004278
0 0.116560 0.775190 0.005039 0.002852
0 0.125966 0.761169 0.005039 0.002852
0 0.341283 0.777329 0.007390 0.004278
0 0.341283 0.771150 0.007390 0.004278
0 0.341283 0.767110 0.007390 0.004278
0 0.341283 0.763070 0.007390 0.004278
0 0.475647 0.753089 0.007390 0.004278
0 0.565670 0.750951 0.007390 0.004278
0 0.545180 0.769249 0.005039 0.002852
0 0.554585 0.761169 0.005039 0.002852
0 0.695331 0.746911 0.007390 0.004278
0 0.760497 0.749049 0.007390 0.004278
0 0.739671 0.767110 0.005039 0.002852
0 0.749076 0.759030 0.005039 0.002852
0 0.890158 0.745010 0.007390 0.004278
0 0.147800 0.896150 0.007390 0.004278
0 0.116560 0.894249 0.005039 0.002852
0 0.125630 0.886169 0.005039 0.002852
0 0.232113 0.900190 0.007390 0.004278
0 0.289889 0.902329 0.007390 0.004278
0 0.340947 0.904230 0.007390 0.004278
0 0.419550 0.900190 0.007390 0.004278
0 0.805173 0.879990 0.007390 0.004278
0 0.784347 0.908270 0.005039 0.002852
0 0.793752 0.894249 0.005039 0.002852
0 0.868996 0.879990 0.007390 0.004278
0 0.117904 0.177519 0.007390 0.004278
0 0.133020 0.179658 0.007390 0.004278
0 0.147800 0.189639 0.007390 0.004278
0 0.162916 0.177519 0.007390 0.004278
0 0.178032 0.179658 0.007390 0.004278
0 0.193147 0.189639 0.007390 0.004278
0 0.207927 0.177519 0.007390 0.004278
0 0.223043 0.179658 0.007390 0.004278
0 0.238159 0.189639 0.007390 0.004278
0 0.252939 0.177519 0.007390 0.004278
0 0.268055 0.179658 0.007390 0.004278
0 0.283171 0.187738 0.007390 0.004278
0 0.297951 0.177519 0.007390 0.004278
0 0.313067 0.179658 0.007390 0.004278
0 0.328183 0.187738 0.007390 0.004278
0 0.342963 0.177519 0.007390 0.004278
0 0.358079 0.179658 0.007390 0.004278
0 0.373194 0.187738 0.007390 0.004278
0 0.397044 0.177519 0.007390 0.004278
0 0.411152 0.181559 0.007390 0.004278
0 0.425260 0.185599 0.007390 0.004278
0 0.439704 0.177519 0.007390 0.004278
0 0.453813 0.181559 0.007390 0.004278
0 0.468257 0.185599 0.007390 0.004278
0 0.482365 0.177519 0.007390 0.004278
0 0.496473 0.181559 0.007390 0.004278
0 0.510917 0.185599 0.007390 0.004278
0 0.525025 0.177519 0.007390 0.004278
0 0.539469 0.181559 0.007390 0.004278
0 0.553577 0.185599 0.007390 0.004278
0 0.568021 0.177519 0.007390 0.004278
0 0.582130 0.181559 0.007390 0.004278
0 0.596238 0.185599 0.007390 0.004278
0 0.610682 0.177519 0.007390 0.004278
0 0.624790 0.181559 0.007390 0.004278
0 0.639234 0.185599 0.007390 0.004278
0 0.664427 0.179658 0.007390 0.004278
0 0.682230 0.183698 0.007390 0.004278
0 0.699026 0.187738 0.007390 0.004278
0 0.714814 0.179658 0.007390 0.004278
0 0.730601 0.183698 0.007390 0.004278
0 0.746389 0.187738 0.007390 0.004278
0 0.762177 0.179658 0.007390 0.004278
0 0.777964 0.183698 0.007390 0.004278
0 0.793752 0.187738 0.007390 0.004278
0 0.809204 0.179658 0.007390 0.004278
0 0.824992 0.183698 0.007390 0.004278
0 0.840779 0.187738 0.007390 0.004278
0 0.856567 0.179658 0.007390 0.004278
0 0.872355 0.183698 0.007390 0.004278
0 0.888142 0.187738 0.007390 0.004278
0 0.903930 0.179658 0.007390 0.004278
0 0.919382 0.183698 0.007390 0.004278
0 0.939201 0.187738 0.007390 0.004278
0 0.123950 0.392823 0.007390 0.004278
0 0.138730 0.397101 0.007390 0.004278
0 0.153510 0.401141 0.007390 0.004278
0 0.168626 0.392823 0.007390 0.004278
0 0.183406 0.397101 0.007390 0.004278
0 0.198522 0.401141 0.007390 0.004278
0 0.213302 0.392823 0.007390 0.004278
0 0.228418 0.397101 0.007390 0.004278
0 0.243198 0.401141 0.007390 0.004278
0 0.258314 0.392823 0.007390 0.004278
0 0.273094 0.397101 0.007390 0.004278
0 0.287874 0.401141 0.007390 0.004278
0 0.302990 0.392823 0.007390 0.004278
0 0.317770 0.397101 0.007390 0.004278
0 0.332885 0.401141 0.007390 0.004278
0 0.347665 0.392823 0.007390 0.004278
0 0.362781 0.397101 0.007390 0.004278
0 0.381256 0.401141 0.007390 0.004278
0 0.408129 0.392823 0.007390 0.004278
0 0.423245 0.394962 0.007390 0.004278
0 0.438697 0.403042 0.007390 0.004278
0 0.454148 0.392823 0.007390 0.004278
0 0.469264 0.394962 0.007390 0.004278
0 0.484716 0.403042 0.007390 0.004278
0 0.500168 0.392823 0.007390 0.004278
0 0.515284 0.394962 0.007390 0.004278
0 0.530736 0.403042 0.007390 0.004278
0 0.546187 0.392823 0.007390 0.004278
0 0.561303 0.394962 0.007390 0.004278
0 0.576755 0.403042 0.007390 0.004278
0 0.591871 0.392823 0.007390 0.004278
0 0.607323 0.394962 0.007390 0.004278
0 0.622775 0.403042 0.007390 0.004278
0 0.637890 0.392823 0.007390 0.004278
0 0.653342 0.394962 0.007390 0.004278
0 0.668794 0.403042 0.007390 0.004278
0 0.692644 0.392823 0.007390 0.004278
0 0.707424 0.397101 0.007390 0.004278
0 0.721868 0.401141 0.007390 0.004278
0 0.736312 0.392823 0.007390 0.004278
0 0.751092 0.397101 0.007390 0.004278
0 0.765536 0.401141 0.007390 0.004278
0 0.780316 0.392823 0.007390 0.004278
0 0.794760 0.397101 0.007390 0.004278
0 0.809204 0.401141 0.007390 0.004278
0 0.823984 0.392823 0.007390 0.004278
0 0.838428 0.397101 0.007390 0.004278
0 0.852872 0.401141 0.007390 0.004278
0 0.867652 0.392823 0.007390 0.004278
0 0.882096 0.397101 0.007390 0.004278
0 0.896540 0.401141 0.007390 0.004278
0 0.911320 0.392823 0.007390 0.004278
0 0.925764 0.397101 0.007390 0.004278
0 0.940544 0.401141 0.007390 0.004278
0 0.135371 0.544914 0.007390 0.004278
0 0.147800 0.551093 0.007390 0.004278
0 0.160564 0.555133 0.007390 0.004278
0 0.173329 0.544914 0.007390 0.004278
0 0.186093 0.551093 0.007390 0.004278
0 0.198522 0.555133 0.007390 0.004278
0 0.211287 0.544914 0.007390 0.004278
0 0.224051 0.551093 0.007390 0.004278
0 0.236816 0.555133 0.007390 0.004278
0 0.249244 0.544914 0.007390 0.004278
0 0.262009 0.548954 0.007390 0.004278
0 0.274773 0.557034 0.007390 0.004278
0 0.287538 0.544914 0.007390 0.004278
0 0.299966 0.548954 0.007390 0.004278
0 0.312731 0.557034 0.007390 0.004278
0 0.325495 0.544914 0.007390 0.004278
0 0.338260 0.552994 0.007390 0.004278
0 0.350689 0.557034 0.007390 0.004278
0 0.409809 0.547053 0.007390 0.004278
0 0.424924 0.551093 0.007390 0.004278
0 0.440040 0.557034 0.007390 0.004278
0 0.448774 0.547053 0.007390 0.004278
0 0.463890 0.551093 0.007390 0.004278
0 0.478670 0.557034 0.007390 0.004278
0 0.487739 0.547053 0.007390 0.004278
0 0.502519 0.551093 0.007390 0.004278
0 0.517635 0.557034 0.007390 0.004278
0 0.532751 0.542776 0.007390 0.004278
0 0.547531 0.547053 0.007390 0.004278
0 0.562647 0.551093 0.007390 0.004278
0 0.577763 0.542776 0.007390 0.004278
0 0.592879 0.547053 0.007390 0.004278
0 0.607659 0.551093 0.007390 0.004278
0 0.622775 0.542776 0.007390 0.004278
0 0.637890 0.547053 0.007390 0.004278
0 0.656365 0.551093 0.007390 0.004278
0 0.680215 0.542776 0.007390 0.004278
0 0.693987 0.547053 0.007390 0.004278
0 0.708095 0.551093 0.007390 0.004278
0 0.721868 0.542776 0.007390 0.004278
0 0.735640 0.547053 0.007390 0.004278
0 0.749748 0.551093 0.007390 0.004278
0 0.763520 0.542776 0.007390 0.004278
0 0.777293 0.547053 0.007390 0.004278
0 0.791065 0.551093 0.007390 0.004278
0 0.830030 0.542776 0.007390 0.004278
0 0.844138 0.544914 0.007390 0.004278
0 0.857911 0.552994 0.007390 0.004278
0 0.871683 0.542776 0.007390 0.004278
0 0.885455 0.544914 0.007390 0.004278
0 0.899563 0.552994 0.007390 0.004278
0 0.913336 0.542776 0.007390 0.004278
0 0.927108 0.544914 0.007390 0.004278
0 0.941216 0.552994 0.007390 0.004278
0 0.137387 0.687262 0.007390 0.004278
0 0.158549 0.691302 0.007390 0.004278
0 0.179711 0.695342 0.007390 0.004278
0 0.201209 0.687262 0.007390 0.004278
0 0.222372 0.691302 0.007390 0.004278
0 0.243870 0.695342 0.007390 0.004278
0 0.265032 0.687262 0.007390 0.004278
0 0.286530 0.691302 0.007390 0.004278
0 0.307692 0.695342 0.007390 0.004278
0 0.341283 0.687262 0.007390 0.004278
0 0.362781 0.691302 0.007390 0.004278
0 0.383944 0.695342 0.007390 0.004278
0 0.405106 0.687262 0.007390 0.004278
0 0.426604 0.691302 0.007390 0.004278
0 0.447766 0.695342 0.007390 0.004278
0 0.475647 0.687262 0.007390 0.004278
0 0.497145 0.691302 0.007390 0.004278
0 0.518307 0.695342 0.007390 0.004278
0 0.565670 0.689401 0.007390 0.004278
0 0.587168 0.695342 0.007390 0.004278
0 0.609002 0.699382 0.007390 0.004278
0 0.630501 0.689401 0.007390 0.004278
0 0.652335 0.695342 0.007390 0.004278
0 0.673833 0.699382 0.007390 0.004278
0 0.695331 0.689401 0.007390 0.004278
0 0.717165 0.695342 0.007390 0.004278
0 0.738663 0.699382 0.007390 0.004278
0 0.760497 0.689401 0.007390 0.004278
0 0.781995 0.693441 0.007390 0.004278
0 0.803493 0.701521 0.007390 0.004278
0 0.825328 0.689401 0.007390 0.004278
0 0.846826 0.693441 0.007390 0.004278
0 0.868324 0.701521 0.007390 0.004278
0 0.890158 0.689401 0.007390 0.004278
0 0.911656 0.697481 0.007390 0.004278
0 0.933490 0.701521 0.007390 0.004278
0 0.151159 0.833650 0.007390 0.004278
0 0.168290 0.837690 0.007390 0.004278
0 0.185086 0.843631 0.007390 0.004278
0 0.195835 0.833650 0.007390 0.004278
0 0.212630 0.837690 0.007390 0.004278
0 0.229762 0.843631 0.007390 0.004278
0 0.238495 0.833650 0.007390 0.004278
0 0.255626 0.837690 0.007390 0.004278
0 0.272758 0.843631 0.007390 0.004278
0 0.289889 0.833650 0.007390 0.004278
0 0.306685 0.837690 0.007390 0.004278
0 0.323816 0.843631 0.007390 0.004278
0 0.340947 0.833650 0.007390 0.004278
0 0.357743 0.837690 0.007390 0.004278
0 0.374874 0.843631 0.007390 0.004278
0 0.392005 0.833650 0.007390 0.004278
0 0.409137 0.837690 0.007390 0.004278
0 0.423917 0.843631 0.007390 0.004278
0 0.456164 0.829610 0.007390 0.004278
0 0.471280 0.833650 0.007390 0.004278
0 0.486060 0.837690 0.007390 0.004278
0 0.501176 0.829610 0.007390 0.004278
0 0.516292 0.833650 0.007390 0.004278
0 0.531407 0.837690 0.007390 0.004278
0 0.546187 0.829610 0.007390 0.004278
0 0.561303 0.833650 0.007390 0.004278
0 0.576419 0.837690 0.007390 0.004278
0 0.632852 0.829610 0.007390 0.004278
0 0.647632 0.833650 0.007390 0.004278
0 0.662748 0.837690 0.007390 0.004278
0 0.683238 0.829610 0.007390 0.004278
0 0.698018 0.833650 0.007390 0.004278
0 0.713134 0.837690 0.007390 0.004278
0 0.731945 0.829610 0.007390 0.004278
0 0.747061 0.833650 0.007390 0.004278
0 0.762177 0.837690 0.007390 0.004278
0 0.808532 0.837690 0.007390 0.004278
0 0.808532 0.833650 0.007390 0.004278
0 0.808532 0.823432 0.007390 0.004278
0 0.868996 0.837690 0.007390 0.004278
0 0.868996 0.833650 0.007390 0.004278
0 0.868996 0.823432 0.007390 0.004278
0 0.117904 0.113831 0.007390 0.004278
0 0.252939 0.113831 0.007390 0.004278
0 0.397044 0.113831 0.007390 0.004278
0 0.525025 0.113831 0.007390 0.004278
0 0.610682 0.113831 0.007390 0.004278
0 0.664427 0.113831 0.007390 0.004278
0 0.762177 0.119772 0.007390 0.004278
0 0.809204 0.123812 0.007390 0.004278
0 0.856567 0.125951 0.007390 0.004278
0 0.929459 0.127852 0.007390 0.004278
0 0.123950 0.334125 0.007390 0.004278
0 0.213302 0.338165 0.007390 0.004278
0 0.258314 0.340067 0.007390 0.004278
0 0.302990 0.342205 0.007390 0.004278
0 0.371851 0.338165 0.007390 0.004278
0 0.408129 0.348146 0.007390 0.004278
0 0.546187 0.334125 0.007390 0.004278
0 0.692644 0.342205 0.007390 0.004278
0 0.823984 0.342205 0.007390 0.004278
