0 0.180047 0.242871 0.013100 0.004990
0 0.180047 0.238118 0.013100 0.004990
0 0.180047 0.233365 0.013100 0.004990
0 0.429963 0.242871 0.013100 0.004990
0 0.429963 0.238118 0.013100 0.004990
0 0.429963 0.233365 0.013100 0.004990
0 0.693315 0.247624 0.013100 0.004990
0 0.693315 0.242871 0.013100 0.004990
0 0.693315 0.238118 0.013100 0.004990
0 0.693315 0.231226 0.013100 0.004990
0 0.137051 0.422766 0.013100 0.004990
0 0.137051 0.415637 0.013100 0.004990
0 0.137051 0.410884 0.013100 0.004990
0 0.137051 0.406131 0.013100 0.004990
0 0.346658 0.418013 0.013100 0.004990
0 0.346658 0.410884 0.013100 0.004990
0 0.346658 0.406131 0.013100 0.004990
0 0.346658 0.401378 0.013100 0.004990
0 0.557944 0.418013 0.013100 0.004990
0 0.557944 0.410884 0.013100 0.004990
0 0.557944 0.406131 0.013100 0.004990
0 0.557944 0.401378 0.013100 0.004990
0 0.776957 0.418013 0.013100 0.004990
0 0.776957 0.413260 0.013100 0.004990
0 0.776957 0.408508 0.013100 0.004990
0 0.776957 0.403755 0.013100 0.004990
0 0.789049 0.401378 0.013100 0.004990
0 0.142425 0.653042 0.013100 0.004990
0 0.142425 0.648289 0.013100 0.004990
0 0.142425 0.643536 0.013100 0.004990
0 0.142425 0.638783 0.013100 0.004990
0 0.154854 0.636407 0.013100 0.004990
0 0.355391 0.645913 0.009070 0.004990
0 0.355391 0.641160 0.009070 0.004990
0 0.355391 0.636407 0.009070 0.004990
0 0.453813 0.648289 0.009070 0.004990
0 0.445415 0.638783 0.009070 0.004990
0 0.453813 0.636407 0.009070 0.004990
0 0.568693 0.645913 0.009070 0.004990
0 0.568693 0.641160 0.009070 0.004990
0 0.568693 0.636407 0.009070 0.004990
0 0.665435 0.645913 0.009070 0.004990
0 0.665435 0.641160 0.009070 0.004990
0 0.665435 0.634030 0.009070 0.004990
0 0.785354 0.650665 0.009070 0.004990
0 0.785354 0.643536 0.009070 0.004990
0 0.785354 0.638783 0.009070 0.004990
0 0.870339 0.653042 0.009070 0.004990
0 0.870339 0.648289 0.009070 0.004990
0 0.870339 0.643536 0.009070 0.004990
0 0.870339 0.636407 0.009070 0.004990
0 0.117568 0.901854 0.009070 0.004990
0 0.117568 0.894724 0.009070 0.004990
0 0.117568 0.889971 0.009070 0.004990
0 0.117568 0.885219 0.009070 0.004990
0 0.221364 0.901854 0.009070 0.004990
0 0.221364 0.897101 0.009070 0.004990
0 0.221364 0.892348 0.009070 0.004990
0 0.221364 0.885219 0.009070 0.004990
0 0.303997 0.899477 0.008734 0.004990
0 0.303997 0.889971 0.008734 0.004990
0 0.352032 0.899477 0.008734 0.004990
0 0.352032 0.889971 0.008734 0.004990
0 0.418542 0.901854 0.008734 0.004990
0 0.418542 0.897101 0.008734 0.004990
0 0.418542 0.892348 0.008734 0.004990
0 0.418542 0.887595 0.008734 0.004990
0 0.426268 0.885219 0.008734 0.004990
0 0.477998 0.901854 0.008734 0.004990
0 0.477998 0.897101 0.008734 0.004990
0 0.477998 0.892348 0.008734 0.004990
0 0.477998 0.887595 0.008734 0.004990
0 0.486060 0.885219 0.008734 0.004990
0 0.547195 0.894724 0.009070 0.004990
0 0.547195 0.889971 0.009070 0.004990
0 0.547195 0.885219 0.009070 0.004990
0 0.636211 0.892348 0.009070 0.004990
0 0.627813 0.887595 0.009070 0.004990
0 0.636211 0.885219 0.009070 0.004990
0 0.737655 0.894724 0.009070 0.004990
0 0.737655 0.889971 0.009070 0.004990
0 0.737655 0.885219 0.009070 0.004990
0 0.840107 0.894724 0.009070 0.004990
0 0.840107 0.889971 0.009070 0.004990
0 0.840107 0.882842 0.009070 0.004990
0 0.180047 0.169914 0.013100 0.004990
0 0.180047 0.165162 0.013100 0.004990
0 0.180047 0.160409 0.013100 0.004990
0 0.429963 0.169914 0.013100 0.004990
0 0.429963 0.165162 0.013100 0.004990
0 0.429963 0.160409 0.013100 0.004990
0 0.693315 0.169914 0.013100 0.004990
0 0.693315 0.165162 0.013100 0.004990
0 0.693315 0.158032 0.013100 0.004990
0 0.137051 0.342443 0.013100 0.004990
0 0.137051 0.337690 0.013100 0.004990
0 0.137051 0.333175 0.013100 0.004990
0 0.346658 0.354325 0.013100 0.004990
0 0.346658 0.349572 0.013100 0.004990
0 0.346658 0.344819 0.013100 0.004990
0 0.557944 0.354325 0.013100 0.004990
0 0.557944 0.349572 0.013100 0.004990
0 0.557944 0.344819 0.013100 0.004990
0 0.776957 0.354325 0.013100 0.004990
0 0.764528 0.347196 0.013100 0.004990
0 0.776957 0.344819 0.013100 0.004990
0 0.142425 0.589354 0.013100 0.004990
0 0.129997 0.582224 0.013100 0.004990
0 0.142425 0.579848 0.013100 0.004990
0 0.291905 0.160409 0.008734 0.004990
0 0.268055 0.165162 0.006046 0.003565
0 0.275445 0.169914 0.006046 0.003565
0 0.282835 0.158032 0.006046 0.003565
0 0.541821 0.160409 0.008734 0.004990
0 0.517971 0.165162 0.006046 0.003565
0 0.525361 0.169914 0.006046 0.003565
0 0.532415 0.158032 0.006046 0.003565
0 0.816930 0.158032 0.008734 0.004990
0 0.773598 0.165162 0.006046 0.003565
0 0.780988 0.169914 0.006046 0.003565
0 0.796439 0.155656 0.006046 0.003565
0 0.232449 0.326046 0.008734 0.004990
0 0.197178 0.333175 0.006046 0.003565
0 0.204568 0.337928 0.006046 0.003565
0 0.211958 0.323669 0.006046 0.003565
0 0.430635 0.328422 0.008734 0.004990
0 0.407121 0.333175 0.006046 0.003565
0 0.414175 0.337928 0.006046 0.003565
0 0.421565 0.326046 0.006046 0.003565
0 0.557944 0.328422 0.008734 0.004990
0 0.534095 0.333175 0.006046 0.003565
0 0.541485 0.337928 0.006046 0.003565
0 0.548875 0.326046 0.006046 0.003565
0 0.655358 0.328422 0.008734 0.004990
0 0.631508 0.333175 0.006046 0.003565
0 0.638898 0.337928 0.006046 0.003565
0 0.646288 0.323669 0.006046 0.003565
0 0.860934 0.328422 0.008734 0.004990
0 0.837420 0.330798 0.006046 0.003565
0 0.844474 0.340304 0.006046 0.003565
0 0.851864 0.326046 0.006046 0.003565
0 0.142425 0.563451 0.008734 0.004990
0 0.118912 0.565827 0.006046 0.003565
0 0.125966 0.575095 0.006046 0.003565
0 0.133356 0.561074 0.006046 0.003565
0 0.240175 0.563451 0.008734 0.004990
0 0.216325 0.565827 0.006046 0.003565
0 0.223715 0.575095 0.006046 0.003565
0 0.230769 0.561074 0.006046 0.003565
0 0.355391 0.589354 0.009070 0.004990
0 0.355391 0.584601 0.009070 0.004990
0 0.355391 0.579848 0.009070 0.004990
0 0.453813 0.591730 0.009070 0.004990
0 0.445415 0.582224 0.009070 0.004990
0 0.453813 0.579848 0.009070 0.004990
0 0.568693 0.589354 0.009070 0.004990
0 0.568693 0.584601 0.009070 0.004990
0 0.568693 0.572719 0.009070 0.004990
0 0.665435 0.589354 0.009070 0.004990
0 0.665435 0.584601 0.009070 0.004990
0 0.665435 0.577471 0.009070 0.004990
0 0.665435 0.572719 0.009070 0.004990
0 0.785354 0.586977 0.009070 0.004990
0 0.785354 0.582224 0.009070 0.004990
0 0.785354 0.577471 0.009070 0.004990
0 0.785354 0.570342 0.009070 0.004990
0 0.870339 0.591730 0.009070 0.004990
0 0.861942 0.582224 0.009070 0.004990
0 0.870339 0.579848 0.009070 0.004990
0 0.870339 0.575095 0.009070 0.004990
0 0.117568 0.838165 0.009070 0.004990
0 0.117568 0.833413 0.009070 0.004990
0 0.117568 0.828660 0.009070 0.004990
0 0.117568 0.821530 0.009070 0.004990
0 0.221364 0.840542 0.009070 0.004990
0 0.212966 0.831036 0.009070 0.004990
0 0.221364 0.828660 0.009070 0.004990
0 0.221364 0.823907 0.009070 0.004990
0 0.303997 0.840542 0.008734 0.004990
0 0.296271 0.831036 0.008734 0.004990
0 0.303997 0.828660 0.008734 0.004990
0 0.303997 0.823907 0.008734 0.004990
0 0.418542 0.812262 0.008734 0.004990
0 0.394693 0.814639 0.006046 0.003565
0 0.402083 0.823907 0.006046 0.003565
0 0.409137 0.809886 0.006046 0.003565
0 0.547195 0.838165 0.009070 0.004990
0 0.547195 0.833413 0.009070 0.004990
0 0.547195 0.828660 0.009070 0.004990
0 0.636211 0.840542 0.009070 0.004990
0 0.627813 0.831036 0.009070 0.004990
0 0.636211 0.828660 0.009070 0.004990
0 0.737655 0.838165 0.009070 0.004990
0 0.737655 0.833413 0.009070 0.004990
0 0.737655 0.821530 0.009070 0.004990
0 0.840107 0.838165 0.009070 0.004990
0 0.840107 0.833413 0.009070 0.004990
0 0.840107 0.826283 0.009070 0.004990
0 0.840107 0.821530 0.009070 0.004990
0 0.355727 0.522338 0.008734 0.004990
0 0.404770 0.512833 0.008734 0.004990
0 0.454148 0.519962 0.008734 0.004990
0 0.503191 0.512833 0.008734 0.004990
0 0.568693 0.505703 0.008734 0.004990
0 0.617400 0.512833 0.008734 0.004990
0 0.665771 0.517586 0.008734 0.004990
0 0.714478 0.519962 0.008734 0.004990
0 0.744709 0.522338 0.008734 0.004990
0 0.785354 0.527091 0.008734 0.004990
0 0.823312 0.524715 0.008734 0.004990
0 0.846826 0.522338 0.008734 0.004990
0 0.870675 0.519962 0.008734 0.004990
0 0.908297 0.522338 0.008734 0.004990
0 0.931811 0.519962 0.008734 0.004990
0 0.117904 0.752614 0.008734 0.004990
0 0.163923 0.754990 0.008734 0.004990
0 0.192812 0.757367 0.008734 0.004990
0 0.221364 0.754990 0.009070 0.004990
0 0.303997 0.754990 0.009070 0.004990
0 0.418542 0.754990 0.008734 0.004990
0 0.547195 0.757367 0.008734 0.004990
0 0.591871 0.747861 0.008734 0.004990
0 0.636211 0.754990 0.008734 0.004990
0 0.680887 0.747861 0.008734 0.004990
0 0.737991 0.740732 0.008734 0.004990
0 0.789049 0.747861 0.008734 0.004990
0 0.840443 0.752614 0.008734 0.004990
0 0.891502 0.754990 0.008734 0.004990
0 0.923749 0.757367 0.008734 0.004990
