0 0.381928 0.918726 0.008398 0.004990
0 0.381928 0.902567 0.008398 0.004990
0 0.153846 0.243821 0.008398 0.004990
0 0.153846 0.236930 0.008398 0.004990
0 0.124286 0.248574 0.005710 0.003327
0 0.124286 0.232414 0.005710 0.003327
0 0.189788 0.243821 0.008398 0.004990
0 0.189788 0.236930 0.008398 0.004990
0 0.291233 0.243821 0.008398 0.004990
0 0.298959 0.241445 0.008398 0.004990
0 0.291233 0.236930 0.008398 0.004990
0 0.298959 0.234553 0.008398 0.004990
0 0.343635 0.243821 0.008398 0.004990
0 0.343635 0.239306 0.008398 0.004990
0 0.343635 0.234553 0.008398 0.004990
0 0.439033 0.257605 0.008734 0.004990
0 0.475983 0.241445 0.008734 0.004990
0 0.555929 0.257605 0.008398 0.004990
0 0.584817 0.241445 0.008398 0.004990
0 0.613705 0.257605 0.008398 0.004990
0 0.663755 0.234553 0.008398 0.004990
0 0.694995 0.250713 0.008398 0.004990
0 0.760833 0.250713 0.008398 0.004990
0 0.760833 0.234553 0.008398 0.004990
0 0.835069 0.259981 0.008398 0.004990
0 0.835069 0.243821 0.008398 0.004990
0 0.810883 0.259981 0.005710 0.003327
0 0.817938 0.243821 0.005710 0.003327
0 0.880417 0.257605 0.008398 0.004990
0 0.880417 0.241445 0.008398 0.004990
0 0.933826 0.234553 0.008398 0.004990
0 0.126638 0.466492 0.008398 0.004990
0 0.194155 0.466492 0.008398 0.004990
0 0.194155 0.450570 0.008398 0.004990
0 0.270742 0.475760 0.008398 0.004990
0 0.270742 0.459601 0.008398 0.004990
0 0.246557 0.475760 0.005710 0.003327
0 0.253611 0.459601 0.005710 0.003327
0 0.317098 0.473384 0.008398 0.004990
0 0.317098 0.457462 0.008398 0.004990
0 0.372187 0.457462 0.008398 0.004990
0 0.408129 0.466492 0.008398 0.004990
0 0.469936 0.478137 0.008398 0.004990
0 0.469936 0.461977 0.008398 0.004990
0 0.552570 0.475760 0.008398 0.004990
0 0.552570 0.459601 0.008398 0.004990
0 0.592879 0.473384 0.008398 0.004990
0 0.592879 0.457462 0.008398 0.004990
0 0.645280 0.471245 0.008398 0.004990
0 0.645280 0.455086 0.008398 0.004990
0 0.677864 0.473384 0.008398 0.004990
0 0.677864 0.457462 0.008398 0.004990
0 0.754787 0.473384 0.008398 0.004990
0 0.754787 0.457462 0.008398 0.004990
0 0.831710 0.473384 0.008398 0.004990
0 0.831710 0.457462 0.008398 0.004990
0 0.807188 0.473384 0.005710 0.003327
0 0.814243 0.457462 0.005710 0.003327
0 0.878401 0.457462 0.008398 0.004990
0 0.933826 0.450570 0.008398 0.004990
0 0.126638 0.688926 0.008398 0.004990
0 0.199530 0.688926 0.008398 0.004990
0 0.199530 0.673004 0.008398 0.004990
0 0.272086 0.698194 0.008398 0.004990
0 0.272086 0.682034 0.008398 0.004990
0 0.247901 0.698194 0.005710 0.003327
0 0.254955 0.682034 0.005710 0.003327
0 0.322136 0.695817 0.008398 0.004990
0 0.322136 0.679895 0.008398 0.004990
0 0.381256 0.673004 0.008398 0.004990
0 0.414175 0.688926 0.008398 0.004990
0 0.484716 0.688926 0.008398 0.004990
0 0.484716 0.673004 0.008398 0.004990
0 0.555257 0.698194 0.008398 0.004990
0 0.555257 0.682034 0.008398 0.004990
0 0.531072 0.698194 0.005710 0.003327
0 0.538126 0.682034 0.005710 0.003327
0 0.603964 0.695817 0.008398 0.004990
0 0.603964 0.679895 0.008398 0.004990
0 0.674840 0.679895 0.008398 0.004990
0 0.709103 0.688926 0.008398 0.004990
0 0.772590 0.691302 0.008398 0.004990
0 0.772590 0.675143 0.008398 0.004990
0 0.835741 0.693679 0.008398 0.004990
0 0.835741 0.677519 0.008398 0.004990
0 0.879409 0.695817 0.008398 0.004990
0 0.879409 0.679895 0.008398 0.004990
0 0.930803 0.698194 0.008398 0.004990
0 0.930803 0.682034 0.008398 0.004990
0 0.126638 0.918726 0.008398 0.004990
0 0.126638 0.902567 0.008398 0.004990
0 0.182734 0.921103 0.008398 0.004990
0 0.182734 0.904943 0.008398 0.004990
0 0.381928 0.886644 0.008398 0.004990
0 0.503191 0.904943 0.012765 0.004990
0 0.515284 0.902567 0.012765 0.004990
0 0.503191 0.898051 0.012765 0.004990
0 0.503191 0.893536 0.012765 0.004990
0 0.453813 0.911835 0.005710 0.003327
0 0.453813 0.895675 0.005710 0.003327
0 0.622775 0.907319 0.008398 0.004990
0 0.622775 0.902567 0.008398 0.004990
0 0.622775 0.898051 0.008398 0.004990
0 0.622775 0.891160 0.008398 0.004990
0 0.665771 0.907319 0.008398 0.004990
0 0.665771 0.902567 0.008398 0.004990
0 0.665771 0.898051 0.008398 0.004990
0 0.665771 0.891160 0.008398 0.004990
0 0.725899 0.911835 0.008398 0.004990
0 0.725899 0.895675 0.008398 0.004990
0 0.832718 0.911835 0.008398 0.004990
0 0.832718 0.895675 0.008398 0.004990
0 0.137387 0.178470 0.008398 0.004990
0 0.137387 0.173954 0.008398 0.004990
0 0.137387 0.167063 0.008398 0.004990
0 0.137387 0.162548 0.008398 0.004990
0 0.189788 0.178470 0.008398 0.004990
0 0.189788 0.173954 0.008398 0.004990
0 0.189788 0.167063 0.008398 0.004990
0 0.189788 0.162548 0.008398 0.004990
0 0.291233 0.176331 0.008398 0.004990
0 0.291233 0.171578 0.008398 0.004990
0 0.291233 0.167063 0.008398 0.004990
0 0.291233 0.160171 0.008398 0.004990
0 0.335909 0.176331 0.008398 0.004990
0 0.343635 0.173954 0.008398 0.004990
0 0.343635 0.169439 0.008398 0.004990
0 0.343635 0.160171 0.008398 0.004990
0 0.439033 0.178470 0.008398 0.004990
0 0.439033 0.173954 0.008398 0.004990
0 0.439033 0.167063 0.008398 0.004990
0 0.439033 0.162548 0.008398 0.004990
0 0.525697 0.199144 0.008398 0.004990
0 0.525697 0.183222 0.008398 0.004990
0 0.540813 0.199144 0.008398 0.004990
0 0.540813 0.183222 0.008398 0.004990
0 0.555929 0.199144 0.008398 0.004990
0 0.555929 0.183222 0.008398 0.004990
0 0.613705 0.199144 0.008398 0.004990
0 0.613705 0.183222 0.008398 0.004990
0 0.663755 0.192253 0.008398 0.004990
0 0.694995 0.199144 0.008398 0.004990
0 0.694995 0.187738 0.008398 0.004990
0 0.694995 0.183222 0.008398 0.004990
0 0.760833 0.199144 0.008398 0.004990
0 0.760833 0.187738 0.008398 0.004990
0 0.760833 0.183222 0.008398 0.004990
0 0.835069 0.197006 0.008398 0.004990
0 0.835069 0.192253 0.008398 0.004990
0 0.842795 0.190114 0.008398 0.004990
0 0.835069 0.180846 0.008398 0.004990
0 0.880417 0.199144 0.008398 0.004990
0 0.880417 0.194629 0.008398 0.004990
0 0.880417 0.190114 0.008398 0.004990
0 0.880417 0.183222 0.008398 0.004990
0 0.933826 0.192253 0.008398 0.004990
0 0.126638 0.413973 0.008398 0.004990
0 0.126638 0.402567 0.008398 0.004990
0 0.126638 0.398051 0.008398 0.004990
0 0.194155 0.413973 0.008398 0.004990
0 0.194155 0.402567 0.008398 0.004990
0 0.194155 0.398051 0.008398 0.004990
0 0.270742 0.411835 0.008398 0.004990
0 0.270742 0.407319 0.008398 0.004990
0 0.278468 0.404943 0.008398 0.004990
0 0.270742 0.395675 0.008398 0.004990
0 0.317098 0.413973 0.008398 0.004990
0 0.317098 0.409458 0.008398 0.004990
0 0.317098 0.404943 0.008398 0.004990
0 0.317098 0.398051 0.008398 0.004990
0 0.372187 0.398051 0.008398 0.004990
0 0.408129 0.407319 0.008398 0.004990
0 0.408129 0.402567 0.008398 0.004990
0 0.408129 0.391160 0.008398 0.004990
0 0.469936 0.407319 0.008398 0.004990
0 0.469936 0.398051 0.008398 0.004990
0 0.469936 0.393536 0.008398 0.004990
0 0.552570 0.407319 0.008398 0.004990
0 0.552570 0.400428 0.008398 0.004990
0 0.552570 0.395675 0.008398 0.004990
0 0.592879 0.407319 0.008398 0.004990
0 0.592879 0.402567 0.008398 0.004990
0 0.592879 0.398051 0.008398 0.004990
0 0.645280 0.407319 0.008398 0.004990
0 0.653006 0.404943 0.008398 0.004990
0 0.645280 0.400428 0.008398 0.004990
0 0.677864 0.407319 0.008398 0.004990
0 0.677864 0.402567 0.008398 0.004990
0 0.677864 0.398051 0.008398 0.004990
0 0.754787 0.407319 0.008398 0.004990
0 0.754787 0.402567 0.008398 0.004990
0 0.754787 0.398051 0.008398 0.004990
0 0.831710 0.409458 0.008398 0.004990
0 0.831710 0.402567 0.008398 0.004990
0 0.831710 0.398051 0.008398 0.004990
0 0.878401 0.409458 0.008398 0.004990
0 0.878401 0.404943 0.008398 0.004990
0 0.878401 0.398051 0.008398 0.004990
0 0.933826 0.407319 0.008398 0.004990
0 0.126638 0.636644 0.008398 0.004990
0 0.126638 0.625238 0.008398 0.004990
0 0.126638 0.620722 0.008398 0.004990
0 0.199530 0.636644 0.008398 0.004990
0 0.199530 0.625238 0.008398 0.004990
0 0.199530 0.620722 0.008398 0.004990
0 0.272086 0.634506 0.008398 0.004990
0 0.272086 0.629753 0.008398 0.004990
0 0.279812 0.627614 0.008398 0.004990
0 0.272086 0.618346 0.008398 0.004990
0 0.322136 0.636644 0.008398 0.004990
0 0.322136 0.632129 0.008398 0.004990
0 0.322136 0.627614 0.008398 0.004990
0 0.322136 0.620722 0.008398 0.004990
0 0.381256 0.629753 0.008398 0.004990
0 0.414175 0.636644 0.008398 0.004990
0 0.414175 0.625238 0.008398 0.004990
0 0.414175 0.620722 0.008398 0.004990
0 0.484716 0.636644 0.008398 0.004990
0 0.484716 0.625238 0.008398 0.004990
0 0.484716 0.620722 0.008398 0.004990
0 0.555257 0.634506 0.008398 0.004990
0 0.555257 0.629753 0.008398 0.004990
0 0.562983 0.627614 0.008398 0.004990
0 0.555257 0.618346 0.008398 0.004990
0 0.603964 0.636644 0.008398 0.004990
0 0.603964 0.632129 0.008398 0.004990
0 0.603964 0.627614 0.008398 0.004990
0 0.603964 0.620722 0.008398 0.004990
0 0.674840 0.620722 0.008398 0.004990
0 0.709103 0.625238 0.008398 0.004990
0 0.709103 0.613831 0.008398 0.004990
0 0.709103 0.609078 0.008398 0.004990
0 0.772590 0.625238 0.008398 0.004990
0 0.772590 0.613831 0.008398 0.004990
0 0.772590 0.609078 0.008398 0.004990
0 0.835741 0.622861 0.008398 0.004990
0 0.835741 0.613831 0.008398 0.004990
0 0.835741 0.606939 0.008398 0.004990
0 0.879409 0.625238 0.008398 0.004990
0 0.879409 0.613831 0.008398 0.004990
0 0.879409 0.609078 0.008398 0.004990
0 0.930803 0.629753 0.008398 0.004990
0 0.930803 0.625238 0.008398 0.004990
0 0.930803 0.613831 0.008398 0.004990
0 0.126638 0.865970 0.008398 0.004990
0 0.126638 0.859078 0.008398 0.004990
0 0.126638 0.854325 0.008398 0.004990
0 0.126638 0.849810 0.008398 0.004990
0 0.182734 0.863593 0.008398 0.004990
0 0.182734 0.859078 0.008398 0.004990
0 0.190460 0.856702 0.008398 0.004990
0 0.182734 0.847433 0.008398 0.004990
0 0.474975 0.840542 0.012765 0.004990
0 0.487068 0.838403 0.012765 0.004990
0 0.487068 0.833650 0.012765 0.004990
0 0.487068 0.824620 0.012765 0.004990
0 0.623111 0.842918 0.012765 0.004990
0 0.623111 0.838403 0.012765 0.004990
0 0.623111 0.833650 0.012765 0.004990
0 0.623111 0.826759 0.012765 0.004990
0 0.832718 0.842918 0.008398 0.004990
0 0.832718 0.838403 0.008398 0.004990
0 0.832718 0.833650 0.008398 0.004990
0 0.832718 0.826759 0.008398 0.004990
0 0.137387 0.099335 0.008398 0.004990
0 0.189788 0.106226 0.008398 0.004990
0 0.229762 0.106226 0.008398 0.004990
0 0.250252 0.110741 0.008398 0.004990
0 0.270742 0.106226 0.008398 0.004990
0 0.291233 0.103850 0.008398 0.004990
0 0.343635 0.106226 0.008398 0.004990
0 0.390998 0.106226 0.008398 0.004990
0 0.439033 0.099335 0.008734 0.004990
0 0.613705 0.099335 0.008398 0.004990
0 0.760833 0.108365 0.008398 0.004990
0 0.787370 0.106226 0.008398 0.004990
0 0.814578 0.103850 0.008398 0.004990
0 0.835069 0.106226 0.008398 0.004990
0 0.880417 0.106226 0.008398 0.004990
0 0.194155 0.336502 0.008398 0.004990
0 0.227746 0.334363 0.008398 0.004990
0 0.248908 0.331987 0.008398 0.004990
0 0.270742 0.334363 0.008398 0.004990
0 0.317098 0.334363 0.008398 0.004990
0 0.469936 0.331987 0.008398 0.004990
0 0.495465 0.329610 0.008398 0.004990
0 0.527041 0.327471 0.008398 0.004990
0 0.552570 0.329610 0.008398 0.004990
0 0.592879 0.331987 0.008398 0.004990
0 0.733289 0.343394 0.008398 0.004990
0 0.754787 0.343394 0.008398 0.004990
0 0.810212 0.343394 0.008398 0.004990
0 0.831710 0.343394 0.008398 0.004990
0 0.878401 0.343394 0.008398 0.004990
0 0.322136 0.550143 0.008398 0.004990
0 0.358750 0.547766 0.008398 0.004990
0 0.381256 0.545627 0.008398 0.004990
0 0.414175 0.547766 0.008398 0.004990
0 0.484716 0.547766 0.008398 0.004990
0 0.626134 0.550143 0.008398 0.004990
0 0.652670 0.547766 0.008398 0.004990
0 0.678200 0.545627 0.008398 0.004990
0 0.709103 0.547766 0.008398 0.004990
0 0.879409 0.547766 0.008398 0.004990
0 0.910984 0.552519 0.008398 0.004990
0 0.930803 0.547766 0.008398 0.004990
0 0.126638 0.765684 0.008398 0.004990
0 0.167282 0.765684 0.008398 0.004990
0 0.189117 0.763308 0.008398 0.004990
0 0.291905 0.779468 0.008398 0.004990
0 0.328855 0.781844 0.012765 0.004990
0 0.486732 0.772576 0.008398 0.004990
