0 0.125294 0.216492 0.008734 0.004990
0 0.226738 0.200095 0.008734 0.004990
0 0.238831 0.192966 0.008734 0.004990
0 0.251596 0.188213 0.008734 0.004990
0 0.267047 0.183698 0.008734 0.004990
0 0.289553 0.188213 0.008734 0.004990
0 0.311723 0.192966 0.008734 0.004990
0 0.334229 0.200095 0.008734 0.004990
0 0.422573 0.216492 0.008734 0.004990
0 0.508230 0.200095 0.008734 0.004990
0 0.522338 0.195342 0.008734 0.004990
0 0.536782 0.190589 0.008734 0.004990
0 0.552234 0.185837 0.008734 0.004990
0 0.578771 0.190589 0.008734 0.004990
0 0.604971 0.195342 0.008734 0.004990
0 0.631508 0.200095 0.008734 0.004990
0 0.714478 0.225998 0.008734 0.004990
0 0.789721 0.200095 0.008734 0.004990
0 0.802150 0.192966 0.008734 0.004990
0 0.815250 0.188213 0.008734 0.004990
0 0.830702 0.183698 0.008734 0.004990
0 0.853880 0.188213 0.008734 0.004990
0 0.877057 0.192966 0.008734 0.004990
0 0.900235 0.200095 0.008734 0.004990
0 0.127309 0.449144 0.008734 0.004990
0 0.206584 0.423241 0.008734 0.004990
0 0.219684 0.416112 0.008734 0.004990
0 0.233121 0.411359 0.008734 0.004990
0 0.248572 0.406606 0.008734 0.004990
0 0.273094 0.411359 0.008734 0.004990
0 0.297615 0.416112 0.008734 0.004990
0 0.321800 0.423241 0.008734 0.004990
0 0.392677 0.449144 0.008734 0.004990
0 0.480013 0.423241 0.008734 0.004990
0 0.494458 0.416112 0.008734 0.004990
0 0.508902 0.411359 0.008734 0.004990
0 0.524353 0.406606 0.008734 0.004990
0 0.551226 0.411359 0.008734 0.004990
0 0.578099 0.416112 0.008734 0.004990
0 0.604971 0.423241 0.008734 0.004990
0 0.686261 0.449144 0.008734 0.004990
0 0.770910 0.423241 0.008734 0.004990
0 0.785354 0.416112 0.008734 0.004990
0 0.799463 0.411359 0.008734 0.004990
0 0.814914 0.406606 0.008734 0.004990
0 0.841115 0.411359 0.008734 0.004990
0 0.867316 0.416112 0.008734 0.004990
0 0.893181 0.423241 0.008734 0.004990
0 0.134699 0.690589 0.008734 0.004990
0 0.211622 0.657557 0.008734 0.004990
0 0.229426 0.653042 0.008734 0.004990
0 0.242190 0.648289 0.008734 0.004990
0 0.257642 0.643536 0.008734 0.004990
0 0.281491 0.648289 0.008734 0.004990
0 0.305005 0.653042 0.008734 0.004990
0 0.328855 0.657557 0.008734 0.004990
0 0.411152 0.683698 0.008734 0.004990
0 0.487739 0.657557 0.008734 0.004990
0 0.500168 0.653042 0.008734 0.004990
0 0.513268 0.650665 0.008734 0.004990
0 0.534767 0.645913 0.008734 0.004990
0 0.558280 0.650665 0.008734 0.004990
0 0.581794 0.653042 0.008734 0.004990
0 0.605307 0.657557 0.008734 0.004990
0 0.672825 0.683698 0.008734 0.004990
0 0.774269 0.657557 0.008734 0.004990
0 0.787706 0.653042 0.008734 0.004990
0 0.801142 0.650665 0.008734 0.004990
0 0.822640 0.645913 0.008734 0.004990
0 0.847162 0.650665 0.008734 0.004990
0 0.872019 0.653042 0.008734 0.004990
0 0.896876 0.657557 0.008734 0.004990
0 0.127309 0.908745 0.008734 0.004990
0 0.211622 0.882842 0.008734 0.004990
0 0.225731 0.878089 0.008734 0.004990
0 0.239503 0.875713 0.008734 0.004990
0 0.261001 0.871198 0.008734 0.004990
0 0.286866 0.875713 0.008734 0.004990
0 0.313067 0.878089 0.008734 0.004990
0 0.338932 0.882842 0.008734 0.004990
0 0.420558 0.901854 0.008734 0.004990
0 0.526705 0.885219 0.008734 0.004990
0 0.539133 0.878089 0.008734 0.004990
0 0.552234 0.873574 0.008734 0.004990
0 0.567686 0.868821 0.008734 0.004990
0 0.590863 0.873574 0.008734 0.004990
0 0.614377 0.878089 0.008734 0.004990
0 0.637555 0.885219 0.008734 0.004990
0 0.722204 0.901854 0.008734 0.004990
0 0.795096 0.885219 0.008734 0.004990
0 0.807188 0.880466 0.008734 0.004990
0 0.819281 0.875713 0.008734 0.004990
0 0.834733 0.871198 0.008734 0.004990
0 0.857239 0.875713 0.008734 0.004990
0 0.879745 0.880466 0.008734 0.004990
0 0.902251 0.885219 0.008734 0.004990
0 0.807188 0.831274 0.008734 0.004990
0 0.834733 0.828897 0.008734 0.004990
0 0.902251 0.831274 0.008734 0.004990
0 0.238831 0.140209 0.008734 0.004990
0 0.267047 0.144962 0.008734 0.004990
0 0.267047 0.133080 0.008734 0.004990
0 0.334229 0.140209 0.008734 0.004990
0 0.334229 0.128327 0.008734 0.004990
0 0.522338 0.142586 0.008734 0.004990
0 0.552234 0.147338 0.008734 0.004990
0 0.552234 0.142586 0.008734 0.004990
0 0.552234 0.137833 0.008734 0.004990
0 0.631508 0.147338 0.008734 0.004990
0 0.631508 0.142586 0.008734 0.004990
0 0.631508 0.133080 0.008734 0.004990
0 0.802150 0.140209 0.008734 0.004990
0 0.830702 0.144962 0.008734 0.004990
0 0.830702 0.135456 0.008734 0.004990
0 0.900235 0.140209 0.008734 0.004990
0 0.900235 0.133080 0.008734 0.004990
0 0.219684 0.363356 0.008734 0.004990
0 0.248572 0.367871 0.008734 0.004990
0 0.248572 0.356226 0.008734 0.004990
0 0.321800 0.363356 0.008734 0.004990
0 0.321800 0.353850 0.008734 0.004990
0 0.494458 0.363356 0.008734 0.004990
0 0.524353 0.363356 0.008734 0.004990
0 0.524353 0.353850 0.008734 0.004990
0 0.604971 0.358603 0.008734 0.004990
0 0.604971 0.351473 0.008734 0.004990
0 0.785354 0.353850 0.008734 0.004990
0 0.814914 0.363356 0.008734 0.004990
0 0.814914 0.351473 0.008734 0.004990
0 0.893181 0.358603 0.008734 0.004990
0 0.893181 0.346721 0.008734 0.004990
0 0.229426 0.587928 0.008734 0.004990
0 0.229426 0.576046 0.008734 0.004990
0 0.257642 0.592681 0.008734 0.004990
0 0.257642 0.580798 0.008734 0.004990
0 0.328855 0.597433 0.008734 0.004990
0 0.328855 0.585551 0.008734 0.004990
0 0.500168 0.597433 0.008734 0.004990
0 0.534767 0.601949 0.008734 0.004990
0 0.534767 0.595057 0.008734 0.004990
0 0.605307 0.597433 0.008734 0.004990
0 0.605307 0.585551 0.008734 0.004990
0 0.787706 0.601949 0.008734 0.004990
0 0.822640 0.606702 0.008734 0.004990
0 0.822640 0.595057 0.008734 0.004990
0 0.896876 0.601949 0.008734 0.004990
0 0.896876 0.590304 0.008734 0.004990
0 0.225731 0.836027 0.008734 0.004990
0 0.261001 0.836027 0.008734 0.004990
0 0.261001 0.826521 0.008734 0.004990
0 0.338932 0.831274 0.008734 0.004990
0 0.338932 0.819392 0.008734 0.004990
0 0.539133 0.821768 0.008734 0.004990
0 0.567686 0.826521 0.008734 0.004990
0 0.567686 0.817015 0.008734 0.004990
0 0.637555 0.821768 0.008734 0.004990
0 0.637555 0.814876 0.008734 0.004990
0 0.807188 0.819392 0.008734 0.004990
0 0.834397 0.819392 0.009070 0.004990
0 0.154854 0.087452 0.008734 0.004990
0 0.199530 0.082937 0.008734 0.004990
0 0.267047 0.080561 0.008734 0.004990
0 0.311723 0.075808 0.008734 0.004990
0 0.356399 0.080561 0.008734 0.004990
0 0.422573 0.085314 0.008734 0.004990
0 0.462546 0.089829 0.008734 0.004990
0 0.493786 0.085314 0.008734 0.004990
0 0.552234 0.078184 0.008734 0.004990
0 0.631508 0.080561 0.008734 0.004990
0 0.714142 0.087452 0.013100 0.004990
0 0.164259 0.311549 0.008734 0.004990
0 0.193483 0.307034 0.008734 0.004990
0 0.248572 0.304658 0.008734 0.004990
0 0.321800 0.302281 0.008734 0.004990
0 0.392677 0.304658 0.008734 0.004990
0 0.433322 0.307034 0.008734 0.004990
0 0.465233 0.304658 0.008734 0.004990
0 0.524353 0.302281 0.008734 0.004990
0 0.604971 0.299905 0.008734 0.004990
0 0.686261 0.302281 0.008734 0.004990
0 0.725899 0.304658 0.008734 0.004990
0 0.756802 0.302281 0.008734 0.004990
0 0.814914 0.299905 0.008734 0.004990
0 0.893181 0.295152 0.008734 0.004990
0 0.134699 0.508793 0.008734 0.004990
0 0.198858 0.511169 0.008734 0.004990
0 0.257642 0.513546 0.008734 0.004990
0 0.305005 0.525190 0.008734 0.004990
0 0.352368 0.527567 0.008734 0.004990
0 0.411152 0.534696 0.013100 0.004990
0 0.672825 0.537072 0.008734 0.004990
0 0.731609 0.537072 0.008734 0.004990
0 0.761169 0.534696 0.008734 0.004990
0 0.822640 0.532319 0.008734 0.004990
0 0.896876 0.527567 0.008734 0.004990
0 0.127309 0.754990 0.008734 0.004990
0 0.166611 0.757367 0.008734 0.004990
0 0.197514 0.759743 0.008734 0.004990
0 0.261001 0.771625 0.008734 0.004990
0 0.338932 0.771625 0.008734 0.004990
0 0.420558 0.774002 0.008734 0.004990
0 0.436009 0.774002 0.006046 0.003565
0 0.451461 0.776378 0.008734 0.004990
0 0.508230 0.771625 0.008734 0.004990
0 0.567686 0.766873 0.008734 0.004990
0 0.614377 0.764496 0.008734 0.004990
0 0.660732 0.759743 0.008734 0.004990
0 0.721868 0.769249 0.013100 0.004990
