0 0.405442 0.889496 0.009070 0.005466
0 0.537118 0.889496 0.009070 0.005466
0 0.580786 0.894487 0.009070 0.005466
0 0.624790 0.897101 0.009070 0.005466
0 0.130668 0.229325 0.009070 0.005466
0 0.271750 0.211502 0.009070 0.005466
0 0.423581 0.249525 0.009070 0.005466
0 0.423581 0.231702 0.009070 0.005466
0 0.554921 0.246911 0.009070 0.005466
0 0.554921 0.229325 0.009070 0.005466
0 0.698690 0.244297 0.009070 0.005466
0 0.698690 0.226711 0.009070 0.005466
0 0.827007 0.208888 0.009070 0.005466
0 0.132684 0.472196 0.009070 0.005466
0 0.132684 0.454373 0.009070 0.005466
0 0.264696 0.454373 0.009070 0.005466
0 0.264696 0.436787 0.009070 0.005466
0 0.409809 0.456987 0.009070 0.005466
0 0.409809 0.439401 0.009070 0.005466
0 0.546859 0.474572 0.009070 0.005466
0 0.546859 0.456987 0.009070 0.005466
0 0.696339 0.477186 0.009070 0.005466
0 0.696339 0.459601 0.009070 0.005466
0 0.825999 0.474572 0.009070 0.005466
0 0.825999 0.456987 0.009070 0.005466
0 0.132684 0.690827 0.009070 0.005466
0 0.132684 0.673004 0.009070 0.005466
0 0.270406 0.690827 0.009070 0.005466
0 0.270406 0.673004 0.009070 0.005466
0 0.424924 0.688213 0.009070 0.005466
0 0.424924 0.670627 0.009070 0.005466
0 0.556937 0.688213 0.009070 0.005466
0 0.708095 0.680608 0.009070 0.005466
0 0.769903 0.663023 0.009070 0.005466
0 0.790729 0.663023 0.009070 0.005466
0 0.831710 0.678232 0.009070 0.005466
0 0.893517 0.663023 0.009070 0.005466
0 0.914343 0.663023 0.009070 0.005466
0 0.132684 0.894487 0.009070 0.005466
0 0.198522 0.881892 0.009070 0.005466
0 0.220356 0.881892 0.009070 0.005466
0 0.264360 0.892110 0.009070 0.005466
0 0.330198 0.881892 0.009070 0.005466
0 0.352032 0.881892 0.009070 0.005466
0 0.449446 0.881892 0.009070 0.005466
0 0.493114 0.881892 0.009070 0.005466
0 0.537118 0.881892 0.009070 0.005466
0 0.680887 0.897101 0.009070 0.005466
0 0.680887 0.881892 0.009070 0.005466
0 0.818273 0.899715 0.009070 0.005466
0 0.818273 0.881892 0.009070 0.005466
0 0.680887 0.848859 0.009070 0.005466
0 0.703729 0.838641 0.009070 0.005466
0 0.726906 0.836027 0.009070 0.005466
0 0.749748 0.838641 0.009070 0.005466
0 0.772590 0.836027 0.009070 0.005466
0 0.795432 0.838641 0.009070 0.005466
0 0.818273 0.876901 0.009070 0.005466
0 0.841115 0.838641 0.009070 0.005466
0 0.863957 0.836027 0.009070 0.005466
0 0.886799 0.838641 0.009070 0.005466
0 0.909641 0.836027 0.009070 0.005466
0 0.932482 0.838641 0.009070 0.005466
0 0.155526 0.219106 0.009070 0.005466
0 0.178703 0.214116 0.009070 0.005466
0 0.201881 0.203897 0.009070 0.005466
0 0.225395 0.214116 0.009070 0.005466
0 0.248572 0.219106 0.009070 0.005466
0 0.294928 0.176093 0.009070 0.005466
0 0.318105 0.171103 0.009070 0.005466
0 0.341283 0.163498 0.009070 0.005466
0 0.364797 0.171103 0.009070 0.005466
0 0.387974 0.176093 0.009070 0.005466
0 0.445415 0.183698 0.009070 0.005466
0 0.467249 0.178707 0.009070 0.005466
0 0.489083 0.166112 0.009070 0.005466
0 0.511253 0.178707 0.009070 0.005466
0 0.533087 0.183698 0.009070 0.005466
0 0.576755 0.186312 0.009070 0.005466
0 0.598589 0.178707 0.009070 0.005466
0 0.620423 0.168489 0.009070 0.005466
0 0.642593 0.178707 0.009070 0.005466
0 0.664427 0.186312 0.009070 0.005466
0 0.720188 0.214116 0.009070 0.005466
0 0.741350 0.203897 0.009070 0.005466
0 0.762849 0.171103 0.009070 0.005466
0 0.784347 0.203897 0.009070 0.005466
0 0.805845 0.214116 0.009070 0.005466
0 0.848505 0.178707 0.009070 0.005466
0 0.870003 0.171103 0.009070 0.005466
0 0.891166 0.161122 0.009070 0.005466
0 0.912664 0.171103 0.009070 0.005466
0 0.934162 0.178707 0.009070 0.005466
0 0.154854 0.441778 0.009070 0.005466
0 0.176688 0.406369 0.009070 0.005466
0 0.198522 0.398764 0.009070 0.005466
0 0.220692 0.406369 0.009070 0.005466
0 0.242526 0.441778 0.009070 0.005466
0 0.286530 0.406369 0.009070 0.005466
0 0.308364 0.398764 0.009070 0.005466
0 0.330534 0.388783 0.009070 0.005466
0 0.352368 0.398764 0.009070 0.005466
0 0.374202 0.406369 0.009070 0.005466
0 0.432650 0.403992 0.009070 0.005466
0 0.455492 0.396388 0.009070 0.005466
0 0.478334 0.391397 0.009070 0.005466
0 0.501176 0.396388 0.009070 0.005466
0 0.524017 0.403992 0.009070 0.005466
0 0.567350 0.439401 0.009070 0.005466
0 0.593886 0.408983 0.009070 0.005466
0 0.593886 0.403992 0.009070 0.005466
0 0.616728 0.396388 0.009070 0.005466
0 0.638226 0.408983 0.009070 0.005466
0 0.638226 0.403992 0.009070 0.005466
0 0.661068 0.439401 0.009070 0.005466
0 0.717837 0.411597 0.009070 0.005466
0 0.739335 0.406369 0.009070 0.005466
0 0.761169 0.393774 0.009070 0.005466
0 0.782667 0.406369 0.009070 0.005466
0 0.804165 0.411597 0.009070 0.005466
0 0.847497 0.413973 0.009070 0.005466
0 0.868996 0.406369 0.009070 0.005466
0 0.890830 0.396388 0.009070 0.005466
0 0.912328 0.406369 0.009070 0.005466
0 0.933826 0.413973 0.009070 0.005466
0 0.155862 0.660409 0.009070 0.005466
0 0.178703 0.625000 0.009070 0.005466
0 0.201545 0.617395 0.009070 0.005466
0 0.224723 0.625000 0.009070 0.005466
0 0.247565 0.660409 0.009070 0.005466
0 0.297615 0.660409 0.009070 0.005466
0 0.320457 0.625000 0.009070 0.005466
0 0.343635 0.620010 0.009070 0.005466
0 0.366476 0.625000 0.009070 0.005466
0 0.389318 0.660409 0.009070 0.005466
0 0.446758 0.658032 0.009070 0.005466
0 0.468928 0.652804 0.009070 0.005466
0 0.490763 0.620010 0.009070 0.005466
0 0.512932 0.652804 0.009070 0.005466
0 0.534767 0.658032 0.009070 0.005466
0 0.579106 0.660409 0.009070 0.005466
0 0.600941 0.655418 0.009070 0.005466
0 0.623111 0.622624 0.009070 0.005466
0 0.644945 0.655418 0.009070 0.005466
0 0.667115 0.660409 0.009070 0.005466
0 0.708095 0.658032 0.009070 0.005466
0 0.728586 0.620010 0.009070 0.005466
0 0.749412 0.615019 0.009070 0.005466
0 0.769903 0.620010 0.009070 0.005466
0 0.790729 0.658032 0.009070 0.005466
0 0.811219 0.620010 0.009070 0.005466
0 0.831710 0.655418 0.009070 0.005466
0 0.852536 0.620010 0.009070 0.005466
0 0.873027 0.612405 0.009070 0.005466
0 0.893517 0.620010 0.009070 0.005466
0 0.914343 0.655418 0.009070 0.005466
0 0.934834 0.620010 0.009070 0.005466
0 0.132684 0.846245 0.009070 0.005466
0 0.154518 0.838641 0.009070 0.005466
0 0.176688 0.828660 0.009070 0.005466
0 0.198522 0.838641 0.009070 0.005466
0 0.220356 0.846245 0.009070 0.005466
0 0.242190 0.838641 0.009070 0.005466
0 0.264360 0.843631 0.009070 0.005466
0 0.286194 0.838641 0.009070 0.005466
0 0.308028 0.826046 0.009070 0.005466
0 0.330198 0.838641 0.009070 0.005466
0 0.352032 0.843631 0.009070 0.005466
0 0.373866 0.838641 0.009070 0.005466
0 0.405442 0.841255 0.009070 0.005466
0 0.427276 0.838641 0.009070 0.005466
0 0.449446 0.823432 0.009070 0.005466
0 0.471280 0.838641 0.009070 0.005466
0 0.493114 0.841255 0.009070 0.005466
0 0.515284 0.838641 0.009070 0.005466
0 0.537118 0.841255 0.009070 0.005466
0 0.558952 0.838641 0.009070 0.005466
0 0.580786 0.846245 0.009070 0.005466
0 0.580786 0.828660 0.009070 0.005466
0 0.602956 0.838641 0.009070 0.005466
0 0.624790 0.848859 0.009070 0.005466
0 0.624790 0.831036 0.009070 0.005466
0 0.646624 0.838641 0.009070 0.005466
0 0.680887 0.831036 0.009070 0.005466
0 0.818273 0.833650 0.009070 0.005466
0 0.130668 0.099097 0.009070 0.005466
0 0.271750 0.101711 0.009070 0.005466
0 0.912664 0.109078 0.009070 0.005466
0 0.132684 0.336740 0.009070 0.005466
0 0.264696 0.324144 0.009070 0.005466
0 0.352368 0.326521 0.009070 0.005466
0 0.409809 0.329135 0.009070 0.005466
0 0.912328 0.334125 0.009070 0.005466
0 0.132684 0.564401 0.009070 0.005466
0 0.270406 0.554420 0.009070 0.005466
0 0.424924 0.554420 0.009741 0.005466
0 0.600941 0.554420 0.009070 0.005466
0 0.667115 0.569629 0.009070 0.005466
0 0.708095 0.567015 0.009070 0.005466
0 0.909641 0.785646 0.009070 0.005466
