0 0.127309 0.228375 0.008734 0.004990
0 0.200202 0.207224 0.008734 0.004990
0 0.222707 0.200095 0.008734 0.004990
0 0.222707 0.195342 0.008734 0.004990
0 0.251596 0.207224 0.008734 0.004990
0 0.297951 0.230751 0.008734 0.004990
0 0.371179 0.207224 0.008734 0.004990
0 0.393349 0.197719 0.008734 0.004990
0 0.393349 0.192966 0.008734 0.004990
0 0.422573 0.207224 0.008734 0.004990
0 0.463218 0.240019 0.008734 0.004990
0 0.536446 0.207224 0.008734 0.004990
0 0.558616 0.197719 0.008734 0.004990
0 0.558616 0.192966 0.008734 0.004990
0 0.587840 0.207224 0.008734 0.004990
0 0.628821 0.233127 0.008734 0.004990
0 0.703729 0.207224 0.008734 0.004990
0 0.726570 0.200095 0.008734 0.004990
0 0.726570 0.195342 0.008734 0.004990
0 0.756130 0.207224 0.008734 0.004990
0 0.802150 0.223622 0.008734 0.004990
0 0.875042 0.207224 0.008734 0.004990
0 0.897212 0.197719 0.008734 0.004990
0 0.897212 0.192966 0.008734 0.004990
0 0.926436 0.207224 0.008734 0.004990
0 0.132684 0.456274 0.008734 0.004990
0 0.203561 0.439876 0.008734 0.004990
0 0.225059 0.430371 0.008734 0.004990
0 0.225059 0.425618 0.008734 0.004990
0 0.253275 0.439876 0.008734 0.004990
0 0.311051 0.465779 0.008734 0.004990
0 0.378233 0.439876 0.008734 0.004990
0 0.399731 0.432747 0.008734 0.004990
0 0.399731 0.427994 0.008734 0.004990
0 0.426604 0.439876 0.008734 0.004990
0 0.465233 0.465779 0.008734 0.004990
0 0.531072 0.439876 0.008734 0.004990
0 0.552906 0.432747 0.008734 0.004990
0 0.552906 0.427994 0.008734 0.004990
0 0.579106 0.439876 0.008734 0.004990
0 0.619416 0.465779 0.008734 0.004990
0 0.686261 0.439876 0.008734 0.004990
0 0.708095 0.432747 0.008734 0.004990
0 0.708095 0.427994 0.008734 0.004990
0 0.748069 0.439876 0.008734 0.004990
0 0.806517 0.456274 0.008734 0.004990
0 0.871347 0.439876 0.008734 0.004990
0 0.890830 0.430371 0.008734 0.004990
0 0.890830 0.425618 0.008734 0.004990
0 0.916359 0.439876 0.008734 0.004990
0 0.127309 0.672053 0.008734 0.004990
0 0.195499 0.655656 0.008734 0.004990
0 0.216325 0.646150 0.008734 0.004990
0 0.216325 0.641397 0.008734 0.004990
0 0.243534 0.655656 0.008734 0.004990
0 0.296607 0.681559 0.008734 0.004990
0 0.360766 0.655656 0.008734 0.004990
0 0.379913 0.648527 0.008734 0.004990
0 0.379913 0.643774 0.008734 0.004990
0 0.405442 0.655656 0.008734 0.004990
0 0.442392 0.676806 0.008734 0.004990
0 0.512597 0.655656 0.008734 0.004990
0 0.534095 0.648527 0.008734 0.004990
0 0.534095 0.643774 0.008734 0.004990
0 0.562311 0.655656 0.008734 0.004990
0 0.607323 0.679183 0.008734 0.004990
0 0.674840 0.655656 0.008734 0.004990
0 0.695331 0.646150 0.008734 0.004990
0 0.695331 0.641397 0.008734 0.004990
0 0.722539 0.655656 0.008734 0.004990
0 0.760833 0.672053 0.008734 0.004990
0 0.838092 0.655656 0.008734 0.004990
0 0.863957 0.646150 0.008734 0.004990
0 0.863957 0.641397 0.008734 0.004990
0 0.909641 0.655656 0.008734 0.004990
0 0.132348 0.911122 0.008734 0.004990
0 0.194827 0.885219 0.008734 0.004990
0 0.216325 0.878089 0.008734 0.004990
0 0.216325 0.873574 0.008734 0.004990
0 0.241182 0.885219 0.008734 0.004990
0 0.277461 0.901854 0.008734 0.004990
0 0.338596 0.885219 0.008734 0.004990
0 0.356735 0.875713 0.008734 0.004990
0 0.356735 0.871198 0.008734 0.004990
0 0.380584 0.885219 0.008734 0.004990
0 0.414847 0.911122 0.008734 0.004990
0 0.472623 0.885219 0.008734 0.004990
0 0.489419 0.878089 0.008734 0.004990
0 0.489419 0.873574 0.008734 0.004990
0 0.511925 0.885219 0.008734 0.004990
0 0.545852 0.906369 0.008734 0.004990
0 0.606651 0.885219 0.008734 0.004990
0 0.625126 0.878089 0.008734 0.004990
0 0.625126 0.873574 0.008734 0.004990
0 0.648975 0.885219 0.008734 0.004990
0 0.689620 0.908745 0.008734 0.004990
0 0.750756 0.885219 0.008734 0.004990
0 0.769231 0.875713 0.008734 0.004990
0 0.769231 0.871198 0.008734 0.004990
0 0.793080 0.885219 0.008734 0.004990
0 0.828687 0.901854 0.008734 0.004990
0 0.889486 0.885219 0.008734 0.004990
0 0.907961 0.875713 0.008734 0.004990
0 0.907961 0.871198 0.008734 0.004990
0 0.931811 0.885219 0.008734 0.004990
0 0.127309 0.147101 0.008734 0.004990
0 0.127309 0.139971 0.008734 0.004990
0 0.127309 0.130466 0.008734 0.004990
0 0.152503 0.147101 0.008734 0.004990
0 0.152503 0.139971 0.008734 0.004990
0 0.152503 0.130466 0.008734 0.004990
0 0.188781 0.147101 0.008734 0.004990
0 0.188781 0.139971 0.008734 0.004990
0 0.188781 0.130466 0.008734 0.004990
0 0.222707 0.147101 0.008734 0.004990
0 0.222707 0.139971 0.008734 0.004990
0 0.222707 0.130466 0.008734 0.004990
0 0.251596 0.149477 0.008734 0.004990
0 0.251596 0.139971 0.008734 0.004990
0 0.251596 0.132842 0.008734 0.004990
0 0.297951 0.151854 0.008734 0.004990
0 0.289889 0.137595 0.008734 0.004990
0 0.297951 0.135219 0.008734 0.004990
0 0.323144 0.151854 0.008734 0.004990
0 0.315082 0.137595 0.008734 0.004990
0 0.323144 0.135219 0.008734 0.004990
0 0.359758 0.151854 0.008734 0.004990
0 0.351696 0.137595 0.008734 0.004990
0 0.359758 0.135219 0.008734 0.004990
0 0.393349 0.151854 0.008734 0.004990
0 0.385623 0.137595 0.008734 0.004990
0 0.393349 0.135219 0.008734 0.004990
0 0.422573 0.149477 0.008734 0.004990
0 0.422573 0.137595 0.008734 0.004990
0 0.422573 0.132842 0.008734 0.004990
0 0.463218 0.147101 0.008734 0.004990
0 0.463218 0.137595 0.008734 0.004990
0 0.463218 0.130466 0.008734 0.004990
0 0.488411 0.147101 0.008734 0.004990
0 0.488411 0.137595 0.008734 0.004990
0 0.488411 0.130466 0.008734 0.004990
0 0.525025 0.147101 0.008734 0.004990
0 0.525025 0.137595 0.008734 0.004990
0 0.525025 0.130466 0.008734 0.004990
0 0.558616 0.147101 0.008734 0.004990
0 0.558616 0.137595 0.008734 0.004990
0 0.558616 0.130466 0.008734 0.004990
0 0.587840 0.149477 0.008734 0.004990
0 0.587840 0.137595 0.008734 0.004990
0 0.587840 0.132842 0.008734 0.004990
0 0.628821 0.151854 0.008734 0.004990
0 0.628821 0.139971 0.008734 0.004990
0 0.628821 0.135219 0.008734 0.004990
0 0.654350 0.151854 0.008734 0.004990
0 0.654350 0.139971 0.008734 0.004990
0 0.654350 0.135219 0.008734 0.004990
0 0.691972 0.151854 0.008734 0.004990
0 0.691972 0.139971 0.008734 0.004990
0 0.691972 0.135219 0.008734 0.004990
0 0.726570 0.151854 0.008734 0.004990
0 0.726570 0.139971 0.008734 0.004990
0 0.726570 0.135219 0.008734 0.004990
0 0.756130 0.149477 0.008734 0.004990
0 0.756130 0.139971 0.008734 0.004990
0 0.756130 0.132842 0.008734 0.004990
0 0.802150 0.147101 0.008734 0.004990
0 0.802150 0.137595 0.008734 0.004990
0 0.802150 0.130466 0.008734 0.004990
0 0.827007 0.147101 0.008734 0.004990
0 0.827007 0.137595 0.008734 0.004990
0 0.827007 0.130466 0.008734 0.004990
0 0.863621 0.147101 0.008734 0.004990
0 0.863621 0.137595 0.008734 0.004990
0 0.863621 0.130466 0.008734 0.004990
0 0.897212 0.147101 0.008734 0.004990
0 0.897212 0.137595 0.008734 0.004990
0 0.897212 0.130466 0.008734 0.004990
0 0.926436 0.149477 0.008734 0.004990
0 0.926436 0.137595 0.008734 0.004990
0 0.926436 0.132842 0.008734 0.004990
0 0.132684 0.383317 0.008734 0.004990
0 0.124622 0.369297 0.008734 0.004990
0 0.132684 0.366920 0.008734 0.004990
0 0.156869 0.383317 0.008734 0.004990
0 0.149143 0.369297 0.008734 0.004990
0 0.156869 0.366920 0.008734 0.004990
0 0.192476 0.383317 0.008734 0.004990
0 0.184414 0.369297 0.008734 0.004990
0 0.192476 0.366920 0.008734 0.004990
0 0.225059 0.383317 0.008734 0.004990
0 0.216997 0.369297 0.008734 0.004990
0 0.225059 0.366920 0.008734 0.004990
0 0.253275 0.380941 0.008734 0.004990
0 0.253275 0.369297 0.008734 0.004990
0 0.253275 0.364544 0.008734 0.004990
0 0.311051 0.378802 0.008734 0.004990
0 0.311051 0.371673 0.008734 0.004990
0 0.311051 0.362167 0.008734 0.004990
0 0.334229 0.378802 0.008734 0.004990
0 0.334229 0.371673 0.008734 0.004990
0 0.334229 0.362167 0.008734 0.004990
0 0.367484 0.378802 0.008734 0.004990
0 0.367484 0.371673 0.008734 0.004990
0 0.367484 0.362167 0.008734 0.004990
0 0.399731 0.378802 0.008734 0.004990
0 0.399731 0.371673 0.008734 0.004990
0 0.399731 0.362167 0.008734 0.004990
0 0.426604 0.380941 0.008734 0.004990
0 0.426604 0.371673 0.008734 0.004990
0 0.426604 0.364544 0.008734 0.004990
0 0.465233 0.383317 0.008734 0.004990
0 0.465233 0.371673 0.008734 0.004990
0 0.465233 0.366920 0.008734 0.004990
0 0.488075 0.383317 0.008734 0.004990
0 0.488075 0.371673 0.008734 0.004990
0 0.488075 0.366920 0.008734 0.004990
0 0.520658 0.383317 0.008734 0.004990
0 0.520658 0.371673 0.008734 0.004990
0 0.520658 0.366920 0.008734 0.004990
0 0.552906 0.383317 0.008734 0.004990
0 0.552906 0.371673 0.008734 0.004990
0 0.552906 0.366920 0.008734 0.004990
0 0.579106 0.380941 0.008734 0.004990
0 0.579106 0.371673 0.008734 0.004990
0 0.579106 0.364544 0.008734 0.004990
0 0.619416 0.378802 0.008734 0.004990
0 0.619416 0.371673 0.008734 0.004990
0 0.619416 0.362167 0.008734 0.004990
0 0.642593 0.378802 0.008734 0.004990
0 0.642593 0.371673 0.008734 0.004990
0 0.642593 0.362167 0.008734 0.004990
0 0.675848 0.378802 0.008734 0.004990
0 0.675848 0.371673 0.008734 0.004990
0 0.675848 0.362167 0.008734 0.004990
0 0.708095 0.378802 0.008734 0.004990
0 0.708095 0.371673 0.008734 0.004990
0 0.708095 0.362167 0.008734 0.004990
0 0.748069 0.380941 0.008734 0.004990
0 0.748069 0.371673 0.008734 0.004990
0 0.748069 0.364544 0.008734 0.004990
0 0.806517 0.383317 0.008734 0.004990
0 0.798791 0.369297 0.008734 0.004990
0 0.806517 0.366920 0.008734 0.004990
0 0.828687 0.383317 0.008734 0.004990
0 0.820625 0.369297 0.008734 0.004990
0 0.828687 0.366920 0.008734 0.004990
0 0.860934 0.383317 0.008734 0.004990
0 0.852872 0.369297 0.008734 0.004990
0 0.860934 0.366920 0.008734 0.004990
0 0.890830 0.383317 0.008734 0.004990
0 0.882768 0.369297 0.008734 0.004990
0 0.890830 0.366920 0.008734 0.004990
0 0.916359 0.380941 0.008734 0.004990
0 0.916359 0.369297 0.008734 0.004990
0 0.916359 0.364544 0.008734 0.004990
0 0.127309 0.603137 0.008734 0.004990
0 0.127309 0.593631 0.008734 0.004990
0 0.127309 0.586502 0.008734 0.004990
0 0.150823 0.603137 0.008734 0.004990
0 0.150823 0.593631 0.008734 0.004990
0 0.150823 0.586502 0.008734 0.004990
0 0.184750 0.603137 0.008734 0.004990
0 0.184750 0.593631 0.008734 0.004990
0 0.184750 0.586502 0.008734 0.004990
0 0.216325 0.603137 0.008734 0.004990
0 0.216325 0.593631 0.008734 0.004990
0 0.216325 0.586502 0.008734 0.004990
0 0.243534 0.605513 0.008734 0.004990
0 0.243534 0.593631 0.008734 0.004990
0 0.243534 0.588878 0.008734 0.004990
0 0.296607 0.607652 0.008734 0.004990
0 0.296607 0.596008 0.008734 0.004990
0 0.296607 0.591255 0.008734 0.004990
0 0.318441 0.607652 0.008734 0.004990
0 0.318441 0.596008 0.008734 0.004990
0 0.318441 0.591255 0.008734 0.004990
0 0.350353 0.607652 0.008734 0.004990
0 0.350353 0.596008 0.008734 0.004990
0 0.350353 0.591255 0.008734 0.004990
0 0.379913 0.607652 0.008734 0.004990
0 0.379913 0.596008 0.008734 0.004990
0 0.379913 0.591255 0.008734 0.004990
0 0.405442 0.605513 0.008734 0.004990
0 0.405442 0.596008 0.008734 0.004990
0 0.405442 0.588878 0.008734 0.004990
0 0.442392 0.603137 0.008734 0.004990
0 0.442392 0.596008 0.008734 0.004990
0 0.442392 0.586502 0.008734 0.004990
0 0.466577 0.603137 0.008734 0.004990
0 0.466577 0.596008 0.008734 0.004990
0 0.466577 0.586502 0.008734 0.004990
0 0.501847 0.603137 0.008734 0.004990
0 0.501847 0.596008 0.008734 0.004990
0 0.501847 0.586502 0.008734 0.004990
0 0.534095 0.603137 0.008734 0.004990
0 0.534095 0.596008 0.008734 0.004990
0 0.534095 0.586502 0.008734 0.004990
0 0.562311 0.605513 0.008734 0.004990
0 0.562311 0.596008 0.008734 0.004990
0 0.562311 0.588878 0.008734 0.004990
0 0.607323 0.607652 0.008734 0.004990
0 0.599597 0.593631 0.008734 0.004990
0 0.607323 0.591255 0.008734 0.004990
0 0.630501 0.607652 0.008734 0.004990
0 0.622775 0.593631 0.008734 0.004990
0 0.630501 0.591255 0.008734 0.004990
0 0.664427 0.607652 0.008734 0.004990
0 0.656365 0.593631 0.008734 0.004990
0 0.664427 0.591255 0.008734 0.004990
0 0.695331 0.607652 0.008734 0.004990
0 0.687605 0.593631 0.008734 0.004990
0 0.695331 0.591255 0.008734 0.004990
0 0.722539 0.605513 0.008734 0.004990
0 0.722539 0.593631 0.008734 0.004990
0 0.722539 0.588878 0.008734 0.004990
0 0.760833 0.603137 0.008734 0.004990
0 0.760833 0.593631 0.008734 0.004990
0 0.760833 0.586502 0.008734 0.004990
0 0.787370 0.603137 0.008734 0.004990
0 0.787370 0.593631 0.008734 0.004990
0 0.787370 0.586502 0.008734 0.004990
0 0.825999 0.603137 0.008734 0.004990
0 0.825999 0.593631 0.008734 0.004990
0 0.825999 0.586502 0.008734 0.004990
0 0.863957 0.603137 0.008734 0.004990
0 0.863957 0.593631 0.008734 0.004990
0 0.863957 0.586502 0.008734 0.004990
0 0.909641 0.605513 0.008734 0.004990
0 0.909641 0.593631 0.008734 0.004990
0 0.909641 0.588878 0.008734 0.004990
0 0.132348 0.829135 0.008734 0.004990
0 0.132348 0.817253 0.008734 0.004990
0 0.132348 0.812500 0.008734 0.004990
0 0.153510 0.829135 0.008734 0.004990
0 0.153510 0.817253 0.008734 0.004990
0 0.153510 0.812500 0.008734 0.004990
0 0.184078 0.829135 0.008734 0.004990
0 0.184078 0.817253 0.008734 0.004990
0 0.184078 0.812500 0.008734 0.004990
0 0.216325 0.829135 0.008734 0.004990
0 0.216325 0.817253 0.008734 0.004990
0 0.216325 0.812500 0.008734 0.004990
0 0.241182 0.826759 0.008734 0.004990
0 0.241182 0.817253 0.008734 0.004990
0 0.241182 0.810124 0.008734 0.004990
0 0.277461 0.824382 0.008734 0.004990
0 0.277461 0.814876 0.008734 0.004990
0 0.277461 0.807747 0.008734 0.004990
0 0.297951 0.824382 0.008734 0.004990
0 0.297951 0.814876 0.008734 0.004990
0 0.297951 0.807747 0.008734 0.004990
0 0.327847 0.824382 0.008734 0.004990
0 0.327847 0.814876 0.008734 0.004990
0 0.327847 0.807747 0.008734 0.004990
0 0.356735 0.824382 0.008734 0.004990
0 0.356735 0.814876 0.008734 0.004990
0 0.356735 0.807747 0.008734 0.004990
0 0.380584 0.826759 0.008734 0.004990
0 0.380584 0.814876 0.008734 0.004990
0 0.380584 0.810124 0.008734 0.004990
0 0.414847 0.829135 0.008734 0.004990
0 0.414847 0.817253 0.008734 0.004990
0 0.414847 0.812500 0.008734 0.004990
0 0.433994 0.829135 0.008734 0.004990
0 0.433994 0.817253 0.008734 0.004990
0 0.433994 0.812500 0.008734 0.004990
0 0.462210 0.829135 0.008734 0.004990
0 0.462210 0.817253 0.008734 0.004990
0 0.462210 0.812500 0.008734 0.004990
0 0.489419 0.829135 0.008734 0.004990
0 0.489419 0.817253 0.008734 0.004990
0 0.489419 0.812500 0.008734 0.004990
0 0.511925 0.826759 0.008734 0.004990
0 0.511925 0.817253 0.008734 0.004990
0 0.511925 0.810124 0.008734 0.004990
0 0.545852 0.824382 0.008734 0.004990
0 0.545852 0.817253 0.008734 0.004990
0 0.545852 0.807747 0.008734 0.004990
0 0.566342 0.824382 0.008734 0.004990
0 0.566342 0.817253 0.008734 0.004990
0 0.566342 0.807747 0.008734 0.004990
0 0.596238 0.824382 0.008734 0.004990
0 0.596238 0.817253 0.008734 0.004990
0 0.596238 0.807747 0.008734 0.004990
0 0.625126 0.824382 0.008734 0.004990
0 0.625126 0.817253 0.008734 0.004990
0 0.625126 0.807747 0.008734 0.004990
0 0.648975 0.826759 0.008734 0.004990
0 0.648975 0.817253 0.008734 0.004990
0 0.648975 0.810124 0.008734 0.004990
0 0.689620 0.829135 0.008734 0.004990
0 0.681895 0.814876 0.008734 0.004990
0 0.689620 0.812500 0.008734 0.004990
0 0.710447 0.829135 0.008734 0.004990
0 0.702385 0.814876 0.008734 0.004990
0 0.710447 0.812500 0.008734 0.004990
0 0.740343 0.829135 0.008734 0.004990
0 0.732617 0.814876 0.008734 0.004990
0 0.740343 0.812500 0.008734 0.004990
0 0.769231 0.829135 0.008734 0.004990
0 0.761169 0.814876 0.008734 0.004990
0 0.769231 0.812500 0.008734 0.004990
0 0.793080 0.826759 0.008734 0.004990
0 0.793080 0.814876 0.008734 0.004990
0 0.793080 0.810124 0.008734 0.004990
0 0.828687 0.824382 0.008734 0.004990
0 0.828687 0.814876 0.008734 0.004990
0 0.828687 0.807747 0.008734 0.004990
0 0.849177 0.824382 0.008734 0.004990
0 0.849177 0.814876 0.008734 0.004990
0 0.849177 0.807747 0.008734 0.004990
0 0.879073 0.824382 0.008734 0.004990
0 0.879073 0.814876 0.008734 0.004990
0 0.879073 0.807747 0.008734 0.004990
0 0.907961 0.824382 0.008734 0.004990
0 0.907961 0.814876 0.008734 0.004990
0 0.907961 0.807747 0.008734 0.004990
0 0.931811 0.826759 0.008734 0.004990
0 0.931811 0.814876 0.008734 0.004990
0 0.931811 0.810124 0.008734 0.004990
0 0.127309 0.092205 0.008734 0.004990
0 0.628485 0.087452 0.009070 0.004990
0 0.801814 0.089829 0.009070 0.004990
0 0.132684 0.319629 0.008734 0.004990
0 0.156869 0.319629 0.008734 0.004990
0 0.192476 0.317253 0.008734 0.004990
0 0.225059 0.314876 0.008734 0.004990
0 0.253275 0.312500 0.008734 0.004990
0 0.274773 0.319629 0.008734 0.004990
0 0.310715 0.317253 0.009070 0.004990
0 0.465233 0.312500 0.008734 0.004990
0 0.504199 0.300618 0.008734 0.004990
0 0.579106 0.302994 0.008734 0.004990
0 0.619416 0.295865 0.008734 0.004990
0 0.659389 0.312500 0.008734 0.004990
0 0.708095 0.310124 0.008734 0.004990
0 0.731273 0.312500 0.008734 0.004990
0 0.764528 0.314876 0.008734 0.004990
0 0.806517 0.312500 0.008734 0.004990
0 0.871347 0.310124 0.008734 0.004990
0 0.890830 0.312500 0.008734 0.004990
0 0.936177 0.310124 0.008734 0.004990
0 0.127309 0.545152 0.008734 0.004990
0 0.195499 0.542776 0.008734 0.004990
0 0.216325 0.545152 0.008734 0.004990
0 0.264360 0.542776 0.008734 0.004990
0 0.296607 0.545152 0.009070 0.004990
0 0.442392 0.545152 0.008734 0.004990
0 0.562311 0.545152 0.008734 0.004990
0 0.607323 0.531131 0.009070 0.004990
0 0.760833 0.531131 0.008734 0.004990
0 0.806853 0.547529 0.008734 0.004990
0 0.838092 0.545152 0.008734 0.004990
0 0.863957 0.542776 0.008734 0.004990
0 0.890494 0.545152 0.008734 0.004990
0 0.929123 0.547529 0.008734 0.004990
0 0.132348 0.760932 0.008734 0.004990
0 0.216325 0.765684 0.008734 0.004990
0 0.199866 0.765684 0.006046 0.003565
0 0.207256 0.763308 0.006046 0.003565
0 0.277461 0.765684 0.008734 0.004990
0 0.356735 0.768061 0.008734 0.004990
0 0.414511 0.770437 0.009070 0.004990
0 0.545852 0.770437 0.008734 0.004990
