0 0.726234 0.246435 0.010077 0.005703
0 0.726234 0.228137 0.010077 0.005703
0 0.142089 0.480751 0.010077 0.005703
0 0.142089 0.462690 0.010077 0.005703
0 0.153510 0.914449 0.009405 0.005703
0 0.153510 0.896388 0.009405 0.005703
0 0.285522 0.885932 0.009405 0.005703
0 0.499832 0.885932 0.009405 0.005703
0 0.141082 0.243821 0.009405 0.005703
0 0.184750 0.225523 0.009405 0.005703
0 0.244206 0.243821 0.009405 0.005703
0 0.298623 0.238593 0.009405 0.005703
0 0.351696 0.220532 0.009405 0.005703
0 0.442392 0.235979 0.009405 0.005703
0 0.494122 0.217918 0.009405 0.005703
0 0.562983 0.233365 0.009405 0.005703
0 0.631844 0.215304 0.009405 0.005703
0 0.834397 0.217918 0.009405 0.005703
0 0.834397 0.210076 0.009405 0.005703
0 0.834397 0.204848 0.009405 0.005703
0 0.141753 0.444392 0.009405 0.005703
0 0.141753 0.439163 0.009405 0.005703
0 0.141753 0.434173 0.009405 0.005703
0 0.268727 0.470295 0.009405 0.005703
0 0.268727 0.465304 0.009405 0.005703
0 0.268727 0.457462 0.009405 0.005703
0 0.411824 0.475523 0.010077 0.005703
0 0.486396 0.457462 0.010077 0.005703
0 0.573732 0.478137 0.009405 0.005703
0 0.573732 0.460076 0.009405 0.005703
0 0.770238 0.488593 0.009405 0.005703
0 0.770238 0.470295 0.009405 0.005703
0 0.149143 0.677757 0.009405 0.005703
0 0.149143 0.659696 0.009405 0.005703
0 0.255626 0.680371 0.009405 0.005703
0 0.255626 0.662310 0.009405 0.005703
0 0.415183 0.685599 0.009405 0.005703
0 0.415183 0.667538 0.009405 0.005703
0 0.619080 0.682985 0.009405 0.005703
0 0.619080 0.664924 0.009405 0.005703
0 0.802150 0.682985 0.009405 0.005703
0 0.802150 0.664924 0.009405 0.005703
0 0.202553 0.867871 0.009405 0.005703
0 0.227074 0.872861 0.009405 0.005703
0 0.285522 0.875475 0.009405 0.005703
0 0.320121 0.878089 0.009405 0.005703
0 0.335573 0.875475 0.009405 0.005703
0 0.371515 0.896388 0.009405 0.005703
0 0.371515 0.878089 0.009405 0.005703
0 0.427276 0.867871 0.009405 0.005703
0 0.455156 0.872861 0.009405 0.005703
0 0.499832 0.875475 0.009405 0.005703
0 0.534767 0.878089 0.009405 0.005703
0 0.552234 0.875475 0.009405 0.005703
0 0.593886 0.903992 0.009405 0.005703
0 0.593886 0.885932 0.009405 0.005703
0 0.655022 0.903992 0.009405 0.005703
0 0.655022 0.885932 0.009405 0.005703
0 0.716157 0.903992 0.009405 0.005703
0 0.716157 0.885932 0.009405 0.005703
0 0.790057 0.914449 0.009405 0.005703
0 0.790057 0.909221 0.009405 0.005703
0 0.790057 0.903992 0.009405 0.005703
0 0.790057 0.896388 0.009405 0.005703
0 0.818609 0.914449 0.009405 0.005703
0 0.818609 0.896388 0.009405 0.005703
0 0.294256 0.828897 0.009405 0.005703
0 0.320121 0.831511 0.009405 0.005703
0 0.335573 0.828897 0.009405 0.005703
0 0.371515 0.831511 0.009405 0.005703
0 0.508566 0.828897 0.009405 0.005703
0 0.534767 0.831511 0.009405 0.005703
0 0.552234 0.828897 0.009405 0.005703
0 0.141082 0.162548 0.009405 0.005703
0 0.141082 0.157319 0.009405 0.005703
0 0.141082 0.144487 0.009405 0.005703
0 0.298623 0.170390 0.009405 0.005703
0 0.298623 0.157319 0.009405 0.005703
0 0.298623 0.152329 0.009405 0.005703
0 0.442392 0.167776 0.009405 0.005703
0 0.442392 0.154943 0.009405 0.005703
0 0.442392 0.149715 0.009405 0.005703
0 0.562983 0.165162 0.009405 0.005703
0 0.562983 0.152329 0.009405 0.005703
0 0.562983 0.147101 0.009405 0.005703
0 0.726234 0.159933 0.009405 0.005703
0 0.726234 0.147101 0.009405 0.005703
0 0.726234 0.141873 0.009405 0.005703
0 0.834397 0.154943 0.009405 0.005703
0 0.834397 0.147101 0.009405 0.005703
0 0.834397 0.141873 0.009405 0.005703
0 0.834397 0.136644 0.009405 0.005703
0 0.141753 0.391397 0.009405 0.005703
0 0.141753 0.386169 0.009405 0.005703
0 0.141753 0.380941 0.009405 0.005703
0 0.141753 0.373099 0.009405 0.005703
0 0.268727 0.386169 0.009405 0.005703
0 0.268727 0.380941 0.009405 0.005703
0 0.268727 0.373099 0.009405 0.005703
0 0.268727 0.367871 0.009405 0.005703
0 0.411824 0.399002 0.010077 0.005703
0 0.411824 0.391397 0.010077 0.005703
0 0.411824 0.380941 0.010077 0.005703
0 0.573732 0.396388 0.009405 0.005703
0 0.573732 0.383555 0.009405 0.005703
0 0.573732 0.378327 0.009405 0.005703
0 0.770238 0.393774 0.009405 0.005703
0 0.770238 0.388783 0.009405 0.005703
0 0.770238 0.380941 0.009405 0.005703
0 0.770238 0.375713 0.009405 0.005703
0 0.149143 0.631179 0.009405 0.005703
0 0.149143 0.623337 0.009405 0.005703
0 0.149143 0.612880 0.009405 0.005703
0 0.255626 0.628565 0.009405 0.005703
0 0.255626 0.615494 0.009405 0.005703
0 0.255626 0.610504 0.009405 0.005703
0 0.415183 0.615494 0.009405 0.005703
0 0.415183 0.607890 0.009405 0.005703
0 0.415183 0.602662 0.009405 0.005703
0 0.415183 0.597433 0.009405 0.005703
0 0.619080 0.623337 0.009405 0.005703
0 0.619080 0.610504 0.009405 0.005703
0 0.619080 0.605276 0.009405 0.005703
0 0.802150 0.623337 0.009405 0.005703
0 0.802150 0.618108 0.009405 0.005703
0 0.802150 0.607890 0.009405 0.005703
0 0.810548 0.605276 0.009405 0.005703
0 0.153510 0.839116 0.009405 0.005703
0 0.153510 0.831511 0.009405 0.005703
0 0.153510 0.826283 0.009405 0.005703
0 0.153510 0.821055 0.009405 0.005703
0 0.202553 0.821055 0.009405 0.005703
0 0.227074 0.826283 0.009405 0.005703
0 0.285522 0.826283 0.009405 0.005703
0 0.285522 0.821055 0.009405 0.005703
0 0.258314 0.828660 0.006718 0.003802
0 0.266376 0.826046 0.006718 0.003802
0 0.266376 0.820817 0.006718 0.003802
0 0.371515 0.826283 0.009405 0.005703
0 0.371515 0.821055 0.009405 0.005703
0 0.427276 0.821055 0.009405 0.005703
0 0.455156 0.826283 0.009405 0.005703
0 0.499832 0.826283 0.009405 0.005703
0 0.499832 0.821055 0.009405 0.005703
0 0.472623 0.828660 0.006718 0.003802
0 0.480685 0.826046 0.006718 0.003802
0 0.480685 0.820817 0.006718 0.003802
0 0.593886 0.839116 0.009405 0.005703
0 0.593886 0.833888 0.009405 0.005703
0 0.593886 0.828897 0.009405 0.005703
0 0.593886 0.821055 0.009405 0.005703
0 0.620087 0.821055 0.009405 0.005703
0 0.633524 0.821055 0.009405 0.005703
0 0.655022 0.839116 0.009405 0.005703
0 0.655022 0.833888 0.009405 0.005703
0 0.655022 0.828897 0.009405 0.005703
0 0.655022 0.821055 0.009405 0.005703
0 0.681223 0.821055 0.009405 0.005703
0 0.694659 0.821055 0.009405 0.005703
0 0.716157 0.839116 0.009405 0.005703
0 0.716157 0.833888 0.009405 0.005703
0 0.716157 0.828897 0.009405 0.005703
0 0.716157 0.821055 0.009405 0.005703
0 0.742358 0.821055 0.009405 0.005703
0 0.755794 0.821055 0.009405 0.005703
0 0.790057 0.831511 0.009405 0.005703
0 0.790057 0.826283 0.009405 0.005703
0 0.790057 0.821055 0.009405 0.005703
0 0.790057 0.813213 0.009405 0.005703
0 0.818609 0.831511 0.009405 0.005703
0 0.430635 0.305371 0.007054 0.003802
0 0.578435 0.302757 0.006718 0.003802
0 0.141082 0.075095 0.009405 0.005703
0 0.211958 0.093156 0.009405 0.005703
0 0.244206 0.093156 0.009405 0.005703
0 0.298623 0.082937 0.009405 0.005703
0 0.351696 0.085314 0.009405 0.005703
0 0.379241 0.082937 0.009405 0.005703
0 0.442392 0.080323 0.009405 0.005703
0 0.494122 0.082937 0.009405 0.005703
0 0.520658 0.080323 0.009405 0.005703
0 0.562983 0.077709 0.009405 0.005703
0 0.631844 0.080323 0.009405 0.005703
0 0.666107 0.077709 0.009405 0.005703
0 0.726234 0.072481 0.009405 0.005703
0 0.771582 0.075095 0.009405 0.005703
0 0.797111 0.072481 0.009405 0.005703
0 0.895197 0.075095 0.009405 0.005703
0 0.918374 0.072481 0.009405 0.005703
0 0.191804 0.307985 0.009405 0.005703
0 0.224387 0.305371 0.009405 0.005703
0 0.318777 0.307985 0.009405 0.005703
0 0.346658 0.305371 0.009405 0.005703
0 0.411824 0.300143 0.010077 0.005703
0 0.573732 0.297766 0.009405 0.005703
0 0.717501 0.326283 0.009405 0.005703
0 0.770238 0.318441 0.009405 0.005703
0 0.836412 0.307985 0.009405 0.005703
0 0.869667 0.313213 0.009405 0.005703
0 0.149143 0.550143 0.009405 0.005703
0 0.131004 0.550143 0.006718 0.003802
0 0.139066 0.547529 0.006718 0.003802
0 0.194827 0.552757 0.009405 0.005703
0 0.218341 0.550143 0.009405 0.005703
0 0.255626 0.547529 0.009405 0.005703
0 0.316762 0.550143 0.009405 0.005703
0 0.364797 0.552757 0.009405 0.005703
0 0.415183 0.534696 0.009405 0.005703
0 0.489755 0.534696 0.009405 0.005703
0 0.528048 0.537310 0.009405 0.005703
0 0.561303 0.539924 0.009405 0.005703
0 0.619080 0.542538 0.009405 0.005703
0 0.699698 0.560599 0.009405 0.005703
0 0.749412 0.547529 0.009405 0.005703
0 0.802150 0.550143 0.010077 0.005703
0 0.783675 0.550143 0.006718 0.003802
0 0.791737 0.547529 0.006718 0.003802
0 0.153510 0.757605 0.009405 0.005703
