0 0.122271 0.281369 0.009070 0.004515
0 0.122271 0.266160 0.009070 0.004515
0 0.517971 0.292063 0.009070 0.004515
0 0.517971 0.276854 0.009070 0.004515
0 0.133692 0.594106 0.009070 0.004515
0 0.133692 0.578897 0.009070 0.004515
0 0.554249 0.602899 0.009070 0.004515
0 0.554249 0.587690 0.009070 0.004515
0 0.165603 0.246673 0.007726 0.004515
0 0.179711 0.250951 0.007726 0.004515
0 0.193483 0.255228 0.007726 0.004515
0 0.204904 0.257605 0.007726 0.004515
0 0.259993 0.246673 0.007726 0.004515
0 0.273766 0.250951 0.007726 0.004515
0 0.287874 0.255228 0.007726 0.004515
0 0.299295 0.257605 0.007726 0.004515
0 0.354384 0.246673 0.007726 0.004515
0 0.368156 0.250951 0.007726 0.004515
0 0.382264 0.255228 0.007726 0.004515
0 0.393685 0.257605 0.007726 0.004515
0 0.451797 0.246673 0.007726 0.004515
0 0.465569 0.250951 0.007726 0.004515
0 0.479342 0.255228 0.007726 0.004515
0 0.491098 0.257605 0.007726 0.004515
0 0.570037 0.248812 0.007726 0.004515
0 0.583809 0.253089 0.007726 0.004515
0 0.600941 0.257605 0.007726 0.004515
0 0.611690 0.261882 0.007726 0.004515
0 0.665771 0.248812 0.007726 0.004515
0 0.679543 0.253089 0.007726 0.004515
0 0.690964 0.257605 0.007726 0.004515
0 0.701713 0.261882 0.007726 0.004515
0 0.760497 0.248812 0.007726 0.004515
0 0.774269 0.253089 0.007726 0.004515
0 0.785690 0.257605 0.007726 0.004515
0 0.796439 0.261882 0.007726 0.004515
0 0.849177 0.248812 0.007726 0.004515
0 0.862949 0.253089 0.007726 0.004515
0 0.874706 0.257605 0.007726 0.004515
0 0.885455 0.261882 0.007726 0.004515
0 0.183742 0.565827 0.007726 0.004515
0 0.197514 0.570342 0.007726 0.004515
0 0.210279 0.574620 0.007726 0.004515
0 0.222707 0.578897 0.007726 0.004515
0 0.285858 0.565827 0.007726 0.004515
0 0.299631 0.570342 0.007726 0.004515
0 0.312059 0.574620 0.007726 0.004515
0 0.324824 0.578897 0.007726 0.004515
0 0.387639 0.565827 0.007726 0.004515
0 0.401747 0.570342 0.007726 0.004515
0 0.414175 0.574620 0.007726 0.004515
0 0.426940 0.578897 0.007726 0.004515
0 0.489755 0.565827 0.007726 0.004515
0 0.503527 0.570342 0.007726 0.004515
0 0.516292 0.574620 0.007726 0.004515
0 0.528720 0.578897 0.007726 0.004515
0 0.603964 0.568203 0.007726 0.004515
0 0.616392 0.572481 0.007726 0.004515
0 0.628821 0.576759 0.007726 0.004515
0 0.641250 0.578897 0.007726 0.004515
0 0.703729 0.568203 0.007726 0.004515
0 0.716157 0.572481 0.007726 0.004515
0 0.728586 0.576759 0.007726 0.004515
0 0.741350 0.578897 0.007726 0.004515
0 0.803493 0.568203 0.007726 0.004515
0 0.815922 0.572481 0.007726 0.004515
0 0.828351 0.576759 0.007726 0.004515
0 0.841115 0.578422 0.007726 0.004515
0 0.903258 0.568203 0.007726 0.004515
0 0.915687 0.572481 0.007726 0.004515
0 0.928451 0.576759 0.007726 0.004515
0 0.940880 0.578897 0.007726 0.004515
0 0.182734 0.869534 0.007726 0.004515
0 0.196842 0.873812 0.007726 0.004515
0 0.216325 0.878089 0.007726 0.004515
0 0.229090 0.882605 0.007726 0.004515
0 0.300302 0.880228 0.007726 0.004515
0 0.312731 0.884743 0.007726 0.004515
0 0.332550 0.889021 0.007726 0.004515
0 0.344978 0.893298 0.007726 0.004515
0 0.410144 0.880228 0.007726 0.004515
0 0.422573 0.884743 0.007726 0.004515
0 0.435338 0.889021 0.007726 0.004515
0 0.447766 0.893298 0.007726 0.004515
0 0.512932 0.880228 0.007726 0.004515
0 0.525361 0.884743 0.007726 0.004515
0 0.537790 0.889021 0.007726 0.004515
0 0.550218 0.893298 0.007726 0.004515
0 0.633860 0.880228 0.007726 0.004515
0 0.648640 0.884743 0.007726 0.004515
0 0.663420 0.889021 0.007726 0.004515
0 0.678200 0.893298 0.007726 0.004515
0 0.758818 0.869534 0.007726 0.004515
0 0.773598 0.873812 0.007726 0.004515
0 0.788378 0.878089 0.007726 0.004515
0 0.803158 0.882605 0.007726 0.004515
0 0.828351 0.882605 0.007726 0.004515
0 0.828351 0.878089 0.007726 0.004515
0 0.828351 0.873812 0.007726 0.004515
0 0.828351 0.869534 0.007726 0.004515
0 0.874370 0.882605 0.007726 0.004515
0 0.874370 0.878089 0.007726 0.004515
0 0.874370 0.873812 0.007726 0.004515
0 0.874370 0.869534 0.007726 0.004515
0 0.122271 0.187738 0.007726 0.004515
0 0.133020 0.192015 0.007726 0.004515
0 0.144105 0.196293 0.007726 0.004515
0 0.154854 0.198432 0.007726 0.004515
0 0.215989 0.183222 0.007726 0.004515
0 0.227410 0.187738 0.007726 0.004515
0 0.238495 0.192015 0.007726 0.004515
0 0.249244 0.198432 0.007726 0.004515
0 0.310380 0.181084 0.007726 0.004515
0 0.321800 0.187738 0.007726 0.004515
0 0.332885 0.192015 0.007726 0.004515
0 0.343635 0.196293 0.007726 0.004515
0 0.404770 0.176806 0.007726 0.004515
0 0.418542 0.183222 0.007726 0.004515
0 0.429963 0.187738 0.007726 0.004515
0 0.441048 0.192015 0.007726 0.004515
0 0.517971 0.174667 0.007726 0.004515
0 0.537118 0.183222 0.007726 0.004515
0 0.548875 0.187738 0.007726 0.004515
0 0.559624 0.189876 0.007726 0.004515
0 0.622103 0.178945 0.007726 0.004515
0 0.633860 0.187738 0.007726 0.004515
0 0.644609 0.189876 0.007726 0.004515
0 0.655022 0.194154 0.007726 0.004515
0 0.712126 0.183222 0.007726 0.004515
0 0.722875 0.189876 0.007726 0.004515
0 0.733289 0.194154 0.007726 0.004515
0 0.749748 0.198432 0.007726 0.004515
0 0.806853 0.189876 0.007726 0.004515
0 0.817602 0.194154 0.007726 0.004515
0 0.828015 0.198432 0.007726 0.004515
0 0.838764 0.202947 0.007726 0.004515
0 0.133356 0.519487 0.007726 0.004515
0 0.146120 0.523764 0.007726 0.004515
0 0.158549 0.528042 0.007726 0.004515
0 0.171313 0.532319 0.007726 0.004515
0 0.235472 0.519487 0.007726 0.004515
0 0.247901 0.523764 0.007726 0.004515
0 0.260665 0.528042 0.007726 0.004515
0 0.273094 0.532319 0.007726 0.004515
0 0.337252 0.519487 0.007726 0.004515
0 0.350017 0.523764 0.007726 0.004515
0 0.362445 0.528042 0.007726 0.004515
0 0.375210 0.532319 0.007726 0.004515
0 0.439368 0.519487 0.007726 0.004515
0 0.452133 0.523764 0.007726 0.004515
0 0.464562 0.528042 0.007726 0.004515
0 0.476990 0.532319 0.007726 0.004515
0 0.554249 0.521625 0.007726 0.004515
0 0.566678 0.525903 0.007726 0.004515
0 0.579106 0.530181 0.007726 0.004515
0 0.591535 0.532319 0.007726 0.004515
0 0.654014 0.517110 0.007726 0.004515
0 0.666443 0.521625 0.007726 0.004515
0 0.678871 0.525903 0.007726 0.004515
0 0.691300 0.530181 0.007726 0.004515
0 0.753779 0.521625 0.007726 0.004515
0 0.766208 0.525903 0.007726 0.004515
0 0.778636 0.530181 0.007726 0.004515
0 0.791065 0.532319 0.007726 0.004515
0 0.853544 0.517110 0.007726 0.004515
0 0.865972 0.521625 0.007726 0.004515
0 0.878401 0.525903 0.007726 0.004515
0 0.890830 0.530181 0.007726 0.004515
0 0.133020 0.832224 0.007726 0.004515
0 0.145448 0.836502 0.007726 0.004515
0 0.157877 0.840779 0.007726 0.004515
0 0.170306 0.845295 0.007726 0.004515
0 0.241518 0.817015 0.007726 0.004515
0 0.255291 0.821293 0.007726 0.004515
0 0.269063 0.825570 0.007726 0.004515
0 0.281491 0.830086 0.007726 0.004515
0 0.357407 0.817015 0.007726 0.004515
0 0.371515 0.821293 0.007726 0.004515
0 0.385287 0.825570 0.007726 0.004515
0 0.397716 0.830086 0.007726 0.004515
0 0.460195 0.817015 0.007726 0.004515
0 0.473967 0.821293 0.007726 0.004515
0 0.487739 0.825570 0.007726 0.004515
0 0.500504 0.830086 0.007726 0.004515
0 0.575076 0.817015 0.007726 0.004515
0 0.589856 0.821293 0.007726 0.004515
0 0.604636 0.825570 0.007726 0.004515
0 0.619416 0.830086 0.007726 0.004515
0 0.692980 0.832224 0.007726 0.004515
0 0.707759 0.836502 0.007726 0.004515
0 0.722539 0.840779 0.007726 0.004515
0 0.736984 0.845295 0.007726 0.004515
0 0.122271 0.129040 0.009070 0.004515
0 0.133692 0.456274 0.009070 0.004515
0 0.554249 0.458413 0.009070 0.004515
0 0.133020 0.773527 0.007726 0.004515
0 0.215989 0.066065 0.007726 0.004515
0 0.404770 0.081274 0.007726 0.004515
0 0.517971 0.076759 0.009070 0.004515
0 0.133356 0.406369 0.007726 0.004515
0 0.235472 0.406369 0.007726 0.004515
0 0.337252 0.406369 0.007726 0.004515
0 0.439368 0.406369 0.007726 0.004515
0 0.554249 0.399952 0.009070 0.004515
0 0.133020 0.714829 0.007726 0.004515
