0 0.178032 0.192015 0.007726 0.004515
0 0.192140 0.196293 0.007726 0.004515
0 0.206248 0.202947 0.007726 0.004515
0 0.266376 0.189876 0.007726 0.004515
0 0.280484 0.196293 0.007726 0.004515
0 0.294592 0.200570 0.007726 0.004515
0 0.362110 0.187738 0.007726 0.004515
0 0.384615 0.192015 0.007726 0.004515
0 0.399059 0.198432 0.007726 0.004515
0 0.458851 0.185361 0.007726 0.004515
0 0.473295 0.192015 0.007726 0.004515
0 0.487403 0.196293 0.007726 0.004515
0 0.567350 0.185361 0.007726 0.004515
0 0.581458 0.189876 0.007726 0.004515
0 0.595230 0.194154 0.007726 0.004515
0 0.667786 0.176806 0.007726 0.004515
0 0.680215 0.181084 0.007726 0.004515
0 0.699698 0.185361 0.007726 0.004515
0 0.712126 0.189876 0.007726 0.004515
0 0.781659 0.176806 0.007726 0.004515
0 0.794088 0.181084 0.007726 0.004515
0 0.806517 0.185361 0.007726 0.004515
0 0.824656 0.189876 0.007726 0.004515
0 0.892173 0.178945 0.007726 0.004515
0 0.904602 0.183222 0.007726 0.004515
0 0.924421 0.187738 0.007726 0.004515
0 0.940880 0.189876 0.007726 0.004515
0 0.177360 0.437500 0.007726 0.004515
0 0.191804 0.442015 0.007726 0.004515
0 0.205912 0.448432 0.007726 0.004515
0 0.265032 0.435361 0.007726 0.004515
0 0.279140 0.442015 0.007726 0.004515
0 0.293248 0.446293 0.007726 0.004515
0 0.360430 0.433222 0.007726 0.004515
0 0.379577 0.437500 0.007726 0.004515
0 0.394021 0.444154 0.007726 0.004515
0 0.453477 0.431084 0.007726 0.004515
0 0.467585 0.437500 0.007726 0.004515
0 0.481693 0.442015 0.007726 0.004515
0 0.570037 0.431084 0.007726 0.004515
0 0.584145 0.435361 0.007726 0.004515
0 0.598253 0.439639 0.007726 0.004515
0 0.667450 0.422291 0.007726 0.004515
0 0.679879 0.426806 0.007726 0.004515
0 0.699698 0.431084 0.007726 0.004515
0 0.712126 0.435361 0.007726 0.004515
0 0.781323 0.422291 0.007726 0.004515
0 0.793752 0.426806 0.007726 0.004515
0 0.806517 0.431084 0.007726 0.004515
0 0.824656 0.435361 0.007726 0.004515
0 0.892173 0.424430 0.007726 0.004515
0 0.904602 0.428945 0.007726 0.004515
0 0.924421 0.433222 0.007726 0.004515
0 0.940880 0.435361 0.007726 0.004515
0 0.179711 0.664686 0.007726 0.004515
0 0.191468 0.658032 0.007726 0.004515
0 0.203225 0.653755 0.007726 0.004515
0 0.214982 0.649477 0.007726 0.004515
0 0.274101 0.662548 0.007726 0.004515
0 0.285858 0.658032 0.007726 0.004515
0 0.305341 0.653755 0.007726 0.004515
0 0.317098 0.649477 0.007726 0.004515
0 0.376218 0.664686 0.007726 0.004515
0 0.387974 0.658032 0.007726 0.004515
0 0.399731 0.653755 0.007726 0.004515
0 0.411488 0.649477 0.007726 0.004515
0 0.470608 0.662548 0.007726 0.004515
0 0.482701 0.658032 0.007726 0.004515
0 0.494458 0.653755 0.007726 0.004515
0 0.506214 0.649477 0.007726 0.004515
0 0.577091 0.664686 0.007726 0.004515
0 0.589184 0.658032 0.007726 0.004515
0 0.608666 0.653755 0.007726 0.004515
0 0.620759 0.649477 0.007726 0.004515
0 0.688613 0.662548 0.007726 0.004515
0 0.700705 0.658032 0.007726 0.004515
0 0.720188 0.653755 0.007726 0.004515
0 0.732281 0.649477 0.007726 0.004515
0 0.793080 0.664686 0.007726 0.004515
0 0.805173 0.658032 0.007726 0.004515
0 0.817266 0.653755 0.007726 0.004515
0 0.829358 0.649477 0.007726 0.004515
0 0.897212 0.662548 0.007726 0.004515
0 0.909305 0.658032 0.007726 0.004515
0 0.928787 0.653755 0.007726 0.004515
0 0.940880 0.649477 0.007726 0.004515
0 0.195163 0.895437 0.007726 0.004515
0 0.210951 0.889021 0.007726 0.004515
0 0.226738 0.884743 0.007726 0.004515
0 0.242190 0.880228 0.007726 0.004515
0 0.320793 0.893298 0.007726 0.004515
0 0.336580 0.889021 0.007726 0.004515
0 0.359086 0.884743 0.007726 0.004515
0 0.374874 0.880228 0.007726 0.004515
0 0.453141 0.895437 0.007726 0.004515
0 0.468928 0.889021 0.007726 0.004515
0 0.484716 0.884743 0.007726 0.004515
0 0.500504 0.880228 0.007726 0.004515
0 0.579106 0.893298 0.007726 0.004515
0 0.594558 0.889021 0.007726 0.004515
0 0.610346 0.884743 0.007726 0.004515
0 0.626134 0.880228 0.007726 0.004515
0 0.731609 0.895437 0.007726 0.004515
0 0.747733 0.889021 0.007726 0.004515
0 0.763856 0.884743 0.007726 0.004515
0 0.779644 0.880228 0.007726 0.004515
0 0.859926 0.893298 0.007726 0.004515
0 0.875714 0.889021 0.007726 0.004515
0 0.898556 0.884743 0.007726 0.004515
0 0.914679 0.880228 0.007726 0.004515
0 0.132348 0.126901 0.007726 0.004515
0 0.143769 0.131179 0.007726 0.004515
0 0.155190 0.135456 0.007726 0.004515
0 0.166611 0.142110 0.007726 0.004515
0 0.220692 0.124762 0.007726 0.004515
0 0.232113 0.129040 0.007726 0.004515
0 0.243534 0.135456 0.007726 0.004515
0 0.254955 0.139971 0.007726 0.004515
0 0.309036 0.122386 0.007726 0.004515
0 0.327847 0.126901 0.007726 0.004515
0 0.339268 0.131179 0.007726 0.004515
0 0.350689 0.137595 0.007726 0.004515
0 0.413168 0.120247 0.007726 0.004515
0 0.424924 0.124762 0.007726 0.004515
0 0.436345 0.131179 0.007726 0.004515
0 0.447766 0.135456 0.007726 0.004515
0 0.517635 0.118108 0.007726 0.004515
0 0.530064 0.124762 0.007726 0.004515
0 0.542492 0.129040 0.007726 0.004515
0 0.554921 0.133317 0.007726 0.004515
0 0.609338 0.115970 0.007726 0.004515
0 0.623111 0.120247 0.007726 0.004515
0 0.635539 0.124762 0.007726 0.004515
0 0.655358 0.129040 0.007726 0.004515
0 0.724555 0.115970 0.007726 0.004515
0 0.738663 0.120247 0.007726 0.004515
0 0.751092 0.124762 0.007726 0.004515
0 0.769231 0.129040 0.007726 0.004515
0 0.837084 0.118108 0.007726 0.004515
0 0.850857 0.122386 0.007726 0.004515
0 0.863285 0.126901 0.007726 0.004515
0 0.879745 0.129040 0.007726 0.004515
0 0.132348 0.357652 0.007726 0.004515
0 0.143433 0.362167 0.007726 0.004515
0 0.154854 0.366445 0.007726 0.004515
0 0.166275 0.372861 0.007726 0.004515
0 0.220020 0.355513 0.007726 0.004515
0 0.231105 0.360029 0.007726 0.004515
0 0.242526 0.366445 0.007726 0.004515
0 0.253947 0.370722 0.007726 0.004515
0 0.307356 0.353375 0.007726 0.004515
0 0.326503 0.357652 0.007726 0.004515
0 0.337588 0.362167 0.007726 0.004515
0 0.349009 0.368584 0.007726 0.004515
0 0.408129 0.351236 0.007726 0.004515
0 0.419550 0.355513 0.007726 0.004515
0 0.430971 0.362167 0.007726 0.004515
0 0.442392 0.366445 0.007726 0.004515
0 0.513268 0.349097 0.007726 0.004515
0 0.525697 0.355513 0.007726 0.004515
0 0.538126 0.360029 0.007726 0.004515
0 0.557608 0.364306 0.007726 0.004515
0 0.612361 0.346958 0.007726 0.004515
0 0.626134 0.351236 0.007726 0.004515
0 0.638562 0.355513 0.007726 0.004515
0 0.655022 0.360029 0.007726 0.004515
0 0.724555 0.346958 0.007726 0.004515
0 0.738327 0.351236 0.007726 0.004515
0 0.750756 0.355513 0.007726 0.004515
0 0.768895 0.360029 0.007726 0.004515
0 0.837084 0.349097 0.007726 0.004515
0 0.850857 0.353375 0.007726 0.004515
0 0.863285 0.357652 0.007726 0.004515
0 0.879745 0.360029 0.007726 0.004515
0 0.132348 0.603850 0.007726 0.004515
0 0.144105 0.608127 0.007726 0.004515
0 0.155862 0.612405 0.007726 0.004515
0 0.167618 0.616920 0.007726 0.004515
0 0.226738 0.603850 0.007726 0.004515
0 0.238831 0.608127 0.007726 0.004515
0 0.250588 0.612405 0.007726 0.004515
0 0.262345 0.619059 0.007726 0.004515
0 0.328855 0.603850 0.007726 0.004515
0 0.340611 0.608127 0.007726 0.004515
0 0.352368 0.612405 0.007726 0.004515
0 0.364461 0.616920 0.007726 0.004515
0 0.423581 0.603850 0.007726 0.004515
0 0.435338 0.608127 0.007726 0.004515
0 0.447094 0.612405 0.007726 0.004515
0 0.458851 0.619059 0.007726 0.004515
0 0.528720 0.603850 0.007726 0.004515
0 0.540813 0.608127 0.007726 0.004515
0 0.552906 0.612405 0.007726 0.004515
0 0.564998 0.616920 0.007726 0.004515
0 0.632852 0.603850 0.007726 0.004515
0 0.644945 0.608127 0.007726 0.004515
0 0.657037 0.612405 0.007726 0.004515
0 0.676520 0.619059 0.007726 0.004515
0 0.744374 0.603850 0.007726 0.004515
0 0.756466 0.608127 0.007726 0.004515
0 0.768559 0.612405 0.007726 0.004515
0 0.780988 0.616920 0.007726 0.004515
0 0.841451 0.603850 0.007726 0.004515
0 0.853544 0.608127 0.007726 0.004515
0 0.865637 0.612405 0.007726 0.004515
0 0.885119 0.619059 0.007726 0.004515
0 0.132348 0.834601 0.007726 0.004515
0 0.148136 0.839116 0.007726 0.004515
0 0.163588 0.843394 0.007726 0.004515
0 0.179375 0.847671 0.007726 0.004515
0 0.257978 0.834601 0.007726 0.004515
0 0.273766 0.839116 0.007726 0.004515
0 0.289553 0.843394 0.007726 0.004515
0 0.305005 0.849810 0.007726 0.004515
0 0.390326 0.828184 0.007726 0.004515
0 0.406114 0.832462 0.007726 0.004515
0 0.421901 0.839116 0.007726 0.004515
0 0.437689 0.843394 0.007726 0.004515
0 0.516292 0.828184 0.007726 0.004515
0 0.531743 0.834601 0.007726 0.004515
0 0.547531 0.839116 0.007726 0.004515
0 0.563319 0.843394 0.007726 0.004515
0 0.667786 0.828184 0.007726 0.004515
0 0.683574 0.832462 0.007726 0.004515
0 0.699698 0.839116 0.007726 0.004515
0 0.715821 0.843394 0.007726 0.004515
0 0.795768 0.828184 0.007726 0.004515
0 0.811891 0.834601 0.007726 0.004515
0 0.827679 0.839116 0.007726 0.004515
0 0.843802 0.843394 0.007726 0.004515
0 0.132348 0.079135 0.007726 0.004515
0 0.192140 0.079135 0.007726 0.004515
0 0.220692 0.076759 0.007726 0.004515
0 0.280484 0.076759 0.007726 0.004515
0 0.309036 0.074620 0.007726 0.004515
0 0.362110 0.074620 0.007726 0.004515
0 0.384615 0.074620 0.007726 0.004515
0 0.413168 0.072481 0.007726 0.004515
0 0.473295 0.072481 0.007726 0.004515
0 0.517635 0.070342 0.007726 0.004515
0 0.581458 0.070342 0.007726 0.004515
0 0.609338 0.068203 0.007726 0.004515
0 0.645616 0.068203 0.007726 0.004515
0 0.689620 0.072481 0.007726 0.004515
0 0.724555 0.068203 0.007726 0.004515
0 0.837084 0.070342 0.007726 0.004515
0 0.132348 0.309886 0.007726 0.004515
0 0.191804 0.309886 0.007726 0.004515
0 0.220020 0.307747 0.007726 0.004515
0 0.279140 0.307747 0.007726 0.004515
0 0.307356 0.305608 0.007726 0.004515
0 0.360430 0.305608 0.007726 0.004515
0 0.379577 0.305608 0.007726 0.004515
0 0.408129 0.303470 0.007726 0.004515
0 0.467585 0.303470 0.007726 0.004515
0 0.513268 0.301331 0.007726 0.004515
0 0.548203 0.303470 0.007726 0.004515
0 0.584145 0.301331 0.007726 0.004515
0 0.612361 0.299192 0.007726 0.004515
0 0.689285 0.303470 0.007726 0.004515
0 0.724555 0.299192 0.007726 0.004515
0 0.837084 0.301331 0.007726 0.004515
0 0.132348 0.540399 0.007726 0.004515
0 0.226738 0.540399 0.007726 0.004515
0 0.295600 0.544677 0.007726 0.004515
0 0.328855 0.540399 0.007726 0.004515
0 0.528720 0.540399 0.007726 0.004515
0 0.632852 0.544677 0.007726 0.004515
0 0.667115 0.546816 0.007726 0.004515
0 0.710447 0.548954 0.007726 0.004515
0 0.744374 0.540399 0.007726 0.004515
0 0.841451 0.544677 0.007726 0.004515
0 0.875378 0.546816 0.007726 0.004515
0 0.918710 0.548954 0.007726 0.004515
0 0.132348 0.771625 0.007726 0.004515
0 0.257978 0.771625 0.007726 0.004515
0 0.345986 0.769487 0.007726 0.004515
0 0.390326 0.776141 0.007726 0.004515
0 0.667786 0.776141 0.007726 0.004515
0 0.795768 0.776141 0.007726 0.004515
