0 0.131004 0.229325 0.009741 0.005466
0 0.303325 0.226711 0.009741 0.005466
0 0.485724 0.236930 0.009741 0.005466
0 0.705072 0.395437 0.009741 0.005466
0 0.835405 0.395437 0.009741 0.005466
0 0.133692 0.655181 0.009741 0.005466
0 0.308700 0.655181 0.009741 0.005466
0 0.480013 0.655181 0.009741 0.005466
0 0.646624 0.655181 0.009741 0.005466
0 0.806853 0.652567 0.009741 0.005466
0 0.133692 0.899715 0.009741 0.005466
0 0.302654 0.899715 0.009741 0.005466
0 0.462882 0.899715 0.009741 0.005466
0 0.635203 0.897101 0.009741 0.005466
0 0.131004 0.211502 0.009070 0.005466
0 0.181727 0.211502 0.009070 0.005466
0 0.232785 0.216730 0.009070 0.005466
0 0.303325 0.211502 0.009070 0.005466
0 0.356399 0.211502 0.009070 0.005466
0 0.409809 0.216730 0.009070 0.005466
0 0.485724 0.214116 0.009070 0.005466
0 0.534095 0.214116 0.009070 0.005466
0 0.582466 0.219106 0.009070 0.005466
0 0.640578 0.229325 0.009070 0.005466
0 0.688613 0.211502 0.009070 0.005466
0 0.688613 0.206511 0.009070 0.005466
0 0.736984 0.219106 0.009070 0.005466
0 0.798455 0.244534 0.009070 0.005466
0 0.854216 0.221721 0.009070 0.005466
0 0.854216 0.211502 0.009070 0.005466
0 0.904938 0.226711 0.009070 0.005466
0 0.131004 0.405656 0.009070 0.005466
0 0.170977 0.382842 0.009070 0.005466
0 0.210951 0.387833 0.009070 0.005466
0 0.261001 0.395437 0.009070 0.005466
0 0.300974 0.387833 0.009070 0.005466
0 0.341283 0.382842 0.009070 0.005466
0 0.394693 0.398051 0.009070 0.005466
0 0.460195 0.380466 0.009070 0.005466
0 0.460195 0.375238 0.009070 0.005466
0 0.501176 0.387833 0.009070 0.005466
0 0.555929 0.395437 0.009070 0.005466
0 0.603964 0.380466 0.009070 0.005466
0 0.612697 0.377852 0.009070 0.005466
0 0.653678 0.385456 0.009070 0.005466
0 0.709775 0.405656 0.009070 0.005466
0 0.745045 0.395437 0.009070 0.005466
0 0.785018 0.387833 0.009070 0.005466
0 0.835405 0.382842 0.009070 0.005466
0 0.875378 0.387833 0.009070 0.005466
0 0.915351 0.395437 0.009070 0.005466
0 0.133356 0.637357 0.009070 0.005466
0 0.183406 0.637357 0.009070 0.005466
0 0.233456 0.644962 0.009070 0.005466
0 0.308364 0.637357 0.009070 0.005466
0 0.358750 0.637357 0.009070 0.005466
0 0.408465 0.644962 0.009070 0.005466
0 0.479678 0.637357 0.009070 0.005466
0 0.529728 0.637357 0.009070 0.005466
0 0.579778 0.644962 0.009070 0.005466
0 0.646288 0.637357 0.009070 0.005466
0 0.696339 0.637357 0.009070 0.005466
0 0.746389 0.644962 0.009070 0.005466
0 0.806517 0.634981 0.009070 0.005466
0 0.854887 0.634981 0.009070 0.005466
0 0.903258 0.639971 0.009070 0.005466
0 0.133692 0.881892 0.009070 0.005466
0 0.183406 0.881892 0.009070 0.005466
0 0.233456 0.886882 0.009070 0.005466
0 0.302654 0.881892 0.009070 0.005466
0 0.352704 0.881892 0.009070 0.005466
0 0.402419 0.886882 0.009070 0.005466
0 0.462882 0.881892 0.009070 0.005466
0 0.514612 0.881892 0.009070 0.005466
0 0.566678 0.892110 0.009070 0.005466
0 0.635203 0.879515 0.009070 0.005466
0 0.685590 0.879515 0.009070 0.005466
0 0.736312 0.884506 0.009070 0.005466
0 0.804165 0.894487 0.009070 0.005466
0 0.854552 0.894487 0.009070 0.005466
0 0.904938 0.902091 0.009070 0.005466
0 0.664763 0.168726 0.009070 0.005466
0 0.664763 0.161122 0.009070 0.005466
0 0.712798 0.168726 0.009070 0.005466
0 0.712798 0.161122 0.009070 0.005466
0 0.760833 0.168726 0.009070 0.005466
0 0.760833 0.161122 0.009070 0.005466
0 0.828687 0.176331 0.009070 0.005466
0 0.828687 0.171340 0.009070 0.005466
0 0.879409 0.176331 0.009070 0.005466
0 0.879409 0.171340 0.009070 0.005466
0 0.930131 0.176331 0.009070 0.005466
0 0.930131 0.171340 0.009070 0.005466
0 0.150823 0.341730 0.009070 0.005466
0 0.150823 0.334363 0.009070 0.005466
0 0.190796 0.341730 0.009070 0.005466
0 0.190796 0.334363 0.009070 0.005466
0 0.231105 0.341730 0.009070 0.005466
0 0.231105 0.334363 0.009070 0.005466
0 0.281156 0.341730 0.009070 0.005466
0 0.281156 0.334363 0.009070 0.005466
0 0.321129 0.341730 0.009070 0.005466
0 0.321129 0.334363 0.009070 0.005466
0 0.361102 0.341730 0.009070 0.005466
0 0.361102 0.334363 0.009070 0.005466
0 0.431307 0.334363 0.009070 0.005466
0 0.439704 0.331749 0.009070 0.005466
0 0.472288 0.334363 0.009070 0.005466
0 0.480685 0.331749 0.009070 0.005466
0 0.513268 0.334363 0.009070 0.005466
0 0.522002 0.331749 0.009070 0.005466
0 0.592207 0.336740 0.009070 0.005466
0 0.592207 0.331749 0.009070 0.005466
0 0.633188 0.336740 0.009070 0.005466
0 0.633188 0.331749 0.009070 0.005466
0 0.674169 0.336740 0.009070 0.005466
0 0.674169 0.331749 0.009070 0.005466
0 0.724891 0.334363 0.009070 0.005466
0 0.724891 0.329135 0.009070 0.005466
0 0.765200 0.334363 0.009070 0.005466
0 0.765200 0.329135 0.009070 0.005466
0 0.805173 0.334363 0.009070 0.005466
0 0.805173 0.329135 0.009070 0.005466
0 0.855559 0.334363 0.009070 0.005466
0 0.855559 0.329135 0.009070 0.005466
0 0.895532 0.334363 0.009070 0.005466
0 0.895532 0.329135 0.009070 0.005466
0 0.935506 0.334363 0.009070 0.005466
0 0.935506 0.329135 0.009070 0.005466
0 0.158549 0.632367 0.009070 0.005466
0 0.158549 0.627376 0.009070 0.005466
0 0.208599 0.632367 0.009070 0.005466
0 0.208599 0.627376 0.009070 0.005466
0 0.258650 0.632367 0.009070 0.005466
0 0.258650 0.627376 0.009070 0.005466
0 0.333557 0.632367 0.009070 0.005466
0 0.333557 0.627376 0.009070 0.005466
0 0.383608 0.632367 0.009070 0.005466
0 0.383608 0.627376 0.009070 0.005466
0 0.433658 0.632367 0.009070 0.005466
0 0.433658 0.627376 0.009070 0.005466
0 0.504871 0.632367 0.009070 0.005466
0 0.504871 0.627376 0.009070 0.005466
0 0.554921 0.632367 0.009070 0.005466
0 0.554921 0.627376 0.009070 0.005466
0 0.604636 0.632367 0.009070 0.005466
0 0.604636 0.627376 0.009070 0.005466
0 0.671481 0.632367 0.009070 0.005466
0 0.671481 0.627376 0.009070 0.005466
0 0.721532 0.632367 0.009070 0.005466
0 0.721532 0.627376 0.009070 0.005466
0 0.771582 0.632367 0.009070 0.005466
0 0.771582 0.627376 0.009070 0.005466
0 0.156198 0.173717 0.009070 0.005466
0 0.164931 0.168726 0.009070 0.005466
0 0.156198 0.166112 0.009070 0.005466
0 0.207256 0.173717 0.009070 0.005466
0 0.215653 0.168726 0.009070 0.005466
0 0.207256 0.166112 0.009070 0.005466
0 0.258314 0.173717 0.009070 0.005466
0 0.266711 0.168726 0.009070 0.005466
0 0.258314 0.166112 0.009070 0.005466
0 0.329862 0.176331 0.009070 0.005466
0 0.329862 0.171340 0.009070 0.005466
0 0.329862 0.166112 0.009070 0.005466
0 0.382936 0.176331 0.009070 0.005466
0 0.382936 0.171340 0.009070 0.005466
0 0.382936 0.166112 0.009070 0.005466
0 0.436345 0.176331 0.009070 0.005466
0 0.436345 0.171340 0.009070 0.005466
0 0.436345 0.166112 0.009070 0.005466
0 0.509909 0.176331 0.009070 0.005466
0 0.509909 0.168726 0.009070 0.005466
0 0.558280 0.176331 0.009070 0.005466
0 0.558280 0.168726 0.009070 0.005466
0 0.606651 0.176331 0.009070 0.005466
0 0.606651 0.168726 0.009070 0.005466
0 0.640578 0.156131 0.009741 0.005466
0 0.640578 0.150903 0.009741 0.005466
0 0.798455 0.166112 0.009741 0.005466
0 0.798455 0.158508 0.009741 0.005466
0 0.131004 0.329135 0.009741 0.005466
0 0.131004 0.324144 0.009741 0.005466
0 0.261001 0.329135 0.009741 0.005466
0 0.261001 0.324144 0.009741 0.005466
0 0.394693 0.316540 0.009741 0.005466
0 0.403762 0.313926 0.009741 0.005466
0 0.555929 0.324144 0.009741 0.005466
0 0.555929 0.319154 0.009741 0.005466
0 0.705072 0.324144 0.009741 0.005466
0 0.705072 0.316540 0.009741 0.005466
0 0.835405 0.324144 0.009741 0.005466
0 0.835405 0.316540 0.009741 0.005466
0 0.158549 0.596958 0.009070 0.005466
0 0.208599 0.596958 0.009070 0.005466
0 0.333557 0.596958 0.009070 0.005466
0 0.383608 0.596958 0.009070 0.005466
0 0.433658 0.591968 0.009070 0.005466
0 0.504871 0.596958 0.009070 0.005466
0 0.554921 0.596958 0.009070 0.005466
0 0.604636 0.591968 0.009070 0.005466
0 0.671481 0.596958 0.009070 0.005466
0 0.721532 0.596958 0.009070 0.005466
0 0.771582 0.591968 0.009070 0.005466
0 0.830702 0.604563 0.009070 0.005466
0 0.830702 0.599572 0.009070 0.005466
0 0.830702 0.594582 0.009070 0.005466
0 0.879073 0.604563 0.009070 0.005466
0 0.879073 0.599572 0.009070 0.005466
0 0.879073 0.594582 0.009070 0.005466
0 0.927444 0.604563 0.009070 0.005466
0 0.927444 0.599572 0.009070 0.005466
0 0.927444 0.594582 0.009070 0.005466
0 0.927444 0.586977 0.009070 0.005466
0 0.158549 0.851711 0.009070 0.005466
0 0.158549 0.846483 0.009070 0.005466
0 0.158549 0.841492 0.009070 0.005466
0 0.208599 0.851711 0.009070 0.005466
0 0.208599 0.846483 0.009070 0.005466
0 0.208599 0.841492 0.009070 0.005466
0 0.258314 0.851711 0.009070 0.005466
0 0.258314 0.846483 0.009070 0.005466
0 0.258314 0.841492 0.009070 0.005466
0 0.258314 0.833888 0.009070 0.005466
0 0.327511 0.851711 0.009070 0.005466
0 0.327511 0.846483 0.009070 0.005466
0 0.327511 0.841492 0.009070 0.005466
0 0.377561 0.851711 0.009070 0.005466
0 0.377561 0.846483 0.009070 0.005466
0 0.377561 0.841492 0.009070 0.005466
0 0.427612 0.851711 0.009070 0.005466
0 0.427612 0.846483 0.009070 0.005466
0 0.427612 0.841492 0.009070 0.005466
0 0.427612 0.833888 0.009070 0.005466
0 0.488747 0.851711 0.009070 0.005466
0 0.488747 0.846483 0.009070 0.005466
0 0.488747 0.841492 0.009070 0.005466
0 0.540813 0.851711 0.009070 0.005466
0 0.540813 0.846483 0.009070 0.005466
0 0.540813 0.841492 0.009070 0.005466
0 0.592543 0.851711 0.009070 0.005466
0 0.592543 0.846483 0.009070 0.005466
0 0.592543 0.841492 0.009070 0.005466
0 0.592543 0.833888 0.009070 0.005466
0 0.660396 0.851711 0.009070 0.005466
0 0.668794 0.846483 0.009070 0.005466
0 0.660396 0.844106 0.009070 0.005466
0 0.710783 0.851711 0.009070 0.005466
0 0.719516 0.846483 0.009070 0.005466
0 0.710783 0.844106 0.009070 0.005466
0 0.761505 0.851711 0.009070 0.005466
0 0.769903 0.846483 0.009070 0.005466
0 0.761505 0.844106 0.009070 0.005466
0 0.761505 0.833888 0.009070 0.005466
0 0.829358 0.849097 0.009070 0.005466
0 0.837756 0.838878 0.009070 0.005466
0 0.829358 0.836502 0.009070 0.005466
0 0.879745 0.849097 0.009070 0.005466
0 0.888142 0.838878 0.009070 0.005466
0 0.879745 0.836502 0.009070 0.005466
0 0.930131 0.849097 0.009070 0.005466
0 0.938865 0.838878 0.009070 0.005466
0 0.930131 0.836502 0.009070 0.005466
0 0.131004 0.068679 0.009741 0.005466
0 0.232785 0.073907 0.009070 0.005466
0 0.303325 0.076283 0.009070 0.005466
0 0.356399 0.076283 0.009070 0.005466
0 0.436345 0.088878 0.009070 0.005466
0 0.485724 0.086502 0.009741 0.005466
0 0.133692 0.500475 0.009741 0.005466
0 0.233456 0.503089 0.009070 0.005466
0 0.308700 0.505466 0.009741 0.005466
0 0.408465 0.492871 0.009070 0.005466
0 0.480013 0.495485 0.009741 0.005466
0 0.579778 0.500475 0.009070 0.005466
0 0.646624 0.503089 0.009741 0.005466
0 0.746389 0.505466 0.009070 0.005466
0 0.806517 0.508080 0.009070 0.005466
0 0.854887 0.508080 0.009070 0.005466
0 0.927444 0.510456 0.009070 0.005466
0 0.133692 0.759981 0.009741 0.005466
0 0.233456 0.737405 0.009070 0.005466
0 0.302654 0.739781 0.009741 0.005466
0 0.402419 0.742395 0.009070 0.005466
0 0.462882 0.750000 0.009741 0.005466
0 0.566678 0.754990 0.009070 0.005466
0 0.635203 0.752614 0.009741 0.005466
0 0.761505 0.750000 0.009070 0.005466
0 0.804165 0.747386 0.009741 0.005466
0 0.904938 0.745010 0.009070 0.005466
