0 0.354048 0.663973 0.008734 0.004990
0 0.393685 0.661597 0.008734 0.004990
0 0.432986 0.663973 0.008734 0.004990
0 0.589184 0.663973 0.008734 0.004990
0 0.874370 0.460314 0.008734 0.004990
0 0.147128 0.699382 0.008734 0.004990
0 0.147128 0.682985 0.008734 0.004990
0 0.354048 0.699382 0.008734 0.004990
0 0.354048 0.682985 0.008734 0.004990
0 0.589184 0.699382 0.008734 0.004990
0 0.589184 0.682985 0.008734 0.004990
0 0.814578 0.699382 0.008734 0.004990
0 0.814578 0.682985 0.008734 0.004990
0 0.886127 0.906369 0.008734 0.004990
0 0.147128 0.228375 0.008734 0.004990
0 0.147128 0.221245 0.008734 0.004990
0 0.147128 0.216492 0.008734 0.004990
0 0.147128 0.206987 0.008734 0.004990
0 0.252267 0.240019 0.008734 0.004990
0 0.252267 0.233127 0.008734 0.004990
0 0.252267 0.228375 0.008734 0.004990
0 0.252267 0.223622 0.008734 0.004990
0 0.354720 0.228375 0.008734 0.004990
0 0.354720 0.221245 0.008734 0.004990
0 0.354720 0.216492 0.008734 0.004990
0 0.354720 0.206987 0.008734 0.004990
0 0.475311 0.240019 0.008734 0.004990
0 0.475311 0.233127 0.008734 0.004990
0 0.475311 0.228375 0.008734 0.004990
0 0.475311 0.223622 0.008734 0.004990
0 0.582801 0.228375 0.008734 0.004990
0 0.582801 0.221245 0.008734 0.004990
0 0.582801 0.216492 0.008734 0.004990
0 0.582801 0.206987 0.008734 0.004990
0 0.688613 0.240019 0.008734 0.004990
0 0.688613 0.233127 0.008734 0.004990
0 0.688613 0.228375 0.008734 0.004990
0 0.688613 0.223622 0.008734 0.004990
0 0.812899 0.228375 0.008734 0.004990
0 0.812899 0.221245 0.008734 0.004990
0 0.812899 0.216492 0.008734 0.004990
0 0.812899 0.206987 0.008734 0.004990
0 0.882768 0.240019 0.008734 0.004990
0 0.882768 0.233127 0.008734 0.004990
0 0.882768 0.228375 0.008734 0.004990
0 0.882768 0.223622 0.008734 0.004990
0 0.178367 0.460314 0.008734 0.004990
0 0.178367 0.455798 0.008734 0.004990
0 0.178367 0.451046 0.008734 0.004990
0 0.178367 0.446293 0.008734 0.004990
0 0.186093 0.443916 0.008734 0.004990
0 0.265368 0.462690 0.008734 0.004990
0 0.265368 0.455798 0.008734 0.004990
0 0.265368 0.451046 0.008734 0.004990
0 0.265368 0.446293 0.008734 0.004990
0 0.391334 0.460314 0.008734 0.004990
0 0.391334 0.455798 0.008734 0.004990
0 0.391334 0.451046 0.008734 0.004990
0 0.391334 0.446293 0.008734 0.004990
0 0.399059 0.443916 0.008734 0.004990
0 0.511589 0.462690 0.008734 0.004990
0 0.511589 0.455798 0.008734 0.004990
0 0.511589 0.451046 0.008734 0.004990
0 0.511589 0.446293 0.008734 0.004990
0 0.619416 0.462690 0.008734 0.004990
0 0.619416 0.455798 0.008734 0.004990
0 0.619416 0.451046 0.008734 0.004990
0 0.619416 0.446293 0.008734 0.004990
0 0.728586 0.434411 0.008734 0.004990
0 0.804837 0.443916 0.008734 0.004990
0 0.874370 0.443916 0.008734 0.004990
0 0.147128 0.663973 0.008734 0.004990
0 0.147128 0.657082 0.008734 0.004990
0 0.147128 0.652329 0.008734 0.004990
0 0.199530 0.661597 0.008734 0.004990
0 0.223043 0.663973 0.008734 0.004990
0 0.246893 0.666350 0.008734 0.004990
0 0.298959 0.666350 0.008734 0.004990
0 0.354048 0.657082 0.008734 0.004990
0 0.354048 0.652329 0.008734 0.004990
0 0.472288 0.666350 0.008734 0.004990
0 0.535438 0.666350 0.008734 0.004990
0 0.589184 0.657082 0.008734 0.004990
0 0.589184 0.652329 0.008734 0.004990
0 0.640242 0.661597 0.008734 0.004990
0 0.663755 0.663973 0.008734 0.004990
0 0.686933 0.666350 0.008734 0.004990
0 0.724219 0.663973 0.008734 0.004990
0 0.761505 0.661597 0.008734 0.004990
0 0.814578 0.657082 0.008734 0.004990
0 0.814578 0.652329 0.008734 0.004990
0 0.883440 0.666350 0.008734 0.004990
0 0.178367 0.906369 0.008734 0.004990
0 0.178367 0.901854 0.008734 0.004990
0 0.178367 0.897101 0.008734 0.004990
0 0.178367 0.892348 0.008734 0.004990
0 0.186093 0.889971 0.008734 0.004990
0 0.268055 0.908745 0.008734 0.004990
0 0.268055 0.901854 0.008734 0.004990
0 0.268055 0.897101 0.008734 0.004990
0 0.268055 0.892348 0.008734 0.004990
0 0.397044 0.906369 0.008734 0.004990
0 0.397044 0.901854 0.008734 0.004990
0 0.397044 0.897101 0.008734 0.004990
0 0.397044 0.892348 0.008734 0.004990
0 0.404770 0.889971 0.008734 0.004990
0 0.520322 0.908745 0.008734 0.004990
0 0.520322 0.901854 0.008734 0.004990
0 0.520322 0.897101 0.008734 0.004990
0 0.520322 0.892348 0.008734 0.004990
0 0.630836 0.908745 0.008734 0.004990
0 0.630836 0.901854 0.008734 0.004990
0 0.630836 0.897101 0.008734 0.004990
0 0.630836 0.892348 0.008734 0.004990
0 0.743366 0.880466 0.008734 0.004990
0 0.821968 0.889971 0.008734 0.004990
0 0.886127 0.889971 0.008734 0.004990
0 0.147128 0.167776 0.008734 0.004990
0 0.147128 0.155894 0.008734 0.004990
0 0.147128 0.151141 0.008734 0.004990
0 0.252267 0.155894 0.008734 0.004990
0 0.252267 0.148764 0.008734 0.004990
0 0.252267 0.139496 0.008734 0.004990
0 0.354720 0.167776 0.008734 0.004990
0 0.354720 0.155894 0.008734 0.004990
0 0.354720 0.151141 0.008734 0.004990
0 0.475311 0.155894 0.008734 0.004990
0 0.475311 0.148764 0.008734 0.004990
0 0.475311 0.139496 0.008734 0.004990
0 0.582801 0.167776 0.008734 0.004990
0 0.582801 0.155894 0.008734 0.004990
0 0.582801 0.151141 0.008734 0.004990
0 0.688613 0.155894 0.008734 0.004990
0 0.688613 0.148764 0.008734 0.004990
0 0.688613 0.139496 0.008734 0.004990
0 0.812899 0.167776 0.008734 0.004990
0 0.812899 0.155894 0.008734 0.004990
0 0.812899 0.151141 0.008734 0.004990
0 0.882768 0.155894 0.008734 0.004990
0 0.882768 0.148764 0.008734 0.004990
0 0.882768 0.139496 0.008734 0.004990
0 0.178367 0.389259 0.008734 0.004990
0 0.178367 0.384506 0.008734 0.004990
0 0.178367 0.379990 0.008734 0.004990
0 0.265368 0.389259 0.008734 0.004990
0 0.265368 0.384506 0.008734 0.004990
0 0.265368 0.379990 0.008734 0.004990
0 0.391334 0.389259 0.008734 0.004990
0 0.391334 0.384506 0.008734 0.004990
0 0.391334 0.379990 0.008734 0.004990
0 0.511589 0.389259 0.008734 0.004990
0 0.511589 0.384506 0.008734 0.004990
0 0.511589 0.379990 0.008734 0.004990
0 0.619416 0.389259 0.008734 0.004990
0 0.619416 0.384506 0.008734 0.004990
0 0.619416 0.379990 0.008734 0.004990
0 0.728586 0.408270 0.008734 0.004990
0 0.728586 0.398764 0.008734 0.004990
0 0.736312 0.396388 0.008734 0.004990
0 0.804837 0.405894 0.008734 0.004990
0 0.804837 0.401141 0.008734 0.004990
0 0.804837 0.389259 0.008734 0.004990
0 0.874370 0.405894 0.008734 0.004990
0 0.874370 0.401141 0.008734 0.004990
0 0.874370 0.389259 0.008734 0.004990
0 0.246893 0.608603 0.008734 0.004990
0 0.246893 0.603850 0.008734 0.004990
0 0.246893 0.594344 0.008734 0.004990
0 0.472288 0.608603 0.008734 0.004990
0 0.472288 0.603850 0.008734 0.004990
0 0.472288 0.594344 0.008734 0.004990
0 0.686933 0.608603 0.008734 0.004990
0 0.686933 0.603850 0.008734 0.004990
0 0.686933 0.594344 0.008734 0.004990
0 0.883440 0.608603 0.008734 0.004990
0 0.883440 0.603850 0.008734 0.004990
0 0.883440 0.594344 0.008734 0.004990
0 0.178367 0.835789 0.008734 0.004990
0 0.178367 0.831036 0.008734 0.004990
0 0.178367 0.826283 0.008734 0.004990
0 0.268055 0.835789 0.008734 0.004990
0 0.268055 0.831036 0.008734 0.004990
0 0.268055 0.826283 0.008734 0.004990
0 0.397044 0.835789 0.008734 0.004990
0 0.397044 0.831036 0.008734 0.004990
0 0.397044 0.826283 0.008734 0.004990
0 0.520322 0.835789 0.008734 0.004990
0 0.520322 0.831036 0.008734 0.004990
0 0.520322 0.826283 0.008734 0.004990
0 0.630836 0.835789 0.008734 0.004990
0 0.630836 0.831036 0.008734 0.004990
0 0.630836 0.826283 0.008734 0.004990
0 0.743366 0.854563 0.008734 0.004990
0 0.743366 0.845057 0.008734 0.004990
0 0.751428 0.842918 0.008734 0.004990
0 0.821968 0.852186 0.008734 0.004990
0 0.821968 0.847433 0.008734 0.004990
0 0.821968 0.835789 0.008734 0.004990
0 0.886127 0.852186 0.008734 0.004990
0 0.886127 0.847433 0.008734 0.004990
0 0.886127 0.835789 0.008734 0.004990
0 0.147128 0.075808 0.008734 0.004990
0 0.194155 0.073432 0.008734 0.004990
0 0.215653 0.075808 0.008734 0.004990
0 0.252267 0.078184 0.008734 0.004990
0 0.299295 0.078184 0.008734 0.004990
0 0.354720 0.075808 0.008734 0.004990
0 0.387974 0.073432 0.008734 0.004990
0 0.421229 0.075808 0.008734 0.004990
0 0.475311 0.078184 0.008734 0.004990
0 0.528384 0.078184 0.008734 0.004990
0 0.582801 0.075808 0.008734 0.004990
0 0.630165 0.073432 0.008734 0.004990
0 0.651663 0.075808 0.008734 0.004990
0 0.688613 0.078184 0.008734 0.004990
0 0.722875 0.075808 0.008734 0.004990
0 0.757138 0.073432 0.008734 0.004990
0 0.812899 0.068679 0.008734 0.004990
0 0.882768 0.078184 0.008734 0.004990
0 0.178367 0.318441 0.008734 0.004990
0 0.231777 0.323194 0.008734 0.004990
0 0.265368 0.325570 0.008734 0.004990
0 0.318777 0.325570 0.008734 0.004990
0 0.391334 0.318441 0.008734 0.004990
0 0.440040 0.320817 0.008734 0.004990
0 0.471616 0.323194 0.008734 0.004990
0 0.511589 0.325570 0.008734 0.004990
0 0.566678 0.335076 0.008734 0.004990
0 0.619416 0.330323 0.008734 0.004990
0 0.653678 0.327947 0.008734 0.004990
0 0.687605 0.325570 0.008734 0.004990
0 0.728586 0.332700 0.008734 0.004990
0 0.712126 0.332700 0.006046 0.003565
0 0.719516 0.330323 0.006046 0.003565
0 0.804837 0.335076 0.008734 0.004990
0 0.874370 0.335076 0.008734 0.004990
0 0.927780 0.325570 0.008734 0.004990
0 0.147128 0.536597 0.008734 0.004990
0 0.199530 0.534221 0.008734 0.004990
0 0.223043 0.536597 0.008734 0.004990
0 0.246893 0.538973 0.008734 0.004990
0 0.298959 0.538973 0.008734 0.004990
0 0.354048 0.536597 0.008734 0.004990
0 0.393685 0.534221 0.008734 0.004990
0 0.432986 0.536597 0.008734 0.004990
0 0.472288 0.538973 0.008734 0.004990
0 0.535438 0.538973 0.008734 0.004990
0 0.589184 0.536597 0.008734 0.004990
0 0.640242 0.534221 0.008734 0.004990
0 0.663755 0.536597 0.008734 0.004990
0 0.686933 0.538973 0.008734 0.004990
0 0.724219 0.536597 0.008734 0.004990
0 0.761505 0.534221 0.008734 0.004990
0 0.814578 0.529468 0.008734 0.004990
0 0.883440 0.538973 0.008734 0.004990
0 0.178367 0.763783 0.008734 0.004990
0 0.233456 0.768536 0.008734 0.004990
0 0.268055 0.770675 0.008734 0.004990
0 0.323480 0.770675 0.008734 0.004990
0 0.397044 0.763783 0.008734 0.004990
0 0.447430 0.766160 0.008734 0.004990
0 0.479006 0.768536 0.008734 0.004990
0 0.520322 0.770675 0.008734 0.004990
0 0.577091 0.780181 0.008734 0.004990
0 0.630836 0.775428 0.008734 0.004990
0 0.666107 0.773051 0.008734 0.004990
0 0.701377 0.770675 0.008734 0.004990
0 0.743366 0.777804 0.008734 0.004990
0 0.821968 0.780181 0.008734 0.004990
0 0.886127 0.780181 0.008734 0.004990
