0 0.620759 0.215542 0.008734 0.004990
0 0.648640 0.215542 0.008734 0.004990
0 0.471952 0.460789 0.008734 0.004990
0 0.471952 0.444392 0.008734 0.004990
0 0.505542 0.460789 0.008734 0.004990
0 0.505542 0.444392 0.008734 0.004990
0 0.815922 0.460789 0.008734 0.004990
0 0.849849 0.456036 0.008734 0.004990
0 0.168626 0.687738 0.008734 0.004990
0 0.168626 0.671340 0.008734 0.004990
0 0.203897 0.687738 0.008734 0.004990
0 0.203897 0.671340 0.008734 0.004990
0 0.253947 0.687738 0.008734 0.004990
0 0.289217 0.671340 0.008734 0.004990
0 0.344306 0.678470 0.008734 0.004990
0 0.379577 0.678470 0.008734 0.004990
0 0.520322 0.676093 0.008734 0.004990
0 0.520322 0.666587 0.008734 0.004990
0 0.563319 0.676093 0.008734 0.004990
0 0.563319 0.666587 0.008734 0.004990
0 0.886799 0.685361 0.008734 0.004990
0 0.933826 0.676093 0.008734 0.004990
0 0.166275 0.889734 0.008734 0.004990
0 0.209943 0.906131 0.008734 0.004990
0 0.151159 0.232177 0.008734 0.004990
0 0.151159 0.215542 0.008734 0.004990
0 0.176688 0.232177 0.008734 0.004990
0 0.176688 0.215542 0.008734 0.004990
0 0.192140 0.232177 0.008734 0.004990
0 0.192140 0.215542 0.008734 0.004990
0 0.231777 0.232177 0.008734 0.004990
0 0.231777 0.215542 0.008734 0.004990
0 0.248908 0.232177 0.008734 0.004990
0 0.248908 0.215542 0.008734 0.004990
0 0.274437 0.232177 0.008734 0.004990
0 0.274437 0.225048 0.008734 0.004990
0 0.274437 0.215542 0.008734 0.004990
0 0.293584 0.232177 0.008734 0.004990
0 0.293584 0.220295 0.008734 0.004990
0 0.293584 0.215542 0.008734 0.004990
0 0.343299 0.215542 0.008734 0.004990
0 0.354384 0.215542 0.008734 0.004990
0 0.377897 0.232177 0.008734 0.004990
0 0.416863 0.232177 0.008734 0.004990
0 0.433994 0.215542 0.008734 0.004990
0 0.468593 0.227424 0.008734 0.004990
0 0.512932 0.225048 0.008734 0.004990
0 0.569701 0.220295 0.008734 0.004990
0 0.604300 0.211027 0.008734 0.004990
0 0.604300 0.206274 0.008734 0.004990
0 0.632180 0.211027 0.008734 0.004990
0 0.632180 0.206274 0.008734 0.004990
0 0.690292 0.225048 0.008734 0.004990
0 0.690292 0.215542 0.008734 0.004990
0 0.690292 0.208650 0.008734 0.004990
0 0.717837 0.225048 0.008734 0.004990
0 0.717837 0.215542 0.008734 0.004990
0 0.717837 0.208650 0.008734 0.004990
0 0.797111 0.225048 0.008734 0.004990
0 0.797111 0.215542 0.008734 0.004990
0 0.797111 0.208650 0.008734 0.004990
0 0.853880 0.225048 0.008734 0.004990
0 0.853880 0.215542 0.008734 0.004990
0 0.853880 0.208650 0.008734 0.004990
0 0.902586 0.225048 0.008734 0.004990
0 0.902586 0.215542 0.008734 0.004990
0 0.902586 0.208650 0.008734 0.004990
0 0.930131 0.225048 0.008734 0.004990
0 0.930131 0.217918 0.008734 0.004990
0 0.930131 0.208650 0.008734 0.004990
0 0.164259 0.453660 0.008734 0.004990
0 0.164259 0.449144 0.008734 0.004990
0 0.164259 0.437262 0.008734 0.004990
0 0.200537 0.453660 0.008734 0.004990
0 0.200537 0.449144 0.008734 0.004990
0 0.200537 0.437262 0.008734 0.004990
0 0.251931 0.463165 0.008734 0.004990
0 0.251931 0.446768 0.008734 0.004990
0 0.283843 0.463165 0.008734 0.004990
0 0.283843 0.446768 0.008734 0.004990
0 0.336916 0.463165 0.008734 0.004990
0 0.336916 0.453660 0.008734 0.004990
0 0.336916 0.446768 0.008734 0.004990
0 0.407793 0.451521 0.008734 0.004990
0 0.447094 0.430133 0.009070 0.004990
0 0.455492 0.427757 0.009070 0.004990
0 0.447094 0.423241 0.009070 0.004990
0 0.559960 0.453660 0.008734 0.004990
0 0.594222 0.453660 0.008734 0.004990
0 0.594222 0.437262 0.008734 0.004990
0 0.650319 0.453660 0.008734 0.004990
0 0.650319 0.437262 0.008734 0.004990
0 0.684246 0.458413 0.008734 0.004990
0 0.684246 0.442015 0.008734 0.004990
0 0.734632 0.449144 0.008734 0.004990
0 0.766879 0.449144 0.008734 0.004990
0 0.795432 0.434886 0.008734 0.004990
0 0.795432 0.427757 0.008734 0.004990
0 0.795432 0.423241 0.008734 0.004990
0 0.829358 0.434886 0.008734 0.004990
0 0.829358 0.427757 0.008734 0.004990
0 0.829358 0.423241 0.008734 0.004990
0 0.900571 0.451521 0.008734 0.004990
0 0.933490 0.451521 0.008734 0.004990
0 0.147128 0.661835 0.008734 0.004990
0 0.147128 0.654705 0.008734 0.004990
0 0.147128 0.650190 0.008734 0.004990
0 0.182398 0.661835 0.008734 0.004990
0 0.182398 0.654705 0.008734 0.004990
0 0.182398 0.650190 0.008734 0.004990
0 0.232449 0.661835 0.008734 0.004990
0 0.232449 0.654705 0.008734 0.004990
0 0.232449 0.650190 0.008734 0.004990
0 0.267719 0.661835 0.008734 0.004990
0 0.267719 0.654705 0.008734 0.004990
0 0.267719 0.650190 0.008734 0.004990
0 0.322472 0.661835 0.008734 0.004990
0 0.322472 0.657082 0.008734 0.004990
0 0.322472 0.652567 0.008734 0.004990
0 0.357743 0.661835 0.008734 0.004990
0 0.357743 0.657082 0.008734 0.004990
0 0.357743 0.652567 0.008734 0.004990
0 0.428284 0.683222 0.008734 0.004990
0 0.428284 0.673717 0.008734 0.004990
0 0.428284 0.666587 0.008734 0.004990
0 0.463554 0.683222 0.008734 0.004990
0 0.463554 0.673717 0.008734 0.004990
0 0.463554 0.666587 0.008734 0.004990
0 0.494122 0.661835 0.008734 0.004990
0 0.501847 0.659458 0.008734 0.004990
0 0.494122 0.654705 0.008734 0.004990
0 0.494122 0.650190 0.008734 0.004990
0 0.536782 0.661835 0.008734 0.004990
0 0.544844 0.659458 0.008734 0.004990
0 0.536782 0.654705 0.008734 0.004990
0 0.536782 0.650190 0.008734 0.004990
0 0.616392 0.676093 0.008734 0.004990
0 0.616392 0.666587 0.008734 0.004990
0 0.657373 0.676093 0.008734 0.004990
0 0.657373 0.666587 0.008734 0.004990
0 0.707424 0.685361 0.008734 0.004990
0 0.707424 0.668964 0.008734 0.004990
0 0.740343 0.668964 0.008734 0.004990
0 0.790057 0.685361 0.008734 0.004990
0 0.790057 0.668964 0.008734 0.004990
0 0.822976 0.668964 0.008734 0.004990
0 0.857911 0.654705 0.008734 0.004990
0 0.865637 0.652567 0.008734 0.004990
0 0.857911 0.647814 0.008734 0.004990
0 0.904938 0.654705 0.008734 0.004990
0 0.912664 0.652567 0.008734 0.004990
0 0.904938 0.647814 0.008734 0.004990
0 0.139402 0.875475 0.008734 0.004990
0 0.147128 0.873099 0.008734 0.004990
0 0.139402 0.868346 0.008734 0.004990
0 0.183070 0.875475 0.008734 0.004990
0 0.190796 0.873099 0.008734 0.004990
0 0.183070 0.868346 0.008734 0.004990
0 0.267383 0.899002 0.008734 0.004990
0 0.282835 0.899002 0.008734 0.004990
0 0.305341 0.899002 0.008734 0.004990
0 0.332550 0.899002 0.008734 0.004990
0 0.358750 0.899002 0.008734 0.004990
0 0.374874 0.901378 0.008734 0.004990
0 0.401075 0.906131 0.008734 0.004990
0 0.428955 0.906131 0.008734 0.004990
0 0.451461 0.899002 0.008734 0.004990
0 0.466913 0.899002 0.008734 0.004990
0 0.489755 0.899002 0.008734 0.004990
0 0.516627 0.899002 0.008734 0.004990
0 0.542828 0.899002 0.008734 0.004990
0 0.558952 0.901378 0.008734 0.004990
0 0.585153 0.906131 0.008734 0.004990
0 0.613033 0.906131 0.008734 0.004990
0 0.639234 0.889734 0.008734 0.004990
0 0.658381 0.889734 0.008734 0.004990
0 0.684582 0.906131 0.008734 0.004990
0 0.712462 0.906131 0.008734 0.004990
0 0.733624 0.889734 0.008734 0.004990
0 0.747061 0.889734 0.008734 0.004990
0 0.768559 0.906131 0.008734 0.004990
0 0.795432 0.906131 0.008734 0.004990
0 0.812899 0.889734 0.008734 0.004990
0 0.830366 0.889734 0.008734 0.004990
0 0.847497 0.906131 0.008734 0.004990
0 0.881088 0.906131 0.008734 0.004990
0 0.903930 0.906131 0.008734 0.004990
0 0.922405 0.915637 0.008734 0.004990
0 0.922405 0.899002 0.008734 0.004990
0 0.532415 0.392586 0.008734 0.004990
0 0.139402 0.167300 0.008734 0.004990
0 0.139402 0.162548 0.008734 0.004990
0 0.139402 0.157795 0.008734 0.004990
0 0.176688 0.167300 0.008734 0.004990
0 0.176688 0.162548 0.008734 0.004990
0 0.176688 0.157795 0.008734 0.004990
0 0.239839 0.167300 0.008734 0.004990
0 0.239839 0.162548 0.008734 0.004990
0 0.239839 0.157795 0.008734 0.004990
0 0.274437 0.172053 0.008734 0.004990
0 0.274437 0.167300 0.008734 0.004990
0 0.274437 0.162548 0.008734 0.004990
0 0.326167 0.203897 0.008734 0.004990
0 0.326167 0.199144 0.008734 0.004990
0 0.354384 0.201521 0.008734 0.004990
0 0.362110 0.199144 0.008734 0.004990
0 0.416863 0.203897 0.008734 0.004990
0 0.416863 0.199144 0.008734 0.004990
0 0.673833 0.203897 0.008734 0.004990
0 0.673833 0.199144 0.008734 0.004990
0 0.701377 0.203897 0.008734 0.004990
0 0.701377 0.199144 0.008734 0.004990
0 0.765200 0.203897 0.008734 0.004990
0 0.765200 0.199144 0.008734 0.004990
0 0.817266 0.203897 0.008734 0.004990
0 0.817266 0.199144 0.008734 0.004990
0 0.532415 0.432510 0.008734 0.004990
0 0.532415 0.427757 0.008734 0.004990
0 0.573396 0.432510 0.008734 0.004990
0 0.573396 0.427757 0.008734 0.004990
0 0.629829 0.432510 0.008734 0.004990
0 0.629829 0.427757 0.008734 0.004990
0 0.663755 0.432510 0.008734 0.004990
0 0.714814 0.432510 0.008734 0.004990
0 0.747061 0.432510 0.008734 0.004990
0 0.880417 0.434886 0.008734 0.004990
0 0.913336 0.434886 0.008734 0.004990
0 0.406449 0.661835 0.008734 0.004990
0 0.406449 0.657082 0.008734 0.004990
0 0.441720 0.661835 0.008734 0.004990
0 0.441720 0.657082 0.008734 0.004990
0 0.601612 0.628089 0.008734 0.004990
0 0.601612 0.623337 0.008734 0.004990
0 0.601612 0.618584 0.008734 0.004990
0 0.634867 0.628089 0.008734 0.004990
0 0.634867 0.623337 0.008734 0.004990
0 0.634867 0.618584 0.008734 0.004990
0 0.690964 0.630466 0.008734 0.004990
0 0.690964 0.625713 0.008734 0.004990
0 0.690964 0.618584 0.008734 0.004990
0 0.723883 0.630466 0.008734 0.004990
0 0.723883 0.625713 0.008734 0.004990
0 0.723883 0.618584 0.008734 0.004990
0 0.244877 0.877852 0.008734 0.004990
0 0.244877 0.873099 0.008734 0.004990
0 0.282835 0.882605 0.008734 0.004990
0 0.282835 0.877852 0.008734 0.004990
0 0.428955 0.877852 0.008734 0.004990
0 0.428955 0.873099 0.008734 0.004990
0 0.466913 0.882605 0.008734 0.004990
0 0.466913 0.877852 0.008734 0.004990
0 0.712462 0.880228 0.008734 0.004990
0 0.712462 0.875475 0.008734 0.004990
0 0.747061 0.877852 0.008734 0.004990
0 0.747061 0.873099 0.008734 0.004990
0 0.880752 0.882605 0.009070 0.004990
0 0.880752 0.877852 0.009070 0.004990
0 0.139066 0.153279 0.009070 0.004990
0 0.231777 0.155418 0.008734 0.004990
0 0.274437 0.157795 0.008734 0.004990
0 0.326167 0.164924 0.008734 0.004990
0 0.326167 0.160171 0.008734 0.004990
0 0.354384 0.167300 0.008734 0.004990
0 0.354384 0.162548 0.008734 0.004990
0 0.416863 0.164924 0.008734 0.004990
0 0.445079 0.215542 0.008734 0.004990
0 0.445079 0.206274 0.008734 0.004990
0 0.445079 0.201521 0.008734 0.004990
0 0.452805 0.199144 0.008734 0.004990
0 0.495801 0.215542 0.008734 0.004990
0 0.495801 0.208650 0.008734 0.004990
0 0.495801 0.203897 0.008734 0.004990
0 0.495801 0.199144 0.008734 0.004990
0 0.538797 0.208650 0.008734 0.004990
0 0.538797 0.203897 0.008734 0.004990
0 0.546523 0.201521 0.008734 0.004990
0 0.600605 0.199144 0.009070 0.004990
0 0.673833 0.164924 0.008734 0.004990
0 0.673833 0.160171 0.008734 0.004990
0 0.701377 0.164924 0.008734 0.004990
0 0.701377 0.160171 0.008734 0.004990
0 0.765200 0.164924 0.008734 0.004990
0 0.765200 0.160171 0.008734 0.004990
0 0.817266 0.164924 0.008734 0.004990
0 0.817266 0.160171 0.008734 0.004990
0 0.891502 0.172053 0.008734 0.004990
0 0.891502 0.167300 0.008734 0.004990
0 0.891502 0.160171 0.008734 0.004990
0 0.891502 0.155418 0.008734 0.004990
0 0.919046 0.167300 0.008734 0.004990
0 0.927108 0.164924 0.008734 0.004990
0 0.919046 0.157795 0.008734 0.004990
0 0.919046 0.150903 0.008734 0.004990
0 0.144441 0.394962 0.008734 0.004990
0 0.152503 0.392586 0.008734 0.004990
0 0.144441 0.383080 0.008734 0.004990
0 0.144441 0.378327 0.008734 0.004990
0 0.180719 0.394962 0.008734 0.004990
0 0.188781 0.392586 0.008734 0.004990
0 0.180719 0.383080 0.008734 0.004990
0 0.180719 0.378327 0.008734 0.004990
0 0.236816 0.397338 0.008734 0.004990
0 0.236816 0.392586 0.008734 0.004990
0 0.236816 0.383080 0.008734 0.004990
0 0.244877 0.380703 0.008734 0.004990
0 0.268727 0.397338 0.008734 0.004990
0 0.268727 0.392586 0.008734 0.004990
0 0.268727 0.383080 0.008734 0.004990
0 0.276453 0.380703 0.008734 0.004990
0 0.317098 0.397338 0.008734 0.004990
0 0.317098 0.392586 0.008734 0.004990
0 0.317098 0.385456 0.008734 0.004990
0 0.317098 0.380703 0.008734 0.004990
0 0.362781 0.402091 0.008734 0.004990
0 0.362781 0.397338 0.008734 0.004990
0 0.362781 0.390209 0.008734 0.004990
0 0.362781 0.385456 0.008734 0.004990
0 0.447430 0.390209 0.008734 0.004990
0 0.485724 0.390209 0.008734 0.004990
0 0.545852 0.387833 0.009070 0.004990
0 0.629829 0.392586 0.008734 0.004990
0 0.629829 0.387833 0.008734 0.004990
0 0.663755 0.397338 0.008734 0.004990
0 0.663755 0.392586 0.008734 0.004990
0 0.663755 0.387833 0.008734 0.004990
0 0.714814 0.399715 0.008734 0.004990
0 0.714814 0.394962 0.008734 0.004990
0 0.714814 0.387833 0.008734 0.004990
0 0.747061 0.399715 0.008734 0.004990
0 0.747061 0.394962 0.008734 0.004990
0 0.747061 0.387833 0.008734 0.004990
0 0.795096 0.390209 0.009070 0.004990
0 0.880417 0.402091 0.008734 0.004990
0 0.880417 0.397338 0.008734 0.004990
0 0.880417 0.390209 0.008734 0.004990
0 0.913336 0.402091 0.008734 0.004990
0 0.913336 0.397338 0.008734 0.004990
0 0.913336 0.390209 0.008734 0.004990
0 0.146792 0.618584 0.009070 0.004990
0 0.232113 0.618584 0.009070 0.004990
0 0.322472 0.618584 0.009070 0.004990
0 0.406449 0.623337 0.008734 0.004990
0 0.406449 0.618584 0.008734 0.004990
0 0.441720 0.623337 0.008734 0.004990
0 0.441720 0.618584 0.008734 0.004990
0 0.493786 0.618584 0.009070 0.004990
0 0.593215 0.616207 0.009070 0.004990
0 0.690964 0.614068 0.009070 0.004990
0 0.773598 0.630466 0.008734 0.004990
0 0.773598 0.625713 0.008734 0.004990
0 0.773598 0.618584 0.008734 0.004990
0 0.773598 0.614068 0.008734 0.004990
0 0.806517 0.630466 0.008734 0.004990
0 0.806517 0.625713 0.008734 0.004990
0 0.806517 0.618584 0.008734 0.004990
0 0.806517 0.614068 0.008734 0.004990
0 0.857575 0.611692 0.009070 0.004990
0 0.139066 0.828422 0.009070 0.004990
0 0.244877 0.835314 0.008734 0.004990
0 0.244877 0.830798 0.008734 0.004990
0 0.282835 0.835314 0.008734 0.004990
0 0.332214 0.889734 0.009070 0.004990
0 0.332214 0.880228 0.009070 0.004990
0 0.332214 0.875475 0.009070 0.004990
0 0.340611 0.873099 0.009070 0.004990
0 0.428955 0.830798 0.008734 0.004990
0 0.466913 0.835314 0.008734 0.004990
0 0.516292 0.889734 0.009070 0.004990
0 0.516292 0.880228 0.009070 0.004990
0 0.516292 0.875475 0.009070 0.004990
0 0.524689 0.873099 0.009070 0.004990
0 0.613033 0.884981 0.008734 0.004990
0 0.613033 0.880228 0.008734 0.004990
0 0.613033 0.875475 0.008734 0.004990
0 0.620759 0.873099 0.008734 0.004990
0 0.658381 0.882605 0.008734 0.004990
0 0.658381 0.875475 0.008734 0.004990
0 0.658381 0.870722 0.008734 0.004990
0 0.712462 0.837690 0.008734 0.004990
0 0.747061 0.835314 0.008734 0.004990
0 0.795432 0.844819 0.008734 0.004990
0 0.795432 0.840067 0.008734 0.004990
0 0.795432 0.833175 0.008734 0.004990
0 0.830366 0.842443 0.008734 0.004990
0 0.830366 0.837690 0.008734 0.004990
0 0.830366 0.830798 0.008734 0.004990
0 0.880752 0.835314 0.009070 0.004990
0 0.139402 0.073432 0.008734 0.004990
0 0.176688 0.073432 0.008734 0.004990
0 0.192140 0.078184 0.008734 0.004990
0 0.231777 0.082937 0.008734 0.004990
0 0.293584 0.087452 0.008734 0.004990
0 0.326167 0.085314 0.008734 0.004990
0 0.354384 0.092205 0.008734 0.004990
0 0.377897 0.092205 0.008734 0.004990
0 0.416863 0.092205 0.008734 0.004990
0 0.445079 0.092205 0.008734 0.004990
0 0.495801 0.092205 0.008734 0.004990
0 0.538797 0.087452 0.008734 0.004990
0 0.569701 0.089829 0.008734 0.004990
0 0.604300 0.092205 0.008734 0.004990
0 0.632180 0.092205 0.008734 0.004990
0 0.717837 0.085314 0.008734 0.004990
0 0.765200 0.080561 0.008734 0.004990
0 0.797111 0.092205 0.008734 0.004990
0 0.817266 0.085314 0.008734 0.004990
0 0.835405 0.080561 0.008734 0.004990
0 0.853880 0.075808 0.008734 0.004990
0 0.891502 0.071055 0.008734 0.004990
0 0.919046 0.071055 0.008734 0.004990
0 0.930131 0.075808 0.008734 0.004990
0 0.144441 0.332700 0.008734 0.004990
0 0.180719 0.332700 0.008734 0.004990
0 0.200537 0.332700 0.008734 0.004990
0 0.236480 0.316065 0.009070 0.004990
0 0.317098 0.316065 0.008734 0.004990
0 0.336916 0.320817 0.008734 0.004990
0 0.362781 0.325570 0.008734 0.004990
0 0.385959 0.327947 0.008734 0.004990
0 0.407793 0.330323 0.008734 0.004990
0 0.447094 0.323194 0.009070 0.004990
0 0.539133 0.327947 0.008734 0.004990
0 0.594222 0.323194 0.008734 0.004990
0 0.629493 0.316065 0.009070 0.004990
0 0.714814 0.318441 0.008734 0.004990
0 0.747061 0.318441 0.008734 0.004990
0 0.795096 0.318441 0.009070 0.004990
0 0.880417 0.320817 0.008734 0.004990
0 0.913336 0.320817 0.008734 0.004990
0 0.933490 0.320817 0.008734 0.004990
0 0.146792 0.549430 0.009070 0.004990
0 0.232113 0.547053 0.009070 0.004990
0 0.322472 0.544677 0.009070 0.004990
0 0.406449 0.540162 0.009070 0.004990
0 0.494122 0.540162 0.008734 0.004990
0 0.536782 0.542538 0.008734 0.004990
0 0.593551 0.544677 0.008734 0.004990
0 0.634867 0.547053 0.008734 0.004990
0 0.657373 0.549430 0.008734 0.004990
0 0.690964 0.551806 0.008734 0.004990
0 0.723883 0.544677 0.008734 0.004990
0 0.773598 0.544677 0.008734 0.004990
0 0.806517 0.556559 0.008734 0.004990
0 0.857575 0.551806 0.009070 0.004990
0 0.139066 0.776378 0.009070 0.004990
0 0.244541 0.785884 0.009070 0.004990
