0 0.196507 0.629278 0.009070 0.004990
0 0.252939 0.631654 0.009070 0.004990
0 0.323144 0.629278 0.009070 0.004990
0 0.364461 0.631654 0.009070 0.004990
0 0.405442 0.629278 0.009070 0.004990
0 0.446423 0.631654 0.009070 0.004990
0 0.451797 0.881179 0.008734 0.004990
0 0.451797 0.874049 0.008734 0.004990
0 0.451797 0.869297 0.008734 0.004990
0 0.549882 0.881179 0.008734 0.004990
0 0.549882 0.876426 0.008734 0.004990
0 0.549882 0.871673 0.008734 0.004990
0 0.752771 0.382605 0.013100 0.004990
0 0.752771 0.378089 0.013100 0.004990
0 0.860934 0.387357 0.013100 0.004990
0 0.860934 0.382605 0.013100 0.004990
0 0.154854 0.624762 0.013100 0.004990
0 0.154854 0.620010 0.013100 0.004990
0 0.154854 0.615257 0.013100 0.004990
0 0.323144 0.624762 0.013100 0.004990
0 0.323144 0.620010 0.013100 0.004990
0 0.323144 0.615257 0.013100 0.004990
0 0.511589 0.634030 0.009070 0.004990
0 0.511589 0.624762 0.009070 0.004990
0 0.511589 0.617633 0.009070 0.004990
0 0.511589 0.612880 0.009070 0.004990
0 0.607995 0.629278 0.009070 0.004990
0 0.607995 0.624762 0.009070 0.004990
0 0.607995 0.617633 0.009070 0.004990
0 0.734296 0.631654 0.009070 0.004990
0 0.734296 0.622386 0.009070 0.004990
0 0.734296 0.615257 0.009070 0.004990
0 0.844810 0.624762 0.009070 0.004990
0 0.844810 0.620010 0.009070 0.004990
0 0.844810 0.615257 0.009070 0.004990
0 0.150487 0.890447 0.009070 0.004990
0 0.150487 0.885694 0.009070 0.004990
0 0.298959 0.902329 0.009070 0.004990
0 0.298959 0.897576 0.009070 0.004990
0 0.298959 0.892823 0.009070 0.004990
0 0.298959 0.885694 0.009070 0.004990
0 0.451461 0.864544 0.009070 0.004990
0 0.549882 0.864544 0.009070 0.004990
0 0.704064 0.892823 0.009070 0.004990
0 0.704064 0.885694 0.009070 0.004990
0 0.704064 0.881179 0.009070 0.004990
0 0.807188 0.897576 0.009070 0.004990
0 0.807188 0.892823 0.009070 0.004990
0 0.807188 0.885694 0.009070 0.004990
0 0.451461 0.826759 0.008734 0.004990
0 0.493786 0.831511 0.008734 0.004990
0 0.511925 0.558698 0.008734 0.004990
0 0.559960 0.563451 0.008734 0.004990
0 0.607995 0.558698 0.009070 0.004990
0 0.734296 0.561074 0.009070 0.004990
0 0.734296 0.544439 0.009070 0.004990
0 0.844810 0.553945 0.009070 0.004990
0 0.150487 0.819867 0.009070 0.004990
0 0.298959 0.831511 0.009070 0.004990
0 0.298959 0.815114 0.009070 0.004990
0 0.437353 0.826759 0.009070 0.004990
0 0.437353 0.810361 0.009070 0.004990
0 0.549882 0.826759 0.009070 0.004990
0 0.700705 0.826759 0.008734 0.004990
0 0.748740 0.831511 0.008734 0.004990
0 0.807188 0.826759 0.009070 0.004990
0 0.286866 0.323669 0.009070 0.004990
0 0.286866 0.307272 0.009070 0.004990
0 0.339940 0.328422 0.009070 0.004990
0 0.339940 0.312025 0.009070 0.004990
0 0.407121 0.323669 0.013100 0.004990
0 0.407121 0.307272 0.013100 0.004990
0 0.512932 0.323669 0.009070 0.004990
0 0.512932 0.307272 0.009070 0.004990
0 0.566006 0.328422 0.009070 0.004990
0 0.566006 0.312025 0.009070 0.004990
0 0.633188 0.323669 0.013100 0.004990
0 0.633188 0.307272 0.013100 0.004990
0 0.752771 0.323669 0.013100 0.004990
0 0.752771 0.307272 0.013100 0.004990
0 0.860934 0.328422 0.013100 0.004990
0 0.860934 0.312025 0.013100 0.004990
0 0.154854 0.558698 0.013100 0.004990
0 0.154854 0.542063 0.013100 0.004990
0 0.323144 0.558698 0.013100 0.004990
0 0.323144 0.542063 0.013100 0.004990
0 0.511589 0.542063 0.009070 0.004990
0 0.607995 0.546816 0.009070 0.004990
0 0.744709 0.549192 0.008734 0.004990
0 0.744709 0.539686 0.008734 0.004990
0 0.855223 0.558698 0.008734 0.004990
0 0.855223 0.549192 0.008734 0.004990
0 0.855223 0.542063 0.008734 0.004990
0 0.160900 0.831511 0.008734 0.004990
0 0.160900 0.824620 0.008734 0.004990
0 0.309372 0.826759 0.008734 0.004990
0 0.309372 0.819867 0.008734 0.004990
0 0.451461 0.819867 0.008734 0.004990
0 0.451461 0.815114 0.008734 0.004990
0 0.549882 0.822243 0.008734 0.004990
0 0.549882 0.817490 0.008734 0.004990
0 0.549882 0.810361 0.008734 0.004990
0 0.700369 0.810361 0.009070 0.004990
0 0.807188 0.815114 0.009070 0.004990
0 0.700705 0.762833 0.008734 0.004990
0 0.700705 0.758080 0.008734 0.004990
0 0.748740 0.767586 0.008734 0.004990
0 0.748740 0.762833 0.008734 0.004990
0 0.807524 0.762833 0.008734 0.004990
0 0.807524 0.758080 0.008734 0.004990
0 0.873362 0.767586 0.008734 0.004990
0 0.873362 0.762833 0.008734 0.004990
0 0.914343 0.762833 0.008734 0.004990
0 0.914343 0.758080 0.008734 0.004990
0 0.511925 0.478375 0.008734 0.004990
0 0.511925 0.473622 0.008734 0.004990
0 0.559960 0.483127 0.008734 0.004990
0 0.559960 0.478375 0.008734 0.004990
0 0.607995 0.478375 0.008734 0.004990
0 0.607995 0.473622 0.008734 0.004990
0 0.656365 0.483127 0.008734 0.004990
0 0.656365 0.478375 0.008734 0.004990
0 0.686261 0.478375 0.008734 0.004990
0 0.686261 0.473622 0.008734 0.004990
0 0.734296 0.475998 0.008734 0.004990
0 0.734296 0.471245 0.008734 0.004990
0 0.783675 0.480751 0.008734 0.004990
0 0.783675 0.475998 0.008734 0.004990
0 0.814243 0.483127 0.008734 0.004990
0 0.814243 0.471245 0.008734 0.004990
0 0.845146 0.485504 0.008734 0.004990
0 0.845146 0.473622 0.008734 0.004990
0 0.894189 0.480751 0.008734 0.004990
0 0.924756 0.485504 0.008734 0.004990
0 0.924756 0.475998 0.008734 0.004990
0 0.150487 0.717918 0.008734 0.004990
0 0.150487 0.713165 0.008734 0.004990
0 0.187773 0.720295 0.008734 0.004990
0 0.187773 0.715542 0.008734 0.004990
0 0.224723 0.722671 0.008734 0.004990
0 0.224723 0.717918 0.008734 0.004990
0 0.262009 0.720295 0.008734 0.004990
0 0.262009 0.715542 0.008734 0.004990
0 0.298959 0.717918 0.008734 0.004990
0 0.298959 0.713165 0.008734 0.004990
0 0.358415 0.713165 0.008734 0.004990
0 0.358415 0.708650 0.008734 0.004990
0 0.437353 0.717918 0.009070 0.004990
0 0.437353 0.713165 0.009070 0.004990
0 0.549882 0.720295 0.009070 0.004990
0 0.549882 0.715542 0.009070 0.004990
