0 0.836077 0.415399 0.012093 0.004753
0 0.115217 0.195817 0.008062 0.004753
0 0.115217 0.180608 0.008062 0.004753
0 0.159557 0.187025 0.008062 0.004753
0 0.203225 0.189401 0.008398 0.004753
0 0.299966 0.182747 0.008062 0.004753
0 0.349681 0.189401 0.008398 0.004753
0 0.349681 0.173954 0.008398 0.004753
0 0.425260 0.189401 0.008398 0.004753
0 0.425260 0.173954 0.008398 0.004753
0 0.475311 0.189401 0.008398 0.004753
0 0.475311 0.173954 0.008398 0.004753
0 0.550890 0.189401 0.012093 0.004753
0 0.550890 0.173954 0.012093 0.004753
0 0.676520 0.189401 0.012093 0.004753
0 0.676520 0.173954 0.012093 0.004753
0 0.871347 0.189401 0.008062 0.004753
0 0.899227 0.173954 0.008062 0.004753
0 0.927444 0.189401 0.008062 0.004753
0 0.113201 0.421816 0.008062 0.004753
0 0.139402 0.423954 0.008062 0.004753
0 0.139402 0.408745 0.008062 0.004753
0 0.165939 0.426331 0.008062 0.004753
0 0.165939 0.410884 0.008062 0.004753
0 0.192140 0.428470 0.008062 0.004753
0 0.192140 0.413023 0.008062 0.004753
0 0.232449 0.430608 0.008062 0.004753
0 0.232449 0.415399 0.008062 0.004753
0 0.266040 0.419677 0.008062 0.004753
0 0.314746 0.428470 0.008398 0.004753
0 0.314746 0.413023 0.008398 0.004753
0 0.405106 0.428470 0.012093 0.004753
0 0.405106 0.413023 0.012093 0.004753
0 0.567350 0.428470 0.008062 0.004753
0 0.567350 0.413023 0.008062 0.004753
0 0.596238 0.428470 0.008062 0.004753
0 0.596238 0.413023 0.008062 0.004753
0 0.625126 0.413023 0.008062 0.004753
0 0.625126 0.397814 0.008062 0.004753
0 0.654014 0.415399 0.008062 0.004753
0 0.654014 0.399952 0.008062 0.004753
0 0.693315 0.417538 0.008062 0.004753
0 0.693315 0.402091 0.008062 0.004753
0 0.722204 0.415399 0.008062 0.004753
0 0.722204 0.399952 0.008062 0.004753
0 0.750756 0.413023 0.008398 0.004753
0 0.750756 0.406606 0.008398 0.004753
0 0.750756 0.397814 0.008398 0.004753
0 0.835741 0.399952 0.008398 0.004753
0 0.922741 0.402091 0.008062 0.004753
0 0.115217 0.656369 0.008398 0.004753
0 0.199194 0.640922 0.008062 0.004753
0 0.199194 0.625713 0.008062 0.004753
0 0.235472 0.643298 0.008062 0.004753
0 0.235472 0.627852 0.008062 0.004753
0 0.266376 0.645437 0.008062 0.004753
0 0.266376 0.629990 0.008062 0.004753
0 0.304669 0.647576 0.008062 0.004753
0 0.304669 0.632367 0.008062 0.004753
0 0.335237 0.649715 0.008062 0.004753
0 0.335237 0.634506 0.008062 0.004753
0 0.402754 0.651854 0.008062 0.004753
0 0.402754 0.636644 0.008062 0.004753
0 0.428955 0.647576 0.008062 0.004753
0 0.428955 0.638783 0.008062 0.004753
0 0.467249 0.645437 0.008062 0.004753
0 0.467249 0.640922 0.008062 0.004753
0 0.493786 0.651854 0.008062 0.004753
0 0.542157 0.649715 0.008062 0.004753
0 0.574404 0.651854 0.008062 0.004753
0 0.617400 0.649715 0.008062 0.004753
0 0.649311 0.636644 0.008062 0.004753
0 0.649311 0.632367 0.008062 0.004753
0 0.725227 0.649715 0.008398 0.004753
0 0.725227 0.634506 0.008398 0.004753
0 0.812227 0.647576 0.008062 0.004753
0 0.812227 0.632367 0.008062 0.004753
0 0.850185 0.649715 0.008062 0.004753
0 0.850185 0.634506 0.008062 0.004753
0 0.876386 0.651854 0.008062 0.004753
0 0.876386 0.636644 0.008062 0.004753
0 0.902922 0.654230 0.008062 0.004753
0 0.902922 0.638783 0.008062 0.004753
0 0.929123 0.656369 0.008062 0.004753
0 0.929123 0.640922 0.008062 0.004753
0 0.112865 0.901854 0.008062 0.004753
0 0.112865 0.886644 0.008062 0.004753
0 0.152503 0.904230 0.008062 0.004753
0 0.152503 0.888783 0.008062 0.004753
0 0.192140 0.906369 0.008062 0.004753
0 0.192140 0.890922 0.008062 0.004753
0 0.231777 0.906369 0.008062 0.004753
0 0.231777 0.890922 0.008062 0.004753
0 0.291905 0.908508 0.008398 0.004753
0 0.291905 0.893298 0.008398 0.004753
0 0.401075 0.906369 0.008062 0.004753
0 0.401075 0.890922 0.008062 0.004753
0 0.445415 0.904230 0.008062 0.004753
0 0.445415 0.888783 0.008062 0.004753
0 0.487739 0.897576 0.008062 0.004753
0 0.529728 0.899715 0.008398 0.004753
0 0.624118 0.908508 0.008062 0.004753
0 0.674505 0.899715 0.008398 0.004753
0 0.674505 0.884506 0.008398 0.004753
0 0.750420 0.899715 0.008398 0.004753
0 0.750420 0.884506 0.008398 0.004753
0 0.801142 0.899715 0.008398 0.004753
0 0.801142 0.884506 0.008398 0.004753
0 0.877729 0.899715 0.012093 0.004753
0 0.877729 0.884506 0.012093 0.004753
0 0.159557 0.150665 0.008062 0.004753
0 0.203561 0.148527 0.008062 0.004753
0 0.238831 0.150665 0.008062 0.004753
0 0.232449 0.367158 0.008062 0.004753
0 0.266040 0.371673 0.008062 0.004753
0 0.315082 0.369297 0.008062 0.004753
0 0.692980 0.362880 0.008398 0.004753
0 0.692980 0.349810 0.008398 0.004753
0 0.487739 0.852662 0.008062 0.004753
0 0.529728 0.850523 0.008062 0.004753
0 0.563655 0.852662 0.008062 0.004753
0 0.115217 0.141873 0.008062 0.004753
0 0.115217 0.133080 0.008062 0.004753
0 0.159221 0.141873 0.008398 0.004753
0 0.238831 0.144011 0.008062 0.004753
0 0.299966 0.152804 0.008062 0.004753
0 0.299966 0.141873 0.008062 0.004753
0 0.374874 0.137595 0.008062 0.004753
0 0.374874 0.133080 0.008062 0.004753
0 0.397044 0.141873 0.008062 0.004753
0 0.397044 0.137595 0.008062 0.004753
0 0.425596 0.144011 0.008062 0.004753
0 0.425596 0.139734 0.008062 0.004753
0 0.500504 0.137595 0.008062 0.004753
0 0.500504 0.133080 0.008062 0.004753
0 0.522674 0.141873 0.008062 0.004753
0 0.522674 0.137595 0.008062 0.004753
0 0.550890 0.144011 0.008062 0.004753
0 0.550890 0.139734 0.008062 0.004753
0 0.626134 0.137595 0.008062 0.004753
0 0.626134 0.133080 0.008062 0.004753
0 0.648304 0.141873 0.008062 0.004753
0 0.648304 0.137595 0.008062 0.004753
0 0.676520 0.144011 0.008062 0.004753
0 0.676520 0.139734 0.008062 0.004753
0 0.708095 0.137595 0.008062 0.004753
0 0.708095 0.133080 0.008062 0.004753
0 0.736312 0.141873 0.008062 0.004753
0 0.736312 0.137595 0.008062 0.004753
0 0.750756 0.144011 0.008062 0.004753
0 0.750756 0.139734 0.008062 0.004753
0 0.782667 0.137595 0.008062 0.004753
0 0.782667 0.133080 0.008062 0.004753
0 0.805509 0.126663 0.008062 0.004753
0 0.843131 0.137595 0.008398 0.004753
0 0.843131 0.133080 0.008398 0.004753
0 0.843131 0.126663 0.008398 0.004753
0 0.899227 0.139734 0.008062 0.004753
0 0.899227 0.133080 0.008062 0.004753
0 0.899227 0.128802 0.008062 0.004753
0 0.927444 0.144011 0.008062 0.004753
0 0.927444 0.133080 0.008062 0.004753
0 0.113201 0.369297 0.008062 0.004753
0 0.113201 0.358365 0.008062 0.004753
0 0.139402 0.360741 0.008062 0.004753
0 0.165939 0.362880 0.008062 0.004753
0 0.192140 0.365019 0.008062 0.004753
0 0.192140 0.358365 0.008062 0.004753
0 0.232449 0.360741 0.008398 0.004753
0 0.348337 0.358365 0.008062 0.004753
0 0.348337 0.354087 0.008062 0.004753
0 0.378233 0.362880 0.008062 0.004753
0 0.378233 0.358365 0.008062 0.004753
0 0.405106 0.365019 0.008062 0.004753
0 0.405106 0.360741 0.008062 0.004753
0 0.435673 0.358365 0.008062 0.004753
0 0.435673 0.354087 0.008062 0.004753
0 0.462882 0.362880 0.008062 0.004753
0 0.462882 0.358365 0.008062 0.004753
0 0.479342 0.365019 0.008062 0.004753
0 0.479342 0.360741 0.008062 0.004753
0 0.509909 0.358365 0.008062 0.004753
0 0.509909 0.354087 0.008062 0.004753
0 0.532079 0.347433 0.008062 0.004753
0 0.567350 0.358365 0.008398 0.004753
0 0.567350 0.354087 0.008398 0.004753
0 0.567350 0.347433 0.008398 0.004753
0 0.625126 0.360741 0.008062 0.004753
0 0.625126 0.349810 0.008062 0.004753
0 0.654014 0.365019 0.008062 0.004753
0 0.654014 0.354087 0.008062 0.004753
0 0.696003 0.354087 0.008062 0.004753
0 0.722204 0.356226 0.008062 0.004753
0 0.750756 0.365019 0.008398 0.004753
0 0.750756 0.358365 0.008398 0.004753
0 0.836077 0.365019 0.008062 0.004753
0 0.836077 0.360741 0.008062 0.004753
0 0.836077 0.356226 0.008062 0.004753
0 0.862277 0.365019 0.008062 0.004753
0 0.862277 0.360741 0.008062 0.004753
0 0.888478 0.367158 0.008062 0.004753
0 0.888478 0.362880 0.008062 0.004753
0 0.922741 0.371673 0.008062 0.004753
0 0.922741 0.367158 0.008062 0.004753
0 0.115217 0.616920 0.008062 0.004753
0 0.115217 0.612643 0.008062 0.004753
0 0.115217 0.605989 0.008062 0.004753
0 0.141082 0.614781 0.008062 0.004753
0 0.141082 0.610266 0.008062 0.004753
0 0.157205 0.616920 0.008062 0.004753
0 0.157205 0.612643 0.008062 0.004753
0 0.173329 0.616920 0.008062 0.004753
0 0.173329 0.612643 0.008062 0.004753
0 0.199194 0.601711 0.008062 0.004753
0 0.235472 0.603850 0.008062 0.004753
0 0.242862 0.601711 0.008062 0.004753
0 0.266376 0.605989 0.008062 0.004753
0 0.266376 0.599335 0.008062 0.004753
0 0.304669 0.608127 0.008062 0.004753
0 0.304669 0.601711 0.008062 0.004753
0 0.335237 0.610266 0.008062 0.004753
0 0.335237 0.605989 0.008062 0.004753
0 0.402754 0.612643 0.008062 0.004753
0 0.402754 0.605989 0.008062 0.004753
0 0.428955 0.614781 0.008062 0.004753
0 0.428955 0.608127 0.008062 0.004753
0 0.467249 0.616920 0.008062 0.004753
0 0.467249 0.605989 0.008062 0.004753
0 0.493786 0.612643 0.008062 0.004753
0 0.493786 0.608127 0.008062 0.004753
0 0.542157 0.614781 0.008062 0.004753
0 0.542157 0.610266 0.008062 0.004753
0 0.574404 0.612643 0.008062 0.004753
0 0.574404 0.608127 0.008062 0.004753
0 0.617400 0.614781 0.008062 0.004753
0 0.617400 0.610266 0.008062 0.004753
0 0.649311 0.603850 0.008062 0.004753
0 0.649311 0.592918 0.008062 0.004753
0 0.725563 0.605989 0.008062 0.004753
0 0.725563 0.595057 0.008062 0.004753
0 0.754451 0.612643 0.008062 0.004753
0 0.754451 0.608127 0.008062 0.004753
0 0.783339 0.610266 0.008062 0.004753
0 0.783339 0.605989 0.008062 0.004753
0 0.812227 0.608127 0.008062 0.004753
0 0.819617 0.605989 0.008062 0.004753
0 0.850185 0.610266 0.008062 0.004753
0 0.850185 0.603850 0.008062 0.004753
0 0.876386 0.605989 0.008062 0.004753
0 0.876386 0.601711 0.008062 0.004753
0 0.902922 0.603850 0.008062 0.004753
0 0.902922 0.599335 0.008062 0.004753
0 0.929123 0.610266 0.008062 0.004753
0 0.929123 0.601711 0.008062 0.004753
0 0.112865 0.843869 0.008062 0.004753
0 0.112865 0.832937 0.008062 0.004753
0 0.152503 0.843869 0.008062 0.004753
0 0.152503 0.835076 0.008062 0.004753
0 0.159893 0.832937 0.008062 0.004753
0 0.192140 0.846008 0.008062 0.004753
0 0.192140 0.837215 0.008062 0.004753
0 0.192140 0.830798 0.008062 0.004753
0 0.231777 0.837215 0.008062 0.004753
0 0.239167 0.835076 0.008062 0.004753
0 0.231777 0.830798 0.008062 0.004753
0 0.291905 0.839591 0.008398 0.004753
0 0.291905 0.835076 0.008398 0.004753
0 0.291905 0.828660 0.008398 0.004753
0 0.401075 0.843869 0.008062 0.004753
0 0.401075 0.837215 0.008062 0.004753
0 0.401075 0.832937 0.008062 0.004753
0 0.445415 0.843869 0.008062 0.004753
0 0.445415 0.835076 0.008062 0.004753
0 0.487403 0.843869 0.008398 0.004753
0 0.563655 0.846008 0.008062 0.004753
0 0.624118 0.854800 0.008062 0.004753
0 0.624118 0.843869 0.008062 0.004753
0 0.700034 0.839591 0.008062 0.004753
0 0.700034 0.835076 0.008062 0.004753
0 0.722204 0.843869 0.008062 0.004753
0 0.722204 0.839591 0.008062 0.004753
0 0.750756 0.846008 0.008062 0.004753
0 0.750756 0.841730 0.008062 0.004753
0 0.826335 0.839591 0.008062 0.004753
0 0.826335 0.835076 0.008062 0.004753
0 0.848841 0.843869 0.008062 0.004753
0 0.848841 0.839591 0.008062 0.004753
0 0.877729 0.846008 0.012093 0.004753
0 0.877729 0.841730 0.012093 0.004753
0 0.115217 0.075095 0.008062 0.004753
0 0.137387 0.077234 0.008062 0.004753
0 0.159557 0.075095 0.008062 0.004753
0 0.181391 0.077234 0.008062 0.004753
0 0.203561 0.079610 0.008062 0.004753
0 0.260665 0.081749 0.008062 0.004753
0 0.299966 0.083888 0.008062 0.004753
0 0.626134 0.075095 0.008062 0.004753
0 0.648304 0.079610 0.008062 0.004753
0 0.676520 0.081749 0.008062 0.004753
0 0.708095 0.075095 0.008062 0.004753
0 0.736312 0.079610 0.008062 0.004753
0 0.750756 0.081749 0.008062 0.004753
0 0.782667 0.075095 0.008062 0.004753
0 0.805509 0.068441 0.008062 0.004753
0 0.843131 0.068441 0.008398 0.004753
0 0.899227 0.070817 0.008062 0.004753
0 0.927444 0.075095 0.008062 0.004753
0 0.112865 0.302281 0.008398 0.004753
0 0.192140 0.302281 0.008062 0.004753
0 0.232449 0.304420 0.008062 0.004753
0 0.290561 0.306797 0.008062 0.004753
0 0.315082 0.308935 0.008062 0.004753
0 0.348337 0.298004 0.008062 0.004753
0 0.378233 0.302281 0.008062 0.004753
0 0.405106 0.304420 0.008062 0.004753
0 0.435673 0.298004 0.008062 0.004753
0 0.462882 0.302281 0.008062 0.004753
0 0.479342 0.304420 0.008062 0.004753
0 0.509909 0.298004 0.008062 0.004753
0 0.532079 0.291350 0.008062 0.004753
0 0.567350 0.291350 0.008398 0.004753
0 0.625126 0.293489 0.008062 0.004753
0 0.654014 0.298004 0.008062 0.004753
0 0.692980 0.293489 0.008398 0.004753
0 0.751092 0.293489 0.008062 0.004753
0 0.769231 0.298004 0.008062 0.004753
0 0.787370 0.300143 0.008062 0.004753
0 0.805509 0.302281 0.008062 0.004753
0 0.835741 0.300143 0.008398 0.004753
0 0.888478 0.300143 0.008062 0.004753
0 0.904938 0.304420 0.008062 0.004753
0 0.922741 0.302281 0.008062 0.004753
0 0.938865 0.306797 0.008062 0.004753
0 0.115217 0.539211 0.008062 0.004753
0 0.199194 0.534933 0.008062 0.004753
0 0.235472 0.534933 0.008062 0.004753
0 0.266376 0.532795 0.008062 0.004753
0 0.285522 0.534933 0.008062 0.004753
0 0.304669 0.534933 0.008062 0.004753
0 0.335237 0.534933 0.008062 0.004753
0 0.366476 0.532795 0.008062 0.004753
0 0.402754 0.530418 0.008062 0.004753
0 0.448102 0.534933 0.008062 0.004753
0 0.467249 0.539211 0.008062 0.004753
0 0.493786 0.537072 0.008062 0.004753
0 0.516963 0.539211 0.008062 0.004753
0 0.542157 0.539211 0.008062 0.004753
0 0.574404 0.537072 0.008062 0.004753
0 0.602620 0.539211 0.008062 0.004753
0 0.617400 0.539211 0.008062 0.004753
0 0.649311 0.526141 0.008062 0.004753
0 0.672825 0.528279 0.008062 0.004753
0 0.725563 0.528279 0.008062 0.004753
0 0.876386 0.534933 0.008062 0.004753
0 0.902922 0.532795 0.008062 0.004753
0 0.929123 0.534933 0.008062 0.004753
0 0.112865 0.764971 0.008062 0.004753
0 0.152503 0.764971 0.008062 0.004753
0 0.192140 0.762833 0.008062 0.004753
0 0.231777 0.762833 0.008062 0.004753
0 0.256634 0.767110 0.008062 0.004753
0 0.292241 0.760694 0.008062 0.004753
0 0.310380 0.758317 0.008062 0.004753
0 0.328183 0.756179 0.008062 0.004753
0 0.346322 0.758317 0.008062 0.004753
0 0.364461 0.760694 0.008062 0.004753
0 0.382936 0.762833 0.008062 0.004753
0 0.401075 0.760694 0.008062 0.004753
0 0.419214 0.764971 0.008062 0.004753
0 0.445415 0.767110 0.008062 0.004753
0 0.466577 0.769249 0.008062 0.004753
0 0.487739 0.767110 0.008062 0.004753
0 0.508902 0.769249 0.008062 0.004753
0 0.529728 0.771625 0.008062 0.004753
0 0.584481 0.773764 0.008062 0.004753
0 0.624118 0.775903 0.008062 0.004753
