0 0.129997 0.226949 0.009070 0.005466
0 0.198186 0.216968 0.009070 0.005466
0 0.198186 0.204135 0.009070 0.005466
0 0.221028 0.216968 0.009070 0.005466
0 0.221028 0.204135 0.009070 0.005466
0 0.266711 0.216968 0.009070 0.005466
0 0.266711 0.204135 0.009070 0.005466
0 0.312059 0.216968 0.009070 0.005466
0 0.312059 0.204135 0.009070 0.005466
0 0.357743 0.216968 0.009070 0.005466
0 0.357743 0.204135 0.009070 0.005466
0 0.421229 0.226949 0.009070 0.005466
0 0.481021 0.216968 0.009070 0.005466
0 0.481021 0.204135 0.009070 0.005466
0 0.500840 0.216968 0.009070 0.005466
0 0.500840 0.204135 0.009070 0.005466
0 0.540813 0.216968 0.009070 0.005466
0 0.540813 0.204135 0.009070 0.005466
0 0.580450 0.216968 0.009070 0.005466
0 0.580450 0.204135 0.009070 0.005466
0 0.620087 0.216968 0.009070 0.005466
0 0.620087 0.204135 0.009070 0.005466
0 0.675176 0.226949 0.009070 0.005466
0 0.745045 0.216968 0.009070 0.005466
0 0.745045 0.211740 0.009070 0.005466
0 0.745045 0.204135 0.009070 0.005466
0 0.768559 0.216968 0.009070 0.005466
0 0.768559 0.211740 0.009070 0.005466
0 0.768559 0.204135 0.009070 0.005466
0 0.815250 0.216968 0.009070 0.005466
0 0.815250 0.211740 0.009070 0.005466
0 0.815250 0.204135 0.009070 0.005466
0 0.861942 0.216968 0.009070 0.005466
0 0.861942 0.211740 0.009070 0.005466
0 0.861942 0.204135 0.009070 0.005466
0 0.908633 0.216968 0.009070 0.005466
0 0.908633 0.211740 0.009070 0.005466
0 0.908633 0.204135 0.009070 0.005466
0 0.129997 0.455561 0.009070 0.005466
0 0.197850 0.447956 0.009070 0.005466
0 0.197850 0.442966 0.009070 0.005466
0 0.197850 0.432747 0.009070 0.005466
0 0.220692 0.447956 0.009070 0.005466
0 0.220692 0.442966 0.009070 0.005466
0 0.220692 0.432747 0.009070 0.005466
0 0.265704 0.447956 0.009070 0.005466
0 0.265704 0.442966 0.009070 0.005466
0 0.265704 0.432747 0.009070 0.005466
0 0.311051 0.447956 0.009070 0.005466
0 0.311051 0.442966 0.009070 0.005466
0 0.311051 0.432747 0.009070 0.005466
0 0.356399 0.447956 0.009070 0.005466
0 0.356399 0.442966 0.009070 0.005466
0 0.356399 0.432747 0.009070 0.005466
0 0.417199 0.465542 0.009070 0.005466
0 0.417199 0.447956 0.009070 0.005466
0 0.483373 0.447956 0.009070 0.005466
0 0.483373 0.442966 0.009070 0.005466
0 0.483373 0.432747 0.009070 0.005466
0 0.505542 0.447956 0.009070 0.005466
0 0.505542 0.442966 0.009070 0.005466
0 0.505542 0.432747 0.009070 0.005466
0 0.549547 0.447956 0.009070 0.005466
0 0.549547 0.442966 0.009070 0.005466
0 0.549547 0.432747 0.009070 0.005466
0 0.593551 0.447956 0.009070 0.005466
0 0.593551 0.442966 0.009070 0.005466
0 0.593551 0.432747 0.009070 0.005466
0 0.637890 0.447956 0.009070 0.005466
0 0.637890 0.442966 0.009070 0.005466
0 0.637890 0.432747 0.009070 0.005466
0 0.699698 0.465542 0.009070 0.005466
0 0.699698 0.447956 0.009070 0.005466
0 0.785018 0.447956 0.009070 0.005466
0 0.785018 0.442966 0.009070 0.005466
0 0.827679 0.463165 0.009070 0.005466
0 0.827679 0.445342 0.009070 0.005466
0 0.913000 0.445342 0.009070 0.005466
0 0.913000 0.440352 0.009070 0.005466
0 0.129997 0.681559 0.009070 0.005466
0 0.195835 0.663736 0.009070 0.005466
0 0.217669 0.663736 0.009070 0.005466
0 0.261337 0.663736 0.009070 0.005466
0 0.305005 0.666350 0.009070 0.005466
0 0.349009 0.663736 0.009070 0.005466
0 0.405106 0.699144 0.009070 0.005466
0 0.470272 0.681559 0.009070 0.005466
0 0.491770 0.681559 0.009070 0.005466
0 0.535438 0.681559 0.009070 0.005466
0 0.578771 0.683935 0.009070 0.005466
0 0.622103 0.681559 0.009070 0.005466
0 0.678200 0.699144 0.009070 0.005466
0 0.747397 0.681559 0.009070 0.005466
0 0.770574 0.681559 0.009070 0.005466
0 0.816930 0.681559 0.009070 0.005466
0 0.862949 0.683935 0.009070 0.005466
0 0.909305 0.681559 0.009070 0.005466
0 0.132684 0.904705 0.009070 0.005466
0 0.196507 0.894487 0.009070 0.005466
0 0.217669 0.894487 0.009070 0.005466
0 0.260329 0.894487 0.009070 0.005466
0 0.302990 0.897101 0.009070 0.005466
0 0.345314 0.894487 0.009070 0.005466
0 0.401747 0.909696 0.009070 0.005466
0 0.478334 0.892110 0.009070 0.005466
0 0.501512 0.892110 0.009070 0.005466
0 0.548203 0.892110 0.009070 0.005466
0 0.594558 0.894487 0.009070 0.005466
0 0.641250 0.892110 0.009070 0.005466
0 0.700369 0.907319 0.009070 0.005466
0 0.764192 0.889496 0.009070 0.005466
0 0.785354 0.889496 0.009070 0.005466
0 0.828015 0.889496 0.009070 0.005466
0 0.870339 0.892110 0.009070 0.005466
0 0.913000 0.889496 0.009070 0.005466
0 0.129997 0.173954 0.009070 0.005466
0 0.152838 0.156369 0.009070 0.005466
0 0.175680 0.153755 0.009070 0.005466
0 0.198186 0.156369 0.009070 0.005466
0 0.221028 0.173954 0.009070 0.005466
0 0.243870 0.156369 0.009070 0.005466
0 0.266711 0.173954 0.009070 0.005466
0 0.289217 0.156369 0.009070 0.005466
0 0.312059 0.153755 0.009070 0.005466
0 0.334901 0.156369 0.009070 0.005466
0 0.357743 0.173954 0.009070 0.005466
0 0.380584 0.156369 0.009070 0.005466
0 0.421229 0.173954 0.009070 0.005466
0 0.441048 0.156369 0.009070 0.005466
0 0.461203 0.153755 0.009070 0.005466
0 0.481021 0.156369 0.009070 0.005466
0 0.500840 0.173954 0.009070 0.005466
0 0.520658 0.156369 0.009070 0.005466
0 0.540813 0.173954 0.009070 0.005466
0 0.560632 0.156369 0.009070 0.005466
0 0.580450 0.153755 0.009070 0.005466
0 0.600269 0.156369 0.009070 0.005466
0 0.620087 0.173954 0.009070 0.005466
0 0.640242 0.156369 0.009070 0.005466
0 0.675176 0.173954 0.009070 0.005466
0 0.698354 0.156369 0.009070 0.005466
0 0.721868 0.153755 0.009070 0.005466
0 0.745045 0.156369 0.009070 0.005466
0 0.768559 0.173954 0.009070 0.005466
0 0.791737 0.156369 0.009070 0.005466
0 0.815250 0.173954 0.009070 0.005466
0 0.838764 0.156369 0.009070 0.005466
0 0.861942 0.153755 0.009070 0.005466
0 0.885455 0.156369 0.009070 0.005466
0 0.908633 0.173954 0.009070 0.005466
0 0.932146 0.156369 0.009070 0.005466
0 0.129997 0.404943 0.009070 0.005466
0 0.152503 0.387357 0.009070 0.005466
0 0.175344 0.384743 0.009070 0.005466
0 0.197850 0.387357 0.009070 0.005466
0 0.220692 0.404943 0.009070 0.005466
0 0.243198 0.387357 0.009070 0.005466
0 0.265704 0.404943 0.009070 0.005466
0 0.288546 0.387357 0.009070 0.005466
0 0.311051 0.384743 0.009070 0.005466
0 0.333557 0.387357 0.009070 0.005466
0 0.356399 0.404943 0.009070 0.005466
0 0.378905 0.387357 0.009070 0.005466
0 0.417199 0.399952 0.009070 0.005466
0 0.439368 0.387357 0.009070 0.005466
0 0.461538 0.382367 0.009070 0.005466
0 0.483373 0.387357 0.009070 0.005466
0 0.505542 0.399952 0.009070 0.005466
0 0.527712 0.387357 0.009070 0.005466
0 0.549547 0.404943 0.009070 0.005466
0 0.571716 0.394962 0.009070 0.005466
0 0.593551 0.387357 0.009070 0.005466
0 0.615721 0.394962 0.009070 0.005466
0 0.637890 0.404943 0.009070 0.005466
0 0.659725 0.394962 0.009070 0.005466
0 0.699698 0.409933 0.009070 0.005466
0 0.720860 0.399952 0.009070 0.005466
0 0.742358 0.392348 0.009070 0.005466
0 0.763520 0.399952 0.009070 0.005466
0 0.785018 0.409933 0.009070 0.005466
0 0.806181 0.399952 0.009070 0.005466
0 0.827679 0.409933 0.009070 0.005466
0 0.848841 0.402567 0.009070 0.005466
0 0.870339 0.392348 0.009070 0.005466
0 0.891502 0.402567 0.009070 0.005466
0 0.913000 0.409933 0.009070 0.005466
0 0.934162 0.402567 0.009070 0.005466
0 0.129997 0.630941 0.009070 0.005466
0 0.151831 0.625951 0.009070 0.005466
0 0.151831 0.620960 0.009070 0.005466
0 0.173665 0.613356 0.009070 0.005466
0 0.195835 0.625951 0.009070 0.005466
0 0.195835 0.620960 0.009070 0.005466
0 0.217669 0.630941 0.009070 0.005466
0 0.239503 0.625951 0.009070 0.005466
0 0.239503 0.620960 0.009070 0.005466
0 0.261337 0.630941 0.009070 0.005466
0 0.283171 0.625951 0.009070 0.005466
0 0.283171 0.620960 0.009070 0.005466
0 0.305005 0.613356 0.009070 0.005466
0 0.326839 0.625951 0.009070 0.005466
0 0.326839 0.620960 0.009070 0.005466
0 0.349009 0.630941 0.009070 0.005466
0 0.370843 0.625951 0.009070 0.005466
0 0.370843 0.620960 0.009070 0.005466
0 0.405106 0.663736 0.009070 0.005466
0 0.426604 0.630941 0.009070 0.005466
0 0.426604 0.625951 0.009070 0.005466
0 0.448438 0.620960 0.009070 0.005466
0 0.470272 0.630941 0.009070 0.005466
0 0.470272 0.625951 0.009070 0.005466
0 0.491770 0.663736 0.009070 0.005466
0 0.513604 0.630941 0.009070 0.005466
0 0.513604 0.625951 0.009070 0.005466
0 0.535438 0.663736 0.009070 0.005466
0 0.556937 0.630941 0.009070 0.005466
0 0.556937 0.625951 0.009070 0.005466
0 0.578771 0.620960 0.009070 0.005466
0 0.600605 0.630941 0.009070 0.005466
0 0.600605 0.625951 0.009070 0.005466
0 0.622103 0.663736 0.009070 0.005466
0 0.643937 0.630941 0.009070 0.005466
0 0.643937 0.625951 0.009070 0.005466
0 0.678200 0.666350 0.009070 0.005466
0 0.692644 0.630941 0.009070 0.005466
0 0.701041 0.628565 0.009070 0.005466
0 0.724219 0.620960 0.009070 0.005466
0 0.738999 0.630941 0.009070 0.005466
0 0.747397 0.628565 0.009070 0.005466
0 0.770574 0.666350 0.009070 0.005466
0 0.785354 0.630941 0.009070 0.005466
0 0.793752 0.628565 0.009070 0.005466
0 0.816930 0.666350 0.009070 0.005466
0 0.839772 0.633555 0.009070 0.005466
0 0.839772 0.628565 0.009070 0.005466
0 0.862949 0.620960 0.009070 0.005466
0 0.886127 0.633555 0.009070 0.005466
0 0.886127 0.628565 0.009070 0.005466
0 0.909305 0.666350 0.009070 0.005466
0 0.932482 0.633555 0.009070 0.005466
0 0.932482 0.628565 0.009070 0.005466
0 0.132684 0.881892 0.009070 0.005466
0 0.154182 0.851711 0.009070 0.005466
0 0.154182 0.844106 0.009070 0.005466
0 0.175344 0.838878 0.009070 0.005466
0 0.196507 0.851711 0.009070 0.005466
0 0.196507 0.844106 0.009070 0.005466
0 0.217669 0.881892 0.009070 0.005466
0 0.239167 0.851711 0.009070 0.005466
0 0.239167 0.844106 0.009070 0.005466
0 0.260329 0.881892 0.009070 0.005466
0 0.281491 0.851711 0.009070 0.005466
0 0.281491 0.844106 0.009070 0.005466
0 0.302990 0.838878 0.009070 0.005466
0 0.324152 0.851711 0.009070 0.005466
0 0.324152 0.844106 0.009070 0.005466
0 0.345314 0.881892 0.009070 0.005466
0 0.366812 0.851711 0.009070 0.005466
0 0.366812 0.844106 0.009070 0.005466
0 0.401747 0.881892 0.009070 0.005466
0 0.431643 0.879515 0.009070 0.005466
0 0.431643 0.869297 0.009070 0.005466
0 0.454820 0.838878 0.009070 0.005466
0 0.478334 0.879515 0.009070 0.005466
0 0.478334 0.869297 0.009070 0.005466
0 0.501512 0.881892 0.009070 0.005466
0 0.524689 0.879515 0.009070 0.005466
0 0.524689 0.869297 0.009070 0.005466
0 0.548203 0.881892 0.009070 0.005466
0 0.571381 0.879515 0.009070 0.005466
0 0.571381 0.869297 0.009070 0.005466
0 0.594558 0.838878 0.009070 0.005466
0 0.618072 0.879515 0.009070 0.005466
0 0.618072 0.869297 0.009070 0.005466
0 0.641250 0.881892 0.009070 0.005466
0 0.664427 0.879515 0.009070 0.005466
0 0.664427 0.869297 0.009070 0.005466
0 0.700369 0.876901 0.009070 0.005466
0 0.721532 0.846483 0.009070 0.005466
0 0.721532 0.838878 0.009070 0.005466
0 0.742694 0.833888 0.009070 0.005466
0 0.764192 0.846483 0.009070 0.005466
0 0.764192 0.838878 0.009070 0.005466
0 0.785354 0.876901 0.009070 0.005466
0 0.806517 0.846483 0.009070 0.005466
0 0.806517 0.838878 0.009070 0.005466
0 0.828015 0.876901 0.009070 0.005466
0 0.849177 0.846483 0.009070 0.005466
0 0.849177 0.838878 0.009070 0.005466
0 0.870339 0.833888 0.009070 0.005466
0 0.891837 0.846483 0.009070 0.005466
0 0.891837 0.838878 0.009070 0.005466
0 0.913000 0.876901 0.009070 0.005466
0 0.934162 0.846483 0.009070 0.005466
0 0.934162 0.838878 0.009070 0.005466
0 0.129997 0.099097 0.009070 0.005466
0 0.198186 0.101711 0.009070 0.005466
0 0.221028 0.104087 0.009070 0.005466
0 0.266711 0.104087 0.009070 0.005466
0 0.312059 0.106702 0.009070 0.005466
0 0.357743 0.109078 0.009070 0.005466
0 0.421229 0.111692 0.009070 0.005466
0 0.500840 0.116683 0.009070 0.005466
0 0.540813 0.109078 0.009070 0.005466
0 0.580450 0.111692 0.009070 0.005466
0 0.640242 0.111692 0.009070 0.005466
0 0.675176 0.111692 0.009070 0.005466
0 0.745045 0.114306 0.009070 0.005466
0 0.768559 0.111692 0.009070 0.005466
0 0.815250 0.106702 0.009070 0.005466
0 0.861942 0.109078 0.009070 0.005466
0 0.932146 0.111692 0.009070 0.005466
0 0.129997 0.333888 0.009070 0.005466
0 0.197850 0.336502 0.009070 0.005466
0 0.220692 0.339116 0.009070 0.005466
0 0.265704 0.341492 0.009070 0.005466
0 0.356399 0.318679 0.009070 0.005466
0 0.417199 0.318679 0.009070 0.005466
0 0.483373 0.321293 0.009070 0.005466
0 0.505542 0.323907 0.009070 0.005466
0 0.549547 0.323907 0.009070 0.005466
0 0.593551 0.326283 0.009070 0.005466
0 0.637890 0.328897 0.009070 0.005466
0 0.699698 0.328897 0.009070 0.005466
0 0.684918 0.326521 0.006382 0.003802
0 0.742358 0.331511 0.009070 0.005466
0 0.785018 0.328897 0.009070 0.005466
0 0.827679 0.323907 0.009070 0.005466
0 0.870339 0.326283 0.009070 0.005466
0 0.934162 0.326283 0.009070 0.005466
0 0.129997 0.559886 0.009070 0.005466
0 0.261337 0.559886 0.009070 0.005466
0 0.305005 0.552281 0.009070 0.005466
0 0.349009 0.549905 0.009070 0.005466
0 0.405106 0.547291 0.009070 0.005466
0 0.535438 0.547291 0.009070 0.005466
0 0.578771 0.552281 0.009070 0.005466
0 0.622103 0.565114 0.009070 0.005466
0 0.678200 0.559886 0.009070 0.005466
0 0.816930 0.559886 0.009070 0.005466
0 0.862949 0.557510 0.009070 0.005466
0 0.909305 0.562500 0.009070 0.005466
0 0.132684 0.785884 0.009070 0.005466
0 0.345314 0.780894 0.009070 0.005466
0 0.401747 0.773289 0.009070 0.005466
0 0.548203 0.773289 0.009070 0.005466
0 0.594558 0.770675 0.009070 0.005466
0 0.641250 0.773289 0.009070 0.005466
0 0.700369 0.775903 0.009070 0.005466
0 0.828015 0.768298 0.009070 0.005466
0 0.913000 0.780894 0.009070 0.005466
