0 0.312731 0.430846 0.009070 0.005466
0 0.369499 0.440827 0.009070 0.005466
0 0.183742 0.207937 0.009070 0.005466
0 0.212630 0.187738 0.009070 0.005466
0 0.241854 0.190352 0.009070 0.005466
0 0.319113 0.207937 0.009070 0.005466
0 0.347330 0.187738 0.009070 0.005466
0 0.375546 0.190352 0.009070 0.005466
0 0.467585 0.207937 0.009070 0.005466
0 0.504199 0.187738 0.009070 0.005466
0 0.541149 0.190352 0.009070 0.005466
0 0.622439 0.197956 0.009070 0.005466
0 0.651663 0.187738 0.009070 0.005466
0 0.680551 0.190352 0.009070 0.005466
0 0.726234 0.195342 0.009070 0.005466
0 0.726234 0.190352 0.009070 0.005466
0 0.753779 0.195342 0.009070 0.005466
0 0.753779 0.190352 0.009070 0.005466
0 0.781323 0.197956 0.009070 0.005466
0 0.781323 0.190352 0.009070 0.005466
0 0.808868 0.197956 0.009070 0.005466
0 0.808868 0.190352 0.009070 0.005466
0 0.847162 0.200333 0.009070 0.005466
0 0.847162 0.190352 0.009070 0.005466
0 0.874370 0.200333 0.009070 0.005466
0 0.874370 0.190352 0.009070 0.005466
0 0.901243 0.202947 0.009070 0.005466
0 0.901243 0.190352 0.009070 0.005466
0 0.928451 0.205561 0.009070 0.005466
0 0.928451 0.190352 0.009070 0.005466
0 0.154854 0.430846 0.009741 0.005466
0 0.312731 0.415637 0.009070 0.005466
0 0.321465 0.413023 0.009070 0.005466
0 0.341283 0.415637 0.009070 0.005466
0 0.349681 0.413023 0.009070 0.005466
0 0.369499 0.418251 0.009070 0.005466
0 0.369499 0.413023 0.009070 0.005466
0 0.397716 0.418251 0.009070 0.005466
0 0.397716 0.413023 0.009070 0.005466
0 0.447430 0.438451 0.009070 0.005466
0 0.447430 0.430846 0.009070 0.005466
0 0.447430 0.420627 0.009070 0.005466
0 0.476990 0.438451 0.009070 0.005466
0 0.476990 0.430846 0.009070 0.005466
0 0.476990 0.420627 0.009070 0.005466
0 0.506550 0.438451 0.009070 0.005466
0 0.506550 0.430846 0.009070 0.005466
0 0.506550 0.420627 0.009070 0.005466
0 0.536110 0.438451 0.009070 0.005466
0 0.536110 0.430846 0.009070 0.005466
0 0.536110 0.420627 0.009070 0.005466
0 0.576755 0.438451 0.009070 0.005466
0 0.576755 0.430846 0.009070 0.005466
0 0.576755 0.420627 0.009070 0.005466
0 0.605307 0.438451 0.009070 0.005466
0 0.605307 0.430846 0.009070 0.005466
0 0.605307 0.420627 0.009070 0.005466
0 0.634195 0.438451 0.009070 0.005466
0 0.634195 0.430846 0.009070 0.005466
0 0.634195 0.420627 0.009070 0.005466
0 0.662748 0.438451 0.009070 0.005466
0 0.662748 0.430846 0.009070 0.005466
0 0.662748 0.420627 0.009070 0.005466
0 0.707088 0.435837 0.009070 0.005466
0 0.707088 0.430846 0.009070 0.005466
0 0.707088 0.418251 0.009070 0.005466
0 0.739335 0.435837 0.009070 0.005466
0 0.739335 0.430846 0.009070 0.005466
0 0.739335 0.418251 0.009070 0.005466
0 0.771582 0.430846 0.009070 0.005466
0 0.771582 0.420627 0.009070 0.005466
0 0.771582 0.413023 0.009070 0.005466
0 0.803493 0.430846 0.009070 0.005466
0 0.803493 0.420627 0.009070 0.005466
0 0.803493 0.413023 0.009070 0.005466
0 0.863285 0.423241 0.009070 0.005466
0 0.863285 0.413023 0.009070 0.005466
0 0.863285 0.408032 0.009070 0.005466
0 0.886463 0.423241 0.009070 0.005466
0 0.886463 0.413023 0.009070 0.005466
0 0.886463 0.408032 0.009070 0.005466
0 0.909641 0.423241 0.009070 0.005466
0 0.909641 0.413023 0.009070 0.005466
0 0.909641 0.405418 0.009070 0.005466
0 0.932482 0.423241 0.009070 0.005466
0 0.932482 0.413023 0.009070 0.005466
0 0.932482 0.405418 0.009070 0.005466
0 0.154854 0.652804 0.009070 0.005466
0 0.154854 0.642586 0.009070 0.005466
0 0.154854 0.635219 0.009070 0.005466
0 0.185757 0.652804 0.009070 0.005466
0 0.185757 0.642586 0.009070 0.005466
0 0.185757 0.635219 0.009070 0.005466
0 0.216325 0.652804 0.009070 0.005466
0 0.216325 0.642586 0.009070 0.005466
0 0.216325 0.635219 0.009070 0.005466
0 0.247229 0.652804 0.009070 0.005466
0 0.247229 0.642586 0.009070 0.005466
0 0.247229 0.635219 0.009070 0.005466
0 0.291569 0.652804 0.009070 0.005466
0 0.291569 0.640209 0.009070 0.005466
0 0.291569 0.635219 0.009070 0.005466
0 0.321129 0.652804 0.009070 0.005466
0 0.321129 0.640209 0.009070 0.005466
0 0.321129 0.635219 0.009070 0.005466
0 0.350353 0.652804 0.009070 0.005466
0 0.350353 0.640209 0.009070 0.005466
0 0.350353 0.635219 0.009070 0.005466
0 0.379913 0.652804 0.009070 0.005466
0 0.379913 0.640209 0.009070 0.005466
0 0.379913 0.635219 0.009070 0.005466
0 0.431307 0.652804 0.009070 0.005466
0 0.431307 0.640209 0.009070 0.005466
0 0.431307 0.635219 0.009070 0.005466
0 0.459187 0.652804 0.009070 0.005466
0 0.459187 0.640209 0.009070 0.005466
0 0.459187 0.635219 0.009070 0.005466
0 0.486732 0.652804 0.009070 0.005466
0 0.486732 0.640209 0.009070 0.005466
0 0.486732 0.635219 0.009070 0.005466
0 0.514612 0.652804 0.009070 0.005466
0 0.514612 0.640209 0.009070 0.005466
0 0.514612 0.635219 0.009070 0.005466
0 0.553577 0.652804 0.009070 0.005466
0 0.553577 0.640209 0.009070 0.005466
0 0.553577 0.635219 0.009070 0.005466
0 0.582801 0.652804 0.009070 0.005466
0 0.582801 0.640209 0.009070 0.005466
0 0.582801 0.635219 0.009070 0.005466
0 0.603628 0.635219 0.009070 0.005466
0 0.612026 0.632605 0.009070 0.005466
0 0.612026 0.627614 0.009070 0.005466
0 0.612026 0.622386 0.009070 0.005466
0 0.632852 0.635219 0.009070 0.005466
0 0.641585 0.632605 0.009070 0.005466
0 0.641585 0.627614 0.009070 0.005466
0 0.641585 0.622386 0.009070 0.005466
0 0.681895 0.637595 0.009070 0.005466
0 0.681895 0.632605 0.009070 0.005466
0 0.681895 0.625000 0.009070 0.005466
0 0.681895 0.620010 0.009070 0.005466
0 0.709439 0.637595 0.009070 0.005466
0 0.709439 0.632605 0.009070 0.005466
0 0.709439 0.625000 0.009070 0.005466
0 0.709439 0.620010 0.009070 0.005466
0 0.737319 0.637595 0.009070 0.005466
0 0.737319 0.632605 0.009070 0.005466
0 0.737319 0.625000 0.009070 0.005466
0 0.737319 0.620010 0.009070 0.005466
0 0.765200 0.637595 0.009070 0.005466
0 0.765200 0.632605 0.009070 0.005466
0 0.765200 0.625000 0.009070 0.005466
0 0.765200 0.620010 0.009070 0.005466
0 0.806853 0.635219 0.009070 0.005466
0 0.806853 0.629990 0.009070 0.005466
0 0.806853 0.625000 0.009070 0.005466
0 0.806853 0.620010 0.009070 0.005466
0 0.844138 0.635219 0.009070 0.005466
0 0.844138 0.629990 0.009070 0.005466
0 0.835405 0.625000 0.009070 0.005466
0 0.844138 0.622386 0.009070 0.005466
0 0.881088 0.635219 0.009070 0.005466
0 0.881088 0.629990 0.009070 0.005466
0 0.881088 0.625000 0.009070 0.005466
0 0.918374 0.640209 0.009070 0.005466
0 0.918374 0.635219 0.009070 0.005466
0 0.918374 0.629990 0.009070 0.005466
0 0.162244 0.862167 0.009070 0.005466
0 0.162244 0.851949 0.009070 0.005466
0 0.162244 0.841730 0.009070 0.005466
0 0.186093 0.862167 0.009070 0.005466
0 0.186093 0.851949 0.009070 0.005466
0 0.186093 0.841730 0.009070 0.005466
0 0.209943 0.862167 0.009070 0.005466
0 0.209943 0.851949 0.009070 0.005466
0 0.209943 0.841730 0.009070 0.005466
0 0.233792 0.862167 0.009070 0.005466
0 0.233792 0.851949 0.009070 0.005466
0 0.233792 0.841730 0.009070 0.005466
0 0.279140 0.862167 0.009070 0.005466
0 0.279140 0.851949 0.009070 0.005466
0 0.279140 0.841730 0.009070 0.005466
0 0.305005 0.862167 0.009070 0.005466
0 0.305005 0.851949 0.009070 0.005466
0 0.305005 0.841730 0.009070 0.005466
0 0.330534 0.862167 0.009070 0.005466
0 0.330534 0.851949 0.009070 0.005466
0 0.330534 0.844344 0.009070 0.005466
0 0.356399 0.872148 0.009070 0.005466
0 0.356399 0.854563 0.009070 0.005466
0 0.417534 0.872148 0.009070 0.005466
0 0.417534 0.854563 0.009070 0.005466
0 0.441720 0.872148 0.009070 0.005466
0 0.441720 0.862167 0.009070 0.005466
0 0.441720 0.854563 0.009070 0.005466
0 0.465905 0.872148 0.009070 0.005466
0 0.465905 0.862167 0.009070 0.005466
0 0.465905 0.854563 0.009070 0.005466
0 0.490091 0.872148 0.009070 0.005466
0 0.490091 0.862167 0.009070 0.005466
0 0.490091 0.854563 0.009070 0.005466
0 0.558952 0.864544 0.009070 0.005466
0 0.581458 0.862167 0.009070 0.005466
0 0.603964 0.844344 0.009070 0.005466
0 0.663420 0.864544 0.009070 0.005466
0 0.683910 0.862167 0.009070 0.005466
0 0.704400 0.844344 0.009070 0.005466
0 0.769567 0.864544 0.009070 0.005466
0 0.793080 0.862167 0.009070 0.005466
0 0.816594 0.844344 0.009070 0.005466
0 0.887471 0.874762 0.009070 0.005466
0 0.911320 0.872148 0.009070 0.005466
0 0.863285 0.372624 0.009070 0.005466
0 0.863285 0.365019 0.009070 0.005466
0 0.886463 0.372624 0.009070 0.005466
0 0.886463 0.365019 0.009070 0.005466
0 0.909641 0.370247 0.009070 0.005466
0 0.909641 0.365019 0.009070 0.005466
0 0.932482 0.370247 0.009070 0.005466
0 0.932482 0.365019 0.009070 0.005466
0 0.431307 0.594582 0.009070 0.005466
0 0.431307 0.584601 0.009070 0.005466
0 0.459187 0.594582 0.009070 0.005466
0 0.459187 0.584601 0.009070 0.005466
0 0.486732 0.597196 0.009070 0.005466
0 0.486732 0.584601 0.009070 0.005466
0 0.514612 0.597196 0.009070 0.005466
0 0.514612 0.584601 0.009070 0.005466
0 0.553577 0.597196 0.009070 0.005466
0 0.553577 0.584601 0.009070 0.005466
0 0.582801 0.597196 0.009070 0.005466
0 0.582801 0.584601 0.009070 0.005466
0 0.612026 0.592205 0.009070 0.005466
0 0.612026 0.584601 0.009070 0.005466
0 0.612026 0.579610 0.009070 0.005466
0 0.641585 0.584601 0.009070 0.005466
0 0.641585 0.579610 0.009070 0.005466
0 0.641585 0.574382 0.009070 0.005466
0 0.681895 0.584601 0.009070 0.005466
0 0.681895 0.576996 0.009070 0.005466
0 0.709439 0.584601 0.009070 0.005466
0 0.709439 0.576996 0.009070 0.005466
0 0.737319 0.584601 0.009070 0.005466
0 0.737319 0.576996 0.009070 0.005466
0 0.765200 0.584601 0.009070 0.005466
0 0.765200 0.576996 0.009070 0.005466
0 0.806853 0.587215 0.009070 0.005466
0 0.806853 0.581987 0.009070 0.005466
0 0.844138 0.587215 0.009070 0.005466
0 0.844138 0.581987 0.009070 0.005466
0 0.881088 0.592205 0.009070 0.005466
0 0.881088 0.587215 0.009070 0.005466
0 0.918374 0.594582 0.009070 0.005466
0 0.918374 0.587215 0.009070 0.005466
0 0.417534 0.844344 0.009070 0.005466
0 0.154854 0.154943 0.009070 0.005466
0 0.154854 0.149952 0.009070 0.005466
0 0.154854 0.144724 0.009070 0.005466
0 0.163252 0.142348 0.009070 0.005466
0 0.183742 0.154943 0.009070 0.005466
0 0.183742 0.149952 0.009070 0.005466
0 0.183742 0.144724 0.009070 0.005466
0 0.192140 0.142348 0.009070 0.005466
0 0.212630 0.154943 0.009070 0.005466
0 0.212630 0.149952 0.009070 0.005466
0 0.212630 0.144724 0.009070 0.005466
0 0.221364 0.142348 0.009070 0.005466
0 0.241854 0.154943 0.009070 0.005466
0 0.241854 0.149952 0.009070 0.005466
0 0.241854 0.144724 0.009070 0.005466
0 0.250252 0.142348 0.009070 0.005466
0 0.290897 0.154943 0.009070 0.005466
0 0.290897 0.149952 0.009070 0.005466
0 0.290897 0.144724 0.009070 0.005466
0 0.299631 0.142348 0.009070 0.005466
0 0.319113 0.154943 0.009070 0.005466
0 0.319113 0.149952 0.009070 0.005466
0 0.319113 0.144724 0.009070 0.005466
0 0.327847 0.142348 0.009070 0.005466
0 0.347330 0.154943 0.009070 0.005466
0 0.347330 0.149952 0.009070 0.005466
0 0.347330 0.144724 0.009070 0.005466
0 0.355727 0.142348 0.009070 0.005466
0 0.375546 0.154943 0.009070 0.005466
0 0.375546 0.149952 0.009070 0.005466
0 0.375546 0.144724 0.009070 0.005466
0 0.383944 0.142348 0.009070 0.005466
0 0.430635 0.154943 0.009070 0.005466
0 0.430635 0.149952 0.009070 0.005466
0 0.430635 0.144724 0.009070 0.005466
0 0.439033 0.142348 0.009070 0.005466
0 0.467585 0.154943 0.009070 0.005466
0 0.467585 0.149952 0.009070 0.005466
0 0.467585 0.144724 0.009070 0.005466
0 0.475983 0.142348 0.009070 0.005466
0 0.504199 0.154943 0.009070 0.005466
0 0.504199 0.149952 0.009070 0.005466
0 0.504199 0.144724 0.009070 0.005466
0 0.512597 0.142348 0.009070 0.005466
0 0.541149 0.154943 0.009070 0.005466
0 0.541149 0.149952 0.009070 0.005466
0 0.541149 0.144724 0.009070 0.005466
0 0.549547 0.142348 0.009070 0.005466
0 0.593551 0.154943 0.009070 0.005466
0 0.593551 0.144724 0.009070 0.005466
0 0.601948 0.142348 0.009070 0.005466
0 0.622439 0.154943 0.009070 0.005466
0 0.622439 0.144724 0.009070 0.005466
0 0.631172 0.142348 0.009070 0.005466
0 0.651663 0.154943 0.009070 0.005466
0 0.651663 0.144724 0.009070 0.005466
0 0.660060 0.142348 0.009070 0.005466
0 0.680551 0.154943 0.009070 0.005466
0 0.680551 0.144724 0.009070 0.005466
0 0.688949 0.142348 0.009070 0.005466
0 0.726234 0.152329 0.009070 0.005466
0 0.726234 0.142348 0.009070 0.005466
0 0.753779 0.152329 0.009070 0.005466
0 0.753779 0.142348 0.009070 0.005466
0 0.781323 0.154943 0.009070 0.005466
0 0.781323 0.144724 0.009070 0.005466
0 0.789721 0.142348 0.009070 0.005466
0 0.808868 0.154943 0.009070 0.005466
0 0.808868 0.144724 0.009070 0.005466
0 0.817266 0.142348 0.009070 0.005466
0 0.847162 0.154943 0.009070 0.005466
0 0.847162 0.144724 0.009070 0.005466
0 0.855559 0.142348 0.009070 0.005466
0 0.874370 0.152329 0.009070 0.005466
0 0.874370 0.147338 0.009070 0.005466
0 0.874370 0.142348 0.009070 0.005466
0 0.901243 0.149952 0.009070 0.005466
0 0.901243 0.142348 0.009070 0.005466
0 0.928451 0.152329 0.009070 0.005466
0 0.928451 0.147338 0.009070 0.005466
0 0.928451 0.142348 0.009070 0.005466
0 0.154854 0.377614 0.009070 0.005466
0 0.146456 0.367633 0.009070 0.005466
0 0.154854 0.365019 0.009070 0.005466
0 0.188781 0.415637 0.009070 0.005466
0 0.197514 0.413023 0.009070 0.005466
0 0.188781 0.408032 0.009070 0.005466
0 0.188781 0.403042 0.009070 0.005466
0 0.223043 0.415637 0.009070 0.005466
0 0.231441 0.413023 0.009070 0.005466
0 0.223043 0.408032 0.009070 0.005466
0 0.223043 0.403042 0.009070 0.005466
0 0.256970 0.415637 0.009070 0.005466
0 0.265704 0.413023 0.009070 0.005466
0 0.256970 0.408032 0.009070 0.005466
0 0.256970 0.403042 0.009070 0.005466
0 0.312731 0.377614 0.009070 0.005466
0 0.312731 0.372624 0.009070 0.005466
0 0.369499 0.375238 0.009070 0.005466
0 0.369499 0.370247 0.009070 0.005466
0 0.447430 0.377614 0.009070 0.005466
0 0.447430 0.367633 0.009070 0.005466
0 0.456164 0.365019 0.009070 0.005466
0 0.447430 0.360029 0.009070 0.005466
0 0.476990 0.377614 0.009070 0.005466
0 0.476990 0.367633 0.009070 0.005466
0 0.485724 0.365019 0.009070 0.005466
0 0.476990 0.360029 0.009070 0.005466
0 0.506550 0.377614 0.009070 0.005466
0 0.506550 0.367633 0.009070 0.005466
0 0.515284 0.365019 0.009070 0.005466
0 0.506550 0.360029 0.009070 0.005466
0 0.536110 0.377614 0.009070 0.005466
0 0.536110 0.367633 0.009070 0.005466
0 0.544844 0.365019 0.009070 0.005466
0 0.536110 0.360029 0.009070 0.005466
0 0.576755 0.377614 0.009070 0.005466
0 0.576755 0.367633 0.009070 0.005466
0 0.585153 0.365019 0.009070 0.005466
0 0.576755 0.360029 0.009070 0.005466
0 0.605307 0.377614 0.009070 0.005466
0 0.605307 0.367633 0.009070 0.005466
0 0.614041 0.365019 0.009070 0.005466
0 0.605307 0.360029 0.009070 0.005466
0 0.634195 0.377614 0.009070 0.005466
0 0.634195 0.367633 0.009070 0.005466
0 0.642593 0.365019 0.009070 0.005466
0 0.634195 0.360029 0.009070 0.005466
0 0.662748 0.377614 0.009070 0.005466
0 0.662748 0.367633 0.009070 0.005466
0 0.671145 0.365019 0.009070 0.005466
0 0.662748 0.360029 0.009070 0.005466
0 0.707088 0.375238 0.009070 0.005466
0 0.707088 0.365019 0.009070 0.005466
0 0.707088 0.357414 0.009070 0.005466
0 0.739335 0.375238 0.009070 0.005466
0 0.739335 0.365019 0.009070 0.005466
0 0.739335 0.357414 0.009070 0.005466
0 0.771582 0.372624 0.009070 0.005466
0 0.771582 0.365019 0.009070 0.005466
0 0.771582 0.360029 0.009070 0.005466
0 0.771582 0.355038 0.009070 0.005466
0 0.803493 0.372624 0.009070 0.005466
0 0.803493 0.365019 0.009070 0.005466
0 0.803493 0.360029 0.009070 0.005466
0 0.803493 0.355038 0.009070 0.005466
0 0.863285 0.355038 0.009070 0.005466
0 0.909641 0.352424 0.009070 0.005466
0 0.932482 0.357414 0.009070 0.005466
0 0.154854 0.581987 0.009070 0.005466
0 0.154854 0.576996 0.009070 0.005466
0 0.154854 0.564401 0.009070 0.005466
0 0.185757 0.581987 0.009070 0.005466
0 0.185757 0.576996 0.009070 0.005466
0 0.185757 0.564401 0.009070 0.005466
0 0.216325 0.581987 0.009070 0.005466
0 0.216325 0.576996 0.009070 0.005466
0 0.216325 0.564401 0.009070 0.005466
0 0.247229 0.587215 0.009070 0.005466
0 0.247229 0.581987 0.009070 0.005466
0 0.247229 0.569392 0.009070 0.005466
0 0.291569 0.592205 0.009070 0.005466
0 0.291569 0.581987 0.009070 0.005466
0 0.291569 0.574382 0.009070 0.005466
0 0.321129 0.592205 0.009070 0.005466
0 0.321129 0.581987 0.009070 0.005466
0 0.321129 0.574382 0.009070 0.005466
0 0.350353 0.592205 0.009070 0.005466
0 0.350353 0.581987 0.009070 0.005466
0 0.350353 0.574382 0.009070 0.005466
0 0.379913 0.594582 0.009070 0.005466
0 0.379913 0.581987 0.009070 0.005466
0 0.379913 0.576996 0.009070 0.005466
0 0.431307 0.576996 0.009070 0.005466
0 0.486732 0.579610 0.009070 0.005466
0 0.553577 0.579610 0.009070 0.005466
0 0.612026 0.574382 0.009070 0.005466
0 0.641585 0.567015 0.009070 0.005466
0 0.681895 0.567015 0.009070 0.005466
0 0.737319 0.572006 0.009070 0.005466
0 0.806853 0.572006 0.009070 0.005466
0 0.844138 0.574382 0.009070 0.005466
0 0.881088 0.576996 0.009070 0.005466
0 0.918374 0.581987 0.009070 0.005466
0 0.162244 0.805846 0.009070 0.005466
0 0.162244 0.795865 0.009070 0.005466
0 0.162244 0.790875 0.009070 0.005466
0 0.186093 0.805846 0.009070 0.005466
0 0.186093 0.795865 0.009070 0.005466
0 0.186093 0.790875 0.009070 0.005466
0 0.209943 0.805846 0.009070 0.005466
0 0.209943 0.795865 0.009070 0.005466
0 0.209943 0.790875 0.009070 0.005466
0 0.233792 0.805846 0.009070 0.005466
0 0.233792 0.795865 0.009070 0.005466
0 0.233792 0.790875 0.009070 0.005466
0 0.279140 0.805846 0.009070 0.005466
0 0.279140 0.795865 0.009070 0.005466
0 0.279140 0.790875 0.009070 0.005466
0 0.305005 0.805846 0.009070 0.005466
0 0.305005 0.795865 0.009070 0.005466
0 0.305005 0.790875 0.009070 0.005466
0 0.330534 0.805846 0.009070 0.005466
0 0.330534 0.795865 0.009070 0.005466
0 0.339268 0.793251 0.009070 0.005466
0 0.356399 0.811074 0.009070 0.005466
0 0.356399 0.803470 0.009070 0.005466
0 0.356399 0.798479 0.009070 0.005466
0 0.356399 0.793251 0.009070 0.005466
0 0.417534 0.803470 0.009070 0.005466
0 0.417534 0.798479 0.009070 0.005466
0 0.417534 0.793251 0.009070 0.005466
0 0.441720 0.849335 0.009070 0.005466
0 0.441720 0.844344 0.009070 0.005466
0 0.441720 0.836740 0.009070 0.005466
0 0.441720 0.831749 0.009070 0.005466
0 0.465905 0.849335 0.009070 0.005466
0 0.465905 0.844344 0.009070 0.005466
0 0.465905 0.836740 0.009070 0.005466
0 0.465905 0.831749 0.009070 0.005466
0 0.490091 0.849335 0.009070 0.005466
0 0.490091 0.844344 0.009070 0.005466
0 0.490091 0.836740 0.009070 0.005466
0 0.490091 0.831749 0.009070 0.005466
0 0.536782 0.808460 0.009070 0.005466
0 0.536782 0.798479 0.009070 0.005466
0 0.545180 0.795865 0.009070 0.005466
0 0.536782 0.790875 0.009070 0.005466
0 0.581458 0.805846 0.009070 0.005466
0 0.581458 0.800856 0.009070 0.005466
0 0.581458 0.795865 0.009070 0.005466
0 0.589856 0.793251 0.009070 0.005466
0 0.581458 0.788260 0.009070 0.005466
0 0.617736 0.811074 0.009070 0.005466
0 0.617736 0.793251 0.009070 0.005466
0 0.642929 0.798479 0.009741 0.005466
0 0.642929 0.793251 0.009741 0.005466
0 0.642929 0.785646 0.009741 0.005466
0 0.642929 0.780656 0.009741 0.005466
0 0.735976 0.846958 0.009741 0.005466
0 0.745045 0.844344 0.009741 0.005466
0 0.735976 0.839354 0.009741 0.005466
0 0.735976 0.834363 0.009741 0.005466
0 0.862949 0.849335 0.009741 0.005466
0 0.862949 0.844344 0.009741 0.005466
0 0.862949 0.836740 0.009741 0.005466
0 0.380249 0.514259 0.006382 0.003802
0 0.431307 0.516873 0.006718 0.003802
0 0.553577 0.516873 0.006382 0.003802
0 0.154854 0.088878 0.009741 0.005466
0 0.290897 0.088878 0.009070 0.005466
0 0.347330 0.088878 0.009070 0.005466
0 0.393349 0.088878 0.009070 0.005466
0 0.430635 0.088878 0.009070 0.005466
0 0.467585 0.088878 0.009070 0.005466
0 0.504199 0.071293 0.009070 0.005466
0 0.541149 0.076283 0.009070 0.005466
0 0.593551 0.078897 0.009070 0.005466
0 0.651663 0.081274 0.009070 0.005466
0 0.726234 0.078897 0.009070 0.005466
0 0.781323 0.086502 0.009070 0.005466
0 0.847162 0.086502 0.009070 0.005466
0 0.928451 0.096483 0.009070 0.005466
0 0.154854 0.306559 0.009070 0.005466
0 0.188781 0.301568 0.009070 0.005466
0 0.223043 0.298954 0.009070 0.005466
0 0.256970 0.296340 0.009070 0.005466
0 0.312731 0.296340 0.009070 0.005466
0 0.369499 0.298954 0.009070 0.005466
0 0.397716 0.286359 0.009070 0.005466
0 0.447430 0.278755 0.009070 0.005466
0 0.536110 0.288736 0.009070 0.005466
0 0.576755 0.288736 0.009070 0.005466
0 0.662748 0.288736 0.009070 0.005466
0 0.707088 0.286359 0.009070 0.005466
0 0.739335 0.286359 0.009070 0.005466
0 0.771582 0.283745 0.009070 0.005466
0 0.823648 0.283745 0.009070 0.005466
0 0.863285 0.283745 0.009070 0.005466
0 0.909641 0.281131 0.009070 0.005466
0 0.932482 0.286359 0.009070 0.005466
0 0.154854 0.509030 0.009070 0.005466
0 0.247229 0.514021 0.009070 0.005466
0 0.291569 0.519249 0.009070 0.005466
0 0.379913 0.496435 0.009070 0.005466
0 0.431307 0.499049 0.009741 0.005466
0 0.553577 0.499049 0.009070 0.005466
0 0.612026 0.516635 0.009070 0.005466
0 0.681895 0.504040 0.009070 0.005466
0 0.737319 0.509030 0.009070 0.005466
0 0.806853 0.509030 0.009070 0.005466
0 0.844138 0.509030 0.009070 0.005466
0 0.881088 0.514021 0.009070 0.005466
0 0.918374 0.519249 0.009070 0.005466
0 0.162244 0.743821 0.009070 0.005466
0 0.209943 0.738593 0.009070 0.005466
0 0.279140 0.738593 0.009070 0.005466
0 0.330534 0.748812 0.009070 0.005466
0 0.372523 0.746198 0.009070 0.005466
0 0.417534 0.746198 0.009741 0.005466
