0 0.158213 0.206511 0.009070 0.005466
0 0.158213 0.188926 0.009070 0.005466
0 0.188445 0.206511 0.009070 0.005466
0 0.188445 0.196530 0.009070 0.005466
0 0.188445 0.188926 0.009070 0.005466
0 0.218677 0.206511 0.009070 0.005466
0 0.218677 0.196530 0.009070 0.005466
0 0.218677 0.188926 0.009070 0.005466
0 0.248572 0.206511 0.009070 0.005466
0 0.248572 0.196530 0.009070 0.005466
0 0.248572 0.188926 0.009070 0.005466
0 0.278804 0.206511 0.009070 0.005466
0 0.278804 0.196530 0.009070 0.005466
0 0.278804 0.188926 0.009070 0.005466
0 0.309036 0.206511 0.009070 0.005466
0 0.309036 0.196530 0.009070 0.005466
0 0.309036 0.188926 0.009070 0.005466
0 0.367484 0.196530 0.014108 0.005466
0 0.590527 0.214116 0.009070 0.005466
0 0.590527 0.196530 0.009070 0.005466
0 0.617064 0.196530 0.009070 0.005466
0 0.617064 0.191302 0.009070 0.005466
0 0.617064 0.181321 0.009070 0.005466
0 0.643601 0.196530 0.009070 0.005466
0 0.643601 0.191302 0.009070 0.005466
0 0.643601 0.181321 0.009070 0.005466
0 0.689285 0.196530 0.009070 0.005466
0 0.689285 0.191302 0.009070 0.005466
0 0.689285 0.181321 0.009070 0.005466
0 0.715821 0.196530 0.009070 0.005466
0 0.715821 0.191302 0.009070 0.005466
0 0.715821 0.181321 0.009070 0.005466
0 0.742358 0.196530 0.009070 0.005466
0 0.742358 0.191302 0.009070 0.005466
0 0.742358 0.181321 0.009070 0.005466
0 0.782667 0.214116 0.009070 0.005466
0 0.782667 0.196530 0.009070 0.005466
0 0.809540 0.196530 0.009070 0.005466
0 0.809540 0.191302 0.009070 0.005466
0 0.809540 0.181321 0.009070 0.005466
0 0.836412 0.196530 0.009070 0.005466
0 0.836412 0.191302 0.009070 0.005466
0 0.836412 0.181321 0.009070 0.005466
0 0.875378 0.196530 0.009070 0.005466
0 0.875378 0.191302 0.009070 0.005466
0 0.875378 0.181321 0.009070 0.005466
0 0.901915 0.196530 0.009070 0.005466
0 0.901915 0.191302 0.009070 0.005466
0 0.901915 0.181321 0.009070 0.005466
0 0.928787 0.196530 0.009070 0.005466
0 0.928787 0.191302 0.009070 0.005466
0 0.928787 0.181321 0.009070 0.005466
0 0.163588 0.442490 0.014108 0.005466
0 0.163588 0.424667 0.014108 0.005466
0 0.401411 0.442490 0.014108 0.005466
0 0.401411 0.424667 0.014108 0.005466
0 0.601276 0.442490 0.009070 0.005466
0 0.601276 0.424667 0.009070 0.005466
0 0.626470 0.424667 0.009070 0.005466
0 0.626470 0.417063 0.009070 0.005466
0 0.626470 0.412072 0.009070 0.005466
0 0.651327 0.424667 0.009070 0.005466
0 0.651327 0.417063 0.009070 0.005466
0 0.651327 0.412072 0.009070 0.005466
0 0.690292 0.424667 0.009070 0.005466
0 0.690292 0.417063 0.009070 0.005466
0 0.690292 0.412072 0.009070 0.005466
0 0.715149 0.424667 0.009070 0.005466
0 0.715149 0.417063 0.009070 0.005466
0 0.715149 0.412072 0.009070 0.005466
0 0.740343 0.424667 0.009070 0.005466
0 0.740343 0.417063 0.009070 0.005466
0 0.740343 0.412072 0.009070 0.005466
0 0.779308 0.442490 0.009070 0.005466
0 0.779308 0.424667 0.009070 0.005466
0 0.807524 0.424667 0.009070 0.005466
0 0.807524 0.417063 0.009070 0.005466
0 0.807524 0.412072 0.009070 0.005466
0 0.807524 0.407082 0.009070 0.005466
0 0.835741 0.424667 0.009070 0.005466
0 0.835741 0.417063 0.009070 0.005466
0 0.835741 0.412072 0.009070 0.005466
0 0.835741 0.407082 0.009070 0.005466
0 0.871011 0.424667 0.009070 0.005466
0 0.871011 0.417063 0.009070 0.005466
0 0.871011 0.412072 0.009070 0.005466
0 0.871011 0.407082 0.009070 0.005466
0 0.899227 0.424667 0.009070 0.005466
0 0.899227 0.417063 0.009070 0.005466
0 0.899227 0.412072 0.009070 0.005466
0 0.899227 0.407082 0.009070 0.005466
0 0.927444 0.424667 0.009070 0.005466
0 0.927444 0.417063 0.009070 0.005466
0 0.927444 0.412072 0.009070 0.005466
0 0.927444 0.407082 0.009070 0.005466
0 0.172993 0.668489 0.014108 0.005466
0 0.172993 0.650665 0.014108 0.005466
0 0.408465 0.670865 0.014108 0.005466
0 0.408465 0.653279 0.014108 0.005466
0 0.578435 0.670865 0.009070 0.005466
0 0.578435 0.653279 0.009070 0.005466
0 0.610010 0.653279 0.009070 0.005466
0 0.610010 0.645675 0.009070 0.005466
0 0.610010 0.640684 0.009070 0.005466
0 0.641585 0.653279 0.009070 0.005466
0 0.641585 0.645675 0.009070 0.005466
0 0.641585 0.640684 0.009070 0.005466
0 0.673161 0.670865 0.009070 0.005466
0 0.673161 0.653279 0.009070 0.005466
0 0.696003 0.653279 0.009070 0.005466
0 0.704736 0.650665 0.009070 0.005466
0 0.704736 0.640684 0.009070 0.005466
0 0.727578 0.653279 0.009070 0.005466
0 0.736312 0.650665 0.009070 0.005466
0 0.736312 0.640684 0.009070 0.005466
0 0.778300 0.670865 0.009070 0.005466
0 0.778300 0.653279 0.009070 0.005466
0 0.807860 0.653279 0.009070 0.005466
0 0.807860 0.648289 0.009070 0.005466
0 0.807860 0.638070 0.009070 0.005466
0 0.837420 0.653279 0.009070 0.005466
0 0.837420 0.648289 0.009070 0.005466
0 0.837420 0.638070 0.009070 0.005466
0 0.866980 0.653279 0.009070 0.005466
0 0.866980 0.648289 0.009070 0.005466
0 0.866980 0.638070 0.009070 0.005466
0 0.896540 0.653279 0.009070 0.005466
0 0.896540 0.648289 0.009070 0.005466
0 0.896540 0.638070 0.009070 0.005466
0 0.926100 0.653279 0.009070 0.005466
0 0.926100 0.648289 0.009070 0.005466
0 0.926100 0.638070 0.009070 0.005466
0 0.160900 0.879515 0.014108 0.005466
0 0.396708 0.881892 0.014108 0.005466
0 0.596910 0.899715 0.009070 0.005466
0 0.596910 0.881892 0.009070 0.005466
0 0.627813 0.881892 0.009070 0.005466
0 0.627813 0.869297 0.009070 0.005466
0 0.658717 0.881892 0.009070 0.005466
0 0.658717 0.869297 0.009070 0.005466
0 0.692308 0.881892 0.009070 0.005466
0 0.683910 0.869297 0.009070 0.005466
0 0.692308 0.866683 0.009070 0.005466
0 0.723211 0.881892 0.009070 0.005466
0 0.714814 0.869297 0.009070 0.005466
0 0.723211 0.866683 0.009070 0.005466
0 0.759825 0.881892 0.009070 0.005466
0 0.751428 0.869297 0.009070 0.005466
0 0.759825 0.866683 0.009070 0.005466
0 0.806853 0.881892 0.009070 0.005466
0 0.806853 0.871911 0.009070 0.005466
0 0.806853 0.864306 0.009070 0.005466
0 0.831710 0.881892 0.009070 0.005466
0 0.831710 0.871911 0.009070 0.005466
0 0.831710 0.864306 0.009070 0.005466
0 0.856231 0.881892 0.009070 0.005466
0 0.856231 0.871911 0.009070 0.005466
0 0.856231 0.864306 0.009070 0.005466
0 0.881088 0.881892 0.009070 0.005466
0 0.881088 0.871911 0.009070 0.005466
0 0.881088 0.864306 0.009070 0.005466
0 0.905946 0.881892 0.009070 0.005466
0 0.905946 0.871911 0.009070 0.005466
0 0.905946 0.864306 0.009070 0.005466
0 0.930803 0.881892 0.009070 0.005466
0 0.930803 0.871911 0.009070 0.005466
0 0.930803 0.864306 0.009070 0.005466
0 0.610010 0.608365 0.009070 0.005466
0 0.610010 0.600760 0.009070 0.005466
0 0.641585 0.608365 0.009070 0.005466
0 0.641585 0.600760 0.009070 0.005466
0 0.704736 0.608365 0.009070 0.005466
0 0.704736 0.600760 0.009070 0.005466
0 0.736312 0.608365 0.009070 0.005466
0 0.736312 0.600760 0.009070 0.005466
0 0.807860 0.608365 0.009070 0.005466
0 0.807860 0.598384 0.009070 0.005466
0 0.837420 0.608365 0.009070 0.005466
0 0.837420 0.598384 0.009070 0.005466
0 0.866980 0.608365 0.009070 0.005466
0 0.866980 0.598384 0.009070 0.005466
0 0.896540 0.608365 0.009070 0.005466
0 0.896540 0.598384 0.009070 0.005466
0 0.926100 0.608365 0.009070 0.005466
0 0.926100 0.598384 0.009070 0.005466
0 0.627813 0.838878 0.009070 0.005466
0 0.627813 0.831511 0.009070 0.005466
0 0.658717 0.838878 0.009070 0.005466
0 0.658717 0.831511 0.009070 0.005466
0 0.731609 0.831511 0.009070 0.005466
0 0.731609 0.826283 0.009070 0.005466
0 0.759825 0.831511 0.009070 0.005466
0 0.751428 0.826283 0.009070 0.005466
0 0.759825 0.823907 0.009070 0.005466
0 0.831710 0.833888 0.009070 0.005466
0 0.831710 0.828897 0.009070 0.005466
0 0.856231 0.833888 0.009070 0.005466
0 0.856231 0.828897 0.009070 0.005466
0 0.881088 0.833888 0.009070 0.005466
0 0.881088 0.828897 0.009070 0.005466
0 0.905946 0.833888 0.009070 0.005466
0 0.905946 0.828897 0.009070 0.005466
0 0.930803 0.833888 0.009070 0.005466
0 0.930803 0.828897 0.009070 0.005466
0 0.158213 0.148051 0.009070 0.005466
0 0.158213 0.130466 0.009070 0.005466
0 0.188445 0.160646 0.009070 0.005466
0 0.188445 0.155656 0.009070 0.005466
0 0.188445 0.148051 0.009070 0.005466
0 0.188445 0.143061 0.009070 0.005466
0 0.218677 0.160646 0.009070 0.005466
0 0.218677 0.155656 0.009070 0.005466
0 0.218677 0.148051 0.009070 0.005466
0 0.218677 0.143061 0.009070 0.005466
0 0.248572 0.160646 0.009070 0.005466
0 0.248572 0.155656 0.009070 0.005466
0 0.248572 0.148051 0.009070 0.005466
0 0.248572 0.143061 0.009070 0.005466
0 0.278804 0.160646 0.009070 0.005466
0 0.278804 0.155656 0.009070 0.005466
0 0.278804 0.148051 0.009070 0.005466
0 0.278804 0.143061 0.009070 0.005466
0 0.309036 0.160646 0.009070 0.005466
0 0.309036 0.155656 0.009070 0.005466
0 0.309036 0.148051 0.009070 0.005466
0 0.309036 0.143061 0.009070 0.005466
0 0.399059 0.158270 0.009070 0.005466
0 0.407457 0.155656 0.009070 0.005466
0 0.399059 0.150665 0.009070 0.005466
0 0.399059 0.145437 0.009070 0.005466
0 0.430635 0.158270 0.009070 0.005466
0 0.439033 0.155656 0.009070 0.005466
0 0.430635 0.150665 0.009070 0.005466
0 0.430635 0.145437 0.009070 0.005466
0 0.481693 0.158270 0.009070 0.005466
0 0.490091 0.155656 0.009070 0.005466
0 0.481693 0.150665 0.009070 0.005466
0 0.481693 0.145437 0.009070 0.005466
0 0.513268 0.158270 0.009070 0.005466
0 0.521666 0.155656 0.009070 0.005466
0 0.513268 0.150665 0.009070 0.005466
0 0.513268 0.145437 0.009070 0.005466
0 0.544844 0.158270 0.009070 0.005466
0 0.553242 0.155656 0.009070 0.005466
0 0.544844 0.150665 0.009070 0.005466
0 0.544844 0.145437 0.009070 0.005466
0 0.590527 0.148051 0.009070 0.005466
0 0.590527 0.130466 0.009070 0.005466
0 0.617064 0.145437 0.009070 0.005466
0 0.617064 0.127852 0.009070 0.005466
0 0.660060 0.155656 0.009070 0.005466
0 0.660060 0.138070 0.009070 0.005466
0 0.689285 0.138070 0.009741 0.005466
0 0.689285 0.120247 0.009741 0.005466
0 0.782667 0.135456 0.009070 0.005466
0 0.782667 0.117871 0.009070 0.005466
0 0.809540 0.138070 0.009070 0.005466
0 0.809540 0.120247 0.009070 0.005466
0 0.852872 0.145437 0.009070 0.005466
0 0.852872 0.127852 0.009070 0.005466
0 0.875378 0.127852 0.009741 0.005466
0 0.875378 0.110266 0.009741 0.005466
0 0.200537 0.386882 0.009070 0.005466
0 0.208935 0.384268 0.009070 0.005466
0 0.200537 0.379278 0.009070 0.005466
0 0.200537 0.374287 0.009070 0.005466
0 0.237823 0.386882 0.009070 0.005466
0 0.246221 0.384268 0.009070 0.005466
0 0.237823 0.379278 0.009070 0.005466
0 0.237823 0.374287 0.009070 0.005466
0 0.274773 0.386882 0.009070 0.005466
0 0.283507 0.384268 0.009070 0.005466
0 0.274773 0.379278 0.009070 0.005466
0 0.274773 0.374287 0.009070 0.005466
0 0.312059 0.386882 0.009070 0.005466
0 0.320457 0.384268 0.009070 0.005466
0 0.312059 0.379278 0.009070 0.005466
0 0.312059 0.374287 0.009070 0.005466
0 0.349345 0.386882 0.009070 0.005466
0 0.357743 0.384268 0.009070 0.005466
0 0.349345 0.379278 0.009070 0.005466
0 0.349345 0.374287 0.009070 0.005466
0 0.428955 0.389496 0.009070 0.005466
0 0.428955 0.384268 0.009070 0.005466
0 0.428955 0.376663 0.009070 0.005466
0 0.428955 0.371673 0.009070 0.005466
0 0.456500 0.389496 0.009070 0.005466
0 0.456500 0.384268 0.009070 0.005466
0 0.456500 0.376663 0.009070 0.005466
0 0.456500 0.371673 0.009070 0.005466
0 0.502183 0.389496 0.009070 0.005466
0 0.502183 0.384268 0.009070 0.005466
0 0.502183 0.376663 0.009070 0.005466
0 0.502183 0.371673 0.009070 0.005466
0 0.529728 0.389496 0.009070 0.005466
0 0.529728 0.384268 0.009070 0.005466
0 0.529728 0.376663 0.009070 0.005466
0 0.529728 0.371673 0.009070 0.005466
0 0.557272 0.389496 0.009070 0.005466
0 0.557272 0.384268 0.009070 0.005466
0 0.557272 0.376663 0.009070 0.005466
0 0.557272 0.371673 0.009070 0.005466
0 0.601276 0.369297 0.009070 0.005466
0 0.601276 0.351473 0.009070 0.005466
0 0.626470 0.366683 0.009070 0.005466
0 0.626470 0.348859 0.009070 0.005466
0 0.667115 0.371673 0.009070 0.005466
0 0.667115 0.354087 0.009070 0.005466
0 0.690292 0.359078 0.009741 0.005466
0 0.690292 0.341492 0.009741 0.005466
0 0.779308 0.361692 0.009070 0.005466
0 0.779308 0.343869 0.009070 0.005466
0 0.807524 0.359078 0.009070 0.005466
0 0.807524 0.341492 0.009070 0.005466
0 0.853208 0.366683 0.009070 0.005466
0 0.853208 0.348859 0.009070 0.005466
0 0.871011 0.354087 0.009741 0.005466
0 0.871011 0.336264 0.009741 0.005466
0 0.172657 0.615970 0.009070 0.005466
0 0.172657 0.610979 0.009070 0.005466
0 0.172657 0.600760 0.009070 0.005466
0 0.206920 0.615970 0.009070 0.005466
0 0.206920 0.610979 0.009070 0.005466
0 0.206920 0.600760 0.009070 0.005466
0 0.240846 0.615970 0.009070 0.005466
0 0.240846 0.610979 0.009070 0.005466
0 0.240846 0.600760 0.009070 0.005466
0 0.287874 0.615970 0.009070 0.005466
0 0.287874 0.610979 0.009070 0.005466
0 0.287874 0.600760 0.009070 0.005466
0 0.321800 0.615970 0.009070 0.005466
0 0.321800 0.610979 0.009070 0.005466
0 0.321800 0.600760 0.009070 0.005466
0 0.355727 0.615970 0.009070 0.005466
0 0.355727 0.610979 0.009070 0.005466
0 0.355727 0.600760 0.009070 0.005466
0 0.435002 0.613356 0.009070 0.005466
0 0.435002 0.608365 0.009070 0.005466
0 0.435002 0.600760 0.009070 0.005466
0 0.461538 0.613356 0.009070 0.005466
0 0.461538 0.608365 0.009070 0.005466
0 0.461538 0.600760 0.009070 0.005466
0 0.488075 0.613356 0.009070 0.005466
0 0.488075 0.608365 0.009070 0.005466
0 0.488075 0.600760 0.009070 0.005466
0 0.514612 0.613356 0.009070 0.005466
0 0.514612 0.608365 0.009070 0.005466
0 0.514612 0.600760 0.009070 0.005466
0 0.541485 0.613356 0.009070 0.005466
0 0.541485 0.608365 0.009070 0.005466
0 0.541485 0.600760 0.009070 0.005466
0 0.578435 0.590779 0.009070 0.005466
0 0.610010 0.590779 0.009070 0.005466
0 0.673161 0.590779 0.009070 0.005466
0 0.704736 0.590779 0.009070 0.005466
0 0.778300 0.590779 0.009070 0.005466
0 0.807860 0.590779 0.009070 0.005466
0 0.190460 0.841492 0.009070 0.005466
0 0.190460 0.831511 0.009070 0.005466
0 0.199194 0.828897 0.009070 0.005466
0 0.220356 0.841492 0.009070 0.005466
0 0.220356 0.831511 0.009070 0.005466
0 0.229090 0.828897 0.009070 0.005466
0 0.278468 0.841492 0.009070 0.005466
0 0.278468 0.831511 0.009070 0.005466
0 0.286866 0.828897 0.009070 0.005466
0 0.308364 0.841492 0.009070 0.005466
0 0.308364 0.831511 0.009070 0.005466
0 0.316762 0.828897 0.009070 0.005466
0 0.352032 0.841492 0.009070 0.005466
0 0.352032 0.831511 0.009070 0.005466
0 0.360766 0.828897 0.009070 0.005466
0 0.426268 0.841492 0.009070 0.005466
0 0.435002 0.838878 0.009070 0.005466
0 0.426268 0.833888 0.009070 0.005466
0 0.426268 0.828897 0.009070 0.005466
0 0.456500 0.841492 0.009070 0.005466
0 0.464898 0.838878 0.009070 0.005466
0 0.456500 0.833888 0.009070 0.005466
0 0.456500 0.828897 0.009070 0.005466
0 0.496809 0.841492 0.009070 0.005466
0 0.505207 0.838878 0.009070 0.005466
0 0.496809 0.833888 0.009070 0.005466
0 0.496809 0.828897 0.009070 0.005466
0 0.526705 0.841492 0.009070 0.005466
0 0.535102 0.838878 0.009070 0.005466
0 0.526705 0.833888 0.009070 0.005466
0 0.526705 0.828897 0.009070 0.005466
0 0.556601 0.841492 0.009070 0.005466
0 0.564998 0.838878 0.009070 0.005466
0 0.556601 0.833888 0.009070 0.005466
0 0.556601 0.828897 0.009070 0.005466
0 0.596910 0.821293 0.009070 0.005466
0 0.627813 0.821293 0.009070 0.005466
0 0.692308 0.813688 0.009070 0.005466
0 0.723211 0.823907 0.009070 0.005466
0 0.723211 0.813688 0.009070 0.005466
0 0.806853 0.816302 0.009070 0.005466
0 0.831710 0.816302 0.009741 0.005466
0 0.881088 0.816302 0.009741 0.005466
0 0.158213 0.078897 0.009070 0.005466
0 0.218677 0.078897 0.009070 0.005466
0 0.248572 0.078897 0.009070 0.005466
0 0.278804 0.081274 0.009070 0.005466
0 0.327847 0.083888 0.009070 0.005466
0 0.367484 0.083888 0.009070 0.005466
0 0.399059 0.081274 0.009070 0.005466
0 0.450453 0.091492 0.009070 0.005466
0 0.481693 0.073907 0.009741 0.005466
0 0.163588 0.307034 0.009741 0.005466
0 0.274773 0.307034 0.009070 0.005466
0 0.312059 0.309648 0.009070 0.005466
0 0.349345 0.312025 0.009070 0.005466
0 0.401075 0.312025 0.009070 0.005466
0 0.428955 0.309648 0.009070 0.005466
0 0.473967 0.322243 0.009070 0.005466
0 0.502183 0.304420 0.009741 0.005466
0 0.172657 0.537785 0.009070 0.005466
0 0.206920 0.537785 0.009070 0.005466
0 0.262009 0.537785 0.009070 0.005466
0 0.287874 0.537785 0.009070 0.005466
0 0.273094 0.535409 0.006382 0.003802
0 0.321800 0.540399 0.009070 0.005466
0 0.355727 0.537785 0.009070 0.005466
0 0.408465 0.532795 0.009741 0.005466
0 0.461538 0.537785 0.009070 0.005466
0 0.488075 0.545390 0.009741 0.005466
0 0.160564 0.769011 0.009070 0.005466
0 0.190460 0.769011 0.009070 0.005466
0 0.239167 0.769011 0.009070 0.005466
0 0.278468 0.769011 0.009070 0.005466
0 0.264024 0.766397 0.006382 0.003802
0 0.326839 0.771388 0.009070 0.005466
0 0.352032 0.769011 0.009070 0.005466
0 0.396372 0.761407 0.009741 0.005466
0 0.456500 0.769011 0.009070 0.005466
0 0.496809 0.778992 0.009741 0.005466
