0 0.208263 0.281606 0.007726 0.004278
0 0.416191 0.589591 0.007726 0.004278
0 0.416191 0.581511 0.007726 0.004278
0 0.885791 0.593631 0.007390 0.004278
0 0.265368 0.879040 0.007390 0.004278
0 0.265368 0.875000 0.007390 0.004278
0 0.287874 0.876901 0.007390 0.004278
0 0.287874 0.872861 0.007390 0.004278
0 0.310044 0.876901 0.007390 0.004278
0 0.310044 0.872861 0.007390 0.004278
0 0.342963 0.875000 0.007390 0.004278
0 0.342963 0.870960 0.007390 0.004278
0 0.365133 0.875000 0.007390 0.004278
0 0.365133 0.870960 0.007390 0.004278
0 0.381928 0.872861 0.007390 0.004278
0 0.381928 0.868821 0.007390 0.004278
0 0.145448 0.297766 0.007390 0.004278
0 0.145448 0.283745 0.007390 0.004278
0 0.166611 0.283745 0.007390 0.004278
0 0.166611 0.279705 0.007390 0.004278
0 0.187437 0.283745 0.007390 0.004278
0 0.187437 0.279705 0.007390 0.004278
0 0.229426 0.277567 0.007390 0.004278
0 0.236144 0.275665 0.007390 0.004278
0 0.250588 0.277567 0.007390 0.004278
0 0.257306 0.275665 0.007390 0.004278
0 0.271414 0.277567 0.007390 0.004278
0 0.278468 0.275665 0.007390 0.004278
0 0.292576 0.277567 0.007390 0.004278
0 0.299295 0.275665 0.007390 0.004278
0 0.313739 0.277567 0.007390 0.004278
0 0.320457 0.275665 0.007390 0.004278
0 0.352704 0.297766 0.007390 0.004278
0 0.352704 0.283745 0.007390 0.004278
0 0.375546 0.283745 0.007390 0.004278
0 0.375546 0.279705 0.007390 0.004278
0 0.375546 0.275665 0.007390 0.004278
0 0.398052 0.283745 0.007390 0.004278
0 0.398052 0.279705 0.007390 0.004278
0 0.398052 0.275665 0.007390 0.004278
0 0.420894 0.295865 0.007390 0.004278
0 0.420894 0.281606 0.007390 0.004278
0 0.443735 0.281606 0.007390 0.004278
0 0.436681 0.277567 0.007390 0.004278
0 0.443735 0.275665 0.007390 0.004278
0 0.466241 0.281606 0.007390 0.004278
0 0.459523 0.277567 0.007390 0.004278
0 0.466241 0.275665 0.007390 0.004278
0 0.489083 0.281606 0.007390 0.004278
0 0.482365 0.277567 0.007390 0.004278
0 0.489083 0.275665 0.007390 0.004278
0 0.511925 0.281606 0.007390 0.004278
0 0.504871 0.277567 0.007390 0.004278
0 0.511925 0.275665 0.007390 0.004278
0 0.534767 0.281606 0.007390 0.004278
0 0.528048 0.277567 0.007390 0.004278
0 0.534767 0.275665 0.007390 0.004278
0 0.568357 0.293726 0.007390 0.004278
0 0.588176 0.279705 0.007390 0.004278
0 0.588176 0.275665 0.007390 0.004278
0 0.608331 0.279705 0.007390 0.004278
0 0.608331 0.275665 0.007390 0.004278
0 0.628149 0.291825 0.007390 0.004278
0 0.628149 0.277567 0.007390 0.004278
0 0.647968 0.277567 0.007390 0.004278
0 0.647968 0.273527 0.007390 0.004278
0 0.668122 0.277567 0.007390 0.004278
0 0.668122 0.273527 0.007390 0.004278
0 0.687941 0.291825 0.007390 0.004278
0 0.707759 0.277567 0.007390 0.004278
0 0.707759 0.273527 0.007390 0.004278
0 0.727914 0.277567 0.007390 0.004278
0 0.727914 0.273527 0.007390 0.004278
0 0.757474 0.289686 0.007390 0.004278
0 0.757474 0.283745 0.007390 0.004278
0 0.757474 0.279705 0.007390 0.004278
0 0.757474 0.275665 0.007390 0.004278
0 0.777628 0.289686 0.007390 0.004278
0 0.777628 0.283745 0.007390 0.004278
0 0.777628 0.279705 0.007390 0.004278
0 0.777628 0.275665 0.007390 0.004278
0 0.797783 0.289686 0.007390 0.004278
0 0.797783 0.283745 0.007390 0.004278
0 0.797783 0.279705 0.007390 0.004278
0 0.797783 0.275665 0.007390 0.004278
0 0.817938 0.289686 0.007390 0.004278
0 0.817938 0.283745 0.007390 0.004278
0 0.817938 0.279705 0.007390 0.004278
0 0.817938 0.275665 0.007390 0.004278
0 0.837756 0.289686 0.007390 0.004278
0 0.837756 0.283745 0.007390 0.004278
0 0.837756 0.279705 0.007390 0.004278
0 0.837756 0.275665 0.007390 0.004278
0 0.857911 0.289686 0.007390 0.004278
0 0.857911 0.283745 0.007390 0.004278
0 0.857911 0.279705 0.007390 0.004278
0 0.857911 0.275665 0.007390 0.004278
0 0.878065 0.289686 0.007390 0.004278
0 0.878065 0.283745 0.007390 0.004278
0 0.878065 0.279705 0.007390 0.004278
0 0.897884 0.289686 0.007390 0.004278
0 0.897884 0.283745 0.007390 0.004278
0 0.897884 0.279705 0.007390 0.004278
0 0.927108 0.289686 0.007390 0.004278
0 0.927108 0.283745 0.007390 0.004278
0 0.927108 0.279705 0.007390 0.004278
0 0.150487 0.589591 0.007390 0.004278
0 0.143433 0.583650 0.007390 0.004278
0 0.150487 0.581511 0.007390 0.004278
0 0.150487 0.577471 0.007390 0.004278
0 0.171649 0.589591 0.007390 0.004278
0 0.164931 0.583650 0.007390 0.004278
0 0.171649 0.581511 0.007390 0.004278
0 0.171649 0.577471 0.007390 0.004278
0 0.192812 0.589591 0.007390 0.004278
0 0.186093 0.583650 0.007390 0.004278
0 0.192812 0.581511 0.007390 0.004278
0 0.192812 0.577471 0.007390 0.004278
0 0.213974 0.589591 0.007390 0.004278
0 0.207256 0.583650 0.007390 0.004278
0 0.213974 0.581511 0.007390 0.004278
0 0.213974 0.577471 0.007390 0.004278
0 0.235136 0.589591 0.007390 0.004278
0 0.228418 0.583650 0.007390 0.004278
0 0.235136 0.581511 0.007390 0.004278
0 0.235136 0.577471 0.007390 0.004278
0 0.256634 0.589591 0.007390 0.004278
0 0.249580 0.583650 0.007390 0.004278
0 0.256634 0.581511 0.007390 0.004278
0 0.256634 0.577471 0.007390 0.004278
0 0.277796 0.589591 0.007390 0.004278
0 0.271078 0.583650 0.007390 0.004278
0 0.277796 0.581511 0.007390 0.004278
0 0.277796 0.577471 0.007390 0.004278
0 0.298959 0.589591 0.007390 0.004278
0 0.292241 0.583650 0.007390 0.004278
0 0.298959 0.581511 0.007390 0.004278
0 0.298959 0.577471 0.007390 0.004278
0 0.320121 0.589591 0.007390 0.004278
0 0.313403 0.583650 0.007390 0.004278
0 0.320121 0.581511 0.007390 0.004278
0 0.320121 0.577471 0.007390 0.004278
0 0.358750 0.589591 0.007390 0.004278
0 0.352032 0.583650 0.007390 0.004278
0 0.358750 0.581511 0.007390 0.004278
0 0.358750 0.577471 0.007390 0.004278
0 0.377897 0.589591 0.007390 0.004278
0 0.371179 0.583650 0.007390 0.004278
0 0.377897 0.581511 0.007390 0.004278
0 0.377897 0.577471 0.007390 0.004278
0 0.397044 0.589591 0.007390 0.004278
0 0.390326 0.583650 0.007390 0.004278
0 0.397044 0.581511 0.007390 0.004278
0 0.397044 0.577471 0.007390 0.004278
0 0.422909 0.583650 0.007390 0.004278
0 0.466241 0.585551 0.007390 0.004278
0 0.541485 0.597671 0.007390 0.004278
0 0.570373 0.589591 0.007390 0.004278
0 0.570373 0.583650 0.007390 0.004278
0 0.591871 0.589591 0.007390 0.004278
0 0.591871 0.583650 0.007390 0.004278
0 0.613033 0.589591 0.007390 0.004278
0 0.613033 0.583650 0.007390 0.004278
0 0.634195 0.589591 0.007390 0.004278
0 0.634195 0.583650 0.007390 0.004278
0 0.655358 0.589591 0.007390 0.004278
0 0.655358 0.583650 0.007390 0.004278
0 0.676520 0.583650 0.007390 0.004278
0 0.758146 0.585551 0.007390 0.004278
0 0.821968 0.599810 0.007390 0.004278
0 0.885791 0.585551 0.007390 0.004278
0 0.906953 0.583650 0.007390 0.004278
0 0.928451 0.583650 0.007390 0.004278
0 0.147128 0.889021 0.007390 0.004278
0 0.147128 0.875000 0.007390 0.004278
0 0.201881 0.889021 0.007390 0.004278
0 0.265368 0.883080 0.007390 0.004278
0 0.342963 0.883080 0.007390 0.004278
0 0.401411 0.870960 0.007390 0.004278
0 0.401411 0.866920 0.007390 0.004278
0 0.451797 0.883080 0.007390 0.004278
0 0.451797 0.868821 0.007390 0.004278
0 0.511925 0.883080 0.007390 0.004278
0 0.511925 0.876901 0.007390 0.004278
0 0.511925 0.872861 0.007390 0.004278
0 0.511925 0.868821 0.007390 0.004278
0 0.528720 0.883080 0.007390 0.004278
0 0.528720 0.876901 0.007390 0.004278
0 0.528720 0.872861 0.007390 0.004278
0 0.528720 0.868821 0.007390 0.004278
0 0.545516 0.883080 0.007390 0.004278
0 0.545516 0.876901 0.007390 0.004278
0 0.545516 0.872861 0.007390 0.004278
0 0.545516 0.868821 0.007390 0.004278
0 0.561975 0.883080 0.007390 0.004278
0 0.561975 0.876901 0.007390 0.004278
0 0.561975 0.872861 0.007390 0.004278
0 0.561975 0.868821 0.007390 0.004278
0 0.578771 0.883080 0.007390 0.004278
0 0.578771 0.876901 0.007390 0.004278
0 0.578771 0.872861 0.007390 0.004278
0 0.578771 0.868821 0.007390 0.004278
0 0.595566 0.883080 0.007390 0.004278
0 0.595566 0.876901 0.007390 0.004278
0 0.595566 0.872861 0.007390 0.004278
0 0.595566 0.868821 0.007390 0.004278
0 0.612361 0.883080 0.007390 0.004278
0 0.612361 0.872861 0.007390 0.004278
0 0.633188 0.883080 0.007390 0.004278
0 0.633188 0.875000 0.007390 0.004278
0 0.649983 0.883080 0.007390 0.004278
0 0.649983 0.876901 0.007390 0.004278
0 0.677192 0.880941 0.007390 0.004278
0 0.710783 0.889021 0.007390 0.004278
0 0.741686 0.883080 0.007390 0.004278
0 0.795432 0.897101 0.007390 0.004278
0 0.863285 0.891160 0.007390 0.004278
0 0.890158 0.891160 0.007390 0.004278
0 0.890158 0.883080 0.007390 0.004278
0 0.890158 0.872861 0.007390 0.004278
0 0.145448 0.239781 0.007390 0.004278
0 0.166611 0.231702 0.007390 0.004278
0 0.166611 0.227662 0.007390 0.004278
0 0.187437 0.231702 0.007390 0.004278
0 0.187437 0.227662 0.007390 0.004278
0 0.208599 0.237643 0.007390 0.004278
0 0.229426 0.233603 0.007390 0.004278
0 0.229426 0.227662 0.007390 0.004278
0 0.250588 0.233603 0.007390 0.004278
0 0.250588 0.227662 0.007390 0.004278
0 0.271414 0.237643 0.007390 0.004278
0 0.292576 0.233603 0.007390 0.004278
0 0.292576 0.227662 0.007390 0.004278
0 0.313739 0.233603 0.007390 0.004278
0 0.313739 0.227662 0.007390 0.004278
0 0.352704 0.239781 0.007390 0.004278
0 0.375546 0.231702 0.007390 0.004278
0 0.375546 0.227662 0.007390 0.004278
0 0.398052 0.231702 0.007390 0.004278
0 0.398052 0.227662 0.007390 0.004278
0 0.420894 0.237643 0.007390 0.004278
0 0.443735 0.233603 0.007390 0.004278
0 0.443735 0.227662 0.007390 0.004278
0 0.466241 0.233603 0.007390 0.004278
0 0.466241 0.227662 0.007390 0.004278
0 0.489083 0.237643 0.007390 0.004278
0 0.511925 0.233603 0.007390 0.004278
0 0.511925 0.227662 0.007390 0.004278
0 0.534767 0.233603 0.007390 0.004278
0 0.534767 0.227662 0.007390 0.004278
0 0.568357 0.235741 0.007390 0.004278
0 0.588176 0.231702 0.007390 0.004278
0 0.588176 0.227662 0.007390 0.004278
0 0.608331 0.231702 0.007390 0.004278
0 0.608331 0.227662 0.007390 0.004278
0 0.628149 0.233603 0.007390 0.004278
0 0.647968 0.229563 0.007390 0.004278
0 0.647968 0.225523 0.007390 0.004278
0 0.668122 0.229563 0.007390 0.004278
0 0.668122 0.225523 0.007390 0.004278
0 0.687941 0.233603 0.007390 0.004278
0 0.707759 0.225523 0.007390 0.004278
0 0.707759 0.221483 0.007390 0.004278
0 0.727914 0.225523 0.007390 0.004278
0 0.727914 0.221483 0.007390 0.004278
0 0.416191 0.540637 0.007390 0.004278
0 0.466241 0.542538 0.007390 0.004278
0 0.751428 0.550618 0.007390 0.004278
0 0.758146 0.548717 0.007390 0.004278
0 0.772590 0.550618 0.007390 0.004278
0 0.779644 0.548717 0.007390 0.004278
0 0.794088 0.550618 0.007390 0.004278
0 0.800806 0.548717 0.007390 0.004278
0 0.821968 0.552757 0.007390 0.004278
0 0.821968 0.548717 0.007390 0.004278
0 0.843131 0.552757 0.007390 0.004278
0 0.843131 0.548717 0.007390 0.004278
0 0.864629 0.552757 0.007390 0.004278
0 0.864629 0.548717 0.007390 0.004278
0 0.885791 0.550618 0.007390 0.004278
0 0.885791 0.546578 0.007390 0.004278
0 0.935170 0.546578 0.007390 0.004278
0 0.140074 0.830086 0.007390 0.004278
0 0.147128 0.828184 0.007390 0.004278
0 0.158549 0.830086 0.007390 0.004278
0 0.165267 0.828184 0.007390 0.004278
0 0.176688 0.830086 0.007390 0.004278
0 0.183406 0.828184 0.007390 0.004278
0 0.201881 0.832224 0.007390 0.004278
0 0.201881 0.828184 0.007390 0.004278
0 0.220020 0.832224 0.007390 0.004278
0 0.220020 0.828184 0.007390 0.004278
0 0.238495 0.832224 0.007390 0.004278
0 0.238495 0.828184 0.007390 0.004278
0 0.265368 0.830086 0.007390 0.004278
0 0.342963 0.830086 0.007390 0.004278
0 0.401411 0.817966 0.007390 0.004278
0 0.418206 0.830086 0.007390 0.004278
0 0.435002 0.830086 0.007390 0.004278
0 0.451797 0.822006 0.007390 0.004278
0 0.468593 0.830086 0.007390 0.004278
0 0.485388 0.830086 0.007390 0.004278
0 0.511925 0.824144 0.007390 0.004278
0 0.511925 0.820105 0.007390 0.004278
0 0.511925 0.816065 0.007390 0.004278
0 0.528720 0.824144 0.007390 0.004278
0 0.528720 0.820105 0.007390 0.004278
0 0.528720 0.816065 0.007390 0.004278
0 0.545516 0.824144 0.007390 0.004278
0 0.545516 0.820105 0.007390 0.004278
0 0.545516 0.816065 0.007390 0.004278
0 0.561975 0.824144 0.007390 0.004278
0 0.561975 0.820105 0.007390 0.004278
0 0.578771 0.824144 0.007390 0.004278
0 0.578771 0.820105 0.007390 0.004278
0 0.595566 0.824144 0.007390 0.004278
0 0.595566 0.820105 0.007390 0.004278
0 0.612361 0.830086 0.007390 0.004278
0 0.612361 0.824144 0.007390 0.004278
0 0.633188 0.830086 0.007390 0.004278
0 0.633188 0.826046 0.007390 0.004278
0 0.649983 0.830086 0.007390 0.004278
0 0.649983 0.824144 0.007390 0.004278
0 0.683910 0.832224 0.007390 0.004278
0 0.683910 0.824144 0.007390 0.004278
0 0.699698 0.832224 0.007390 0.004278
0 0.699698 0.824144 0.007390 0.004278
0 0.721868 0.832224 0.007390 0.004278
0 0.721868 0.824144 0.007390 0.004278
0 0.741686 0.836264 0.007390 0.004278
0 0.741686 0.832224 0.007390 0.004278
0 0.759489 0.836264 0.007390 0.004278
0 0.759489 0.832224 0.007390 0.004278
0 0.777293 0.836264 0.007390 0.004278
0 0.777293 0.832224 0.007390 0.004278
0 0.795432 0.836264 0.007390 0.004278
0 0.795432 0.832224 0.007390 0.004278
0 0.813235 0.836264 0.007390 0.004278
0 0.813235 0.832224 0.007390 0.004278
0 0.835405 0.836264 0.007390 0.004278
0 0.835405 0.832224 0.007390 0.004278
0 0.145448 0.225523 0.007390 0.004278
0 0.208263 0.223622 0.007726 0.004278
0 0.352704 0.225523 0.007390 0.004278
0 0.420558 0.223622 0.007726 0.004278
0 0.568357 0.221483 0.007390 0.004278
0 0.628149 0.219582 0.007390 0.004278
0 0.687941 0.219582 0.007390 0.004278
0 0.757474 0.231702 0.007390 0.004278
0 0.757474 0.227662 0.007390 0.004278
0 0.757474 0.217443 0.007390 0.004278
0 0.777628 0.231702 0.007390 0.004278
0 0.777628 0.227662 0.007390 0.004278
0 0.777628 0.217443 0.007390 0.004278
0 0.797783 0.231702 0.007390 0.004278
0 0.797783 0.227662 0.007390 0.004278
0 0.797783 0.217443 0.007390 0.004278
0 0.817938 0.231702 0.007390 0.004278
0 0.817938 0.227662 0.007390 0.004278
0 0.817938 0.217443 0.007390 0.004278
0 0.837756 0.231702 0.007390 0.004278
0 0.837756 0.227662 0.007390 0.004278
0 0.837756 0.219582 0.007390 0.004278
0 0.857911 0.231702 0.007390 0.004278
0 0.857911 0.227662 0.007390 0.004278
0 0.857911 0.221483 0.007390 0.004278
0 0.878065 0.235741 0.007390 0.004278
0 0.878065 0.231702 0.007390 0.004278
0 0.878065 0.223622 0.007390 0.004278
0 0.897884 0.235741 0.007390 0.004278
0 0.897884 0.231702 0.007390 0.004278
0 0.897884 0.225523 0.007390 0.004278
0 0.927108 0.235741 0.007390 0.004278
0 0.927108 0.231702 0.007390 0.004278
0 0.927108 0.227662 0.007390 0.004278
0 0.150487 0.544677 0.007390 0.004278
0 0.150487 0.540637 0.007390 0.004278
0 0.157205 0.538498 0.007390 0.004278
0 0.150487 0.534458 0.007390 0.004278
0 0.171649 0.544677 0.007390 0.004278
0 0.171649 0.540637 0.007390 0.004278
0 0.178367 0.538498 0.007390 0.004278
0 0.171649 0.534458 0.007390 0.004278
0 0.192812 0.544677 0.007390 0.004278
0 0.192812 0.540637 0.007390 0.004278
0 0.199530 0.538498 0.007390 0.004278
0 0.192812 0.534458 0.007390 0.004278
0 0.213974 0.544677 0.007390 0.004278
0 0.213974 0.540637 0.007390 0.004278
0 0.220692 0.538498 0.007390 0.004278
0 0.213974 0.534458 0.007390 0.004278
0 0.235136 0.544677 0.007390 0.004278
0 0.235136 0.540637 0.007390 0.004278
0 0.242190 0.538498 0.007390 0.004278
0 0.235136 0.534458 0.007390 0.004278
0 0.256634 0.544677 0.007390 0.004278
0 0.256634 0.540637 0.007390 0.004278
0 0.263352 0.538498 0.007390 0.004278
0 0.256634 0.534458 0.007390 0.004278
0 0.277796 0.544677 0.007390 0.004278
0 0.277796 0.540637 0.007390 0.004278
0 0.284515 0.538498 0.007390 0.004278
0 0.277796 0.534458 0.007390 0.004278
0 0.298959 0.544677 0.007390 0.004278
0 0.298959 0.540637 0.007390 0.004278
0 0.305677 0.538498 0.007390 0.004278
0 0.298959 0.534458 0.007390 0.004278
0 0.320121 0.544677 0.007390 0.004278
0 0.320121 0.540637 0.007390 0.004278
0 0.326839 0.538498 0.007390 0.004278
0 0.320121 0.534458 0.007390 0.004278
0 0.358750 0.544677 0.007390 0.004278
0 0.358750 0.540637 0.007390 0.004278
0 0.365469 0.538498 0.007390 0.004278
0 0.358750 0.534458 0.007390 0.004278
0 0.377897 0.544677 0.007390 0.004278
0 0.377897 0.540637 0.007390 0.004278
0 0.384615 0.538498 0.007390 0.004278
0 0.377897 0.534458 0.007390 0.004278
0 0.397044 0.544677 0.007390 0.004278
0 0.397044 0.540637 0.007390 0.004278
0 0.403762 0.538498 0.007390 0.004278
0 0.397044 0.534458 0.007390 0.004278
0 0.424924 0.546578 0.007726 0.004278
0 0.424924 0.538498 0.007726 0.004278
0 0.424924 0.534458 0.007726 0.004278
0 0.541485 0.540637 0.007390 0.004278
0 0.541485 0.536597 0.007390 0.004278
0 0.570373 0.550618 0.007390 0.004278
0 0.570373 0.546578 0.007390 0.004278
0 0.591871 0.550618 0.007390 0.004278
0 0.591871 0.546578 0.007390 0.004278
0 0.613033 0.550618 0.007390 0.004278
0 0.613033 0.546578 0.007390 0.004278
0 0.634195 0.550618 0.007390 0.004278
0 0.634195 0.546578 0.007390 0.004278
0 0.655358 0.550618 0.007390 0.004278
0 0.655358 0.546578 0.007390 0.004278
0 0.676520 0.550618 0.007390 0.004278
0 0.676520 0.546578 0.007390 0.004278
0 0.697682 0.548717 0.007390 0.004278
0 0.697682 0.544677 0.007390 0.004278
0 0.718844 0.550618 0.007390 0.004278
0 0.718844 0.546578 0.007390 0.004278
0 0.725899 0.544677 0.007390 0.004278
0 0.758146 0.542538 0.007726 0.004278
0 0.885791 0.542538 0.007390 0.004278
0 0.906953 0.540637 0.007390 0.004278
0 0.928451 0.544677 0.007390 0.004278
0 0.928451 0.540637 0.007390 0.004278
0 0.146792 0.822006 0.007726 0.004278
0 0.265368 0.826046 0.007390 0.004278
0 0.265368 0.822006 0.007390 0.004278
0 0.287874 0.824144 0.007390 0.004278
0 0.287874 0.820105 0.007390 0.004278
0 0.310044 0.824144 0.007390 0.004278
0 0.310044 0.820105 0.007390 0.004278
0 0.342963 0.822006 0.007390 0.004278
0 0.342963 0.817966 0.007390 0.004278
0 0.365133 0.822006 0.007390 0.004278
0 0.365133 0.817966 0.007390 0.004278
0 0.381928 0.820105 0.007390 0.004278
0 0.381928 0.816065 0.007390 0.004278
0 0.401411 0.813926 0.007390 0.004278
0 0.451797 0.816065 0.007390 0.004278
0 0.451797 0.812025 0.007390 0.004278
0 0.511925 0.809886 0.007390 0.004278
0 0.561975 0.809886 0.007390 0.004278
0 0.578771 0.812025 0.007390 0.004278
0 0.595566 0.813926 0.007390 0.004278
0 0.612361 0.816065 0.007390 0.004278
0 0.633188 0.817966 0.007390 0.004278
0 0.649983 0.820105 0.007390 0.004278
0 0.677192 0.822006 0.007390 0.004278
0 0.741686 0.824144 0.007390 0.004278
0 0.795432 0.826046 0.007390 0.004278
0 0.863285 0.838165 0.007390 0.004278
0 0.863285 0.834125 0.007390 0.004278
0 0.863285 0.824144 0.007390 0.004278
0 0.890158 0.824144 0.007390 0.004278
0 0.890158 0.816065 0.007390 0.004278
0 0.890158 0.809886 0.007390 0.004278
0 0.890158 0.805846 0.007390 0.004278
0 0.145448 0.170865 0.007390 0.004278
0 0.208599 0.168964 0.007390 0.004278
0 0.271414 0.170865 0.007390 0.004278
0 0.323144 0.168964 0.007390 0.004278
0 0.352368 0.166825 0.007726 0.004278
0 0.489083 0.162785 0.007390 0.004278
0 0.511925 0.164924 0.007390 0.004278
0 0.534767 0.166825 0.007390 0.004278
0 0.568357 0.162785 0.007390 0.004278
0 0.628149 0.164924 0.007390 0.004278
0 0.687941 0.160884 0.007390 0.004278
0 0.757474 0.160884 0.007726 0.004278
0 0.878065 0.170865 0.007390 0.004278
0 0.936177 0.170865 0.007390 0.004278
0 0.150151 0.478612 0.007726 0.004278
0 0.277796 0.480513 0.007390 0.004278
0 0.329862 0.478612 0.007390 0.004278
0 0.358750 0.468394 0.007390 0.004278
0 0.416191 0.468394 0.007390 0.004278
0 0.447094 0.472433 0.007390 0.004278
0 0.466241 0.474572 0.007390 0.004278
0 0.485388 0.484553 0.007390 0.004278
0 0.507558 0.482652 0.007390 0.004278
0 0.541149 0.480513 0.007726 0.004278
0 0.145448 0.116445 0.007390 0.004278
0 0.208263 0.114306 0.007726 0.004278
0 0.352704 0.116445 0.007390 0.004278
0 0.420558 0.114306 0.007726 0.004278
0 0.568357 0.112405 0.007390 0.004278
0 0.628149 0.110266 0.007390 0.004278
0 0.687941 0.110266 0.007390 0.004278
0 0.757474 0.108365 0.007390 0.004278
0 0.817938 0.108365 0.007390 0.004278
0 0.837756 0.110266 0.007390 0.004278
0 0.857911 0.112405 0.007390 0.004278
0 0.878065 0.114306 0.007390 0.004278
0 0.897884 0.116445 0.007390 0.004278
0 0.927108 0.118346 0.007390 0.004278
0 0.150487 0.423004 0.007390 0.004278
0 0.171649 0.423004 0.007390 0.004278
0 0.192812 0.423004 0.007390 0.004278
0 0.213974 0.423004 0.007390 0.004278
0 0.235136 0.423004 0.007390 0.004278
0 0.256634 0.423004 0.007390 0.004278
0 0.277796 0.423004 0.007390 0.004278
0 0.298959 0.423004 0.007390 0.004278
0 0.320121 0.423004 0.007390 0.004278
0 0.358750 0.423004 0.007390 0.004278
0 0.377897 0.423004 0.007390 0.004278
0 0.397044 0.423004 0.007390 0.004278
0 0.416191 0.423004 0.007726 0.004278
0 0.541485 0.425143 0.007390 0.004278
0 0.570373 0.427044 0.007390 0.004278
0 0.591871 0.427044 0.007390 0.004278
0 0.613033 0.427044 0.007390 0.004278
0 0.634195 0.427044 0.007390 0.004278
0 0.655358 0.427044 0.007390 0.004278
0 0.676520 0.427044 0.007390 0.004278
0 0.697682 0.425143 0.007390 0.004278
0 0.718844 0.425143 0.007390 0.004278
0 0.758146 0.423004 0.007726 0.004278
0 0.885791 0.423004 0.007390 0.004278
0 0.906953 0.421103 0.007390 0.004278
0 0.928451 0.421103 0.007390 0.004278
0 0.146792 0.718869 0.007726 0.004278
0 0.265368 0.726949 0.007390 0.004278
0 0.287874 0.725048 0.007390 0.004278
0 0.310044 0.725048 0.007390 0.004278
0 0.342963 0.722909 0.007390 0.004278
0 0.365133 0.722909 0.007390 0.004278
0 0.381928 0.721008 0.007390 0.004278
0 0.401411 0.718869 0.007390 0.004278
0 0.451797 0.716968 0.007390 0.004278
0 0.511925 0.714829 0.007390 0.004278
0 0.561975 0.714829 0.007390 0.004278
0 0.578771 0.716968 0.007390 0.004278
0 0.595566 0.718869 0.007390 0.004278
0 0.612361 0.721008 0.007390 0.004278
0 0.633188 0.722909 0.007390 0.004278
0 0.649983 0.725048 0.007390 0.004278
0 0.677192 0.726949 0.007390 0.004278
0 0.733960 0.726949 0.005039 0.003089
0 0.727914 0.729087 0.005039 0.003089
0 0.751764 0.718869 0.007390 0.004278
0 0.824320 0.721008 0.007390 0.004278
0 0.863285 0.725048 0.007726 0.004278
