0 0.889822 0.603850 0.008398 0.004990
0 0.921061 0.601711 0.008398 0.004990
0 0.196507 0.357414 0.008734 0.004990
0 0.346322 0.350523 0.008398 0.004990
0 0.383944 0.345770 0.008398 0.004990
0 0.431643 0.357414 0.008734 0.004990
0 0.581794 0.345770 0.008398 0.004990
0 0.619080 0.350523 0.008398 0.004990
0 0.681223 0.357414 0.008734 0.004990
0 0.863957 0.350523 0.008398 0.004990
0 0.909641 0.355038 0.008398 0.004990
0 0.140074 0.620010 0.008734 0.004990
0 0.307020 0.608603 0.008398 0.004990
0 0.348673 0.613118 0.008398 0.004990
0 0.400739 0.620010 0.008734 0.004990
0 0.608666 0.613118 0.008398 0.004990
0 0.660732 0.617633 0.008398 0.004990
0 0.730265 0.615494 0.008398 0.004990
0 0.805173 0.613118 0.008398 0.004990
0 0.880081 0.608603 0.008398 0.004990
0 0.139738 0.880703 0.008398 0.004990
0 0.139738 0.873812 0.008398 0.004990
0 0.233792 0.331987 0.008398 0.004990
0 0.271414 0.334363 0.008398 0.004990
0 0.308700 0.329848 0.008398 0.004990
0 0.346322 0.338878 0.008398 0.004990
0 0.383944 0.334363 0.008398 0.004990
0 0.469264 0.331987 0.008398 0.004990
0 0.506550 0.334363 0.008398 0.004990
0 0.544172 0.329848 0.008398 0.004990
0 0.581794 0.338878 0.008398 0.004990
0 0.619080 0.329848 0.008398 0.004990
0 0.726906 0.331987 0.008398 0.004990
0 0.772590 0.334363 0.008398 0.004990
0 0.818273 0.329848 0.008398 0.004990
0 0.863957 0.338878 0.008398 0.004990
0 0.909641 0.329848 0.008398 0.004990
0 0.181727 0.594819 0.008398 0.004990
0 0.223379 0.596958 0.008398 0.004990
0 0.265032 0.592443 0.008398 0.004990
0 0.307020 0.601711 0.008398 0.004990
0 0.348673 0.592443 0.008398 0.004990
0 0.452805 0.594819 0.008398 0.004990
0 0.504535 0.596958 0.008398 0.004990
0 0.556601 0.592443 0.008398 0.004990
0 0.608666 0.601711 0.008398 0.004990
0 0.660732 0.596958 0.008398 0.004990
0 0.730265 0.594819 0.008398 0.004990
0 0.805173 0.592443 0.008398 0.004990
0 0.880081 0.587928 0.008398 0.004990
0 0.139738 0.866920 0.008398 0.004990
0 0.184078 0.869297 0.008398 0.004990
0 0.228754 0.883080 0.008398 0.004990
0 0.228754 0.862405 0.008398 0.004990
0 0.317770 0.876188 0.008398 0.004990
0 0.417199 0.873812 0.008734 0.004990
0 0.417199 0.869297 0.008734 0.004990
0 0.560967 0.876188 0.008398 0.004990
0 0.560967 0.869297 0.008398 0.004990
0 0.642929 0.878565 0.008398 0.004990
0 0.642929 0.869297 0.008398 0.004990
0 0.747061 0.880703 0.008398 0.004990
0 0.747061 0.869297 0.008398 0.004990
0 0.851192 0.883080 0.008398 0.004990
0 0.851192 0.876188 0.008398 0.004990
0 0.139738 0.830323 0.008398 0.004990
0 0.233792 0.293013 0.008398 0.004990
0 0.271414 0.295390 0.008398 0.004990
0 0.308700 0.290637 0.008398 0.004990
0 0.346322 0.297529 0.008398 0.004990
0 0.383944 0.299905 0.008398 0.004990
0 0.469264 0.293013 0.008398 0.004990
0 0.506550 0.295390 0.008398 0.004990
0 0.544172 0.290637 0.008398 0.004990
0 0.581794 0.297529 0.008398 0.004990
0 0.619080 0.299905 0.008398 0.004990
0 0.726906 0.293013 0.008398 0.004990
0 0.772590 0.295390 0.008398 0.004990
0 0.818273 0.290637 0.008398 0.004990
0 0.863957 0.297529 0.008398 0.004990
0 0.909641 0.299905 0.008398 0.004990
0 0.181727 0.555608 0.008398 0.004990
0 0.223379 0.557985 0.008398 0.004990
0 0.265032 0.553470 0.008398 0.004990
0 0.307020 0.560361 0.008398 0.004990
0 0.348673 0.562500 0.008398 0.004990
0 0.452805 0.555608 0.008398 0.004990
0 0.504535 0.557985 0.008398 0.004990
0 0.556601 0.553470 0.008398 0.004990
0 0.608666 0.560361 0.008398 0.004990
0 0.660732 0.562500 0.008398 0.004990
0 0.730265 0.557985 0.008398 0.004990
0 0.767551 0.560361 0.008398 0.004990
0 0.805173 0.555608 0.008398 0.004990
0 0.842795 0.557985 0.008398 0.004990
0 0.880081 0.551093 0.008398 0.004990
0 0.917702 0.553470 0.008398 0.004990
0 0.139738 0.823432 0.008398 0.004990
0 0.184078 0.825570 0.008398 0.004990
0 0.184078 0.814163 0.008398 0.004990
0 0.228754 0.827947 0.008398 0.004990
0 0.228754 0.816540 0.008398 0.004990
0 0.273430 0.825570 0.008398 0.004990
0 0.273430 0.814163 0.008398 0.004990
0 0.317770 0.827947 0.008398 0.004990
0 0.317770 0.816540 0.008398 0.004990
0 0.362445 0.830323 0.008398 0.004990
0 0.362445 0.818679 0.008398 0.004990
0 0.416863 0.830323 0.008398 0.004990
0 0.416863 0.818679 0.008398 0.004990
0 0.453141 0.832462 0.008398 0.004990
0 0.453141 0.821055 0.008398 0.004990
0 0.489083 0.834838 0.008398 0.004990
0 0.489083 0.823432 0.008398 0.004990
0 0.525025 0.837215 0.008398 0.004990
0 0.525025 0.825570 0.008398 0.004990
0 0.560967 0.839354 0.008398 0.004990
0 0.560967 0.827947 0.008398 0.004990
0 0.596910 0.837215 0.008398 0.004990
0 0.596910 0.825570 0.008398 0.004990
0 0.642929 0.830323 0.008398 0.004990
0 0.642929 0.823432 0.008398 0.004990
0 0.747061 0.832462 0.008398 0.004990
0 0.747061 0.825570 0.008398 0.004990
0 0.747061 0.816540 0.008398 0.004990
0 0.851192 0.834838 0.008398 0.004990
0 0.851192 0.827947 0.008398 0.004990
0 0.851192 0.816540 0.008398 0.004990
0 0.681223 0.224097 0.008398 0.004990
0 0.772590 0.226473 0.008398 0.004990
0 0.818273 0.228612 0.008398 0.004990
0 0.863957 0.230989 0.008398 0.004990
0 0.909641 0.233365 0.008398 0.004990
0 0.139738 0.488118 0.008398 0.004990
0 0.265032 0.490494 0.008398 0.004990
0 0.307020 0.492871 0.008398 0.004990
0 0.452805 0.495010 0.008398 0.004990
0 0.504535 0.492871 0.008398 0.004990
0 0.556601 0.488118 0.008398 0.004990
0 0.608666 0.495010 0.008398 0.004990
0 0.660732 0.497386 0.008398 0.004990
0 0.730265 0.490494 0.008734 0.004990
0 0.139738 0.746435 0.008398 0.004990
0 0.228754 0.744059 0.008398 0.004990
0 0.273430 0.746435 0.008398 0.004990
0 0.317770 0.744059 0.008398 0.004990
0 0.362445 0.748574 0.008398 0.004990
0 0.416863 0.741683 0.008398 0.004990
0 0.489083 0.750951 0.008398 0.004990
0 0.560967 0.753327 0.008398 0.004990
0 0.694995 0.755466 0.008398 0.004990
0 0.747061 0.750951 0.008398 0.004990
0 0.799127 0.753327 0.008398 0.004990
0 0.851192 0.748574 0.008398 0.004990
0 0.903258 0.750951 0.008398 0.004990
