0 0.134699 0.210551 0.008398 0.004990
0 0.134699 0.201046 0.008398 0.004990
0 0.292912 0.210551 0.008398 0.004990
0 0.292912 0.201046 0.008398 0.004990
0 0.417870 0.210551 0.008398 0.004990
0 0.417870 0.201046 0.008398 0.004990
0 0.484716 0.217681 0.008398 0.004990
0 0.484716 0.208175 0.008398 0.004990
0 0.646960 0.217681 0.008398 0.004990
0 0.646960 0.208175 0.008398 0.004990
0 0.805173 0.217681 0.008398 0.004990
0 0.805173 0.208175 0.008398 0.004990
0 0.901579 0.217681 0.008398 0.004990
0 0.901579 0.208175 0.008398 0.004990
0 0.134699 0.442015 0.008398 0.004990
0 0.134699 0.432510 0.008398 0.004990
0 0.342963 0.442015 0.008398 0.004990
0 0.342963 0.432510 0.008398 0.004990
0 0.474639 0.442015 0.008398 0.004990
0 0.474639 0.432510 0.008398 0.004990
0 0.564662 0.434886 0.008398 0.004990
0 0.564662 0.425618 0.008398 0.004990
0 0.747733 0.434886 0.008398 0.004990
0 0.747733 0.425618 0.008398 0.004990
0 0.886127 0.434886 0.008398 0.004990
0 0.886127 0.425618 0.008398 0.004990
0 0.134699 0.669439 0.008398 0.004990
0 0.134699 0.659933 0.008398 0.004990
0 0.340275 0.669439 0.008398 0.004990
0 0.340275 0.659933 0.008398 0.004990
0 0.548875 0.669439 0.008398 0.004990
0 0.548875 0.659933 0.008398 0.004990
0 0.677192 0.669439 0.008398 0.004990
0 0.677192 0.659933 0.008398 0.004990
0 0.752771 0.669439 0.008398 0.004990
0 0.752771 0.659933 0.008398 0.004990
0 0.147800 0.903517 0.008398 0.004990
0 0.147800 0.894011 0.008398 0.004990
0 0.276117 0.903517 0.008398 0.004990
0 0.276117 0.894011 0.008398 0.004990
0 0.358415 0.908270 0.008398 0.004990
0 0.358415 0.903517 0.008398 0.004990
0 0.358415 0.896388 0.008398 0.004990
0 0.358415 0.891635 0.008398 0.004990
0 0.430635 0.903517 0.008398 0.004990
0 0.430635 0.896388 0.008398 0.004990
0 0.430635 0.891635 0.008398 0.004990
0 0.430635 0.886882 0.008398 0.004990
0 0.486060 0.896388 0.008398 0.004990
0 0.486060 0.891635 0.008398 0.004990
0 0.486060 0.886882 0.008398 0.004990
0 0.486060 0.879990 0.008398 0.004990
0 0.572052 0.891635 0.008398 0.004990
0 0.572052 0.886882 0.008398 0.004990
0 0.572052 0.879990 0.008398 0.004990
0 0.572052 0.875238 0.008398 0.004990
0 0.635875 0.905894 0.008398 0.004990
0 0.635875 0.901141 0.008398 0.004990
0 0.635875 0.896388 0.008398 0.004990
0 0.635875 0.889259 0.008398 0.004990
0 0.748404 0.901141 0.008398 0.004990
0 0.748404 0.896388 0.008398 0.004990
0 0.748404 0.889259 0.008398 0.004990
0 0.748404 0.884506 0.008398 0.004990
0 0.810212 0.896388 0.008398 0.004990
0 0.810212 0.889259 0.008398 0.004990
0 0.810212 0.884506 0.008398 0.004990
0 0.810212 0.879990 0.008398 0.004990
0 0.906953 0.889259 0.008398 0.004990
0 0.906953 0.884506 0.008398 0.004990
0 0.906953 0.879990 0.008398 0.004990
0 0.906953 0.872861 0.008398 0.004990
0 0.153174 0.158032 0.008398 0.004990
0 0.160900 0.155894 0.008398 0.004990
0 0.160900 0.151141 0.008398 0.004990
0 0.160900 0.146388 0.008398 0.004990
0 0.192812 0.158032 0.008398 0.004990
0 0.200873 0.155894 0.008398 0.004990
0 0.200873 0.151141 0.008398 0.004990
0 0.200873 0.146388 0.008398 0.004990
0 0.242862 0.158032 0.008398 0.004990
0 0.250924 0.155894 0.008398 0.004990
0 0.250924 0.151141 0.008398 0.004990
0 0.250924 0.146388 0.008398 0.004990
0 0.284851 0.158032 0.008398 0.004990
0 0.292912 0.155894 0.008398 0.004990
0 0.292912 0.151141 0.008398 0.004990
0 0.292912 0.146388 0.008398 0.004990
0 0.311723 0.158032 0.008398 0.004990
0 0.319785 0.155894 0.008398 0.004990
0 0.319785 0.151141 0.008398 0.004990
0 0.319785 0.146388 0.008398 0.004990
0 0.374202 0.158032 0.008398 0.004990
0 0.382264 0.155894 0.008398 0.004990
0 0.382264 0.151141 0.008398 0.004990
0 0.382264 0.146388 0.008398 0.004990
0 0.436681 0.158032 0.008398 0.004990
0 0.444743 0.155894 0.008398 0.004990
0 0.444743 0.151141 0.008398 0.004990
0 0.444743 0.146388 0.008398 0.004990
0 0.502855 0.158032 0.008398 0.004990
0 0.510917 0.155894 0.008398 0.004990
0 0.502855 0.151141 0.008398 0.004990
0 0.510917 0.148764 0.008398 0.004990
0 0.549547 0.158032 0.008398 0.004990
0 0.557272 0.155894 0.008398 0.004990
0 0.549547 0.151141 0.008398 0.004990
0 0.557272 0.148764 0.008398 0.004990
0 0.595902 0.158032 0.008398 0.004990
0 0.603964 0.155894 0.008398 0.004990
0 0.595902 0.151141 0.008398 0.004990
0 0.603964 0.148764 0.008398 0.004990
0 0.638898 0.158032 0.008398 0.004990
0 0.646960 0.155894 0.008398 0.004990
0 0.638898 0.151141 0.008398 0.004990
0 0.646960 0.148764 0.008398 0.004990
0 0.665099 0.158032 0.008398 0.004990
0 0.673161 0.155894 0.008398 0.004990
0 0.665099 0.151141 0.008398 0.004990
0 0.673161 0.148764 0.008398 0.004990
0 0.705072 0.158032 0.008398 0.004990
0 0.713134 0.155894 0.008398 0.004990
0 0.705072 0.151141 0.008398 0.004990
0 0.713134 0.148764 0.008398 0.004990
0 0.755123 0.158032 0.008398 0.004990
0 0.762849 0.155894 0.008398 0.004990
0 0.755123 0.151141 0.008398 0.004990
0 0.762849 0.148764 0.008398 0.004990
0 0.797111 0.158032 0.008398 0.004990
0 0.805173 0.155894 0.008398 0.004990
0 0.797111 0.151141 0.008398 0.004990
0 0.805173 0.148764 0.008398 0.004990
0 0.823984 0.158032 0.008398 0.004990
0 0.831710 0.155894 0.008398 0.004990
0 0.823984 0.151141 0.008398 0.004990
0 0.831710 0.148764 0.008398 0.004990
0 0.866644 0.158032 0.008398 0.004990
0 0.874706 0.155894 0.008398 0.004990
0 0.866644 0.151141 0.008398 0.004990
0 0.874706 0.148764 0.008398 0.004990
0 0.920390 0.158032 0.008398 0.004990
0 0.928451 0.155894 0.008398 0.004990
0 0.920390 0.151141 0.008398 0.004990
0 0.928451 0.148764 0.008398 0.004990
0 0.167282 0.387357 0.008398 0.004990
0 0.159557 0.385219 0.008398 0.004990
0 0.167282 0.382842 0.008398 0.004990
0 0.167282 0.378089 0.008398 0.004990
0 0.167282 0.373337 0.008398 0.004990
0 0.240846 0.387357 0.008398 0.004990
0 0.232785 0.385219 0.008398 0.004990
0 0.240846 0.382842 0.008398 0.004990
0 0.240846 0.378089 0.008398 0.004990
0 0.240846 0.373337 0.008398 0.004990
0 0.285522 0.387357 0.008398 0.004990
0 0.277796 0.385219 0.008398 0.004990
0 0.285522 0.382842 0.008398 0.004990
0 0.285522 0.378089 0.008398 0.004990
0 0.285522 0.373337 0.008398 0.004990
0 0.350689 0.387357 0.008398 0.004990
0 0.342963 0.385219 0.008398 0.004990
0 0.350689 0.382842 0.008398 0.004990
0 0.350689 0.378089 0.008398 0.004990
0 0.350689 0.373337 0.008398 0.004990
0 0.376889 0.387357 0.008398 0.004990
0 0.369164 0.385219 0.008398 0.004990
0 0.376889 0.382842 0.008398 0.004990
0 0.376889 0.378089 0.008398 0.004990
0 0.376889 0.373337 0.008398 0.004990
0 0.442056 0.387357 0.008398 0.004990
0 0.434330 0.385219 0.008398 0.004990
0 0.442056 0.382842 0.008398 0.004990
0 0.442056 0.378089 0.008398 0.004990
0 0.442056 0.373337 0.008398 0.004990
0 0.507222 0.387357 0.008398 0.004990
0 0.499496 0.385219 0.008398 0.004990
0 0.507222 0.382842 0.008398 0.004990
0 0.507222 0.378089 0.008398 0.004990
0 0.507222 0.373337 0.008398 0.004990
0 0.593551 0.387357 0.008398 0.004990
0 0.601276 0.385219 0.008398 0.004990
0 0.601276 0.380466 0.008398 0.004990
0 0.601276 0.375713 0.008398 0.004990
0 0.634195 0.387357 0.008398 0.004990
0 0.641921 0.385219 0.008398 0.004990
0 0.641921 0.380466 0.008398 0.004990
0 0.641921 0.375713 0.008398 0.004990
0 0.692980 0.387357 0.008398 0.004990
0 0.701041 0.385219 0.008398 0.004990
0 0.701041 0.380466 0.008398 0.004990
0 0.701041 0.375713 0.008398 0.004990
0 0.739671 0.387357 0.008398 0.004990
0 0.747733 0.385219 0.008398 0.004990
0 0.747733 0.380466 0.008398 0.004990
0 0.747733 0.375713 0.008398 0.004990
0 0.769567 0.387357 0.008398 0.004990
0 0.777293 0.385219 0.008398 0.004990
0 0.777293 0.380466 0.008398 0.004990
0 0.777293 0.375713 0.008398 0.004990
0 0.838428 0.387357 0.008398 0.004990
0 0.846490 0.385219 0.008398 0.004990
0 0.846490 0.380466 0.008398 0.004990
0 0.846490 0.375713 0.008398 0.004990
0 0.907625 0.387357 0.008398 0.004990
0 0.915687 0.385219 0.008398 0.004990
0 0.915687 0.380466 0.008398 0.004990
0 0.915687 0.375713 0.008398 0.004990
0 0.158213 0.610029 0.008398 0.004990
0 0.166275 0.607652 0.008398 0.004990
0 0.158213 0.602899 0.008398 0.004990
0 0.166275 0.600523 0.008398 0.004990
0 0.221028 0.610029 0.008398 0.004990
0 0.228754 0.607652 0.008398 0.004990
0 0.221028 0.602899 0.008398 0.004990
0 0.228754 0.600523 0.008398 0.004990
0 0.283843 0.610029 0.008398 0.004990
0 0.291569 0.607652 0.008398 0.004990
0 0.283843 0.602899 0.008398 0.004990
0 0.291569 0.600523 0.008398 0.004990
0 0.332214 0.610029 0.008398 0.004990
0 0.340275 0.607652 0.008398 0.004990
0 0.332214 0.602899 0.008398 0.004990
0 0.340275 0.600523 0.008398 0.004990
0 0.366140 0.610029 0.008398 0.004990
0 0.373866 0.607652 0.008398 0.004990
0 0.366140 0.602899 0.008398 0.004990
0 0.373866 0.600523 0.008398 0.004990
0 0.420222 0.610029 0.008398 0.004990
0 0.428284 0.607652 0.008398 0.004990
0 0.420222 0.602899 0.008398 0.004990
0 0.428284 0.600523 0.008398 0.004990
0 0.488075 0.610029 0.008398 0.004990
0 0.496137 0.607652 0.008398 0.004990
0 0.488075 0.602899 0.008398 0.004990
0 0.496137 0.600523 0.008398 0.004990
0 0.541149 0.610029 0.008398 0.004990
0 0.548875 0.607652 0.008398 0.004990
0 0.541149 0.602899 0.008398 0.004990
0 0.548875 0.600523 0.008398 0.004990
0 0.573060 0.610029 0.008398 0.004990
0 0.581122 0.607652 0.008398 0.004990
0 0.573060 0.602899 0.008398 0.004990
0 0.581122 0.600523 0.008398 0.004990
0 0.637219 0.610029 0.008398 0.004990
0 0.644945 0.607652 0.008398 0.004990
0 0.637219 0.602899 0.008398 0.004990
0 0.644945 0.600523 0.008398 0.004990
0 0.701377 0.610029 0.008398 0.004990
0 0.709103 0.607652 0.008398 0.004990
0 0.701377 0.602899 0.008398 0.004990
0 0.709103 0.600523 0.008398 0.004990
0 0.797783 0.610029 0.008398 0.004990
0 0.790057 0.607652 0.008398 0.004990
0 0.797783 0.605276 0.008398 0.004990
0 0.797783 0.600523 0.008398 0.004990
0 0.797783 0.595770 0.008398 0.004990
0 0.877057 0.610029 0.008398 0.004990
0 0.868996 0.607652 0.008398 0.004990
0 0.877057 0.605276 0.008398 0.004990
0 0.877057 0.600523 0.008398 0.004990
0 0.877057 0.595770 0.008398 0.004990
0 0.921397 0.610029 0.008398 0.004990
0 0.913336 0.607652 0.008398 0.004990
0 0.921397 0.605276 0.008398 0.004990
0 0.921397 0.600523 0.008398 0.004990
0 0.921397 0.595770 0.008398 0.004990
0 0.155862 0.842205 0.008398 0.004990
0 0.147800 0.839829 0.008398 0.004990
0 0.155862 0.837452 0.008398 0.004990
0 0.155862 0.832937 0.008398 0.004990
0 0.155862 0.828184 0.008398 0.004990
0 0.182062 0.842205 0.008398 0.004990
0 0.174001 0.839829 0.008398 0.004990
0 0.182062 0.837452 0.008398 0.004990
0 0.182062 0.832937 0.008398 0.004990
0 0.182062 0.828184 0.008398 0.004990
0 0.244877 0.842205 0.008398 0.004990
0 0.236816 0.839829 0.008398 0.004990
0 0.244877 0.837452 0.008398 0.004990
0 0.244877 0.832937 0.008398 0.004990
0 0.244877 0.828184 0.008398 0.004990
0 0.307692 0.842205 0.008398 0.004990
0 0.299631 0.839829 0.008398 0.004990
0 0.307692 0.837452 0.008398 0.004990
0 0.307692 0.832937 0.008398 0.004990
0 0.307692 0.828184 0.008398 0.004990
0 0.378569 0.842205 0.008398 0.004990
0 0.378569 0.835314 0.008398 0.004990
0 0.378569 0.830561 0.008398 0.004990
0 0.410480 0.842205 0.008398 0.004990
0 0.410480 0.835314 0.008398 0.004990
0 0.410480 0.830561 0.008398 0.004990
0 0.450789 0.842205 0.008398 0.004990
0 0.450789 0.835314 0.008398 0.004990
0 0.450789 0.830561 0.008398 0.004990
0 0.509909 0.842205 0.008398 0.004990
0 0.509909 0.835314 0.008398 0.004990
0 0.509909 0.830561 0.008398 0.004990
0 0.548203 0.842205 0.008398 0.004990
0 0.548203 0.835314 0.008398 0.004990
0 0.548203 0.830561 0.008398 0.004990
0 0.598253 0.842205 0.008398 0.004990
0 0.598253 0.835314 0.008398 0.004990
0 0.598253 0.830561 0.008398 0.004990
0 0.668122 0.839829 0.008398 0.004990
0 0.668122 0.835314 0.008398 0.004990
0 0.668122 0.828184 0.008398 0.004990
0 0.724219 0.839829 0.008398 0.004990
0 0.724219 0.835314 0.008398 0.004990
0 0.724219 0.828184 0.008398 0.004990
0 0.772254 0.839829 0.008398 0.004990
0 0.772254 0.835314 0.008398 0.004990
0 0.772254 0.828184 0.008398 0.004990
0 0.834397 0.839829 0.008398 0.004990
0 0.834397 0.835314 0.008398 0.004990
0 0.834397 0.828184 0.008398 0.004990
0 0.882768 0.839829 0.008398 0.004990
0 0.882768 0.835314 0.008398 0.004990
0 0.882768 0.828184 0.008398 0.004990
0 0.931139 0.839829 0.008398 0.004990
0 0.931139 0.835314 0.008398 0.004990
0 0.931139 0.828184 0.008398 0.004990
0 0.134699 0.146388 0.008398 0.004990
0 0.134699 0.141635 0.008398 0.004990
0 0.142761 0.139259 0.008398 0.004990
0 0.134699 0.134506 0.008398 0.004990
0 0.134699 0.129753 0.008398 0.004990
0 0.160900 0.141635 0.008398 0.004990
0 0.168962 0.139259 0.008398 0.004990
0 0.160900 0.134506 0.008398 0.004990
0 0.160900 0.129753 0.008398 0.004990
0 0.200873 0.141635 0.008398 0.004990
0 0.208935 0.139259 0.008398 0.004990
0 0.200873 0.134506 0.008398 0.004990
0 0.200873 0.129753 0.008398 0.004990
0 0.250924 0.141635 0.008398 0.004990
0 0.258650 0.139259 0.008398 0.004990
0 0.250924 0.134506 0.008398 0.004990
0 0.250924 0.129753 0.008398 0.004990
0 0.292912 0.141635 0.008398 0.004990
0 0.300974 0.139259 0.008398 0.004990
0 0.292912 0.134506 0.008398 0.004990
0 0.292912 0.129753 0.008398 0.004990
0 0.319785 0.141635 0.008398 0.004990
0 0.327511 0.139259 0.008398 0.004990
0 0.319785 0.134506 0.008398 0.004990
0 0.319785 0.129753 0.008398 0.004990
0 0.382264 0.141635 0.008398 0.004990
0 0.390326 0.139259 0.008398 0.004990
0 0.382264 0.134506 0.008398 0.004990
0 0.382264 0.129753 0.008398 0.004990
0 0.444743 0.141635 0.008398 0.004990
0 0.452805 0.139259 0.008398 0.004990
0 0.444743 0.134506 0.008398 0.004990
0 0.444743 0.129753 0.008398 0.004990
0 0.484716 0.144011 0.008398 0.004990
0 0.484716 0.139259 0.008398 0.004990
0 0.484716 0.134506 0.008398 0.004990
0 0.492442 0.132129 0.008398 0.004990
0 0.484716 0.127376 0.008398 0.004990
0 0.510917 0.144011 0.008398 0.004990
0 0.510917 0.139259 0.008398 0.004990
0 0.510917 0.134506 0.008398 0.004990
0 0.518643 0.132129 0.008398 0.004990
0 0.510917 0.127376 0.008398 0.004990
0 0.557272 0.144011 0.008398 0.004990
0 0.557272 0.139259 0.008398 0.004990
0 0.557272 0.134506 0.008398 0.004990
0 0.565334 0.132129 0.008398 0.004990
0 0.557272 0.127376 0.008398 0.004990
0 0.603964 0.144011 0.008398 0.004990
0 0.603964 0.139259 0.008398 0.004990
0 0.603964 0.134506 0.008398 0.004990
0 0.611690 0.132129 0.008398 0.004990
0 0.603964 0.127376 0.008398 0.004990
0 0.646960 0.144011 0.008398 0.004990
0 0.646960 0.139259 0.008398 0.004990
0 0.646960 0.134506 0.008398 0.004990
0 0.654686 0.132129 0.008398 0.004990
0 0.646960 0.127376 0.008398 0.004990
0 0.673161 0.144011 0.008398 0.004990
0 0.673161 0.139259 0.008398 0.004990
0 0.673161 0.134506 0.008398 0.004990
0 0.680887 0.132129 0.008398 0.004990
0 0.673161 0.127376 0.008398 0.004990
0 0.713134 0.144011 0.008398 0.004990
0 0.713134 0.139259 0.008398 0.004990
0 0.713134 0.134506 0.008398 0.004990
0 0.720860 0.132129 0.008398 0.004990
0 0.713134 0.127376 0.008398 0.004990
0 0.762849 0.144011 0.008398 0.004990
0 0.762849 0.139259 0.008398 0.004990
0 0.762849 0.134506 0.008398 0.004990
0 0.770910 0.132129 0.008398 0.004990
0 0.762849 0.127376 0.008398 0.004990
0 0.805173 0.144011 0.008398 0.004990
0 0.805173 0.139259 0.008398 0.004990
0 0.805173 0.134506 0.008398 0.004990
0 0.812899 0.132129 0.008398 0.004990
0 0.805173 0.127376 0.008398 0.004990
0 0.831710 0.144011 0.008398 0.004990
0 0.831710 0.139259 0.008398 0.004990
0 0.831710 0.134506 0.008398 0.004990
0 0.839772 0.132129 0.008398 0.004990
0 0.831710 0.127376 0.008398 0.004990
0 0.874706 0.144011 0.008398 0.004990
0 0.874706 0.139259 0.008398 0.004990
0 0.874706 0.134506 0.008398 0.004990
0 0.882768 0.132129 0.008398 0.004990
0 0.874706 0.127376 0.008398 0.004990
0 0.928451 0.144011 0.008398 0.004990
0 0.928451 0.139259 0.008398 0.004990
0 0.928451 0.134506 0.008398 0.004990
0 0.936177 0.132129 0.008398 0.004990
0 0.928451 0.127376 0.008398 0.004990
0 0.134699 0.373337 0.008398 0.004990
0 0.134699 0.368584 0.008398 0.004990
0 0.142761 0.366207 0.008398 0.004990
0 0.134699 0.361454 0.008398 0.004990
0 0.134699 0.356702 0.008398 0.004990
0 0.167282 0.368584 0.008398 0.004990
0 0.175344 0.366207 0.008398 0.004990
0 0.167282 0.361454 0.008398 0.004990
0 0.167282 0.356702 0.008398 0.004990
0 0.240846 0.368584 0.008398 0.004990
0 0.248572 0.366207 0.008398 0.004990
0 0.240846 0.361454 0.008398 0.004990
0 0.240846 0.356702 0.008398 0.004990
0 0.285522 0.368584 0.008398 0.004990
0 0.293584 0.366207 0.008398 0.004990
0 0.285522 0.361454 0.008398 0.004990
0 0.285522 0.356702 0.008398 0.004990
0 0.342963 0.370960 0.008398 0.004990
0 0.328855 0.356939 0.006046 0.003327
0 0.333893 0.354563 0.006046 0.003327
0 0.409473 0.368584 0.008398 0.004990
0 0.395364 0.356939 0.006046 0.003327
0 0.395364 0.352186 0.006046 0.003327
0 0.474639 0.361454 0.008398 0.004990
0 0.460531 0.356939 0.006046 0.003327
0 0.460531 0.345057 0.006046 0.003327
0 0.564662 0.363831 0.008398 0.004990
0 0.550554 0.359316 0.006046 0.003327
0 0.550554 0.347433 0.006046 0.003327
0 0.601276 0.370960 0.008398 0.004990
0 0.609338 0.368584 0.008398 0.004990
0 0.601276 0.363831 0.008398 0.004990
0 0.601276 0.359078 0.008398 0.004990
0 0.641921 0.370960 0.008398 0.004990
0 0.649983 0.368584 0.008398 0.004990
0 0.641921 0.363831 0.008398 0.004990
0 0.641921 0.359078 0.008398 0.004990
0 0.701041 0.370960 0.008398 0.004990
0 0.709103 0.368584 0.008398 0.004990
0 0.701041 0.363831 0.008398 0.004990
0 0.701041 0.359078 0.008398 0.004990
0 0.747733 0.370960 0.008398 0.004990
0 0.755459 0.368584 0.008398 0.004990
0 0.747733 0.363831 0.008398 0.004990
0 0.747733 0.359078 0.008398 0.004990
0 0.777293 0.370960 0.008398 0.004990
0 0.785354 0.368584 0.008398 0.004990
0 0.777293 0.363831 0.008398 0.004990
0 0.777293 0.359078 0.008398 0.004990
0 0.846490 0.370960 0.008398 0.004990
0 0.854552 0.368584 0.008398 0.004990
0 0.846490 0.363831 0.008398 0.004990
0 0.846490 0.359078 0.008398 0.004990
0 0.915687 0.370960 0.008398 0.004990
0 0.923413 0.368584 0.008398 0.004990
0 0.915687 0.363831 0.008398 0.004990
0 0.915687 0.359078 0.008398 0.004990
0 0.134699 0.595770 0.008398 0.004990
0 0.134699 0.591017 0.008398 0.004990
0 0.134699 0.586264 0.008398 0.004990
0 0.142761 0.583888 0.008398 0.004990
0 0.134699 0.579373 0.008398 0.004990
0 0.166275 0.595770 0.008398 0.004990
0 0.166275 0.591017 0.008398 0.004990
0 0.166275 0.586264 0.008398 0.004990
0 0.174001 0.583888 0.008398 0.004990
0 0.166275 0.579373 0.008398 0.004990
0 0.228754 0.595770 0.008398 0.004990
0 0.228754 0.591017 0.008398 0.004990
0 0.228754 0.586264 0.008398 0.004990
0 0.236816 0.583888 0.008398 0.004990
0 0.228754 0.579373 0.008398 0.004990
0 0.291569 0.595770 0.008398 0.004990
0 0.291569 0.591017 0.008398 0.004990
0 0.291569 0.586264 0.008398 0.004990
0 0.299631 0.583888 0.008398 0.004990
0 0.291569 0.579373 0.008398 0.004990
0 0.340275 0.595770 0.008398 0.004990
0 0.340275 0.591017 0.008398 0.004990
0 0.340275 0.586264 0.008398 0.004990
0 0.348001 0.583888 0.008398 0.004990
0 0.340275 0.579373 0.008398 0.004990
0 0.373866 0.595770 0.008398 0.004990
0 0.373866 0.591017 0.008398 0.004990
0 0.373866 0.586264 0.008398 0.004990
0 0.381928 0.583888 0.008398 0.004990
0 0.373866 0.579373 0.008398 0.004990
0 0.428284 0.595770 0.008398 0.004990
0 0.428284 0.591017 0.008398 0.004990
0 0.428284 0.586264 0.008398 0.004990
0 0.436345 0.583888 0.008398 0.004990
0 0.428284 0.579373 0.008398 0.004990
0 0.496137 0.595770 0.008398 0.004990
0 0.496137 0.591017 0.008398 0.004990
0 0.496137 0.586264 0.008398 0.004990
0 0.504199 0.583888 0.008398 0.004990
0 0.496137 0.579373 0.008398 0.004990
0 0.548875 0.595770 0.008398 0.004990
0 0.548875 0.591017 0.008398 0.004990
0 0.548875 0.586264 0.008398 0.004990
0 0.556937 0.583888 0.008398 0.004990
0 0.548875 0.579373 0.008398 0.004990
0 0.581122 0.595770 0.008398 0.004990
0 0.581122 0.591017 0.008398 0.004990
0 0.581122 0.586264 0.008398 0.004990
0 0.588848 0.583888 0.008398 0.004990
0 0.581122 0.579373 0.008398 0.004990
0 0.644945 0.595770 0.008398 0.004990
0 0.644945 0.591017 0.008398 0.004990
0 0.644945 0.586264 0.008398 0.004990
0 0.653006 0.583888 0.008398 0.004990
0 0.644945 0.579373 0.008398 0.004990
0 0.709103 0.595770 0.008398 0.004990
0 0.709103 0.591017 0.008398 0.004990
0 0.709103 0.586264 0.008398 0.004990
0 0.717165 0.583888 0.008398 0.004990
0 0.709103 0.579373 0.008398 0.004990
0 0.752771 0.595770 0.008398 0.004990
0 0.752771 0.591017 0.008398 0.004990
0 0.760833 0.588641 0.008398 0.004990
0 0.752771 0.583888 0.008398 0.004990
0 0.752771 0.579373 0.008398 0.004990
0 0.797783 0.591017 0.008398 0.004990
0 0.805845 0.588641 0.008398 0.004990
0 0.797783 0.583888 0.008398 0.004990
0 0.797783 0.579373 0.008398 0.004990
0 0.877057 0.591017 0.008398 0.004990
0 0.884783 0.588641 0.008398 0.004990
0 0.877057 0.583888 0.008398 0.004990
0 0.877057 0.579373 0.008398 0.004990
0 0.921397 0.591017 0.008398 0.004990
0 0.929123 0.588641 0.008398 0.004990
0 0.921397 0.583888 0.008398 0.004990
0 0.921397 0.579373 0.008398 0.004990
0 0.147800 0.825808 0.008398 0.004990
0 0.133692 0.811549 0.006046 0.003327
0 0.139066 0.809411 0.006046 0.003327
0 0.213302 0.823432 0.008398 0.004990
0 0.199194 0.811549 0.006046 0.003327
0 0.199194 0.807034 0.006046 0.003327
0 0.276117 0.816302 0.008398 0.004990
0 0.262009 0.811549 0.006046 0.003327
0 0.262009 0.799905 0.006046 0.003327
0 0.358415 0.825808 0.008398 0.004990
0 0.358415 0.818679 0.008398 0.004990
0 0.358415 0.813926 0.008398 0.004990
0 0.358415 0.809173 0.008398 0.004990
0 0.430635 0.830561 0.008398 0.004990
0 0.430635 0.825808 0.008398 0.004990
0 0.430635 0.818679 0.008398 0.004990
0 0.430635 0.813926 0.008398 0.004990
0 0.486060 0.835314 0.008398 0.004990
0 0.486060 0.830561 0.008398 0.004990
0 0.486060 0.825808 0.008398 0.004990
0 0.486060 0.818679 0.008398 0.004990
0 0.572052 0.842205 0.008398 0.004990
0 0.572052 0.835314 0.008398 0.004990
0 0.572052 0.830561 0.008398 0.004990
0 0.572052 0.825808 0.008398 0.004990
0 0.635875 0.823432 0.008398 0.004990
0 0.635875 0.818679 0.008398 0.004990
0 0.635875 0.811549 0.008398 0.004990
0 0.635875 0.806797 0.008398 0.004990
0 0.748404 0.828184 0.008398 0.004990
0 0.748404 0.823432 0.008398 0.004990
0 0.748404 0.818679 0.008398 0.004990
0 0.748404 0.811549 0.008398 0.004990
0 0.810212 0.835314 0.008398 0.004990
0 0.810212 0.828184 0.008398 0.004990
0 0.810212 0.823432 0.008398 0.004990
0 0.810212 0.818679 0.008398 0.004990
0 0.906953 0.839829 0.008398 0.004990
0 0.906953 0.835314 0.008398 0.004990
0 0.906953 0.828184 0.008398 0.004990
0 0.906953 0.823432 0.008398 0.004990
0 0.134699 0.078184 0.008398 0.004990
0 0.225731 0.080561 0.008398 0.004990
0 0.292912 0.082937 0.008398 0.004990
0 0.346658 0.082937 0.008398 0.004990
0 0.368492 0.080561 0.008398 0.004990
0 0.396036 0.078184 0.008398 0.004990
0 0.417870 0.080561 0.008398 0.004990
0 0.444743 0.085314 0.008398 0.004990
0 0.484716 0.082937 0.008398 0.004990
0 0.534095 0.082937 0.008398 0.004990
0 0.580450 0.082937 0.008398 0.004990
0 0.646960 0.071055 0.008398 0.004990
0 0.737991 0.073432 0.008398 0.004990
0 0.805173 0.075808 0.008398 0.004990
0 0.901579 0.082937 0.008398 0.004990
0 0.928451 0.078184 0.008398 0.004990
0 0.134699 0.302519 0.008398 0.004990
0 0.167282 0.304895 0.008398 0.004990
0 0.187773 0.302519 0.008398 0.004990
0 0.208263 0.290875 0.008398 0.004990
0 0.342963 0.290875 0.008398 0.004990
0 0.474639 0.290875 0.008398 0.004990
0 0.564662 0.300143 0.008398 0.004990
0 0.671481 0.302519 0.008398 0.004990
0 0.747733 0.304895 0.008398 0.004990
0 0.806853 0.304895 0.008398 0.004990
0 0.831374 0.302519 0.008398 0.004990
0 0.861606 0.300143 0.008398 0.004990
0 0.898892 0.302519 0.008398 0.004990
0 0.930803 0.307272 0.008398 0.004990
0 0.134699 0.529468 0.008398 0.004990
0 0.197514 0.529468 0.008398 0.004990
0 0.340275 0.517586 0.008398 0.004990
0 0.462210 0.519962 0.008398 0.004990
0 0.548875 0.519962 0.008398 0.004990
0 0.581122 0.522338 0.008398 0.004990
0 0.613033 0.529468 0.008398 0.004990
0 0.752771 0.527091 0.008398 0.004990
0 0.780652 0.529468 0.008398 0.004990
0 0.815250 0.527091 0.008398 0.004990
0 0.843131 0.515209 0.008398 0.004990
0 0.147800 0.742633 0.008398 0.004990
0 0.276117 0.742633 0.008398 0.004990
0 0.358415 0.742633 0.008398 0.004990
0 0.430635 0.747386 0.008398 0.004990
0 0.486060 0.751901 0.008398 0.004990
0 0.572052 0.759030 0.008398 0.004990
0 0.598253 0.759030 0.008398 0.004990
0 0.635875 0.756654 0.008398 0.004990
0 0.655694 0.754278 0.008398 0.004990
0 0.680215 0.751901 0.008398 0.004990
0 0.700034 0.745010 0.008398 0.004990
0 0.810212 0.751901 0.008398 0.004990
0 0.858582 0.751901 0.008398 0.004990
0 0.931139 0.756654 0.008398 0.004990
