0 0.701377 0.234791 0.009070 0.004990
0 0.126638 0.509030 0.008734 0.004990
0 0.297615 0.509030 0.008734 0.004990
0 0.360094 0.509030 0.008734 0.004990
0 0.419886 0.509030 0.009070 0.004990
0 0.701377 0.509030 0.008734 0.004990
0 0.126638 0.258317 0.008734 0.004990
0 0.126638 0.241920 0.008734 0.004990
0 0.269063 0.241920 0.008734 0.004990
0 0.269063 0.225285 0.008734 0.004990
0 0.433658 0.234791 0.008734 0.004990
0 0.433658 0.225285 0.008734 0.004990
0 0.564327 0.234791 0.008734 0.004990
0 0.564327 0.225285 0.008734 0.004990
0 0.701713 0.227662 0.008734 0.004990
0 0.794424 0.227662 0.008734 0.004990
0 0.840779 0.225285 0.008734 0.004990
0 0.886127 0.227662 0.008734 0.004990
0 0.909305 0.230038 0.008734 0.004990
0 0.932482 0.227662 0.008734 0.004990
0 0.126638 0.501901 0.008734 0.004990
0 0.183742 0.499762 0.008734 0.004990
0 0.240511 0.499762 0.008734 0.004990
0 0.297615 0.499762 0.008734 0.004990
0 0.360094 0.501901 0.008734 0.004990
0 0.420222 0.504278 0.008734 0.004990
0 0.519315 0.504278 0.008734 0.004990
0 0.568693 0.501901 0.008734 0.004990
0 0.617064 0.504278 0.008734 0.004990
0 0.641921 0.506654 0.008734 0.004990
0 0.666779 0.504278 0.008734 0.004990
0 0.701377 0.499762 0.008734 0.004990
0 0.795432 0.504278 0.008734 0.004990
0 0.842459 0.518536 0.008734 0.004990
0 0.842459 0.509030 0.008734 0.004990
0 0.842459 0.501901 0.008734 0.004990
0 0.121263 0.787548 0.008734 0.004990
0 0.135707 0.778042 0.008734 0.004990
0 0.150151 0.771150 0.008734 0.004990
0 0.164931 0.778042 0.008734 0.004990
0 0.179375 0.771150 0.008734 0.004990
0 0.194155 0.778042 0.008734 0.004990
0 0.208599 0.785171 0.008734 0.004990
0 0.223043 0.778042 0.008734 0.004990
0 0.237823 0.768774 0.008734 0.004990
0 0.252267 0.778042 0.008734 0.004990
0 0.267047 0.768774 0.008734 0.004990
0 0.281491 0.778042 0.008734 0.004990
0 0.314746 0.782795 0.008734 0.004990
0 0.327511 0.778042 0.008734 0.004990
0 0.340275 0.771150 0.008734 0.004990
0 0.353376 0.766397 0.008734 0.004990
0 0.366140 0.771150 0.008734 0.004990
0 0.378905 0.778042 0.008734 0.004990
0 0.398052 0.782795 0.008734 0.004990
0 0.415855 0.778042 0.008734 0.004990
0 0.433658 0.773527 0.008734 0.004990
0 0.453141 0.766397 0.008734 0.004990
0 0.472288 0.773527 0.008734 0.004990
0 0.485052 0.782795 0.008734 0.004990
0 0.514948 0.792300 0.008734 0.004990
0 0.534095 0.775665 0.008734 0.004990
0 0.546523 0.792300 0.008734 0.004990
0 0.559288 0.775665 0.008734 0.004990
0 0.579106 0.792300 0.008734 0.004990
0 0.591535 0.775665 0.008734 0.004990
0 0.609338 0.794677 0.008734 0.004990
0 0.621767 0.778042 0.008734 0.004990
0 0.634531 0.794677 0.008734 0.004990
0 0.646960 0.778042 0.008734 0.004990
0 0.664763 0.794677 0.008734 0.004990
0 0.677192 0.778042 0.008734 0.004990
0 0.712798 0.787548 0.008734 0.004990
0 0.723211 0.778042 0.008734 0.004990
0 0.733960 0.771150 0.008734 0.004990
0 0.744374 0.778042 0.008734 0.004990
0 0.754787 0.766397 0.008734 0.004990
0 0.765536 0.778042 0.008734 0.004990
0 0.775949 0.787548 0.008734 0.004990
0 0.847162 0.787548 0.008734 0.004990
0 0.857575 0.778042 0.008734 0.004990
0 0.867988 0.771150 0.008734 0.004990
0 0.878737 0.778042 0.008734 0.004990
0 0.889150 0.766397 0.008734 0.004990
0 0.899563 0.778042 0.008734 0.004990
0 0.910312 0.787548 0.008734 0.004990
0 0.701713 0.187262 0.008734 0.004990
0 0.126638 0.464354 0.008734 0.004990
0 0.183742 0.464354 0.008734 0.004990
0 0.183742 0.459601 0.008734 0.004990
0 0.240511 0.457224 0.008734 0.004990
0 0.420222 0.454848 0.008734 0.004990
0 0.701377 0.459601 0.008734 0.004990
0 0.795432 0.450095 0.008734 0.004990
0 0.126638 0.189639 0.008734 0.004990
0 0.126638 0.184886 0.008734 0.004990
0 0.150487 0.180133 0.008734 0.004990
0 0.174001 0.189639 0.008734 0.004990
0 0.174001 0.184886 0.008734 0.004990
0 0.197850 0.180133 0.008734 0.004990
0 0.221700 0.192015 0.008734 0.004990
0 0.221700 0.184886 0.008734 0.004990
0 0.245549 0.180133 0.008734 0.004990
0 0.269063 0.192015 0.008734 0.004990
0 0.269063 0.182510 0.008734 0.004990
0 0.292912 0.180133 0.008734 0.004990
0 0.316762 0.192015 0.008734 0.004990
0 0.316762 0.182510 0.008734 0.004990
0 0.340275 0.180133 0.008734 0.004990
0 0.364125 0.187262 0.008734 0.004990
0 0.364125 0.182510 0.008734 0.004990
0 0.387974 0.180133 0.008734 0.004990
0 0.433658 0.189639 0.008734 0.004990
0 0.433658 0.184886 0.008734 0.004990
0 0.455492 0.180133 0.008734 0.004990
0 0.477326 0.173241 0.008734 0.004990
0 0.499160 0.180133 0.008734 0.004990
0 0.520994 0.168489 0.008734 0.004990
0 0.542492 0.170865 0.008734 0.004990
0 0.564327 0.173241 0.008734 0.004990
0 0.599261 0.184886 0.008734 0.004990
0 0.621095 0.180133 0.008734 0.004990
0 0.642929 0.184886 0.008734 0.004990
0 0.664763 0.180133 0.008734 0.004990
0 0.701713 0.177757 0.008734 0.004990
0 0.724891 0.170865 0.008734 0.004990
0 0.748069 0.170865 0.008734 0.004990
0 0.771246 0.170865 0.008734 0.004990
0 0.794424 0.170865 0.008734 0.004990
0 0.817602 0.170865 0.008734 0.004990
0 0.840779 0.187262 0.008734 0.004990
0 0.840779 0.175618 0.008734 0.004990
0 0.840779 0.170865 0.008734 0.004990
0 0.126638 0.459601 0.008734 0.004990
0 0.155190 0.447719 0.008734 0.004990
0 0.183742 0.447719 0.008734 0.004990
0 0.211958 0.447719 0.008734 0.004990
0 0.240511 0.445342 0.008734 0.004990
0 0.269063 0.445342 0.008734 0.004990
0 0.297615 0.459601 0.008734 0.004990
0 0.297615 0.450095 0.008734 0.004990
0 0.297615 0.442966 0.008734 0.004990
0 0.360094 0.452471 0.008734 0.004990
0 0.360094 0.440827 0.008734 0.004990
0 0.420222 0.438451 0.008734 0.004990
0 0.444743 0.447719 0.008734 0.004990
0 0.469600 0.447719 0.008734 0.004990
0 0.494458 0.447719 0.008734 0.004990
0 0.519315 0.447719 0.008734 0.004990
0 0.544172 0.447719 0.008734 0.004990
0 0.568693 0.464354 0.008734 0.004990
0 0.568693 0.452471 0.008734 0.004990
0 0.568693 0.447719 0.008734 0.004990
0 0.701377 0.450095 0.008734 0.004990
0 0.724891 0.447719 0.008734 0.004990
0 0.748404 0.447719 0.008734 0.004990
0 0.771918 0.447719 0.008734 0.004990
0 0.795432 0.445342 0.008734 0.004990
0 0.818945 0.447719 0.008734 0.004990
0 0.842459 0.452471 0.008734 0.004990
0 0.842459 0.440827 0.008734 0.004990
0 0.121263 0.738118 0.008734 0.004990
0 0.135707 0.733365 0.008734 0.004990
0 0.150151 0.738118 0.008734 0.004990
0 0.164931 0.733365 0.008734 0.004990
0 0.179375 0.738118 0.008734 0.004990
0 0.179375 0.726236 0.008734 0.004990
0 0.194155 0.733365 0.008734 0.004990
0 0.208599 0.735741 0.008734 0.004990
0 0.223043 0.733365 0.008734 0.004990
0 0.237823 0.735741 0.008734 0.004990
0 0.252267 0.733365 0.008734 0.004990
0 0.267047 0.735741 0.008734 0.004990
0 0.267047 0.728612 0.008734 0.004990
0 0.281491 0.733365 0.008734 0.004990
0 0.314746 0.733365 0.008734 0.004990
0 0.327511 0.726236 0.008734 0.004990
0 0.340275 0.733365 0.008734 0.004990
0 0.353376 0.726236 0.008734 0.004990
0 0.366140 0.721483 0.008734 0.004990
0 0.378905 0.726236 0.008734 0.004990
0 0.398052 0.733365 0.008734 0.004990
0 0.415855 0.728612 0.008734 0.004990
0 0.433658 0.733365 0.008734 0.004990
0 0.453141 0.728612 0.008734 0.004990
0 0.472288 0.723859 0.008734 0.004990
0 0.485052 0.728612 0.008734 0.004990
0 0.514948 0.730989 0.008734 0.004990
0 0.514948 0.726236 0.008734 0.004990
0 0.534095 0.721483 0.008734 0.004990
0 0.546523 0.730989 0.008734 0.004990
0 0.546523 0.726236 0.008734 0.004990
0 0.559288 0.721483 0.008734 0.004990
0 0.579106 0.730989 0.008734 0.004990
0 0.579106 0.726236 0.008734 0.004990
0 0.579106 0.719106 0.008734 0.004990
0 0.591535 0.721483 0.008734 0.004990
0 0.609338 0.733365 0.008734 0.004990
0 0.609338 0.726236 0.008734 0.004990
0 0.609338 0.721483 0.008734 0.004990
0 0.621767 0.716730 0.008734 0.004990
0 0.634531 0.733365 0.008734 0.004990
0 0.634531 0.726236 0.008734 0.004990
0 0.634531 0.721483 0.008734 0.004990
0 0.646960 0.716730 0.008734 0.004990
0 0.664763 0.733365 0.008734 0.004990
0 0.664763 0.726236 0.008734 0.004990
0 0.664763 0.719106 0.008734 0.004990
0 0.677192 0.716730 0.008734 0.004990
0 0.712798 0.726236 0.008734 0.004990
0 0.712798 0.721483 0.008734 0.004990
0 0.723211 0.716730 0.008734 0.004990
0 0.733960 0.726236 0.008734 0.004990
0 0.733960 0.721483 0.008734 0.004990
0 0.744374 0.716730 0.008734 0.004990
0 0.754787 0.733365 0.008734 0.004990
0 0.765536 0.716730 0.008734 0.004990
0 0.775949 0.726236 0.008734 0.004990
0 0.775949 0.721483 0.008734 0.004990
0 0.799127 0.716730 0.008734 0.004990
0 0.847162 0.726236 0.008734 0.004990
0 0.847162 0.721483 0.008734 0.004990
0 0.857575 0.716730 0.008734 0.004990
0 0.867988 0.726236 0.008734 0.004990
0 0.867988 0.721483 0.008734 0.004990
0 0.878737 0.716730 0.008734 0.004990
0 0.889150 0.733365 0.008734 0.004990
0 0.899563 0.716730 0.008734 0.004990
0 0.910312 0.726236 0.008734 0.004990
0 0.910312 0.721483 0.008734 0.004990
0 0.933154 0.716730 0.008734 0.004990
0 0.126638 0.094582 0.008734 0.004990
0 0.221700 0.094582 0.008734 0.004990
0 0.269063 0.089829 0.008734 0.004990
0 0.340275 0.092205 0.008734 0.004990
0 0.364125 0.099335 0.008734 0.004990
0 0.387974 0.096958 0.008734 0.004990
0 0.433658 0.094582 0.008734 0.004990
0 0.642929 0.094582 0.008734 0.004990
0 0.701713 0.092205 0.008734 0.004990
0 0.794424 0.099335 0.008734 0.004990
0 0.840779 0.096958 0.008734 0.004990
0 0.886127 0.099335 0.008734 0.004990
0 0.909305 0.101711 0.008734 0.004990
0 0.932482 0.099335 0.008734 0.004990
0 0.126638 0.366920 0.008734 0.004990
0 0.240511 0.369059 0.008734 0.004990
0 0.297615 0.369059 0.008734 0.004990
0 0.360094 0.364544 0.008734 0.004990
0 0.420222 0.366920 0.008734 0.004990
0 0.519315 0.373812 0.008734 0.004990
0 0.568693 0.371435 0.008734 0.004990
0 0.617064 0.373812 0.008734 0.004990
0 0.641921 0.376188 0.008734 0.004990
0 0.666779 0.373812 0.008734 0.004990
0 0.701377 0.369059 0.008734 0.004990
0 0.795432 0.373812 0.008734 0.004990
0 0.842459 0.371435 0.008734 0.004990
0 0.918038 0.373812 0.008734 0.004990
0 0.121263 0.645913 0.008734 0.004990
0 0.179375 0.650665 0.008734 0.004990
0 0.208599 0.652804 0.008734 0.004990
0 0.267047 0.638783 0.008734 0.004990
0 0.281491 0.641160 0.008734 0.004990
0 0.314746 0.641160 0.008734 0.004990
0 0.398052 0.641160 0.008734 0.004990
0 0.514948 0.638783 0.008734 0.004990
0 0.579106 0.643536 0.008734 0.004990
0 0.609338 0.641160 0.008734 0.004990
0 0.664763 0.648289 0.008734 0.004990
0 0.677192 0.645913 0.008734 0.004990
0 0.712798 0.650665 0.008734 0.004990
0 0.847162 0.650665 0.008734 0.004990
