0 0.245213 0.336740 0.009405 0.005228
0 0.411152 0.336740 0.008734 0.005228
0 0.464226 0.339116 0.008734 0.005228
0 0.516963 0.341492 0.008734 0.005228
0 0.362110 0.698432 0.009405 0.005228
0 0.245213 0.326996 0.009405 0.005228
0 0.350353 0.329373 0.008734 0.005228
0 0.376554 0.329373 0.008734 0.005228
0 0.411152 0.331749 0.009405 0.005228
0 0.583473 0.343869 0.008734 0.005228
0 0.583473 0.331749 0.008734 0.005228
0 0.612361 0.329373 0.008734 0.005228
0 0.641585 0.324620 0.008734 0.005228
0 0.670810 0.322006 0.008734 0.005228
0 0.700034 0.319629 0.008734 0.005228
0 0.729258 0.314876 0.008734 0.005228
0 0.774941 0.319629 0.008734 0.005228
0 0.774941 0.312500 0.008734 0.005228
0 0.805173 0.309886 0.008734 0.005228
0 0.835069 0.312500 0.008734 0.005228
0 0.865301 0.307510 0.008734 0.005228
0 0.895532 0.309886 0.008734 0.005228
0 0.925428 0.312500 0.008734 0.005228
0 0.148136 0.501188 0.008734 0.005228
0 0.148136 0.496198 0.008734 0.005228
0 0.179375 0.493821 0.008734 0.005228
0 0.210951 0.496198 0.008734 0.005228
0 0.242190 0.489068 0.008734 0.005228
0 0.273430 0.491445 0.008734 0.005228
0 0.304669 0.493821 0.008734 0.005228
0 0.350017 0.501188 0.008734 0.005228
0 0.350017 0.496198 0.008734 0.005228
0 0.380584 0.493821 0.008734 0.005228
0 0.410816 0.496198 0.008734 0.005228
0 0.441384 0.498812 0.008734 0.005228
0 0.477998 0.501188 0.008734 0.005228
0 0.508230 0.503565 0.008734 0.005228
0 0.555929 0.505941 0.008734 0.005228
0 0.555929 0.498812 0.008734 0.005228
0 0.590863 0.496198 0.008734 0.005228
0 0.625798 0.498812 0.008734 0.005228
0 0.660396 0.501188 0.008734 0.005228
0 0.695331 0.508317 0.008734 0.005228
0 0.695331 0.503565 0.008734 0.005228
0 0.730265 0.498812 0.008734 0.005228
0 0.784683 0.518061 0.008734 0.005228
0 0.784683 0.508317 0.008734 0.005228
0 0.813235 0.503565 0.008734 0.005228
0 0.841787 0.501188 0.008734 0.005228
0 0.870003 0.489068 0.008734 0.005228
0 0.898556 0.491445 0.008734 0.005228
0 0.927108 0.493821 0.008734 0.005228
0 0.140410 0.696055 0.008734 0.005228
0 0.140410 0.691302 0.008734 0.005228
0 0.175344 0.688688 0.008734 0.005228
0 0.210279 0.691302 0.008734 0.005228
0 0.245213 0.698432 0.008734 0.005228
0 0.245213 0.686312 0.008734 0.005228
0 0.280148 0.700808 0.008734 0.005228
0 0.280148 0.691302 0.008734 0.005228
0 0.314746 0.688688 0.008734 0.005228
0 0.361774 0.686312 0.008734 0.005228
0 0.394021 0.683935 0.008734 0.005228
0 0.425932 0.686312 0.008734 0.005228
0 0.458179 0.679183 0.008734 0.005228
0 0.490091 0.698432 0.008734 0.005228
0 0.490091 0.686312 0.008734 0.005228
0 0.522338 0.696055 0.008734 0.005228
0 0.522338 0.683935 0.008734 0.005228
0 0.570373 0.658508 0.008734 0.005228
0 0.570373 0.646388 0.008734 0.005228
0 0.602620 0.639021 0.008734 0.005228
0 0.634531 0.641397 0.008734 0.005228
0 0.673833 0.644011 0.008734 0.005228
0 0.698690 0.646388 0.008734 0.005228
0 0.730937 0.648764 0.008734 0.005228
0 0.777293 0.703422 0.008734 0.005228
0 0.777293 0.693679 0.008734 0.005228
0 0.806517 0.688688 0.008734 0.005228
0 0.835741 0.686312 0.008734 0.005228
0 0.864965 0.639021 0.008734 0.005228
0 0.894189 0.641397 0.008734 0.005228
0 0.923413 0.629278 0.008734 0.005228
0 0.329190 0.876901 0.009405 0.005228
0 0.470272 0.886407 0.008734 0.005228
0 0.555257 0.879278 0.009405 0.005228
0 0.664427 0.886407 0.008734 0.005228
0 0.736648 0.876901 0.008734 0.005228
0 0.809540 0.879278 0.008734 0.005228
0 0.882432 0.881654 0.008734 0.005228
0 0.865301 0.270437 0.008734 0.005228
0 0.350017 0.455086 0.008734 0.005228
0 0.441384 0.450095 0.008734 0.005228
0 0.555929 0.455086 0.008734 0.005228
0 0.660396 0.455086 0.008734 0.005228
0 0.563319 0.634268 0.008734 0.005228
0 0.271414 0.280181 0.008734 0.005228
0 0.271414 0.272814 0.008734 0.005228
0 0.297615 0.275190 0.008734 0.005228
0 0.323816 0.263070 0.008734 0.005228
0 0.350353 0.282557 0.008734 0.005228
0 0.350353 0.265684 0.008734 0.005228
0 0.376554 0.270437 0.008734 0.005228
0 0.437689 0.284933 0.008734 0.005228
0 0.437689 0.272814 0.008734 0.005228
0 0.464226 0.275190 0.008734 0.005228
0 0.490427 0.265684 0.008734 0.005228
0 0.516963 0.268061 0.008734 0.005228
0 0.543500 0.277804 0.008734 0.005228
0 0.583473 0.275190 0.008734 0.005228
0 0.612361 0.272814 0.008734 0.005228
0 0.641585 0.275190 0.008734 0.005228
0 0.670810 0.255941 0.008734 0.005228
0 0.700034 0.258317 0.008734 0.005228
0 0.729258 0.263070 0.008734 0.005228
0 0.774941 0.272814 0.008734 0.005228
0 0.774941 0.265684 0.008734 0.005228
0 0.805173 0.270437 0.008734 0.005228
0 0.805173 0.263070 0.008734 0.005228
0 0.835069 0.272814 0.008734 0.005228
0 0.835069 0.265684 0.008734 0.005228
0 0.865301 0.260694 0.008734 0.005228
0 0.895532 0.263070 0.008734 0.005228
0 0.925428 0.265684 0.008734 0.005228
0 0.148136 0.455086 0.008734 0.005228
0 0.148136 0.445342 0.008734 0.005228
0 0.179375 0.452709 0.008734 0.005228
0 0.210951 0.455086 0.008734 0.005228
0 0.242190 0.447719 0.008734 0.005228
0 0.273430 0.450095 0.008734 0.005228
0 0.304669 0.452709 0.008734 0.005228
0 0.350017 0.445342 0.008734 0.005228
0 0.380584 0.452709 0.008734 0.005228
0 0.410816 0.455086 0.008734 0.005228
0 0.449782 0.457462 0.008734 0.005228
0 0.477998 0.459838 0.008734 0.005228
0 0.508230 0.462452 0.008734 0.005228
0 0.564662 0.464829 0.008734 0.005228
0 0.590863 0.462452 0.008734 0.005228
0 0.625798 0.464829 0.008734 0.005228
0 0.660396 0.455086 0.008734 0.005228
0 0.695331 0.464829 0.008734 0.005228
0 0.695331 0.459838 0.008734 0.005228
0 0.730265 0.462452 0.008734 0.005228
0 0.784683 0.467205 0.008734 0.005228
0 0.784683 0.462452 0.008734 0.005228
0 0.813235 0.459838 0.008734 0.005228
0 0.841787 0.462452 0.008734 0.005228
0 0.870003 0.447719 0.008734 0.005228
0 0.898556 0.450095 0.008734 0.005228
0 0.927108 0.457462 0.008734 0.005228
0 0.927108 0.442966 0.008734 0.005228
0 0.140410 0.644011 0.008734 0.005228
0 0.140410 0.634268 0.008734 0.005228
0 0.175344 0.641397 0.008734 0.005228
0 0.210279 0.644011 0.008734 0.005228
0 0.245213 0.639021 0.008734 0.005228
0 0.245213 0.634268 0.008734 0.005228
0 0.280148 0.644011 0.008734 0.005228
0 0.314746 0.626901 0.008734 0.005228
0 0.361774 0.639021 0.008734 0.005228
0 0.361774 0.629278 0.008734 0.005228
0 0.394021 0.636644 0.008734 0.005228
0 0.425932 0.639021 0.008734 0.005228
0 0.458179 0.631892 0.008734 0.005228
0 0.458179 0.622148 0.008734 0.005228
0 0.490091 0.639021 0.008734 0.005228
0 0.490091 0.629278 0.008734 0.005228
0 0.522338 0.639021 0.008734 0.005228
0 0.522338 0.634268 0.008734 0.005228
0 0.570373 0.624525 0.008734 0.005228
0 0.602620 0.626901 0.008734 0.005228
0 0.634531 0.629278 0.008734 0.005228
0 0.666779 0.641397 0.008734 0.005228
0 0.666779 0.631892 0.008734 0.005228
0 0.698690 0.641397 0.008734 0.005228
0 0.698690 0.634268 0.008734 0.005228
0 0.730937 0.644011 0.008734 0.005228
0 0.730937 0.636644 0.008734 0.005228
0 0.777293 0.646388 0.008734 0.005228
0 0.777293 0.634268 0.008734 0.005228
0 0.806517 0.639021 0.008734 0.005228
0 0.835741 0.641397 0.008734 0.005228
0 0.864965 0.626901 0.008734 0.005228
0 0.894189 0.629278 0.008734 0.005228
0 0.923413 0.617158 0.008734 0.005228
0 0.143097 0.845295 0.008734 0.005228
0 0.171649 0.828184 0.008734 0.005228
0 0.199866 0.828184 0.008734 0.005228
0 0.228418 0.811312 0.008734 0.005228
0 0.256634 0.811312 0.008734 0.005228
0 0.285186 0.813688 0.008734 0.005228
0 0.329190 0.825808 0.008734 0.005228
0 0.329190 0.821055 0.008734 0.005228
0 0.329190 0.816065 0.008734 0.005228
0 0.364461 0.823432 0.008734 0.005228
0 0.364461 0.818679 0.008734 0.005228
0 0.364461 0.813688 0.008734 0.005228
0 0.399731 0.825808 0.008734 0.005228
0 0.399731 0.821055 0.008734 0.005228
0 0.399731 0.816065 0.008734 0.005228
0 0.435002 0.823432 0.008734 0.005228
0 0.435002 0.818679 0.008734 0.005228
0 0.435002 0.813688 0.008734 0.005228
0 0.470272 0.825808 0.008734 0.005228
0 0.470272 0.821055 0.008734 0.005228
0 0.470272 0.816065 0.008734 0.005228
0 0.505878 0.823432 0.008734 0.005228
0 0.505878 0.818679 0.008734 0.005228
0 0.505878 0.813688 0.008734 0.005228
0 0.555257 0.833175 0.008734 0.005228
0 0.555257 0.828184 0.008734 0.005228
0 0.555257 0.823432 0.008734 0.005228
0 0.582466 0.830798 0.008734 0.005228
0 0.582466 0.825808 0.008734 0.005228
0 0.582466 0.821055 0.008734 0.005228
0 0.610010 0.833175 0.008734 0.005228
0 0.610010 0.828184 0.008734 0.005228
0 0.610010 0.823432 0.008734 0.005228
0 0.637219 0.830798 0.008734 0.005228
0 0.637219 0.825808 0.008734 0.005228
0 0.637219 0.821055 0.008734 0.005228
0 0.664427 0.833175 0.008734 0.005228
0 0.664427 0.828184 0.008734 0.005228
0 0.664427 0.823432 0.008734 0.005228
0 0.691972 0.830798 0.008734 0.005228
0 0.691972 0.825808 0.008734 0.005228
0 0.691972 0.821055 0.008734 0.005228
0 0.736648 0.828184 0.008734 0.005228
0 0.736648 0.823432 0.008734 0.005228
0 0.736648 0.818679 0.008734 0.005228
0 0.772926 0.825808 0.008734 0.005228
0 0.772926 0.821055 0.008734 0.005228
0 0.772926 0.816065 0.008734 0.005228
0 0.809540 0.828184 0.008734 0.005228
0 0.809540 0.823432 0.008734 0.005228
0 0.809540 0.818679 0.008734 0.005228
0 0.846154 0.825808 0.008734 0.005228
0 0.846154 0.821055 0.008734 0.005228
0 0.846154 0.816065 0.008734 0.005228
0 0.882432 0.825808 0.008734 0.005228
0 0.882432 0.821055 0.008734 0.005228
0 0.882432 0.813688 0.008734 0.005228
0 0.919046 0.823432 0.008734 0.005228
0 0.919046 0.818679 0.008734 0.005228
0 0.919046 0.811312 0.008734 0.005228
0 0.925428 0.204848 0.008734 0.005228
0 0.148136 0.384506 0.008734 0.005228
0 0.242190 0.384506 0.008734 0.005228
0 0.273430 0.384506 0.008734 0.005228
0 0.304669 0.381892 0.008734 0.005228
0 0.350017 0.384506 0.008734 0.005228
0 0.410816 0.384506 0.008734 0.005228
0 0.508230 0.389259 0.008734 0.005228
0 0.555929 0.394011 0.008734 0.005228
0 0.660396 0.394011 0.008734 0.005228
0 0.695331 0.391635 0.008734 0.005228
0 0.730265 0.391635 0.008734 0.005228
0 0.784683 0.401378 0.009405 0.005228
0 0.898556 0.389259 0.008734 0.005228
0 0.140410 0.570817 0.008734 0.005228
0 0.245213 0.570817 0.008734 0.005228
0 0.280148 0.570817 0.008734 0.005228
0 0.314746 0.568203 0.008734 0.005228
0 0.361774 0.565827 0.008734 0.005228
0 0.425932 0.565827 0.008734 0.005228
0 0.522338 0.565827 0.008734 0.005228
0 0.570373 0.561074 0.008734 0.005228
0 0.666779 0.565827 0.008734 0.005228
0 0.698690 0.573194 0.008734 0.005228
0 0.730937 0.573194 0.008734 0.005228
0 0.777628 0.573194 0.009405 0.005228
0 0.256634 0.758317 0.008734 0.005228
0 0.329190 0.758317 0.008734 0.005228
0 0.435002 0.758317 0.008734 0.005228
0 0.470272 0.765684 0.008734 0.005228
0 0.505878 0.763070 0.008734 0.005228
0 0.555257 0.760694 0.008734 0.005228
0 0.610010 0.765684 0.008734 0.005228
0 0.691972 0.765684 0.008734 0.005228
0 0.736648 0.760694 0.008734 0.005228
0 0.846154 0.760694 0.008734 0.005228
0 0.882432 0.770437 0.008734 0.005228
0 0.919046 0.768061 0.008734 0.005228
