0 0.142157 0.220707 0.008497 0.005303
0 0.224183 0.240657 0.008497 0.005303
0 0.303595 0.235606 0.008497 0.005303
0 0.347386 0.222980 0.008497 0.005303
0 0.394444 0.238131 0.008824 0.005303
0 0.572876 0.228030 0.008497 0.005303
0 0.675817 0.238131 0.008824 0.005303
0 0.863072 0.228030 0.008497 0.005303
0 0.146078 0.453283 0.008824 0.005303
0 0.400654 0.443182 0.008497 0.005303
0 0.546078 0.450758 0.008824 0.005303
0 0.827124 0.440657 0.008497 0.005303
0 0.146078 0.671212 0.008824 0.005303
0 0.340196 0.661111 0.008497 0.005303
0 0.441503 0.906313 0.008497 0.005303
0 0.685294 0.901263 0.008497 0.005303
0 0.142157 0.220707 0.008497 0.005303
0 0.167647 0.233081 0.008497 0.005303
0 0.167647 0.225505 0.008497 0.005303
0 0.224183 0.240657 0.008497 0.005303
0 0.247059 0.235606 0.008497 0.005303
0 0.247059 0.228030 0.008497 0.005303
0 0.303595 0.235606 0.008497 0.005303
0 0.325490 0.228030 0.008497 0.005303
0 0.325490 0.222980 0.008497 0.005303
0 0.439216 0.215657 0.008497 0.005303
0 0.461765 0.222980 0.008497 0.005303
0 0.528431 0.215657 0.008497 0.005303
0 0.550654 0.222980 0.008497 0.005303
0 0.617647 0.215657 0.008497 0.005303
0 0.639869 0.222980 0.008497 0.005303
0 0.722876 0.215657 0.008497 0.005303
0 0.746078 0.222980 0.008497 0.005303
0 0.816340 0.215657 0.008497 0.005303
0 0.839869 0.222980 0.008497 0.005303
0 0.909804 0.215657 0.008497 0.005303
0 0.933333 0.222980 0.008497 0.005303
0 0.209804 0.430808 0.008497 0.005303
0 0.241503 0.438131 0.008497 0.005303
0 0.336928 0.430808 0.008497 0.005303
0 0.368954 0.438131 0.008497 0.005303
0 0.464052 0.430808 0.008497 0.005303
0 0.496078 0.438131 0.008497 0.005303
0 0.611111 0.428283 0.008497 0.005303
0 0.643464 0.435606 0.008497 0.005303
0 0.751634 0.428283 0.008497 0.005303
0 0.794771 0.435606 0.008497 0.005303
0 0.891830 0.428283 0.008497 0.005303
0 0.924183 0.435606 0.008497 0.005303
0 0.194771 0.648737 0.008497 0.005303
0 0.218954 0.656061 0.008497 0.005303
0 0.291503 0.648737 0.008497 0.005303
0 0.316013 0.656061 0.008497 0.005303
0 0.388562 0.648737 0.008497 0.005303
0 0.412745 0.656061 0.008497 0.005303
0 0.449346 0.693687 0.008497 0.005303
0 0.469281 0.688636 0.008497 0.005303
0 0.489216 0.681313 0.008497 0.005303
0 0.509150 0.676263 0.008497 0.005303
0 0.529085 0.676263 0.008497 0.005303
0 0.549020 0.671212 0.008497 0.005303
0 0.568954 0.663636 0.008497 0.005303
0 0.589216 0.658586 0.008497 0.005303
0 0.609150 0.663636 0.008497 0.005303
0 0.629085 0.671212 0.008497 0.005303
0 0.649020 0.676263 0.008497 0.005303
0 0.694444 0.691162 0.008497 0.005303
0 0.716993 0.686111 0.008497 0.005303
0 0.739869 0.678788 0.008497 0.005303
0 0.762418 0.673737 0.008497 0.005303
0 0.784967 0.673737 0.008497 0.005303
0 0.807516 0.668687 0.008497 0.005303
0 0.830065 0.661111 0.008497 0.005303
0 0.852614 0.656061 0.008497 0.005303
0 0.875490 0.661111 0.008497 0.005303
0 0.898039 0.668687 0.008497 0.005303
0 0.920588 0.673737 0.008497 0.005303
0 0.144444 0.916162 0.008497 0.005303
0 0.168627 0.911111 0.008497 0.005303
0 0.192484 0.903788 0.008497 0.005303
0 0.216667 0.898737 0.008497 0.005303
0 0.240523 0.898737 0.008497 0.005303
0 0.264706 0.893687 0.008497 0.005303
0 0.288562 0.886111 0.008497 0.005303
0 0.312745 0.881061 0.008497 0.005303
0 0.336601 0.886111 0.008497 0.005303
0 0.360784 0.893687 0.008497 0.005303
0 0.384641 0.898737 0.008497 0.005303
0 0.441503 0.906313 0.008497 0.005303
0 0.460784 0.896212 0.008497 0.005303
0 0.480392 0.888636 0.008497 0.005303
0 0.500000 0.853535 0.008497 0.005303
0 0.519281 0.913636 0.008824 0.005303
0 0.685294 0.901263 0.008497 0.005303
0 0.705882 0.896212 0.008497 0.005303
0 0.726471 0.891162 0.008497 0.005303
0 0.747059 0.883586 0.008497 0.005303
0 0.767320 0.913636 0.008824 0.005303
0 0.142157 0.154293 0.008497 0.005303
0 0.224183 0.174242 0.008497 0.005303
0 0.303595 0.169192 0.008497 0.005303
0 0.347386 0.156818 0.008497 0.005303
0 0.394771 0.161869 0.008497 0.005303
0 0.416993 0.166667 0.008497 0.005303
0 0.483987 0.161869 0.008497 0.005303
0 0.506209 0.166667 0.008497 0.005303
0 0.572876 0.156818 0.008497 0.005303
0 0.595425 0.166667 0.008497 0.005303
0 0.676144 0.161869 0.008497 0.005303
0 0.699346 0.166667 0.008497 0.005303
0 0.769608 0.161869 0.008497 0.005303
0 0.793137 0.166667 0.008497 0.005303
0 0.863072 0.156818 0.008497 0.005303
0 0.886601 0.166667 0.008497 0.005303
0 0.146405 0.403030 0.008497 0.005303
0 0.178105 0.408081 0.008497 0.005303
0 0.273529 0.403030 0.008497 0.005303
0 0.305229 0.408081 0.008497 0.005303
0 0.400654 0.397980 0.008497 0.005303
0 0.432353 0.408081 0.008497 0.005303
0 0.546405 0.400505 0.008497 0.005303
0 0.578758 0.405556 0.008497 0.005303
0 0.676144 0.400505 0.008497 0.005303
0 0.708497 0.405556 0.008497 0.005303
0 0.827124 0.395455 0.008497 0.005303
0 0.859477 0.405556 0.008497 0.005303
0 0.146405 0.620202 0.008497 0.005303
0 0.170588 0.625253 0.008497 0.005303
0 0.243137 0.620202 0.008497 0.005303
0 0.267320 0.625253 0.008497 0.005303
0 0.340196 0.615404 0.008497 0.005303
0 0.364379 0.625253 0.008497 0.005303
0 0.890523 0.836111 0.008497 0.005303
0 0.142157 0.154293 0.008497 0.005303
0 0.167647 0.166667 0.008497 0.005303
0 0.167647 0.159343 0.008497 0.005303
0 0.224183 0.174242 0.008497 0.005303
0 0.247059 0.169192 0.008497 0.005303
0 0.247059 0.161869 0.008497 0.005303
0 0.303595 0.169192 0.008497 0.005303
0 0.325490 0.161869 0.008497 0.005303
0 0.325490 0.156818 0.008497 0.005303
0 0.394771 0.149242 0.008497 0.005303
0 0.483987 0.151768 0.008497 0.005303
0 0.528431 0.154293 0.008497 0.005303
0 0.572876 0.151768 0.008497 0.005303
0 0.617647 0.154293 0.008497 0.005303
0 0.676144 0.156818 0.008497 0.005303
0 0.722876 0.149242 0.008497 0.005303
0 0.769608 0.151768 0.008497 0.005303
0 0.816340 0.154293 0.008497 0.005303
0 0.863072 0.151768 0.008497 0.005303
0 0.909804 0.154293 0.008497 0.005303
0 0.146405 0.397980 0.008497 0.005303
0 0.209804 0.390404 0.008497 0.005303
0 0.273529 0.392929 0.008497 0.005303
0 0.336928 0.395455 0.008497 0.005303
0 0.400654 0.392929 0.008497 0.005303
0 0.464052 0.395455 0.008497 0.005303
0 0.546405 0.395455 0.008497 0.005303
0 0.611111 0.387879 0.008497 0.005303
0 0.676144 0.390404 0.008497 0.005303
0 0.751634 0.392929 0.008497 0.005303
0 0.827124 0.390404 0.008497 0.005303
0 0.891830 0.392929 0.008497 0.005303
0 0.146405 0.615404 0.008497 0.005303
0 0.194771 0.607828 0.008497 0.005303
0 0.243137 0.610354 0.008497 0.005303
0 0.291503 0.612879 0.008497 0.005303
0 0.340196 0.610354 0.008497 0.005303
0 0.388562 0.612879 0.008497 0.005303
0 0.489216 0.625253 0.008497 0.005303
0 0.529085 0.625253 0.008497 0.005303
0 0.529085 0.607828 0.008497 0.005303
0 0.568954 0.622727 0.008497 0.005303
0 0.568954 0.605303 0.008497 0.005303
0 0.609150 0.620202 0.008497 0.005303
0 0.609150 0.602778 0.008497 0.005303
0 0.649020 0.622727 0.008497 0.005303
0 0.649020 0.605303 0.008497 0.005303
0 0.739869 0.630303 0.008497 0.005303
0 0.784967 0.630303 0.008497 0.005303
0 0.784967 0.612879 0.008497 0.005303
0 0.830065 0.627778 0.008497 0.005303
0 0.830065 0.610354 0.008497 0.005303
0 0.875490 0.625253 0.008497 0.005303
0 0.875490 0.607828 0.008497 0.005303
0 0.920588 0.627778 0.008497 0.005303
0 0.920588 0.610354 0.008497 0.005303
0 0.192484 0.840909 0.008497 0.005303
0 0.240523 0.838636 0.008497 0.005303
0 0.288562 0.845960 0.008497 0.005303
0 0.336601 0.843434 0.008497 0.005303
0 0.384641 0.845960 0.008497 0.005303
0 0.519608 0.848485 0.008497 0.005303
0 0.539216 0.840909 0.008497 0.005303
0 0.558824 0.836111 0.008497 0.005303
0 0.578105 0.840909 0.008497 0.005303
0 0.597712 0.848485 0.008497 0.005303
0 0.617320 0.853535 0.008497 0.005303
0 0.636928 0.888636 0.008497 0.005303
0 0.656536 0.896212 0.008497 0.005303
0 0.767647 0.848485 0.008497 0.005303
0 0.787908 0.843434 0.008497 0.005303
0 0.808497 0.836111 0.008497 0.005303
0 0.829085 0.843434 0.008497 0.005303
0 0.849673 0.848485 0.008497 0.005303
0 0.870261 0.883586 0.008497 0.005303
0 0.890523 0.891162 0.008497 0.005303
0 0.911111 0.896212 0.008497 0.005303
0 0.141830 0.085606 0.008824 0.005303
0 0.303595 0.085606 0.008497 0.005303
0 0.572876 0.085606 0.008497 0.005303
0 0.676144 0.078030 0.008497 0.005303
0 0.769608 0.080556 0.008497 0.005303
0 0.816340 0.083081 0.008497 0.005303
0 0.863072 0.080556 0.008497 0.005303
0 0.909804 0.083081 0.008497 0.005303
0 0.146405 0.322222 0.008497 0.005303
0 0.241503 0.314646 0.008497 0.005303
0 0.273529 0.314646 0.008497 0.005303
0 0.611111 0.319697 0.008497 0.005303
0 0.676144 0.319697 0.008497 0.005303
0 0.725163 0.319697 0.008497 0.005303
0 0.778105 0.317172 0.008497 0.005303
0 0.827124 0.314646 0.008497 0.005303
0 0.891830 0.317172 0.008497 0.005303
0 0.146405 0.537374 0.008497 0.005303
0 0.194771 0.529798 0.008497 0.005303
0 0.243137 0.529798 0.008497 0.005303
0 0.340196 0.529798 0.008497 0.005303
0 0.449346 0.529798 0.008497 0.005303
0 0.568954 0.527273 0.008497 0.005303
0 0.609150 0.524747 0.008497 0.005303
0 0.649020 0.527273 0.008497 0.005303
0 0.694444 0.534848 0.008497 0.005303
0 0.830065 0.532323 0.008497 0.005303
0 0.875490 0.529798 0.008497 0.005303
0 0.920588 0.532323 0.008497 0.005303
0 0.144444 0.765152 0.008497 0.005303
0 0.240523 0.762626 0.008497 0.005303
0 0.288562 0.770202 0.008497 0.005303
0 0.336601 0.767677 0.008497 0.005303
0 0.384641 0.770202 0.008497 0.005303
0 0.441176 0.772727 0.008824 0.005303
0 0.890523 0.760101 0.008497 0.005303
