0 0.126302 0.254753 0.009405 0.005703
0 0.181727 0.249525 0.009405 0.005703
0 0.181727 0.241683 0.009405 0.005703
0 0.226402 0.252139 0.009405 0.005703
0 0.282163 0.244297 0.009405 0.005703
0 0.282163 0.239068 0.009405 0.005703
0 0.326503 0.252139 0.009405 0.005703
0 0.382264 0.241683 0.009405 0.005703
0 0.382264 0.236454 0.009405 0.005703
0 0.452805 0.262595 0.009405 0.005703
0 0.452805 0.244297 0.009405 0.005703
0 0.492442 0.244297 0.009405 0.005703
0 0.492442 0.239068 0.009405 0.005703
0 0.531743 0.262595 0.009405 0.005703
0 0.531743 0.244297 0.009405 0.005703
0 0.571381 0.244297 0.009405 0.005703
0 0.571381 0.239068 0.009405 0.005703
0 0.611018 0.262595 0.009405 0.005703
0 0.611018 0.244297 0.009405 0.005703
0 0.650319 0.244297 0.009405 0.005703
0 0.650319 0.239068 0.009405 0.005703
0 0.716493 0.254753 0.009405 0.005703
0 0.756466 0.249525 0.009405 0.005703
0 0.756466 0.241683 0.009405 0.005703
0 0.796439 0.252139 0.009405 0.005703
0 0.836077 0.244297 0.009405 0.005703
0 0.836077 0.239068 0.009405 0.005703
0 0.876050 0.252139 0.009405 0.005703
0 0.916023 0.241683 0.009405 0.005703
0 0.916023 0.236454 0.009405 0.005703
0 0.128989 0.575808 0.009405 0.005703
0 0.128989 0.565352 0.009405 0.005703
0 0.128989 0.557510 0.009405 0.005703
0 0.164595 0.575808 0.009405 0.005703
0 0.164595 0.565352 0.009405 0.005703
0 0.164595 0.557510 0.009405 0.005703
0 0.186765 0.575808 0.009405 0.005703
0 0.186765 0.565352 0.009405 0.005703
0 0.186765 0.557510 0.009405 0.005703
0 0.208935 0.575808 0.009405 0.005703
0 0.208935 0.565352 0.009405 0.005703
0 0.208935 0.557510 0.009405 0.005703
0 0.244541 0.575808 0.009405 0.005703
0 0.244541 0.565352 0.009405 0.005703
0 0.244541 0.557510 0.009405 0.005703
0 0.280148 0.575808 0.009405 0.005703
0 0.280148 0.565352 0.009405 0.005703
0 0.280148 0.557510 0.009405 0.005703
0 0.315754 0.575808 0.009405 0.005703
0 0.315754 0.565352 0.009405 0.005703
0 0.315754 0.557510 0.009405 0.005703
0 0.368492 0.581036 0.009405 0.005703
0 0.368492 0.562738 0.009405 0.005703
0 0.474975 0.581036 0.009405 0.005703
0 0.474975 0.562738 0.009405 0.005703
0 0.566006 0.588878 0.009405 0.005703
0 0.566006 0.570580 0.009405 0.005703
0 0.668122 0.581036 0.009405 0.005703
0 0.668122 0.570580 0.009405 0.005703
0 0.668122 0.562738 0.009405 0.005703
0 0.716157 0.552281 0.009405 0.005703
0 0.716157 0.544439 0.009405 0.005703
0 0.716157 0.539211 0.009405 0.005703
0 0.740007 0.552281 0.009405 0.005703
0 0.740007 0.544439 0.009405 0.005703
0 0.740007 0.539211 0.009405 0.005703
0 0.764192 0.552281 0.009405 0.005703
0 0.764192 0.544439 0.009405 0.005703
0 0.764192 0.539211 0.009405 0.005703
0 0.811891 0.552281 0.009405 0.005703
0 0.811891 0.544439 0.009405 0.005703
0 0.811891 0.539211 0.009405 0.005703
0 0.859926 0.552281 0.009405 0.005703
0 0.859926 0.547053 0.009405 0.005703
0 0.859926 0.536597 0.009405 0.005703
0 0.907961 0.552281 0.009405 0.005703
0 0.907961 0.541825 0.009405 0.005703
0 0.907961 0.536597 0.009405 0.005703
0 0.125966 0.869059 0.009405 0.005703
0 0.125966 0.858603 0.009405 0.005703
0 0.125966 0.850760 0.009405 0.005703
0 0.189452 0.858603 0.009405 0.005703
0 0.189452 0.850760 0.009405 0.005703
0 0.189452 0.845532 0.009405 0.005703
0 0.229090 0.858603 0.009405 0.005703
0 0.229090 0.850760 0.009405 0.005703
0 0.229090 0.845532 0.009405 0.005703
0 0.268727 0.858603 0.009405 0.005703
0 0.268727 0.850760 0.009405 0.005703
0 0.268727 0.845532 0.009405 0.005703
0 0.332214 0.858603 0.009405 0.005703
0 0.332214 0.850760 0.009405 0.005703
0 0.332214 0.845532 0.009405 0.005703
0 0.395700 0.876901 0.009405 0.005703
0 0.395700 0.858603 0.009405 0.005703
0 0.587840 0.887357 0.009405 0.005703
0 0.587840 0.869059 0.009405 0.005703
0 0.646624 0.887357 0.009405 0.005703
0 0.646624 0.869059 0.009405 0.005703
0 0.683574 0.887357 0.009405 0.005703
0 0.683574 0.869059 0.009405 0.005703
0 0.720188 0.887357 0.009405 0.005703
0 0.720188 0.869059 0.009405 0.005703
0 0.778972 0.887357 0.009405 0.005703
0 0.778972 0.869059 0.009405 0.005703
0 0.838092 0.887357 0.009405 0.005703
0 0.838092 0.869059 0.009405 0.005703
0 0.896876 0.887357 0.009405 0.005703
0 0.896876 0.869059 0.009405 0.005703
0 0.181727 0.187025 0.009405 0.005703
0 0.163923 0.192015 0.006718 0.003802
0 0.171985 0.189401 0.006718 0.003802
0 0.282163 0.189639 0.009405 0.005703
0 0.264024 0.194629 0.006718 0.003802
0 0.272086 0.192015 0.006718 0.003802
0 0.382264 0.192253 0.009405 0.005703
0 0.364125 0.197243 0.006718 0.003802
0 0.372187 0.194629 0.006718 0.003802
0 0.492442 0.202709 0.009405 0.005703
0 0.492442 0.189639 0.009405 0.005703
0 0.474303 0.194629 0.006718 0.003802
0 0.482365 0.192015 0.006718 0.003802
0 0.571381 0.202709 0.009405 0.005703
0 0.571381 0.189639 0.009405 0.005703
0 0.553242 0.194629 0.006718 0.003802
0 0.561303 0.192015 0.006718 0.003802
0 0.650319 0.202709 0.009405 0.005703
0 0.650319 0.189639 0.009405 0.005703
0 0.632516 0.194629 0.006718 0.003802
0 0.640578 0.192015 0.006718 0.003802
0 0.716493 0.181797 0.009405 0.005703
0 0.698354 0.186787 0.006718 0.003802
0 0.706416 0.184173 0.006718 0.003802
0 0.756466 0.192253 0.009405 0.005703
0 0.796439 0.184411 0.009405 0.005703
0 0.778300 0.189401 0.006718 0.003802
0 0.786362 0.186787 0.006718 0.003802
0 0.836077 0.194867 0.009405 0.005703
0 0.876050 0.187025 0.009405 0.005703
0 0.857911 0.192015 0.006718 0.003802
0 0.865972 0.189401 0.006718 0.003802
0 0.916023 0.197481 0.009405 0.005703
0 0.128989 0.520913 0.009405 0.005703
0 0.128989 0.515684 0.009405 0.005703
0 0.128989 0.507842 0.009405 0.005703
0 0.164595 0.520913 0.009405 0.005703
0 0.164595 0.515684 0.009405 0.005703
0 0.164595 0.507842 0.009405 0.005703
0 0.186765 0.520913 0.009405 0.005703
0 0.186765 0.515684 0.009405 0.005703
0 0.186765 0.507842 0.009405 0.005703
0 0.208935 0.520913 0.009405 0.005703
0 0.208935 0.515684 0.009405 0.005703
0 0.208935 0.507842 0.009405 0.005703
0 0.244541 0.520913 0.009405 0.005703
0 0.244541 0.515684 0.009405 0.005703
0 0.244541 0.507842 0.009405 0.005703
0 0.280148 0.520913 0.009405 0.005703
0 0.280148 0.515684 0.009405 0.005703
0 0.280148 0.507842 0.009405 0.005703
0 0.315754 0.520913 0.009405 0.005703
0 0.315754 0.515684 0.009405 0.005703
0 0.315754 0.507842 0.009405 0.005703
0 0.368492 0.520913 0.009405 0.005703
0 0.368492 0.513070 0.009405 0.005703
0 0.368492 0.507842 0.009405 0.005703
0 0.413839 0.520913 0.009405 0.005703
0 0.413839 0.513070 0.009405 0.005703
0 0.413839 0.507842 0.009405 0.005703
0 0.442392 0.520913 0.009405 0.005703
0 0.442392 0.513070 0.009405 0.005703
0 0.442392 0.507842 0.009405 0.005703
0 0.474975 0.520913 0.009405 0.005703
0 0.474975 0.513070 0.009405 0.005703
0 0.474975 0.507842 0.009405 0.005703
0 0.520322 0.520913 0.009405 0.005703
0 0.520322 0.513070 0.009405 0.005703
0 0.520322 0.507842 0.009405 0.005703
0 0.566006 0.520913 0.009405 0.005703
0 0.566006 0.510456 0.009405 0.005703
0 0.566006 0.505228 0.009405 0.005703
0 0.611354 0.520913 0.009405 0.005703
0 0.611354 0.510456 0.009405 0.005703
0 0.611354 0.505228 0.009405 0.005703
0 0.668122 0.489781 0.009405 0.005703
0 0.692308 0.487167 0.009405 0.005703
0 0.716157 0.487167 0.009405 0.005703
0 0.740007 0.484553 0.009405 0.005703
0 0.764192 0.481939 0.009405 0.005703
0 0.788042 0.484553 0.009405 0.005703
0 0.811891 0.487167 0.009405 0.005703
0 0.836077 0.489781 0.009405 0.005703
0 0.859926 0.489781 0.009405 0.005703
0 0.883776 0.492158 0.009405 0.005703
0 0.907961 0.494772 0.009405 0.005703
0 0.931811 0.497386 0.009405 0.005703
0 0.125966 0.801093 0.009405 0.005703
0 0.229090 0.795865 0.009405 0.005703
0 0.268727 0.808935 0.009405 0.005703
0 0.395700 0.816778 0.009405 0.005703
0 0.395700 0.811549 0.009405 0.005703
0 0.474975 0.816778 0.009405 0.005703
0 0.474975 0.811549 0.009405 0.005703
0 0.587840 0.827234 0.009405 0.005703
0 0.587840 0.819392 0.009405 0.005703
0 0.587840 0.814163 0.009405 0.005703
0 0.646624 0.827234 0.009405 0.005703
0 0.646624 0.819392 0.009405 0.005703
0 0.646624 0.814163 0.009405 0.005703
0 0.683574 0.827234 0.009405 0.005703
0 0.683574 0.819392 0.009405 0.005703
0 0.683574 0.814163 0.009405 0.005703
0 0.720188 0.827234 0.009405 0.005703
0 0.720188 0.819392 0.009405 0.005703
0 0.720188 0.814163 0.009405 0.005703
0 0.778972 0.827234 0.009405 0.005703
0 0.778972 0.819392 0.009405 0.005703
0 0.778972 0.814163 0.009405 0.005703
0 0.838092 0.827234 0.009405 0.005703
0 0.838092 0.819392 0.009405 0.005703
0 0.838092 0.814163 0.009405 0.005703
0 0.896876 0.827234 0.009405 0.005703
0 0.896876 0.819392 0.009405 0.005703
0 0.896876 0.814163 0.009405 0.005703
0 0.126302 0.098859 0.009405 0.005703
0 0.153846 0.093631 0.009405 0.005703
0 0.181727 0.104087 0.009405 0.005703
0 0.226402 0.101473 0.009405 0.005703
0 0.254283 0.096245 0.009405 0.005703
0 0.282163 0.106702 0.009405 0.005703
0 0.326503 0.104087 0.009405 0.005703
0 0.354384 0.098859 0.009405 0.005703
0 0.382264 0.109316 0.009405 0.005703
0 0.452805 0.106702 0.010077 0.005703
0 0.368492 0.419202 0.009405 0.005703
0 0.442392 0.416587 0.009405 0.005703
0 0.474975 0.413973 0.009405 0.005703
0 0.520322 0.406131 0.009405 0.005703
0 0.566006 0.408745 0.009405 0.005703
0 0.611354 0.403517 0.009405 0.005703
0 0.668122 0.408745 0.009405 0.005703
0 0.740007 0.406131 0.009405 0.005703
0 0.764192 0.413973 0.009405 0.005703
0 0.125966 0.732414 0.009405 0.005703
0 0.229090 0.729800 0.009405 0.005703
0 0.268727 0.727186 0.009405 0.005703
0 0.332214 0.719344 0.009405 0.005703
0 0.395700 0.719344 0.009405 0.005703
0 0.435338 0.721958 0.009405 0.005703
0 0.474975 0.724572 0.009405 0.005703
0 0.514612 0.721958 0.009405 0.005703
0 0.587840 0.719344 0.010077 0.005703
0 0.838092 0.719344 0.009405 0.005703
0 0.896876 0.719344 0.009405 0.005703
