0 0.117904 0.202234 0.009070 0.005228
0 0.169634 0.189639 0.009070 0.005228
0 0.169634 0.184648 0.009070 0.005228
0 0.185422 0.202234 0.009070 0.005228
0 0.232785 0.189639 0.009070 0.005228
0 0.232785 0.184648 0.009070 0.005228
0 0.248572 0.202234 0.009070 0.005228
0 0.295936 0.189639 0.009070 0.005228
0 0.295936 0.184648 0.009070 0.005228
0 0.332550 0.202234 0.009070 0.005228
0 0.378905 0.192253 0.009070 0.005228
0 0.378905 0.184648 0.009070 0.005228
0 0.394357 0.202234 0.009070 0.005228
0 0.440376 0.192253 0.009070 0.005228
0 0.440376 0.184648 0.009070 0.005228
0 0.455828 0.202234 0.009070 0.005228
0 0.502183 0.192253 0.009070 0.005228
0 0.502183 0.184648 0.009070 0.005228
0 0.542828 0.202234 0.009070 0.005228
0 0.594894 0.189639 0.009070 0.005228
0 0.594894 0.184648 0.009070 0.005228
0 0.611018 0.202234 0.009070 0.005228
0 0.659389 0.189639 0.009070 0.005228
0 0.659389 0.184648 0.009070 0.005228
0 0.675176 0.202234 0.009070 0.005228
0 0.723547 0.189639 0.009070 0.005228
0 0.723547 0.184648 0.009070 0.005228
0 0.752771 0.202234 0.009070 0.005228
0 0.808196 0.192253 0.009070 0.005228
0 0.808196 0.184648 0.009070 0.005228
0 0.824320 0.202234 0.009070 0.005228
0 0.873362 0.192253 0.009070 0.005228
0 0.873362 0.184648 0.009070 0.005228
0 0.889486 0.202234 0.009070 0.005228
0 0.938529 0.192253 0.009070 0.005228
0 0.125294 0.391397 0.009070 0.005228
0 0.190460 0.381179 0.009070 0.005228
0 0.205912 0.391397 0.009070 0.005228
0 0.251931 0.381179 0.009070 0.005228
0 0.267047 0.391397 0.009070 0.005228
0 0.313067 0.373812 0.009070 0.005228
0 0.345986 0.381179 0.009070 0.005228
0 0.406785 0.373812 0.009070 0.005228
0 0.406785 0.366207 0.009070 0.005228
0 0.421565 0.381179 0.009070 0.005228
0 0.465233 0.373812 0.009070 0.005228
0 0.465233 0.366207 0.009070 0.005228
0 0.480013 0.381179 0.009070 0.005228
0 0.524017 0.373812 0.009070 0.005228
0 0.524017 0.366207 0.009070 0.005228
0 0.553242 0.381179 0.009070 0.005228
0 0.606651 0.371198 0.009070 0.005228
0 0.621431 0.381179 0.009070 0.005228
0 0.665435 0.371198 0.009070 0.005228
0 0.679879 0.381179 0.009070 0.005228
0 0.723883 0.371198 0.009070 0.005228
0 0.753107 0.391397 0.009070 0.005228
0 0.818273 0.381179 0.009070 0.005228
0 0.818273 0.373812 0.009070 0.005228
0 0.833389 0.391397 0.009070 0.005228
0 0.878401 0.381179 0.009070 0.005228
0 0.878401 0.373812 0.009070 0.005228
0 0.893517 0.391397 0.009070 0.005228
0 0.938529 0.381179 0.009070 0.005228
0 0.938529 0.373812 0.009070 0.005228
0 0.117904 0.584838 0.009070 0.005228
0 0.181727 0.577234 0.009070 0.005228
0 0.181727 0.567253 0.009070 0.005228
0 0.198522 0.584838 0.009070 0.005228
0 0.251596 0.577234 0.009070 0.005228
0 0.251596 0.567253 0.009070 0.005228
0 0.268391 0.584838 0.009070 0.005228
0 0.321800 0.577234 0.009070 0.005228
0 0.321800 0.567253 0.009070 0.005228
0 0.352368 0.587452 0.009070 0.005228
0 0.398388 0.559648 0.009070 0.005228
0 0.398388 0.552044 0.009070 0.005228
0 0.413839 0.569867 0.009070 0.005228
0 0.460195 0.559648 0.009070 0.005228
0 0.460195 0.552044 0.009070 0.005228
0 0.475647 0.569867 0.009070 0.005228
0 0.521666 0.559648 0.009070 0.005228
0 0.521666 0.552044 0.009070 0.005228
0 0.554921 0.569867 0.009070 0.005228
0 0.613705 0.557034 0.009070 0.005228
0 0.613705 0.552044 0.009070 0.005228
0 0.629493 0.569867 0.009070 0.005228
0 0.676856 0.557034 0.009070 0.005228
0 0.676856 0.552044 0.009070 0.005228
0 0.692644 0.569867 0.009070 0.005228
0 0.740007 0.557034 0.009070 0.005228
0 0.740007 0.552044 0.009070 0.005228
0 0.768895 0.569867 0.009070 0.005228
0 0.815250 0.559648 0.009070 0.005228
0 0.815250 0.552044 0.009070 0.005228
0 0.830702 0.569867 0.009070 0.005228
0 0.876722 0.559648 0.009070 0.005228
0 0.876722 0.552044 0.009070 0.005228
0 0.892173 0.569867 0.009070 0.005228
0 0.938529 0.559648 0.009070 0.005228
0 0.117904 0.759981 0.009070 0.005228
0 0.168290 0.749762 0.009070 0.005228
0 0.185086 0.759981 0.009070 0.005228
0 0.235472 0.749762 0.009070 0.005228
0 0.254619 0.764971 0.009070 0.005228
0 0.308364 0.747386 0.009070 0.005228
0 0.344306 0.762357 0.009070 0.005228
0 0.392005 0.744772 0.009070 0.005228
0 0.407793 0.762357 0.009070 0.005228
0 0.455492 0.744772 0.009070 0.005228
0 0.471616 0.762357 0.009070 0.005228
0 0.519315 0.744772 0.009070 0.005228
0 0.548203 0.762357 0.009070 0.005228
0 0.595902 0.744772 0.009070 0.005228
0 0.611690 0.762357 0.009070 0.005228
0 0.659389 0.744772 0.009070 0.005228
0 0.675176 0.762357 0.009070 0.005228
0 0.722875 0.744772 0.009070 0.005228
0 0.763856 0.754753 0.009070 0.005228
0 0.811555 0.744772 0.009070 0.005228
0 0.811555 0.737167 0.009070 0.005228
0 0.827343 0.754753 0.009070 0.005228
0 0.875042 0.744772 0.009070 0.005228
0 0.875042 0.737167 0.009070 0.005228
0 0.890830 0.754753 0.009070 0.005228
0 0.938529 0.744772 0.009070 0.005228
0 0.938529 0.737167 0.009070 0.005228
0 0.117904 0.882129 0.009070 0.005228
0 0.169634 0.871911 0.009070 0.005228
0 0.169634 0.864306 0.009070 0.005228
0 0.185086 0.882129 0.009070 0.005228
0 0.231105 0.871911 0.009070 0.005228
0 0.231105 0.864306 0.009070 0.005228
0 0.246221 0.882129 0.009070 0.005228
0 0.292241 0.871911 0.009070 0.005228
0 0.292241 0.864306 0.009070 0.005228
0 0.317770 0.882129 0.009070 0.005228
0 0.367484 0.871911 0.009070 0.005228
0 0.367484 0.864306 0.009070 0.005228
0 0.382600 0.882129 0.009070 0.005228
0 0.428619 0.871911 0.009070 0.005228
0 0.428619 0.864306 0.009070 0.005228
0 0.444071 0.882129 0.009070 0.005228
0 0.490091 0.871911 0.009070 0.005228
0 0.490091 0.864306 0.009070 0.005228
0 0.515284 0.882129 0.009070 0.005228
0 0.560296 0.874525 0.009070 0.005228
0 0.560296 0.864306 0.009070 0.005228
0 0.575411 0.882129 0.009070 0.005228
0 0.620423 0.874525 0.009070 0.005228
0 0.620423 0.864306 0.009070 0.005228
0 0.635203 0.882129 0.009070 0.005228
0 0.680215 0.874525 0.009070 0.005228
0 0.680215 0.864306 0.009070 0.005228
0 0.705744 0.882129 0.009070 0.005228
0 0.750420 0.871911 0.009070 0.005228
0 0.750420 0.864306 0.009070 0.005228
0 0.765536 0.882129 0.009070 0.005228
0 0.810548 0.871911 0.009070 0.005228
0 0.810548 0.859316 0.009070 0.005228
0 0.825328 0.882129 0.009070 0.005228
0 0.870339 0.889734 0.009070 0.005228
0 0.903258 0.899715 0.009070 0.005228
0 0.133692 0.139021 0.009070 0.005228
0 0.133692 0.131654 0.009070 0.005228
0 0.153846 0.149240 0.009070 0.005228
0 0.153846 0.144249 0.009070 0.005228
0 0.201209 0.139021 0.009070 0.005228
0 0.201209 0.131654 0.009070 0.005228
0 0.216997 0.149240 0.009070 0.005228
0 0.216997 0.144249 0.009070 0.005228
0 0.264360 0.139021 0.009070 0.005228
0 0.264360 0.131654 0.009070 0.005228
0 0.280148 0.149240 0.009070 0.005228
0 0.280148 0.144249 0.009070 0.005228
0 0.348001 0.139021 0.009070 0.005228
0 0.348001 0.134030 0.009070 0.005228
0 0.363453 0.151854 0.009070 0.005228
0 0.363453 0.146625 0.009070 0.005228
0 0.409809 0.139021 0.009070 0.005228
0 0.409809 0.134030 0.009070 0.005228
0 0.425260 0.151854 0.009070 0.005228
0 0.425260 0.146625 0.009070 0.005228
0 0.471280 0.139021 0.009070 0.005228
0 0.471280 0.134030 0.009070 0.005228
0 0.486732 0.151854 0.009070 0.005228
0 0.486732 0.146625 0.009070 0.005228
0 0.558952 0.139021 0.009070 0.005228
0 0.558952 0.134030 0.009070 0.005228
0 0.579106 0.151854 0.009070 0.005228
0 0.579106 0.144249 0.009070 0.005228
0 0.627141 0.139021 0.009070 0.005228
0 0.627141 0.134030 0.009070 0.005228
0 0.643265 0.151854 0.009070 0.005228
0 0.643265 0.144249 0.009070 0.005228
0 0.691300 0.139021 0.009070 0.005228
0 0.691300 0.134030 0.009070 0.005228
0 0.707424 0.151854 0.009070 0.005228
0 0.707424 0.144249 0.009070 0.005228
0 0.771918 0.139021 0.009070 0.005228
0 0.771918 0.134030 0.009070 0.005228
0 0.791737 0.151854 0.009070 0.005228
0 0.791737 0.146625 0.009070 0.005228
0 0.840779 0.139021 0.009070 0.005228
0 0.840779 0.134030 0.009070 0.005228
0 0.856903 0.151854 0.009070 0.005228
0 0.856903 0.146625 0.009070 0.005228
0 0.905946 0.139021 0.009070 0.005228
0 0.905946 0.134030 0.009070 0.005228
0 0.922069 0.151854 0.009070 0.005228
0 0.922069 0.146625 0.009070 0.005228
0 0.144105 0.323194 0.009070 0.005228
0 0.144105 0.318203 0.009070 0.005228
0 0.171649 0.335789 0.009070 0.005228
0 0.171649 0.328184 0.009070 0.005228
0 0.221028 0.323194 0.009070 0.005228
0 0.221028 0.318203 0.009070 0.005228
0 0.236480 0.335789 0.009070 0.005228
0 0.236480 0.328184 0.009070 0.005228
0 0.282499 0.323194 0.009070 0.005228
0 0.282499 0.318203 0.009070 0.005228
0 0.297615 0.335789 0.009070 0.005228
0 0.297615 0.328184 0.009070 0.005228
0 0.364797 0.325808 0.009070 0.005228
0 0.364797 0.320580 0.009070 0.005228
0 0.392341 0.335789 0.009070 0.005228
0 0.392341 0.328184 0.009070 0.005228
0 0.436009 0.325808 0.009070 0.005228
0 0.436009 0.320580 0.009070 0.005228
0 0.450789 0.335789 0.009070 0.005228
0 0.450789 0.328184 0.009070 0.005228
0 0.494793 0.325808 0.009070 0.005228
0 0.494793 0.320580 0.009070 0.005228
0 0.509237 0.335789 0.009070 0.005228
0 0.509237 0.328184 0.009070 0.005228
0 0.572052 0.325808 0.009070 0.005228
0 0.572052 0.320580 0.009070 0.005228
0 0.592207 0.335789 0.009070 0.005228
0 0.592207 0.330798 0.009070 0.005228
0 0.636211 0.325808 0.009070 0.005228
0 0.636211 0.320580 0.009070 0.005228
0 0.650655 0.335789 0.009070 0.005228
0 0.650655 0.330798 0.009070 0.005228
0 0.694659 0.325808 0.009070 0.005228
0 0.694659 0.320580 0.009070 0.005228
0 0.709103 0.335789 0.009070 0.005228
0 0.709103 0.330798 0.009070 0.005228
0 0.771918 0.328184 0.009070 0.005228
0 0.771918 0.323194 0.009070 0.005228
0 0.792073 0.340779 0.009070 0.005228
0 0.792073 0.335789 0.009070 0.005228
0 0.848505 0.328184 0.009070 0.005228
0 0.848505 0.323194 0.009070 0.005228
0 0.863285 0.340779 0.009070 0.005228
0 0.863285 0.335789 0.009070 0.005228
0 0.908297 0.328184 0.009070 0.005228
0 0.908297 0.323194 0.009070 0.005228
0 0.923413 0.340779 0.009070 0.005228
0 0.923413 0.335789 0.009070 0.005228
0 0.134699 0.516635 0.009070 0.005228
0 0.143097 0.514259 0.009070 0.005228
0 0.164931 0.531844 0.009070 0.005228
0 0.164931 0.526854 0.009070 0.005228
0 0.215317 0.516635 0.009070 0.005228
0 0.223715 0.514259 0.009070 0.005228
0 0.234800 0.531844 0.009070 0.005228
0 0.234800 0.526854 0.009070 0.005228
0 0.285522 0.516635 0.009070 0.005228
0 0.293920 0.514259 0.009070 0.005228
0 0.305005 0.531844 0.009070 0.005228
0 0.305005 0.526854 0.009070 0.005228
0 0.367820 0.506654 0.009070 0.005228
0 0.367820 0.501663 0.009070 0.005228
0 0.382936 0.519249 0.009070 0.005228
0 0.382936 0.514259 0.009070 0.005228
0 0.429291 0.506654 0.009070 0.005228
0 0.429291 0.501663 0.009070 0.005228
0 0.444743 0.519249 0.009070 0.005228
0 0.444743 0.514259 0.009070 0.005228
0 0.490763 0.506654 0.009070 0.005228
0 0.490763 0.501663 0.009070 0.005228
0 0.506214 0.519249 0.009070 0.005228
0 0.506214 0.514259 0.009070 0.005228
0 0.570709 0.506654 0.009070 0.005228
0 0.570709 0.501663 0.009070 0.005228
0 0.597917 0.519249 0.009070 0.005228
0 0.597917 0.511644 0.009070 0.005228
0 0.645280 0.506654 0.009070 0.005228
0 0.645280 0.501663 0.009070 0.005228
0 0.661068 0.519249 0.009070 0.005228
0 0.661068 0.511644 0.009070 0.005228
0 0.708431 0.506654 0.009070 0.005228
0 0.708431 0.499049 0.009070 0.005228
0 0.724219 0.516635 0.009070 0.005228
0 0.724219 0.511644 0.009070 0.005228
0 0.784347 0.506654 0.009070 0.005228
0 0.784347 0.501663 0.009070 0.005228
0 0.799798 0.519249 0.009070 0.005228
0 0.799798 0.514259 0.009070 0.005228
0 0.846154 0.506654 0.009070 0.005228
0 0.846154 0.501663 0.009070 0.005228
0 0.861270 0.519249 0.009070 0.005228
0 0.861270 0.514259 0.009070 0.005228
0 0.907625 0.506654 0.009070 0.005228
0 0.907625 0.501663 0.009070 0.005228
0 0.923077 0.519249 0.009070 0.005228
0 0.923077 0.514259 0.009070 0.005228
0 0.134699 0.691778 0.009070 0.005228
0 0.134699 0.686549 0.009070 0.005228
0 0.151495 0.704373 0.009070 0.005228
0 0.151495 0.696768 0.009070 0.005228
0 0.201881 0.691778 0.009070 0.005228
0 0.201881 0.686549 0.009070 0.005228
0 0.218677 0.704373 0.009070 0.005228
0 0.218677 0.696768 0.009070 0.005228
0 0.271414 0.691778 0.009070 0.005228
0 0.271414 0.686549 0.009070 0.005228
0 0.291569 0.704373 0.009070 0.005228
0 0.291569 0.696768 0.009070 0.005228
0 0.360094 0.691778 0.009070 0.005228
0 0.360094 0.686549 0.009070 0.005228
0 0.375882 0.704373 0.009070 0.005228
0 0.375882 0.699382 0.009070 0.005228
0 0.423917 0.691778 0.009070 0.005228
0 0.423917 0.686549 0.009070 0.005228
0 0.439704 0.704373 0.009070 0.005228
0 0.439704 0.699382 0.009070 0.005228
0 0.487403 0.691778 0.009070 0.005228
0 0.487403 0.686549 0.009070 0.005228
0 0.503527 0.704373 0.009070 0.005228
0 0.503527 0.699382 0.009070 0.005228
0 0.564327 0.689163 0.009070 0.005228
0 0.564327 0.684173 0.009070 0.005228
0 0.580114 0.701759 0.009070 0.005228
0 0.580114 0.694154 0.009070 0.005228
0 0.627477 0.689163 0.009070 0.005228
0 0.627477 0.684173 0.009070 0.005228
0 0.643601 0.701759 0.009070 0.005228
0 0.643601 0.694154 0.009070 0.005228
0 0.690964 0.689163 0.009070 0.005228
0 0.690964 0.684173 0.009070 0.005228
0 0.706752 0.701759 0.009070 0.005228
0 0.706752 0.694154 0.009070 0.005228
0 0.779980 0.691778 0.009070 0.005228
0 0.779980 0.686549 0.009070 0.005228
0 0.795768 0.704373 0.009070 0.005228
0 0.795768 0.699382 0.009070 0.005228
0 0.843131 0.691778 0.009070 0.005228
0 0.843131 0.686549 0.009070 0.005228
0 0.859254 0.704373 0.009070 0.005228
0 0.859254 0.699382 0.009070 0.005228
0 0.906617 0.691778 0.009070 0.005228
0 0.906617 0.686549 0.009070 0.005228
0 0.922405 0.704373 0.009070 0.005228
0 0.922405 0.699382 0.009070 0.005228
0 0.133356 0.811787 0.009070 0.005228
0 0.133356 0.806797 0.009070 0.005228
0 0.154518 0.824382 0.009070 0.005228
0 0.154518 0.819392 0.009070 0.005228
0 0.200202 0.811787 0.009070 0.005228
0 0.200202 0.806797 0.009070 0.005228
0 0.215653 0.824382 0.009070 0.005228
0 0.215653 0.819392 0.009070 0.005228
0 0.261673 0.811787 0.009070 0.005228
0 0.261673 0.806797 0.009070 0.005228
0 0.277125 0.824382 0.009070 0.005228
0 0.277125 0.819392 0.009070 0.005228
0 0.332885 0.811787 0.009070 0.005228
0 0.332885 0.806797 0.009070 0.005228
0 0.352032 0.824382 0.009070 0.005228
0 0.352032 0.819392 0.009070 0.005228
0 0.398052 0.811787 0.009070 0.005228
0 0.398052 0.806797 0.009070 0.005228
0 0.413504 0.824382 0.009070 0.005228
0 0.413504 0.819392 0.009070 0.005228
0 0.459523 0.811787 0.009070 0.005228
0 0.459523 0.806797 0.009070 0.005228
0 0.474639 0.824382 0.009070 0.005228
0 0.474639 0.819392 0.009070 0.005228
0 0.530400 0.811787 0.009070 0.005228
0 0.530400 0.806797 0.009070 0.005228
0 0.545516 0.824382 0.009070 0.005228
0 0.545516 0.816778 0.009070 0.005228
0 0.590191 0.811787 0.009070 0.005228
0 0.590191 0.806797 0.009070 0.005228
0 0.605307 0.824382 0.009070 0.005228
0 0.605307 0.816778 0.009070 0.005228
0 0.650319 0.811787 0.009070 0.005228
0 0.650319 0.806797 0.009070 0.005228
0 0.665099 0.824382 0.009070 0.005228
0 0.665099 0.816778 0.009070 0.005228
0 0.720524 0.811787 0.009070 0.005228
0 0.720524 0.806797 0.009070 0.005228
0 0.735640 0.824382 0.009070 0.005228
0 0.735640 0.819392 0.009070 0.005228
0 0.780652 0.811787 0.009070 0.005228
0 0.780652 0.806797 0.009070 0.005228
0 0.795432 0.824382 0.009070 0.005228
0 0.795432 0.819392 0.009070 0.005228
0 0.840443 0.811787 0.009070 0.005228
0 0.840443 0.806797 0.009070 0.005228
0 0.855559 0.824382 0.009070 0.005228
0 0.855559 0.819392 0.009070 0.005228
0 0.248572 0.076521 0.009070 0.005228
0 0.332550 0.076521 0.009070 0.005228
0 0.455828 0.076521 0.009070 0.005228
0 0.542828 0.076521 0.009070 0.005228
0 0.643265 0.076521 0.009070 0.005228
0 0.675176 0.076521 0.009070 0.005228
0 0.752771 0.071293 0.009070 0.005228
0 0.125294 0.259268 0.009070 0.005228
0 0.267047 0.259268 0.009070 0.005228
0 0.297615 0.259268 0.009070 0.005228
0 0.345986 0.256654 0.009070 0.005228
0 0.480013 0.256654 0.009070 0.005228
0 0.553242 0.254040 0.009070 0.005228
0 0.679879 0.256654 0.009070 0.005228
0 0.753107 0.259268 0.009070 0.005228
0 0.117904 0.443203 0.009070 0.005228
0 0.268391 0.443203 0.009070 0.005228
0 0.352368 0.443203 0.009070 0.005228
0 0.475647 0.443203 0.009070 0.005228
0 0.554921 0.440827 0.009070 0.005228
0 0.692644 0.445817 0.009070 0.005228
0 0.768895 0.443203 0.009070 0.005228
0 0.117904 0.626663 0.009070 0.005228
0 0.254619 0.629278 0.009070 0.005228
0 0.291569 0.631654 0.009070 0.005228
0 0.344306 0.634268 0.009070 0.005228
0 0.439704 0.636882 0.009070 0.005228
0 0.471616 0.639259 0.009070 0.005228
0 0.548203 0.641873 0.009070 0.005228
0 0.675176 0.639259 0.009070 0.005228
0 0.763856 0.644249 0.009070 0.005228
