0 0.169298 0.279468 0.009070 0.004990
0 0.169298 0.262833 0.009070 0.004990
0 0.277796 0.269962 0.009070 0.004990
0 0.391669 0.279468 0.009070 0.004990
0 0.391669 0.262833 0.009070 0.004990
0 0.491098 0.262833 0.009070 0.004990
0 0.491098 0.253327 0.009070 0.004990
0 0.591199 0.272338 0.009070 0.004990
0 0.591199 0.255703 0.009070 0.004990
0 0.677528 0.267586 0.009070 0.004990
0 0.677528 0.251188 0.009070 0.004990
0 0.795432 0.260456 0.009070 0.004990
0 0.795432 0.251188 0.009070 0.004990
0 0.875378 0.269962 0.009070 0.004990
0 0.875378 0.253327 0.009070 0.004990
0 0.166947 0.515209 0.008734 0.004990
0 0.166947 0.505703 0.008734 0.004990
0 0.208935 0.522338 0.008734 0.004990
0 0.208935 0.505703 0.008734 0.004990
0 0.251260 0.512833 0.008734 0.004990
0 0.251260 0.505703 0.008734 0.004990
0 0.293248 0.522338 0.008734 0.004990
0 0.293248 0.505703 0.008734 0.004990
0 0.369499 0.515209 0.008734 0.004990
0 0.383608 0.505703 0.008734 0.004990
0 0.397380 0.498812 0.008734 0.004990
0 0.411488 0.494059 0.008734 0.004990
0 0.425260 0.498812 0.008734 0.004990
0 0.439368 0.505703 0.008734 0.004990
0 0.453477 0.519962 0.008734 0.004990
0 0.467249 0.503327 0.008734 0.004990
0 0.481357 0.498812 0.008734 0.004990
0 0.495465 0.494059 0.008734 0.004990
0 0.509237 0.498812 0.008734 0.004990
0 0.523346 0.503327 0.008734 0.004990
0 0.552570 0.510456 0.008734 0.004990
0 0.569029 0.500951 0.008734 0.004990
0 0.585489 0.496435 0.008734 0.004990
0 0.601948 0.494059 0.008734 0.004990
0 0.618744 0.496435 0.008734 0.004990
0 0.644945 0.500951 0.008734 0.004990
0 0.661404 0.510456 0.008734 0.004990
0 0.677864 0.500951 0.008734 0.004990
0 0.694323 0.496435 0.008734 0.004990
0 0.711119 0.494059 0.008734 0.004990
0 0.727578 0.496435 0.008734 0.004990
0 0.750084 0.500951 0.008734 0.004990
0 0.775949 0.519962 0.008734 0.004990
0 0.790393 0.510456 0.008734 0.004990
0 0.804501 0.503327 0.008734 0.004990
0 0.818945 0.498812 0.008734 0.004990
0 0.833389 0.503327 0.008734 0.004990
0 0.854216 0.510456 0.008734 0.004990
0 0.868660 0.519962 0.008734 0.004990
0 0.882768 0.510456 0.008734 0.004990
0 0.897212 0.503327 0.008734 0.004990
0 0.911656 0.498812 0.008734 0.004990
0 0.925764 0.503327 0.008734 0.004990
0 0.940208 0.510456 0.008734 0.004990
0 0.169298 0.789449 0.009070 0.004990
0 0.169298 0.773051 0.009070 0.004990
0 0.298287 0.787072 0.009070 0.004990
0 0.298287 0.770675 0.009070 0.004990
0 0.458851 0.779943 0.008734 0.004990
0 0.476990 0.770675 0.008734 0.004990
0 0.495465 0.763546 0.008734 0.004990
0 0.513604 0.758793 0.008734 0.004990
0 0.531743 0.763546 0.008734 0.004990
0 0.550218 0.770675 0.008734 0.004990
0 0.568357 0.784696 0.008734 0.004990
0 0.586496 0.768298 0.008734 0.004990
0 0.604971 0.763546 0.008734 0.004990
0 0.623111 0.758793 0.008734 0.004990
0 0.641250 0.763546 0.008734 0.004990
0 0.659725 0.768298 0.008734 0.004990
0 0.691636 0.775428 0.008734 0.004990
0 0.712462 0.765922 0.008734 0.004990
0 0.733289 0.761169 0.008734 0.004990
0 0.754451 0.758793 0.008734 0.004990
0 0.775277 0.761169 0.008734 0.004990
0 0.804165 0.765922 0.008734 0.004990
0 0.824992 0.775428 0.008734 0.004990
0 0.845818 0.765922 0.008734 0.004990
0 0.866644 0.761169 0.008734 0.004990
0 0.887807 0.758793 0.008734 0.004990
0 0.908633 0.761169 0.008734 0.004990
0 0.934834 0.765922 0.008734 0.004990
0 0.169634 0.189876 0.008734 0.004990
0 0.169634 0.185124 0.008734 0.004990
0 0.194827 0.196768 0.008734 0.004990
0 0.194827 0.180371 0.008734 0.004990
0 0.219684 0.189876 0.008734 0.004990
0 0.219684 0.185124 0.008734 0.004990
0 0.244877 0.196768 0.008734 0.004990
0 0.244877 0.180371 0.008734 0.004990
0 0.277796 0.187500 0.008734 0.004990
0 0.277796 0.182747 0.008734 0.004990
0 0.302990 0.196768 0.008734 0.004990
0 0.302990 0.180371 0.008734 0.004990
0 0.328183 0.187500 0.008734 0.004990
0 0.328183 0.182747 0.008734 0.004990
0 0.356399 0.196768 0.008734 0.004990
0 0.356399 0.180371 0.008734 0.004990
0 0.392005 0.189876 0.008734 0.004990
0 0.392005 0.185124 0.008734 0.004990
0 0.413168 0.196768 0.008734 0.004990
0 0.413168 0.180371 0.008734 0.004990
0 0.434330 0.189876 0.008734 0.004990
0 0.434330 0.185124 0.008734 0.004990
0 0.455828 0.196768 0.008734 0.004990
0 0.455828 0.180371 0.008734 0.004990
0 0.491434 0.213403 0.008734 0.004990
0 0.491434 0.208650 0.008734 0.004990
0 0.512597 0.218156 0.008734 0.004990
0 0.512597 0.203897 0.008734 0.004990
0 0.534095 0.213403 0.008734 0.004990
0 0.534095 0.208650 0.008734 0.004990
0 0.555257 0.218156 0.008734 0.004990
0 0.555257 0.203897 0.008734 0.004990
0 0.591535 0.211027 0.008734 0.004990
0 0.591535 0.206274 0.008734 0.004990
0 0.611354 0.218156 0.008734 0.004990
0 0.611354 0.201521 0.008734 0.004990
0 0.631508 0.211027 0.008734 0.004990
0 0.631508 0.206274 0.008734 0.004990
0 0.651663 0.218156 0.008734 0.004990
0 0.651663 0.201521 0.008734 0.004990
0 0.677864 0.208650 0.008734 0.004990
0 0.685925 0.206274 0.008734 0.004990
0 0.705744 0.213403 0.008734 0.004990
0 0.705744 0.201521 0.008734 0.004990
0 0.725563 0.208650 0.008734 0.004990
0 0.733624 0.206274 0.008734 0.004990
0 0.745717 0.213403 0.008734 0.004990
0 0.745717 0.201521 0.008734 0.004990
0 0.795432 0.211027 0.008734 0.004990
0 0.795432 0.206274 0.008734 0.004990
0 0.815586 0.215779 0.008734 0.004990
0 0.815586 0.201521 0.008734 0.004990
0 0.835741 0.211027 0.008734 0.004990
0 0.835741 0.206274 0.008734 0.004990
0 0.855559 0.215779 0.008734 0.004990
0 0.855559 0.201521 0.008734 0.004990
0 0.875714 0.211027 0.008734 0.004990
0 0.883440 0.208650 0.008734 0.004990
0 0.895532 0.215779 0.008734 0.004990
0 0.895532 0.203897 0.008734 0.004990
0 0.915687 0.211027 0.008734 0.004990
0 0.923413 0.208650 0.008734 0.004990
0 0.935506 0.203897 0.008734 0.004990
0 0.188109 0.470295 0.008734 0.004990
0 0.188109 0.465779 0.008734 0.004990
0 0.188109 0.461027 0.008734 0.004990
0 0.188109 0.453897 0.008734 0.004990
0 0.208935 0.470295 0.008734 0.004990
0 0.208935 0.465779 0.008734 0.004990
0 0.208935 0.461027 0.008734 0.004990
0 0.208935 0.453897 0.008734 0.004990
0 0.230097 0.470295 0.008734 0.004990
0 0.230097 0.465779 0.008734 0.004990
0 0.230097 0.461027 0.008734 0.004990
0 0.230097 0.453897 0.008734 0.004990
0 0.272422 0.468156 0.008734 0.004990
0 0.272422 0.463403 0.008734 0.004990
0 0.280148 0.461027 0.008734 0.004990
0 0.272422 0.456274 0.008734 0.004990
0 0.293248 0.468156 0.008734 0.004990
0 0.293248 0.463403 0.008734 0.004990
0 0.301310 0.461027 0.008734 0.004990
0 0.293248 0.456274 0.008734 0.004990
0 0.314410 0.468156 0.008734 0.004990
0 0.314410 0.463403 0.008734 0.004990
0 0.322472 0.461027 0.008734 0.004990
0 0.314410 0.456274 0.008734 0.004990
0 0.369499 0.465779 0.008734 0.004990
0 0.369499 0.453897 0.008734 0.004990
0 0.495465 0.453897 0.008734 0.004990
0 0.495465 0.449144 0.008734 0.004990
0 0.552570 0.453897 0.008734 0.004990
0 0.552570 0.449144 0.008734 0.004990
0 0.601948 0.456274 0.008734 0.004990
0 0.601948 0.451521 0.008734 0.004990
0 0.629157 0.458650 0.008734 0.004990
0 0.629157 0.453897 0.008734 0.004990
0 0.661404 0.461027 0.008734 0.004990
0 0.661404 0.456274 0.008734 0.004990
0 0.711119 0.458650 0.008734 0.004990
0 0.711119 0.453897 0.008734 0.004990
0 0.739671 0.456274 0.008734 0.004990
0 0.739671 0.451521 0.008734 0.004990
0 0.775949 0.458650 0.008734 0.004990
0 0.775949 0.453897 0.008734 0.004990
0 0.843802 0.461027 0.008734 0.004990
0 0.843802 0.456274 0.008734 0.004990
0 0.868660 0.458650 0.008734 0.004990
0 0.911656 0.458650 0.008734 0.004990
0 0.911656 0.453897 0.008734 0.004990
0 0.169634 0.728137 0.008734 0.004990
0 0.169634 0.723384 0.008734 0.004990
0 0.190124 0.718631 0.008734 0.004990
0 0.210951 0.711740 0.008734 0.004990
0 0.231441 0.728137 0.008734 0.004990
0 0.231441 0.723384 0.008734 0.004990
0 0.251931 0.718631 0.008734 0.004990
0 0.277796 0.714116 0.008734 0.004990
0 0.298287 0.728137 0.008734 0.004990
0 0.306349 0.725760 0.008734 0.004990
0 0.319113 0.718631 0.008734 0.004990
0 0.339604 0.716492 0.008734 0.004990
0 0.360094 0.728137 0.008734 0.004990
0 0.368156 0.725760 0.008734 0.004990
0 0.380920 0.721008 0.008734 0.004990
0 0.406449 0.716492 0.008734 0.004990
0 0.458515 0.730513 0.009070 0.004990
0 0.458515 0.718631 0.009070 0.004990
0 0.623111 0.718631 0.008734 0.004990
0 0.623111 0.714116 0.008734 0.004990
0 0.691636 0.718631 0.008734 0.004990
0 0.691636 0.714116 0.008734 0.004990
0 0.754451 0.721008 0.008734 0.004990
0 0.754451 0.716492 0.008734 0.004990
0 0.788378 0.723384 0.008734 0.004990
0 0.788378 0.718631 0.008734 0.004990
0 0.824992 0.725760 0.008734 0.004990
0 0.824992 0.721008 0.008734 0.004990
0 0.887807 0.723384 0.008734 0.004990
0 0.887807 0.718631 0.008734 0.004990
0 0.921733 0.721008 0.008734 0.004990
0 0.921733 0.716492 0.008734 0.004990
0 0.169634 0.133555 0.008734 0.004990
0 0.219684 0.140684 0.008734 0.004990
0 0.244877 0.140684 0.008734 0.004990
0 0.277796 0.135932 0.008734 0.004990
0 0.328183 0.138308 0.008734 0.004990
0 0.356399 0.140684 0.008734 0.004990
0 0.392005 0.145437 0.008734 0.004990
0 0.455828 0.140684 0.008734 0.004990
0 0.491434 0.133555 0.008734 0.004990
0 0.555257 0.135932 0.008734 0.004990
0 0.591535 0.138308 0.008734 0.004990
0 0.651663 0.138308 0.008734 0.004990
0 0.677864 0.133555 0.008734 0.004990
0 0.745717 0.133555 0.008734 0.004990
0 0.795432 0.131179 0.008734 0.004990
0 0.835741 0.133555 0.008734 0.004990
0 0.875714 0.135932 0.008734 0.004990
0 0.915687 0.135932 0.008734 0.004990
0 0.166947 0.396863 0.008734 0.004990
0 0.230097 0.396863 0.008734 0.004990
0 0.251260 0.396863 0.008734 0.004990
0 0.272422 0.399240 0.008734 0.004990
0 0.293248 0.401616 0.008734 0.004990
0 0.314410 0.399240 0.008734 0.004990
0 0.369164 0.396863 0.009070 0.004990
0 0.495465 0.396863 0.008734 0.004990
0 0.552570 0.396863 0.008734 0.004990
0 0.601948 0.399240 0.008734 0.004990
0 0.629157 0.401616 0.008734 0.004990
0 0.661404 0.403992 0.008734 0.004990
0 0.711119 0.401616 0.008734 0.004990
0 0.739671 0.399240 0.008734 0.004990
0 0.775949 0.401616 0.008734 0.004990
0 0.843802 0.403992 0.008734 0.004990
0 0.868660 0.401616 0.008734 0.004990
0 0.911656 0.401616 0.008734 0.004990
0 0.169634 0.666350 0.008734 0.004990
0 0.265032 0.661597 0.008734 0.004990
0 0.298287 0.661597 0.008734 0.004990
0 0.360094 0.663973 0.008734 0.004990
0 0.458515 0.661597 0.009070 0.004990
0 0.623111 0.661597 0.008734 0.004990
0 0.691636 0.661597 0.008734 0.004990
0 0.754451 0.663973 0.008734 0.004990
0 0.788378 0.666350 0.008734 0.004990
0 0.824992 0.668726 0.008734 0.004990
0 0.887807 0.666350 0.008734 0.004990
0 0.921733 0.663973 0.008734 0.004990
0 0.169634 0.073432 0.008734 0.004990
0 0.219684 0.080561 0.008734 0.004990
0 0.244877 0.078184 0.008734 0.004990
0 0.277796 0.073432 0.008734 0.004990
0 0.302990 0.075808 0.008734 0.004990
0 0.328183 0.082937 0.008734 0.004990
0 0.356399 0.080561 0.008734 0.004990
0 0.392005 0.078184 0.008734 0.004990
0 0.455828 0.075808 0.008734 0.004990
0 0.491434 0.078184 0.008734 0.004990
0 0.555257 0.078184 0.008734 0.004990
0 0.591535 0.078184 0.008734 0.004990
0 0.651663 0.071055 0.008734 0.004990
0 0.677864 0.071055 0.008734 0.004990
0 0.745717 0.073432 0.008734 0.004990
0 0.795432 0.075808 0.009070 0.004990
0 0.915687 0.075808 0.008734 0.004990
0 0.166947 0.338403 0.008734 0.004990
0 0.230097 0.338403 0.008734 0.004990
0 0.251260 0.338403 0.008734 0.004990
0 0.272422 0.340779 0.008734 0.004990
0 0.293248 0.342918 0.008734 0.004990
0 0.314410 0.340779 0.008734 0.004990
0 0.369164 0.342918 0.009070 0.004990
0 0.495465 0.338403 0.008734 0.004990
0 0.552570 0.338403 0.008734 0.004990
0 0.601948 0.340779 0.008734 0.004990
0 0.629157 0.342918 0.008734 0.004990
0 0.661404 0.345295 0.008734 0.004990
0 0.711119 0.342918 0.008734 0.004990
0 0.739671 0.340779 0.008734 0.004990
0 0.775949 0.342918 0.008734 0.004990
0 0.843802 0.345295 0.008734 0.004990
0 0.868660 0.347671 0.008734 0.004990
0 0.911656 0.342918 0.008734 0.004990
0 0.169634 0.588403 0.008734 0.004990
0 0.265032 0.590542 0.008734 0.004990
0 0.298287 0.592918 0.008734 0.004990
0 0.360094 0.590542 0.008734 0.004990
0 0.393685 0.592918 0.008734 0.004990
0 0.458515 0.595295 0.009070 0.004990
0 0.623111 0.590542 0.008734 0.004990
0 0.691636 0.590542 0.008734 0.004990
0 0.754451 0.592918 0.008734 0.004990
0 0.788378 0.595295 0.008734 0.004990
0 0.824992 0.597671 0.008734 0.004990
0 0.887807 0.595295 0.008734 0.004990
0 0.921733 0.592918 0.008734 0.004990
