0 0.510917 0.652567 0.009070 0.005466
0 0.510917 0.642586 0.009070 0.005466
0 0.590527 0.655181 0.009070 0.005466
0 0.590527 0.645200 0.009070 0.005466
0 0.365469 0.425380 0.009070 0.005466
0 0.365469 0.420152 0.009070 0.005466
0 0.365469 0.415162 0.009070 0.005466
0 0.424924 0.427757 0.009070 0.005466
0 0.433658 0.425380 0.009070 0.005466
0 0.433658 0.415162 0.009070 0.005466
0 0.515956 0.425380 0.009070 0.005466
0 0.515956 0.412548 0.009070 0.005466
0 0.515956 0.402567 0.009070 0.005466
0 0.588848 0.430371 0.009070 0.005466
0 0.588848 0.420152 0.009070 0.005466
0 0.588848 0.407557 0.009070 0.005466
0 0.666107 0.372148 0.009070 0.005466
0 0.666107 0.367158 0.009070 0.005466
0 0.666107 0.362167 0.009070 0.005466
0 0.730937 0.374762 0.009070 0.005466
0 0.739335 0.372148 0.009070 0.005466
0 0.739335 0.362167 0.009070 0.005466
0 0.832382 0.377376 0.009070 0.005466
0 0.832382 0.372148 0.009070 0.005466
0 0.832382 0.364544 0.009070 0.005466
0 0.914343 0.382367 0.009070 0.005466
0 0.914343 0.377376 0.009070 0.005466
0 0.914343 0.369772 0.009070 0.005466
0 0.145113 0.652567 0.009070 0.005466
0 0.231105 0.655181 0.009070 0.005466
0 0.323144 0.657795 0.009070 0.005466
0 0.386295 0.662785 0.009070 0.005466
0 0.471280 0.665399 0.009070 0.005466
0 0.550890 0.667776 0.009070 0.005466
0 0.641250 0.670390 0.009070 0.005466
0 0.672153 0.657795 0.009070 0.005466
0 0.672153 0.647576 0.009070 0.005466
0 0.710783 0.652567 0.009070 0.005466
0 0.741686 0.647576 0.009070 0.005466
0 0.741686 0.639971 0.009070 0.005466
0 0.788378 0.645200 0.009070 0.005466
0 0.829023 0.650190 0.009070 0.005466
0 0.869667 0.655181 0.009070 0.005466
0 0.909976 0.667776 0.009070 0.005466
0 0.909976 0.655181 0.009070 0.005466
0 0.147464 0.902091 0.009070 0.005466
0 0.147464 0.889496 0.009070 0.005466
0 0.262009 0.874287 0.009070 0.005466
0 0.311387 0.874287 0.009070 0.005466
0 0.401075 0.889496 0.009070 0.005466
0 0.401075 0.879515 0.009070 0.005466
0 0.401075 0.871911 0.009070 0.005466
0 0.503863 0.881892 0.009070 0.005466
0 0.503863 0.871911 0.009070 0.005466
0 0.578099 0.899715 0.009070 0.005466
0 0.578099 0.881892 0.009070 0.005466
0 0.600941 0.904705 0.009070 0.005466
0 0.600941 0.886882 0.009070 0.005466
0 0.623782 0.907319 0.009070 0.005466
0 0.623782 0.889496 0.009070 0.005466
0 0.657709 0.904705 0.009070 0.005466
0 0.657709 0.886882 0.009070 0.005466
0 0.915351 0.889496 0.009070 0.005466
0 0.915351 0.874287 0.009070 0.005466
0 0.915351 0.861692 0.009070 0.005466
0 0.636211 0.164686 0.009070 0.005466
0 0.693651 0.169914 0.009070 0.005466
0 0.335237 0.372148 0.009070 0.005466
0 0.365469 0.372148 0.009070 0.005466
0 0.384279 0.372148 0.009070 0.005466
0 0.403426 0.362167 0.009070 0.005466
0 0.452469 0.367158 0.009070 0.005466
0 0.145113 0.586977 0.009070 0.005466
0 0.687941 0.843869 0.009070 0.005466
0 0.687941 0.838641 0.009070 0.005466
0 0.687941 0.833650 0.009070 0.005466
0 0.756130 0.848859 0.009070 0.005466
0 0.756130 0.838641 0.009070 0.005466
0 0.756130 0.833650 0.009070 0.005466
0 0.756130 0.826046 0.009070 0.005466
0 0.840443 0.848859 0.009070 0.005466
0 0.840443 0.836264 0.009070 0.005466
0 0.840443 0.826046 0.009070 0.005466
0 0.388982 0.182510 0.009070 0.005466
0 0.429291 0.187500 0.009741 0.005466
0 0.539133 0.187500 0.009070 0.005466
0 0.590191 0.187500 0.009070 0.005466
0 0.636211 0.182510 0.009070 0.005466
0 0.693651 0.187500 0.009741 0.005466
0 0.830030 0.187500 0.009070 0.005466
0 0.877729 0.187500 0.009070 0.005466
0 0.921061 0.182510 0.009070 0.005466
0 0.144777 0.349572 0.009070 0.005466
0 0.181055 0.354563 0.009070 0.005466
0 0.199866 0.354563 0.009070 0.005466
0 0.249580 0.354563 0.009741 0.005466
0 0.335237 0.354563 0.009070 0.005466
0 0.479678 0.364544 0.009070 0.005466
0 0.497817 0.362167 0.009070 0.005466
0 0.515956 0.359553 0.009070 0.005466
0 0.534095 0.364544 0.009070 0.005466
0 0.552234 0.367158 0.009070 0.005466
0 0.570709 0.369772 0.009070 0.005466
0 0.588848 0.372148 0.009070 0.005466
0 0.606987 0.374762 0.009070 0.005466
0 0.633524 0.372148 0.009070 0.005466
0 0.633524 0.354563 0.009070 0.005466
0 0.666107 0.354563 0.009070 0.005466
0 0.686261 0.354563 0.009070 0.005466
0 0.706752 0.344344 0.009070 0.005466
0 0.759825 0.349572 0.009070 0.005466
0 0.791065 0.346958 0.009070 0.005466
0 0.811555 0.344344 0.009070 0.005466
0 0.832382 0.341968 0.009070 0.005466
0 0.852872 0.346958 0.009070 0.005466
0 0.873362 0.349572 0.009070 0.005466
0 0.893853 0.351949 0.009070 0.005466
0 0.914343 0.354563 0.009070 0.005466
0 0.934834 0.357177 0.009070 0.005466
0 0.178032 0.612167 0.009070 0.005466
0 0.178032 0.599572 0.009070 0.005466
0 0.178032 0.594582 0.009070 0.005466
0 0.264360 0.612167 0.009070 0.005466
0 0.264360 0.604800 0.009070 0.005466
0 0.264360 0.594582 0.009070 0.005466
0 0.354720 0.617395 0.009070 0.005466
0 0.354720 0.604800 0.009070 0.005466
0 0.354720 0.599572 0.009070 0.005466
0 0.418206 0.609791 0.009070 0.005466
0 0.418206 0.604800 0.009070 0.005466
0 0.426604 0.602186 0.009070 0.005466
0 0.510917 0.604800 0.009070 0.005466
0 0.590527 0.607177 0.009070 0.005466
0 0.641250 0.609791 0.009070 0.005466
0 0.672153 0.609791 0.009070 0.005466
0 0.691300 0.609791 0.009070 0.005466
0 0.710783 0.599572 0.009070 0.005466
0 0.760833 0.604800 0.009070 0.005466
0 0.788378 0.602186 0.009070 0.005466
0 0.808868 0.599572 0.009070 0.005466
0 0.829023 0.609791 0.009070 0.005466
0 0.829023 0.597196 0.009070 0.005466
0 0.849177 0.602186 0.009070 0.005466
0 0.869667 0.604800 0.009070 0.005466
0 0.889822 0.607177 0.009070 0.005466
0 0.909976 0.617395 0.009070 0.005466
0 0.909976 0.609791 0.009070 0.005466
0 0.935170 0.612167 0.009070 0.005466
0 0.147464 0.848859 0.009070 0.005466
0 0.147464 0.841255 0.009070 0.005466
0 0.262009 0.836264 0.009070 0.005466
0 0.262009 0.831036 0.009070 0.005466
0 0.262009 0.823669 0.009070 0.005466
0 0.311387 0.836264 0.009070 0.005466
0 0.319785 0.833650 0.009070 0.005466
0 0.311387 0.823669 0.009070 0.005466
0 0.401075 0.836264 0.009070 0.005466
0 0.401075 0.831036 0.009070 0.005466
0 0.401075 0.826046 0.009070 0.005466
0 0.401075 0.818441 0.009070 0.005466
0 0.503863 0.833650 0.009070 0.005466
0 0.503863 0.828660 0.009070 0.005466
0 0.503863 0.816065 0.009070 0.005466
0 0.657709 0.826046 0.009070 0.005466
0 0.687941 0.826046 0.009070 0.005466
0 0.707088 0.826046 0.009070 0.005466
0 0.725899 0.816065 0.009070 0.005466
0 0.775277 0.821055 0.009070 0.005466
0 0.803158 0.818441 0.009070 0.005466
0 0.821968 0.816065 0.009070 0.005466
0 0.840443 0.813451 0.009070 0.005466
0 0.859254 0.818441 0.009070 0.005466
0 0.878065 0.821055 0.009070 0.005466
0 0.896876 0.823669 0.009070 0.005466
0 0.915351 0.826046 0.009070 0.005466
0 0.936849 0.828660 0.009070 0.005466
0 0.145113 0.521625 0.009070 0.005466
0 0.198858 0.521625 0.009070 0.005466
0 0.231105 0.529230 0.009070 0.005466
0 0.323144 0.534221 0.009070 0.005466
0 0.418206 0.536835 0.009070 0.005466
0 0.437689 0.536835 0.009070 0.005466
0 0.471280 0.539211 0.009070 0.005466
0 0.510917 0.536835 0.009070 0.005466
0 0.550890 0.534221 0.009070 0.005466
0 0.590527 0.526616 0.009070 0.005466
0 0.641250 0.526616 0.009741 0.005466
0 0.788378 0.526616 0.009070 0.005466
0 0.909976 0.536835 0.009070 0.005466
0 0.147464 0.771625 0.009070 0.005466
0 0.189788 0.766635 0.009070 0.005466
0 0.225731 0.759030 0.009070 0.005466
0 0.311387 0.759030 0.009070 0.005466
0 0.356063 0.756654 0.009070 0.005466
0 0.401075 0.754040 0.009070 0.005466
0 0.445751 0.749049 0.009070 0.005466
0 0.503863 0.751426 0.009070 0.005466
0 0.526705 0.756654 0.009070 0.005466
0 0.555257 0.759030 0.009070 0.005466
0 0.578099 0.761644 0.009070 0.005466
0 0.657709 0.761644 0.009070 0.005466
