0 0.132012 0.225523 0.013436 0.005228
0 0.550554 0.225523 0.013436 0.005228
0 0.132012 0.454848 0.013436 0.005228
0 0.546187 0.457462 0.009405 0.005228
0 0.546187 0.450095 0.009405 0.005228
0 0.546187 0.445105 0.009405 0.005228
0 0.750756 0.457462 0.009405 0.005228
0 0.750756 0.452471 0.009405 0.005228
0 0.750756 0.447719 0.009405 0.005228
0 0.129997 0.680608 0.009405 0.005228
0 0.129997 0.673241 0.009405 0.005228
0 0.129997 0.668489 0.009405 0.005228
0 0.333221 0.680608 0.009405 0.005228
0 0.333221 0.673241 0.009405 0.005228
0 0.333221 0.668489 0.009405 0.005228
0 0.547531 0.680608 0.009405 0.005228
0 0.547531 0.670865 0.009405 0.005228
0 0.751428 0.680608 0.009405 0.005228
0 0.751428 0.675618 0.009405 0.005228
0 0.133356 0.907319 0.009405 0.005228
0 0.133356 0.897576 0.009405 0.005228
0 0.333221 0.907319 0.009405 0.005228
0 0.333221 0.897576 0.009405 0.005228
0 0.132012 0.215779 0.009070 0.005228
0 0.182734 0.213403 0.009070 0.005228
0 0.233121 0.215779 0.009070 0.005228
0 0.283843 0.213403 0.009070 0.005228
0 0.334565 0.215779 0.009070 0.005228
0 0.384951 0.213403 0.009070 0.005228
0 0.435673 0.215779 0.009070 0.005228
0 0.486396 0.213403 0.009070 0.005228
0 0.550554 0.215779 0.009070 0.005228
0 0.601276 0.213403 0.009070 0.005228
0 0.651999 0.215779 0.009070 0.005228
0 0.702385 0.218156 0.009070 0.005228
0 0.753107 0.220770 0.009070 0.005228
0 0.803829 0.218156 0.009070 0.005228
0 0.854216 0.220770 0.009070 0.005228
0 0.904938 0.218156 0.009070 0.005228
0 0.132012 0.445105 0.009070 0.005228
0 0.182062 0.447719 0.009070 0.005228
0 0.232113 0.450095 0.009070 0.005228
0 0.282163 0.447719 0.009070 0.005228
0 0.332214 0.445105 0.009070 0.005228
0 0.382264 0.442728 0.009070 0.005228
0 0.432314 0.445105 0.009070 0.005228
0 0.482365 0.442728 0.009070 0.005228
0 0.546187 0.440352 0.009070 0.005228
0 0.597246 0.437738 0.009070 0.005228
0 0.648304 0.440352 0.009070 0.005228
0 0.699698 0.437738 0.009070 0.005228
0 0.750756 0.440352 0.009070 0.005228
0 0.802150 0.437738 0.009070 0.005228
0 0.853208 0.440352 0.009070 0.005228
0 0.904266 0.437738 0.009070 0.005228
0 0.129997 0.663498 0.009070 0.005228
0 0.180719 0.661122 0.009070 0.005228
0 0.231441 0.663498 0.009070 0.005228
0 0.282163 0.661122 0.009070 0.005228
0 0.333221 0.663498 0.009070 0.005228
0 0.383944 0.661122 0.009070 0.005228
0 0.434666 0.663498 0.009070 0.005228
0 0.485388 0.661122 0.009070 0.005228
0 0.547195 0.658508 0.009070 0.005228
0 0.598253 0.661122 0.009070 0.005228
0 0.649311 0.663498 0.009070 0.005228
0 0.700369 0.665875 0.009070 0.005228
0 0.751428 0.668489 0.009070 0.005228
0 0.802486 0.663498 0.009070 0.005228
0 0.853544 0.658508 0.009070 0.005228
0 0.904602 0.661122 0.009070 0.005228
0 0.133356 0.885456 0.009070 0.005228
0 0.183406 0.887833 0.009070 0.005228
0 0.233121 0.890209 0.009070 0.005228
0 0.283171 0.887833 0.009070 0.005228
0 0.333221 0.885456 0.009070 0.005228
0 0.383272 0.887833 0.009070 0.005228
0 0.432986 0.890209 0.009070 0.005228
0 0.483037 0.892586 0.009070 0.005228
0 0.556937 0.907319 0.009405 0.005228
0 0.556937 0.902567 0.009405 0.005228
0 0.556937 0.895200 0.009405 0.005228
0 0.556937 0.890209 0.009405 0.005228
0 0.727242 0.917063 0.009405 0.005228
0 0.727242 0.899952 0.009405 0.005228
0 0.157205 0.149952 0.009070 0.005228
0 0.157205 0.144962 0.009070 0.005228
0 0.157205 0.140209 0.009070 0.005228
0 0.207927 0.149952 0.009070 0.005228
0 0.207927 0.144962 0.009070 0.005228
0 0.207927 0.140209 0.009070 0.005228
0 0.258650 0.149952 0.009070 0.005228
0 0.258650 0.144962 0.009070 0.005228
0 0.258650 0.140209 0.009070 0.005228
0 0.309036 0.149952 0.009070 0.005228
0 0.309036 0.144962 0.009070 0.005228
0 0.309036 0.140209 0.009070 0.005228
0 0.359758 0.149952 0.009070 0.005228
0 0.359758 0.144962 0.009070 0.005228
0 0.359758 0.140209 0.009070 0.005228
0 0.410480 0.149952 0.009070 0.005228
0 0.410480 0.144962 0.009070 0.005228
0 0.410480 0.140209 0.009070 0.005228
0 0.460867 0.149952 0.009070 0.005228
0 0.460867 0.144962 0.009070 0.005228
0 0.460867 0.140209 0.009070 0.005228
0 0.511589 0.149952 0.009070 0.005228
0 0.511589 0.144962 0.009070 0.005228
0 0.511589 0.140209 0.009070 0.005228
0 0.576083 0.149952 0.009070 0.005228
0 0.576083 0.144962 0.009070 0.005228
0 0.576083 0.140209 0.009070 0.005228
0 0.576083 0.132842 0.009070 0.005228
0 0.626470 0.149952 0.009070 0.005228
0 0.626470 0.144962 0.009070 0.005228
0 0.626470 0.140209 0.009070 0.005228
0 0.677192 0.149952 0.009070 0.005228
0 0.677192 0.144962 0.009070 0.005228
0 0.677192 0.140209 0.009070 0.005228
0 0.677192 0.132842 0.009070 0.005228
0 0.727914 0.149952 0.009070 0.005228
0 0.727914 0.144962 0.009070 0.005228
0 0.727914 0.140209 0.009070 0.005228
0 0.778300 0.149952 0.009070 0.005228
0 0.778300 0.144962 0.009070 0.005228
0 0.778300 0.140209 0.009070 0.005228
0 0.778300 0.132842 0.009070 0.005228
0 0.829023 0.149952 0.009070 0.005228
0 0.829023 0.144962 0.009070 0.005228
0 0.829023 0.140209 0.009070 0.005228
0 0.879745 0.149952 0.009070 0.005228
0 0.879745 0.144962 0.009070 0.005228
0 0.879745 0.140209 0.009070 0.005228
0 0.879745 0.132842 0.009070 0.005228
0 0.930131 0.149952 0.009070 0.005228
0 0.930131 0.144962 0.009070 0.005228
0 0.930131 0.140209 0.009070 0.005228
0 0.156869 0.374049 0.009070 0.005228
0 0.156869 0.369059 0.009070 0.005228
0 0.156869 0.364306 0.009070 0.005228
0 0.156869 0.356939 0.009070 0.005228
0 0.206920 0.374049 0.009070 0.005228
0 0.206920 0.369059 0.009070 0.005228
0 0.206920 0.364306 0.009070 0.005228
0 0.256970 0.374049 0.009070 0.005228
0 0.256970 0.369059 0.009070 0.005228
0 0.256970 0.364306 0.009070 0.005228
0 0.256970 0.356939 0.009070 0.005228
0 0.307020 0.374049 0.009070 0.005228
0 0.307020 0.369059 0.009070 0.005228
0 0.307020 0.364306 0.009070 0.005228
0 0.357071 0.374049 0.009070 0.005228
0 0.357071 0.369059 0.009070 0.005228
0 0.357071 0.364306 0.009070 0.005228
0 0.357071 0.356939 0.009070 0.005228
0 0.407121 0.374049 0.009070 0.005228
0 0.407121 0.369059 0.009070 0.005228
0 0.407121 0.364306 0.009070 0.005228
0 0.457172 0.374049 0.009070 0.005228
0 0.457172 0.369059 0.009070 0.005228
0 0.457172 0.364306 0.009070 0.005228
0 0.457172 0.356939 0.009070 0.005228
0 0.507222 0.374049 0.009070 0.005228
0 0.507222 0.369059 0.009070 0.005228
0 0.507222 0.364306 0.009070 0.005228
0 0.571716 0.369059 0.009070 0.005228
0 0.571716 0.364306 0.009070 0.005228
0 0.571716 0.359316 0.009070 0.005228
0 0.622775 0.369059 0.009070 0.005228
0 0.622775 0.364306 0.009070 0.005228
0 0.622775 0.351949 0.009070 0.005228
0 0.674169 0.369059 0.009070 0.005228
0 0.674169 0.364306 0.009070 0.005228
0 0.674169 0.359316 0.009070 0.005228
0 0.725227 0.369059 0.009070 0.005228
0 0.725227 0.364306 0.009070 0.005228
0 0.725227 0.351949 0.009070 0.005228
0 0.776285 0.371673 0.009070 0.005228
0 0.776285 0.366683 0.009070 0.005228
0 0.776285 0.359316 0.009070 0.005228
0 0.827679 0.371673 0.009070 0.005228
0 0.827679 0.366683 0.009070 0.005228
0 0.827679 0.359316 0.009070 0.005228
0 0.827679 0.354563 0.009070 0.005228
0 0.878737 0.371673 0.009070 0.005228
0 0.878737 0.366683 0.009070 0.005228
0 0.878737 0.359316 0.009070 0.005228
0 0.930131 0.371673 0.009070 0.005228
0 0.930131 0.366683 0.009070 0.005228
0 0.930131 0.359316 0.009070 0.005228
0 0.930131 0.354563 0.009070 0.005228
0 0.155190 0.592205 0.009070 0.005228
0 0.155190 0.587452 0.009070 0.005228
0 0.155190 0.582462 0.009070 0.005228
0 0.206248 0.592205 0.009070 0.005228
0 0.206248 0.587452 0.009070 0.005228
0 0.206248 0.575095 0.009070 0.005228
0 0.256970 0.592205 0.009070 0.005228
0 0.256970 0.587452 0.009070 0.005228
0 0.256970 0.582462 0.009070 0.005228
0 0.307692 0.592205 0.009070 0.005228
0 0.307692 0.587452 0.009070 0.005228
0 0.307692 0.575095 0.009070 0.005228
0 0.358415 0.592205 0.009070 0.005228
0 0.358415 0.587452 0.009070 0.005228
0 0.358415 0.582462 0.009070 0.005228
0 0.409473 0.592205 0.009070 0.005228
0 0.409473 0.587452 0.009070 0.005228
0 0.409473 0.580086 0.009070 0.005228
0 0.460195 0.592205 0.009070 0.005228
0 0.460195 0.587452 0.009070 0.005228
0 0.460195 0.582462 0.009070 0.005228
0 0.510917 0.592205 0.009070 0.005228
0 0.510917 0.587452 0.009070 0.005228
0 0.510917 0.580086 0.009070 0.005228
0 0.572724 0.589829 0.009070 0.005228
0 0.572724 0.582462 0.009070 0.005228
0 0.572724 0.577471 0.009070 0.005228
0 0.623782 0.589829 0.009070 0.005228
0 0.623782 0.572719 0.009070 0.005228
0 0.674840 0.589829 0.009070 0.005228
0 0.674840 0.582462 0.009070 0.005228
0 0.674840 0.577471 0.009070 0.005228
0 0.725899 0.589829 0.009070 0.005228
0 0.725899 0.572719 0.009070 0.005228
0 0.776957 0.587452 0.009070 0.005228
0 0.776957 0.582462 0.009070 0.005228
0 0.776957 0.577471 0.009070 0.005228
0 0.828015 0.587452 0.009070 0.005228
0 0.828015 0.582462 0.009070 0.005228
0 0.828015 0.570342 0.009070 0.005228
0 0.879073 0.587452 0.009070 0.005228
0 0.879073 0.582462 0.009070 0.005228
0 0.879073 0.577471 0.009070 0.005228
0 0.921733 0.582462 0.009070 0.005228
0 0.930131 0.580086 0.009070 0.005228
0 0.158213 0.812975 0.009070 0.005228
0 0.158213 0.805608 0.009070 0.005228
0 0.158213 0.800856 0.009070 0.005228
0 0.208263 0.812975 0.009070 0.005228
0 0.208263 0.795865 0.009070 0.005228
0 0.258314 0.812975 0.009070 0.005228
0 0.258314 0.805608 0.009070 0.005228
0 0.258314 0.800856 0.009070 0.005228
0 0.308028 0.812975 0.009070 0.005228
0 0.308028 0.795865 0.009070 0.005228
0 0.358079 0.812975 0.009070 0.005228
0 0.358079 0.805608 0.009070 0.005228
0 0.358079 0.800856 0.009070 0.005228
0 0.408129 0.812975 0.009070 0.005228
0 0.408129 0.795865 0.009070 0.005228
0 0.458179 0.812975 0.009070 0.005228
0 0.458179 0.805608 0.009070 0.005228
0 0.458179 0.800856 0.009070 0.005228
0 0.507894 0.812975 0.009070 0.005228
0 0.507894 0.795865 0.009070 0.005228
0 0.556937 0.810599 0.013436 0.005228
0 0.556937 0.800856 0.013436 0.005228
0 0.556937 0.793489 0.013436 0.005228
0 0.435673 0.084838 0.009070 0.005228
0 0.550554 0.077471 0.009070 0.005228
0 0.601276 0.077471 0.009070 0.005228
0 0.651999 0.077471 0.009070 0.005228
0 0.753107 0.077471 0.009070 0.005228
0 0.803829 0.075095 0.009070 0.005228
0 0.854216 0.077471 0.009070 0.005228
0 0.904938 0.075095 0.009070 0.005228
0 0.132012 0.291587 0.009070 0.005228
0 0.232113 0.296340 0.009070 0.005228
0 0.432314 0.303707 0.009070 0.005228
0 0.482365 0.301331 0.009070 0.005228
0 0.546187 0.298717 0.009070 0.005228
0 0.597246 0.296340 0.009070 0.005228
0 0.648304 0.293964 0.009070 0.005228
0 0.699698 0.291587 0.009070 0.005228
0 0.750756 0.298717 0.009070 0.005228
0 0.904266 0.303707 0.009070 0.005228
0 0.129997 0.528279 0.009405 0.005228
0 0.485388 0.525665 0.009070 0.005228
0 0.547195 0.523289 0.009070 0.005228
0 0.649311 0.523289 0.009070 0.005228
0 0.751428 0.523289 0.009070 0.005228
0 0.853544 0.523289 0.009070 0.005228
0 0.904602 0.520913 0.009070 0.005228
0 0.133356 0.741683 0.009070 0.005228
0 0.283171 0.746435 0.009070 0.005228
0 0.333221 0.751426 0.009070 0.005228
0 0.483037 0.746435 0.009070 0.005228
0 0.556937 0.739306 0.009070 0.005228
0 0.637555 0.746435 0.009070 0.005228
0 0.727242 0.751426 0.009070 0.005228
0 0.777628 0.749049 0.009070 0.005228
0 0.828351 0.746435 0.009070 0.005228
0 0.878737 0.751426 0.009070 0.005228
