0 0.117974 0.237879 0.007843 0.005051
0 0.208497 0.237879 0.007843 0.005051
0 0.298693 0.237879 0.007843 0.005051
0 0.400327 0.235606 0.007843 0.005051
0 0.510458 0.221717 0.007843 0.005051
0 0.600654 0.212374 0.007843 0.005051
0 0.709804 0.214646 0.007843 0.005051
0 0.792157 0.216919 0.007843 0.005051
0 0.874183 0.219192 0.007843 0.005051
0 0.118954 0.438131 0.007843 0.005051
0 0.202941 0.433586 0.007843 0.005051
0 0.296078 0.428788 0.007843 0.005051
0 0.402288 0.440404 0.007843 0.005051
0 0.482680 0.433586 0.007843 0.005051
0 0.571895 0.456818 0.007843 0.005051
0 0.571895 0.440404 0.007843 0.005051
0 0.661438 0.456818 0.007843 0.005051
0 0.661438 0.440404 0.007843 0.005051
0 0.764379 0.454545 0.007843 0.005051
0 0.764379 0.438131 0.007843 0.005051
0 0.860458 0.435859 0.007843 0.005051
0 0.110131 0.673737 0.007843 0.005051
0 0.214379 0.659596 0.007843 0.005051
0 0.304575 0.662121 0.007843 0.005051
0 0.412092 0.666667 0.007843 0.005051
0 0.501307 0.662121 0.007843 0.005051
0 0.600327 0.655051 0.007843 0.005051
0 0.708497 0.676010 0.007843 0.005051
0 0.797386 0.662121 0.007843 0.005051
0 0.876797 0.659596 0.007843 0.005051
0 0.109804 0.888636 0.007843 0.005051
0 0.210458 0.886364 0.007843 0.005051
0 0.317974 0.881818 0.007843 0.005051
0 0.428105 0.884091 0.007843 0.005051
0 0.507190 0.881818 0.007843 0.005051
0 0.597059 0.907323 0.007843 0.005051
0 0.690523 0.905051 0.007843 0.005051
0 0.775490 0.902778 0.007843 0.005051
0 0.871569 0.902778 0.007843 0.005051
0 0.117974 0.233333 0.007843 0.005051
0 0.140523 0.228535 0.007843 0.005051
0 0.163072 0.221717 0.007843 0.005051
0 0.208497 0.233333 0.007843 0.005051
0 0.231046 0.228535 0.007843 0.005051
0 0.253595 0.223990 0.007843 0.005051
0 0.298693 0.233333 0.007843 0.005051
0 0.321569 0.230808 0.007843 0.005051
0 0.344118 0.226263 0.007843 0.005051
0 0.393137 0.233333 0.007843 0.005051
0 0.423529 0.228535 0.007843 0.005051
0 0.448693 0.223990 0.007843 0.005051
0 0.510458 0.207576 0.007843 0.005051
0 0.535621 0.205303 0.007843 0.005051
0 0.560458 0.200758 0.007843 0.005051
0 0.600654 0.207576 0.007843 0.005051
0 0.625490 0.205303 0.007843 0.005051
0 0.650654 0.200758 0.007843 0.005051
0 0.709804 0.209848 0.007843 0.005051
0 0.730392 0.203030 0.007843 0.005051
0 0.750980 0.198232 0.007843 0.005051
0 0.792157 0.209848 0.007843 0.005051
0 0.812745 0.205303 0.007843 0.005051
0 0.833333 0.198232 0.007843 0.005051
0 0.874183 0.214646 0.007843 0.005051
0 0.894771 0.207576 0.007843 0.005051
0 0.915359 0.198232 0.007843 0.005051
0 0.118954 0.428788 0.007843 0.005051
0 0.142157 0.424242 0.007843 0.005051
0 0.165686 0.417172 0.007843 0.005051
0 0.202941 0.424242 0.007843 0.005051
0 0.226144 0.419444 0.007843 0.005051
0 0.249673 0.412626 0.007843 0.005051
0 0.296078 0.424242 0.007843 0.005051
0 0.319608 0.421970 0.007843 0.005051
0 0.342810 0.417172 0.007843 0.005051
0 0.402288 0.431061 0.007843 0.005051
0 0.424510 0.426515 0.007843 0.005051
0 0.446732 0.384343 0.007843 0.005051
0 0.482680 0.393687 0.007843 0.005051
0 0.504902 0.388889 0.007843 0.005051
0 0.527451 0.384343 0.007843 0.005051
0 0.571895 0.431061 0.007843 0.005051
0 0.594118 0.426515 0.007843 0.005051
0 0.616340 0.384343 0.007843 0.005051
0 0.661438 0.433586 0.007843 0.005051
0 0.685621 0.428788 0.007843 0.005051
0 0.717647 0.384343 0.007843 0.005051
0 0.764379 0.433586 0.007843 0.005051
0 0.788235 0.426515 0.007843 0.005051
0 0.812418 0.421970 0.007843 0.005051
0 0.860458 0.431061 0.007843 0.005051
0 0.884314 0.428788 0.007843 0.005051
0 0.908497 0.424242 0.007843 0.005051
0 0.110131 0.664394 0.007843 0.005051
0 0.134314 0.657323 0.007843 0.005051
0 0.158824 0.652778 0.007843 0.005051
0 0.207190 0.657323 0.007843 0.005051
0 0.231699 0.652778 0.007843 0.005051
0 0.255882 0.647980 0.007843 0.005051
0 0.304575 0.657323 0.007843 0.005051
0 0.328758 0.652778 0.007843 0.005051
0 0.352941 0.645707 0.007843 0.005051
0 0.412092 0.662121 0.007843 0.005051
0 0.436928 0.655051 0.007843 0.005051
0 0.461765 0.650253 0.007843 0.005051
0 0.501307 0.662121 0.007843 0.005051
0 0.525817 0.655051 0.007843 0.005051
0 0.550654 0.650253 0.007843 0.005051
0 0.600327 0.655051 0.007843 0.005051
0 0.624837 0.601263 0.007843 0.005051
0 0.649673 0.596465 0.007843 0.005051
0 0.708497 0.676010 0.007843 0.005051
0 0.730719 0.662121 0.007843 0.005051
0 0.752614 0.655051 0.007843 0.005051
0 0.797386 0.662121 0.007843 0.005051
0 0.819608 0.655051 0.007843 0.005051
0 0.841503 0.650253 0.007843 0.005051
0 0.876797 0.659596 0.007843 0.005051
0 0.899020 0.655051 0.007843 0.005051
0 0.921242 0.645707 0.007843 0.005051
0 0.109804 0.877020 0.007843 0.005051
0 0.134967 0.872475 0.007843 0.005051
0 0.160131 0.820707 0.007843 0.005051
0 0.210458 0.881818 0.007843 0.005051
0 0.235621 0.877020 0.007843 0.005051
0 0.260784 0.872475 0.007843 0.005051
0 0.311111 0.879293 0.007843 0.005051
0 0.341176 0.874747 0.007843 0.005051
0 0.366340 0.870202 0.007843 0.005051
0 0.428105 0.877020 0.007843 0.005051
0 0.447712 0.872475 0.007843 0.005051
0 0.467647 0.867677 0.007843 0.005051
0 0.507190 0.872475 0.007843 0.005051
0 0.527124 0.870202 0.007843 0.005051
0 0.547059 0.860859 0.007843 0.005051
0 0.597059 0.900253 0.007843 0.005051
0 0.616993 0.897980 0.007843 0.005051
0 0.636601 0.886364 0.007843 0.005051
0 0.690523 0.900253 0.007843 0.005051
0 0.711765 0.893434 0.007843 0.005051
0 0.733007 0.888636 0.007843 0.005051
0 0.775490 0.897980 0.007843 0.005051
0 0.796732 0.893434 0.007843 0.005051
0 0.817974 0.888636 0.007843 0.005051
0 0.871569 0.897980 0.007843 0.005051
0 0.892810 0.895707 0.007843 0.005051
0 0.914052 0.890909 0.007843 0.005051
0 0.117974 0.148737 0.007843 0.005051
0 0.185621 0.143939 0.007843 0.005051
0 0.208497 0.137121 0.007843 0.005051
0 0.276144 0.134596 0.007843 0.005051
0 0.298693 0.132323 0.007843 0.005051
0 0.650654 0.151010 0.007843 0.005051
0 0.675490 0.148737 0.007843 0.005051
0 0.709804 0.146212 0.007843 0.005051
0 0.771569 0.141667 0.007843 0.005051
0 0.792157 0.137121 0.007843 0.005051
0 0.853922 0.134596 0.007843 0.005051
0 0.874183 0.132323 0.007843 0.005051
0 0.935948 0.130051 0.007843 0.005051
0 0.118954 0.365657 0.007843 0.005051
0 0.118954 0.349495 0.007843 0.005051
0 0.202941 0.367929 0.007843 0.005051
0 0.202941 0.351768 0.007843 0.005051
0 0.296078 0.370455 0.007843 0.005051
0 0.296078 0.354040 0.007843 0.005051
0 0.908497 0.379798 0.007843 0.005051
0 0.932353 0.377273 0.007843 0.005051
0 0.110131 0.591919 0.007843 0.005051
0 0.183007 0.587121 0.007843 0.005051
0 0.207190 0.582576 0.007843 0.005051
0 0.280065 0.575505 0.007843 0.005051
0 0.304575 0.570960 0.007843 0.005051
0 0.328758 0.568687 0.007843 0.005051
0 0.352941 0.566162 0.007843 0.005051
0 0.377451 0.563889 0.007843 0.005051
0 0.412092 0.578030 0.007843 0.005051
0 0.412092 0.561616 0.007843 0.005051
0 0.550654 0.580303 0.007843 0.005051
0 0.550654 0.563889 0.007843 0.005051
0 0.649673 0.584848 0.007843 0.005051
0 0.649673 0.568687 0.007843 0.005051
0 0.708497 0.584848 0.007843 0.005051
0 0.708497 0.568687 0.007843 0.005051
0 0.752614 0.578030 0.007843 0.005051
0 0.752614 0.561616 0.007843 0.005051
0 0.841503 0.580303 0.007843 0.005051
0 0.841503 0.563889 0.007843 0.005051
0 0.921242 0.594192 0.007843 0.005051
0 0.921242 0.578030 0.007843 0.005051
0 0.366340 0.815909 0.007843 0.005051
0 0.391503 0.813636 0.007843 0.005051
0 0.428105 0.811364 0.007843 0.005051
0 0.487582 0.806566 0.007843 0.005051
0 0.507190 0.799747 0.007843 0.005051
0 0.566667 0.797475 0.007843 0.005051
0 0.597059 0.794949 0.007843 0.005051
0 0.616993 0.792677 0.007843 0.005051
0 0.636601 0.797475 0.007843 0.005051
0 0.656536 0.794949 0.007843 0.005051
0 0.690523 0.804293 0.007843 0.005051
0 0.690523 0.788131 0.007843 0.005051
0 0.914052 0.815909 0.007843 0.005051
0 0.935294 0.813636 0.007843 0.005051
0 0.117647 0.075253 0.008170 0.005051
0 0.344118 0.075253 0.007843 0.005051
0 0.393137 0.070455 0.007843 0.005051
0 0.448693 0.072727 0.007843 0.005051
0 0.473529 0.070455 0.007843 0.005051
0 0.510458 0.075253 0.007843 0.005051
0 0.600654 0.077525 0.007843 0.005051
0 0.625490 0.079798 0.007843 0.005051
0 0.650654 0.077525 0.007843 0.005051
0 0.675490 0.075253 0.007843 0.005051
0 0.709804 0.072727 0.007843 0.005051
0 0.792157 0.084596 0.007843 0.005051
0 0.874183 0.084596 0.007843 0.005051
0 0.118954 0.282576 0.007843 0.005051
0 0.165686 0.282576 0.007843 0.005051
0 0.202941 0.284848 0.007843 0.005051
0 0.272876 0.284848 0.007843 0.005051
0 0.296078 0.287374 0.007843 0.005051
0 0.342810 0.289646 0.007843 0.005051
0 0.366013 0.287374 0.007843 0.005051
0 0.402288 0.284848 0.007843 0.005051
0 0.446732 0.291919 0.007843 0.005051
0 0.482680 0.289646 0.007843 0.005051
0 0.549673 0.287374 0.007843 0.005051
0 0.571895 0.284848 0.007843 0.005051
0 0.661438 0.284848 0.007843 0.005051
0 0.698039 0.287374 0.007843 0.005051
0 0.737255 0.289646 0.007843 0.005051
0 0.764379 0.291919 0.007843 0.005051
0 0.836275 0.291919 0.007843 0.005051
0 0.860458 0.294192 0.007843 0.005051
0 0.908497 0.296465 0.007843 0.005051
0 0.932353 0.294192 0.007843 0.005051
0 0.109804 0.508586 0.008170 0.005051
0 0.304575 0.508586 0.007843 0.005051
0 0.461765 0.513131 0.007843 0.005051
0 0.501307 0.506061 0.007843 0.005051
0 0.550654 0.506061 0.007843 0.005051
0 0.575490 0.506061 0.007843 0.005051
0 0.600327 0.501515 0.007843 0.005051
0 0.674510 0.513131 0.007843 0.005051
0 0.708497 0.506061 0.007843 0.005051
0 0.752614 0.506061 0.007843 0.005051
0 0.774837 0.506061 0.007843 0.005051
0 0.797386 0.501515 0.007843 0.005051
0 0.921242 0.501515 0.007843 0.005051
0 0.109804 0.730051 0.007843 0.005051
0 0.160131 0.732323 0.007843 0.005051
0 0.185294 0.734596 0.007843 0.005051
0 0.210458 0.739394 0.007843 0.005051
0 0.285948 0.739394 0.007843 0.005051
0 0.311111 0.736869 0.007843 0.005051
0 0.366340 0.739394 0.007843 0.005051
0 0.391503 0.736869 0.007843 0.005051
0 0.428105 0.734596 0.007843 0.005051
0 0.507190 0.734596 0.007843 0.005051
0 0.636601 0.734596 0.007843 0.005051
0 0.690523 0.727778 0.007843 0.005051
0 0.733007 0.730051 0.007843 0.005051
0 0.754248 0.730051 0.007843 0.005051
0 0.775490 0.732323 0.007843 0.005051
0 0.838889 0.739394 0.007843 0.005051
0 0.871569 0.741667 0.007843 0.005051
0 0.914052 0.739394 0.007843 0.005051
0 0.935294 0.736869 0.007843 0.005051
