0 0.242526 0.338878 0.008062 0.004753
0 0.242526 0.323432 0.008062 0.004753
0 0.279812 0.303232 0.008062 0.004753
0 0.279812 0.298954 0.008062 0.004753
0 0.279812 0.292300 0.008062 0.004753
0 0.316762 0.303232 0.008062 0.004753
0 0.316762 0.298954 0.008062 0.004753
0 0.316762 0.292300 0.008062 0.004753
0 0.353712 0.303232 0.008062 0.004753
0 0.353712 0.298954 0.008062 0.004753
0 0.353712 0.292300 0.008062 0.004753
0 0.390998 0.303232 0.008062 0.004753
0 0.390998 0.298954 0.008062 0.004753
0 0.390998 0.292300 0.008062 0.004753
0 0.427948 0.303232 0.008062 0.004753
0 0.427948 0.298954 0.008062 0.004753
0 0.427948 0.292300 0.008062 0.004753
0 0.474639 0.303232 0.008062 0.004753
0 0.474639 0.298954 0.008062 0.004753
0 0.474639 0.292300 0.008062 0.004753
0 0.510917 0.303232 0.008062 0.004753
0 0.510917 0.298954 0.008062 0.004753
0 0.510917 0.292300 0.008062 0.004753
0 0.547531 0.303232 0.008062 0.004753
0 0.547531 0.298954 0.008062 0.004753
0 0.547531 0.292300 0.008062 0.004753
0 0.583809 0.303232 0.008062 0.004753
0 0.583809 0.298954 0.008062 0.004753
0 0.583809 0.292300 0.008062 0.004753
0 0.620087 0.303232 0.008062 0.004753
0 0.620087 0.298954 0.008062 0.004753
0 0.620087 0.292300 0.008062 0.004753
0 0.656365 0.303232 0.008062 0.004753
0 0.656365 0.298954 0.008062 0.004753
0 0.656365 0.292300 0.008062 0.004753
0 0.712462 0.338878 0.008062 0.004753
0 0.712462 0.323432 0.008062 0.004753
0 0.752771 0.303232 0.008062 0.004753
0 0.752771 0.296578 0.008062 0.004753
0 0.752771 0.292300 0.008062 0.004753
0 0.793416 0.303232 0.008062 0.004753
0 0.793416 0.296578 0.008062 0.004753
0 0.793416 0.292300 0.008062 0.004753
0 0.833725 0.303232 0.008062 0.004753
0 0.833725 0.296578 0.008062 0.004753
0 0.833725 0.292300 0.008062 0.004753
0 0.874370 0.303232 0.008062 0.004753
0 0.874370 0.296578 0.008062 0.004753
0 0.874370 0.292300 0.008062 0.004753
0 0.914679 0.303232 0.008062 0.004753
0 0.914679 0.296578 0.008062 0.004753
0 0.914679 0.292300 0.008062 0.004753
0 0.148472 0.508555 0.008062 0.004753
0 0.148472 0.501901 0.008062 0.004753
0 0.148472 0.497386 0.008062 0.004753
0 0.178367 0.508555 0.008062 0.004753
0 0.178367 0.501901 0.008062 0.004753
0 0.178367 0.497386 0.008062 0.004753
0 0.208263 0.508555 0.008062 0.004753
0 0.208263 0.501901 0.008062 0.004753
0 0.208263 0.497386 0.008062 0.004753
0 0.238495 0.508555 0.008062 0.004753
0 0.238495 0.501901 0.008062 0.004753
0 0.238495 0.497386 0.008062 0.004753
0 0.268391 0.508555 0.008062 0.004753
0 0.268391 0.501901 0.008062 0.004753
0 0.268391 0.497386 0.008062 0.004753
0 0.298623 0.508555 0.008062 0.004753
0 0.298623 0.501901 0.008062 0.004753
0 0.298623 0.497386 0.008062 0.004753
0 0.342627 0.544202 0.008062 0.004753
0 0.342627 0.528517 0.008062 0.004753
0 0.374202 0.506416 0.008062 0.004753
0 0.374202 0.501901 0.008062 0.004753
0 0.374202 0.495247 0.008062 0.004753
0 0.405778 0.506416 0.008062 0.004753
0 0.405778 0.501901 0.008062 0.004753
0 0.405778 0.495247 0.008062 0.004753
0 0.437353 0.506416 0.008062 0.004753
0 0.437353 0.501901 0.008062 0.004753
0 0.437353 0.495247 0.008062 0.004753
0 0.468928 0.506416 0.008062 0.004753
0 0.468928 0.501901 0.008062 0.004753
0 0.468928 0.495247 0.008062 0.004753
0 0.500504 0.506416 0.008062 0.004753
0 0.500504 0.501901 0.008062 0.004753
0 0.500504 0.495247 0.008062 0.004753
0 0.554249 0.506416 0.008062 0.004753
0 0.554249 0.501901 0.008062 0.004753
0 0.554249 0.495247 0.008062 0.004753
0 0.582466 0.506416 0.008062 0.004753
0 0.582466 0.501901 0.008062 0.004753
0 0.582466 0.495247 0.008062 0.004753
0 0.610346 0.506416 0.008062 0.004753
0 0.610346 0.501901 0.008062 0.004753
0 0.610346 0.495247 0.008062 0.004753
0 0.638226 0.506416 0.008062 0.004753
0 0.638226 0.501901 0.008062 0.004753
0 0.638226 0.495247 0.008062 0.004753
0 0.666443 0.506416 0.008062 0.004753
0 0.666443 0.501901 0.008062 0.004753
0 0.666443 0.495247 0.008062 0.004753
0 0.694323 0.506416 0.008062 0.004753
0 0.694323 0.501901 0.008062 0.004753
0 0.694323 0.495247 0.008062 0.004753
0 0.738999 0.544202 0.008062 0.004753
0 0.738999 0.528517 0.008062 0.004753
0 0.774941 0.513070 0.008062 0.004753
0 0.774941 0.508555 0.008062 0.004753
0 0.774941 0.501901 0.008062 0.004753
0 0.810883 0.513070 0.008062 0.004753
0 0.810883 0.508555 0.008062 0.004753
0 0.810883 0.501901 0.008062 0.004753
0 0.847833 0.513070 0.008062 0.004753
0 0.847833 0.508555 0.008062 0.004753
0 0.847833 0.501901 0.008062 0.004753
0 0.883440 0.513070 0.008062 0.004753
0 0.883440 0.508555 0.008062 0.004753
0 0.883440 0.501901 0.008062 0.004753
0 0.919382 0.513070 0.008062 0.004753
0 0.919382 0.508555 0.008062 0.004753
0 0.919382 0.501901 0.008062 0.004753
0 0.158549 0.703897 0.008062 0.004753
0 0.158549 0.699382 0.008062 0.004753
0 0.158549 0.690589 0.008062 0.004753
0 0.187437 0.703897 0.008062 0.004753
0 0.187437 0.699382 0.008062 0.004753
0 0.187437 0.690589 0.008062 0.004753
0 0.216661 0.703897 0.008062 0.004753
0 0.216661 0.699382 0.008062 0.004753
0 0.216661 0.690589 0.008062 0.004753
0 0.245549 0.703897 0.008062 0.004753
0 0.245549 0.699382 0.008062 0.004753
0 0.245549 0.690589 0.008062 0.004753
0 0.274773 0.703897 0.008062 0.004753
0 0.274773 0.699382 0.008062 0.004753
0 0.274773 0.690589 0.008062 0.004753
0 0.303661 0.703897 0.008062 0.004753
0 0.303661 0.699382 0.008062 0.004753
0 0.303661 0.690589 0.008062 0.004753
0 0.354720 0.728375 0.008062 0.004753
0 0.354720 0.719344 0.008062 0.004753
0 0.382936 0.712690 0.008062 0.004753
0 0.411152 0.728375 0.008062 0.004753
0 0.411152 0.719344 0.008062 0.004753
0 0.439704 0.712690 0.008062 0.004753
0 0.467921 0.728375 0.008062 0.004753
0 0.467921 0.719344 0.008062 0.004753
0 0.496473 0.712690 0.008062 0.004753
0 0.546523 0.728375 0.008062 0.004753
0 0.546523 0.719344 0.008062 0.004753
0 0.579106 0.712690 0.008062 0.004753
0 0.612026 0.728375 0.008062 0.004753
0 0.612026 0.719344 0.008062 0.004753
0 0.646960 0.712690 0.008062 0.004753
0 0.679543 0.728375 0.008062 0.004753
0 0.679543 0.719344 0.008062 0.004753
0 0.712126 0.712690 0.008062 0.004753
0 0.772926 0.728375 0.008062 0.004753
0 0.772926 0.721483 0.008062 0.004753
0 0.803493 0.712690 0.008062 0.004753
0 0.833725 0.728375 0.008062 0.004753
0 0.833725 0.721483 0.008062 0.004753
0 0.864293 0.712690 0.008062 0.004753
0 0.894525 0.728375 0.008062 0.004753
0 0.894525 0.721483 0.008062 0.004753
0 0.925092 0.712690 0.008062 0.004753
0 0.165939 0.912548 0.008062 0.004753
0 0.165939 0.903755 0.008062 0.004753
0 0.195835 0.890209 0.008062 0.004753
0 0.225731 0.912548 0.008062 0.004753
0 0.225731 0.903755 0.008062 0.004753
0 0.255626 0.890209 0.008062 0.004753
0 0.285522 0.912548 0.008062 0.004753
0 0.285522 0.903755 0.008062 0.004753
0 0.315418 0.890209 0.008062 0.004753
0 0.364461 0.912548 0.008062 0.004753
0 0.364461 0.903755 0.008062 0.004753
0 0.391334 0.892586 0.008062 0.004753
0 0.418206 0.912548 0.008062 0.004753
0 0.418206 0.903755 0.008062 0.004753
0 0.444743 0.892586 0.008062 0.004753
0 0.471616 0.912548 0.008062 0.004753
0 0.471616 0.903755 0.008062 0.004753
0 0.498488 0.892586 0.008062 0.004753
0 0.544508 0.912548 0.008062 0.004753
0 0.544508 0.903755 0.008062 0.004753
0 0.575076 0.892586 0.008062 0.004753
0 0.605307 0.912548 0.008062 0.004753
0 0.605307 0.903755 0.008062 0.004753
0 0.635875 0.892586 0.008062 0.004753
0 0.666107 0.912548 0.008062 0.004753
0 0.666107 0.903755 0.008062 0.004753
0 0.705408 0.892586 0.008062 0.004753
0 0.768895 0.912548 0.008062 0.004753
0 0.768895 0.897101 0.008062 0.004753
0 0.797783 0.885932 0.008062 0.004753
0 0.797783 0.881416 0.008062 0.004753
0 0.797783 0.874762 0.008062 0.004753
0 0.833389 0.885932 0.008062 0.004753
0 0.833389 0.881416 0.008062 0.004753
0 0.833389 0.874762 0.008062 0.004753
0 0.862277 0.885932 0.008062 0.004753
0 0.862277 0.881416 0.008062 0.004753
0 0.862277 0.874762 0.008062 0.004753
0 0.890830 0.885932 0.008062 0.004753
0 0.890830 0.881416 0.008062 0.004753
0 0.890830 0.874762 0.008062 0.004753
0 0.926772 0.885932 0.008062 0.004753
0 0.926772 0.881416 0.008062 0.004753
0 0.926772 0.874762 0.008062 0.004753
0 0.544508 0.829848 0.008062 0.004753
0 0.544508 0.825333 0.008062 0.004753
0 0.544508 0.821055 0.008062 0.004753
0 0.575076 0.836502 0.008062 0.004753
0 0.605307 0.829848 0.008062 0.004753
0 0.605307 0.814163 0.008062 0.004753
0 0.635875 0.829848 0.008062 0.004753
0 0.635875 0.814163 0.008062 0.004753
0 0.686597 0.831987 0.008062 0.004753
0 0.686597 0.816540 0.008062 0.004753
0 0.242526 0.245722 0.008062 0.004753
0 0.242526 0.234553 0.008062 0.004753
0 0.242526 0.230038 0.008062 0.004753
0 0.279812 0.243346 0.008062 0.004753
0 0.279812 0.234553 0.008062 0.004753
0 0.279812 0.230038 0.008062 0.004753
0 0.316762 0.243346 0.008062 0.004753
0 0.316762 0.234553 0.008062 0.004753
0 0.316762 0.230038 0.008062 0.004753
0 0.353712 0.241207 0.008062 0.004753
0 0.353712 0.234553 0.008062 0.004753
0 0.353712 0.230038 0.008062 0.004753
0 0.390998 0.239068 0.008062 0.004753
0 0.390998 0.234553 0.008062 0.004753
0 0.390998 0.230038 0.008062 0.004753
0 0.420558 0.236692 0.008062 0.004753
0 0.427948 0.234553 0.008062 0.004753
0 0.427948 0.230038 0.008062 0.004753
0 0.474639 0.234553 0.008062 0.004753
0 0.474639 0.230038 0.008062 0.004753
0 0.503527 0.236692 0.008062 0.004753
0 0.510917 0.234553 0.008062 0.004753
0 0.510917 0.230038 0.008062 0.004753
0 0.547531 0.239068 0.008062 0.004753
0 0.547531 0.234553 0.008062 0.004753
0 0.547531 0.230038 0.008062 0.004753
0 0.583809 0.241207 0.008062 0.004753
0 0.583809 0.234553 0.008062 0.004753
0 0.583809 0.230038 0.008062 0.004753
0 0.620087 0.243346 0.008062 0.004753
0 0.620087 0.234553 0.008062 0.004753
0 0.620087 0.230038 0.008062 0.004753
0 0.656365 0.245722 0.008062 0.004753
0 0.656365 0.234553 0.008062 0.004753
0 0.656365 0.230038 0.008062 0.004753
0 0.712462 0.239068 0.008062 0.004753
0 0.712462 0.230038 0.008062 0.004753
0 0.712462 0.223384 0.008062 0.004753
0 0.752771 0.236692 0.008062 0.004753
0 0.752771 0.230038 0.008062 0.004753
0 0.752771 0.223384 0.008062 0.004753
0 0.793416 0.234553 0.008062 0.004753
0 0.793416 0.230038 0.008062 0.004753
0 0.793416 0.223384 0.008062 0.004753
0 0.826335 0.232414 0.008062 0.004753
0 0.833725 0.230038 0.008062 0.004753
0 0.833725 0.223384 0.008062 0.004753
0 0.874370 0.230038 0.008062 0.004753
0 0.874370 0.223384 0.008062 0.004753
0 0.914679 0.230038 0.008062 0.004753
0 0.914679 0.223384 0.008062 0.004753
0 0.148472 0.448669 0.008062 0.004753
0 0.148472 0.437500 0.008062 0.004753
0 0.148472 0.433222 0.008062 0.004753
0 0.178367 0.448669 0.008062 0.004753
0 0.178367 0.439876 0.008062 0.004753
0 0.178367 0.433222 0.008062 0.004753
0 0.208263 0.448669 0.008062 0.004753
0 0.208263 0.442015 0.008062 0.004753
0 0.208263 0.433222 0.008062 0.004753
0 0.238495 0.448669 0.008062 0.004753
0 0.238495 0.439876 0.008062 0.004753
0 0.238495 0.433222 0.008062 0.004753
0 0.268391 0.446530 0.008062 0.004753
0 0.268391 0.439876 0.008062 0.004753
0 0.268391 0.430846 0.008062 0.004753
0 0.298623 0.444154 0.008062 0.004753
0 0.298623 0.439876 0.008062 0.004753
0 0.298623 0.428707 0.008062 0.004753
0 0.342627 0.442015 0.008062 0.004753
0 0.342627 0.437500 0.008062 0.004753
0 0.342627 0.426331 0.008062 0.004753
0 0.374202 0.439876 0.008062 0.004753
0 0.374202 0.435361 0.008062 0.004753
0 0.374202 0.426331 0.008062 0.004753
0 0.405778 0.437500 0.008062 0.004753
0 0.405778 0.433222 0.008062 0.004753
0 0.405778 0.426331 0.008062 0.004753
0 0.437353 0.437500 0.008062 0.004753
0 0.437353 0.433222 0.008062 0.004753
0 0.437353 0.426331 0.008062 0.004753
0 0.468928 0.442015 0.008062 0.004753
0 0.468928 0.437500 0.008062 0.004753
0 0.468928 0.433222 0.008062 0.004753
0 0.500504 0.448669 0.008062 0.004753
0 0.500504 0.442015 0.008062 0.004753
0 0.500504 0.437500 0.008062 0.004753
0 0.554249 0.453184 0.008062 0.004753
0 0.554249 0.448669 0.008062 0.004753
0 0.554249 0.442015 0.008062 0.004753
0 0.582466 0.453184 0.008062 0.004753
0 0.582466 0.448669 0.008062 0.004753
0 0.582466 0.442015 0.008062 0.004753
0 0.610346 0.453184 0.008062 0.004753
0 0.610346 0.448669 0.008062 0.004753
0 0.610346 0.442015 0.008062 0.004753
0 0.638226 0.450808 0.008062 0.004753
0 0.638226 0.446530 0.008062 0.004753
0 0.638226 0.442015 0.008062 0.004753
0 0.666443 0.453184 0.008062 0.004753
0 0.666443 0.448669 0.008062 0.004753
0 0.666443 0.442015 0.008062 0.004753
0 0.694323 0.453184 0.008062 0.004753
0 0.694323 0.442015 0.008062 0.004753
0 0.738999 0.459838 0.008062 0.004753
0 0.738999 0.448669 0.008062 0.004753
0 0.738999 0.444154 0.008062 0.004753
0 0.774941 0.457462 0.008062 0.004753
0 0.774941 0.448669 0.008062 0.004753
0 0.774941 0.444154 0.008062 0.004753
0 0.810883 0.457462 0.008062 0.004753
0 0.810883 0.448669 0.008062 0.004753
0 0.810883 0.444154 0.008062 0.004753
0 0.847833 0.453184 0.008062 0.004753
0 0.847833 0.448669 0.008062 0.004753
0 0.847833 0.444154 0.008062 0.004753
0 0.883440 0.455323 0.008062 0.004753
0 0.883440 0.448669 0.008062 0.004753
0 0.883440 0.444154 0.008062 0.004753
0 0.919382 0.459838 0.008062 0.004753
0 0.919382 0.448669 0.008062 0.004753
0 0.919382 0.444154 0.008062 0.004753
0 0.158549 0.638308 0.008062 0.004753
0 0.158549 0.633793 0.008062 0.004753
0 0.187437 0.640447 0.008062 0.004753
0 0.187437 0.633793 0.008062 0.004753
0 0.216661 0.642586 0.008062 0.004753
0 0.216661 0.633793 0.008062 0.004753
0 0.245549 0.640447 0.008062 0.004753
0 0.245549 0.633793 0.008062 0.004753
0 0.274773 0.644962 0.008062 0.004753
0 0.274773 0.633793 0.008062 0.004753
0 0.303661 0.649477 0.008062 0.004753
0 0.303661 0.633793 0.008062 0.004753
0 0.354720 0.658270 0.008062 0.004753
0 0.354720 0.653755 0.008062 0.004753
0 0.354720 0.649477 0.008062 0.004753
0 0.382936 0.664924 0.008062 0.004753
0 0.411152 0.658270 0.008062 0.004753
0 0.411152 0.653755 0.008062 0.004753
0 0.411152 0.649477 0.008062 0.004753
0 0.439704 0.664924 0.008062 0.004753
0 0.467921 0.658270 0.008062 0.004753
0 0.467921 0.653755 0.008062 0.004753
0 0.467921 0.649477 0.008062 0.004753
0 0.496473 0.664924 0.008062 0.004753
0 0.546523 0.658270 0.008062 0.004753
0 0.546523 0.653755 0.008062 0.004753
0 0.546523 0.649477 0.008062 0.004753
0 0.579106 0.664924 0.008062 0.004753
0 0.612026 0.658270 0.008062 0.004753
0 0.612026 0.653755 0.008062 0.004753
0 0.612026 0.649477 0.008062 0.004753
0 0.646960 0.664924 0.008062 0.004753
0 0.679543 0.658270 0.008062 0.004753
0 0.679543 0.653755 0.008062 0.004753
0 0.679543 0.649477 0.008062 0.004753
0 0.712126 0.664924 0.008062 0.004753
0 0.772926 0.658270 0.008062 0.004753
0 0.772926 0.651616 0.008062 0.004753
0 0.780316 0.649477 0.008062 0.004753
0 0.803493 0.662785 0.008062 0.004753
0 0.833725 0.658270 0.008062 0.004753
0 0.833725 0.651616 0.008062 0.004753
0 0.841115 0.649477 0.008062 0.004753
0 0.864293 0.662785 0.008062 0.004753
0 0.894525 0.658270 0.008062 0.004753
0 0.894525 0.651616 0.008062 0.004753
0 0.894525 0.647101 0.008062 0.004753
0 0.925092 0.662785 0.008062 0.004753
0 0.165939 0.838641 0.008062 0.004753
0 0.173329 0.836502 0.008062 0.004753
0 0.165939 0.831987 0.008062 0.004753
0 0.195835 0.847671 0.008062 0.004753
0 0.225731 0.838641 0.008062 0.004753
0 0.233121 0.836502 0.008062 0.004753
0 0.225731 0.831987 0.008062 0.004753
0 0.255626 0.847671 0.008062 0.004753
0 0.285522 0.838641 0.008062 0.004753
0 0.292912 0.836502 0.008062 0.004753
0 0.285522 0.831987 0.008062 0.004753
0 0.315418 0.847671 0.008062 0.004753
0 0.364461 0.841017 0.008062 0.004753
0 0.364461 0.836502 0.008062 0.004753
0 0.364461 0.829848 0.008062 0.004753
0 0.391334 0.845295 0.008062 0.004753
0 0.418206 0.841017 0.008062 0.004753
0 0.418206 0.836502 0.008062 0.004753
0 0.418206 0.829848 0.008062 0.004753
0 0.444743 0.845295 0.008062 0.004753
0 0.471616 0.836502 0.008062 0.004753
0 0.471616 0.829848 0.008062 0.004753
0 0.471616 0.825333 0.008062 0.004753
0 0.498488 0.841017 0.008062 0.004753
0 0.644945 0.825333 0.008062 0.004753
0 0.644945 0.821055 0.008062 0.004753
0 0.768895 0.836502 0.008062 0.004753
0 0.768895 0.829848 0.008062 0.004753
0 0.761505 0.823194 0.008062 0.004753
0 0.768895 0.821055 0.008062 0.004753
0 0.815586 0.834363 0.008062 0.004753
0 0.815586 0.818679 0.008062 0.004753
0 0.862277 0.831987 0.008062 0.004753
0 0.862277 0.816540 0.008062 0.004753
0 0.908633 0.829848 0.008062 0.004753
0 0.908633 0.814163 0.008062 0.004753
0 0.712462 0.166825 0.008062 0.004753
0 0.833725 0.166825 0.008062 0.004753
0 0.914679 0.166825 0.008062 0.004753
0 0.148472 0.372148 0.008062 0.004753
0 0.238495 0.372148 0.008062 0.004753
0 0.268391 0.369772 0.008062 0.004753
0 0.298623 0.367633 0.008062 0.004753
0 0.342627 0.365257 0.008062 0.004753
0 0.437353 0.365257 0.008062 0.004753
0 0.500504 0.372148 0.008062 0.004753
0 0.554249 0.376426 0.008062 0.004753
0 0.638226 0.380941 0.008062 0.004753
0 0.738999 0.374287 0.008062 0.004753
0 0.810883 0.374287 0.008062 0.004753
0 0.847833 0.372148 0.008062 0.004753
0 0.883440 0.372148 0.008062 0.004753
0 0.919382 0.372148 0.008062 0.004753
0 0.158549 0.572719 0.008734 0.004753
0 0.612026 0.581749 0.008062 0.004753
0 0.646960 0.581749 0.008062 0.004753
0 0.712126 0.583888 0.008062 0.004753
0 0.772926 0.588403 0.008062 0.004753
0 0.864293 0.586027 0.008062 0.004753
0 0.165939 0.768061 0.008062 0.004753
0 0.255626 0.768061 0.008062 0.004753
0 0.315418 0.770200 0.008062 0.004753
0 0.364461 0.779230 0.008062 0.004753
0 0.444743 0.772576 0.008062 0.004753
0 0.815586 0.776854 0.008062 0.004753
0 0.862277 0.774715 0.008062 0.004753
0 0.908633 0.772576 0.008062 0.004753
