0 0.577091 0.208888 0.009405 0.005228
0 0.760833 0.208888 0.009405 0.005228
0 0.143097 0.442015 0.009405 0.005228
0 0.313403 0.442015 0.009405 0.005228
0 0.476654 0.442015 0.009405 0.005228
0 0.572388 0.454135 0.008734 0.005228
0 0.632180 0.447006 0.009405 0.005228
0 0.856231 0.884030 0.009405 0.005228
0 0.856231 0.874287 0.009405 0.005228
0 0.154182 0.206511 0.008734 0.005228
0 0.222707 0.196768 0.008734 0.005228
0 0.287538 0.189639 0.008734 0.005228
0 0.372523 0.208888 0.009405 0.005228
0 0.372523 0.196768 0.009405 0.005228
0 0.372523 0.192015 0.009405 0.005228
0 0.499832 0.208888 0.008734 0.005228
0 0.499832 0.189639 0.008734 0.005228
0 0.531407 0.192015 0.008734 0.005228
0 0.577091 0.196768 0.008734 0.005228
0 0.632516 0.199382 0.008734 0.005228
0 0.687605 0.201759 0.008734 0.005228
0 0.760833 0.201759 0.009405 0.005228
0 0.890494 0.204135 0.008734 0.005228
0 0.143097 0.432272 0.008734 0.005228
0 0.168626 0.429895 0.008734 0.005228
0 0.194155 0.432272 0.008734 0.005228
0 0.219348 0.434886 0.008734 0.005228
0 0.244877 0.434886 0.008734 0.005228
0 0.270406 0.432272 0.008734 0.005228
0 0.313067 0.432272 0.008734 0.005228
0 0.338596 0.429895 0.008734 0.005228
0 0.364125 0.432272 0.008734 0.005228
0 0.389654 0.434886 0.008734 0.005228
0 0.414847 0.434886 0.008734 0.005228
0 0.440376 0.432272 0.008734 0.005228
0 0.476654 0.432272 0.008734 0.005228
0 0.500504 0.429895 0.008734 0.005228
0 0.524689 0.432272 0.008734 0.005228
0 0.548539 0.437262 0.008734 0.005228
0 0.572388 0.437262 0.008734 0.005228
0 0.632180 0.437262 0.009405 0.005228
0 0.747733 0.434886 0.008734 0.005228
0 0.775613 0.432272 0.008734 0.005228
0 0.817266 0.429895 0.008734 0.005228
0 0.817266 0.420152 0.008734 0.005228
0 0.840107 0.417776 0.008734 0.005228
0 0.863285 0.420152 0.008734 0.005228
0 0.886463 0.425143 0.008734 0.005228
0 0.909305 0.422529 0.008734 0.005228
0 0.932482 0.417776 0.008734 0.005228
0 0.149143 0.623099 0.008734 0.005228
0 0.149143 0.618108 0.008734 0.005228
0 0.172321 0.615732 0.008734 0.005228
0 0.195499 0.618108 0.008734 0.005228
0 0.218341 0.610979 0.008734 0.005228
0 0.241518 0.613356 0.008734 0.005228
0 0.264696 0.615732 0.008734 0.005228
0 0.300974 0.623099 0.008734 0.005228
0 0.300974 0.618108 0.008734 0.005228
0 0.323816 0.613356 0.008734 0.005228
0 0.346322 0.605989 0.008734 0.005228
0 0.368828 0.623099 0.008734 0.005228
0 0.391334 0.625475 0.008734 0.005228
0 0.413839 0.623099 0.008734 0.005228
0 0.452133 0.627852 0.009405 0.005228
0 0.632180 0.657082 0.009405 0.005228
0 0.740679 0.664211 0.008734 0.005228
0 0.809204 0.664211 0.008734 0.005228
0 0.809204 0.652091 0.008734 0.005228
0 0.832382 0.649715 0.008734 0.005228
0 0.855559 0.652091 0.008734 0.005228
0 0.879073 0.644962 0.008734 0.005228
0 0.908969 0.652091 0.008734 0.005228
0 0.932146 0.661835 0.008734 0.005228
0 0.140746 0.889021 0.008734 0.005228
0 0.140746 0.879278 0.008734 0.005228
0 0.167618 0.879278 0.008734 0.005228
0 0.194827 0.876901 0.008734 0.005228
0 0.221700 0.874287 0.008734 0.005228
0 0.255626 0.871911 0.008734 0.005228
0 0.282499 0.881654 0.008734 0.005228
0 0.282499 0.871911 0.008734 0.005228
0 0.318105 0.901141 0.008734 0.005228
0 0.346322 0.891397 0.008734 0.005228
0 0.374202 0.879278 0.008734 0.005228
0 0.402419 0.876901 0.008734 0.005228
0 0.430299 0.876901 0.008734 0.005228
0 0.458515 0.891397 0.008734 0.005228
0 0.495129 0.901141 0.008734 0.005228
0 0.523010 0.891397 0.008734 0.005228
0 0.551226 0.879278 0.008734 0.005228
0 0.579106 0.876901 0.008734 0.005228
0 0.607323 0.876901 0.008734 0.005228
0 0.635539 0.891397 0.008734 0.005228
0 0.676856 0.884030 0.008734 0.005228
0 0.702721 0.874287 0.008734 0.005228
0 0.728922 0.837928 0.008734 0.005228
0 0.754787 0.871911 0.008734 0.005228
0 0.780988 0.871911 0.008734 0.005228
0 0.856231 0.833175 0.009405 0.005228
0 0.476654 0.395913 0.009405 0.005228
0 0.154182 0.138308 0.008734 0.005228
0 0.154182 0.133555 0.008734 0.005228
0 0.154182 0.128565 0.008734 0.005228
0 0.190460 0.135932 0.008734 0.005228
0 0.190460 0.131179 0.008734 0.005228
0 0.190460 0.126188 0.008734 0.005228
0 0.222707 0.138308 0.008734 0.005228
0 0.222707 0.133555 0.008734 0.005228
0 0.222707 0.128565 0.008734 0.005228
0 0.255291 0.135932 0.008734 0.005228
0 0.255291 0.131179 0.008734 0.005228
0 0.255291 0.126188 0.008734 0.005228
0 0.287538 0.138308 0.008734 0.005228
0 0.287538 0.133555 0.008734 0.005228
0 0.287538 0.128565 0.008734 0.005228
0 0.320121 0.138308 0.008734 0.005228
0 0.320121 0.133555 0.008734 0.005228
0 0.320121 0.126188 0.008734 0.005228
0 0.372523 0.133555 0.008734 0.005228
0 0.372523 0.128565 0.008734 0.005228
0 0.372523 0.123812 0.008734 0.005228
0 0.404434 0.143298 0.008734 0.005228
0 0.404434 0.138308 0.008734 0.005228
0 0.404434 0.133555 0.008734 0.005228
0 0.436009 0.145675 0.008734 0.005228
0 0.436009 0.140684 0.008734 0.005228
0 0.436009 0.133555 0.008734 0.005228
0 0.467921 0.138308 0.008734 0.005228
0 0.467921 0.133555 0.008734 0.005228
0 0.467921 0.126188 0.008734 0.005228
0 0.499832 0.143298 0.008734 0.005228
0 0.499832 0.138308 0.008734 0.005228
0 0.499832 0.131179 0.008734 0.005228
0 0.531407 0.140684 0.008734 0.005228
0 0.531407 0.135932 0.008734 0.005228
0 0.531407 0.128565 0.008734 0.005228
0 0.577091 0.150428 0.008734 0.005228
0 0.577091 0.140684 0.008734 0.005228
0 0.604636 0.148051 0.008734 0.005228
0 0.604636 0.143298 0.008734 0.005228
0 0.632516 0.155418 0.008734 0.005228
0 0.632516 0.143298 0.008734 0.005228
0 0.660060 0.138308 0.008734 0.005228
0 0.660060 0.126188 0.008734 0.005228
0 0.687605 0.143298 0.008734 0.005228
0 0.687605 0.131179 0.008734 0.005228
0 0.715485 0.148051 0.008734 0.005228
0 0.715485 0.138308 0.008734 0.005228
0 0.760833 0.160171 0.008734 0.005228
0 0.760833 0.143298 0.008734 0.005228
0 0.793080 0.155418 0.008734 0.005228
0 0.793080 0.148051 0.008734 0.005228
0 0.825663 0.160171 0.008734 0.005228
0 0.825663 0.143298 0.008734 0.005228
0 0.858247 0.155418 0.008734 0.005228
0 0.858247 0.148051 0.008734 0.005228
0 0.890494 0.160171 0.008734 0.005228
0 0.890494 0.143298 0.008734 0.005228
0 0.923077 0.157795 0.008734 0.005228
0 0.143097 0.391160 0.008734 0.005228
0 0.143097 0.386169 0.008734 0.005228
0 0.168626 0.388783 0.008734 0.005228
0 0.194155 0.391160 0.008734 0.005228
0 0.219348 0.383793 0.008734 0.005228
0 0.244877 0.398289 0.008734 0.005228
0 0.244877 0.386169 0.008734 0.005228
0 0.270406 0.393536 0.008734 0.005228
0 0.313067 0.395913 0.008734 0.005228
0 0.313067 0.391160 0.008734 0.005228
0 0.338596 0.388783 0.008734 0.005228
0 0.364125 0.391160 0.008734 0.005228
0 0.389654 0.383793 0.008734 0.005228
0 0.414847 0.398289 0.008734 0.005228
0 0.414847 0.386169 0.008734 0.005228
0 0.440376 0.393536 0.008734 0.005228
0 0.476654 0.391160 0.008734 0.005228
0 0.500504 0.388783 0.008734 0.005228
0 0.524689 0.391160 0.008734 0.005228
0 0.548539 0.386169 0.008734 0.005228
0 0.572388 0.395913 0.008734 0.005228
0 0.572388 0.386169 0.008734 0.005228
0 0.596238 0.398289 0.008734 0.005228
0 0.659725 0.395913 0.008734 0.005228
0 0.659725 0.388783 0.008734 0.005228
0 0.687605 0.391160 0.008734 0.005228
0 0.715485 0.371673 0.008734 0.005228
0 0.747733 0.391160 0.008734 0.005228
0 0.747733 0.374049 0.008734 0.005228
0 0.775613 0.376663 0.008734 0.005228
0 0.817266 0.383793 0.008734 0.005228
0 0.817266 0.379040 0.008734 0.005228
0 0.840107 0.376663 0.008734 0.005228
0 0.863285 0.379040 0.008734 0.005228
0 0.886463 0.361930 0.008734 0.005228
0 0.909305 0.364544 0.008734 0.005228
0 0.932482 0.366920 0.008734 0.005228
0 0.149143 0.605989 0.008734 0.005228
0 0.172321 0.603612 0.008734 0.005228
0 0.195499 0.605989 0.008734 0.005228
0 0.218341 0.589116 0.008734 0.005228
0 0.241518 0.591492 0.008734 0.005228
0 0.264696 0.593869 0.008734 0.005228
0 0.300974 0.596483 0.008734 0.005228
0 0.323816 0.601236 0.008734 0.005228
0 0.346322 0.605989 0.008734 0.005228
0 0.368828 0.610979 0.008734 0.005228
0 0.391334 0.613356 0.008734 0.005228
0 0.413839 0.605989 0.008734 0.005228
0 0.452133 0.613356 0.008734 0.005228
0 0.452133 0.608603 0.008734 0.005228
0 0.452133 0.601236 0.008734 0.005228
0 0.477326 0.610979 0.008734 0.005228
0 0.477326 0.605989 0.008734 0.005228
0 0.477326 0.598859 0.008734 0.005228
0 0.502519 0.613356 0.008734 0.005228
0 0.502519 0.608603 0.008734 0.005228
0 0.502519 0.601236 0.008734 0.005228
0 0.528048 0.610979 0.008734 0.005228
0 0.528048 0.605989 0.008734 0.005228
0 0.528048 0.598859 0.008734 0.005228
0 0.556601 0.613356 0.008734 0.005228
0 0.556601 0.608603 0.008734 0.005228
0 0.556601 0.601236 0.008734 0.005228
0 0.581794 0.618108 0.008734 0.005228
0 0.581794 0.613356 0.008734 0.005228
0 0.581794 0.605989 0.008734 0.005228
0 0.632180 0.618108 0.008734 0.005228
0 0.632180 0.610979 0.008734 0.005228
0 0.632180 0.605989 0.008734 0.005228
0 0.661068 0.615732 0.008734 0.005228
0 0.661068 0.610979 0.008734 0.005228
0 0.661068 0.603612 0.008734 0.005228
0 0.687605 0.618108 0.008734 0.005228
0 0.687605 0.610979 0.008734 0.005228
0 0.687605 0.605989 0.008734 0.005228
0 0.714142 0.615732 0.008734 0.005228
0 0.714142 0.610979 0.008734 0.005228
0 0.714142 0.603612 0.008734 0.005228
0 0.740679 0.618108 0.008734 0.005228
0 0.740679 0.610979 0.008734 0.005228
0 0.740679 0.605989 0.008734 0.005228
0 0.767215 0.623099 0.008734 0.005228
0 0.767215 0.618108 0.008734 0.005228
0 0.767215 0.610979 0.008734 0.005228
0 0.809204 0.610979 0.008734 0.005228
0 0.809204 0.601236 0.008734 0.005228
0 0.832382 0.598859 0.008734 0.005228
0 0.855559 0.601236 0.008734 0.005228
0 0.879073 0.593869 0.008734 0.005228
0 0.908969 0.601236 0.008734 0.005228
0 0.932146 0.610979 0.008734 0.005228
0 0.140746 0.837928 0.008734 0.005228
0 0.140746 0.825808 0.008734 0.005228
0 0.167618 0.821055 0.008734 0.005228
0 0.194827 0.825808 0.008734 0.005228
0 0.221700 0.833175 0.008734 0.005228
0 0.255626 0.830798 0.008734 0.005228
0 0.282499 0.830798 0.008734 0.005228
0 0.318105 0.828184 0.008734 0.005228
0 0.346322 0.833175 0.008734 0.005228
0 0.374202 0.845295 0.008734 0.005228
0 0.402419 0.842918 0.008734 0.005228
0 0.402419 0.833175 0.008734 0.005228
0 0.430299 0.840304 0.008734 0.005228
0 0.458515 0.835551 0.008734 0.005228
0 0.458515 0.828184 0.008734 0.005228
0 0.495129 0.828184 0.008734 0.005228
0 0.523010 0.833175 0.008734 0.005228
0 0.551226 0.845295 0.008734 0.005228
0 0.579106 0.842918 0.008734 0.005228
0 0.579106 0.833175 0.008734 0.005228
0 0.607323 0.840304 0.008734 0.005228
0 0.635539 0.835551 0.008734 0.005228
0 0.635539 0.828184 0.008734 0.005228
0 0.676856 0.816065 0.008734 0.005228
0 0.702721 0.828184 0.008734 0.005228
0 0.728922 0.833175 0.008734 0.005228
0 0.754787 0.830798 0.008734 0.005228
0 0.754787 0.821055 0.008734 0.005228
0 0.780988 0.830798 0.008734 0.005228
0 0.806853 0.818679 0.008734 0.005228
0 0.856231 0.828184 0.009405 0.005228
0 0.856231 0.821055 0.009405 0.005228
0 0.856231 0.811312 0.009405 0.005228
0 0.140746 0.763546 0.009405 0.005228
0 0.154182 0.079610 0.009405 0.005228
0 0.287538 0.079610 0.008734 0.005228
0 0.372523 0.069867 0.008734 0.005228
0 0.467921 0.069867 0.008734 0.005228
0 0.499832 0.079610 0.008734 0.005228
0 0.531407 0.077234 0.008734 0.005228
0 0.577091 0.086740 0.008734 0.005228
0 0.632516 0.084363 0.008734 0.005228
0 0.687605 0.079610 0.008734 0.005228
0 0.760833 0.072243 0.008734 0.005228
0 0.858247 0.072243 0.008734 0.005228
0 0.890494 0.072243 0.008734 0.005228
0 0.923077 0.074620 0.008734 0.005228
0 0.143097 0.310837 0.009405 0.005228
0 0.572388 0.327709 0.008734 0.005228
0 0.632180 0.320342 0.008734 0.005228
0 0.715485 0.320342 0.008734 0.005228
0 0.747733 0.317966 0.008734 0.005228
0 0.775613 0.317966 0.008734 0.005228
0 0.817266 0.315589 0.008734 0.005228
0 0.863285 0.315589 0.008734 0.005228
0 0.909305 0.313213 0.008734 0.005228
0 0.149143 0.534221 0.008734 0.005228
0 0.218341 0.534221 0.008734 0.005228
0 0.241518 0.531606 0.008734 0.005228
0 0.264696 0.531606 0.008734 0.005228
0 0.301310 0.529230 0.009405 0.005228
0 0.391334 0.534221 0.008734 0.005228
0 0.452133 0.529230 0.008734 0.005228
0 0.528048 0.529230 0.008734 0.005228
0 0.556601 0.529230 0.008734 0.005228
0 0.581794 0.534221 0.008734 0.005228
0 0.581794 0.526854 0.008734 0.005228
0 0.632180 0.531606 0.008734 0.005228
0 0.687605 0.531606 0.008734 0.005228
0 0.740679 0.538973 0.008734 0.005228
0 0.809204 0.534221 0.009405 0.005228
0 0.908969 0.538973 0.008734 0.005228
0 0.140746 0.758793 0.009405 0.005228
0 0.255626 0.768536 0.008734 0.005228
0 0.318105 0.766160 0.009405 0.005228
0 0.495129 0.766160 0.009405 0.005228
0 0.676856 0.766160 0.009405 0.005228
