0 0.818273 0.230513 0.009070 0.004990
0 0.114881 0.232890 0.008734 0.004990
0 0.114881 0.228137 0.008734 0.004990
0 0.114881 0.218869 0.008734 0.004990
0 0.167282 0.232890 0.008734 0.004990
0 0.167282 0.228137 0.008734 0.004990
0 0.167282 0.218869 0.008734 0.004990
0 0.227746 0.232890 0.008734 0.004990
0 0.227746 0.228137 0.008734 0.004990
0 0.227746 0.218869 0.008734 0.004990
0 0.294928 0.225998 0.008734 0.004990
0 0.294928 0.218869 0.008734 0.004990
0 0.294928 0.211740 0.008734 0.004990
0 0.340611 0.225998 0.008734 0.004990
0 0.340611 0.218869 0.008734 0.004990
0 0.340611 0.211740 0.008734 0.004990
0 0.396372 0.225998 0.008734 0.004990
0 0.396372 0.216492 0.008734 0.004990
0 0.396372 0.211740 0.008734 0.004990
0 0.462546 0.225998 0.008734 0.004990
0 0.462546 0.216492 0.008734 0.004990
0 0.508230 0.225998 0.008734 0.004990
0 0.508230 0.216492 0.008734 0.004990
0 0.553913 0.225998 0.008734 0.004990
0 0.553913 0.216492 0.008734 0.004990
0 0.614713 0.218869 0.008734 0.004990
0 0.614713 0.214116 0.008734 0.004990
0 0.665435 0.218869 0.008734 0.004990
0 0.665435 0.214116 0.008734 0.004990
0 0.716157 0.218869 0.008734 0.004990
0 0.716157 0.214116 0.008734 0.004990
0 0.818273 0.216492 0.008734 0.004990
0 0.826335 0.214116 0.008734 0.004990
0 0.818273 0.209363 0.008734 0.004990
0 0.818273 0.204610 0.008734 0.004990
0 0.863957 0.216492 0.008734 0.004990
0 0.871683 0.214116 0.008734 0.004990
0 0.863957 0.209363 0.008734 0.004990
0 0.863957 0.204610 0.008734 0.004990
0 0.909305 0.216492 0.008734 0.004990
0 0.917366 0.214116 0.008734 0.004990
0 0.909305 0.209363 0.008734 0.004990
0 0.909305 0.204610 0.008734 0.004990
0 0.120255 0.458888 0.008734 0.004990
0 0.120255 0.454135 0.008734 0.004990
0 0.120255 0.449620 0.008734 0.004990
0 0.194491 0.458888 0.008734 0.004990
0 0.194491 0.454135 0.008734 0.004990
0 0.194491 0.449620 0.008734 0.004990
0 0.249916 0.458888 0.008734 0.004990
0 0.249916 0.454135 0.008734 0.004990
0 0.249916 0.449620 0.008734 0.004990
0 0.332550 0.440114 0.008734 0.004990
0 0.332550 0.430608 0.008734 0.004990
0 0.332550 0.418964 0.008734 0.004990
0 0.395700 0.440114 0.008734 0.004990
0 0.395700 0.430608 0.008734 0.004990
0 0.395700 0.418964 0.008734 0.004990
0 0.459187 0.440114 0.008734 0.004990
0 0.459187 0.430608 0.008734 0.004990
0 0.459187 0.423479 0.008734 0.004990
0 0.541485 0.470770 0.009070 0.004990
0 0.606315 0.454135 0.009070 0.004990
0 0.671481 0.470770 0.008734 0.004990
0 0.759825 0.468394 0.009070 0.004990
0 0.830366 0.451759 0.009070 0.004990
0 0.893181 0.468394 0.008734 0.004990
0 0.115888 0.701759 0.008734 0.004990
0 0.115888 0.685124 0.008734 0.004990
0 0.221364 0.671103 0.008734 0.004990
0 0.221364 0.663973 0.008734 0.004990
0 0.221364 0.659221 0.008734 0.004990
0 0.307356 0.692253 0.008734 0.004990
0 0.307356 0.687500 0.008734 0.004990
0 0.307356 0.680371 0.008734 0.004990
0 0.469936 0.689876 0.008734 0.004990
0 0.493450 0.685124 0.008734 0.004990
0 0.527377 0.677994 0.008734 0.004990
0 0.550890 0.673479 0.008734 0.004990
0 0.574404 0.668726 0.008734 0.004990
0 0.608331 0.661597 0.008734 0.004990
0 0.631844 0.656844 0.008734 0.004990
0 0.655358 0.661597 0.008734 0.004990
0 0.689285 0.668726 0.008734 0.004990
0 0.739335 0.687500 0.008734 0.004990
0 0.761169 0.682747 0.008734 0.004990
0 0.788713 0.677994 0.008734 0.004990
0 0.810883 0.671103 0.008734 0.004990
0 0.833053 0.666350 0.008734 0.004990
0 0.860598 0.661597 0.008734 0.004990
0 0.884112 0.654468 0.008734 0.004990
0 0.905946 0.661597 0.008734 0.004990
0 0.933490 0.666350 0.008734 0.004990
0 0.113537 0.901854 0.008734 0.004990
0 0.133356 0.897101 0.008734 0.004990
0 0.157877 0.889971 0.008734 0.004990
0 0.178032 0.885219 0.008734 0.004990
0 0.197850 0.880466 0.008734 0.004990
0 0.222372 0.873574 0.008734 0.004990
0 0.245885 0.868821 0.008734 0.004990
0 0.265704 0.873574 0.008734 0.004990
0 0.290561 0.880466 0.008734 0.004990
0 0.330870 0.904230 0.008734 0.004990
0 0.353040 0.899477 0.008734 0.004990
0 0.380584 0.892348 0.008734 0.004990
0 0.402754 0.887595 0.008734 0.004990
0 0.424924 0.882842 0.008734 0.004990
0 0.452469 0.875713 0.008734 0.004990
0 0.475983 0.871198 0.008734 0.004990
0 0.498153 0.875713 0.008734 0.004990
0 0.525697 0.882842 0.008734 0.004990
0 0.560296 0.899477 0.008734 0.004990
0 0.580114 0.894724 0.008734 0.004990
0 0.604971 0.887595 0.008734 0.004990
0 0.624790 0.882842 0.008734 0.004990
0 0.644609 0.878089 0.008734 0.004990
0 0.669466 0.871198 0.008734 0.004990
0 0.692980 0.866445 0.008734 0.004990
0 0.712462 0.871198 0.008734 0.004990
0 0.737319 0.878089 0.008734 0.004990
0 0.776285 0.897101 0.008734 0.004990
0 0.794760 0.892348 0.008734 0.004990
0 0.817602 0.887595 0.008734 0.004990
0 0.836077 0.880466 0.008734 0.004990
0 0.854552 0.875713 0.008734 0.004990
0 0.877393 0.871198 0.008734 0.004990
0 0.895868 0.864068 0.008734 0.004990
0 0.914343 0.871198 0.008734 0.004990
0 0.937185 0.875713 0.008734 0.004990
0 0.454484 0.162310 0.008734 0.004990
0 0.462546 0.159933 0.008734 0.004990
0 0.462546 0.155181 0.008734 0.004990
0 0.500504 0.162310 0.008734 0.004990
0 0.508230 0.159933 0.008734 0.004990
0 0.508230 0.155181 0.008734 0.004990
0 0.546187 0.162310 0.008734 0.004990
0 0.553913 0.159933 0.008734 0.004990
0 0.553913 0.155181 0.008734 0.004990
0 0.544508 0.389971 0.009070 0.004990
0 0.759825 0.403992 0.009070 0.004990
0 0.114881 0.155181 0.008734 0.004990
0 0.114881 0.138546 0.008734 0.004990
0 0.141082 0.157557 0.008734 0.004990
0 0.141082 0.140922 0.008734 0.004990
0 0.167282 0.157557 0.008734 0.004990
0 0.167282 0.140922 0.008734 0.004990
0 0.193147 0.155181 0.008734 0.004990
0 0.193147 0.138546 0.008734 0.004990
0 0.227746 0.155181 0.008734 0.004990
0 0.227746 0.138546 0.008734 0.004990
0 0.253611 0.157557 0.008734 0.004990
0 0.253611 0.140922 0.008734 0.004990
0 0.294928 0.157557 0.008734 0.004990
0 0.294928 0.140922 0.008734 0.004990
0 0.317770 0.157557 0.008734 0.004990
0 0.317770 0.140922 0.008734 0.004990
0 0.340611 0.157557 0.008734 0.004990
0 0.340611 0.140922 0.008734 0.004990
0 0.363789 0.159933 0.008734 0.004990
0 0.363789 0.143298 0.008734 0.004990
0 0.396372 0.159933 0.008734 0.004990
0 0.396372 0.143298 0.008734 0.004990
0 0.419214 0.162310 0.008734 0.004990
0 0.419214 0.145675 0.008734 0.004990
0 0.462546 0.145675 0.008734 0.004990
0 0.485388 0.148051 0.008734 0.004990
0 0.508230 0.148051 0.008734 0.004990
0 0.531072 0.150428 0.008734 0.004990
0 0.553913 0.148051 0.008734 0.004990
0 0.576755 0.145675 0.008734 0.004990
0 0.614713 0.159933 0.008734 0.004990
0 0.614713 0.148051 0.008734 0.004990
0 0.614713 0.143298 0.008734 0.004990
0 0.640242 0.157557 0.008734 0.004990
0 0.640242 0.148051 0.008734 0.004990
0 0.640242 0.140922 0.008734 0.004990
0 0.665435 0.157557 0.008734 0.004990
0 0.665435 0.148051 0.008734 0.004990
0 0.665435 0.140922 0.008734 0.004990
0 0.690964 0.159933 0.008734 0.004990
0 0.690964 0.148051 0.008734 0.004990
0 0.690964 0.143298 0.008734 0.004990
0 0.716157 0.159933 0.008734 0.004990
0 0.716157 0.148051 0.008734 0.004990
0 0.716157 0.143298 0.008734 0.004990
0 0.744709 0.152804 0.008734 0.004990
0 0.744709 0.136407 0.008734 0.004990
0 0.818273 0.148051 0.008734 0.004990
0 0.818273 0.131654 0.008734 0.004990
0 0.841115 0.145675 0.008734 0.004990
0 0.841115 0.129278 0.008734 0.004990
0 0.863957 0.145675 0.008734 0.004990
0 0.863957 0.129278 0.008734 0.004990
0 0.886463 0.148051 0.008734 0.004990
0 0.886463 0.131654 0.008734 0.004990
0 0.909305 0.148051 0.008734 0.004990
0 0.909305 0.131654 0.008734 0.004990
0 0.932818 0.150428 0.008734 0.004990
0 0.932818 0.134030 0.008734 0.004990
0 0.120255 0.380466 0.008734 0.004990
0 0.120255 0.364068 0.008734 0.004990
0 0.148136 0.378089 0.008734 0.004990
0 0.148136 0.361692 0.008734 0.004990
0 0.194491 0.378089 0.008734 0.004990
0 0.194491 0.361692 0.008734 0.004990
0 0.222372 0.380466 0.008734 0.004990
0 0.222372 0.364068 0.008734 0.004990
0 0.249916 0.380466 0.008734 0.004990
0 0.249916 0.364068 0.008734 0.004990
0 0.277796 0.382842 0.008734 0.004990
0 0.277796 0.366207 0.008734 0.004990
0 0.332550 0.382842 0.008734 0.004990
0 0.332550 0.366207 0.008734 0.004990
0 0.364125 0.385219 0.008734 0.004990
0 0.364125 0.368584 0.008734 0.004990
0 0.395700 0.385219 0.008734 0.004990
0 0.395700 0.368584 0.008734 0.004990
0 0.427612 0.387595 0.008734 0.004990
0 0.427612 0.370960 0.008734 0.004990
0 0.459187 0.389971 0.008734 0.004990
0 0.459187 0.373337 0.008734 0.004990
0 0.491098 0.392348 0.008734 0.004990
0 0.491098 0.375713 0.008734 0.004990
0 0.541821 0.394724 0.008734 0.004990
0 0.541821 0.378089 0.008734 0.004990
0 0.574068 0.392348 0.008734 0.004990
0 0.574068 0.375713 0.008734 0.004990
0 0.606651 0.392348 0.008734 0.004990
0 0.606651 0.375713 0.008734 0.004990
0 0.639234 0.394724 0.008734 0.004990
0 0.639234 0.378089 0.008734 0.004990
0 0.671481 0.394724 0.008734 0.004990
0 0.671481 0.378089 0.008734 0.004990
0 0.768559 0.413498 0.008734 0.004990
0 0.768559 0.396863 0.008734 0.004990
0 0.799463 0.411122 0.008734 0.004990
0 0.799463 0.394724 0.008734 0.004990
0 0.830702 0.411122 0.008734 0.004990
0 0.830702 0.394724 0.008734 0.004990
0 0.861942 0.413498 0.008734 0.004990
0 0.861942 0.396863 0.008734 0.004990
0 0.893181 0.413498 0.008734 0.004990
0 0.893181 0.396863 0.008734 0.004990
0 0.134363 0.620960 0.008734 0.004990
0 0.142425 0.618584 0.008734 0.004990
0 0.142425 0.604325 0.008734 0.004990
0 0.160900 0.620960 0.008734 0.004990
0 0.168626 0.618584 0.008734 0.004990
0 0.168626 0.604325 0.008734 0.004990
0 0.195163 0.623337 0.008734 0.004990
0 0.195163 0.606702 0.008734 0.004990
0 0.221364 0.623337 0.008734 0.004990
0 0.221364 0.618584 0.008734 0.004990
0 0.221364 0.606702 0.008734 0.004990
0 0.247901 0.625475 0.008734 0.004990
0 0.247901 0.609078 0.008734 0.004990
0 0.307356 0.625475 0.008734 0.004990
0 0.307356 0.609078 0.008734 0.004990
0 0.329862 0.627852 0.008734 0.004990
0 0.329862 0.611454 0.008734 0.004990
0 0.352368 0.627852 0.008734 0.004990
0 0.352368 0.611454 0.008734 0.004990
0 0.374538 0.630228 0.008734 0.004990
0 0.374538 0.613831 0.008734 0.004990
0 0.397044 0.630228 0.008734 0.004990
0 0.397044 0.613831 0.008734 0.004990
0 0.419550 0.632605 0.008734 0.004990
0 0.419550 0.616207 0.008734 0.004990
0 0.469936 0.632605 0.008734 0.004990
0 0.469936 0.623337 0.008734 0.004990
0 0.469936 0.616207 0.008734 0.004990
0 0.510581 0.613831 0.008734 0.004990
0 0.550890 0.616207 0.008734 0.004990
0 0.591199 0.618584 0.008734 0.004990
0 0.631844 0.616207 0.008734 0.004990
0 0.672489 0.613831 0.008734 0.004990
0 0.739335 0.632605 0.008734 0.004990
0 0.739335 0.620960 0.008734 0.004990
0 0.739335 0.616207 0.008734 0.004990
0 0.774941 0.613831 0.008734 0.004990
0 0.810883 0.616207 0.008734 0.004990
0 0.846826 0.618584 0.008734 0.004990
0 0.884112 0.616207 0.008734 0.004990
0 0.919718 0.611454 0.008734 0.004990
0 0.113537 0.848622 0.008734 0.004990
0 0.113537 0.839354 0.008734 0.004990
0 0.113537 0.832224 0.008734 0.004990
0 0.145448 0.829848 0.008734 0.004990
0 0.178032 0.832224 0.008734 0.004990
0 0.209943 0.834601 0.008734 0.004990
0 0.245885 0.832224 0.008734 0.004990
0 0.278132 0.827471 0.008734 0.004990
0 0.330870 0.841730 0.008734 0.004990
0 0.330870 0.834601 0.008734 0.004990
0 0.366812 0.832224 0.008734 0.004990
0 0.402754 0.834601 0.008734 0.004990
0 0.438697 0.836977 0.008734 0.004990
0 0.475983 0.834601 0.008734 0.004990
0 0.511925 0.832224 0.008734 0.004990
0 0.560296 0.836977 0.008734 0.004990
0 0.560296 0.829848 0.008734 0.004990
0 0.592543 0.827471 0.008734 0.004990
0 0.624790 0.829848 0.008734 0.004990
0 0.657037 0.832224 0.008734 0.004990
0 0.692980 0.829848 0.008734 0.004990
0 0.724891 0.827471 0.008734 0.004990
0 0.776285 0.834601 0.008734 0.004990
0 0.776285 0.829848 0.008734 0.004990
0 0.806181 0.827471 0.008734 0.004990
0 0.836077 0.829848 0.008734 0.004990
0 0.865972 0.832224 0.008734 0.004990
0 0.895868 0.829848 0.008734 0.004990
0 0.925764 0.822719 0.008734 0.004990
0 0.114881 0.066302 0.008734 0.004990
0 0.193147 0.073432 0.008734 0.004990
0 0.227746 0.071055 0.008734 0.004990
0 0.253611 0.068679 0.008734 0.004990
0 0.114881 0.061549 0.008734 0.004990
0 0.193147 0.063926 0.008734 0.004990
0 0.227746 0.066302 0.008734 0.004990
0 0.253611 0.068679 0.008734 0.004990
0 0.294928 0.068679 0.008734 0.004990
0 0.363789 0.071055 0.008734 0.004990
0 0.396372 0.071055 0.008734 0.004990
0 0.665435 0.080561 0.008734 0.004990
0 0.716157 0.075808 0.008734 0.004990
0 0.744709 0.068679 0.008734 0.004990
0 0.818273 0.063926 0.008734 0.004990
0 0.863957 0.066302 0.008734 0.004990
0 0.909305 0.068679 0.008734 0.004990
0 0.932818 0.071055 0.008734 0.004990
0 0.120255 0.298479 0.008734 0.004990
0 0.165603 0.300856 0.008734 0.004990
0 0.194491 0.300856 0.008734 0.004990
0 0.491098 0.310361 0.008734 0.004990
0 0.541821 0.312500 0.008734 0.004990
0 0.639234 0.312500 0.008734 0.004990
0 0.671481 0.312500 0.008734 0.004990
0 0.704064 0.312500 0.008734 0.004990
0 0.760161 0.305608 0.008734 0.004990
0 0.861942 0.305608 0.008734 0.004990
0 0.893181 0.307985 0.008734 0.004990
0 0.924421 0.310361 0.008734 0.004990
0 0.115888 0.545627 0.008734 0.004990
0 0.168626 0.548004 0.008734 0.004990
0 0.591199 0.543251 0.008734 0.004990
0 0.631844 0.540875 0.008734 0.004990
0 0.700034 0.538498 0.008734 0.004990
0 0.739335 0.540875 0.008734 0.004990
0 0.810883 0.540875 0.008734 0.004990
0 0.884112 0.540875 0.008734 0.004990
0 0.919718 0.540875 0.008734 0.004990
0 0.113201 0.767110 0.009070 0.004990
0 0.245885 0.769487 0.008734 0.004990
0 0.330870 0.769487 0.008734 0.004990
0 0.402754 0.771863 0.008734 0.004990
0 0.511925 0.769487 0.008734 0.004990
0 0.559960 0.767110 0.009070 0.004990
0 0.692980 0.764734 0.008734 0.004990
0 0.776285 0.767110 0.008734 0.004990
0 0.895868 0.767110 0.008734 0.004990
