0 0.442056 0.650428 0.007390 0.004278
0 0.141753 0.204135 0.007390 0.004278
0 0.159893 0.190114 0.007390 0.004278
0 0.177696 0.186074 0.007390 0.004278
0 0.195835 0.179895 0.007390 0.004278
0 0.213638 0.175856 0.007390 0.004278
0 0.231441 0.171816 0.007390 0.004278
0 0.419214 0.175856 0.007390 0.004278
0 0.412496 0.171816 0.007390 0.004278
0 0.419214 0.169914 0.007390 0.004278
0 0.536782 0.206274 0.007390 0.004278
0 0.558280 0.192015 0.007390 0.004278
0 0.579442 0.183935 0.007390 0.004278
0 0.600605 0.177994 0.007390 0.004278
0 0.622103 0.173954 0.007390 0.004278
0 0.643265 0.169914 0.007390 0.004278
0 0.664763 0.163736 0.007390 0.004278
0 0.125630 0.433222 0.007390 0.004278
0 0.149479 0.427044 0.007390 0.004278
0 0.172993 0.423004 0.007390 0.004278
0 0.196507 0.414924 0.007390 0.004278
0 0.220356 0.413023 0.007390 0.004278
0 0.243870 0.408983 0.007390 0.004278
0 0.267383 0.400903 0.007390 0.004278
0 0.397716 0.433222 0.007390 0.004278
0 0.422573 0.427044 0.007390 0.004278
0 0.447430 0.423004 0.007390 0.004278
0 0.471952 0.414924 0.007390 0.004278
0 0.496809 0.413023 0.007390 0.004278
0 0.521666 0.408983 0.007390 0.004278
0 0.546523 0.400903 0.007390 0.004278
0 0.688949 0.435124 0.007390 0.004278
0 0.713470 0.427044 0.007390 0.004278
0 0.737991 0.421103 0.007390 0.004278
0 0.762849 0.417063 0.007390 0.004278
0 0.787370 0.413023 0.007390 0.004278
0 0.812227 0.406844 0.007390 0.004278
0 0.836748 0.402804 0.007390 0.004278
0 0.133020 0.672766 0.007390 0.004278
0 0.158213 0.664686 0.007390 0.004278
0 0.183742 0.658508 0.007390 0.004278
0 0.209271 0.654468 0.007390 0.004278
0 0.234800 0.650428 0.007390 0.004278
0 0.259993 0.644487 0.007390 0.004278
0 0.285522 0.640447 0.007390 0.004278
0 0.435338 0.648527 0.007390 0.004278
0 0.435338 0.644487 0.007390 0.004278
0 0.499832 0.646388 0.007390 0.004278
0 0.499832 0.642348 0.007390 0.004278
0 0.546859 0.672766 0.007390 0.004278
0 0.576083 0.664686 0.007390 0.004278
0 0.605643 0.658508 0.007390 0.004278
0 0.634867 0.654468 0.007390 0.004278
0 0.664427 0.650428 0.007390 0.004278
0 0.693651 0.644487 0.007390 0.004278
0 0.744038 0.640447 0.007390 0.004278
0 0.814578 0.646388 0.007390 0.004278
0 0.849513 0.646388 0.007390 0.004278
0 0.128653 0.917538 0.007390 0.004278
0 0.128653 0.903279 0.007390 0.004278
0 0.154518 0.903279 0.007390 0.004278
0 0.170977 0.897338 0.007390 0.004278
0 0.187101 0.889259 0.007390 0.004278
0 0.203561 0.883080 0.007390 0.004278
0 0.252267 0.889259 0.007390 0.004278
0 0.268391 0.883080 0.007390 0.004278
0 0.284515 0.879040 0.007390 0.004278
0 0.300638 0.875000 0.007390 0.004278
0 0.328855 0.869059 0.007390 0.004278
0 0.575411 0.903279 0.007390 0.004278
0 0.591871 0.897338 0.007390 0.004278
0 0.606987 0.889259 0.007390 0.004278
0 0.623446 0.883080 0.007390 0.004278
0 0.668794 0.889259 0.007390 0.004278
0 0.683574 0.883080 0.007390 0.004278
0 0.698690 0.879040 0.007390 0.004278
0 0.717501 0.875000 0.007390 0.004278
0 0.745045 0.869059 0.007390 0.004278
0 0.536782 0.131892 0.007390 0.004278
0 0.536782 0.127852 0.007390 0.004278
0 0.536782 0.123812 0.007390 0.004278
0 0.579442 0.131892 0.007390 0.004278
0 0.579442 0.127852 0.007390 0.004278
0 0.579442 0.123812 0.007390 0.004278
0 0.622103 0.131892 0.007390 0.004278
0 0.622103 0.127852 0.007390 0.004278
0 0.622103 0.123812 0.007390 0.004278
0 0.664763 0.127852 0.007390 0.004278
0 0.664763 0.123812 0.007390 0.004278
0 0.698690 0.127852 0.007390 0.004278
0 0.698690 0.123812 0.007390 0.004278
0 0.732617 0.127852 0.007390 0.004278
0 0.732617 0.123812 0.007390 0.004278
0 0.791401 0.127852 0.007390 0.004278
0 0.791401 0.123812 0.007390 0.004278
0 0.821968 0.127852 0.007390 0.004278
0 0.821968 0.123812 0.007390 0.004278
0 0.852872 0.127852 0.007390 0.004278
0 0.852872 0.123812 0.007390 0.004278
0 0.125630 0.366207 0.007390 0.004278
0 0.125630 0.362167 0.007390 0.004278
0 0.172993 0.366207 0.007390 0.004278
0 0.172993 0.362167 0.007390 0.004278
0 0.220356 0.366207 0.007390 0.004278
0 0.220356 0.362167 0.007390 0.004278
0 0.267383 0.366207 0.007390 0.004278
0 0.267383 0.362167 0.007390 0.004278
0 0.305341 0.366207 0.007390 0.004278
0 0.305341 0.362167 0.007390 0.004278
0 0.342963 0.366207 0.007390 0.004278
0 0.342963 0.362167 0.007390 0.004278
0 0.409809 0.366207 0.007390 0.004278
0 0.409809 0.362167 0.007390 0.004278
0 0.409809 0.354087 0.007390 0.004278
0 0.447430 0.366207 0.007390 0.004278
0 0.447430 0.362167 0.007390 0.004278
0 0.447430 0.354087 0.007390 0.004278
0 0.496809 0.366207 0.007390 0.004278
0 0.496809 0.362167 0.007390 0.004278
0 0.496809 0.354087 0.007390 0.004278
0 0.546523 0.366207 0.007390 0.004278
0 0.546523 0.362167 0.007390 0.004278
0 0.546523 0.354087 0.007390 0.004278
0 0.586161 0.366207 0.007390 0.004278
0 0.586161 0.362167 0.007390 0.004278
0 0.586161 0.354087 0.007390 0.004278
0 0.625798 0.366207 0.007390 0.004278
0 0.625798 0.362167 0.007390 0.004278
0 0.625798 0.354087 0.007390 0.004278
0 0.688949 0.366207 0.007390 0.004278
0 0.688949 0.360266 0.007390 0.004278
0 0.688949 0.356226 0.007390 0.004278
0 0.737991 0.366207 0.007390 0.004278
0 0.737991 0.360266 0.007390 0.004278
0 0.737991 0.356226 0.007390 0.004278
0 0.787370 0.366207 0.007390 0.004278
0 0.787370 0.360266 0.007390 0.004278
0 0.787370 0.356226 0.007390 0.004278
0 0.836748 0.366207 0.007390 0.004278
0 0.836748 0.360266 0.007390 0.004278
0 0.836748 0.356226 0.007390 0.004278
0 0.876050 0.366207 0.007390 0.004278
0 0.876050 0.360266 0.007390 0.004278
0 0.876050 0.356226 0.007390 0.004278
0 0.915687 0.366207 0.007390 0.004278
0 0.915687 0.360266 0.007390 0.004278
0 0.915687 0.356226 0.007390 0.004278
0 0.133020 0.600523 0.007390 0.004278
0 0.133020 0.594582 0.007390 0.004278
0 0.133020 0.590542 0.007390 0.004278
0 0.183742 0.600523 0.007390 0.004278
0 0.183742 0.594582 0.007390 0.004278
0 0.183742 0.590542 0.007390 0.004278
0 0.234800 0.600523 0.007390 0.004278
0 0.234800 0.594582 0.007390 0.004278
0 0.234800 0.590542 0.007390 0.004278
0 0.285522 0.600523 0.007390 0.004278
0 0.285522 0.594582 0.007390 0.004278
0 0.285522 0.590542 0.007390 0.004278
0 0.326167 0.600523 0.007390 0.004278
0 0.326167 0.594582 0.007390 0.004278
0 0.326167 0.590542 0.007390 0.004278
0 0.366812 0.600523 0.007390 0.004278
0 0.366812 0.594582 0.007390 0.004278
0 0.366812 0.590542 0.007390 0.004278
0 0.435338 0.602662 0.007390 0.004278
0 0.428284 0.600523 0.007390 0.004278
0 0.435338 0.598622 0.007390 0.004278
0 0.435338 0.594582 0.007390 0.004278
0 0.493114 0.602662 0.007390 0.004278
0 0.499832 0.600523 0.007390 0.004278
0 0.499832 0.596483 0.007390 0.004278
0 0.499832 0.592443 0.007390 0.004278
0 0.546859 0.600523 0.007390 0.004278
0 0.546859 0.594582 0.007390 0.004278
0 0.546859 0.590542 0.007390 0.004278
0 0.605643 0.600523 0.007390 0.004278
0 0.605643 0.594582 0.007390 0.004278
0 0.605643 0.590542 0.007390 0.004278
0 0.664427 0.600523 0.007390 0.004278
0 0.664427 0.594582 0.007390 0.004278
0 0.664427 0.590542 0.007390 0.004278
0 0.744038 0.600523 0.007390 0.004278
0 0.744038 0.594582 0.007390 0.004278
0 0.744038 0.590542 0.007390 0.004278
0 0.779308 0.600523 0.007390 0.004278
0 0.779308 0.594582 0.007390 0.004278
0 0.779308 0.590542 0.007390 0.004278
0 0.814578 0.600523 0.007390 0.004278
0 0.814578 0.594582 0.007390 0.004278
0 0.814578 0.590542 0.007390 0.004278
0 0.849513 0.600523 0.007390 0.004278
0 0.849513 0.594582 0.007390 0.004278
0 0.849513 0.590542 0.007390 0.004278
0 0.884783 0.600523 0.007390 0.004278
0 0.884783 0.594582 0.007390 0.004278
0 0.884783 0.590542 0.007390 0.004278
0 0.920054 0.600523 0.007390 0.004278
0 0.920054 0.594582 0.007390 0.004278
0 0.920054 0.590542 0.007390 0.004278
0 0.123950 0.134030 0.007390 0.004278
0 0.123950 0.129990 0.007390 0.004278
0 0.123950 0.125951 0.007390 0.004278
0 0.123950 0.119772 0.007390 0.004278
0 0.159893 0.134030 0.007390 0.004278
0 0.159893 0.125951 0.007390 0.004278
0 0.159893 0.119772 0.007390 0.004278
0 0.195835 0.134030 0.007390 0.004278
0 0.195835 0.125951 0.007390 0.004278
0 0.195835 0.119772 0.007390 0.004278
0 0.231441 0.134030 0.007390 0.004278
0 0.231441 0.125951 0.007390 0.004278
0 0.231441 0.119772 0.007390 0.004278
0 0.260329 0.134030 0.007390 0.004278
0 0.260329 0.125951 0.007390 0.004278
0 0.260329 0.119772 0.007390 0.004278
0 0.288881 0.134030 0.007390 0.004278
0 0.288881 0.125951 0.007390 0.004278
0 0.288881 0.119772 0.007390 0.004278
0 0.333557 0.134030 0.007390 0.004278
0 0.333557 0.125951 0.007390 0.004278
0 0.333557 0.119772 0.007390 0.004278
0 0.362110 0.134030 0.007390 0.004278
0 0.362110 0.125951 0.007390 0.004278
0 0.362110 0.119772 0.007390 0.004278
0 0.390662 0.134030 0.007390 0.004278
0 0.390662 0.125951 0.007390 0.004278
0 0.390662 0.119772 0.007390 0.004278
0 0.419214 0.134030 0.007390 0.004278
0 0.419214 0.125951 0.007390 0.004278
0 0.425932 0.123812 0.007390 0.004278
0 0.419214 0.119772 0.007390 0.004278
0 0.447766 0.134030 0.007390 0.004278
0 0.447766 0.125951 0.007390 0.004278
0 0.454484 0.123812 0.007390 0.004278
0 0.447766 0.119772 0.007390 0.004278
0 0.483708 0.134030 0.007390 0.004278
0 0.483708 0.125951 0.007390 0.004278
0 0.490427 0.123812 0.007390 0.004278
0 0.483708 0.119772 0.007390 0.004278
0 0.536782 0.117871 0.007726 0.004278
0 0.793752 0.131892 0.007390 0.004278
0 0.793752 0.117871 0.007390 0.004278
0 0.883776 0.129990 0.007390 0.004278
0 0.883776 0.115732 0.007390 0.004278
0 0.132012 0.368346 0.007726 0.004278
0 0.132012 0.354087 0.007726 0.004278
0 0.397380 0.352186 0.007726 0.004278
0 0.688613 0.352186 0.007726 0.004278
0 0.133020 0.586502 0.007390 0.004278
0 0.285522 0.586502 0.007390 0.004278
0 0.435338 0.586502 0.007390 0.004278
0 0.546859 0.586502 0.007390 0.004278
0 0.744038 0.586502 0.007726 0.004278
0 0.128653 0.838641 0.007390 0.004278
0 0.128653 0.834601 0.007390 0.004278
0 0.128653 0.828660 0.007390 0.004278
0 0.128653 0.824620 0.007390 0.004278
0 0.219684 0.852899 0.007390 0.004278
0 0.235808 0.848859 0.007390 0.004278
0 0.252267 0.842681 0.007390 0.004278
0 0.268391 0.838641 0.007390 0.004278
0 0.284515 0.834601 0.007390 0.004278
0 0.300638 0.828660 0.007390 0.004278
0 0.328855 0.824620 0.007390 0.004278
0 0.348673 0.828660 0.007390 0.004278
0 0.365469 0.834601 0.007390 0.004278
0 0.382264 0.865019 0.007390 0.004278
0 0.404434 0.869059 0.007390 0.004278
0 0.421229 0.875000 0.007390 0.004278
0 0.438025 0.838641 0.007390 0.004278
0 0.454820 0.842681 0.007390 0.004278
0 0.471280 0.848859 0.007390 0.004278
0 0.488075 0.879040 0.007390 0.004278
0 0.505542 0.883080 0.007390 0.004278
0 0.522338 0.889259 0.007390 0.004278
0 0.551226 0.852899 0.007390 0.004278
0 0.551226 0.848859 0.007390 0.004278
0 0.551226 0.842681 0.007390 0.004278
0 0.551226 0.838641 0.007390 0.004278
0 0.638562 0.852899 0.007390 0.004278
0 0.653678 0.848859 0.007390 0.004278
0 0.668794 0.842681 0.007390 0.004278
0 0.683574 0.838641 0.007390 0.004278
0 0.698690 0.834601 0.007390 0.004278
0 0.717501 0.828660 0.007390 0.004278
0 0.745045 0.824620 0.007390 0.004278
0 0.764528 0.828660 0.007390 0.004278
0 0.781323 0.834601 0.007390 0.004278
0 0.798119 0.865019 0.007390 0.004278
0 0.820289 0.869059 0.007390 0.004278
0 0.837084 0.875000 0.007390 0.004278
0 0.853880 0.838641 0.007390 0.004278
0 0.870675 0.842681 0.007390 0.004278
0 0.887471 0.848859 0.007390 0.004278
0 0.903930 0.879040 0.007390 0.004278
0 0.921733 0.883080 0.007390 0.004278
0 0.938193 0.889259 0.007390 0.004278
0 0.231441 0.069867 0.007390 0.004278
0 0.333557 0.069867 0.007390 0.004278
0 0.465569 0.067728 0.007390 0.004278
0 0.536782 0.071768 0.007726 0.004278
0 0.220356 0.299192 0.007390 0.004278
0 0.267383 0.299192 0.007390 0.004278
0 0.397716 0.299192 0.007390 0.004278
0 0.447430 0.299192 0.007390 0.004278
0 0.496809 0.299192 0.007390 0.004278
0 0.546523 0.297053 0.007390 0.004278
0 0.625798 0.295152 0.007390 0.004278
0 0.688613 0.293013 0.007726 0.004278
0 0.133020 0.540162 0.007390 0.004278
0 0.234800 0.540162 0.007390 0.004278
0 0.285522 0.534221 0.007390 0.004278
0 0.435338 0.534221 0.007390 0.004278
0 0.499832 0.532082 0.007390 0.004278
0 0.546859 0.530181 0.007390 0.004278
0 0.744038 0.530181 0.007390 0.004278
0 0.849513 0.530181 0.007390 0.004278
0 0.128653 0.765684 0.007726 0.004278
0 0.328855 0.765684 0.007390 0.004278
0 0.438025 0.775903 0.007390 0.004278
0 0.551226 0.767586 0.007390 0.004278
0 0.638562 0.769724 0.007390 0.004278
0 0.745045 0.771625 0.007390 0.004278
0 0.853880 0.775903 0.007390 0.004278
0 0.921733 0.779943 0.007390 0.004278
