0 0.121599 0.203660 0.007726 0.004515
0 0.161908 0.194867 0.007726 0.004515
0 0.201881 0.203660 0.007726 0.004515
0 0.241854 0.203660 0.007726 0.004515
0 0.241854 0.197006 0.007726 0.004515
0 0.307020 0.203660 0.007726 0.004515
0 0.307020 0.194867 0.007726 0.004515
0 0.332214 0.203660 0.007726 0.004515
0 0.332214 0.192728 0.007726 0.004515
0 0.383944 0.205798 0.007726 0.004515
0 0.383944 0.192728 0.007726 0.004515
0 0.458515 0.205798 0.007726 0.004515
0 0.458515 0.194867 0.007726 0.004515
0 0.519651 0.205798 0.007726 0.004515
0 0.519651 0.199144 0.007726 0.004515
0 0.572052 0.205798 0.007726 0.004515
0 0.572052 0.197006 0.007726 0.004515
0 0.624790 0.205798 0.007726 0.004515
0 0.624790 0.197006 0.007726 0.004515
0 0.665099 0.205798 0.007726 0.004515
0 0.665099 0.197006 0.007726 0.004515
0 0.717837 0.205798 0.007726 0.004515
0 0.717837 0.197006 0.007726 0.004515
0 0.798791 0.199144 0.007726 0.004515
0 0.798791 0.194867 0.007726 0.004515
0 0.857911 0.199144 0.007726 0.004515
0 0.857911 0.194867 0.007726 0.004515
0 0.128989 0.406369 0.007726 0.004515
0 0.128989 0.399715 0.007726 0.004515
0 0.173665 0.406369 0.007726 0.004515
0 0.173665 0.399715 0.007726 0.004515
0 0.233456 0.406369 0.007726 0.004515
0 0.233456 0.397576 0.007726 0.004515
0 0.278132 0.406369 0.007726 0.004515
0 0.278132 0.393061 0.007726 0.004515
0 0.358750 0.415162 0.007726 0.004515
0 0.358750 0.406369 0.007726 0.004515
0 0.358750 0.395437 0.007726 0.004515
0 0.413168 0.406369 0.007726 0.004515
0 0.413168 0.399715 0.007726 0.004515
0 0.413168 0.395437 0.007726 0.004515
0 0.548875 0.415162 0.007726 0.004515
0 0.548875 0.406369 0.007726 0.004515
0 0.548875 0.395437 0.007726 0.004515
0 0.629493 0.410646 0.007726 0.004515
0 0.629493 0.406369 0.007726 0.004515
0 0.735304 0.419439 0.007726 0.004515
0 0.735304 0.403992 0.007726 0.004515
0 0.767887 0.403992 0.007726 0.004515
0 0.767887 0.399715 0.007726 0.004515
0 0.808532 0.410646 0.007726 0.004515
0 0.841115 0.426093 0.007726 0.004515
0 0.841115 0.410646 0.007726 0.004515
0 0.881760 0.401854 0.007726 0.004515
0 0.881760 0.397576 0.007726 0.004515
0 0.914343 0.410646 0.007726 0.004515
0 0.123950 0.599097 0.007726 0.004515
0 0.123950 0.583888 0.007726 0.004515
0 0.162244 0.583888 0.007726 0.004515
0 0.162244 0.579373 0.007726 0.004515
0 0.200202 0.590304 0.007726 0.004515
0 0.258986 0.599097 0.007726 0.004515
0 0.258986 0.583888 0.007726 0.004515
0 0.297279 0.583888 0.007726 0.004515
0 0.297279 0.579373 0.007726 0.004515
0 0.335573 0.590304 0.007726 0.004515
0 0.386967 0.596958 0.007726 0.004515
0 0.386967 0.581749 0.007726 0.004515
0 0.431643 0.577234 0.007726 0.004515
0 0.431643 0.572956 0.007726 0.004515
0 0.476654 0.586027 0.007726 0.004515
0 0.521330 0.601236 0.007726 0.004515
0 0.521330 0.586027 0.007726 0.004515
0 0.566006 0.577234 0.007726 0.004515
0 0.566006 0.572956 0.007726 0.004515
0 0.610682 0.586027 0.007726 0.004515
0 0.685590 0.594819 0.007726 0.004515
0 0.685590 0.579373 0.007726 0.004515
0 0.730601 0.579373 0.007726 0.004515
0 0.730601 0.575095 0.007726 0.004515
0 0.775277 0.586027 0.007726 0.004515
0 0.820289 0.594819 0.007726 0.004515
0 0.820289 0.579373 0.007726 0.004515
0 0.864965 0.579373 0.007726 0.004515
0 0.864965 0.575095 0.007726 0.004515
0 0.909976 0.586027 0.007726 0.004515
0 0.123950 0.785884 0.007726 0.004515
0 0.123950 0.770675 0.007726 0.004515
0 0.160900 0.761882 0.007726 0.004515
0 0.160900 0.755466 0.007726 0.004515
0 0.198186 0.770675 0.007726 0.004515
0 0.227746 0.779468 0.007726 0.004515
0 0.227746 0.764021 0.007726 0.004515
0 0.265032 0.759743 0.007726 0.004515
0 0.265032 0.755466 0.007726 0.004515
0 0.301982 0.770675 0.007726 0.004515
0 0.341955 0.785884 0.007726 0.004515
0 0.341955 0.770675 0.007726 0.004515
0 0.377225 0.761882 0.007726 0.004515
0 0.377225 0.755466 0.007726 0.004515
0 0.412496 0.770675 0.007726 0.004515
0 0.440376 0.785884 0.007726 0.004515
0 0.440376 0.770675 0.007726 0.004515
0 0.475647 0.761882 0.007726 0.004515
0 0.475647 0.757605 0.007726 0.004515
0 0.510917 0.770675 0.007726 0.004515
0 0.560967 0.788260 0.007726 0.004515
0 0.560967 0.772814 0.007726 0.004515
0 0.588512 0.761882 0.007726 0.004515
0 0.588512 0.757605 0.007726 0.004515
0 0.616056 0.772814 0.007726 0.004515
0 0.662748 0.788260 0.007726 0.004515
0 0.662748 0.772814 0.007726 0.004515
0 0.690292 0.764021 0.007726 0.004515
0 0.690292 0.759743 0.007726 0.004515
0 0.718173 0.772814 0.007726 0.004515
0 0.776285 0.781606 0.007726 0.004515
0 0.776285 0.766397 0.007726 0.004515
0 0.809204 0.766397 0.007726 0.004515
0 0.809204 0.761882 0.007726 0.004515
0 0.842459 0.772814 0.007726 0.004515
0 0.875378 0.781606 0.007726 0.004515
0 0.121599 0.903992 0.007726 0.004515
0 0.121599 0.888783 0.007726 0.004515
0 0.151495 0.888783 0.007726 0.004515
0 0.151495 0.884268 0.007726 0.004515
0 0.189117 0.895200 0.007726 0.004515
0 0.219012 0.910646 0.007726 0.004515
0 0.219012 0.895200 0.007726 0.004515
0 0.256298 0.886407 0.007726 0.004515
0 0.256298 0.882129 0.007726 0.004515
0 0.286194 0.895200 0.007726 0.004515
0 0.332885 0.903992 0.007726 0.004515
0 0.332885 0.888783 0.007726 0.004515
0 0.364125 0.888783 0.007726 0.004515
0 0.364125 0.884268 0.007726 0.004515
0 0.395029 0.895200 0.007726 0.004515
0 0.443063 0.903992 0.007726 0.004515
0 0.443063 0.888783 0.007726 0.004515
0 0.474303 0.888783 0.007726 0.004515
0 0.474303 0.884268 0.007726 0.004515
0 0.505207 0.895200 0.007726 0.004515
0 0.545852 0.910646 0.007726 0.004515
0 0.545852 0.895200 0.007726 0.004515
0 0.576755 0.884268 0.007726 0.004515
0 0.576755 0.879990 0.007726 0.004515
0 0.607659 0.895200 0.007726 0.004515
0 0.657373 0.910646 0.007726 0.004515
0 0.657373 0.895200 0.007726 0.004515
0 0.688277 0.886407 0.007726 0.004515
0 0.688277 0.882129 0.007726 0.004515
0 0.719180 0.895200 0.007726 0.004515
0 0.773933 0.903992 0.007726 0.004515
0 0.773933 0.888783 0.007726 0.004515
0 0.811891 0.888783 0.007726 0.004515
0 0.811891 0.884268 0.007726 0.004515
0 0.850185 0.895200 0.007726 0.004515
0 0.888478 0.903992 0.007726 0.004515
0 0.413168 0.362405 0.007726 0.004515
0 0.121599 0.159696 0.007726 0.004515
0 0.121599 0.155418 0.007726 0.004515
0 0.161908 0.164211 0.007726 0.004515
0 0.161908 0.159696 0.007726 0.004515
0 0.201881 0.159696 0.007726 0.004515
0 0.201881 0.155418 0.007726 0.004515
0 0.241854 0.162072 0.007726 0.004515
0 0.241854 0.153279 0.007726 0.004515
0 0.307020 0.159696 0.007726 0.004515
0 0.307020 0.155418 0.007726 0.004515
0 0.332214 0.162072 0.007726 0.004515
0 0.332214 0.157557 0.007726 0.004515
0 0.383944 0.162072 0.007726 0.004515
0 0.383944 0.157557 0.007726 0.004515
0 0.458515 0.159696 0.007726 0.004515
0 0.458515 0.155418 0.007726 0.004515
0 0.519651 0.155418 0.007726 0.004515
0 0.519651 0.151141 0.007726 0.004515
0 0.572052 0.166350 0.007726 0.004515
0 0.572052 0.162072 0.007726 0.004515
0 0.572052 0.157557 0.007726 0.004515
0 0.572052 0.151141 0.007726 0.004515
0 0.624790 0.166350 0.007726 0.004515
0 0.624790 0.162072 0.007726 0.004515
0 0.624790 0.157557 0.007726 0.004515
0 0.624790 0.151141 0.007726 0.004515
0 0.665099 0.166350 0.007726 0.004515
0 0.665099 0.162072 0.007726 0.004515
0 0.665099 0.157557 0.007726 0.004515
0 0.665099 0.151141 0.007726 0.004515
0 0.717837 0.166350 0.007726 0.004515
0 0.717837 0.162072 0.007726 0.004515
0 0.717837 0.157557 0.007726 0.004515
0 0.717837 0.151141 0.007726 0.004515
0 0.798791 0.166350 0.007726 0.004515
0 0.798791 0.159696 0.007726 0.004515
0 0.798791 0.155418 0.007726 0.004515
0 0.798791 0.151141 0.007726 0.004515
0 0.857911 0.164211 0.007726 0.004515
0 0.857911 0.155418 0.007726 0.004515
0 0.857911 0.151141 0.007726 0.004515
0 0.128989 0.366920 0.007726 0.004515
0 0.128989 0.360266 0.007726 0.004515
0 0.128989 0.355989 0.007726 0.004515
0 0.173665 0.366920 0.007726 0.004515
0 0.173665 0.362405 0.007726 0.004515
0 0.173665 0.355989 0.007726 0.004515
0 0.173665 0.351473 0.007726 0.004515
0 0.233456 0.366920 0.007726 0.004515
0 0.233456 0.362405 0.007726 0.004515
0 0.233456 0.358127 0.007726 0.004515
0 0.233456 0.351473 0.007726 0.004515
0 0.278132 0.366920 0.007726 0.004515
0 0.278132 0.362405 0.007726 0.004515
0 0.278132 0.358127 0.007726 0.004515
0 0.278132 0.351473 0.007726 0.004515
0 0.358750 0.366920 0.007726 0.004515
0 0.358750 0.360266 0.007726 0.004515
0 0.358750 0.355989 0.007726 0.004515
0 0.358750 0.351473 0.007726 0.004515
0 0.413168 0.349335 0.007726 0.004515
0 0.454820 0.351473 0.007726 0.004515
0 0.475983 0.355989 0.007726 0.004515
0 0.497481 0.360266 0.007726 0.004515
0 0.548875 0.366920 0.007726 0.004515
0 0.548875 0.360266 0.007726 0.004515
0 0.548875 0.355989 0.007726 0.004515
0 0.548875 0.351473 0.007726 0.004515
0 0.594894 0.355989 0.007726 0.004515
0 0.594894 0.351473 0.007726 0.004515
0 0.594894 0.345057 0.007726 0.004515
0 0.629493 0.351473 0.007726 0.004515
0 0.629493 0.345057 0.007726 0.004515
0 0.629493 0.340542 0.007726 0.004515
0 0.675512 0.345057 0.007726 0.004515
0 0.675512 0.340542 0.007726 0.004515
0 0.735304 0.345057 0.007726 0.004515
0 0.735304 0.340542 0.007726 0.004515
0 0.788042 0.342681 0.007726 0.004515
0 0.788042 0.338403 0.007726 0.004515
0 0.808532 0.345057 0.007726 0.004515
0 0.808532 0.340542 0.007726 0.004515
0 0.841115 0.351473 0.007726 0.004515
0 0.841115 0.347196 0.007726 0.004515
0 0.861270 0.349335 0.007726 0.004515
0 0.861270 0.345057 0.007726 0.004515
0 0.881760 0.347196 0.007726 0.004515
0 0.881760 0.342681 0.007726 0.004515
0 0.914343 0.349335 0.007726 0.004515
0 0.914343 0.345057 0.007726 0.004515
0 0.934498 0.351473 0.007726 0.004515
0 0.934498 0.347196 0.007726 0.004515
0 0.123950 0.535646 0.007726 0.004515
0 0.123950 0.528992 0.007726 0.004515
0 0.123950 0.524715 0.007726 0.004515
0 0.200202 0.537785 0.007726 0.004515
0 0.200202 0.526854 0.007726 0.004515
0 0.220020 0.535646 0.007726 0.004515
0 0.220020 0.524715 0.007726 0.004515
0 0.239503 0.537785 0.007726 0.004515
0 0.239503 0.526854 0.007726 0.004515
0 0.258986 0.540162 0.007726 0.004515
0 0.258986 0.528992 0.007726 0.004515
0 0.335573 0.540162 0.007726 0.004515
0 0.335573 0.528992 0.007726 0.004515
0 0.386967 0.537785 0.007726 0.004515
0 0.386967 0.528992 0.007726 0.004515
0 0.409473 0.531369 0.007726 0.004515
0 0.431643 0.533508 0.007726 0.004515
0 0.431643 0.528992 0.007726 0.004515
0 0.454148 0.531369 0.007726 0.004515
0 0.476654 0.533508 0.007726 0.004515
0 0.476654 0.528992 0.007726 0.004515
0 0.498824 0.531369 0.007726 0.004515
0 0.521330 0.533508 0.007726 0.004515
0 0.521330 0.528992 0.007726 0.004515
0 0.543500 0.531369 0.007726 0.004515
0 0.566006 0.533508 0.007726 0.004515
0 0.566006 0.528992 0.007726 0.004515
0 0.588512 0.531369 0.007726 0.004515
0 0.610682 0.533508 0.007726 0.004515
0 0.610682 0.528992 0.007726 0.004515
0 0.640578 0.531369 0.007726 0.004515
0 0.685590 0.535646 0.007726 0.004515
0 0.685590 0.528992 0.007726 0.004515
0 0.708095 0.531369 0.007726 0.004515
0 0.730601 0.535646 0.007726 0.004515
0 0.730601 0.528992 0.007726 0.004515
0 0.752771 0.531369 0.007726 0.004515
0 0.775277 0.535646 0.007726 0.004515
0 0.775277 0.528992 0.007726 0.004515
0 0.797783 0.531369 0.007726 0.004515
0 0.820289 0.535646 0.007726 0.004515
0 0.820289 0.526854 0.007726 0.004515
0 0.842795 0.531369 0.007726 0.004515
0 0.864965 0.535646 0.007726 0.004515
0 0.864965 0.526854 0.007726 0.004515
0 0.887471 0.531369 0.007726 0.004515
0 0.909976 0.535646 0.007726 0.004515
0 0.909976 0.526854 0.007726 0.004515
0 0.932482 0.531369 0.007726 0.004515
0 0.123950 0.716017 0.007726 0.004515
0 0.123950 0.711502 0.007726 0.004515
0 0.142425 0.722433 0.007726 0.004515
0 0.160900 0.726949 0.007726 0.004515
0 0.179711 0.722433 0.007726 0.004515
0 0.198186 0.716017 0.007726 0.004515
0 0.198186 0.711502 0.007726 0.004515
0 0.227746 0.716017 0.007726 0.004515
0 0.227746 0.709363 0.007726 0.004515
0 0.246221 0.720295 0.007726 0.004515
0 0.265032 0.724810 0.007726 0.004515
0 0.283507 0.720295 0.007726 0.004515
0 0.301982 0.716017 0.007726 0.004515
0 0.301982 0.709363 0.007726 0.004515
0 0.341955 0.716017 0.007726 0.004515
0 0.341955 0.711502 0.007726 0.004515
0 0.359422 0.722433 0.007726 0.004515
0 0.377225 0.726949 0.007726 0.004515
0 0.394693 0.722433 0.007726 0.004515
0 0.412496 0.716017 0.007726 0.004515
0 0.412496 0.711502 0.007726 0.004515
0 0.440376 0.718156 0.007726 0.004515
0 0.440376 0.711502 0.007726 0.004515
0 0.458179 0.722433 0.007726 0.004515
0 0.475647 0.726949 0.007726 0.004515
0 0.493450 0.722433 0.007726 0.004515
0 0.510917 0.718156 0.007726 0.004515
0 0.510917 0.711502 0.007726 0.004515
0 0.560967 0.722433 0.007726 0.004515
0 0.560967 0.718156 0.007726 0.004515
0 0.560967 0.711502 0.007726 0.004515
0 0.616056 0.718156 0.007726 0.004515
0 0.616056 0.707224 0.007726 0.004515
0 0.630165 0.720295 0.007726 0.004515
0 0.630165 0.709363 0.007726 0.004515
0 0.644273 0.722433 0.007726 0.004515
0 0.644273 0.711502 0.007726 0.004515
0 0.662748 0.724810 0.007726 0.004515
0 0.662748 0.713641 0.007726 0.004515
0 0.718173 0.724810 0.007726 0.004515
0 0.718173 0.713641 0.007726 0.004515
0 0.732281 0.722433 0.007726 0.004515
0 0.732281 0.711502 0.007726 0.004515
0 0.746389 0.720295 0.007726 0.004515
0 0.746389 0.709363 0.007726 0.004515
0 0.776285 0.722433 0.007726 0.004515
0 0.776285 0.711502 0.007726 0.004515
0 0.792744 0.720295 0.007726 0.004515
0 0.792744 0.716017 0.007726 0.004515
0 0.809204 0.722433 0.007726 0.004515
0 0.809204 0.718156 0.007726 0.004515
0 0.825999 0.720295 0.007726 0.004515
0 0.825999 0.716017 0.007726 0.004515
0 0.842459 0.722433 0.007726 0.004515
0 0.842459 0.718156 0.007726 0.004515
0 0.858918 0.720295 0.007726 0.004515
0 0.858918 0.716017 0.007726 0.004515
0 0.875378 0.722433 0.007726 0.004515
0 0.875378 0.718156 0.007726 0.004515
0 0.928451 0.722433 0.007726 0.004515
0 0.928451 0.718156 0.007726 0.004515
0 0.121599 0.844819 0.007726 0.004515
0 0.121599 0.840542 0.007726 0.004515
0 0.170306 0.842681 0.007726 0.004515
0 0.170306 0.838403 0.007726 0.004515
0 0.189117 0.844819 0.007726 0.004515
0 0.189117 0.840542 0.007726 0.004515
0 0.219012 0.851473 0.007726 0.004515
0 0.219012 0.846958 0.007726 0.004515
0 0.237487 0.849335 0.007726 0.004515
0 0.237487 0.844819 0.007726 0.004515
0 0.256298 0.846958 0.007726 0.004515
0 0.256298 0.842681 0.007726 0.004515
0 0.286194 0.849335 0.007726 0.004515
0 0.286194 0.844819 0.007726 0.004515
0 0.304669 0.851473 0.007726 0.004515
0 0.304669 0.846958 0.007726 0.004515
0 0.332885 0.855751 0.007726 0.004515
0 0.332885 0.849335 0.007726 0.004515
0 0.332885 0.844819 0.007726 0.004515
0 0.395029 0.858127 0.007726 0.004515
0 0.395029 0.846958 0.007726 0.004515
0 0.411152 0.855751 0.007726 0.004515
0 0.411152 0.844819 0.007726 0.004515
0 0.426940 0.858127 0.007726 0.004515
0 0.426940 0.846958 0.007726 0.004515
0 0.443063 0.860266 0.007726 0.004515
0 0.443063 0.849335 0.007726 0.004515
0 0.505207 0.844819 0.007726 0.004515
0 0.505207 0.840542 0.007726 0.004515
0 0.545852 0.844819 0.007726 0.004515
0 0.545852 0.840542 0.007726 0.004515
0 0.545852 0.833888 0.007726 0.004515
0 0.607659 0.840542 0.007726 0.004515
0 0.607659 0.829610 0.007726 0.004515
0 0.623446 0.842681 0.007726 0.004515
0 0.623446 0.831749 0.007726 0.004515
0 0.639234 0.844819 0.007726 0.004515
0 0.639234 0.833888 0.007726 0.004515
0 0.657373 0.846958 0.007726 0.004515
0 0.657373 0.836027 0.007726 0.004515
0 0.719180 0.846958 0.007726 0.004515
0 0.719180 0.836027 0.007726 0.004515
0 0.734968 0.844819 0.007726 0.004515
0 0.734968 0.833888 0.007726 0.004515
0 0.750756 0.842681 0.007726 0.004515
0 0.750756 0.831749 0.007726 0.004515
0 0.773933 0.844819 0.007726 0.004515
0 0.773933 0.833888 0.007726 0.004515
0 0.793080 0.840542 0.007726 0.004515
0 0.793080 0.829610 0.007726 0.004515
0 0.811891 0.842681 0.007726 0.004515
0 0.811891 0.831749 0.007726 0.004515
0 0.831038 0.840542 0.007726 0.004515
0 0.831038 0.829610 0.007726 0.004515
0 0.850185 0.842681 0.007726 0.004515
0 0.850185 0.831749 0.007726 0.004515
0 0.869332 0.840542 0.007726 0.004515
0 0.869332 0.829610 0.007726 0.004515
0 0.888478 0.844819 0.007726 0.004515
0 0.888478 0.833888 0.007726 0.004515
0 0.121599 0.075095 0.007726 0.004515
0 0.161908 0.079373 0.007726 0.004515
0 0.201881 0.075095 0.007726 0.004515
0 0.241854 0.072719 0.007726 0.004515
0 0.281827 0.075095 0.007726 0.004515
0 0.332214 0.077234 0.007726 0.004515
0 0.121599 0.075095 0.007726 0.004515
0 0.161908 0.079373 0.007726 0.004515
0 0.201881 0.075095 0.007726 0.004515
0 0.241854 0.072719 0.007726 0.004515
0 0.281827 0.075095 0.007726 0.004515
0 0.332214 0.077234 0.007726 0.004515
0 0.383944 0.068441 0.007726 0.004515
0 0.458515 0.070580 0.007726 0.004515
0 0.519651 0.070580 0.007726 0.004515
0 0.572052 0.066302 0.007726 0.004515
0 0.624790 0.070580 0.007726 0.004515
0 0.665099 0.072719 0.007726 0.004515
0 0.717837 0.072719 0.007726 0.004515
0 0.738327 0.075095 0.007726 0.004515
0 0.759154 0.077234 0.007726 0.004515
0 0.798791 0.079373 0.007726 0.004515
0 0.908633 0.075095 0.007726 0.004515
0 0.931811 0.072719 0.007726 0.004515
0 0.128989 0.273527 0.007726 0.004515
0 0.173665 0.273527 0.007726 0.004515
0 0.193819 0.271150 0.007726 0.004515
0 0.213638 0.269011 0.007726 0.004515
0 0.233456 0.271150 0.007726 0.004515
0 0.278132 0.271150 0.007726 0.004515
0 0.293920 0.273527 0.007726 0.004515
0 0.310044 0.275665 0.007726 0.004515
0 0.325831 0.273527 0.007726 0.004515
0 0.358750 0.277804 0.007726 0.004515
0 0.475983 0.277804 0.007726 0.004515
0 0.548875 0.277804 0.007726 0.004515
0 0.675512 0.273527 0.007726 0.004515
0 0.735304 0.273527 0.007726 0.004515
0 0.788042 0.271150 0.007726 0.004515
0 0.808532 0.273527 0.007726 0.004515
0 0.841115 0.279943 0.007726 0.004515
0 0.861270 0.277804 0.007726 0.004515
0 0.881760 0.275665 0.007726 0.004515
0 0.914343 0.277804 0.007726 0.004515
0 0.934498 0.279943 0.007726 0.004515
0 0.123950 0.482652 0.007726 0.004515
0 0.200202 0.484791 0.007726 0.004515
0 0.220020 0.482652 0.007726 0.004515
0 0.239503 0.484791 0.007726 0.004515
0 0.258986 0.487167 0.007726 0.004515
0 0.335573 0.487167 0.007726 0.004515
0 0.386967 0.489306 0.007726 0.004515
0 0.476654 0.489306 0.007726 0.004515
0 0.521330 0.473859 0.007726 0.004515
0 0.610682 0.476236 0.007726 0.004515
0 0.629157 0.478375 0.007726 0.004515
0 0.651999 0.480513 0.007726 0.004515
0 0.685590 0.478375 0.007726 0.004515
0 0.123950 0.655894 0.007726 0.004515
0 0.198186 0.662310 0.007726 0.004515
0 0.227746 0.660171 0.007726 0.004515
0 0.265032 0.664686 0.007726 0.004515
0 0.301982 0.660171 0.007726 0.004515
0 0.341955 0.662310 0.007726 0.004515
0 0.440376 0.666825 0.007726 0.004515
0 0.510917 0.666825 0.007726 0.004515
0 0.529392 0.664686 0.007726 0.004515
0 0.560967 0.662310 0.007726 0.004515
0 0.616056 0.662310 0.007726 0.004515
0 0.630165 0.664686 0.007726 0.004515
0 0.644273 0.666825 0.007726 0.004515
0 0.662748 0.673479 0.007726 0.004515
0 0.718173 0.668964 0.007726 0.004515
0 0.732281 0.666825 0.007726 0.004515
0 0.746389 0.664686 0.007726 0.004515
0 0.776285 0.666825 0.007726 0.004515
