0 0.431307 0.229325 0.009405 0.005228
0 0.431307 0.219582 0.009405 0.005228
0 0.431307 0.212215 0.009405 0.005228
0 0.123278 0.860029 0.009070 0.005228
0 0.154182 0.855038 0.009070 0.005228
0 0.185422 0.850285 0.009070 0.005228
0 0.216661 0.842918 0.009070 0.005228
0 0.249580 0.837928 0.009070 0.005228
0 0.280820 0.833175 0.009070 0.005228
0 0.311723 0.825808 0.009070 0.005228
0 0.342963 0.823194 0.009070 0.005228
0 0.403426 0.855038 0.013436 0.005228
0 0.670810 0.857414 0.013436 0.005228
0 0.145784 0.229325 0.009405 0.005228
0 0.145784 0.219582 0.009405 0.005228
0 0.145784 0.207224 0.009405 0.005228
0 0.269063 0.224335 0.009405 0.005228
0 0.269063 0.219582 0.009405 0.005228
0 0.269063 0.214591 0.009405 0.005228
0 0.269063 0.207224 0.009405 0.005228
0 0.431307 0.207224 0.009405 0.005228
0 0.431307 0.202471 0.009405 0.005228
0 0.536446 0.212215 0.009405 0.005228
0 0.536446 0.207224 0.009405 0.005228
0 0.536446 0.202471 0.009405 0.005228
0 0.536446 0.195105 0.009405 0.005228
0 0.653006 0.231702 0.009405 0.005228
0 0.653006 0.214591 0.009405 0.005228
0 0.796439 0.234078 0.009405 0.005228
0 0.796439 0.216968 0.009405 0.005228
0 0.125630 0.452471 0.013436 0.005228
0 0.125630 0.435361 0.013436 0.005228
0 0.366140 0.454848 0.009405 0.005228
0 0.366140 0.437738 0.009405 0.005228
0 0.601612 0.457224 0.009070 0.005228
0 0.601612 0.440114 0.009070 0.005228
0 0.701377 0.454848 0.009405 0.005228
0 0.701377 0.445105 0.009405 0.005228
0 0.701377 0.437738 0.009405 0.005228
0 0.791737 0.454848 0.009405 0.005228
0 0.791737 0.445105 0.009405 0.005228
0 0.791737 0.437738 0.009405 0.005228
0 0.125630 0.671816 0.013436 0.005228
0 0.125630 0.654705 0.013436 0.005228
0 0.516292 0.669439 0.013436 0.005228
0 0.516292 0.652329 0.013436 0.005228
0 0.232113 0.833175 0.009070 0.005228
0 0.232113 0.825808 0.009070 0.005228
0 0.391334 0.852662 0.009070 0.005228
0 0.434330 0.850285 0.009070 0.005228
0 0.464226 0.852662 0.009070 0.005228
0 0.494122 0.850285 0.009070 0.005228
0 0.524017 0.852662 0.009070 0.005228
0 0.553913 0.850285 0.009070 0.005228
0 0.583809 0.852662 0.009070 0.005228
0 0.613705 0.850285 0.009070 0.005228
0 0.670810 0.850285 0.009070 0.005228
0 0.720860 0.847671 0.009070 0.005228
0 0.750420 0.850285 0.009070 0.005228
0 0.779980 0.847671 0.009070 0.005228
0 0.809204 0.850285 0.009070 0.005228
0 0.838764 0.847671 0.009070 0.005228
0 0.868324 0.850285 0.009070 0.005228
0 0.897548 0.847671 0.009070 0.005228
0 0.545516 0.418251 0.009070 0.005228
0 0.601612 0.418251 0.009070 0.005228
0 0.125630 0.603375 0.009405 0.005228
0 0.125630 0.598622 0.009405 0.005228
0 0.328519 0.603375 0.009405 0.005228
0 0.328519 0.598622 0.009405 0.005228
0 0.535102 0.593631 0.009070 0.005228
0 0.627141 0.596245 0.009405 0.005228
0 0.145784 0.159933 0.009405 0.005228
0 0.145784 0.147576 0.009405 0.005228
0 0.145784 0.137833 0.009405 0.005228
0 0.269063 0.159933 0.009405 0.005228
0 0.269063 0.154943 0.009405 0.005228
0 0.269063 0.147576 0.009405 0.005228
0 0.269063 0.142823 0.009405 0.005228
0 0.431307 0.164686 0.009405 0.005228
0 0.431307 0.159933 0.009405 0.005228
0 0.536446 0.159933 0.009405 0.005228
0 0.536446 0.154943 0.009405 0.005228
0 0.536446 0.147576 0.009405 0.005228
0 0.536446 0.142823 0.009405 0.005228
0 0.653006 0.207224 0.009405 0.005228
0 0.653006 0.202471 0.009405 0.005228
0 0.653006 0.195105 0.009405 0.005228
0 0.796439 0.207224 0.009405 0.005228
0 0.796439 0.199857 0.009405 0.005228
0 0.796439 0.195105 0.009405 0.005228
0 0.125630 0.425618 0.009070 0.005228
0 0.125630 0.418251 0.009070 0.005228
0 0.125630 0.413260 0.009070 0.005228
0 0.189117 0.379040 0.009070 0.005228
0 0.221700 0.366920 0.009070 0.005228
0 0.221700 0.362167 0.009070 0.005228
0 0.254283 0.371911 0.009070 0.005228
0 0.254283 0.366920 0.009070 0.005228
0 0.286530 0.379040 0.009070 0.005228
0 0.286530 0.371911 0.009070 0.005228
0 0.319113 0.384030 0.009070 0.005228
0 0.319113 0.379040 0.009070 0.005228
0 0.366140 0.425618 0.009405 0.005228
0 0.366140 0.420627 0.009405 0.005228
0 0.366140 0.413260 0.009405 0.005228
0 0.534431 0.425618 0.009405 0.005228
0 0.534431 0.413260 0.009405 0.005228
0 0.701377 0.427994 0.009405 0.005228
0 0.701377 0.420627 0.009405 0.005228
0 0.701377 0.415875 0.009405 0.005228
0 0.791737 0.391397 0.009405 0.005228
0 0.791737 0.386407 0.009405 0.005228
0 0.791737 0.381654 0.009405 0.005228
0 0.791737 0.374287 0.009405 0.005228
0 0.125630 0.591255 0.009070 0.005228
0 0.125630 0.586502 0.009070 0.005228
0 0.204568 0.593631 0.009070 0.005228
0 0.319785 0.596245 0.009070 0.005228
0 0.425932 0.586502 0.009070 0.005228
0 0.521666 0.605989 0.013436 0.005228
0 0.521666 0.600998 0.013436 0.005228
0 0.521666 0.588878 0.013436 0.005228
0 0.138730 0.837928 0.009070 0.005228
0 0.138730 0.833175 0.009070 0.005228
0 0.138730 0.825808 0.009070 0.005228
0 0.169970 0.837928 0.009070 0.005228
0 0.169970 0.833175 0.009070 0.005228
0 0.169970 0.825808 0.009070 0.005228
0 0.201209 0.837928 0.009070 0.005228
0 0.201209 0.833175 0.009070 0.005228
0 0.201209 0.825808 0.009070 0.005228
0 0.232113 0.791587 0.009070 0.005228
0 0.265032 0.796340 0.009070 0.005228
0 0.265032 0.791587 0.009070 0.005228
0 0.265032 0.786597 0.009070 0.005228
0 0.296271 0.796340 0.009070 0.005228
0 0.296271 0.791587 0.009070 0.005228
0 0.296271 0.786597 0.009070 0.005228
0 0.327175 0.791587 0.009070 0.005228
0 0.327175 0.786597 0.009070 0.005228
0 0.358415 0.786597 0.009070 0.005228
0 0.358415 0.779230 0.009070 0.005228
0 0.412832 0.786597 0.009070 0.005228
0 0.412832 0.779230 0.009070 0.005228
0 0.449110 0.786597 0.009070 0.005228
0 0.449110 0.779230 0.009070 0.005228
0 0.479006 0.786597 0.009070 0.005228
0 0.479006 0.779230 0.009070 0.005228
0 0.509237 0.786597 0.009070 0.005228
0 0.509237 0.779230 0.009070 0.005228
0 0.539133 0.786597 0.009070 0.005228
0 0.539133 0.779230 0.009070 0.005228
0 0.569029 0.786597 0.009070 0.005228
0 0.569029 0.779230 0.009070 0.005228
0 0.598925 0.786597 0.009070 0.005228
0 0.598925 0.779230 0.009070 0.005228
0 0.628821 0.786597 0.009070 0.005228
0 0.628821 0.779230 0.009070 0.005228
0 0.706416 0.786597 0.009070 0.005228
0 0.698018 0.776854 0.009070 0.005228
0 0.706416 0.774477 0.009070 0.005228
0 0.735640 0.786597 0.009070 0.005228
0 0.727578 0.776854 0.009070 0.005228
0 0.735640 0.774477 0.009070 0.005228
0 0.765200 0.786597 0.009070 0.005228
0 0.757138 0.776854 0.009070 0.005228
0 0.765200 0.774477 0.009070 0.005228
0 0.794760 0.786597 0.009070 0.005228
0 0.786362 0.776854 0.009070 0.005228
0 0.794760 0.774477 0.009070 0.005228
0 0.823984 0.786597 0.009070 0.005228
0 0.815922 0.776854 0.009070 0.005228
0 0.823984 0.774477 0.009070 0.005228
0 0.853544 0.786597 0.009070 0.005228
0 0.845146 0.776854 0.009070 0.005228
0 0.853544 0.774477 0.009070 0.005228
0 0.882768 0.786597 0.009070 0.005228
0 0.874706 0.776854 0.009070 0.005228
0 0.882768 0.774477 0.009070 0.005228
0 0.912328 0.786597 0.009070 0.005228
0 0.904266 0.776854 0.009070 0.005228
0 0.912328 0.774477 0.009070 0.005228
0 0.145784 0.089591 0.009405 0.005228
0 0.653006 0.084838 0.009070 0.005228
0 0.716829 0.084838 0.009070 0.005228
0 0.756466 0.084838 0.009070 0.005228
0 0.796439 0.084838 0.009070 0.005228
0 0.836077 0.084838 0.009070 0.005228
0 0.876050 0.077471 0.009070 0.005228
0 0.915687 0.075095 0.009070 0.005228
0 0.125630 0.295152 0.009405 0.005228
0 0.286530 0.295152 0.009070 0.005228
0 0.366140 0.290399 0.009070 0.005228
0 0.408129 0.295152 0.009070 0.005228
0 0.450118 0.302519 0.009070 0.005228
0 0.492442 0.307272 0.009070 0.005228
0 0.534431 0.307272 0.009070 0.005228
0 0.643601 0.312262 0.009070 0.005228
0 0.701377 0.302519 0.009405 0.005228
0 0.832718 0.302519 0.009070 0.005228
0 0.873698 0.302519 0.009070 0.005228
0 0.914679 0.302519 0.009070 0.005228
0 0.125630 0.518298 0.009070 0.005228
0 0.262345 0.518298 0.009070 0.005228
0 0.319785 0.523289 0.009070 0.005228
0 0.389990 0.525665 0.009070 0.005228
0 0.425932 0.528042 0.009070 0.005228
0 0.571716 0.520675 0.009070 0.005228
0 0.682230 0.528042 0.009070 0.005228
0 0.716829 0.525665 0.009070 0.005228
0 0.751428 0.523289 0.009070 0.005228
0 0.818945 0.525665 0.009070 0.005228
0 0.853544 0.528042 0.009070 0.005228
0 0.921061 0.523289 0.009070 0.005228
0 0.123278 0.740257 0.009405 0.005228
