0 0.740007 0.362167 0.009405 0.005703
0 0.806181 0.362167 0.009405 0.005703
0 0.855895 0.370010 0.009405 0.005703
0 0.141082 0.624762 0.009405 0.005703
0 0.183070 0.624762 0.010077 0.005703
0 0.290561 0.624762 0.009405 0.005703
0 0.339268 0.624762 0.010077 0.005703
0 0.459523 0.624762 0.009405 0.005703
0 0.504871 0.624762 0.010077 0.005703
0 0.617064 0.624762 0.009405 0.005703
0 0.671145 0.624762 0.009405 0.005703
0 0.239503 0.380466 0.009405 0.005703
0 0.239503 0.370010 0.009405 0.005703
0 0.299631 0.380466 0.010077 0.005703
0 0.299631 0.367395 0.010077 0.005703
0 0.404098 0.380466 0.009405 0.005703
0 0.404098 0.370010 0.009405 0.005703
0 0.466913 0.380466 0.010077 0.005703
0 0.466913 0.367395 0.010077 0.005703
0 0.571381 0.380466 0.009405 0.005703
0 0.571381 0.370010 0.009405 0.005703
0 0.633860 0.380466 0.010077 0.005703
0 0.633860 0.367395 0.010077 0.005703
0 0.740007 0.351711 0.009405 0.005703
0 0.806181 0.354325 0.010077 0.005703
0 0.806181 0.349097 0.010077 0.005703
0 0.905946 0.380466 0.009405 0.005703
0 0.905946 0.370010 0.009405 0.005703
0 0.141082 0.611692 0.010077 0.005703
0 0.225059 0.609078 0.009405 0.005703
0 0.290561 0.606464 0.010077 0.005703
0 0.387974 0.609078 0.009405 0.005703
0 0.459859 0.611692 0.010077 0.005703
0 0.549882 0.616920 0.009405 0.005703
0 0.617400 0.614306 0.010077 0.005703
0 0.724891 0.609078 0.009405 0.005703
0 0.812563 0.606464 0.010077 0.005703
0 0.911992 0.619534 0.009405 0.005703
0 0.141082 0.874287 0.010077 0.005703
0 0.240511 0.892586 0.009405 0.005703
0 0.313067 0.871673 0.010077 0.005703
0 0.419550 0.889971 0.009405 0.005703
0 0.494458 0.869059 0.009405 0.005703
0 0.535102 0.874287 0.009405 0.005703
0 0.585489 0.871673 0.009405 0.005703
0 0.645280 0.876901 0.009405 0.005703
0 0.693651 0.863831 0.009405 0.005703
0 0.742022 0.876901 0.009405 0.005703
0 0.812899 0.874287 0.009405 0.005703
0 0.860598 0.861217 0.009405 0.005703
0 0.908297 0.874287 0.009405 0.005703
0 0.308700 0.312500 0.010077 0.005703
0 0.475647 0.312500 0.010077 0.005703
0 0.642929 0.312500 0.010077 0.005703
0 0.150151 0.575333 0.010077 0.005703
0 0.468593 0.575333 0.010077 0.005703
0 0.153510 0.821293 0.010077 0.005703
0 0.313067 0.818679 0.010077 0.005703
0 0.494458 0.821293 0.010077 0.005703
0 0.585489 0.818679 0.009405 0.005703
0 0.239503 0.315114 0.009405 0.005703
0 0.239503 0.309886 0.009405 0.005703
0 0.299631 0.309886 0.009405 0.005703
0 0.351696 0.302044 0.009405 0.005703
0 0.404098 0.315114 0.009405 0.005703
0 0.404098 0.309886 0.009405 0.005703
0 0.466577 0.309886 0.009405 0.005703
0 0.518979 0.302044 0.009405 0.005703
0 0.518979 0.296816 0.009405 0.005703
0 0.571381 0.315114 0.009405 0.005703
0 0.571381 0.309886 0.009405 0.005703
0 0.633860 0.309886 0.009405 0.005703
0 0.686933 0.299430 0.009405 0.005703
0 0.686933 0.291587 0.009405 0.005703
0 0.740007 0.296816 0.009405 0.005703
0 0.740007 0.283745 0.009405 0.005703
0 0.806181 0.299430 0.010077 0.005703
0 0.806181 0.291587 0.010077 0.005703
0 0.905946 0.315114 0.009405 0.005703
0 0.905946 0.309886 0.009405 0.005703
0 0.141082 0.572719 0.009405 0.005703
0 0.183070 0.570105 0.009405 0.005703
0 0.183070 0.564876 0.009405 0.005703
0 0.225059 0.572719 0.009405 0.005703
0 0.225059 0.562262 0.009405 0.005703
0 0.290561 0.577947 0.009405 0.005703
0 0.290561 0.572719 0.009405 0.005703
0 0.339268 0.564876 0.009405 0.005703
0 0.339268 0.559648 0.009405 0.005703
0 0.387974 0.580561 0.009405 0.005703
0 0.387974 0.572719 0.009405 0.005703
0 0.459523 0.572719 0.009405 0.005703
0 0.504871 0.564876 0.009405 0.005703
0 0.549882 0.570105 0.009405 0.005703
0 0.549882 0.562262 0.009405 0.005703
0 0.617064 0.577947 0.009405 0.005703
0 0.617064 0.572719 0.009405 0.005703
0 0.671145 0.564876 0.009405 0.005703
0 0.671145 0.559648 0.009405 0.005703
0 0.724891 0.562262 0.009405 0.005703
0 0.724891 0.554420 0.009405 0.005703
0 0.812563 0.559648 0.009405 0.005703
0 0.856231 0.572719 0.009405 0.005703
0 0.911992 0.564876 0.009405 0.005703
0 0.141082 0.821293 0.009405 0.005703
0 0.190796 0.813451 0.009405 0.005703
0 0.190796 0.808222 0.009405 0.005703
0 0.240511 0.816065 0.009405 0.005703
0 0.240511 0.810837 0.009405 0.005703
0 0.313067 0.813451 0.009405 0.005703
0 0.366476 0.810837 0.009405 0.005703
0 0.366476 0.805608 0.009405 0.005703
0 0.419550 0.813451 0.009405 0.005703
0 0.419550 0.808222 0.009405 0.005703
0 0.494458 0.816065 0.009405 0.005703
0 0.494458 0.810837 0.009405 0.005703
0 0.535102 0.813451 0.009405 0.005703
0 0.535102 0.808222 0.009405 0.005703
0 0.585489 0.813451 0.009405 0.005703
0 0.645280 0.823907 0.009405 0.005703
0 0.693651 0.810837 0.009405 0.005703
0 0.693651 0.805608 0.009405 0.005703
0 0.742022 0.823907 0.009405 0.005703
0 0.812899 0.821293 0.009405 0.005703
0 0.860598 0.813451 0.009405 0.005703
0 0.860598 0.808222 0.009405 0.005703
0 0.908297 0.821293 0.009405 0.005703
0 0.905946 0.254990 0.009405 0.005703
0 0.141082 0.508317 0.009405 0.005703
0 0.183070 0.500475 0.009405 0.005703
0 0.225059 0.497861 0.009405 0.005703
0 0.290561 0.508317 0.009405 0.005703
0 0.339268 0.495247 0.009405 0.005703
0 0.387974 0.500475 0.009405 0.005703
0 0.459523 0.505703 0.009405 0.005703
0 0.504871 0.492633 0.009405 0.005703
0 0.549882 0.497861 0.009405 0.005703
0 0.617064 0.490019 0.009405 0.005703
0 0.671145 0.495247 0.009405 0.005703
0 0.724891 0.508317 0.009405 0.005703
0 0.758818 0.508317 0.009405 0.005703
0 0.812563 0.500475 0.009405 0.005703
0 0.883440 0.497861 0.009405 0.005703
0 0.911992 0.495247 0.009405 0.005703
0 0.141082 0.750238 0.009405 0.005703
0 0.190796 0.742395 0.009405 0.005703
0 0.240511 0.745010 0.009405 0.005703
0 0.313067 0.747624 0.009405 0.005703
0 0.366476 0.739781 0.009405 0.005703
0 0.419550 0.742395 0.009405 0.005703
0 0.494458 0.745010 0.009405 0.005703
0 0.535102 0.737167 0.009405 0.005703
0 0.585489 0.742395 0.009405 0.005703
0 0.645280 0.734553 0.009405 0.005703
0 0.693651 0.739781 0.009405 0.005703
0 0.742022 0.734553 0.009405 0.005703
0 0.812899 0.737167 0.009405 0.005703
0 0.860598 0.742395 0.009405 0.005703
0 0.908297 0.737167 0.009405 0.005703
