0 0.134699 0.508080 0.008398 0.004990
0 0.134699 0.491445 0.008398 0.004990
0 0.197178 0.508080 0.008398 0.004990
0 0.197178 0.491445 0.008398 0.004990
0 0.534095 0.508080 0.008398 0.004990
0 0.534095 0.491445 0.008398 0.004990
0 0.596574 0.508080 0.008398 0.004990
0 0.596574 0.491445 0.008398 0.004990
0 0.229090 0.729563 0.008398 0.004990
0 0.806517 0.720057 0.008398 0.004990
0 0.792408 0.720057 0.006046 0.003327
0 0.905610 0.720057 0.008398 0.004990
0 0.314410 0.904230 0.008398 0.004990
0 0.314410 0.887595 0.008398 0.004990
0 0.300302 0.904230 0.006046 0.003327
0 0.300302 0.887833 0.006046 0.003327
0 0.443735 0.904230 0.008398 0.004990
0 0.443735 0.887595 0.008398 0.004990
0 0.154854 0.250713 0.008398 0.004990
0 0.154854 0.234316 0.008398 0.004990
0 0.331206 0.250713 0.008398 0.004990
0 0.331206 0.234316 0.008398 0.004990
0 0.490427 0.250713 0.008398 0.004990
0 0.490427 0.234316 0.008398 0.004990
0 0.604971 0.241445 0.008398 0.004990
0 0.707759 0.224810 0.008398 0.004990
0 0.805845 0.241445 0.008398 0.004990
0 0.883104 0.224810 0.008398 0.004990
0 0.165939 0.484316 0.008398 0.004990
0 0.197178 0.482177 0.008398 0.004990
0 0.259657 0.482177 0.008398 0.004990
0 0.286194 0.479800 0.008398 0.004990
0 0.311723 0.479800 0.008398 0.004990
0 0.361774 0.477424 0.008398 0.004990
0 0.339268 0.498574 0.006046 0.003327
0 0.389990 0.477424 0.008398 0.004990
0 0.418206 0.482177 0.008398 0.004990
0 0.418206 0.467918 0.008398 0.004990
0 0.463554 0.482177 0.008398 0.004990
0 0.565334 0.479800 0.008398 0.004990
0 0.596574 0.477424 0.008398 0.004990
0 0.659053 0.477424 0.008398 0.004990
0 0.684582 0.477424 0.008398 0.004990
0 0.711119 0.475048 0.008398 0.004990
0 0.766208 0.475048 0.008398 0.004990
0 0.744374 0.496198 0.006046 0.003327
0 0.799127 0.475048 0.008398 0.004990
0 0.832046 0.479800 0.008398 0.004990
0 0.832046 0.465542 0.008398 0.004990
0 0.877393 0.479800 0.008398 0.004990
0 0.153846 0.715304 0.008398 0.004990
0 0.229090 0.717681 0.008398 0.004990
0 0.285186 0.722433 0.008398 0.004990
0 0.285186 0.715304 0.008398 0.004990
0 0.323480 0.722433 0.008398 0.004990
0 0.323480 0.715304 0.008398 0.004990
0 0.484044 0.727186 0.008398 0.004990
0 0.484044 0.710551 0.008398 0.004990
0 0.660732 0.727186 0.008398 0.004990
0 0.660732 0.710551 0.008398 0.004990
0 0.806517 0.687025 0.008398 0.004990
0 0.905610 0.689401 0.008398 0.004990
0 0.132348 0.868821 0.008398 0.004990
0 0.179711 0.868821 0.008398 0.004990
0 0.198858 0.866445 0.008398 0.004990
0 0.223043 0.864068 0.008398 0.004990
0 0.242526 0.866445 0.008398 0.004990
0 0.266040 0.871198 0.008398 0.004990
0 0.314410 0.868821 0.008398 0.004990
0 0.443735 0.873574 0.008398 0.004990
0 0.584481 0.897101 0.008398 0.004990
0 0.584481 0.887595 0.008398 0.004990
0 0.584481 0.875951 0.008398 0.004990
0 0.677192 0.897101 0.008398 0.004990
0 0.677192 0.887595 0.008398 0.004990
0 0.677192 0.875951 0.008398 0.004990
0 0.770238 0.897101 0.008398 0.004990
0 0.770238 0.887595 0.008398 0.004990
0 0.770238 0.875951 0.008398 0.004990
0 0.857575 0.897101 0.008398 0.004990
0 0.857575 0.887833 0.008398 0.004990
0 0.857575 0.875951 0.008398 0.004990
0 0.154854 0.158745 0.008398 0.004990
0 0.254955 0.161122 0.008398 0.004990
0 0.331206 0.163498 0.008398 0.004990
0 0.395029 0.163498 0.008398 0.004990
0 0.422573 0.161122 0.008398 0.004990
0 0.464226 0.158745 0.008398 0.004990
0 0.490427 0.161122 0.008398 0.004990
0 0.545516 0.165875 0.008398 0.004990
0 0.165939 0.153992 0.008398 0.004990
0 0.165939 0.149477 0.008398 0.004990
0 0.184078 0.153992 0.008398 0.004990
0 0.184078 0.149477 0.008398 0.004990
0 0.231441 0.153992 0.008398 0.004990
0 0.231441 0.149477 0.008398 0.004990
0 0.278804 0.158745 0.008398 0.004990
0 0.278804 0.153992 0.008398 0.004990
0 0.278804 0.149477 0.008398 0.004990
0 0.342627 0.158745 0.008398 0.004990
0 0.342627 0.153992 0.008398 0.004990
0 0.342627 0.149477 0.008398 0.004990
0 0.363117 0.158745 0.008398 0.004990
0 0.363117 0.153992 0.008398 0.004990
0 0.363117 0.149477 0.008398 0.004990
0 0.438697 0.153992 0.008398 0.004990
0 0.438697 0.149477 0.008398 0.004990
0 0.545516 0.153992 0.008398 0.004990
0 0.545516 0.149477 0.008398 0.004990
0 0.545516 0.144724 0.008398 0.004990
0 0.154854 0.142348 0.008398 0.004990
0 0.331206 0.142348 0.008398 0.004990
0 0.490427 0.142348 0.008398 0.004990
0 0.604971 0.151616 0.008398 0.004990
0 0.604971 0.144724 0.008398 0.004990
0 0.604971 0.132842 0.008398 0.004990
0 0.647296 0.163498 0.008398 0.004990
0 0.647296 0.151616 0.008398 0.004990
0 0.647296 0.147101 0.008398 0.004990
0 0.673161 0.163498 0.008398 0.004990
0 0.673161 0.151616 0.008398 0.004990
0 0.673161 0.147101 0.008398 0.004990
0 0.694659 0.165875 0.008398 0.004990
0 0.686597 0.151616 0.008398 0.004990
0 0.694659 0.149477 0.008398 0.004990
0 0.721196 0.163498 0.008398 0.004990
0 0.721196 0.151616 0.008398 0.004990
0 0.721196 0.147101 0.008398 0.004990
0 0.742358 0.163498 0.008398 0.004990
0 0.742358 0.151616 0.008398 0.004990
0 0.742358 0.147101 0.008398 0.004990
0 0.768223 0.161122 0.008398 0.004990
0 0.768223 0.151616 0.008398 0.004990
0 0.768223 0.144724 0.008398 0.004990
0 0.805845 0.161122 0.008398 0.004990
0 0.805845 0.151616 0.008398 0.004990
0 0.805845 0.144724 0.008398 0.004990
0 0.823648 0.163498 0.008398 0.004990
0 0.823648 0.151616 0.008398 0.004990
0 0.823648 0.147101 0.008398 0.004990
0 0.841115 0.161122 0.008398 0.004990
0 0.841115 0.151616 0.008398 0.004990
0 0.841115 0.144724 0.008398 0.004990
0 0.859254 0.161122 0.008398 0.004990
0 0.859254 0.151616 0.008398 0.004990
0 0.859254 0.144724 0.008398 0.004990
0 0.883104 0.158745 0.008398 0.004990
0 0.883104 0.151616 0.008398 0.004990
0 0.883104 0.142348 0.008398 0.004990
0 0.906953 0.158745 0.008398 0.004990
0 0.906953 0.151616 0.008398 0.004990
0 0.906953 0.142348 0.008398 0.004990
0 0.931139 0.156369 0.008398 0.004990
0 0.931139 0.151616 0.008398 0.004990
0 0.931139 0.139971 0.008398 0.004990
0 0.134699 0.388070 0.008398 0.004990
0 0.165939 0.418726 0.008398 0.004990
0 0.165939 0.407082 0.008398 0.004990
0 0.165939 0.402329 0.008398 0.004990
0 0.197178 0.416587 0.008398 0.004990
0 0.197178 0.404705 0.008398 0.004990
0 0.197178 0.399952 0.008398 0.004990
0 0.259657 0.416587 0.008398 0.004990
0 0.259657 0.404705 0.008398 0.004990
0 0.259657 0.399952 0.008398 0.004990
0 0.286194 0.414211 0.008398 0.004990
0 0.286194 0.397576 0.008398 0.004990
0 0.311723 0.414211 0.008398 0.004990
0 0.311723 0.397576 0.008398 0.004990
0 0.361774 0.411835 0.008398 0.004990
0 0.361774 0.402329 0.008398 0.004990
0 0.361774 0.395200 0.008398 0.004990
0 0.389990 0.411835 0.008398 0.004990
0 0.389990 0.402329 0.008398 0.004990
0 0.389990 0.395200 0.008398 0.004990
0 0.418206 0.402329 0.008398 0.004990
0 0.418206 0.395200 0.008398 0.004990
0 0.418206 0.385932 0.008398 0.004990
0 0.463554 0.402329 0.008398 0.004990
0 0.463554 0.395200 0.008398 0.004990
0 0.463554 0.385932 0.008398 0.004990
0 0.534095 0.399952 0.008398 0.004990
0 0.534095 0.395200 0.008398 0.004990
0 0.534095 0.383555 0.008398 0.004990
0 0.565334 0.414211 0.008398 0.004990
0 0.565334 0.402329 0.008398 0.004990
0 0.565334 0.397576 0.008398 0.004990
0 0.596574 0.411835 0.008398 0.004990
0 0.596574 0.399952 0.008398 0.004990
0 0.596574 0.395200 0.008398 0.004990
0 0.659053 0.411835 0.008398 0.004990
0 0.659053 0.399952 0.008398 0.004990
0 0.659053 0.395200 0.008398 0.004990
0 0.684582 0.411835 0.008398 0.004990
0 0.684582 0.395200 0.008398 0.004990
0 0.711119 0.409458 0.008398 0.004990
0 0.711119 0.392823 0.008398 0.004990
0 0.766208 0.409458 0.008398 0.004990
0 0.766208 0.399952 0.008398 0.004990
0 0.766208 0.392823 0.008398 0.004990
0 0.799127 0.409458 0.008398 0.004990
0 0.799127 0.399952 0.008398 0.004990
0 0.799127 0.392823 0.008398 0.004990
0 0.832046 0.399952 0.008398 0.004990
0 0.832046 0.392823 0.008398 0.004990
0 0.832046 0.383555 0.008398 0.004990
0 0.877393 0.399952 0.008398 0.004990
0 0.877393 0.392823 0.008398 0.004990
0 0.877393 0.383555 0.008398 0.004990
0 0.153846 0.651141 0.008398 0.004990
0 0.153846 0.646388 0.008398 0.004990
0 0.153846 0.641635 0.008398 0.004990
0 0.229090 0.651141 0.008398 0.004990
0 0.229090 0.644011 0.008398 0.004990
0 0.285186 0.648764 0.008398 0.004990
0 0.285186 0.644011 0.008398 0.004990
0 0.323480 0.648764 0.008398 0.004990
0 0.323480 0.644011 0.008398 0.004990
0 0.484044 0.655894 0.008398 0.004990
0 0.484044 0.646388 0.008398 0.004990
0 0.484044 0.641635 0.008398 0.004990
0 0.660732 0.655894 0.008398 0.004990
0 0.660732 0.646388 0.008398 0.004990
0 0.660732 0.641635 0.008398 0.004990
0 0.806517 0.648764 0.008398 0.004990
0 0.806517 0.644011 0.008398 0.004990
0 0.831374 0.648764 0.008398 0.004990
0 0.831374 0.644011 0.008398 0.004990
0 0.880752 0.648764 0.008398 0.004990
0 0.880752 0.644011 0.008398 0.004990
0 0.930467 0.653517 0.008398 0.004990
0 0.930467 0.648764 0.008398 0.004990
0 0.930467 0.644011 0.008398 0.004990
0 0.132348 0.814163 0.008398 0.004990
0 0.132348 0.809411 0.008398 0.004990
0 0.132348 0.804658 0.008398 0.004990
0 0.156198 0.814163 0.008398 0.004990
0 0.156198 0.809411 0.008398 0.004990
0 0.156198 0.804658 0.008398 0.004990
0 0.210951 0.809411 0.008398 0.004990
0 0.210951 0.804658 0.008398 0.004990
0 0.266040 0.814163 0.008398 0.004990
0 0.266040 0.809411 0.008398 0.004990
0 0.266040 0.804658 0.008398 0.004990
0 0.306349 0.814163 0.008398 0.004990
0 0.314410 0.811787 0.008398 0.004990
0 0.314410 0.807034 0.008398 0.004990
0 0.329190 0.814163 0.008398 0.004990
0 0.336916 0.811787 0.008398 0.004990
0 0.336916 0.807034 0.008398 0.004990
0 0.365133 0.814163 0.008398 0.004990
0 0.373194 0.811787 0.008398 0.004990
0 0.373194 0.802281 0.008398 0.004990
0 0.409473 0.811787 0.008398 0.004990
0 0.409473 0.807034 0.008398 0.004990
0 0.409473 0.797766 0.008398 0.004990
0 0.443735 0.811787 0.008398 0.004990
0 0.443735 0.807034 0.008398 0.004990
0 0.443735 0.797766 0.008398 0.004990
0 0.467585 0.807034 0.008398 0.004990
0 0.467585 0.802281 0.008398 0.004990
0 0.467585 0.795390 0.008398 0.004990
0 0.505542 0.802281 0.008398 0.004990
0 0.505542 0.797766 0.008398 0.004990
0 0.505542 0.790637 0.008398 0.004990
0 0.535774 0.797766 0.008398 0.004990
0 0.543836 0.795390 0.008398 0.004990
0 0.543836 0.785884 0.008398 0.004990
0 0.584481 0.797766 0.008398 0.004990
0 0.584481 0.793013 0.008398 0.004990
0 0.584481 0.781131 0.008398 0.004990
0 0.677192 0.797766 0.008398 0.004990
0 0.677192 0.793013 0.008398 0.004990
0 0.677192 0.781131 0.008398 0.004990
0 0.770238 0.797766 0.008398 0.004990
0 0.770238 0.793013 0.008398 0.004990
0 0.770238 0.781131 0.008398 0.004990
0 0.857575 0.797766 0.008398 0.004990
0 0.857575 0.793013 0.008398 0.004990
0 0.857575 0.781131 0.008398 0.004990
0 0.154854 0.075808 0.008398 0.004990
0 0.207592 0.078184 0.008398 0.004990
0 0.254955 0.080561 0.008398 0.004990
0 0.331206 0.082937 0.008398 0.004990
0 0.395029 0.082937 0.008398 0.004990
0 0.422573 0.080561 0.008398 0.004990
0 0.464226 0.078184 0.008398 0.004990
0 0.490427 0.080561 0.008398 0.004990
0 0.545516 0.085314 0.008398 0.004990
0 0.604971 0.085314 0.008398 0.004990
0 0.805845 0.085314 0.008398 0.004990
0 0.906953 0.085314 0.008398 0.004990
0 0.134699 0.323669 0.008398 0.004990
0 0.165939 0.337928 0.008398 0.004990
0 0.197178 0.335551 0.008398 0.004990
0 0.259657 0.335551 0.008398 0.004990
0 0.286194 0.333175 0.008398 0.004990
0 0.311723 0.333175 0.008398 0.004990
0 0.361774 0.330798 0.008398 0.004990
0 0.389990 0.330798 0.008398 0.004990
0 0.418206 0.321293 0.008398 0.004990
0 0.463554 0.335551 0.008398 0.004990
0 0.534095 0.318916 0.008398 0.004990
0 0.565334 0.333175 0.008398 0.004990
0 0.596574 0.330798 0.008398 0.004990
0 0.659053 0.330798 0.008398 0.004990
0 0.684582 0.330798 0.008398 0.004990
0 0.711119 0.328422 0.008398 0.004990
0 0.766208 0.328422 0.008398 0.004990
0 0.799127 0.328422 0.008398 0.004990
0 0.832046 0.318916 0.008398 0.004990
0 0.877393 0.333175 0.008398 0.004990
0 0.918710 0.333175 0.008398 0.004990
0 0.153846 0.573669 0.008398 0.004990
0 0.229090 0.576046 0.008398 0.004990
0 0.285186 0.576046 0.008398 0.004990
0 0.323480 0.576046 0.008398 0.004990
0 0.379241 0.585551 0.008398 0.004990
0 0.413504 0.597433 0.008398 0.004990
0 0.484044 0.595057 0.008398 0.004990
0 0.505207 0.592681 0.008398 0.004990
0 0.526033 0.590304 0.008398 0.004990
0 0.546859 0.587928 0.008398 0.004990
0 0.584481 0.595057 0.008398 0.004990
0 0.660732 0.595057 0.008398 0.004990
0 0.699026 0.597433 0.008398 0.004990
0 0.745045 0.599810 0.008398 0.004990
0 0.806517 0.585551 0.008398 0.004990
0 0.855895 0.585551 0.008398 0.004990
