0 0.301310 0.706987 0.008398 0.004753
0 0.380249 0.706987 0.008398 0.004753
0 0.481693 0.706987 0.008062 0.004753
0 0.228082 0.283983 0.008062 0.004753
0 0.256634 0.283983 0.008062 0.004753
0 0.338596 0.281606 0.008062 0.004753
0 0.393349 0.297053 0.008062 0.004753
0 0.493450 0.305846 0.008062 0.004753
0 0.493450 0.290399 0.008062 0.004753
0 0.524353 0.297053 0.008062 0.004753
0 0.555593 0.305846 0.008062 0.004753
0 0.555593 0.290399 0.008062 0.004753
0 0.586496 0.297053 0.008062 0.004753
0 0.642593 0.305846 0.008062 0.004753
0 0.642593 0.290399 0.008062 0.004753
0 0.676184 0.294914 0.008062 0.004753
0 0.721532 0.305846 0.008062 0.004753
0 0.721532 0.294914 0.008062 0.004753
0 0.754787 0.297053 0.008062 0.004753
0 0.814914 0.305846 0.008062 0.004753
0 0.814914 0.290399 0.008062 0.004753
0 0.847833 0.297053 0.008062 0.004753
0 0.881088 0.305846 0.008062 0.004753
0 0.881088 0.290399 0.008062 0.004753
0 0.914343 0.297053 0.008062 0.004753
0 0.129325 0.504753 0.008062 0.004753
0 0.129325 0.489306 0.008062 0.004753
0 0.162244 0.493821 0.008062 0.004753
0 0.205240 0.504753 0.008062 0.004753
0 0.205240 0.489306 0.008062 0.004753
0 0.237823 0.493821 0.008062 0.004753
0 0.296271 0.502614 0.008062 0.004753
0 0.296271 0.487167 0.008062 0.004753
0 0.331542 0.493821 0.008062 0.004753
0 0.366812 0.502614 0.008062 0.004753
0 0.366812 0.487167 0.008062 0.004753
0 0.401747 0.500238 0.008062 0.004753
0 0.473967 0.498099 0.008062 0.004753
0 0.511589 0.513546 0.008062 0.004753
0 0.511589 0.498099 0.008062 0.004753
0 0.558280 0.513546 0.008062 0.004753
0 0.558280 0.498099 0.008062 0.004753
0 0.595902 0.513546 0.008062 0.004753
0 0.595902 0.498099 0.008062 0.004753
0 0.647296 0.511169 0.008062 0.004753
0 0.647296 0.495960 0.008062 0.004753
0 0.681895 0.506892 0.008062 0.004753
0 0.681895 0.491683 0.008062 0.004753
0 0.716829 0.509030 0.008062 0.004753
0 0.716829 0.493821 0.008062 0.004753
0 0.751428 0.509030 0.008062 0.004753
0 0.751428 0.493821 0.008062 0.004753
0 0.809204 0.511169 0.008398 0.004753
0 0.809204 0.495960 0.008398 0.004753
0 0.919382 0.511169 0.008062 0.004753
0 0.919382 0.495960 0.008062 0.004753
0 0.121935 0.706987 0.008062 0.004753
0 0.121935 0.691778 0.008062 0.004753
0 0.162580 0.698432 0.008062 0.004753
0 0.203225 0.706987 0.008062 0.004753
0 0.203225 0.691778 0.008062 0.004753
0 0.243870 0.693916 0.008062 0.004753
0 0.301310 0.696055 0.008062 0.004753
0 0.340947 0.696055 0.008062 0.004753
0 0.380584 0.698432 0.008062 0.004753
0 0.419886 0.700570 0.008062 0.004753
0 0.481693 0.702709 0.008062 0.004753
0 0.616728 0.713641 0.008062 0.004753
0 0.616728 0.698432 0.008062 0.004753
0 0.671817 0.706987 0.008062 0.004753
0 0.794760 0.713641 0.008062 0.004753
0 0.844138 0.706987 0.008062 0.004753
0 0.872019 0.706987 0.008062 0.004753
0 0.872019 0.698432 0.008062 0.004753
0 0.899899 0.706987 0.008398 0.004753
0 0.899899 0.698432 0.008398 0.004753
0 0.493450 0.286122 0.008062 0.004753
0 0.508902 0.281606 0.008062 0.004753
0 0.524353 0.286122 0.008062 0.004753
0 0.555593 0.286122 0.008062 0.004753
0 0.571045 0.281606 0.008062 0.004753
0 0.586496 0.286122 0.008062 0.004753
0 0.642593 0.283983 0.008062 0.004753
0 0.659389 0.279468 0.008062 0.004753
0 0.676184 0.283983 0.008062 0.004753
0 0.721532 0.283983 0.008062 0.004753
0 0.738327 0.259506 0.008062 0.004753
0 0.754787 0.283983 0.008062 0.004753
0 0.814914 0.286122 0.008062 0.004753
0 0.831374 0.281606 0.008062 0.004753
0 0.847833 0.286122 0.008062 0.004753
0 0.881088 0.286122 0.008062 0.004753
0 0.897548 0.281606 0.008062 0.004753
0 0.914343 0.286122 0.008062 0.004753
0 0.129325 0.485029 0.008062 0.004753
0 0.145784 0.478375 0.008062 0.004753
0 0.162244 0.480513 0.008062 0.004753
0 0.205240 0.485029 0.008062 0.004753
0 0.221700 0.478375 0.008062 0.004753
0 0.237823 0.480513 0.008062 0.004753
0 0.296271 0.482890 0.008062 0.004753
0 0.314075 0.478375 0.008062 0.004753
0 0.331542 0.482890 0.008062 0.004753
0 0.366812 0.482890 0.008062 0.004753
0 0.384279 0.478375 0.008062 0.004753
0 0.401747 0.480513 0.008062 0.004753
0 0.121935 0.687500 0.008062 0.004753
0 0.142425 0.682985 0.008062 0.004753
0 0.162580 0.687500 0.008062 0.004753
0 0.203225 0.687500 0.008062 0.004753
0 0.223715 0.682985 0.008062 0.004753
0 0.243870 0.682985 0.008062 0.004753
0 0.526033 0.687500 0.008062 0.004753
0 0.570373 0.689639 0.008062 0.004753
0 0.616728 0.687500 0.008062 0.004753
0 0.671817 0.687500 0.008062 0.004753
0 0.228082 0.263783 0.008062 0.004753
0 0.228082 0.259506 0.008062 0.004753
0 0.228082 0.252852 0.008062 0.004753
0 0.256634 0.261644 0.008062 0.004753
0 0.256634 0.257367 0.008062 0.004753
0 0.256634 0.250713 0.008062 0.004753
0 0.338596 0.261644 0.008062 0.004753
0 0.345986 0.259506 0.008062 0.004753
0 0.338596 0.252852 0.008062 0.004753
0 0.365805 0.268298 0.008062 0.004753
0 0.365805 0.261644 0.008062 0.004753
0 0.373194 0.259506 0.008062 0.004753
0 0.435673 0.270437 0.008062 0.004753
0 0.443063 0.268298 0.008062 0.004753
0 0.435673 0.259506 0.008062 0.004753
0 0.493450 0.261644 0.008062 0.004753
0 0.524353 0.257367 0.008062 0.004753
0 0.540141 0.281606 0.008062 0.004753
0 0.555593 0.261644 0.008062 0.004753
0 0.586496 0.257367 0.008062 0.004753
0 0.610346 0.281606 0.008062 0.004753
0 0.642593 0.254990 0.008062 0.004753
0 0.676184 0.257367 0.008062 0.004753
0 0.692644 0.275190 0.008062 0.004753
0 0.721532 0.254990 0.008062 0.004753
0 0.754787 0.254990 0.008062 0.004753
0 0.775613 0.263783 0.008062 0.004753
0 0.814914 0.261644 0.008062 0.004753
0 0.847833 0.257367 0.008062 0.004753
0 0.864629 0.281606 0.008062 0.004753
0 0.881088 0.261644 0.008062 0.004753
0 0.914343 0.257367 0.008062 0.004753
0 0.935170 0.281606 0.008062 0.004753
0 0.129325 0.456511 0.008062 0.004753
0 0.162244 0.456511 0.008062 0.004753
0 0.178367 0.478375 0.008062 0.004753
0 0.205240 0.456511 0.008062 0.004753
0 0.237823 0.456511 0.008062 0.004753
0 0.254283 0.478375 0.008062 0.004753
0 0.296271 0.458650 0.008062 0.004753
0 0.331542 0.454373 0.008062 0.004753
0 0.349009 0.478375 0.008062 0.004753
0 0.366812 0.454373 0.008062 0.004753
0 0.401747 0.456511 0.008062 0.004753
0 0.425932 0.461027 0.008062 0.004753
0 0.473967 0.465304 0.008062 0.004753
0 0.473967 0.461027 0.008062 0.004753
0 0.481357 0.458650 0.008062 0.004753
0 0.492778 0.465304 0.008062 0.004753
0 0.492778 0.461027 0.008062 0.004753
0 0.500168 0.458650 0.008062 0.004753
0 0.530400 0.465304 0.008062 0.004753
0 0.530400 0.461027 0.008062 0.004753
0 0.537454 0.458650 0.008062 0.004753
0 0.558280 0.465304 0.008062 0.004753
0 0.558280 0.461027 0.008062 0.004753
0 0.565670 0.458650 0.008062 0.004753
0 0.577091 0.465304 0.008062 0.004753
0 0.577091 0.461027 0.008062 0.004753
0 0.584481 0.458650 0.008062 0.004753
0 0.614713 0.465304 0.008062 0.004753
0 0.614713 0.461027 0.008062 0.004753
0 0.622103 0.458650 0.008062 0.004753
0 0.647296 0.467443 0.008062 0.004753
0 0.647296 0.461027 0.008062 0.004753
0 0.647296 0.456511 0.008062 0.004753
0 0.664427 0.467443 0.008062 0.004753
0 0.664427 0.461027 0.008062 0.004753
0 0.664427 0.456511 0.008062 0.004753
0 0.699362 0.467443 0.008062 0.004753
0 0.699362 0.461027 0.008062 0.004753
0 0.699362 0.456511 0.008062 0.004753
0 0.733960 0.465304 0.008062 0.004753
0 0.733960 0.461027 0.008062 0.004753
0 0.733960 0.454373 0.008062 0.004753
0 0.775613 0.461027 0.008062 0.004753
0 0.775613 0.456511 0.008062 0.004753
0 0.782667 0.454373 0.008062 0.004753
0 0.809540 0.461027 0.008062 0.004753
0 0.809540 0.456511 0.008062 0.004753
0 0.827679 0.467443 0.008062 0.004753
0 0.847162 0.461027 0.008062 0.004753
0 0.847162 0.456511 0.008062 0.004753
0 0.864965 0.467443 0.008062 0.004753
0 0.883104 0.458650 0.008062 0.004753
0 0.883104 0.454373 0.008062 0.004753
0 0.901243 0.467443 0.008062 0.004753
0 0.919382 0.463165 0.008062 0.004753
0 0.919382 0.458650 0.008062 0.004753
0 0.937185 0.467443 0.008062 0.004753
0 0.121935 0.663260 0.008062 0.004753
0 0.162580 0.658983 0.008062 0.004753
0 0.183070 0.682985 0.008062 0.004753
0 0.203225 0.663260 0.008062 0.004753
0 0.243870 0.658983 0.008062 0.004753
0 0.268055 0.663260 0.008062 0.004753
0 0.301310 0.672053 0.008062 0.004753
0 0.301310 0.656844 0.008062 0.004753
0 0.321129 0.663260 0.008062 0.004753
0 0.340947 0.672053 0.008062 0.004753
0 0.340947 0.656844 0.008062 0.004753
0 0.360766 0.663260 0.008062 0.004753
0 0.380584 0.674192 0.008062 0.004753
0 0.380584 0.658983 0.008062 0.004753
0 0.400403 0.663260 0.008062 0.004753
0 0.419886 0.669914 0.008062 0.004753
0 0.419886 0.661122 0.008062 0.004753
0 0.439704 0.665399 0.008062 0.004753
0 0.481693 0.669914 0.008062 0.004753
0 0.481693 0.663260 0.008062 0.004753
0 0.503863 0.669914 0.008062 0.004753
0 0.526033 0.658983 0.008062 0.004753
0 0.548203 0.682985 0.008062 0.004753
0 0.570373 0.661122 0.008062 0.004753
0 0.594558 0.685124 0.008062 0.004753
0 0.616728 0.658983 0.008062 0.004753
0 0.638898 0.682985 0.008062 0.004753
0 0.671817 0.663260 0.008062 0.004753
0 0.691300 0.698432 0.008062 0.004753
0 0.710447 0.687500 0.008062 0.004753
0 0.710447 0.682985 0.008062 0.004753
0 0.729929 0.698432 0.008062 0.004753
0 0.755794 0.689639 0.008062 0.004753
0 0.755794 0.685124 0.008062 0.004753
0 0.775277 0.698432 0.008062 0.004753
0 0.794760 0.687500 0.008062 0.004753
0 0.794760 0.682985 0.008062 0.004753
0 0.813907 0.698432 0.008062 0.004753
0 0.844138 0.691778 0.008062 0.004753
0 0.844138 0.687500 0.008062 0.004753
0 0.872019 0.691778 0.008062 0.004753
0 0.872019 0.687500 0.008062 0.004753
0 0.899899 0.691778 0.008398 0.004753
0 0.899899 0.687500 0.008398 0.004753
0 0.228082 0.197719 0.008062 0.004753
0 0.256634 0.195580 0.008062 0.004753
0 0.338596 0.197719 0.008062 0.004753
0 0.410480 0.199857 0.008062 0.004753
0 0.435673 0.201996 0.008062 0.004753
0 0.460867 0.204373 0.008062 0.004753
0 0.493450 0.206511 0.008062 0.004753
0 0.586496 0.201996 0.008062 0.004753
0 0.610346 0.201996 0.008062 0.004753
0 0.642593 0.199857 0.008062 0.004753
0 0.692644 0.201996 0.008062 0.004753
0 0.721532 0.204373 0.008062 0.004753
0 0.775613 0.201996 0.008062 0.004753
0 0.814914 0.204373 0.008062 0.004753
0 0.847833 0.206511 0.008062 0.004753
0 0.914343 0.201996 0.008062 0.004753
0 0.935170 0.201996 0.008062 0.004753
0 0.129325 0.402567 0.008062 0.004753
0 0.178367 0.411359 0.008062 0.004753
0 0.205240 0.396150 0.008062 0.004753
0 0.254283 0.398289 0.008062 0.004753
0 0.296271 0.398289 0.008062 0.004753
0 0.331542 0.400428 0.008062 0.004753
0 0.401747 0.402567 0.008062 0.004753
0 0.425932 0.402567 0.008062 0.004753
0 0.473631 0.404943 0.008398 0.004753
0 0.558280 0.404943 0.008398 0.004753
0 0.646960 0.402567 0.008398 0.004753
0 0.751428 0.400428 0.008062 0.004753
0 0.775613 0.400428 0.008062 0.004753
0 0.809540 0.396150 0.008062 0.004753
0 0.846826 0.398289 0.008398 0.004753
0 0.919382 0.398289 0.008062 0.004753
0 0.121935 0.605989 0.008062 0.004753
0 0.243870 0.590542 0.008062 0.004753
0 0.268055 0.590542 0.008062 0.004753
0 0.301310 0.590542 0.008398 0.004753
0 0.380249 0.597196 0.008398 0.004753
0 0.481357 0.605989 0.008398 0.004753
