0 0.433322 0.893298 0.008398 0.004990
0 0.472959 0.891160 0.008398 0.004990
0 0.512932 0.888783 0.008398 0.004990
0 0.592879 0.904943 0.008398 0.004990
0 0.682902 0.898051 0.008398 0.004990
0 0.156198 0.174192 0.008398 0.004990
0 0.207592 0.178707 0.008398 0.004990
0 0.258650 0.183460 0.008398 0.004990
0 0.374202 0.176568 0.008398 0.004990
0 0.425932 0.181084 0.008398 0.004990
0 0.477662 0.185599 0.008398 0.004990
0 0.584145 0.178707 0.008398 0.004990
0 0.640578 0.183460 0.008398 0.004990
0 0.685925 0.187975 0.008398 0.004990
0 0.104803 0.407319 0.008398 0.004990
0 0.104803 0.402804 0.008398 0.004990
0 0.156198 0.402804 0.008398 0.004990
0 0.156198 0.398051 0.008398 0.004990
0 0.207592 0.411835 0.008398 0.004990
0 0.207592 0.407319 0.008398 0.004990
0 0.258986 0.407319 0.008398 0.004990
0 0.258986 0.402804 0.008398 0.004990
0 0.324488 0.416587 0.008398 0.004990
0 0.324488 0.411835 0.008398 0.004990
0 0.369835 0.409696 0.008398 0.004990
0 0.369835 0.404943 0.008398 0.004990
0 0.415183 0.414211 0.008398 0.004990
0 0.415183 0.409696 0.008398 0.004990
0 0.460867 0.409696 0.008398 0.004990
0 0.460867 0.404943 0.008398 0.004990
0 0.517971 0.418726 0.008398 0.004990
0 0.517971 0.414211 0.008398 0.004990
0 0.576419 0.414211 0.008398 0.004990
0 0.576419 0.409696 0.008398 0.004990
0 0.634531 0.423479 0.008398 0.004990
0 0.634531 0.418726 0.008398 0.004990
0 0.678200 0.418726 0.008398 0.004990
0 0.678200 0.414211 0.008398 0.004990
0 0.729594 0.416587 0.008398 0.004990
0 0.729594 0.411835 0.008398 0.004990
0 0.842459 0.418726 0.008398 0.004990
0 0.842459 0.414211 0.008398 0.004990
0 0.870675 0.416587 0.008398 0.004990
0 0.870675 0.411835 0.008398 0.004990
0 0.898892 0.414211 0.008398 0.004990
0 0.898892 0.409696 0.008398 0.004990
0 0.927108 0.418726 0.008398 0.004990
0 0.927108 0.414211 0.008398 0.004990
0 0.106483 0.649002 0.008398 0.004990
0 0.106483 0.644249 0.008398 0.004990
0 0.262345 0.669677 0.008398 0.004990
0 0.262345 0.660409 0.008398 0.004990
0 0.262345 0.653517 0.008398 0.004990
0 0.262345 0.649002 0.008398 0.004990
0 0.350689 0.676331 0.008398 0.004990
0 0.350689 0.667300 0.008398 0.004990
0 0.350689 0.660409 0.008398 0.004990
0 0.425596 0.669677 0.008398 0.004990
0 0.425596 0.660409 0.008398 0.004990
0 0.425596 0.653517 0.008398 0.004990
0 0.425596 0.649002 0.008398 0.004990
0 0.532079 0.664924 0.008398 0.004990
0 0.532079 0.655894 0.008398 0.004990
0 0.532079 0.649002 0.008398 0.004990
0 0.786026 0.660409 0.008398 0.004990
0 0.818609 0.658032 0.008398 0.004990
0 0.851192 0.655894 0.008398 0.004990
0 0.903258 0.671816 0.008398 0.004990
0 0.104803 0.898051 0.008398 0.004990
0 0.433322 0.877376 0.008398 0.004990
0 0.512932 0.879515 0.008398 0.004990
0 0.592879 0.872624 0.008398 0.004990
0 0.632852 0.875000 0.008398 0.004990
0 0.682902 0.877376 0.008398 0.004990
0 0.580450 0.616683 0.008398 0.004990
0 0.580450 0.612167 0.008398 0.004990
0 0.629157 0.614544 0.008398 0.004990
0 0.629157 0.609791 0.008398 0.004990
0 0.786026 0.612167 0.008398 0.004990
0 0.818609 0.609791 0.008398 0.004990
0 0.851192 0.605276 0.008398 0.004990
0 0.903258 0.607652 0.008398 0.004990
0 0.158885 0.846245 0.008398 0.004990
0 0.158885 0.841730 0.008398 0.004990
0 0.226402 0.839354 0.008398 0.004990
0 0.293920 0.839354 0.008398 0.004990
0 0.327847 0.837215 0.008398 0.004990
0 0.369164 0.834838 0.008398 0.004990
0 0.433322 0.834838 0.008398 0.004990
0 0.520658 0.834838 0.008398 0.004990
0 0.552906 0.839354 0.008398 0.004990
0 0.592879 0.837215 0.008398 0.004990
0 0.156198 0.135219 0.008398 0.004990
0 0.156198 0.125951 0.008398 0.004990
0 0.207592 0.139734 0.008398 0.004990
0 0.207592 0.130466 0.008398 0.004990
0 0.258650 0.144249 0.008398 0.004990
0 0.258650 0.135219 0.008398 0.004990
0 0.374202 0.137357 0.008398 0.004990
0 0.374202 0.128327 0.008398 0.004990
0 0.425932 0.142110 0.008398 0.004990
0 0.425932 0.132842 0.008398 0.004990
0 0.477662 0.146625 0.008398 0.004990
0 0.477662 0.137357 0.008398 0.004990
0 0.584145 0.139734 0.008398 0.004990
0 0.584145 0.130466 0.008398 0.004990
0 0.640578 0.144249 0.008398 0.004990
0 0.640578 0.135219 0.008398 0.004990
0 0.685925 0.146625 0.008398 0.004990
0 0.685925 0.139734 0.008398 0.004990
0 0.766208 0.146625 0.008398 0.004990
0 0.766208 0.142110 0.008398 0.004990
0 0.793080 0.144249 0.008398 0.004990
0 0.793080 0.139734 0.008398 0.004990
0 0.820289 0.142110 0.008398 0.004990
0 0.820289 0.137357 0.008398 0.004990
0 0.847162 0.139734 0.008398 0.004990
0 0.847162 0.135219 0.008398 0.004990
0 0.874370 0.137357 0.008398 0.004990
0 0.874370 0.132842 0.008398 0.004990
0 0.901243 0.135219 0.008398 0.004990
0 0.901243 0.130466 0.008398 0.004990
0 0.928116 0.132842 0.008398 0.004990
0 0.928116 0.128327 0.008398 0.004990
0 0.104803 0.362405 0.008398 0.004990
0 0.104803 0.357890 0.008398 0.004990
0 0.156198 0.367158 0.008398 0.004990
0 0.156198 0.362405 0.008398 0.004990
0 0.207592 0.367158 0.008398 0.004990
0 0.207592 0.362405 0.008398 0.004990
0 0.258986 0.371673 0.008398 0.004990
0 0.258986 0.367158 0.008398 0.004990
0 0.324488 0.371673 0.008398 0.004990
0 0.324488 0.367158 0.008398 0.004990
0 0.369835 0.364781 0.008398 0.004990
0 0.369835 0.360266 0.008398 0.004990
0 0.415183 0.364781 0.008398 0.004990
0 0.415183 0.360266 0.008398 0.004990
0 0.460867 0.369297 0.008398 0.004990
0 0.460867 0.364781 0.008398 0.004990
0 0.517971 0.369297 0.008398 0.004990
0 0.517971 0.364781 0.008398 0.004990
0 0.576419 0.374049 0.008398 0.004990
0 0.576419 0.369297 0.008398 0.004990
0 0.634531 0.374049 0.008398 0.004990
0 0.634531 0.369297 0.008398 0.004990
0 0.678200 0.374049 0.008398 0.004990
0 0.729594 0.374049 0.008398 0.004990
0 0.757810 0.376188 0.008398 0.004990
0 0.786026 0.378565 0.008398 0.004990
0 0.814243 0.376188 0.008398 0.004990
0 0.842459 0.374049 0.008398 0.004990
0 0.106483 0.612167 0.008398 0.004990
0 0.262345 0.616683 0.008398 0.004990
0 0.262345 0.609791 0.008398 0.004990
0 0.262345 0.605276 0.008398 0.004990
0 0.262345 0.600760 0.008398 0.004990
0 0.350689 0.616683 0.008398 0.004990
0 0.350689 0.612167 0.008398 0.004990
0 0.350689 0.607652 0.008398 0.004990
0 0.350689 0.600760 0.008398 0.004990
0 0.425596 0.616683 0.008398 0.004990
0 0.433322 0.614544 0.008398 0.004990
0 0.425596 0.609791 0.008398 0.004990
0 0.425596 0.600760 0.008398 0.004990
0 0.532079 0.616683 0.008398 0.004990
0 0.532079 0.612167 0.008398 0.004990
0 0.532079 0.605276 0.008398 0.004990
0 0.532079 0.600760 0.008398 0.004990
0 0.580450 0.605276 0.008398 0.004990
0 0.629157 0.605276 0.008398 0.004990
0 0.677864 0.602899 0.008398 0.004990
0 0.786026 0.605276 0.008398 0.004990
0 0.786026 0.600760 0.008398 0.004990
0 0.860934 0.619059 0.008398 0.004990
0 0.860934 0.602899 0.008398 0.004990
0 0.158885 0.834838 0.008398 0.004990
0 0.192476 0.832462 0.008398 0.004990
0 0.226402 0.834838 0.008398 0.004990
0 0.226402 0.830323 0.008398 0.004990
0 0.260329 0.827947 0.008398 0.004990
0 0.293920 0.830323 0.008398 0.004990
0 0.293920 0.825570 0.008398 0.004990
0 0.369164 0.830323 0.008398 0.004990
0 0.369164 0.825570 0.008398 0.004990
0 0.433322 0.825570 0.008398 0.004990
0 0.472959 0.823432 0.008398 0.004990
0 0.512932 0.832462 0.008398 0.004990
0 0.682902 0.834838 0.008398 0.004990
0 0.751092 0.846245 0.008398 0.004990
0 0.751092 0.841730 0.008398 0.004990
0 0.818945 0.844106 0.008398 0.004990
0 0.818945 0.839354 0.008398 0.004990
0 0.104803 0.070105 0.008398 0.004990
0 0.207592 0.074857 0.008398 0.004990
0 0.258650 0.067966 0.008398 0.004990
0 0.322136 0.072481 0.008398 0.004990
0 0.425932 0.076996 0.008398 0.004990
0 0.477662 0.070105 0.008398 0.004990
0 0.539133 0.074857 0.008398 0.004990
0 0.612361 0.079373 0.008398 0.004990
0 0.640578 0.083888 0.008398 0.004990
0 0.739335 0.083888 0.008398 0.004990
0 0.104803 0.302757 0.008398 0.004990
0 0.207592 0.307272 0.008398 0.004990
0 0.258986 0.312025 0.008398 0.004990
0 0.324488 0.316540 0.008398 0.004990
0 0.415183 0.305133 0.008398 0.004990
0 0.517971 0.309648 0.008398 0.004990
0 0.553913 0.314163 0.008398 0.004990
0 0.598589 0.318916 0.008398 0.004990
0 0.634531 0.318916 0.008398 0.004990
0 0.729594 0.318916 0.008398 0.004990
0 0.898892 0.321055 0.008398 0.004990
0 0.106483 0.554183 0.008398 0.004990
0 0.154518 0.552044 0.008398 0.004990
0 0.214646 0.549667 0.008398 0.004990
0 0.262345 0.538260 0.008398 0.004990
0 0.350689 0.538260 0.008398 0.004990
0 0.472623 0.540399 0.008398 0.004990
0 0.532079 0.538260 0.008398 0.004990
0 0.580450 0.542776 0.008398 0.004990
0 0.733960 0.542776 0.008398 0.004990
0 0.751092 0.779705 0.008398 0.004990
0 0.818945 0.779705 0.008398 0.004990
0 0.887135 0.777329 0.008398 0.004990
