0 0.206584 0.352186 0.009070 0.005466
0 0.206584 0.341968 0.009070 0.005466
0 0.337588 0.359791 0.009070 0.005466
0 0.337588 0.339591 0.009070 0.005466
0 0.381256 0.352186 0.009070 0.005466
0 0.381256 0.341968 0.009070 0.005466
0 0.521330 0.359791 0.009070 0.005466
0 0.521330 0.339591 0.009070 0.005466
0 0.572052 0.352186 0.009070 0.005466
0 0.773598 0.344582 0.009070 0.005466
0 0.837756 0.341968 0.009070 0.005466
0 0.872691 0.334363 0.009070 0.005466
0 0.129325 0.584125 0.009070 0.005466
0 0.184414 0.584125 0.009070 0.005466
0 0.218341 0.586740 0.009070 0.005466
0 0.272422 0.589116 0.009070 0.005466
0 0.325831 0.589116 0.009070 0.005466
0 0.387303 0.591730 0.009070 0.005466
0 0.420558 0.594106 0.009070 0.005466
0 0.482029 0.596721 0.009070 0.005466
0 0.537454 0.589116 0.009070 0.005466
0 0.586496 0.589116 0.009070 0.005466
0 0.628485 0.591730 0.009070 0.005466
0 0.705744 0.591730 0.009070 0.005466
0 0.762513 0.594106 0.009070 0.005466
0 0.820961 0.604325 0.009070 0.005466
0 0.860934 0.596721 0.009070 0.005466
0 0.131004 0.853612 0.009070 0.005466
0 0.243870 0.850998 0.009070 0.005466
0 0.371851 0.850998 0.009070 0.005466
0 0.491434 0.861217 0.009070 0.005466
0 0.666107 0.868821 0.009070 0.005466
0 0.666107 0.848622 0.009070 0.005466
0 0.701713 0.861217 0.009070 0.005466
0 0.701713 0.850998 0.009070 0.005466
0 0.880752 0.868821 0.009070 0.005466
0 0.880752 0.848622 0.009070 0.005466
0 0.256634 0.334363 0.009070 0.005466
0 0.256634 0.329373 0.009070 0.005466
0 0.256634 0.324382 0.009070 0.005466
0 0.287874 0.334363 0.009070 0.005466
0 0.287874 0.329373 0.009070 0.005466
0 0.287874 0.321768 0.009070 0.005466
0 0.381256 0.334363 0.009070 0.005466
0 0.381256 0.329373 0.009070 0.005466
0 0.381256 0.321768 0.009070 0.005466
0 0.434666 0.334363 0.009070 0.005466
0 0.434666 0.329373 0.009070 0.005466
0 0.434666 0.324382 0.009070 0.005466
0 0.467921 0.334363 0.009070 0.005466
0 0.467921 0.329373 0.009070 0.005466
0 0.467921 0.321768 0.009070 0.005466
0 0.572052 0.341968 0.009070 0.005466
0 0.628821 0.336977 0.009070 0.005466
0 0.664427 0.339591 0.009070 0.005466
0 0.721532 0.346958 0.009070 0.005466
0 0.721532 0.329373 0.009070 0.005466
0 0.773598 0.334363 0.009070 0.005466
0 0.815922 0.331987 0.009070 0.005466
0 0.837756 0.324382 0.009070 0.005466
0 0.872691 0.326759 0.009070 0.005466
0 0.920726 0.331987 0.009070 0.005466
0 0.129325 0.579135 0.009070 0.005466
0 0.176016 0.581511 0.009070 0.005466
0 0.209943 0.584125 0.009070 0.005466
0 0.272422 0.584125 0.009070 0.005466
0 0.325831 0.584125 0.009070 0.005466
0 0.387303 0.576521 0.009070 0.005466
0 0.420558 0.584125 0.009070 0.005466
0 0.461203 0.581511 0.009070 0.005466
0 0.482029 0.579135 0.009070 0.005466
0 0.528720 0.586740 0.009070 0.005466
0 0.586496 0.584125 0.009070 0.005466
0 0.628485 0.586740 0.009070 0.005466
0 0.679543 0.584125 0.009070 0.005466
0 0.705744 0.579135 0.009070 0.005466
0 0.762513 0.584125 0.009070 0.005466
0 0.820961 0.581511 0.009070 0.005466
0 0.860934 0.584125 0.009070 0.005466
0 0.919046 0.586740 0.009070 0.005466
0 0.131004 0.843394 0.009070 0.005466
0 0.200202 0.841017 0.009070 0.005466
0 0.243870 0.838403 0.009070 0.005466
0 0.313067 0.833413 0.009070 0.005466
0 0.371851 0.835789 0.009070 0.005466
0 0.449446 0.841017 0.009070 0.005466
0 0.491434 0.843394 0.009070 0.005466
0 0.549547 0.843394 0.009070 0.005466
0 0.549547 0.838403 0.009070 0.005466
0 0.549547 0.833413 0.009070 0.005466
0 0.609674 0.850998 0.009070 0.005466
0 0.609674 0.838403 0.009070 0.005466
0 0.609674 0.830798 0.009070 0.005466
0 0.758146 0.843394 0.009070 0.005466
0 0.758146 0.838403 0.009070 0.005466
0 0.758146 0.833413 0.009070 0.005466
0 0.806181 0.850998 0.009070 0.005466
0 0.806181 0.838403 0.009070 0.005466
0 0.806181 0.830798 0.009070 0.005466
0 0.880752 0.835789 0.009070 0.005466
0 0.129325 0.533508 0.009070 0.005466
0 0.176016 0.536122 0.009070 0.005466
0 0.209943 0.538736 0.009070 0.005466
0 0.272422 0.541112 0.009070 0.005466
0 0.325831 0.543726 0.009070 0.005466
0 0.366476 0.541112 0.009070 0.005466
0 0.387303 0.536122 0.009070 0.005466
0 0.420558 0.538736 0.009070 0.005466
0 0.482029 0.541112 0.009070 0.005466
0 0.528720 0.543726 0.009070 0.005466
0 0.586496 0.543726 0.009070 0.005466
0 0.628485 0.541112 0.009070 0.005466
0 0.679543 0.538736 0.009070 0.005466
0 0.714142 0.536122 0.009070 0.005466
0 0.762513 0.538736 0.009070 0.005466
0 0.820961 0.538736 0.009070 0.005466
0 0.820961 0.533508 0.009070 0.005466
0 0.860934 0.533508 0.009070 0.005466
0 0.919046 0.536122 0.009070 0.005466
0 0.131004 0.784696 0.009070 0.005466
0 0.243870 0.787072 0.009070 0.005466
0 0.313067 0.792300 0.009070 0.005466
0 0.371851 0.794677 0.009070 0.005466
0 0.449446 0.787072 0.009070 0.005466
0 0.491434 0.787072 0.009070 0.005466
0 0.248236 0.288736 0.009070 0.005466
0 0.256634 0.286122 0.009070 0.005466
0 0.256634 0.270913 0.009070 0.005466
0 0.287874 0.288736 0.009070 0.005466
0 0.296271 0.286122 0.009070 0.005466
0 0.287874 0.278517 0.009070 0.005466
0 0.381256 0.288736 0.009070 0.005466
0 0.389990 0.286122 0.009070 0.005466
0 0.381256 0.278517 0.009070 0.005466
0 0.426268 0.288736 0.009070 0.005466
0 0.434666 0.286122 0.009070 0.005466
0 0.434666 0.270913 0.009070 0.005466
0 0.467921 0.288736 0.009070 0.005466
0 0.476318 0.286122 0.009070 0.005466
0 0.467921 0.278517 0.009070 0.005466
0 0.572052 0.301331 0.009070 0.005466
0 0.572052 0.296103 0.009070 0.005466
0 0.572052 0.288736 0.009070 0.005466
0 0.628821 0.298717 0.009070 0.005466
0 0.628821 0.291112 0.009070 0.005466
0 0.628821 0.286122 0.009070 0.005466
0 0.664427 0.293726 0.009070 0.005466
0 0.664427 0.288736 0.009070 0.005466
0 0.664427 0.283508 0.009070 0.005466
0 0.721532 0.296103 0.009070 0.005466
0 0.721532 0.291112 0.009070 0.005466
0 0.721532 0.278517 0.009070 0.005466
0 0.773598 0.293726 0.009070 0.005466
0 0.773598 0.281131 0.009070 0.005466
0 0.837756 0.291112 0.009070 0.005466
0 0.837756 0.286122 0.009070 0.005466
0 0.872691 0.296103 0.009070 0.005466
0 0.872691 0.288736 0.009070 0.005466
0 0.129325 0.523527 0.009070 0.005466
0 0.176016 0.523527 0.009070 0.005466
0 0.209943 0.525903 0.009070 0.005466
0 0.251260 0.528517 0.009070 0.005466
0 0.272422 0.533508 0.009070 0.005466
0 0.325831 0.533508 0.009070 0.005466
0 0.366476 0.528517 0.009070 0.005466
0 0.387303 0.531131 0.009070 0.005466
0 0.420558 0.528517 0.009070 0.005466
0 0.482029 0.533508 0.009070 0.005466
0 0.528720 0.531131 0.009070 0.005466
0 0.586496 0.533508 0.009070 0.005466
0 0.628485 0.523527 0.009070 0.005466
0 0.705744 0.533508 0.009070 0.005466
0 0.762513 0.528517 0.009070 0.005466
0 0.820961 0.525903 0.009070 0.005466
0 0.863957 0.541112 0.009070 0.005466
0 0.863957 0.528517 0.009070 0.005466
0 0.131004 0.777091 0.009070 0.005466
0 0.200202 0.779705 0.009070 0.005466
0 0.243870 0.769487 0.009070 0.005466
0 0.313067 0.779705 0.009070 0.005466
0 0.371851 0.779705 0.009070 0.005466
0 0.423245 0.777091 0.009070 0.005466
0 0.449446 0.782082 0.009070 0.005466
0 0.491434 0.779705 0.009070 0.005466
0 0.540813 0.779705 0.009070 0.005466
0 0.549547 0.777091 0.009070 0.005466
0 0.549547 0.761882 0.009070 0.005466
0 0.601276 0.779705 0.009070 0.005466
0 0.609674 0.777091 0.009070 0.005466
0 0.609674 0.769487 0.009070 0.005466
0 0.693315 0.779705 0.009070 0.005466
0 0.701713 0.777091 0.009070 0.005466
0 0.701713 0.769487 0.009070 0.005466
0 0.749748 0.779705 0.009070 0.005466
0 0.758146 0.777091 0.009070 0.005466
0 0.758146 0.761882 0.009070 0.005466
0 0.806181 0.779705 0.009741 0.005466
0 0.815250 0.777091 0.009741 0.005466
0 0.806181 0.769487 0.009741 0.005466
0 0.572052 0.227424 0.009070 0.005466
0 0.628821 0.224810 0.009070 0.005466
0 0.664427 0.222433 0.009070 0.005466
0 0.721532 0.217205 0.009070 0.005466
0 0.773598 0.219819 0.009070 0.005466
0 0.837756 0.224810 0.009070 0.005466
0 0.872691 0.227424 0.009070 0.005466
0 0.129325 0.458175 0.009070 0.005466
0 0.176016 0.458175 0.009070 0.005466
0 0.209943 0.460789 0.009070 0.005466
0 0.251260 0.463165 0.009070 0.005466
0 0.272422 0.468394 0.009070 0.005466
0 0.325831 0.468394 0.009070 0.005466
0 0.366476 0.463165 0.009070 0.005466
0 0.387303 0.465779 0.009070 0.005466
0 0.420558 0.463165 0.009070 0.005466
0 0.528720 0.465779 0.009070 0.005466
0 0.586496 0.468394 0.009070 0.005466
0 0.628485 0.458175 0.009070 0.005466
0 0.705744 0.468394 0.009070 0.005466
0 0.762513 0.463165 0.009070 0.005466
0 0.820961 0.460789 0.009070 0.005466
0 0.860934 0.463165 0.009070 0.005466
0 0.131004 0.715542 0.009070 0.005466
0 0.200202 0.717918 0.009070 0.005466
0 0.243870 0.707937 0.009070 0.005466
0 0.313067 0.717918 0.009070 0.005466
0 0.371851 0.717918 0.009070 0.005466
0 0.423245 0.715542 0.009070 0.005466
0 0.449446 0.720532 0.009070 0.005466
0 0.491434 0.717918 0.009070 0.005466
