0 0.262681 0.271150 0.009405 0.005703
0 0.303325 0.268536 0.009405 0.005703
0 0.354048 0.276378 0.009405 0.005703
0 0.379577 0.273764 0.009405 0.005703
0 0.430299 0.281606 0.009405 0.005703
0 0.455828 0.278992 0.009405 0.005703
0 0.506886 0.289449 0.009405 0.005703
0 0.540813 0.286835 0.009405 0.005703
0 0.590863 0.281606 0.009405 0.005703
0 0.616056 0.278992 0.009405 0.005703
0 0.666443 0.276378 0.009405 0.005703
0 0.691636 0.273764 0.009405 0.005703
0 0.741686 0.271150 0.009405 0.005703
0 0.778300 0.268536 0.009405 0.005703
0 0.932146 0.268536 0.009405 0.005703
0 0.127645 0.439163 0.009405 0.005703
0 0.178703 0.449620 0.009405 0.005703
0 0.204232 0.447006 0.009405 0.005703
0 0.255291 0.454848 0.009405 0.005703
0 0.280484 0.452234 0.009405 0.005703
0 0.331542 0.460076 0.009405 0.005703
0 0.365805 0.457462 0.009405 0.005703
0 0.416863 0.454848 0.009405 0.005703
0 0.442392 0.452234 0.009405 0.005703
0 0.493450 0.449620 0.009405 0.005703
0 0.518979 0.447006 0.009405 0.005703
0 0.570037 0.441778 0.009405 0.005703
0 0.606987 0.439163 0.009405 0.005703
0 0.762177 0.441778 0.009405 0.005703
0 0.797111 0.439163 0.009405 0.005703
0 0.425932 0.696530 0.009405 0.005703
0 0.446423 0.693916 0.009405 0.005703
0 0.834061 0.696530 0.009405 0.005703
0 0.854887 0.693916 0.009405 0.005703
0 0.150487 0.875238 0.009405 0.005703
0 0.175344 0.872624 0.009405 0.005703
0 0.575076 0.896150 0.009405 0.005703
0 0.598589 0.885694 0.009405 0.005703
0 0.622103 0.883080 0.009405 0.005703
0 0.645616 0.877852 0.009405 0.005703
0 0.669130 0.830798 0.009405 0.005703
0 0.692644 0.828184 0.009405 0.005703
0 0.716157 0.822956 0.009405 0.005703
0 0.770574 0.877852 0.009405 0.005703
0 0.793080 0.867395 0.009405 0.005703
0 0.815586 0.864781 0.009405 0.005703
0 0.838092 0.822956 0.009405 0.005703
0 0.860598 0.812500 0.009405 0.005703
0 0.882768 0.809886 0.009405 0.005703
0 0.905274 0.804658 0.009405 0.005703
0 0.233456 0.205798 0.009405 0.005703
0 0.262681 0.192728 0.009405 0.005703
0 0.303325 0.187500 0.009405 0.005703
0 0.328519 0.211027 0.009405 0.005703
0 0.354048 0.200570 0.009405 0.005703
0 0.379577 0.192728 0.009405 0.005703
0 0.405106 0.218869 0.009405 0.005703
0 0.430299 0.205798 0.009405 0.005703
0 0.455828 0.200570 0.009405 0.005703
0 0.481357 0.224097 0.009405 0.005703
0 0.506886 0.211027 0.009405 0.005703
0 0.540813 0.205798 0.009405 0.005703
0 0.566006 0.218869 0.009405 0.005703
0 0.590863 0.205798 0.009405 0.005703
0 0.616056 0.200570 0.009405 0.005703
0 0.641250 0.211027 0.009405 0.005703
0 0.666443 0.200570 0.009405 0.005703
0 0.691636 0.192728 0.009405 0.005703
0 0.716493 0.205798 0.009405 0.005703
0 0.741686 0.192728 0.009405 0.005703
0 0.778300 0.187500 0.009405 0.005703
0 0.908633 0.200570 0.009405 0.005703
0 0.932146 0.187500 0.009405 0.005703
0 0.127645 0.360979 0.009405 0.005703
0 0.153174 0.384506 0.009405 0.005703
0 0.178703 0.371435 0.009405 0.005703
0 0.204232 0.366207 0.009405 0.005703
0 0.229762 0.389496 0.009405 0.005703
0 0.255291 0.379278 0.009405 0.005703
0 0.280484 0.371435 0.009405 0.005703
0 0.306013 0.397338 0.009405 0.005703
0 0.331542 0.384506 0.009405 0.005703
0 0.365805 0.379278 0.009405 0.005703
0 0.391334 0.389496 0.009405 0.005703
0 0.416863 0.379278 0.009405 0.005703
0 0.442392 0.371435 0.009405 0.005703
0 0.467921 0.384506 0.009405 0.005703
0 0.493450 0.371435 0.009405 0.005703
0 0.518979 0.366207 0.009405 0.005703
0 0.544508 0.379278 0.009405 0.005703
0 0.570037 0.366207 0.009405 0.005703
0 0.606987 0.360979 0.009405 0.005703
0 0.738663 0.379278 0.009405 0.005703
0 0.762177 0.366207 0.009405 0.005703
0 0.797111 0.360979 0.009405 0.005703
0 0.405442 0.634030 0.009405 0.005703
0 0.425932 0.620960 0.009405 0.005703
0 0.446423 0.615732 0.009405 0.005703
0 0.813571 0.634030 0.009405 0.005703
0 0.834061 0.620960 0.009405 0.005703
0 0.854887 0.615732 0.009405 0.005703
0 0.125630 0.812500 0.009405 0.005703
0 0.150487 0.799430 0.009405 0.005703
0 0.175344 0.794202 0.009405 0.005703
0 0.213638 0.562975 0.009405 0.005703
0 0.260329 0.562975 0.009405 0.005703
0 0.325831 0.562975 0.009405 0.005703
0 0.355391 0.565589 0.009405 0.005703
0 0.405442 0.565589 0.009405 0.005703
0 0.466913 0.568203 0.009405 0.005703
0 0.558952 0.570817 0.009405 0.005703
0 0.606987 0.568203 0.009405 0.005703
0 0.691972 0.576046 0.009405 0.005703
0 0.813571 0.576046 0.009405 0.005703
0 0.915687 0.576046 0.009405 0.005703
