0 0.181391 0.323907 0.007726 0.004278
0 0.181391 0.309173 0.007726 0.004278
0 0.330870 0.323907 0.007726 0.004278
0 0.330870 0.309173 0.007726 0.004278
0 0.480349 0.326046 0.007726 0.004278
0 0.480349 0.311312 0.007726 0.004278
0 0.649311 0.323907 0.007726 0.004278
0 0.649311 0.309173 0.007726 0.004278
0 0.798791 0.323907 0.007726 0.004278
0 0.798791 0.309173 0.007726 0.004278
0 0.131676 0.518061 0.007726 0.004278
0 0.131676 0.503327 0.007726 0.004278
0 0.294928 0.520200 0.007726 0.004278
0 0.294928 0.505466 0.007726 0.004278
0 0.473295 0.518061 0.007726 0.004278
0 0.473295 0.503327 0.007726 0.004278
0 0.626470 0.518061 0.007726 0.004278
0 0.626470 0.503327 0.007726 0.004278
0 0.802150 0.518061 0.007726 0.004278
0 0.802150 0.503327 0.007726 0.004278
0 0.131676 0.720057 0.007726 0.004278
0 0.131676 0.705323 0.007726 0.004278
0 0.303661 0.713641 0.007726 0.004278
0 0.303661 0.698907 0.007726 0.004278
0 0.471616 0.713641 0.007726 0.004278
0 0.471616 0.698907 0.007726 0.004278
0 0.642593 0.713641 0.007726 0.004278
0 0.642593 0.698907 0.007726 0.004278
0 0.808532 0.715779 0.007726 0.004278
0 0.808532 0.701046 0.007726 0.004278
0 0.131676 0.909458 0.007726 0.004278
0 0.131676 0.894724 0.007726 0.004278
0 0.275445 0.915637 0.007726 0.004278
0 0.275445 0.900903 0.007726 0.004278
0 0.450118 0.909458 0.007726 0.004278
0 0.450118 0.894724 0.007726 0.004278
0 0.627141 0.919914 0.007726 0.004278
0 0.627141 0.905181 0.007726 0.004278
0 0.810212 0.913498 0.007726 0.004278
0 0.810212 0.898764 0.007726 0.004278
0 0.206248 0.286122 0.007726 0.004278
0 0.206248 0.281844 0.007726 0.004278
0 0.221700 0.286122 0.007726 0.004278
0 0.221700 0.281844 0.007726 0.004278
0 0.237151 0.281844 0.007726 0.004278
0 0.237151 0.275665 0.007726 0.004278
0 0.262009 0.275665 0.007726 0.004278
0 0.262009 0.271388 0.007726 0.004278
0 0.286530 0.271388 0.007726 0.004278
0 0.286530 0.267110 0.007726 0.004278
0 0.355727 0.286122 0.007726 0.004278
0 0.355727 0.281844 0.007726 0.004278
0 0.371179 0.286122 0.007726 0.004278
0 0.371179 0.281844 0.007726 0.004278
0 0.386631 0.281844 0.007726 0.004278
0 0.386631 0.275665 0.007726 0.004278
0 0.411488 0.275665 0.007726 0.004278
0 0.411488 0.271388 0.007726 0.004278
0 0.436009 0.271388 0.007726 0.004278
0 0.436009 0.267110 0.007726 0.004278
0 0.507222 0.283983 0.007726 0.004278
0 0.514612 0.281844 0.007726 0.004278
0 0.527712 0.283983 0.007726 0.004278
0 0.534767 0.281844 0.007726 0.004278
0 0.548203 0.281844 0.007726 0.004278
0 0.548203 0.273527 0.007726 0.004278
0 0.575076 0.273527 0.007726 0.004278
0 0.575076 0.269249 0.007726 0.004278
0 0.601948 0.269249 0.007726 0.004278
0 0.609002 0.267110 0.007726 0.004278
0 0.673833 0.286122 0.007726 0.004278
0 0.673833 0.281844 0.007726 0.004278
0 0.689620 0.286122 0.007726 0.004278
0 0.689620 0.281844 0.007726 0.004278
0 0.705072 0.281844 0.007726 0.004278
0 0.705072 0.275665 0.007726 0.004278
0 0.729594 0.275665 0.007726 0.004278
0 0.729594 0.271388 0.007726 0.004278
0 0.754451 0.271388 0.007726 0.004278
0 0.754451 0.267110 0.007726 0.004278
0 0.823648 0.286122 0.007726 0.004278
0 0.823648 0.281844 0.007726 0.004278
0 0.839436 0.286122 0.007726 0.004278
0 0.839436 0.281844 0.007726 0.004278
0 0.854887 0.281844 0.007726 0.004278
0 0.854887 0.275665 0.007726 0.004278
0 0.880081 0.275665 0.007726 0.004278
0 0.880081 0.271388 0.007726 0.004278
0 0.904938 0.271388 0.007726 0.004278
0 0.904938 0.267110 0.007726 0.004278
0 0.157205 0.480038 0.007726 0.004278
0 0.157205 0.475998 0.007726 0.004278
0 0.172993 0.480038 0.007726 0.004278
0 0.172993 0.475998 0.007726 0.004278
0 0.188781 0.475998 0.007726 0.004278
0 0.188781 0.469582 0.007726 0.004278
0 0.214310 0.469582 0.007726 0.004278
0 0.214310 0.465304 0.007726 0.004278
0 0.239839 0.465304 0.007726 0.004278
0 0.239839 0.461264 0.007726 0.004278
0 0.319449 0.478137 0.007726 0.004278
0 0.326503 0.475998 0.007726 0.004278
0 0.339940 0.478137 0.007726 0.004278
0 0.346994 0.475998 0.007726 0.004278
0 0.360430 0.475998 0.007726 0.004278
0 0.360430 0.467443 0.007726 0.004278
0 0.384951 0.467443 0.007726 0.004278
0 0.384951 0.463403 0.007726 0.004278
0 0.409809 0.463403 0.007726 0.004278
0 0.416863 0.461264 0.007726 0.004278
0 0.498824 0.480038 0.007726 0.004278
0 0.498824 0.475998 0.007726 0.004278
0 0.514612 0.480038 0.007726 0.004278
0 0.514612 0.475998 0.007726 0.004278
0 0.530400 0.475998 0.007726 0.004278
0 0.530400 0.469582 0.007726 0.004278
0 0.555929 0.469582 0.007726 0.004278
0 0.555929 0.465304 0.007726 0.004278
0 0.581122 0.465304 0.007726 0.004278
0 0.581122 0.461264 0.007726 0.004278
0 0.653006 0.478137 0.007726 0.004278
0 0.653006 0.473859 0.007726 0.004278
0 0.669466 0.478137 0.007726 0.004278
0 0.669466 0.473859 0.007726 0.004278
0 0.685925 0.473859 0.007726 0.004278
0 0.685925 0.469582 0.007726 0.004278
0 0.712462 0.469582 0.007726 0.004278
0 0.712462 0.463403 0.007726 0.004278
0 0.738999 0.463403 0.007726 0.004278
0 0.738999 0.459125 0.007726 0.004278
0 0.826671 0.480038 0.007726 0.004278
0 0.826671 0.475998 0.007726 0.004278
0 0.841787 0.480038 0.007726 0.004278
0 0.841787 0.475998 0.007726 0.004278
0 0.857239 0.475998 0.007726 0.004278
0 0.857239 0.469582 0.007726 0.004278
0 0.881760 0.469582 0.007726 0.004278
0 0.881760 0.465304 0.007726 0.004278
0 0.905946 0.465304 0.007726 0.004278
0 0.905946 0.461264 0.007726 0.004278
0 0.153510 0.673717 0.007726 0.004278
0 0.160900 0.671578 0.007726 0.004278
0 0.174001 0.673717 0.007726 0.004278
0 0.181055 0.671578 0.007726 0.004278
0 0.194491 0.671578 0.007726 0.004278
0 0.194491 0.667300 0.007726 0.004278
0 0.216661 0.667300 0.007726 0.004278
0 0.216661 0.658983 0.007726 0.004278
0 0.238495 0.658983 0.007726 0.004278
0 0.245549 0.656844 0.007726 0.004278
0 0.326839 0.675856 0.007726 0.004278
0 0.326839 0.671578 0.007726 0.004278
0 0.341283 0.675856 0.007726 0.004278
0 0.341283 0.671578 0.007726 0.004278
0 0.356063 0.671578 0.007726 0.004278
0 0.356063 0.665162 0.007726 0.004278
0 0.379241 0.665162 0.007726 0.004278
0 0.379241 0.661122 0.007726 0.004278
0 0.402754 0.661122 0.007726 0.004278
0 0.402754 0.656844 0.007726 0.004278
0 0.497145 0.673717 0.007726 0.004278
0 0.497145 0.669439 0.007726 0.004278
0 0.513268 0.673717 0.007726 0.004278
0 0.513268 0.669439 0.007726 0.004278
0 0.529392 0.669439 0.007726 0.004278
0 0.529392 0.665162 0.007726 0.004278
0 0.555257 0.665162 0.007726 0.004278
0 0.555257 0.658983 0.007726 0.004278
0 0.580786 0.658983 0.007726 0.004278
0 0.580786 0.654705 0.007726 0.004278
0 0.667450 0.675856 0.007726 0.004278
0 0.667450 0.671578 0.007726 0.004278
0 0.682902 0.675856 0.007726 0.004278
0 0.682902 0.671578 0.007726 0.004278
0 0.698354 0.671578 0.007726 0.004278
0 0.698354 0.665162 0.007726 0.004278
0 0.722875 0.665162 0.007726 0.004278
0 0.722875 0.661122 0.007726 0.004278
0 0.747733 0.661122 0.007726 0.004278
0 0.747733 0.656844 0.007726 0.004278
0 0.829694 0.673717 0.007726 0.004278
0 0.836748 0.671578 0.007726 0.004278
0 0.850185 0.673717 0.007726 0.004278
0 0.857239 0.671578 0.007726 0.004278
0 0.870675 0.671578 0.007726 0.004278
0 0.870675 0.663260 0.007726 0.004278
0 0.891837 0.663260 0.007726 0.004278
0 0.891837 0.658983 0.007726 0.004278
0 0.912664 0.658983 0.007726 0.004278
0 0.919718 0.656844 0.007726 0.004278
0 0.153174 0.871435 0.007726 0.004278
0 0.153174 0.867395 0.007726 0.004278
0 0.166611 0.871435 0.007726 0.004278
0 0.166611 0.867395 0.007726 0.004278
0 0.179711 0.867395 0.007726 0.004278
0 0.179711 0.860979 0.007726 0.004278
0 0.201209 0.860979 0.007726 0.004278
0 0.201209 0.856702 0.007726 0.004278
0 0.222707 0.856702 0.007726 0.004278
0 0.222707 0.852662 0.007726 0.004278
0 0.296607 0.869297 0.007726 0.004278
0 0.303997 0.867395 0.007726 0.004278
0 0.317098 0.869297 0.007726 0.004278
0 0.324152 0.867395 0.007726 0.004278
0 0.337588 0.867395 0.007726 0.004278
0 0.337588 0.863118 0.007726 0.004278
0 0.364125 0.863118 0.007726 0.004278
0 0.364125 0.854563 0.007726 0.004278
0 0.390662 0.854563 0.007726 0.004278
0 0.397716 0.852662 0.007726 0.004278
0 0.474639 0.871435 0.007726 0.004278
0 0.474639 0.867395 0.007726 0.004278
0 0.489755 0.871435 0.007726 0.004278
0 0.489755 0.867395 0.007726 0.004278
0 0.505207 0.867395 0.007726 0.004278
0 0.505207 0.860979 0.007726 0.004278
0 0.529728 0.860979 0.007726 0.004278
0 0.529728 0.856702 0.007726 0.004278
0 0.553913 0.856702 0.007726 0.004278
0 0.553913 0.852662 0.007726 0.004278
0 0.654014 0.871435 0.007726 0.004278
0 0.654014 0.867395 0.007726 0.004278
0 0.670810 0.871435 0.007726 0.004278
0 0.670810 0.867395 0.007726 0.004278
0 0.687605 0.867395 0.007726 0.004278
0 0.687605 0.858840 0.007726 0.004278
0 0.714478 0.858840 0.007726 0.004278
0 0.721532 0.856702 0.007726 0.004278
0 0.746389 0.856702 0.007726 0.004278
0 0.746389 0.852662 0.007726 0.004278
0 0.833725 0.871435 0.007726 0.004278
0 0.833725 0.865257 0.007726 0.004278
0 0.848169 0.871435 0.007726 0.004278
0 0.848169 0.865257 0.007726 0.004278
0 0.862949 0.865257 0.007726 0.004278
0 0.862949 0.860979 0.007726 0.004278
0 0.886127 0.860979 0.007726 0.004278
0 0.886127 0.856702 0.007726 0.004278
0 0.909641 0.856702 0.007726 0.004278
0 0.909641 0.850523 0.007726 0.004278
0 0.798791 0.216730 0.007726 0.004278
0 0.904938 0.216730 0.007726 0.004278
0 0.929795 0.222909 0.007726 0.004278
0 0.131676 0.413736 0.007726 0.004278
0 0.188781 0.418013 0.007726 0.004278
0 0.294928 0.413736 0.007726 0.004278
0 0.409809 0.411597 0.007726 0.004278
0 0.434330 0.413736 0.007726 0.004278
0 0.473295 0.418013 0.007726 0.004278
0 0.626470 0.411597 0.007726 0.004278
0 0.738999 0.411597 0.007726 0.004278
0 0.765536 0.411597 0.007726 0.004278
0 0.802150 0.411597 0.007726 0.004278
0 0.857239 0.413736 0.007726 0.004278
0 0.905946 0.418013 0.007726 0.004278
0 0.930467 0.413736 0.007726 0.004278
0 0.131676 0.607890 0.007726 0.004278
0 0.216661 0.610029 0.007726 0.004278
0 0.238495 0.611930 0.007726 0.004278
0 0.260665 0.614068 0.007726 0.004278
0 0.303661 0.611930 0.007726 0.004278
0 0.290897 0.614068 0.005375 0.003089
0 0.356063 0.611930 0.007726 0.004278
0 0.402754 0.607890 0.007726 0.004278
0 0.431307 0.607890 0.007726 0.004278
0 0.471616 0.605751 0.007726 0.004278
0 0.555257 0.610029 0.007726 0.004278
0 0.580786 0.605751 0.007726 0.004278
0 0.606651 0.601473 0.007726 0.004278
0 0.642593 0.605751 0.007726 0.004278
0 0.698354 0.607890 0.007726 0.004278
0 0.747733 0.611930 0.007726 0.004278
0 0.777964 0.610029 0.007726 0.004278
0 0.808532 0.607890 0.007726 0.004278
0 0.891837 0.614068 0.007726 0.004278
0 0.912664 0.614068 0.007726 0.004278
0 0.933826 0.607890 0.007726 0.004278
0 0.131676 0.803470 0.007726 0.004278
0 0.201209 0.807747 0.007726 0.004278
0 0.222707 0.803470 0.007726 0.004278
0 0.243870 0.797053 0.007726 0.004278
0 0.275445 0.794914 0.007726 0.004278
0 0.390662 0.793013 0.007726 0.004278
0 0.411824 0.799192 0.007726 0.004278
0 0.450118 0.797053 0.007726 0.004278
0 0.553913 0.793013 0.007726 0.004278
0 0.585153 0.797053 0.007726 0.004278
0 0.627141 0.799192 0.007726 0.004278
0 0.714478 0.799192 0.007726 0.004278
0 0.746389 0.803470 0.007726 0.004278
0 0.773262 0.807747 0.007726 0.004278
0 0.810212 0.807747 0.007726 0.004278
0 0.848169 0.797053 0.007726 0.004278
0 0.862949 0.797053 0.007726 0.004278
0 0.909641 0.793013 0.007726 0.004278
0 0.937857 0.797053 0.007726 0.004278
