0 0.701377 0.197956 0.008734 0.005228
0 0.138730 0.200333 0.008734 0.005228
0 0.138730 0.183460 0.008734 0.005228
0 0.159221 0.173954 0.008734 0.005228
0 0.179711 0.166825 0.008734 0.005228
0 0.200537 0.140447 0.008734 0.005228
0 0.221028 0.135694 0.008734 0.005228
0 0.241854 0.128565 0.008734 0.005228
0 0.292241 0.193203 0.008734 0.005228
0 0.292241 0.176331 0.008734 0.005228
0 0.312731 0.171578 0.008734 0.005228
0 0.333221 0.166825 0.008734 0.005228
0 0.354048 0.145200 0.008734 0.005228
0 0.374538 0.138070 0.008734 0.005228
0 0.395029 0.133317 0.008734 0.005228
0 0.435673 0.193203 0.008734 0.005228
0 0.435673 0.183460 0.008734 0.005228
0 0.455828 0.176331 0.008734 0.005228
0 0.475983 0.171578 0.008734 0.005228
0 0.496137 0.145200 0.008734 0.005228
0 0.516292 0.138070 0.008734 0.005228
0 0.536446 0.133317 0.008734 0.005228
0 0.568693 0.195580 0.008734 0.005228
0 0.568693 0.178707 0.008734 0.005228
0 0.588848 0.176331 0.008734 0.005228
0 0.609002 0.171578 0.008734 0.005228
0 0.629157 0.145200 0.008734 0.005228
0 0.649311 0.138070 0.008734 0.005228
0 0.669466 0.133317 0.008734 0.005228
0 0.701377 0.185837 0.008734 0.005228
0 0.721532 0.181084 0.008734 0.005228
0 0.741686 0.176331 0.008734 0.005228
0 0.761841 0.171578 0.008734 0.005228
0 0.781995 0.169202 0.008734 0.005228
0 0.802486 0.142823 0.008734 0.005228
0 0.142089 0.419439 0.008734 0.005228
0 0.165939 0.424192 0.008734 0.005228
0 0.189788 0.419439 0.008734 0.005228
0 0.208935 0.424192 0.008734 0.005228
0 0.228418 0.416825 0.008734 0.005228
0 0.247565 0.424192 0.008734 0.005228
0 0.279140 0.416825 0.008734 0.005228
0 0.297951 0.424192 0.008734 0.005228
0 0.316426 0.416825 0.008734 0.005228
0 0.335237 0.424192 0.008734 0.005228
0 0.354048 0.419439 0.008734 0.005228
0 0.372859 0.424192 0.008734 0.005228
0 0.417199 0.407319 0.008734 0.005228
0 0.437689 0.412072 0.008734 0.005228
0 0.457843 0.407319 0.008734 0.005228
0 0.478334 0.412072 0.008734 0.005228
0 0.498824 0.404943 0.008734 0.005228
0 0.518979 0.412072 0.008734 0.005228
0 0.551226 0.404943 0.008734 0.005228
0 0.572388 0.412072 0.008734 0.005228
0 0.593215 0.404943 0.008734 0.005228
0 0.614377 0.412072 0.008734 0.005228
0 0.635539 0.407319 0.008734 0.005228
0 0.662412 0.412072 0.008734 0.005228
0 0.692980 0.436074 0.008734 0.005228
0 0.713470 0.428945 0.008734 0.005228
0 0.733960 0.436074 0.008734 0.005228
0 0.754451 0.428945 0.008734 0.005228
0 0.774605 0.436074 0.008734 0.005228
0 0.795096 0.428945 0.008734 0.005228
0 0.827343 0.436074 0.008734 0.005228
0 0.851192 0.428945 0.008734 0.005228
0 0.874706 0.436074 0.008734 0.005228
0 0.895197 0.428945 0.008734 0.005228
0 0.915351 0.438451 0.008734 0.005228
0 0.935506 0.428945 0.008734 0.005228
0 0.135371 0.682272 0.008734 0.005228
0 0.162244 0.670152 0.008734 0.005228
0 0.189452 0.682272 0.008734 0.005228
0 0.216661 0.670152 0.008734 0.005228
0 0.243870 0.684648 0.008734 0.005228
0 0.271078 0.670152 0.008734 0.005228
0 0.324152 0.687025 0.008734 0.005228
0 0.349009 0.677281 0.008734 0.005228
0 0.368828 0.670152 0.008734 0.005228
0 0.388982 0.665399 0.008734 0.005228
0 0.408801 0.660646 0.008734 0.005228
0 0.428619 0.655894 0.008734 0.005228
0 0.457843 0.653517 0.008734 0.005228
0 0.596238 0.665399 0.008734 0.005228
0 0.615385 0.660646 0.008734 0.005228
0 0.634195 0.655894 0.008734 0.005228
0 0.653006 0.653517 0.008734 0.005228
0 0.825663 0.687025 0.008734 0.005228
0 0.825663 0.670152 0.008734 0.005228
0 0.847162 0.665399 0.008734 0.005228
0 0.868324 0.655894 0.008734 0.005228
0 0.135371 0.903992 0.008734 0.005228
0 0.155526 0.894249 0.008734 0.005228
0 0.175680 0.882367 0.008734 0.005228
0 0.195835 0.855989 0.008734 0.005228
0 0.215989 0.848859 0.008734 0.005228
0 0.236144 0.839354 0.008734 0.005228
0 0.268055 0.911122 0.008734 0.005228
0 0.268055 0.894249 0.008734 0.005228
0 0.288546 0.889496 0.008734 0.005228
0 0.309036 0.879990 0.008734 0.005228
0 0.329526 0.877614 0.008734 0.005228
0 0.352032 0.846483 0.008734 0.005228
0 0.370507 0.839354 0.008734 0.005228
0 0.402754 0.911122 0.008734 0.005228
0 0.402754 0.894249 0.008734 0.005228
0 0.423245 0.889496 0.008734 0.005228
0 0.443735 0.879990 0.008734 0.005228
0 0.464226 0.877614 0.008734 0.005228
0 0.486732 0.846483 0.008734 0.005228
0 0.505207 0.839354 0.008734 0.005228
0 0.537454 0.911122 0.008734 0.005228
0 0.537454 0.894249 0.008734 0.005228
0 0.558952 0.889496 0.008734 0.005228
0 0.580786 0.879990 0.008734 0.005228
0 0.602284 0.877614 0.008734 0.005228
0 0.625798 0.846483 0.008734 0.005228
0 0.645280 0.839354 0.008734 0.005228
0 0.678871 0.903992 0.008734 0.005228
0 0.700369 0.894249 0.008734 0.005228
0 0.721532 0.887120 0.008734 0.005228
0 0.721532 0.882367 0.008734 0.005228
0 0.743030 0.877614 0.008734 0.005228
0 0.766544 0.848859 0.008734 0.005228
0 0.786026 0.839354 0.008734 0.005228
0 0.820625 0.901616 0.008734 0.005228
0 0.820625 0.884743 0.008734 0.005228
0 0.843131 0.879990 0.008734 0.005228
0 0.865637 0.848859 0.008734 0.005228
0 0.888142 0.846483 0.008734 0.005228
0 0.910648 0.836977 0.008734 0.005228
0 0.933154 0.829848 0.008734 0.005228
0 0.891502 0.126188 0.008734 0.005228
0 0.911320 0.126188 0.008734 0.005228
0 0.931139 0.126188 0.008734 0.005228
0 0.323816 0.655894 0.009070 0.005228
0 0.332214 0.653517 0.009070 0.005228
0 0.138730 0.123812 0.008734 0.005228
0 0.292241 0.121435 0.008734 0.005228
0 0.435673 0.128565 0.008734 0.005228
0 0.568693 0.121435 0.008734 0.005228
0 0.701377 0.130941 0.008734 0.005228
0 0.832382 0.138070 0.008734 0.005228
0 0.852200 0.133317 0.008734 0.005228
0 0.871683 0.130941 0.008734 0.005228
0 0.891502 0.126188 0.008734 0.005228
0 0.911320 0.121435 0.008734 0.005228
0 0.931139 0.121435 0.008734 0.005228
0 0.931139 0.116683 0.008734 0.005228
0 0.142089 0.357890 0.008734 0.005228
0 0.134363 0.353137 0.008734 0.005228
0 0.142089 0.350760 0.008734 0.005228
0 0.165939 0.357890 0.008734 0.005228
0 0.157877 0.353137 0.008734 0.005228
0 0.165939 0.350760 0.008734 0.005228
0 0.189788 0.357890 0.008734 0.005228
0 0.181727 0.353137 0.008734 0.005228
0 0.189788 0.350760 0.008734 0.005228
0 0.228418 0.357890 0.008734 0.005228
0 0.228418 0.353137 0.008734 0.005228
0 0.228418 0.348384 0.008734 0.005228
0 0.278804 0.357890 0.009070 0.005228
0 0.278804 0.353137 0.009070 0.005228
0 0.278804 0.348384 0.009070 0.005228
0 0.354048 0.357890 0.008734 0.005228
0 0.345986 0.353137 0.008734 0.005228
0 0.354048 0.350760 0.008734 0.005228
0 0.354048 0.341255 0.008734 0.005228
0 0.417199 0.374525 0.008734 0.005228
0 0.417199 0.369772 0.008734 0.005228
0 0.425260 0.367395 0.008734 0.005228
0 0.437689 0.374525 0.008734 0.005228
0 0.437689 0.369772 0.008734 0.005228
0 0.445415 0.367395 0.008734 0.005228
0 0.457843 0.374525 0.008734 0.005228
0 0.457843 0.369772 0.008734 0.005228
0 0.465905 0.367395 0.008734 0.005228
0 0.498824 0.374525 0.008734 0.005228
0 0.498824 0.369772 0.008734 0.005228
0 0.498824 0.365019 0.008734 0.005228
0 0.550890 0.374525 0.009070 0.005228
0 0.550890 0.369772 0.009070 0.005228
0 0.550890 0.365019 0.009070 0.005228
0 0.635539 0.374525 0.008734 0.005228
0 0.635539 0.369772 0.008734 0.005228
0 0.643601 0.367395 0.008734 0.005228
0 0.635539 0.357890 0.008734 0.005228
0 0.692980 0.424192 0.008734 0.005228
0 0.692980 0.414449 0.008734 0.005228
0 0.701041 0.412072 0.008734 0.005228
0 0.713470 0.424192 0.008734 0.005228
0 0.713470 0.414449 0.008734 0.005228
0 0.721532 0.412072 0.008734 0.005228
0 0.733960 0.424192 0.008734 0.005228
0 0.733960 0.414449 0.008734 0.005228
0 0.742022 0.412072 0.008734 0.005228
0 0.774605 0.424192 0.008734 0.005228
0 0.774605 0.414449 0.008734 0.005228
0 0.774605 0.409696 0.008734 0.005228
0 0.827343 0.386644 0.008734 0.005228
0 0.835405 0.384268 0.008734 0.005228
0 0.827343 0.379515 0.008734 0.005228
0 0.851192 0.386644 0.008734 0.005228
0 0.859254 0.384268 0.008734 0.005228
0 0.851192 0.379515 0.008734 0.005228
0 0.874706 0.386644 0.008734 0.005228
0 0.882768 0.384268 0.008734 0.005228
0 0.874706 0.379515 0.008734 0.005228
0 0.915351 0.386644 0.008734 0.005228
0 0.923077 0.384268 0.008734 0.005228
0 0.915351 0.376901 0.008734 0.005228
0 0.135371 0.634268 0.008734 0.005228
0 0.143433 0.631892 0.008734 0.005228
0 0.135371 0.622386 0.008734 0.005228
0 0.162244 0.634268 0.008734 0.005228
0 0.170306 0.631892 0.008734 0.005228
0 0.162244 0.622386 0.008734 0.005228
0 0.189452 0.634268 0.008734 0.005228
0 0.197514 0.631892 0.008734 0.005228
0 0.189452 0.622386 0.008734 0.005228
0 0.243870 0.634268 0.008734 0.005228
0 0.251931 0.631892 0.008734 0.005228
0 0.243870 0.620010 0.008734 0.005228
0 0.323816 0.627139 0.009070 0.005228
0 0.323816 0.617633 0.009070 0.005228
0 0.475983 0.627139 0.008734 0.005228
0 0.494458 0.622386 0.008734 0.005228
0 0.512932 0.617633 0.008734 0.005228
0 0.531072 0.615257 0.008734 0.005228
0 0.549547 0.610504 0.008734 0.005228
0 0.577091 0.605513 0.009070 0.005228
0 0.653006 0.605513 0.008734 0.005228
0 0.671817 0.627139 0.008734 0.005228
0 0.703729 0.622386 0.008734 0.005228
0 0.722204 0.617633 0.008734 0.005228
0 0.740679 0.615257 0.008734 0.005228
0 0.758818 0.615257 0.008734 0.005228
0 0.777293 0.622386 0.008734 0.005228
0 0.795432 0.615257 0.008734 0.005228
0 0.825663 0.598384 0.008734 0.005228
0 0.889822 0.631892 0.008734 0.005228
0 0.913000 0.622386 0.008734 0.005228
0 0.934162 0.615257 0.008734 0.005228
0 0.135371 0.822719 0.008734 0.005228
0 0.268055 0.822719 0.008734 0.005228
0 0.402754 0.822719 0.008734 0.005228
0 0.537454 0.822719 0.008734 0.005228
0 0.678871 0.822719 0.008734 0.005228
0 0.820625 0.829848 0.008734 0.005228
0 0.138394 0.081274 0.009070 0.005228
0 0.221028 0.081274 0.008734 0.005228
0 0.291905 0.078897 0.009070 0.005228
0 0.374538 0.078897 0.008734 0.005228
0 0.435673 0.078897 0.008734 0.005228
0 0.516292 0.078897 0.008734 0.005228
0 0.568693 0.078897 0.008734 0.005228
0 0.609002 0.076521 0.008734 0.005228
0 0.649311 0.074144 0.008734 0.005228
0 0.701041 0.076521 0.009070 0.005228
0 0.832046 0.076521 0.009070 0.005228
0 0.316426 0.298479 0.008734 0.005228
0 0.354048 0.291350 0.008734 0.005228
0 0.416863 0.291350 0.009070 0.005228
0 0.593215 0.298479 0.008734 0.005228
0 0.635539 0.291350 0.008734 0.005228
0 0.692980 0.291350 0.009070 0.005228
0 0.827007 0.291350 0.009070 0.005228
0 0.189452 0.551093 0.008734 0.005228
0 0.243870 0.551093 0.008734 0.005228
0 0.323816 0.551093 0.009070 0.005228
0 0.777293 0.534458 0.008734 0.005228
0 0.825663 0.541587 0.008734 0.005228
0 0.889822 0.539211 0.008734 0.005228
0 0.913000 0.541587 0.008734 0.005228
0 0.135035 0.785171 0.009070 0.005228
0 0.215989 0.775665 0.008734 0.005228
0 0.268055 0.782795 0.008734 0.005228
0 0.309036 0.787548 0.008734 0.005228
0 0.350017 0.785171 0.008734 0.005228
0 0.402754 0.782795 0.008734 0.005228
0 0.484716 0.775665 0.008734 0.005228
0 0.537454 0.782795 0.008734 0.005228
0 0.602284 0.780418 0.008734 0.005228
0 0.623782 0.782795 0.008734 0.005228
0 0.678871 0.785171 0.008734 0.005228
0 0.721532 0.785171 0.008734 0.005228
0 0.786026 0.787548 0.008734 0.005228
0 0.820625 0.789924 0.008734 0.005228
0 0.865637 0.780418 0.008734 0.005228
0 0.933154 0.782795 0.008734 0.005228
