0 0.203561 0.333413 0.008062 0.004753
0 0.203561 0.318203 0.008062 0.004753
0 0.218677 0.318203 0.008062 0.004753
0 0.247565 0.318203 0.008062 0.004753
0 0.290561 0.318203 0.008062 0.004753
0 0.319785 0.318203 0.008062 0.004753
0 0.340611 0.318203 0.008062 0.004753
0 0.372859 0.318203 0.008062 0.004753
0 0.387974 0.318203 0.008062 0.004753
0 0.416863 0.318203 0.008062 0.004753
0 0.431979 0.318203 0.008062 0.004753
0 0.451125 0.318203 0.008062 0.004753
0 0.471952 0.318203 0.008062 0.004753
0 0.513268 0.333413 0.008062 0.004753
0 0.513268 0.318203 0.008062 0.004753
0 0.547195 0.318203 0.008062 0.004753
0 0.576083 0.318203 0.008062 0.004753
0 0.591871 0.318203 0.008062 0.004753
0 0.625126 0.322481 0.008062 0.004753
0 0.650319 0.322481 0.008062 0.004753
0 0.682566 0.316065 0.008062 0.004753
0 0.698018 0.316065 0.008062 0.004753
0 0.726906 0.316065 0.008062 0.004753
0 0.755123 0.316065 0.008062 0.004753
0 0.775613 0.331274 0.008062 0.004753
0 0.807524 0.331274 0.008062 0.004753
0 0.845146 0.324620 0.008062 0.004753
0 0.859926 0.324620 0.008062 0.004753
0 0.888814 0.309411 0.008062 0.004753
0 0.903594 0.309411 0.008062 0.004753
0 0.920054 0.311549 0.008062 0.004753
0 0.935170 0.311549 0.008062 0.004753
0 0.107827 0.556797 0.008062 0.004753
0 0.143769 0.556797 0.008062 0.004753
0 0.172993 0.556797 0.008062 0.004753
0 0.200202 0.556797 0.008062 0.004753
0 0.226738 0.556797 0.008062 0.004753
0 0.253611 0.556797 0.008062 0.004753
0 0.291233 0.550143 0.008062 0.004753
0 0.315418 0.550143 0.008062 0.004753
0 0.339604 0.554658 0.008062 0.004753
0 0.359086 0.558935 0.008062 0.004753
0 0.378569 0.554658 0.008062 0.004753
0 0.398052 0.558935 0.008062 0.004753
0 0.434666 0.552281 0.008062 0.004753
0 0.455156 0.558935 0.008062 0.004753
0 0.484044 0.552281 0.008062 0.004753
0 0.504535 0.558935 0.008062 0.004753
0 0.532079 0.554658 0.008062 0.004753
0 0.561303 0.558935 0.008062 0.004753
0 0.605979 0.552281 0.008062 0.004753
0 0.626134 0.561074 0.008062 0.004753
0 0.626134 0.545865 0.008062 0.004753
0 0.671817 0.552281 0.008062 0.004753
0 0.671817 0.548004 0.008062 0.004753
0 0.699026 0.517348 0.008062 0.004753
0 0.699026 0.504278 0.008062 0.004753
0 0.720860 0.510694 0.008062 0.004753
0 0.777964 0.567728 0.008398 0.004753
0 0.101108 0.804183 0.008398 0.004753
0 0.286866 0.804183 0.008398 0.004753
0 0.559624 0.804183 0.008398 0.004753
0 0.734968 0.797529 0.008062 0.004753
0 0.767551 0.797529 0.008062 0.004753
0 0.800134 0.797529 0.008062 0.004753
0 0.833053 0.797529 0.008062 0.004753
0 0.873698 0.797529 0.008062 0.004753
0 0.914679 0.797529 0.008062 0.004753
0 0.203561 0.283032 0.008062 0.004753
0 0.203561 0.276616 0.008062 0.004753
0 0.203561 0.272101 0.008062 0.004753
0 0.218677 0.283032 0.008062 0.004753
0 0.218677 0.276616 0.008062 0.004753
0 0.218677 0.272101 0.008062 0.004753
0 0.233121 0.283032 0.008062 0.004753
0 0.233121 0.276616 0.008062 0.004753
0 0.233121 0.272101 0.008062 0.004753
0 0.247565 0.283032 0.008062 0.004753
0 0.247565 0.276616 0.008062 0.004753
0 0.247565 0.272101 0.008062 0.004753
0 0.290561 0.283032 0.008062 0.004753
0 0.290561 0.276616 0.008062 0.004753
0 0.290561 0.272101 0.008062 0.004753
0 0.319785 0.283032 0.008062 0.004753
0 0.319785 0.274240 0.008062 0.004753
0 0.319785 0.269962 0.008062 0.004753
0 0.340611 0.283032 0.008062 0.004753
0 0.340611 0.274240 0.008062 0.004753
0 0.340611 0.269962 0.008062 0.004753
0 0.372859 0.283032 0.008062 0.004753
0 0.372859 0.276616 0.008062 0.004753
0 0.372859 0.272101 0.008062 0.004753
0 0.387974 0.283032 0.008062 0.004753
0 0.387974 0.276616 0.008062 0.004753
0 0.387974 0.272101 0.008062 0.004753
0 0.402419 0.283032 0.008062 0.004753
0 0.402419 0.276616 0.008062 0.004753
0 0.402419 0.272101 0.008062 0.004753
0 0.416863 0.283032 0.008062 0.004753
0 0.416863 0.276616 0.008062 0.004753
0 0.416863 0.272101 0.008062 0.004753
0 0.431979 0.283032 0.008062 0.004753
0 0.431979 0.276616 0.008062 0.004753
0 0.431979 0.272101 0.008062 0.004753
0 0.451125 0.283032 0.008062 0.004753
0 0.451125 0.274240 0.008062 0.004753
0 0.451125 0.269962 0.008062 0.004753
0 0.471952 0.283032 0.008062 0.004753
0 0.471952 0.274240 0.008062 0.004753
0 0.471952 0.269962 0.008062 0.004753
0 0.513268 0.283032 0.008062 0.004753
0 0.513268 0.276616 0.008062 0.004753
0 0.513268 0.272101 0.008062 0.004753
0 0.547195 0.283032 0.008062 0.004753
0 0.547195 0.276616 0.008062 0.004753
0 0.547195 0.272101 0.008062 0.004753
0 0.561639 0.283032 0.008062 0.004753
0 0.561639 0.276616 0.008062 0.004753
0 0.561639 0.272101 0.008062 0.004753
0 0.576083 0.283032 0.008062 0.004753
0 0.576083 0.276616 0.008062 0.004753
0 0.576083 0.272101 0.008062 0.004753
0 0.591871 0.283032 0.008062 0.004753
0 0.591871 0.276616 0.008062 0.004753
0 0.591871 0.272101 0.008062 0.004753
0 0.625126 0.280894 0.008062 0.004753
0 0.625126 0.276616 0.008062 0.004753
0 0.625126 0.272101 0.008062 0.004753
0 0.650319 0.280894 0.008062 0.004753
0 0.650319 0.276616 0.008062 0.004753
0 0.650319 0.272101 0.008062 0.004753
0 0.682566 0.278755 0.008062 0.004753
0 0.682566 0.274240 0.008062 0.004753
0 0.682566 0.267823 0.008062 0.004753
0 0.698018 0.278755 0.008062 0.004753
0 0.698018 0.274240 0.008062 0.004753
0 0.698018 0.267823 0.008062 0.004753
0 0.712462 0.278755 0.008062 0.004753
0 0.712462 0.274240 0.008062 0.004753
0 0.712462 0.267823 0.008062 0.004753
0 0.726906 0.278755 0.008062 0.004753
0 0.726906 0.274240 0.008062 0.004753
0 0.726906 0.267823 0.008062 0.004753
0 0.755123 0.278755 0.008062 0.004753
0 0.755123 0.274240 0.008062 0.004753
0 0.755123 0.267823 0.008062 0.004753
0 0.775613 0.276616 0.008062 0.004753
0 0.783003 0.274240 0.008062 0.004753
0 0.775613 0.269962 0.008062 0.004753
0 0.807524 0.276616 0.008062 0.004753
0 0.814914 0.274240 0.008062 0.004753
0 0.807524 0.269962 0.008062 0.004753
0 0.845146 0.278755 0.008062 0.004753
0 0.845146 0.274240 0.008062 0.004753
0 0.845146 0.267823 0.008062 0.004753
0 0.859926 0.278755 0.008062 0.004753
0 0.859926 0.274240 0.008062 0.004753
0 0.859926 0.267823 0.008062 0.004753
0 0.874370 0.278755 0.008062 0.004753
0 0.874370 0.274240 0.008062 0.004753
0 0.874370 0.267823 0.008062 0.004753
0 0.888814 0.278755 0.008062 0.004753
0 0.888814 0.274240 0.008062 0.004753
0 0.888814 0.267823 0.008062 0.004753
0 0.903594 0.278755 0.008062 0.004753
0 0.903594 0.274240 0.008062 0.004753
0 0.903594 0.267823 0.008062 0.004753
0 0.920054 0.278755 0.008062 0.004753
0 0.920054 0.274240 0.008062 0.004753
0 0.920054 0.267823 0.008062 0.004753
0 0.935170 0.278755 0.008062 0.004753
0 0.935170 0.274240 0.008062 0.004753
0 0.935170 0.267823 0.008062 0.004753
0 0.107827 0.521625 0.008062 0.004753
0 0.107827 0.517348 0.008062 0.004753
0 0.107827 0.510694 0.008062 0.004753
0 0.143769 0.521625 0.008062 0.004753
0 0.143769 0.517348 0.008062 0.004753
0 0.143769 0.510694 0.008062 0.004753
0 0.172993 0.521625 0.008062 0.004753
0 0.172993 0.517348 0.008062 0.004753
0 0.172993 0.510694 0.008062 0.004753
0 0.200202 0.521625 0.008062 0.004753
0 0.200202 0.517348 0.008062 0.004753
0 0.200202 0.510694 0.008062 0.004753
0 0.226738 0.521625 0.008062 0.004753
0 0.226738 0.517348 0.008062 0.004753
0 0.226738 0.510694 0.008062 0.004753
0 0.253611 0.521625 0.008062 0.004753
0 0.253611 0.517348 0.008062 0.004753
0 0.253611 0.510694 0.008062 0.004753
0 0.291233 0.519487 0.008062 0.004753
0 0.291233 0.508555 0.008062 0.004753
0 0.315418 0.519487 0.008062 0.004753
0 0.315418 0.515209 0.008062 0.004753
0 0.315418 0.508555 0.008062 0.004753
0 0.339604 0.519487 0.008062 0.004753
0 0.346994 0.517348 0.008062 0.004753
0 0.339604 0.508555 0.008062 0.004753
0 0.359086 0.519487 0.008062 0.004753
0 0.366476 0.517348 0.008062 0.004753
0 0.359086 0.508555 0.008062 0.004753
0 0.378569 0.519487 0.008062 0.004753
0 0.385959 0.517348 0.008062 0.004753
0 0.378569 0.508555 0.008062 0.004753
0 0.398052 0.519487 0.008062 0.004753
0 0.405442 0.517348 0.008062 0.004753
0 0.398052 0.508555 0.008062 0.004753
0 0.434666 0.521625 0.008062 0.004753
0 0.434666 0.517348 0.008062 0.004753
0 0.434666 0.510694 0.008062 0.004753
0 0.455156 0.521625 0.008062 0.004753
0 0.455156 0.517348 0.008062 0.004753
0 0.455156 0.510694 0.008062 0.004753
0 0.469600 0.521625 0.008062 0.004753
0 0.469600 0.517348 0.008062 0.004753
0 0.469600 0.510694 0.008062 0.004753
0 0.484044 0.521625 0.008062 0.004753
0 0.484044 0.517348 0.008062 0.004753
0 0.484044 0.510694 0.008062 0.004753
0 0.504535 0.521625 0.008062 0.004753
0 0.504535 0.517348 0.008062 0.004753
0 0.504535 0.510694 0.008062 0.004753
0 0.532079 0.519487 0.008062 0.004753
0 0.539469 0.517348 0.008062 0.004753
0 0.532079 0.508555 0.008062 0.004753
0 0.561303 0.519487 0.008062 0.004753
0 0.568693 0.517348 0.008062 0.004753
0 0.561303 0.508555 0.008062 0.004753
0 0.605979 0.521625 0.008062 0.004753
0 0.605979 0.517348 0.008062 0.004753
0 0.605979 0.510694 0.008062 0.004753
0 0.626134 0.517348 0.008062 0.004753
0 0.626134 0.513070 0.008062 0.004753
0 0.671817 0.517348 0.008062 0.004753
0 0.671817 0.510694 0.008062 0.004753
0 0.692644 0.502139 0.008062 0.004753
0 0.692644 0.497624 0.008062 0.004753
0 0.692644 0.491207 0.008062 0.004753
0 0.708431 0.493346 0.008062 0.004753
0 0.720860 0.506416 0.008062 0.004753
0 0.720860 0.502139 0.008062 0.004753
0 0.720860 0.495485 0.008062 0.004753
0 0.778300 0.521625 0.008062 0.004753
0 0.778300 0.517348 0.008062 0.004753
0 0.812899 0.526141 0.008062 0.004753
0 0.847833 0.517348 0.008062 0.004753
0 0.847833 0.513070 0.008062 0.004753
0 0.877393 0.526141 0.008062 0.004753
0 0.903258 0.513070 0.008062 0.004753
0 0.903258 0.508555 0.008062 0.004753
0 0.929459 0.526141 0.008062 0.004753
0 0.101108 0.751663 0.008062 0.004753
0 0.101108 0.747148 0.008062 0.004753
0 0.134699 0.762595 0.008062 0.004753
0 0.168626 0.753802 0.008062 0.004753
0 0.168626 0.749525 0.008062 0.004753
0 0.195499 0.762595 0.008062 0.004753
0 0.222372 0.755941 0.008062 0.004753
0 0.222372 0.751663 0.008062 0.004753
0 0.249244 0.762595 0.008062 0.004753
0 0.287202 0.758080 0.008062 0.004753
0 0.287202 0.753802 0.008062 0.004753
0 0.328855 0.762595 0.008062 0.004753
0 0.370171 0.753802 0.008062 0.004753
0 0.370171 0.749525 0.008062 0.004753
0 0.411824 0.762595 0.008062 0.004753
0 0.453141 0.749525 0.008062 0.004753
0 0.453141 0.745010 0.008062 0.004753
0 0.494793 0.762595 0.008062 0.004753
0 0.559624 0.753802 0.008062 0.004753
0 0.559624 0.749525 0.008062 0.004753
0 0.586496 0.762595 0.008062 0.004753
0 0.613369 0.758080 0.008062 0.004753
0 0.613369 0.753802 0.008062 0.004753
0 0.639906 0.762595 0.008062 0.004753
0 0.666779 0.753802 0.008062 0.004753
0 0.666779 0.749525 0.008062 0.004753
0 0.693315 0.762595 0.008062 0.004753
0 0.734968 0.762595 0.008062 0.004753
0 0.734968 0.755941 0.008062 0.004753
0 0.734968 0.751663 0.008062 0.004753
0 0.767551 0.760456 0.008062 0.004753
0 0.767551 0.755941 0.008062 0.004753
0 0.767551 0.749525 0.008062 0.004753
0 0.800134 0.758080 0.008062 0.004753
0 0.807524 0.755941 0.008062 0.004753
0 0.800134 0.747148 0.008062 0.004753
0 0.833053 0.760456 0.008062 0.004753
0 0.833053 0.755941 0.008062 0.004753
0 0.833053 0.749525 0.008062 0.004753
0 0.873698 0.762595 0.008062 0.004753
0 0.873698 0.755941 0.008062 0.004753
0 0.873698 0.751663 0.008062 0.004753
0 0.914679 0.758080 0.008062 0.004753
0 0.921733 0.755941 0.008062 0.004753
0 0.914679 0.747148 0.008062 0.004753
0 0.290561 0.210789 0.008062 0.004753
0 0.319785 0.208650 0.008062 0.004753
0 0.340611 0.206511 0.008062 0.004753
0 0.372859 0.204373 0.008062 0.004753
0 0.431979 0.199857 0.008062 0.004753
0 0.441720 0.201996 0.008062 0.004753
0 0.451125 0.204373 0.008062 0.004753
0 0.461538 0.206511 0.008062 0.004753
0 0.471952 0.208650 0.008062 0.004753
0 0.481357 0.210789 0.008062 0.004753
0 0.513268 0.210789 0.008062 0.004753
0 0.547195 0.204373 0.008062 0.004753
0 0.591871 0.204373 0.008062 0.004753
0 0.625126 0.201996 0.008062 0.004753
0 0.650319 0.199857 0.008062 0.004753
0 0.682566 0.201996 0.008062 0.004753
0 0.698018 0.195580 0.008062 0.004753
0 0.726906 0.195580 0.008062 0.004753
0 0.745381 0.197719 0.008062 0.004753
0 0.755123 0.199857 0.008062 0.004753
0 0.765200 0.201996 0.008062 0.004753
0 0.775613 0.201996 0.008062 0.004753
0 0.791401 0.204373 0.008062 0.004753
0 0.807524 0.206511 0.008062 0.004753
0 0.820961 0.208650 0.008062 0.004753
0 0.845146 0.210789 0.008062 0.004753
0 0.935170 0.210789 0.008062 0.004753
0 0.107827 0.447243 0.008062 0.004753
0 0.143769 0.451759 0.008062 0.004753
0 0.172993 0.442966 0.008062 0.004753
0 0.200202 0.451759 0.008062 0.004753
0 0.226738 0.436312 0.008062 0.004753
0 0.253611 0.438451 0.008062 0.004753
0 0.291233 0.438451 0.008062 0.004753
0 0.303325 0.440827 0.008062 0.004753
0 0.315418 0.442966 0.008062 0.004753
0 0.327511 0.445105 0.008062 0.004753
0 0.339604 0.438451 0.008062 0.004753
0 0.398052 0.440827 0.008062 0.004753
0 0.434666 0.442966 0.008062 0.004753
0 0.455156 0.438451 0.008062 0.004753
0 0.504535 0.436312 0.008062 0.004753
0 0.518307 0.438451 0.008062 0.004753
0 0.532079 0.445105 0.008062 0.004753
0 0.561303 0.436312 0.008062 0.004753
0 0.574068 0.438451 0.008062 0.004753
0 0.605979 0.447243 0.008062 0.004753
0 0.626134 0.442966 0.008062 0.004753
0 0.648975 0.445105 0.008062 0.004753
0 0.671817 0.447243 0.008062 0.004753
0 0.740343 0.447243 0.008062 0.004753
0 0.778300 0.445105 0.008062 0.004753
0 0.812899 0.447243 0.008062 0.004753
0 0.847833 0.440827 0.008062 0.004753
0 0.877393 0.442966 0.008062 0.004753
0 0.903258 0.436312 0.008062 0.004753
0 0.929459 0.438451 0.008062 0.004753
0 0.101108 0.683698 0.008062 0.004753
0 0.117904 0.685837 0.008062 0.004753
0 0.134699 0.681559 0.008062 0.004753
0 0.151495 0.683698 0.008062 0.004753
0 0.168626 0.685837 0.008062 0.004753
0 0.249244 0.690352 0.008062 0.004753
0 0.287202 0.688213 0.008062 0.004753
0 0.328855 0.690352 0.008062 0.004753
0 0.370171 0.683698 0.008062 0.004753
0 0.411824 0.685837 0.008062 0.004753
0 0.453141 0.681559 0.008062 0.004753
0 0.494793 0.683698 0.008062 0.004753
0 0.559624 0.685837 0.008062 0.004753
0 0.693315 0.690352 0.008062 0.004753
0 0.734968 0.683698 0.008062 0.004753
0 0.767551 0.683698 0.008062 0.004753
0 0.800134 0.683698 0.008062 0.004753
0 0.833053 0.681559 0.008062 0.004753
0 0.853208 0.683698 0.008062 0.004753
0 0.873698 0.685837 0.008062 0.004753
0 0.894189 0.683698 0.008062 0.004753
0 0.914679 0.681559 0.008062 0.004753
0 0.934834 0.683698 0.008062 0.004753
