0 0.456836 0.377376 0.009070 0.005466
0 0.602956 0.377376 0.009741 0.005466
0 0.137387 0.628089 0.009741 0.005466
0 0.401075 0.633080 0.009070 0.005466
0 0.317098 0.899715 0.009070 0.005466
0 0.682566 0.899715 0.009741 0.005466
0 0.682566 0.892110 0.009741 0.005466
0 0.216997 0.395200 0.009741 0.005466
0 0.216997 0.384981 0.009741 0.005466
0 0.456836 0.364781 0.009070 0.005466
0 0.516627 0.369772 0.009070 0.005466
0 0.602956 0.367395 0.009070 0.005466
0 0.728922 0.364781 0.009070 0.005466
0 0.829694 0.362167 0.009070 0.005466
0 0.892509 0.364781 0.009070 0.005466
0 0.137387 0.617871 0.009741 0.005466
0 0.401075 0.623099 0.009070 0.005466
0 0.466913 0.617871 0.009070 0.005466
0 0.558952 0.625475 0.009070 0.005466
0 0.690964 0.635694 0.009070 0.005466
0 0.889486 0.620485 0.009070 0.005466
0 0.889486 0.615494 0.009070 0.005466
0 0.889486 0.607890 0.009070 0.005466
0 0.136379 0.886882 0.009070 0.005466
0 0.136379 0.879515 0.009070 0.005466
0 0.136379 0.874287 0.009070 0.005466
0 0.181391 0.897101 0.009070 0.005466
0 0.226738 0.889496 0.009070 0.005466
0 0.272086 0.879515 0.009070 0.005466
0 0.317098 0.899715 0.009070 0.005466
0 0.362445 0.889496 0.009070 0.005466
0 0.443063 0.892110 0.009070 0.005466
0 0.526369 0.902091 0.009070 0.005466
0 0.581794 0.902091 0.009070 0.005466
0 0.682566 0.884506 0.009741 0.005466
0 0.682566 0.879515 0.009741 0.005466
0 0.682566 0.871911 0.009741 0.005466
0 0.216997 0.372386 0.009741 0.005466
0 0.456836 0.317253 0.009070 0.005466
0 0.516627 0.322481 0.009070 0.005466
0 0.602956 0.319867 0.009070 0.005466
0 0.728922 0.317253 0.009070 0.005466
0 0.829694 0.314876 0.009070 0.005466
0 0.892509 0.317253 0.009070 0.005466
0 0.137387 0.575095 0.009741 0.005466
0 0.401075 0.580086 0.009070 0.005466
0 0.558952 0.580086 0.009070 0.005466
0 0.558952 0.572481 0.009070 0.005466
0 0.226738 0.836502 0.009741 0.005466
0 0.443063 0.846483 0.009070 0.005466
0 0.443063 0.838878 0.009070 0.005466
0 0.526369 0.849097 0.009070 0.005466
0 0.682566 0.831511 0.009741 0.005466
0 0.682566 0.826283 0.009741 0.005466
0 0.216997 0.324857 0.009741 0.005466
0 0.216997 0.319867 0.009741 0.005466
0 0.456836 0.307272 0.009070 0.005466
0 0.602956 0.307272 0.009741 0.005466
0 0.137387 0.562500 0.009741 0.005466
0 0.401075 0.569867 0.009070 0.005466
0 0.466913 0.575095 0.009070 0.005466
0 0.558952 0.564876 0.009070 0.005466
0 0.625126 0.567490 0.009070 0.005466
0 0.690964 0.582700 0.009070 0.005466
0 0.690964 0.569867 0.009070 0.005466
0 0.757138 0.577471 0.009070 0.005466
0 0.757138 0.567490 0.009070 0.005466
0 0.823312 0.569867 0.009070 0.005466
0 0.823312 0.564876 0.009070 0.005466
0 0.889486 0.572481 0.009070 0.005466
0 0.889486 0.567490 0.009070 0.005466
0 0.889486 0.559886 0.009070 0.005466
0 0.136379 0.833888 0.009070 0.005466
0 0.144777 0.831511 0.009070 0.005466
0 0.136379 0.821293 0.009070 0.005466
0 0.226738 0.823907 0.009070 0.005466
0 0.272086 0.826283 0.009070 0.005466
0 0.317098 0.844106 0.009070 0.005466
0 0.317098 0.831511 0.009070 0.005466
0 0.362445 0.846483 0.009070 0.005466
0 0.362445 0.833888 0.009070 0.005466
0 0.443063 0.831511 0.009070 0.005466
0 0.484716 0.833888 0.009070 0.005466
0 0.526369 0.833888 0.009070 0.005466
0 0.560296 0.836502 0.009070 0.005466
0 0.602956 0.838878 0.009070 0.005466
0 0.682566 0.818679 0.009741 0.005466
0 0.682566 0.813688 0.009741 0.005466
0 0.682566 0.801093 0.009741 0.005466
0 0.276789 0.243346 0.009070 0.005466
0 0.336916 0.245722 0.009070 0.005466
0 0.396708 0.248337 0.009070 0.005466
0 0.456836 0.253327 0.009070 0.005466
0 0.516627 0.250713 0.009070 0.005466
0 0.602956 0.248337 0.009070 0.005466
0 0.665771 0.243346 0.009070 0.005466
0 0.728922 0.238118 0.009741 0.005466
0 0.203225 0.490494 0.009070 0.005466
0 0.269063 0.493108 0.009070 0.005466
0 0.335237 0.495722 0.009070 0.005466
0 0.401075 0.498099 0.009070 0.005466
0 0.466913 0.500713 0.009070 0.005466
0 0.558952 0.508317 0.009070 0.005466
0 0.625126 0.505703 0.009070 0.005466
0 0.691300 0.503089 0.009741 0.005466
0 0.181391 0.751188 0.009070 0.005466
0 0.226738 0.743821 0.009070 0.005466
0 0.272086 0.746198 0.009070 0.005466
0 0.317098 0.741207 0.009070 0.005466
0 0.362445 0.743821 0.009070 0.005466
0 0.443063 0.746198 0.009070 0.005466
0 0.484716 0.743821 0.009070 0.005466
0 0.526369 0.751188 0.009070 0.005466
0 0.727914 0.746198 0.009070 0.005466
0 0.773598 0.748812 0.009070 0.005466
0 0.818945 0.751188 0.009070 0.005466
0 0.864629 0.764021 0.009070 0.005466
0 0.909976 0.761407 0.009070 0.005466
