0 0.141082 0.184173 0.008734 0.004990
0 0.141082 0.179420 0.008734 0.004990
0 0.160228 0.170152 0.008734 0.004990
0 0.174672 0.184173 0.008734 0.004990
0 0.174672 0.179420 0.008734 0.004990
0 0.188781 0.170152 0.008734 0.004990
0 0.203225 0.184173 0.008734 0.004990
0 0.203225 0.179420 0.008734 0.004990
0 0.217333 0.170152 0.008734 0.004990
0 0.231777 0.184173 0.008734 0.004990
0 0.231777 0.179420 0.008734 0.004990
0 0.245885 0.170152 0.008734 0.004990
0 0.259993 0.184173 0.008734 0.004990
0 0.259993 0.179420 0.008734 0.004990
0 0.274437 0.170152 0.008734 0.004990
0 0.288546 0.184173 0.008734 0.004990
0 0.288546 0.179420 0.008734 0.004990
0 0.302990 0.170152 0.008734 0.004990
0 0.317098 0.177281 0.008734 0.004990
0 0.317098 0.172529 0.008734 0.004990
0 0.331542 0.167776 0.008734 0.004990
0 0.345650 0.177281 0.008734 0.004990
0 0.345650 0.172529 0.008734 0.004990
0 0.359758 0.167776 0.008734 0.004990
0 0.374202 0.177281 0.008734 0.004990
0 0.374202 0.172529 0.008734 0.004990
0 0.388310 0.167776 0.008734 0.004990
0 0.402754 0.177281 0.008734 0.004990
0 0.402754 0.172529 0.008734 0.004990
0 0.499496 0.172529 0.008734 0.004990
0 0.499496 0.167776 0.008734 0.004990
0 0.518643 0.163023 0.008734 0.004990
0 0.537790 0.172529 0.008734 0.004990
0 0.537790 0.167776 0.008734 0.004990
0 0.556601 0.163023 0.008734 0.004990
0 0.575747 0.172529 0.008734 0.004990
0 0.575747 0.167776 0.008734 0.004990
0 0.594558 0.163023 0.008734 0.004990
0 0.613705 0.172529 0.008734 0.004990
0 0.613705 0.167776 0.008734 0.004990
0 0.632516 0.163023 0.008734 0.004990
0 0.651663 0.172529 0.008734 0.004990
0 0.651663 0.167776 0.008734 0.004990
0 0.670474 0.163023 0.008734 0.004990
0 0.689620 0.172529 0.008734 0.004990
0 0.689620 0.167776 0.008734 0.004990
0 0.708767 0.163023 0.008734 0.004990
0 0.727578 0.172529 0.008734 0.004990
0 0.727578 0.165399 0.008734 0.004990
0 0.746725 0.160646 0.008734 0.004990
0 0.765536 0.172529 0.008734 0.004990
0 0.765536 0.165399 0.008734 0.004990
0 0.784683 0.160646 0.008734 0.004990
0 0.803493 0.172529 0.008734 0.004990
0 0.803493 0.165399 0.008734 0.004990
0 0.822640 0.160646 0.008734 0.004990
0 0.841451 0.172529 0.008734 0.004990
0 0.841451 0.167776 0.008734 0.004990
0 0.860598 0.163023 0.008734 0.004990
0 0.879745 0.172529 0.008734 0.004990
0 0.879745 0.167776 0.008734 0.004990
0 0.898556 0.163023 0.008734 0.004990
0 0.917702 0.172529 0.008734 0.004990
0 0.917702 0.167776 0.008734 0.004990
0 0.936513 0.163023 0.008734 0.004990
0 0.147128 0.377852 0.008734 0.004990
0 0.139402 0.373099 0.008734 0.004990
0 0.147128 0.370722 0.008734 0.004990
0 0.164259 0.366207 0.008734 0.004990
0 0.182398 0.377852 0.008734 0.004990
0 0.174672 0.373099 0.008734 0.004990
0 0.182398 0.370722 0.008734 0.004990
0 0.199530 0.366207 0.008734 0.004990
0 0.218005 0.377852 0.008734 0.004990
0 0.209943 0.373099 0.008734 0.004990
0 0.218005 0.370722 0.008734 0.004990
0 0.234800 0.366207 0.008734 0.004990
0 0.254619 0.380228 0.008734 0.004990
0 0.254619 0.375475 0.008734 0.004990
0 0.254619 0.370722 0.008734 0.004990
0 0.271750 0.366207 0.008734 0.004990
0 0.288546 0.380228 0.008734 0.004990
0 0.288546 0.375475 0.008734 0.004990
0 0.288546 0.370722 0.008734 0.004990
0 0.305677 0.366207 0.008734 0.004990
0 0.322808 0.380228 0.008734 0.004990
0 0.322808 0.375475 0.008734 0.004990
0 0.322808 0.370722 0.008734 0.004990
0 0.339604 0.366207 0.008734 0.004990
0 0.356735 0.380228 0.008734 0.004990
0 0.356735 0.373099 0.008734 0.004990
0 0.373530 0.363831 0.008734 0.004990
0 0.390662 0.380228 0.008734 0.004990
0 0.390662 0.373099 0.008734 0.004990
0 0.407457 0.363831 0.008734 0.004990
0 0.424589 0.380228 0.008734 0.004990
0 0.424589 0.373099 0.008734 0.004990
0 0.441384 0.363831 0.008734 0.004990
0 0.458515 0.380228 0.008734 0.004990
0 0.458515 0.370722 0.008734 0.004990
0 0.475311 0.363831 0.008734 0.004990
0 0.492442 0.380228 0.008734 0.004990
0 0.492442 0.370722 0.008734 0.004990
0 0.509237 0.363831 0.008734 0.004990
0 0.526369 0.380228 0.008734 0.004990
0 0.526369 0.370722 0.008734 0.004990
0 0.543164 0.363831 0.008734 0.004990
0 0.572052 0.389734 0.008734 0.004990
0 0.572052 0.373099 0.008734 0.004990
0 0.668122 0.396863 0.008734 0.004990
0 0.668122 0.380228 0.008734 0.004990
0 0.763856 0.394487 0.008734 0.004990
0 0.763856 0.377852 0.008734 0.004990
0 0.859590 0.396863 0.008734 0.004990
0 0.859590 0.380228 0.008734 0.004990
0 0.139402 0.608840 0.008734 0.004990
0 0.139402 0.592443 0.008734 0.004990
0 0.204904 0.611217 0.008734 0.004990
0 0.204904 0.594819 0.008734 0.004990
0 0.241518 0.613593 0.008734 0.004990
0 0.241518 0.597196 0.008734 0.004990
0 0.311723 0.608840 0.008734 0.004990
0 0.311723 0.592443 0.008734 0.004990
0 0.349009 0.606464 0.008734 0.004990
0 0.349009 0.590067 0.008734 0.004990
0 0.375546 0.597196 0.008734 0.004990
0 0.375546 0.590067 0.008734 0.004990
0 0.395364 0.585314 0.008734 0.004990
0 0.411824 0.597196 0.008734 0.004990
0 0.411824 0.590067 0.008734 0.004990
0 0.428284 0.585314 0.008734 0.004990
0 0.444743 0.597196 0.008734 0.004990
0 0.444743 0.590067 0.008734 0.004990
0 0.461203 0.585314 0.008734 0.004990
0 0.477662 0.597196 0.008734 0.004990
0 0.477662 0.590067 0.008734 0.004990
0 0.494122 0.585314 0.008734 0.004990
0 0.510245 0.597196 0.008734 0.004990
0 0.510245 0.590067 0.008734 0.004990
0 0.526705 0.585314 0.008734 0.004990
0 0.563655 0.597196 0.008734 0.004990
0 0.555929 0.590067 0.008734 0.004990
0 0.563655 0.587690 0.008734 0.004990
0 0.579442 0.582937 0.008734 0.004990
0 0.597917 0.597196 0.008734 0.004990
0 0.589856 0.590067 0.008734 0.004990
0 0.597917 0.587690 0.008734 0.004990
0 0.613705 0.582937 0.008734 0.004990
0 0.631844 0.597196 0.008734 0.004990
0 0.624118 0.590067 0.008734 0.004990
0 0.631844 0.587690 0.008734 0.004990
0 0.647632 0.582937 0.008734 0.004990
0 0.667786 0.597196 0.008734 0.004990
0 0.667786 0.592443 0.008734 0.004990
0 0.667786 0.587690 0.008734 0.004990
0 0.683574 0.582937 0.008734 0.004990
0 0.699026 0.597196 0.008734 0.004990
0 0.699026 0.592443 0.008734 0.004990
0 0.699026 0.587690 0.008734 0.004990
0 0.714814 0.582937 0.008734 0.004990
0 0.730601 0.597196 0.008734 0.004990
0 0.730601 0.592443 0.008734 0.004990
0 0.730601 0.587690 0.008734 0.004990
0 0.746389 0.582937 0.008734 0.004990
0 0.766544 0.590067 0.008734 0.004990
0 0.766544 0.585314 0.008734 0.004990
0 0.782331 0.580561 0.008734 0.004990
0 0.797783 0.590067 0.008734 0.004990
0 0.797783 0.585314 0.008734 0.004990
0 0.813571 0.580561 0.008734 0.004990
0 0.829358 0.590067 0.008734 0.004990
0 0.829358 0.585314 0.008734 0.004990
0 0.845146 0.580561 0.008734 0.004990
0 0.860934 0.606464 0.008734 0.004990
0 0.860934 0.590067 0.008734 0.004990
0 0.139402 0.818916 0.008734 0.004990
0 0.139402 0.802281 0.008734 0.004990
0 0.245549 0.818916 0.008734 0.004990
0 0.245549 0.802281 0.008734 0.004990
0 0.338932 0.811787 0.008734 0.004990
0 0.338932 0.795390 0.008734 0.004990
0 0.436681 0.818916 0.008734 0.004990
0 0.436681 0.802281 0.008734 0.004990
0 0.545180 0.818916 0.008734 0.004990
0 0.545180 0.802281 0.008734 0.004990
0 0.650655 0.818916 0.008734 0.004990
0 0.650655 0.802281 0.008734 0.004990
0 0.746725 0.811787 0.008734 0.004990
0 0.746725 0.795390 0.008734 0.004990
0 0.838092 0.811787 0.008734 0.004990
0 0.838092 0.795390 0.008734 0.004990
0 0.141082 0.122861 0.008734 0.004990
0 0.141082 0.106464 0.008734 0.004990
0 0.188781 0.129990 0.008734 0.004990
0 0.188781 0.113593 0.008734 0.004990
0 0.203225 0.129990 0.008734 0.004990
0 0.203225 0.113593 0.008734 0.004990
0 0.231777 0.129990 0.008734 0.004990
0 0.231777 0.113593 0.008734 0.004990
0 0.259993 0.132367 0.008734 0.004990
0 0.259993 0.115970 0.008734 0.004990
0 0.288546 0.129990 0.008734 0.004990
0 0.288546 0.113593 0.008734 0.004990
0 0.317098 0.127614 0.008734 0.004990
0 0.317098 0.111217 0.008734 0.004990
0 0.402754 0.127614 0.008734 0.004990
0 0.416863 0.111217 0.008734 0.004990
0 0.431307 0.127614 0.008734 0.004990
0 0.445415 0.111217 0.008734 0.004990
0 0.459523 0.127614 0.008734 0.004990
0 0.473967 0.111217 0.008734 0.004990
0 0.499496 0.127614 0.008734 0.004990
0 0.499496 0.111217 0.008734 0.004990
0 0.613705 0.118108 0.008734 0.004990
0 0.613705 0.101711 0.008734 0.004990
0 0.727578 0.115970 0.008734 0.004990
0 0.727578 0.099335 0.008734 0.004990
0 0.841451 0.118108 0.008734 0.004990
0 0.841451 0.101711 0.008734 0.004990
0 0.147128 0.321293 0.008734 0.004990
0 0.147128 0.304895 0.008734 0.004990
0 0.218005 0.323669 0.008734 0.004990
0 0.218005 0.307272 0.008734 0.004990
0 0.254619 0.326046 0.008734 0.004990
0 0.254619 0.309411 0.008734 0.004990
0 0.322808 0.321293 0.008734 0.004990
0 0.322808 0.304895 0.008734 0.004990
0 0.356735 0.323669 0.008734 0.004990
0 0.356735 0.307272 0.008734 0.004990
0 0.424589 0.326046 0.008734 0.004990
0 0.424589 0.309411 0.008734 0.004990
0 0.458515 0.328422 0.008734 0.004990
0 0.458515 0.311787 0.008734 0.004990
0 0.526369 0.330798 0.008734 0.004990
0 0.526369 0.314163 0.008734 0.004990
0 0.572052 0.328422 0.008734 0.004990
0 0.572052 0.323669 0.008734 0.004990
0 0.572052 0.318916 0.008734 0.004990
0 0.588176 0.311787 0.008734 0.004990
0 0.604300 0.328422 0.008734 0.004990
0 0.604300 0.323669 0.008734 0.004990
0 0.604300 0.318916 0.008734 0.004990
0 0.620087 0.311787 0.008734 0.004990
0 0.636211 0.328422 0.008734 0.004990
0 0.636211 0.323669 0.008734 0.004990
0 0.636211 0.318916 0.008734 0.004990
0 0.651999 0.311787 0.008734 0.004990
0 0.668122 0.328422 0.008734 0.004990
0 0.668122 0.323669 0.008734 0.004990
0 0.668122 0.318916 0.008734 0.004990
0 0.683910 0.311787 0.008734 0.004990
0 0.700034 0.328422 0.008734 0.004990
0 0.700034 0.323669 0.008734 0.004990
0 0.700034 0.318916 0.008734 0.004990
0 0.715821 0.311787 0.008734 0.004990
0 0.731945 0.328422 0.008734 0.004990
0 0.731945 0.323669 0.008734 0.004990
0 0.731945 0.318916 0.008734 0.004990
0 0.748069 0.311787 0.008734 0.004990
0 0.763856 0.328422 0.008734 0.004990
0 0.763856 0.321293 0.008734 0.004990
0 0.779980 0.311787 0.008734 0.004990
0 0.795768 0.328422 0.008734 0.004990
0 0.795768 0.321293 0.008734 0.004990
0 0.811891 0.311787 0.008734 0.004990
0 0.827679 0.328422 0.008734 0.004990
0 0.827679 0.321293 0.008734 0.004990
0 0.843802 0.311787 0.008734 0.004990
0 0.859590 0.328422 0.008734 0.004990
0 0.859590 0.323669 0.008734 0.004990
0 0.859590 0.318916 0.008734 0.004990
0 0.875714 0.311787 0.008734 0.004990
0 0.891837 0.328422 0.008734 0.004990
0 0.891837 0.323669 0.008734 0.004990
0 0.891837 0.318916 0.008734 0.004990
0 0.907625 0.311787 0.008734 0.004990
0 0.923749 0.328422 0.008734 0.004990
0 0.923749 0.323669 0.008734 0.004990
0 0.923749 0.318916 0.008734 0.004990
0 0.939536 0.311787 0.008734 0.004990
0 0.139402 0.535884 0.008734 0.004990
0 0.139402 0.526378 0.008734 0.004990
0 0.155862 0.521625 0.008734 0.004990
0 0.172321 0.535884 0.008734 0.004990
0 0.172321 0.526378 0.008734 0.004990
0 0.188445 0.521625 0.008734 0.004990
0 0.204904 0.538260 0.008734 0.004990
0 0.204904 0.528755 0.008734 0.004990
0 0.221364 0.521625 0.008734 0.004990
0 0.241518 0.535884 0.008734 0.004990
0 0.241518 0.531131 0.008734 0.004990
0 0.257978 0.521625 0.008734 0.004990
0 0.274101 0.535884 0.008734 0.004990
0 0.274101 0.531131 0.008734 0.004990
0 0.290561 0.521625 0.008734 0.004990
0 0.311723 0.535884 0.008734 0.004990
0 0.311723 0.526378 0.008734 0.004990
0 0.328183 0.521625 0.008734 0.004990
0 0.349009 0.535884 0.008734 0.004990
0 0.349009 0.528755 0.008734 0.004990
0 0.349009 0.524002 0.008734 0.004990
0 0.444743 0.552281 0.008734 0.004990
0 0.444743 0.535884 0.008734 0.004990
0 0.477662 0.545152 0.008734 0.004990
0 0.477662 0.528755 0.008734 0.004990
0 0.510245 0.540637 0.008734 0.004990
0 0.510245 0.524002 0.008734 0.004990
0 0.563655 0.535884 0.008734 0.004990
0 0.563655 0.519249 0.008734 0.004990
0 0.667786 0.543013 0.008734 0.004990
0 0.667786 0.526378 0.008734 0.004990
0 0.699026 0.540637 0.008734 0.004990
0 0.699026 0.524002 0.008734 0.004990
0 0.730601 0.543013 0.008734 0.004990
0 0.730601 0.526378 0.008734 0.004990
0 0.766544 0.545152 0.008734 0.004990
0 0.766544 0.528755 0.008734 0.004990
0 0.860934 0.545152 0.008734 0.004990
0 0.860934 0.538260 0.008734 0.004990
0 0.860934 0.533508 0.008734 0.004990
0 0.876722 0.528755 0.008734 0.004990
0 0.892509 0.545152 0.008734 0.004990
0 0.892509 0.538260 0.008734 0.004990
0 0.892509 0.533508 0.008734 0.004990
0 0.908297 0.528755 0.008734 0.004990
0 0.924085 0.545152 0.008734 0.004990
0 0.924085 0.538260 0.008734 0.004990
0 0.924085 0.533508 0.008734 0.004990
0 0.939872 0.528755 0.008734 0.004990
0 0.139402 0.757605 0.008734 0.004990
0 0.139402 0.750475 0.008734 0.004990
0 0.147128 0.748099 0.008734 0.004990
0 0.157541 0.741207 0.008734 0.004990
0 0.173329 0.757605 0.008734 0.004990
0 0.173329 0.750475 0.008734 0.004990
0 0.181055 0.748099 0.008734 0.004990
0 0.191468 0.741207 0.008734 0.004990
0 0.207256 0.757605 0.008734 0.004990
0 0.207256 0.750475 0.008734 0.004990
0 0.214982 0.748099 0.008734 0.004990
0 0.225395 0.741207 0.008734 0.004990
0 0.245549 0.757605 0.008734 0.004990
0 0.245549 0.752852 0.008734 0.004990
0 0.245549 0.748099 0.008734 0.004990
0 0.261001 0.741207 0.008734 0.004990
0 0.276453 0.757605 0.008734 0.004990
0 0.276453 0.752852 0.008734 0.004990
0 0.276453 0.748099 0.008734 0.004990
0 0.292241 0.741207 0.008734 0.004990
0 0.307692 0.757605 0.008734 0.004990
0 0.307692 0.752852 0.008734 0.004990
0 0.307692 0.748099 0.008734 0.004990
0 0.323144 0.741207 0.008734 0.004990
0 0.338932 0.757605 0.008734 0.004990
0 0.338932 0.750475 0.008734 0.004990
0 0.338932 0.745722 0.008734 0.004990
0 0.354384 0.741207 0.008734 0.004990
0 0.369835 0.757605 0.008734 0.004990
0 0.369835 0.750475 0.008734 0.004990
0 0.369835 0.745722 0.008734 0.004990
0 0.385623 0.741207 0.008734 0.004990
0 0.401075 0.757605 0.008734 0.004990
0 0.401075 0.750475 0.008734 0.004990
0 0.401075 0.745722 0.008734 0.004990
0 0.416527 0.741207 0.008734 0.004990
0 0.436681 0.757605 0.008734 0.004990
0 0.436681 0.750475 0.008734 0.004990
0 0.436681 0.745722 0.008734 0.004990
0 0.452133 0.741207 0.008734 0.004990
0 0.467585 0.757605 0.008734 0.004990
0 0.467585 0.750475 0.008734 0.004990
0 0.467585 0.745722 0.008734 0.004990
0 0.483373 0.741207 0.008734 0.004990
0 0.498824 0.757605 0.008734 0.004990
0 0.498824 0.750475 0.008734 0.004990
0 0.498824 0.745722 0.008734 0.004990
0 0.514276 0.741207 0.008734 0.004990
0 0.545180 0.757605 0.008734 0.004990
0 0.545180 0.750475 0.008734 0.004990
0 0.553242 0.748099 0.008734 0.004990
0 0.563655 0.741207 0.008734 0.004990
0 0.578771 0.757605 0.008734 0.004990
0 0.578771 0.750475 0.008734 0.004990
0 0.586832 0.748099 0.008734 0.004990
0 0.597246 0.741207 0.008734 0.004990
0 0.612361 0.757605 0.008734 0.004990
0 0.612361 0.750475 0.008734 0.004990
0 0.620423 0.748099 0.008734 0.004990
0 0.630836 0.741207 0.008734 0.004990
0 0.650655 0.757605 0.008734 0.004990
0 0.650655 0.752852 0.008734 0.004990
0 0.650655 0.748099 0.008734 0.004990
0 0.665771 0.741207 0.008734 0.004990
0 0.681223 0.757605 0.008734 0.004990
0 0.681223 0.752852 0.008734 0.004990
0 0.681223 0.748099 0.008734 0.004990
0 0.696339 0.741207 0.008734 0.004990
0 0.711454 0.757605 0.008734 0.004990
0 0.711454 0.752852 0.008734 0.004990
0 0.711454 0.748099 0.008734 0.004990
0 0.726906 0.741207 0.008734 0.004990
0 0.746725 0.757605 0.008734 0.004990
0 0.746725 0.750475 0.008734 0.004990
0 0.746725 0.745722 0.008734 0.004990
0 0.761841 0.741207 0.008734 0.004990
0 0.777293 0.757605 0.008734 0.004990
0 0.777293 0.750475 0.008734 0.004990
0 0.777293 0.745722 0.008734 0.004990
0 0.792408 0.741207 0.008734 0.004990
0 0.807524 0.757605 0.008734 0.004990
0 0.807524 0.750475 0.008734 0.004990
0 0.807524 0.745722 0.008734 0.004990
0 0.822640 0.741207 0.008734 0.004990
0 0.838092 0.757605 0.008734 0.004990
0 0.838092 0.750475 0.008734 0.004990
0 0.838092 0.745722 0.008734 0.004990
0 0.526369 0.276141 0.008734 0.004990
0 0.572052 0.264496 0.008734 0.004990
0 0.636211 0.266873 0.008734 0.004990
0 0.668122 0.269011 0.008734 0.004990
0 0.700034 0.271388 0.008734 0.004990
0 0.731945 0.269011 0.008734 0.004990
0 0.763856 0.262120 0.008734 0.004990
0 0.859590 0.264496 0.008734 0.004990
0 0.923749 0.264496 0.008734 0.004990
0 0.139402 0.457937 0.008734 0.004990
0 0.204904 0.460314 0.008734 0.004990
0 0.241518 0.462690 0.008734 0.004990
0 0.274101 0.465067 0.008734 0.004990
0 0.311723 0.467443 0.008734 0.004990
0 0.349009 0.460314 0.008734 0.004990
0 0.444743 0.476949 0.008734 0.004990
0 0.860934 0.476949 0.008734 0.004990
0 0.892509 0.469819 0.008734 0.004990
0 0.924085 0.465067 0.008734 0.004990
0 0.139402 0.670152 0.008734 0.004990
0 0.245549 0.677281 0.008734 0.004990
0 0.276453 0.674905 0.008734 0.004990
0 0.307692 0.677281 0.008734 0.004990
0 0.338932 0.679658 0.008734 0.004990
0 0.436681 0.686787 0.008734 0.004990
0 0.467585 0.679658 0.008734 0.004990
0 0.498824 0.674905 0.008734 0.004990
0 0.545180 0.670152 0.008734 0.004990
0 0.650655 0.677281 0.008734 0.004990
0 0.681223 0.674905 0.008734 0.004990
0 0.711454 0.677281 0.008734 0.004990
0 0.746725 0.679658 0.008734 0.004990
0 0.886799 0.679658 0.008734 0.004990
