0 0.208263 0.465779 0.007726 0.004515
0 0.230769 0.465779 0.007726 0.004515
0 0.253275 0.463641 0.007726 0.004515
0 0.275781 0.465779 0.007726 0.004515
0 0.607995 0.674430 0.008062 0.004515
0 0.747061 0.676331 0.007726 0.004515
0 0.818273 0.678470 0.007726 0.004515
0 0.845482 0.680608 0.008062 0.004515
0 0.210951 0.288973 0.007726 0.004515
0 0.229762 0.280656 0.007726 0.004515
0 0.248908 0.274240 0.007726 0.004515
0 0.267719 0.270200 0.007726 0.004515
0 0.286866 0.265922 0.007726 0.004515
0 0.305677 0.259743 0.007726 0.004515
0 0.324824 0.255466 0.007726 0.004515
0 0.343635 0.259743 0.007726 0.004515
0 0.362781 0.265922 0.007726 0.004515
0 0.381592 0.270200 0.007726 0.004515
0 0.454820 0.288973 0.007726 0.004515
0 0.475983 0.278517 0.007726 0.004515
0 0.497481 0.274240 0.007726 0.004515
0 0.518643 0.270200 0.007726 0.004515
0 0.540141 0.268061 0.007726 0.004515
0 0.566678 0.263783 0.007726 0.004515
0 0.588176 0.259743 0.007726 0.004515
0 0.609338 0.263783 0.007726 0.004515
0 0.630836 0.255466 0.007726 0.004515
0 0.651999 0.253565 0.007726 0.004515
0 0.715485 0.291112 0.007726 0.004515
0 0.715485 0.276378 0.007726 0.004515
0 0.737319 0.284696 0.007726 0.004515
0 0.764192 0.280656 0.007726 0.004515
0 0.785690 0.276378 0.007726 0.004515
0 0.807188 0.270200 0.007726 0.004515
0 0.834397 0.265922 0.007726 0.004515
0 0.855895 0.261882 0.007726 0.004515
0 0.890158 0.276378 0.007726 0.004515
0 0.890158 0.261882 0.007726 0.004515
0 0.911992 0.268061 0.007726 0.004515
0 0.933490 0.272338 0.007726 0.004515
0 0.135371 0.480276 0.007726 0.004515
0 0.135371 0.465779 0.007726 0.004515
0 0.157877 0.475998 0.007726 0.004515
0 0.185757 0.471958 0.007726 0.004515
0 0.208263 0.474097 0.007726 0.004515
0 0.275781 0.471958 0.007726 0.004515
0 0.348673 0.486454 0.007726 0.004515
0 0.437689 0.495010 0.007726 0.004515
0 0.454484 0.486454 0.007726 0.004515
0 0.471616 0.480276 0.007726 0.004515
0 0.488747 0.475998 0.007726 0.004515
0 0.505878 0.440589 0.007726 0.004515
0 0.523010 0.434411 0.007726 0.004515
0 0.556937 0.474097 0.007726 0.004515
0 0.574068 0.478137 0.007726 0.004515
0 0.591199 0.482414 0.007726 0.004515
0 0.608331 0.486454 0.007726 0.004515
0 0.661404 0.495010 0.007726 0.004515
0 0.682230 0.486454 0.007726 0.004515
0 0.703057 0.480276 0.007726 0.004515
0 0.743366 0.475998 0.007726 0.004515
0 0.764192 0.471958 0.007726 0.004515
0 0.785018 0.465779 0.007726 0.004515
0 0.805845 0.461502 0.007726 0.004515
0 0.826671 0.465779 0.007726 0.004515
0 0.857239 0.471958 0.007726 0.004515
0 0.878065 0.475998 0.007726 0.004515
0 0.150151 0.701521 0.007726 0.004515
0 0.175008 0.697243 0.007726 0.004515
0 0.199530 0.695105 0.007726 0.004515
0 0.224051 0.691065 0.007726 0.004515
0 0.248908 0.686787 0.007726 0.004515
0 0.279812 0.682747 0.007726 0.004515
0 0.304333 0.680608 0.007726 0.004515
0 0.329190 0.676331 0.007726 0.004515
0 0.353712 0.672291 0.007726 0.004515
0 0.378569 0.668013 0.007726 0.004515
0 0.403090 0.665875 0.007726 0.004515
0 0.468928 0.703660 0.007726 0.004515
0 0.492106 0.699382 0.007726 0.004515
0 0.515284 0.693203 0.007726 0.004515
0 0.538462 0.688926 0.007726 0.004515
0 0.561639 0.684648 0.007726 0.004515
0 0.584817 0.678470 0.007726 0.004515
0 0.617736 0.674430 0.007726 0.004515
0 0.670810 0.676331 0.007726 0.004515
0 0.747061 0.672291 0.008062 0.004515
0 0.845482 0.672291 0.007726 0.004515
0 0.873027 0.674430 0.007726 0.004515
0 0.900235 0.676331 0.007726 0.004515
0 0.130333 0.913736 0.007726 0.004515
0 0.156198 0.903279 0.007726 0.004515
0 0.182062 0.899002 0.007726 0.004515
0 0.207927 0.894962 0.007726 0.004515
0 0.233792 0.890684 0.007726 0.004515
0 0.266040 0.888546 0.007726 0.004515
0 0.291905 0.884506 0.007726 0.004515
0 0.333221 0.882367 0.007726 0.004515
0 0.383272 0.907319 0.007726 0.004515
0 0.406785 0.896863 0.007726 0.004515
0 0.436009 0.892823 0.007726 0.004515
0 0.459187 0.888546 0.007726 0.004515
0 0.482701 0.884506 0.007726 0.004515
0 0.505878 0.878089 0.007726 0.004515
0 0.529392 0.874049 0.007726 0.004515
0 0.552906 0.907319 0.007726 0.004515
0 0.576083 0.899002 0.007726 0.004515
0 0.599597 0.894962 0.007726 0.004515
0 0.622775 0.892823 0.007726 0.004515
0 0.651999 0.888546 0.007726 0.004515
0 0.715821 0.919914 0.007726 0.004515
0 0.737319 0.905418 0.007726 0.004515
0 0.759154 0.899002 0.007726 0.004515
0 0.780988 0.894962 0.007726 0.004515
0 0.802822 0.892823 0.007726 0.004515
0 0.824656 0.890684 0.008062 0.004515
0 0.152167 0.640209 0.008062 0.004515
0 0.135371 0.430133 0.007726 0.004515
0 0.135371 0.426093 0.007726 0.004515
0 0.135371 0.419677 0.007726 0.004515
0 0.171649 0.421816 0.007726 0.004515
0 0.208263 0.421816 0.007726 0.004515
0 0.253275 0.423954 0.007726 0.004515
0 0.149479 0.636169 0.011421 0.004515
0 0.160564 0.634030 0.011421 0.004515
0 0.468928 0.638308 0.008062 0.004515
0 0.617736 0.631892 0.007726 0.004515
0 0.670810 0.634030 0.007726 0.004515
0 0.747061 0.634030 0.007726 0.004515
0 0.790729 0.636169 0.007726 0.004515
0 0.818273 0.634030 0.007726 0.004515
0 0.845482 0.629753 0.007726 0.004515
0 0.900235 0.631892 0.007726 0.004515
0 0.927780 0.634030 0.007726 0.004515
0 0.130668 0.842681 0.008062 0.004515
0 0.298959 0.844819 0.007726 0.004515
0 0.333221 0.846958 0.007726 0.004515
0 0.210951 0.209601 0.008062 0.004515
0 0.210951 0.205323 0.008062 0.004515
0 0.210951 0.194867 0.008062 0.004515
0 0.324824 0.213878 0.007726 0.004515
0 0.324824 0.199144 0.007726 0.004515
0 0.381592 0.213878 0.007726 0.004515
0 0.381592 0.199144 0.007726 0.004515
0 0.400739 0.215779 0.007726 0.004515
0 0.400739 0.201283 0.007726 0.004515
0 0.424253 0.217918 0.007726 0.004515
0 0.424253 0.203422 0.007726 0.004515
0 0.454820 0.220057 0.007726 0.004515
0 0.454820 0.213878 0.007726 0.004515
0 0.454820 0.209601 0.007726 0.004515
0 0.454820 0.205323 0.007726 0.004515
0 0.553577 0.222196 0.007726 0.004515
0 0.553577 0.207462 0.007726 0.004515
0 0.588176 0.217918 0.008062 0.004515
0 0.588176 0.213878 0.008062 0.004515
0 0.588176 0.209601 0.008062 0.004515
0 0.588176 0.203422 0.008062 0.004515
0 0.715485 0.213878 0.007726 0.004515
0 0.715485 0.209601 0.007726 0.004515
0 0.715485 0.205323 0.007726 0.004515
0 0.715485 0.199144 0.007726 0.004515
0 0.750756 0.215779 0.007726 0.004515
0 0.750756 0.201283 0.007726 0.004515
0 0.820961 0.224335 0.007726 0.004515
0 0.820961 0.209601 0.007726 0.004515
0 0.855895 0.220057 0.007726 0.004515
0 0.855895 0.215779 0.007726 0.004515
0 0.855895 0.209601 0.007726 0.004515
0 0.855895 0.205323 0.007726 0.004515
0 0.890158 0.222196 0.007726 0.004515
0 0.890158 0.217918 0.007726 0.004515
0 0.890158 0.211740 0.007726 0.004515
0 0.890158 0.207462 0.007726 0.004515
0 0.135371 0.415637 0.007726 0.004515
0 0.208263 0.415637 0.007726 0.004515
0 0.230769 0.411359 0.007726 0.004515
0 0.253275 0.413498 0.007726 0.004515
0 0.275781 0.426093 0.007726 0.004515
0 0.275781 0.415637 0.007726 0.004515
0 0.298287 0.430133 0.007726 0.004515
0 0.326167 0.434411 0.007726 0.004515
0 0.348673 0.436549 0.007726 0.004515
0 0.348673 0.432272 0.007726 0.004515
0 0.375546 0.434411 0.007726 0.004515
0 0.375546 0.430133 0.007726 0.004515
0 0.398052 0.432272 0.007726 0.004515
0 0.398052 0.427994 0.007726 0.004515
0 0.437689 0.430133 0.008062 0.004515
0 0.437689 0.426093 0.008062 0.004515
0 0.539805 0.436549 0.007726 0.004515
0 0.539805 0.432272 0.007726 0.004515
0 0.619080 0.436549 0.007726 0.004515
0 0.619080 0.432272 0.007726 0.004515
0 0.661404 0.434411 0.007726 0.004515
0 0.661404 0.430133 0.007726 0.004515
0 0.712798 0.432272 0.007726 0.004515
0 0.712798 0.427994 0.007726 0.004515
0 0.743366 0.430133 0.008062 0.004515
0 0.743366 0.426093 0.008062 0.004515
0 0.878065 0.434411 0.007726 0.004515
0 0.878065 0.430133 0.007726 0.004515
0 0.903930 0.432272 0.007726 0.004515
0 0.903930 0.427994 0.007726 0.004515
0 0.934162 0.430133 0.007726 0.004515
0 0.934162 0.426093 0.007726 0.004515
0 0.150151 0.631892 0.007726 0.004515
0 0.224051 0.629753 0.007726 0.004515
0 0.304333 0.625713 0.007726 0.004515
0 0.378569 0.627852 0.007726 0.004515
0 0.418542 0.629753 0.007726 0.004515
0 0.468928 0.629753 0.008062 0.004515
0 0.607995 0.631892 0.008062 0.004515
0 0.747061 0.625713 0.008062 0.004515
0 0.900235 0.627852 0.007726 0.004515
0 0.927780 0.625713 0.007726 0.004515
0 0.130333 0.830086 0.007726 0.004515
0 0.249916 0.834363 0.007726 0.004515
0 0.291905 0.842681 0.007726 0.004515
0 0.333221 0.836502 0.007726 0.004515
0 0.383272 0.842681 0.007726 0.004515
0 0.383272 0.832224 0.007726 0.004515
0 0.459523 0.844819 0.008062 0.004515
0 0.459523 0.834363 0.008062 0.004515
0 0.599597 0.846958 0.007726 0.004515
0 0.599597 0.836502 0.007726 0.004515
0 0.637555 0.848859 0.007726 0.004515
0 0.637555 0.838403 0.007726 0.004515
0 0.693987 0.853137 0.008062 0.004515
0 0.693987 0.848859 0.008062 0.004515
0 0.701377 0.846958 0.008062 0.004515
0 0.693987 0.842681 0.008062 0.004515
0 0.824656 0.855276 0.007726 0.004515
0 0.824656 0.850998 0.007726 0.004515
0 0.824656 0.844819 0.007726 0.004515
0 0.824656 0.840542 0.007726 0.004515
0 0.846154 0.844819 0.007726 0.004515
0 0.867988 0.842681 0.007726 0.004515
0 0.889822 0.840542 0.007726 0.004515
0 0.911656 0.836502 0.007726 0.004515
0 0.933154 0.832224 0.007726 0.004515
0 0.348673 0.365494 0.007726 0.004515
0 0.375546 0.363356 0.007726 0.004515
0 0.398052 0.361217 0.007726 0.004515
0 0.437689 0.359078 0.008062 0.004515
0 0.539805 0.365494 0.007726 0.004515
0 0.619080 0.365494 0.007726 0.004515
0 0.661404 0.363356 0.007726 0.004515
0 0.712798 0.361217 0.007726 0.004515
0 0.743366 0.359078 0.007726 0.004515
0 0.842123 0.363356 0.007726 0.004515
0 0.878065 0.363356 0.007726 0.004515
0 0.903930 0.361217 0.007726 0.004515
0 0.934162 0.359078 0.007726 0.004515
0 0.150151 0.565114 0.007726 0.004515
0 0.224051 0.562975 0.007726 0.004515
0 0.264360 0.562975 0.007726 0.004515
0 0.304333 0.558935 0.007726 0.004515
0 0.378569 0.560837 0.007726 0.004515
0 0.418542 0.562975 0.007726 0.004515
0 0.468928 0.562975 0.008062 0.004515
0 0.607995 0.565114 0.007726 0.004515
0 0.639234 0.565114 0.007726 0.004515
0 0.670810 0.565114 0.007726 0.004515
0 0.702049 0.565114 0.007726 0.004515
0 0.747061 0.558935 0.008062 0.004515
0 0.845482 0.558935 0.008062 0.004515
0 0.130333 0.767586 0.007726 0.004515
0 0.249916 0.763308 0.007726 0.004515
0 0.291905 0.763308 0.007726 0.004515
0 0.333221 0.775903 0.007726 0.004515
0 0.421229 0.775903 0.007726 0.004515
0 0.459523 0.767586 0.008062 0.004515
0 0.599597 0.769487 0.007726 0.004515
0 0.637555 0.771625 0.007726 0.004515
0 0.693987 0.775903 0.008062 0.004515
0 0.824656 0.773764 0.007726 0.004515
