0 0.251596 0.670152 0.008734 0.004990
0 0.353376 0.686549 0.008734 0.004990
0 0.581122 0.674905 0.009070 0.004990
0 0.660060 0.679658 0.008734 0.004990
0 0.846826 0.696055 0.008734 0.004990
0 0.881088 0.684173 0.008734 0.004990
0 0.915015 0.686549 0.008734 0.004990
0 0.126638 0.212928 0.008734 0.004990
0 0.147464 0.206036 0.008734 0.004990
0 0.167954 0.201283 0.008734 0.004990
0 0.190460 0.196530 0.008734 0.004990
0 0.210951 0.155181 0.008734 0.004990
0 0.231777 0.150665 0.008734 0.004990
0 0.406449 0.212928 0.008734 0.004990
0 0.428284 0.201283 0.008734 0.004990
0 0.450118 0.196530 0.008734 0.004990
0 0.471952 0.155181 0.008734 0.004990
0 0.493786 0.150665 0.008734 0.004990
0 0.515620 0.145913 0.008734 0.004990
0 0.683238 0.212928 0.008734 0.004990
0 0.705408 0.208175 0.008734 0.004990
0 0.727578 0.203660 0.008734 0.004990
0 0.749412 0.162310 0.008734 0.004990
0 0.771582 0.157557 0.008734 0.004990
0 0.793752 0.152804 0.008734 0.004990
0 0.126638 0.443916 0.008734 0.004990
0 0.147128 0.437025 0.008734 0.004990
0 0.167618 0.432272 0.008734 0.004990
0 0.190124 0.391873 0.008734 0.004990
0 0.210279 0.384743 0.008734 0.004990
0 0.230769 0.379990 0.008734 0.004990
0 0.272422 0.446293 0.008734 0.004990
0 0.272422 0.441778 0.008734 0.004990
0 0.314075 0.448669 0.008734 0.004990
0 0.314075 0.443916 0.008734 0.004990
0 0.355391 0.446293 0.008734 0.004990
0 0.355391 0.441778 0.008734 0.004990
0 0.410144 0.384743 0.008734 0.004990
0 0.410144 0.379990 0.008734 0.004990
0 0.433658 0.375238 0.008734 0.004990
0 0.454820 0.379990 0.008734 0.004990
0 0.475647 0.384743 0.008734 0.004990
0 0.498153 0.391873 0.008734 0.004990
0 0.519315 0.432272 0.008734 0.004990
0 0.554249 0.434648 0.008734 0.004990
0 0.554249 0.429895 0.008734 0.004990
0 0.593215 0.437025 0.008734 0.004990
0 0.593215 0.432272 0.008734 0.004990
0 0.630836 0.434648 0.008734 0.004990
0 0.630836 0.429895 0.008734 0.004990
0 0.681223 0.437025 0.008734 0.004990
0 0.681223 0.432272 0.008734 0.004990
0 0.706416 0.427519 0.008734 0.004990
0 0.731609 0.432272 0.008734 0.004990
0 0.757138 0.437025 0.008734 0.004990
0 0.782331 0.443916 0.008734 0.004990
0 0.807524 0.448669 0.008734 0.004990
0 0.841115 0.453422 0.008734 0.004990
0 0.880081 0.375238 0.008734 0.004990
0 0.917702 0.453422 0.008734 0.004990
0 0.118576 0.670152 0.008734 0.004990
0 0.160228 0.608840 0.008734 0.004990
0 0.201881 0.618346 0.008734 0.004990
0 0.302318 0.618346 0.009070 0.004990
0 0.416863 0.670152 0.009070 0.004990
0 0.517971 0.672529 0.008734 0.004990
0 0.581122 0.625238 0.008734 0.004990
0 0.600941 0.670152 0.008734 0.004990
0 0.600941 0.663023 0.008734 0.004990
0 0.620759 0.608840 0.008734 0.004990
0 0.640242 0.670152 0.008734 0.004990
0 0.640242 0.663023 0.008734 0.004990
0 0.660060 0.613593 0.008734 0.004990
0 0.679879 0.629990 0.008734 0.004990
0 0.679879 0.625238 0.008734 0.004990
0 0.708095 0.665399 0.008734 0.004990
0 0.749412 0.667776 0.008734 0.004990
0 0.791065 0.679658 0.008734 0.004990
0 0.846490 0.679658 0.009070 0.004990
0 0.121263 0.904230 0.008734 0.004990
0 0.166947 0.892348 0.008734 0.004990
0 0.212966 0.894724 0.008734 0.004990
0 0.268727 0.899477 0.009070 0.004990
0 0.347330 0.901854 0.008734 0.004990
0 0.400739 0.904230 0.008734 0.004990
0 0.444407 0.892348 0.008734 0.004990
0 0.488075 0.894724 0.008734 0.004990
0 0.642593 0.904230 0.008734 0.004990
0 0.710447 0.892348 0.008734 0.004990
0 0.752435 0.892348 0.008734 0.004990
0 0.786362 0.894724 0.008734 0.004990
0 0.864293 0.904230 0.009070 0.004990
0 0.517971 0.632367 0.008734 0.004990
0 0.272422 0.372861 0.008734 0.004990
0 0.293248 0.370485 0.008734 0.004990
0 0.314075 0.368108 0.008734 0.004990
0 0.355391 0.372861 0.008734 0.004990
0 0.376218 0.370485 0.008734 0.004990
0 0.554249 0.389496 0.008734 0.004990
0 0.574068 0.387120 0.008734 0.004990
0 0.593215 0.384743 0.008734 0.004990
0 0.630836 0.389496 0.008734 0.004990
0 0.649647 0.387120 0.008734 0.004990
0 0.442392 0.632367 0.008734 0.004990
0 0.442392 0.625238 0.008734 0.004990
0 0.492778 0.632367 0.008734 0.004990
0 0.492778 0.625238 0.008734 0.004990
0 0.708095 0.615970 0.008734 0.004990
0 0.749412 0.618346 0.008734 0.004990
0 0.265032 0.145913 0.008734 0.004990
0 0.265032 0.138783 0.008734 0.004990
0 0.265032 0.134030 0.008734 0.004990
0 0.286530 0.150665 0.008734 0.004990
0 0.308364 0.150665 0.008734 0.004990
0 0.308364 0.145913 0.008734 0.004990
0 0.308364 0.138783 0.008734 0.004990
0 0.329862 0.155181 0.008734 0.004990
0 0.351360 0.155181 0.008734 0.004990
0 0.351360 0.150665 0.008734 0.004990
0 0.351360 0.145913 0.008734 0.004990
0 0.373194 0.162310 0.008734 0.004990
0 0.552234 0.138783 0.008734 0.004990
0 0.552234 0.134030 0.008734 0.004990
0 0.552234 0.129278 0.008734 0.004990
0 0.571381 0.145913 0.008734 0.004990
0 0.590191 0.145913 0.008734 0.004990
0 0.590191 0.138783 0.008734 0.004990
0 0.590191 0.134030 0.008734 0.004990
0 0.609338 0.150665 0.008734 0.004990
0 0.628149 0.150665 0.008734 0.004990
0 0.628149 0.145913 0.008734 0.004990
0 0.628149 0.138783 0.008734 0.004990
0 0.647296 0.155181 0.008734 0.004990
0 0.831038 0.145913 0.008734 0.004990
0 0.831038 0.141160 0.008734 0.004990
0 0.831038 0.136407 0.008734 0.004990
0 0.851864 0.152804 0.008734 0.004990
0 0.872691 0.152804 0.008734 0.004990
0 0.872691 0.145913 0.008734 0.004990
0 0.872691 0.141160 0.008734 0.004990
0 0.893181 0.150665 0.008734 0.004990
0 0.914007 0.157557 0.008734 0.004990
0 0.914007 0.150665 0.008734 0.004990
0 0.914007 0.145913 0.008734 0.004990
0 0.934834 0.162310 0.008734 0.004990
0 0.147128 0.391873 0.008734 0.004990
0 0.167618 0.384743 0.008734 0.004990
0 0.190124 0.379990 0.008734 0.004990
0 0.210279 0.375238 0.008734 0.004990
0 0.230769 0.368108 0.008734 0.004990
0 0.272422 0.358840 0.008734 0.004990
0 0.314075 0.358840 0.008734 0.004990
0 0.334901 0.351711 0.008734 0.004990
0 0.355391 0.358840 0.008734 0.004990
0 0.410144 0.368108 0.008734 0.004990
0 0.410144 0.358840 0.008734 0.004990
0 0.433658 0.363356 0.008734 0.004990
0 0.454820 0.368108 0.008734 0.004990
0 0.475647 0.375238 0.008734 0.004990
0 0.498153 0.379990 0.008734 0.004990
0 0.519315 0.384743 0.008734 0.004990
0 0.554249 0.375238 0.008734 0.004990
0 0.593215 0.375238 0.008734 0.004990
0 0.612026 0.368108 0.008734 0.004990
0 0.630836 0.375238 0.008734 0.004990
0 0.681223 0.384743 0.008734 0.004990
0 0.681223 0.375238 0.008734 0.004990
0 0.706416 0.379990 0.008734 0.004990
0 0.731609 0.384743 0.008734 0.004990
0 0.757138 0.391873 0.008734 0.004990
0 0.782331 0.396388 0.008734 0.004990
0 0.807524 0.401141 0.008734 0.004990
0 0.859926 0.387120 0.008734 0.004990
0 0.859926 0.382367 0.008734 0.004990
0 0.898892 0.387120 0.008734 0.004990
0 0.898892 0.382367 0.008734 0.004990
0 0.936849 0.387120 0.008734 0.004990
0 0.936849 0.382367 0.008734 0.004990
0 0.139402 0.625238 0.008734 0.004990
0 0.139402 0.620722 0.008734 0.004990
0 0.181055 0.625238 0.008734 0.004990
0 0.181055 0.620722 0.008734 0.004990
0 0.222707 0.625238 0.008734 0.004990
0 0.222707 0.620722 0.008734 0.004990
0 0.269063 0.629990 0.008734 0.004990
0 0.277125 0.627614 0.008734 0.004990
0 0.320121 0.629990 0.008734 0.004990
0 0.327847 0.627614 0.008734 0.004990
0 0.375882 0.629990 0.008734 0.004990
0 0.383608 0.627614 0.008734 0.004990
0 0.417199 0.618346 0.008734 0.004990
0 0.467585 0.620722 0.008734 0.004990
0 0.517971 0.632367 0.008734 0.004990
0 0.543164 0.670152 0.008734 0.004990
0 0.543164 0.665399 0.008734 0.004990
0 0.581458 0.625238 0.008734 0.004990
0 0.620759 0.608840 0.008734 0.004990
0 0.660060 0.613593 0.008734 0.004990
0 0.708095 0.615970 0.008734 0.004990
0 0.728586 0.629990 0.008734 0.004990
0 0.728586 0.625238 0.008734 0.004990
0 0.749412 0.618346 0.008734 0.004990
0 0.770238 0.634743 0.008734 0.004990
0 0.770238 0.627614 0.008734 0.004990
0 0.863957 0.672529 0.008734 0.004990
0 0.863957 0.667776 0.008734 0.004990
0 0.863957 0.663023 0.008734 0.004990
0 0.898220 0.672529 0.008734 0.004990
0 0.898220 0.667776 0.008734 0.004990
0 0.898220 0.663023 0.008734 0.004990
0 0.932146 0.672529 0.008734 0.004990
0 0.932146 0.667776 0.008734 0.004990
0 0.932146 0.663023 0.008734 0.004990
0 0.144105 0.831036 0.008734 0.004990
0 0.144105 0.826283 0.008734 0.004990
0 0.144105 0.821530 0.008734 0.004990
0 0.190124 0.831036 0.008734 0.004990
0 0.190124 0.826283 0.008734 0.004990
0 0.190124 0.821530 0.008734 0.004990
0 0.236144 0.831036 0.008734 0.004990
0 0.236144 0.826283 0.008734 0.004990
0 0.236144 0.821530 0.008734 0.004990
0 0.290897 0.831036 0.008734 0.004990
0 0.290897 0.826283 0.008734 0.004990
0 0.290897 0.821530 0.008734 0.004990
0 0.325495 0.831036 0.008734 0.004990
0 0.325495 0.826283 0.008734 0.004990
0 0.325495 0.821530 0.008734 0.004990
0 0.368828 0.831036 0.008734 0.004990
0 0.368828 0.826283 0.008734 0.004990
0 0.368828 0.821530 0.008734 0.004990
0 0.422573 0.831036 0.008734 0.004990
0 0.422573 0.826283 0.008734 0.004990
0 0.422573 0.821530 0.008734 0.004990
0 0.466241 0.831036 0.008734 0.004990
0 0.466241 0.826283 0.008734 0.004990
0 0.466241 0.821530 0.008734 0.004990
0 0.564998 0.831036 0.008734 0.004990
0 0.564998 0.826283 0.008734 0.004990
0 0.564998 0.821530 0.008734 0.004990
0 0.676520 0.831036 0.008734 0.004990
0 0.676520 0.826283 0.008734 0.004990
0 0.676520 0.821530 0.008734 0.004990
0 0.752435 0.831036 0.008734 0.004990
0 0.752435 0.826283 0.008734 0.004990
0 0.752435 0.821530 0.008734 0.004990
0 0.820289 0.831036 0.008734 0.004990
0 0.820289 0.826283 0.008734 0.004990
0 0.820289 0.821530 0.008734 0.004990
0 0.864293 0.831036 0.009070 0.004990
0 0.864293 0.826283 0.009070 0.004990
0 0.864293 0.821530 0.009070 0.004990
0 0.126302 0.080561 0.009070 0.004990
0 0.265032 0.085314 0.008734 0.004990
0 0.329862 0.082937 0.008734 0.004990
0 0.351360 0.080561 0.008734 0.004990
0 0.406114 0.075808 0.009070 0.004990
0 0.552234 0.080561 0.008734 0.004990
0 0.682902 0.075808 0.009070 0.004990
0 0.831038 0.082937 0.008734 0.004990
0 0.893181 0.080561 0.008734 0.004990
0 0.914007 0.075808 0.008734 0.004990
0 0.126302 0.303945 0.009070 0.004990
0 0.272422 0.310837 0.008734 0.004990
0 0.917702 0.317966 0.008734 0.004990
0 0.118576 0.546578 0.008734 0.004990
0 0.139402 0.548954 0.008734 0.004990
0 0.160228 0.548954 0.008734 0.004990
0 0.353376 0.551331 0.008734 0.004990
0 0.417199 0.551331 0.008734 0.004990
0 0.467585 0.548954 0.008734 0.004990
0 0.791065 0.558460 0.008734 0.004990
0 0.846490 0.558460 0.009070 0.004990
0 0.915015 0.558460 0.008734 0.004990
0 0.166947 0.784696 0.009070 0.004990
0 0.268727 0.784696 0.009070 0.004990
