0 0.105475 0.215304 0.006718 0.004040
0 0.122607 0.207937 0.006718 0.004040
0 0.140074 0.215304 0.006718 0.004040
0 0.157205 0.207937 0.006718 0.004040
0 0.174337 0.215304 0.006718 0.004040
0 0.191804 0.207937 0.006718 0.004040
0 0.208935 0.215304 0.006718 0.004040
0 0.226067 0.207937 0.006718 0.004040
0 0.243534 0.215304 0.006718 0.004040
0 0.260665 0.207937 0.006718 0.004040
0 0.277796 0.215304 0.006718 0.004040
0 0.295264 0.207937 0.006718 0.004040
0 0.320457 0.215304 0.006718 0.004040
0 0.337252 0.207937 0.006718 0.004040
0 0.354048 0.215304 0.006718 0.004040
0 0.370843 0.207937 0.006718 0.004040
0 0.387639 0.215304 0.006718 0.004040
0 0.404434 0.207937 0.006718 0.004040
0 0.421229 0.215304 0.006718 0.004040
0 0.438025 0.207937 0.006718 0.004040
0 0.454820 0.215304 0.006718 0.004040
0 0.471616 0.207937 0.006718 0.004040
0 0.488411 0.215304 0.006718 0.004040
0 0.505207 0.207937 0.006718 0.004040
0 0.536110 0.220770 0.006718 0.004040
0 0.553577 0.207937 0.006718 0.004040
0 0.571045 0.220770 0.006718 0.004040
0 0.588512 0.207937 0.006718 0.004040
0 0.605643 0.220770 0.006718 0.004040
0 0.623111 0.207937 0.006718 0.004040
0 0.640578 0.220770 0.006718 0.004040
0 0.658045 0.207937 0.006718 0.004040
0 0.675512 0.220770 0.006718 0.004040
0 0.692644 0.207937 0.006718 0.004040
0 0.710111 0.220770 0.006718 0.004040
0 0.727578 0.207937 0.006718 0.004040
0 0.753443 0.215304 0.006718 0.004040
0 0.770238 0.207937 0.006718 0.004040
0 0.787034 0.215304 0.006718 0.004040
0 0.803829 0.207937 0.006718 0.004040
0 0.820625 0.215304 0.006718 0.004040
0 0.837420 0.207937 0.006718 0.004040
0 0.854216 0.220770 0.006718 0.004040
0 0.871011 0.207937 0.006718 0.004040
0 0.887807 0.220770 0.006718 0.004040
0 0.904602 0.207937 0.006718 0.004040
0 0.921397 0.220770 0.006718 0.004040
0 0.938193 0.207937 0.006718 0.004040
0 0.105475 0.432985 0.006718 0.004040
0 0.122607 0.425618 0.006718 0.004040
0 0.139738 0.432985 0.006718 0.004040
0 0.157205 0.425618 0.006718 0.004040
0 0.174337 0.432985 0.006718 0.004040
0 0.191468 0.425618 0.006718 0.004040
0 0.208599 0.432985 0.006718 0.004040
0 0.226067 0.425618 0.006718 0.004040
0 0.243198 0.432985 0.006718 0.004040
0 0.260329 0.425618 0.006718 0.004040
0 0.277461 0.432985 0.006718 0.004040
0 0.294928 0.425618 0.006718 0.004040
0 0.324824 0.432985 0.006718 0.004040
0 0.341955 0.420152 0.006718 0.004040
0 0.359422 0.431321 0.006718 0.004040
0 0.376889 0.420152 0.006718 0.004040
0 0.394021 0.431321 0.006718 0.004040
0 0.411488 0.420152 0.006718 0.004040
0 0.428955 0.429420 0.006718 0.004040
0 0.446087 0.422053 0.006718 0.004040
0 0.463554 0.429420 0.006718 0.004040
0 0.481021 0.422053 0.006718 0.004040
0 0.498153 0.429420 0.006718 0.004040
0 0.515620 0.422053 0.006718 0.004040
0 0.543500 0.436787 0.006718 0.004040
0 0.560632 0.423717 0.006718 0.004040
0 0.577763 0.436787 0.006718 0.004040
0 0.594894 0.423717 0.006718 0.004040
0 0.612026 0.436787 0.006718 0.004040
0 0.629157 0.423717 0.006718 0.004040
0 0.646288 0.431321 0.006718 0.004040
0 0.663084 0.423717 0.006718 0.004040
0 0.680215 0.431321 0.006718 0.004040
0 0.697346 0.423717 0.006718 0.004040
0 0.714478 0.438688 0.006718 0.004040
0 0.731609 0.425618 0.006718 0.004040
0 0.760833 0.432985 0.006718 0.004040
0 0.776957 0.425618 0.006718 0.004040
0 0.793080 0.432985 0.006718 0.004040
0 0.809204 0.425618 0.006718 0.004040
0 0.825663 0.432985 0.006718 0.004040
0 0.841787 0.425618 0.006718 0.004040
0 0.857911 0.432985 0.006718 0.004040
0 0.874034 0.425618 0.006718 0.004040
0 0.890158 0.420152 0.006718 0.004040
0 0.906281 0.416350 0.006718 0.004040
0 0.922405 0.420152 0.006718 0.004040
0 0.938529 0.425618 0.006718 0.004040
0 0.105475 0.637120 0.006718 0.004040
0 0.122607 0.629753 0.006718 0.004040
0 0.139402 0.625951 0.006718 0.004040
0 0.156533 0.622386 0.006718 0.004040
0 0.173665 0.625951 0.006718 0.004040
0 0.190796 0.629753 0.006718 0.004040
0 0.207927 0.637120 0.006718 0.004040
0 0.225059 0.629753 0.006718 0.004040
0 0.241854 0.625951 0.006718 0.004040
0 0.258986 0.622386 0.006718 0.004040
0 0.276117 0.625951 0.006718 0.004040
0 0.293248 0.629753 0.006718 0.004040
0 0.326167 0.637120 0.006718 0.004040
0 0.342963 0.629753 0.006718 0.004040
0 0.359758 0.624287 0.006718 0.004040
0 0.376554 0.620485 0.006718 0.004040
0 0.393349 0.624287 0.006718 0.004040
0 0.409809 0.629753 0.006718 0.004040
0 0.426604 0.637120 0.006718 0.004040
0 0.443399 0.629753 0.006718 0.004040
0 0.460195 0.624287 0.006718 0.004040
0 0.476990 0.620485 0.006718 0.004040
0 0.493450 0.624287 0.006718 0.004040
0 0.510245 0.629753 0.006718 0.004040
0 0.535102 0.637120 0.006718 0.004040
0 0.552234 0.629753 0.006718 0.004040
0 0.569365 0.625951 0.006718 0.004040
0 0.586496 0.622386 0.006718 0.004040
0 0.603292 0.625951 0.006718 0.004040
0 0.620423 0.629753 0.006718 0.004040
0 0.637555 0.637120 0.006718 0.004040
0 0.654686 0.629753 0.006718 0.004040
0 0.671817 0.625951 0.006718 0.004040
0 0.688613 0.622386 0.006718 0.004040
0 0.705744 0.625951 0.006718 0.004040
0 0.722875 0.629753 0.006718 0.004040
0 0.756130 0.637120 0.006718 0.004040
0 0.773262 0.629753 0.006718 0.004040
0 0.790393 0.624287 0.006718 0.004040
0 0.807524 0.620485 0.006718 0.004040
0 0.824656 0.624287 0.006718 0.004040
0 0.841787 0.629753 0.006718 0.004040
0 0.858918 0.637120 0.006718 0.004040
0 0.876050 0.629753 0.006718 0.004040
0 0.893181 0.624287 0.006718 0.004040
0 0.910312 0.629753 0.006718 0.004040
0 0.927444 0.633317 0.006718 0.004040
0 0.109842 0.848859 0.006718 0.004040
0 0.109842 0.835789 0.006718 0.004040
0 0.153510 0.843156 0.006718 0.004040
0 0.153510 0.835789 0.006718 0.004040
0 0.366140 0.837690 0.006718 0.004040
0 0.366140 0.830323 0.006718 0.004040
0 0.402083 0.845057 0.006718 0.004040
0 0.413839 0.837690 0.006718 0.004040
0 0.425932 0.832224 0.006718 0.004040
0 0.437689 0.828422 0.006718 0.004040
0 0.449782 0.832224 0.006718 0.004040
0 0.461538 0.837690 0.006718 0.004040
0 0.473631 0.845057 0.006718 0.004040
0 0.485388 0.837690 0.006718 0.004040
0 0.497145 0.832224 0.006718 0.004040
0 0.509237 0.828422 0.006718 0.004040
0 0.520994 0.832224 0.006718 0.004040
0 0.533087 0.837690 0.006718 0.004040
0 0.553242 0.845057 0.006718 0.004040
0 0.564998 0.837690 0.006718 0.004040
0 0.577091 0.832224 0.006718 0.004040
0 0.588848 0.828422 0.006718 0.004040
0 0.600605 0.832224 0.006718 0.004040
0 0.612697 0.837690 0.006718 0.004040
0 0.624454 0.845057 0.006718 0.004040
0 0.636547 0.837690 0.006718 0.004040
0 0.648304 0.832224 0.006718 0.004040
0 0.660396 0.828422 0.006718 0.004040
0 0.672153 0.832224 0.006718 0.004040
0 0.683910 0.837690 0.006718 0.004040
0 0.704400 0.845057 0.006718 0.004040
0 0.716157 0.837690 0.006718 0.004040
0 0.727914 0.832224 0.006718 0.004040
0 0.740007 0.828422 0.006718 0.004040
0 0.751764 0.832224 0.006718 0.004040
0 0.763856 0.837690 0.006718 0.004040
0 0.775613 0.845057 0.006718 0.004040
0 0.787370 0.837690 0.006718 0.004040
0 0.799463 0.832224 0.006718 0.004040
0 0.811219 0.828422 0.006718 0.004040
0 0.823312 0.832224 0.006718 0.004040
0 0.835069 0.837690 0.006718 0.004040
0 0.855223 0.845057 0.006718 0.004040
0 0.866980 0.837690 0.006718 0.004040
0 0.878401 0.832224 0.006718 0.004040
0 0.890158 0.828422 0.006718 0.004040
0 0.901915 0.832224 0.006718 0.004040
0 0.913336 0.837690 0.006718 0.004040
0 0.925092 0.845057 0.006718 0.004040
0 0.109842 0.832224 0.006718 0.004040
0 0.109842 0.828422 0.006718 0.004040
0 0.153510 0.830323 0.006718 0.004040
0 0.105475 0.176331 0.006718 0.004040
0 0.122607 0.172766 0.006718 0.004040
0 0.140074 0.176331 0.006718 0.004040
0 0.157205 0.172766 0.006718 0.004040
0 0.174337 0.167063 0.006718 0.004040
0 0.191804 0.163498 0.006718 0.004040
0 0.208935 0.176331 0.006718 0.004040
0 0.226067 0.172766 0.006718 0.004040
0 0.243534 0.176331 0.006718 0.004040
0 0.260665 0.172766 0.006718 0.004040
0 0.277796 0.167063 0.006718 0.004040
0 0.295264 0.163498 0.006718 0.004040
0 0.320457 0.176331 0.006718 0.004040
0 0.337252 0.172766 0.006718 0.004040
0 0.354048 0.176331 0.006718 0.004040
0 0.370843 0.172766 0.006718 0.004040
0 0.387639 0.167063 0.006718 0.004040
0 0.404434 0.163498 0.006718 0.004040
0 0.421229 0.176331 0.006718 0.004040
0 0.438025 0.172766 0.006718 0.004040
0 0.454820 0.176331 0.006718 0.004040
0 0.471616 0.172766 0.006718 0.004040
0 0.488411 0.167063 0.006718 0.004040
0 0.505207 0.163498 0.006718 0.004040
0 0.536110 0.174430 0.006718 0.004040
0 0.553577 0.172766 0.006718 0.004040
0 0.571045 0.174430 0.006718 0.004040
0 0.588512 0.172766 0.006718 0.004040
0 0.605643 0.168964 0.006718 0.004040
0 0.623111 0.165162 0.006718 0.004040
0 0.640578 0.174430 0.006718 0.004040
0 0.658045 0.172766 0.006718 0.004040
0 0.675512 0.174430 0.006718 0.004040
0 0.692644 0.172766 0.006718 0.004040
0 0.710111 0.168964 0.006718 0.004040
0 0.727578 0.165162 0.006718 0.004040
0 0.753443 0.176331 0.006718 0.004040
0 0.770238 0.172766 0.006718 0.004040
0 0.787034 0.176331 0.006718 0.004040
0 0.803829 0.172766 0.006718 0.004040
0 0.820625 0.167063 0.006718 0.004040
0 0.837420 0.163498 0.006718 0.004040
0 0.854216 0.174430 0.006718 0.004040
0 0.871011 0.172766 0.006718 0.004040
0 0.887807 0.174430 0.006718 0.004040
0 0.904602 0.172766 0.006718 0.004040
0 0.921397 0.168964 0.006718 0.004040
0 0.938193 0.165162 0.006718 0.004040
0 0.105475 0.394249 0.006718 0.004040
0 0.122607 0.390447 0.006718 0.004040
0 0.139738 0.394249 0.006718 0.004040
0 0.157205 0.390447 0.006718 0.004040
0 0.174337 0.384981 0.006718 0.004040
0 0.191468 0.381179 0.006718 0.004040
0 0.208599 0.394249 0.006718 0.004040
0 0.226067 0.390447 0.006718 0.004040
0 0.243198 0.394249 0.006718 0.004040
0 0.260329 0.390447 0.006718 0.004040
0 0.277461 0.384981 0.006718 0.004040
0 0.294928 0.381179 0.006718 0.004040
0 0.324824 0.394249 0.006718 0.004040
0 0.341955 0.390447 0.006718 0.004040
0 0.359422 0.394249 0.006718 0.004040
0 0.376889 0.390447 0.006718 0.004040
0 0.394021 0.384981 0.006718 0.004040
0 0.411488 0.381179 0.006718 0.004040
0 0.428955 0.394249 0.006718 0.004040
0 0.446087 0.390447 0.006718 0.004040
0 0.463554 0.394249 0.006718 0.004040
0 0.481021 0.390447 0.006718 0.004040
0 0.498153 0.386644 0.006718 0.004040
0 0.515620 0.383080 0.006718 0.004040
0 0.543500 0.390447 0.006718 0.004040
0 0.560632 0.388546 0.006718 0.004040
0 0.577763 0.390447 0.006718 0.004040
0 0.594894 0.388546 0.006718 0.004040
0 0.612026 0.384981 0.006718 0.004040
0 0.629157 0.381179 0.006718 0.004040
0 0.646288 0.392348 0.006718 0.004040
0 0.663084 0.388546 0.006718 0.004040
0 0.680215 0.392348 0.006718 0.004040
0 0.697346 0.388546 0.006718 0.004040
0 0.714478 0.392348 0.006718 0.004040
0 0.731609 0.390447 0.006718 0.004040
0 0.760833 0.394249 0.006718 0.004040
0 0.776957 0.390447 0.006718 0.004040
0 0.793080 0.384981 0.006718 0.004040
0 0.809204 0.381179 0.006718 0.004040
0 0.825663 0.384981 0.006718 0.004040
0 0.841787 0.390447 0.006718 0.004040
0 0.857911 0.394249 0.006718 0.004040
0 0.922405 0.377614 0.006718 0.004040
0 0.922405 0.364544 0.006718 0.004040
0 0.105475 0.581511 0.006718 0.004040
0 0.105475 0.568679 0.006718 0.004040
0 0.173665 0.581511 0.006718 0.004040
0 0.173665 0.568679 0.006718 0.004040
0 0.207927 0.581511 0.006718 0.004040
0 0.207927 0.568679 0.006718 0.004040
0 0.276117 0.581511 0.006718 0.004040
0 0.276117 0.568679 0.006718 0.004040
0 0.326167 0.581511 0.006718 0.004040
0 0.326167 0.568679 0.006718 0.004040
0 0.393349 0.581511 0.006718 0.004040
0 0.393349 0.568679 0.006718 0.004040
0 0.426604 0.581511 0.006718 0.004040
0 0.426604 0.568679 0.006718 0.004040
0 0.493450 0.581511 0.006718 0.004040
0 0.493450 0.568679 0.006718 0.004040
0 0.535102 0.581511 0.006718 0.004040
0 0.535102 0.568679 0.006718 0.004040
0 0.603292 0.581511 0.006718 0.004040
0 0.603292 0.568679 0.006718 0.004040
0 0.637555 0.581511 0.006718 0.004040
0 0.637555 0.568679 0.006718 0.004040
0 0.705744 0.581511 0.006718 0.004040
0 0.705744 0.568679 0.006718 0.004040
0 0.756130 0.581511 0.006718 0.004040
0 0.756130 0.568679 0.006718 0.004040
0 0.824656 0.581511 0.006718 0.004040
0 0.824656 0.568679 0.006718 0.004040
0 0.858918 0.576046 0.006718 0.004040
0 0.858918 0.566778 0.006718 0.004040
0 0.927444 0.600048 0.006718 0.004040
0 0.933490 0.598146 0.006718 0.004040
0 0.927444 0.594582 0.006718 0.004040
0 0.109842 0.802519 0.006718 0.004040
0 0.153510 0.804420 0.006718 0.004040
0 0.366140 0.804420 0.006718 0.004040
0 0.366140 0.798717 0.006718 0.004040
0 0.402083 0.806321 0.006718 0.004040
0 0.402083 0.797053 0.006718 0.004040
0 0.473631 0.802519 0.006718 0.004040
0 0.473631 0.793251 0.006718 0.004040
0 0.553242 0.806321 0.006718 0.004040
0 0.553242 0.797053 0.006718 0.004040
0 0.624454 0.802519 0.006718 0.004040
0 0.624454 0.793251 0.006718 0.004040
0 0.704400 0.806321 0.006718 0.004040
0 0.704400 0.797053 0.006718 0.004040
0 0.775613 0.806321 0.006718 0.004040
0 0.775613 0.797053 0.006718 0.004040
0 0.855223 0.806321 0.006718 0.004040
0 0.855223 0.797053 0.006718 0.004040
0 0.105475 0.125000 0.006718 0.004040
0 0.140074 0.130703 0.006718 0.004040
0 0.174337 0.125000 0.006718 0.004040
0 0.208935 0.121435 0.006718 0.004040
0 0.243534 0.125000 0.006718 0.004040
0 0.277796 0.121435 0.006718 0.004040
0 0.320457 0.121435 0.006718 0.004040
0 0.387639 0.117633 0.006718 0.004040
0 0.404434 0.119534 0.006718 0.004040
0 0.421229 0.121435 0.006718 0.004040
0 0.488411 0.123337 0.006718 0.004040
0 0.505207 0.125000 0.006718 0.004040
0 0.536110 0.126901 0.006718 0.004040
0 0.605643 0.126901 0.006718 0.004040
0 0.640578 0.126901 0.006718 0.004040
0 0.692644 0.123337 0.006718 0.004040
0 0.710111 0.125000 0.006718 0.004040
0 0.727578 0.123337 0.006718 0.004040
0 0.753443 0.125000 0.006718 0.004040
0 0.921397 0.126901 0.006718 0.004040
0 0.105475 0.334363 0.006718 0.004040
0 0.139738 0.339829 0.006718 0.004040
0 0.174337 0.334363 0.006718 0.004040
0 0.208599 0.330561 0.006718 0.004040
0 0.243198 0.334363 0.006718 0.004040
0 0.277461 0.330561 0.006718 0.004040
0 0.324824 0.330561 0.006718 0.004040
0 0.428955 0.332462 0.006718 0.004040
0 0.498153 0.332462 0.006718 0.004040
0 0.543500 0.334363 0.006718 0.004040
0 0.612026 0.330561 0.006718 0.004040
0 0.646288 0.332462 0.006718 0.004040
0 0.714478 0.336264 0.006718 0.004040
0 0.760833 0.334363 0.006718 0.004040
0 0.922405 0.326996 0.006718 0.004040
0 0.105475 0.530656 0.006718 0.004040
0 0.173665 0.530656 0.006718 0.004040
0 0.207927 0.530656 0.006718 0.004040
0 0.276117 0.530656 0.006718 0.004040
0 0.326167 0.532557 0.006718 0.004040
0 0.376554 0.534458 0.006718 0.004040
0 0.393349 0.536359 0.006718 0.004040
0 0.409809 0.534458 0.006718 0.004040
0 0.426604 0.532557 0.006718 0.004040
0 0.603292 0.530656 0.006718 0.004040
0 0.637555 0.530656 0.006718 0.004040
0 0.705744 0.530656 0.006718 0.004040
0 0.756130 0.532557 0.006718 0.004040
0 0.807524 0.534458 0.006718 0.004040
0 0.824656 0.536359 0.006718 0.004040
0 0.841787 0.534458 0.006718 0.004040
0 0.858918 0.532557 0.006718 0.004040
0 0.927444 0.534458 0.006718 0.004040
0 0.109842 0.747861 0.006718 0.004040
0 0.135035 0.744059 0.006718 0.004040
0 0.153510 0.745960 0.006718 0.004040
0 0.190796 0.748099 0.004703 0.002852
0 0.202217 0.746198 0.004703 0.002852
0 0.213638 0.744297 0.004703 0.002852
0 0.225395 0.746198 0.004703 0.002852
0 0.248572 0.748099 0.004703 0.002852
0 0.267047 0.746198 0.004703 0.002852
0 0.289889 0.748099 0.004703 0.002852
0 0.308364 0.749762 0.005039 0.002852
0 0.366140 0.749762 0.006718 0.004040
0 0.402083 0.747861 0.006718 0.004040
0 0.105475 0.066778 0.006718 0.004040
0 0.140074 0.070580 0.006718 0.004040
0 0.174337 0.066778 0.006718 0.004040
0 0.208935 0.062975 0.006718 0.004040
0 0.243534 0.066778 0.006718 0.004040
0 0.277796 0.062975 0.006718 0.004040
0 0.320457 0.057510 0.006718 0.004040
0 0.387639 0.059411 0.006718 0.004040
0 0.404434 0.061312 0.006718 0.004040
0 0.421229 0.062975 0.006718 0.004040
0 0.488411 0.064876 0.006718 0.004040
0 0.505207 0.066778 0.006718 0.004040
0 0.536110 0.066778 0.006718 0.004040
0 0.571045 0.068679 0.006718 0.004040
0 0.605643 0.066778 0.006718 0.004040
0 0.640578 0.062975 0.006718 0.004040
0 0.692644 0.064876 0.006718 0.004040
0 0.710111 0.066778 0.006718 0.004040
0 0.727578 0.064876 0.006718 0.004040
0 0.753443 0.066778 0.006718 0.004040
0 0.921397 0.068679 0.006718 0.004040
0 0.105475 0.274477 0.006718 0.004040
0 0.139738 0.278279 0.006718 0.004040
0 0.174337 0.274477 0.006718 0.004040
0 0.208599 0.270913 0.006718 0.004040
0 0.243198 0.274477 0.006718 0.004040
0 0.277461 0.270913 0.006718 0.004040
0 0.324824 0.265209 0.006718 0.004040
0 0.428955 0.267110 0.006718 0.004040
0 0.498153 0.267110 0.006718 0.004040
0 0.543500 0.269011 0.006718 0.004040
0 0.612026 0.270913 0.006718 0.004040
0 0.646288 0.270913 0.006718 0.004040
0 0.697346 0.272576 0.006718 0.004040
0 0.714478 0.276378 0.006718 0.004040
0 0.731609 0.274477 0.006718 0.004040
0 0.760833 0.278279 0.006718 0.004040
0 0.922405 0.270913 0.006718 0.004040
0 0.105475 0.488593 0.006718 0.004040
0 0.173665 0.488593 0.006718 0.004040
0 0.207927 0.488593 0.006718 0.004040
0 0.276117 0.488593 0.006718 0.004040
0 0.326167 0.488593 0.006718 0.004040
0 0.393349 0.488593 0.006718 0.004040
0 0.426604 0.483127 0.006718 0.004040
0 0.603292 0.488593 0.006718 0.004040
0 0.637555 0.488593 0.006718 0.004040
0 0.705744 0.488593 0.006718 0.004040
0 0.756130 0.488593 0.006718 0.004040
0 0.824656 0.488593 0.006718 0.004040
0 0.858918 0.483127 0.006718 0.004040
0 0.927444 0.485029 0.006718 0.004040
0 0.109842 0.690827 0.006718 0.004040
0 0.135035 0.692728 0.006718 0.004040
0 0.153510 0.694629 0.006718 0.004040
0 0.190796 0.696530 0.004703 0.002852
0 0.202217 0.694629 0.004703 0.002852
0 0.213638 0.692966 0.004703 0.002852
0 0.225395 0.694629 0.004703 0.002852
0 0.248572 0.696530 0.004703 0.002852
0 0.267047 0.694629 0.004703 0.002852
0 0.289889 0.694629 0.004703 0.002852
0 0.308700 0.692966 0.004703 0.002852
0 0.347665 0.694629 0.004703 0.002852
0 0.366140 0.698194 0.006718 0.004040
0 0.377897 0.696530 0.006718 0.004040
0 0.402083 0.700095 0.006718 0.004040
