0 0.251260 0.366920 0.008734 0.005228
0 0.406449 0.366920 0.008734 0.005228
0 0.561975 0.374287 0.008734 0.005228
0 0.811891 0.366920 0.008734 0.005228
0 0.138730 0.532795 0.008734 0.005228
0 0.293584 0.539924 0.008734 0.005228
0 0.135371 0.724335 0.008734 0.005228
0 0.281491 0.717205 0.008734 0.005228
0 0.408129 0.724335 0.008734 0.005228
0 0.551226 0.724335 0.008734 0.005228
0 0.677528 0.724335 0.008734 0.005228
0 0.822640 0.717205 0.008734 0.005228
0 0.135371 0.901616 0.008734 0.005228
0 0.277796 0.911122 0.008734 0.005228
0 0.405778 0.911122 0.008734 0.005228
0 0.560632 0.903992 0.008734 0.005228
0 0.692308 0.911122 0.008734 0.005228
0 0.836077 0.911122 0.008734 0.005228
0 0.251260 0.350285 0.008734 0.005228
0 0.275109 0.347909 0.008734 0.005228
0 0.298959 0.343156 0.008734 0.005228
0 0.322808 0.338403 0.008734 0.005228
0 0.406449 0.350285 0.008734 0.005228
0 0.430635 0.347909 0.008734 0.005228
0 0.454484 0.343156 0.008734 0.005228
0 0.478334 0.338403 0.008734 0.005228
0 0.561975 0.357414 0.008734 0.005228
0 0.581794 0.352662 0.008734 0.005228
0 0.601612 0.347909 0.008734 0.005228
0 0.728586 0.357414 0.008734 0.005228
0 0.764192 0.366920 0.008734 0.005228
0 0.811891 0.350285 0.008734 0.005228
0 0.835741 0.347909 0.008734 0.005228
0 0.859926 0.343156 0.008734 0.005228
0 0.883776 0.338403 0.008734 0.005228
0 0.138730 0.513546 0.008734 0.005228
0 0.162580 0.508793 0.008734 0.005228
0 0.186429 0.504040 0.008734 0.005228
0 0.293584 0.523051 0.008734 0.005228
0 0.315418 0.518298 0.008734 0.005228
0 0.336916 0.513546 0.008734 0.005228
0 0.435338 0.532795 0.008734 0.005228
0 0.455492 0.523051 0.008734 0.005228
0 0.475647 0.515922 0.008734 0.005228
0 0.568357 0.532795 0.008734 0.005228
0 0.588512 0.523051 0.008734 0.005228
0 0.608666 0.515922 0.008734 0.005228
0 0.701041 0.532795 0.008734 0.005228
0 0.721196 0.523051 0.008734 0.005228
0 0.741350 0.515922 0.008734 0.005228
0 0.833725 0.532795 0.008734 0.005228
0 0.854216 0.523051 0.008734 0.005228
0 0.874370 0.515922 0.008734 0.005228
0 0.135371 0.707700 0.008734 0.005228
0 0.156533 0.702709 0.008734 0.005228
0 0.178032 0.693203 0.008734 0.005228
0 0.281491 0.717205 0.008734 0.005228
0 0.300638 0.707700 0.008734 0.005228
0 0.319785 0.695580 0.008734 0.005228
0 0.408129 0.707700 0.008734 0.005228
0 0.428284 0.702709 0.008734 0.005228
0 0.448774 0.693203 0.008734 0.005228
0 0.551226 0.707700 0.008734 0.005228
0 0.570037 0.702709 0.008734 0.005228
0 0.589184 0.693203 0.008734 0.005228
0 0.677528 0.707700 0.008734 0.005228
0 0.698354 0.702709 0.008734 0.005228
0 0.719180 0.693203 0.008734 0.005228
0 0.822640 0.717205 0.008734 0.005228
0 0.843131 0.707700 0.008734 0.005228
0 0.863621 0.695580 0.008734 0.005228
0 0.135371 0.884743 0.008734 0.005228
0 0.157205 0.879990 0.008734 0.005228
0 0.179039 0.845295 0.008734 0.005228
0 0.200537 0.842918 0.008734 0.005228
0 0.222372 0.833413 0.008734 0.005228
0 0.244206 0.826283 0.008734 0.005228
0 0.277796 0.894249 0.008734 0.005228
0 0.297279 0.884743 0.008734 0.005228
0 0.316426 0.877614 0.008734 0.005228
0 0.335909 0.847671 0.008734 0.005228
0 0.355391 0.842918 0.008734 0.005228
0 0.374538 0.835789 0.008734 0.005228
0 0.405778 0.894249 0.008734 0.005228
0 0.428284 0.889496 0.008734 0.005228
0 0.450789 0.879990 0.008734 0.005228
0 0.473295 0.877614 0.008734 0.005228
0 0.499160 0.842918 0.008734 0.005228
0 0.518307 0.835789 0.008734 0.005228
0 0.560632 0.903992 0.008734 0.005228
0 0.580450 0.894249 0.008734 0.005228
0 0.600605 0.882367 0.008734 0.005228
0 0.692308 0.894249 0.008734 0.005228
0 0.712798 0.889496 0.008734 0.005228
0 0.733289 0.879990 0.008734 0.005228
0 0.753779 0.877614 0.008734 0.005228
0 0.777293 0.842918 0.008734 0.005228
0 0.794424 0.835789 0.008734 0.005228
0 0.836077 0.894249 0.008734 0.005228
0 0.855895 0.889496 0.008734 0.005228
0 0.876050 0.879990 0.008734 0.005228
0 0.895868 0.877614 0.008734 0.005228
0 0.919046 0.842918 0.008734 0.005228
0 0.935506 0.835789 0.008734 0.005228
0 0.322808 0.299667 0.008734 0.005228
0 0.346994 0.297291 0.008734 0.005228
0 0.370843 0.292538 0.008734 0.005228
0 0.478334 0.299667 0.008734 0.005228
0 0.502519 0.297291 0.008734 0.005228
0 0.526369 0.292538 0.008734 0.005228
0 0.621431 0.343156 0.008734 0.005228
0 0.640914 0.340779 0.008734 0.005228
0 0.660732 0.336027 0.008734 0.005228
0 0.710447 0.302044 0.008734 0.005228
0 0.728586 0.297291 0.008734 0.005228
0 0.746389 0.306797 0.008734 0.005228
0 0.764192 0.299667 0.008734 0.005228
0 0.782331 0.345532 0.008734 0.005228
0 0.883776 0.299667 0.008734 0.005228
0 0.907625 0.297291 0.008734 0.005228
0 0.931475 0.292538 0.008734 0.005228
0 0.210279 0.475523 0.008734 0.005228
0 0.234128 0.473146 0.008734 0.005228
0 0.257978 0.468156 0.008734 0.005228
0 0.358750 0.508793 0.008734 0.005228
0 0.380249 0.506416 0.008734 0.005228
0 0.402083 0.501663 0.008734 0.005228
0 0.496137 0.511169 0.008734 0.005228
0 0.516292 0.506416 0.008734 0.005228
0 0.536446 0.470532 0.008734 0.005228
0 0.628821 0.511169 0.008734 0.005228
0 0.648975 0.506416 0.008734 0.005228
0 0.669130 0.470532 0.008734 0.005228
0 0.761505 0.511169 0.008734 0.005228
0 0.781659 0.506416 0.008734 0.005228
0 0.801814 0.470532 0.008734 0.005228
0 0.251260 0.282795 0.008734 0.005228
0 0.298959 0.285171 0.008734 0.005228
0 0.346994 0.287548 0.008734 0.005228
0 0.406449 0.282795 0.008734 0.005228
0 0.454484 0.285171 0.008734 0.005228
0 0.502519 0.287548 0.008734 0.005228
0 0.561975 0.289924 0.008734 0.005228
0 0.601612 0.297291 0.008734 0.005228
0 0.640914 0.294914 0.008734 0.005228
0 0.692308 0.292538 0.009070 0.005228
0 0.764192 0.294914 0.008734 0.005228
0 0.811891 0.282795 0.008734 0.005228
0 0.859926 0.285171 0.008734 0.005228
0 0.907625 0.287548 0.008734 0.005228
0 0.138730 0.458650 0.008734 0.005228
0 0.186429 0.461027 0.008734 0.005228
0 0.234128 0.463403 0.008734 0.005228
0 0.293584 0.465779 0.008734 0.005228
0 0.336916 0.473146 0.008734 0.005228
0 0.380249 0.470532 0.008734 0.005228
0 0.435338 0.475523 0.009070 0.005228
0 0.568021 0.475523 0.009070 0.005228
0 0.700705 0.475523 0.009070 0.005228
0 0.894861 0.511169 0.008734 0.005228
0 0.915015 0.506416 0.008734 0.005228
0 0.935170 0.465779 0.008734 0.005228
0 0.135371 0.635932 0.008734 0.005228
0 0.199530 0.690827 0.008734 0.005228
0 0.226738 0.659696 0.008734 0.005228
0 0.248236 0.652567 0.008734 0.005228
0 0.281491 0.635932 0.008734 0.005228
0 0.338932 0.690827 0.008734 0.005228
0 0.358079 0.662072 0.008734 0.005228
0 0.377225 0.652567 0.008734 0.005228
0 0.408129 0.635932 0.008734 0.005228
0 0.469264 0.690827 0.008734 0.005228
0 0.489755 0.659696 0.008734 0.005228
0 0.510245 0.652567 0.008734 0.005228
0 0.551226 0.635932 0.008734 0.005228
0 0.608331 0.690827 0.008734 0.005228
0 0.627477 0.659696 0.008734 0.005228
0 0.646624 0.652567 0.008734 0.005228
0 0.677528 0.635932 0.008734 0.005228
0 0.740007 0.690827 0.008734 0.005228
0 0.760833 0.659696 0.008734 0.005228
0 0.781659 0.652567 0.008734 0.005228
0 0.822640 0.635932 0.008734 0.005228
0 0.884112 0.690827 0.008734 0.005228
0 0.904602 0.662072 0.008734 0.005228
0 0.924756 0.652567 0.008734 0.005228
0 0.135371 0.826283 0.008734 0.005228
0 0.277796 0.814163 0.008734 0.005228
0 0.405778 0.819154 0.008734 0.005228
0 0.560632 0.819154 0.008734 0.005228
0 0.620423 0.877614 0.008734 0.005228
0 0.643937 0.845295 0.008734 0.005228
0 0.660732 0.835789 0.008734 0.005228
0 0.692308 0.819154 0.008734 0.005228
0 0.836077 0.819154 0.008734 0.005228
0 0.915015 0.415637 0.008734 0.005228
0 0.135371 0.588403 0.008734 0.005228
0 0.199530 0.586027 0.008734 0.005228
0 0.226738 0.588403 0.008734 0.005228
0 0.281491 0.590779 0.008734 0.005228
0 0.358079 0.581274 0.008734 0.005228
0 0.408129 0.588403 0.008734 0.005228
0 0.448774 0.593156 0.008734 0.005228
0 0.489755 0.590779 0.008734 0.005228
0 0.550890 0.588403 0.009070 0.005228
0 0.627477 0.581274 0.008734 0.005228
0 0.677528 0.588403 0.008734 0.005228
0 0.740007 0.586027 0.008734 0.005228
0 0.760833 0.588403 0.008734 0.005228
0 0.822640 0.590779 0.008734 0.005228
0 0.863621 0.590779 0.008734 0.005228
0 0.924756 0.593156 0.008734 0.005228
0 0.135371 0.780181 0.008734 0.005228
0 0.200537 0.770675 0.008734 0.005228
0 0.222372 0.773051 0.008734 0.005228
0 0.277796 0.773051 0.008734 0.005228
0 0.316426 0.782557 0.008734 0.005228
0 0.355391 0.765684 0.008734 0.005228
0 0.405778 0.773051 0.008734 0.005228
0 0.473295 0.770675 0.008734 0.005228
0 0.495801 0.773051 0.008734 0.005228
0 0.560296 0.775428 0.009070 0.005228
0 0.640578 0.765684 0.008734 0.005228
0 0.692308 0.773051 0.008734 0.005228
0 0.733289 0.777804 0.008734 0.005228
0 0.773933 0.775428 0.008734 0.005228
0 0.835741 0.773051 0.009070 0.005228
