0 0.841062 0.207413 0.009073 0.005227
0 0.891465 0.209789 0.009073 0.005227
0 0.164987 0.245189 0.010417 0.005227
0 0.164987 0.227608 0.010417 0.005227
0 0.431452 0.245189 0.010417 0.005227
0 0.431452 0.227608 0.010417 0.005227
0 0.760753 0.245189 0.010417 0.005227
0 0.760753 0.227608 0.010417 0.005227
0 0.156586 0.446187 0.009073 0.005227
0 0.240255 0.448800 0.009073 0.005227
0 0.324261 0.448800 0.009073 0.005227
0 0.812836 0.665004 0.009073 0.005227
0 0.898522 0.665004 0.009073 0.005227
0 0.681116 0.907341 0.010417 0.005227
0 0.681116 0.889522 0.010417 0.005227
0 0.279570 0.209789 0.009073 0.005227
0 0.279570 0.204799 0.009073 0.005227
0 0.311156 0.207413 0.009073 0.005227
0 0.311156 0.202423 0.009073 0.005227
0 0.343078 0.204799 0.009073 0.005227
0 0.343078 0.199810 0.009073 0.005227
0 0.431452 0.204799 0.009073 0.005227
0 0.431452 0.199810 0.009073 0.005227
0 0.597446 0.204799 0.009073 0.005227
0 0.597446 0.199810 0.009073 0.005227
0 0.634073 0.207413 0.009073 0.005227
0 0.634073 0.202423 0.009073 0.005227
0 0.670363 0.209789 0.009073 0.005227
0 0.670363 0.204799 0.009073 0.005227
0 0.841062 0.202423 0.009073 0.005227
0 0.156586 0.438822 0.009073 0.005227
0 0.240255 0.436208 0.009073 0.005227
0 0.282258 0.438822 0.009073 0.005227
0 0.324261 0.441197 0.009073 0.005227
0 0.432796 0.448800 0.010417 0.005227
0 0.615927 0.459016 0.009073 0.005227
0 0.615927 0.448800 0.009073 0.005227
0 0.726142 0.453789 0.009073 0.005227
0 0.726142 0.443811 0.009073 0.005227
0 0.726142 0.436208 0.009073 0.005227
0 0.707325 0.471371 0.006384 0.003564
0 0.822917 0.441197 0.009073 0.005227
0 0.822917 0.436208 0.009073 0.005227
0 0.871304 0.443811 0.009073 0.005227
0 0.871304 0.436208 0.009073 0.005227
0 0.148185 0.662628 0.009073 0.005227
0 0.148185 0.652411 0.009073 0.005227
0 0.182460 0.660014 0.009073 0.005227
0 0.182460 0.652411 0.009073 0.005227
0 0.217406 0.665004 0.009073 0.005227
0 0.217406 0.652411 0.009073 0.005227
0 0.252016 0.662628 0.009073 0.005227
0 0.252016 0.652411 0.009073 0.005227
0 0.293347 0.660014 0.009073 0.005227
0 0.293347 0.652411 0.009073 0.005227
0 0.348454 0.687812 0.009073 0.005227
0 0.348454 0.677833 0.009073 0.005227
0 0.437164 0.687812 0.009073 0.005227
0 0.437164 0.677833 0.009073 0.005227
0 0.484207 0.665004 0.009073 0.005227
0 0.484207 0.652411 0.009073 0.005227
0 0.531250 0.657638 0.009073 0.005227
0 0.531250 0.652411 0.009073 0.005227
0 0.578293 0.660014 0.009073 0.005227
0 0.578293 0.652411 0.009073 0.005227
0 0.655242 0.662628 0.009073 0.005227
0 0.655242 0.652411 0.009073 0.005227
0 0.697581 0.660014 0.009073 0.005227
0 0.697581 0.652411 0.009073 0.005227
0 0.740927 0.665004 0.009073 0.005227
0 0.740927 0.652411 0.009073 0.005227
0 0.773858 0.662628 0.009073 0.005227
0 0.773858 0.652411 0.009073 0.005227
0 0.812836 0.650036 0.009073 0.005227
0 0.160282 0.887147 0.009073 0.005227
0 0.160282 0.876930 0.009073 0.005227
0 0.160282 0.864338 0.009073 0.005227
0 0.269153 0.869565 0.009073 0.005227
0 0.269153 0.864338 0.009073 0.005227
0 0.299395 0.866952 0.009073 0.005227
0 0.299395 0.861962 0.009073 0.005227
0 0.329637 0.864338 0.009073 0.005227
0 0.329637 0.859349 0.009073 0.005227
0 0.416667 0.864338 0.009073 0.005227
0 0.416667 0.859349 0.009073 0.005227
0 0.516129 0.866952 0.009073 0.005227
0 0.516129 0.861962 0.009073 0.005227
0 0.547043 0.869565 0.009073 0.005227
0 0.547043 0.864338 0.009073 0.005227
0 0.596774 0.904728 0.009073 0.005227
0 0.596774 0.887147 0.009073 0.005227
0 0.799731 0.871941 0.009073 0.005227
0 0.799731 0.866952 0.009073 0.005227
0 0.832661 0.869565 0.009073 0.005227
0 0.832661 0.864338 0.009073 0.005227
0 0.865591 0.866952 0.009073 0.005227
0 0.865591 0.861962 0.009073 0.005227
0 0.824597 0.613685 0.009073 0.005227
0 0.796035 0.613447 0.006384 0.003564
0 0.865591 0.616061 0.009073 0.005227
0 0.156586 0.395581 0.009073 0.005227
0 0.148185 0.385602 0.009073 0.005227
0 0.156586 0.382989 0.009073 0.005227
0 0.240255 0.395581 0.009073 0.005227
0 0.240255 0.387978 0.009073 0.005227
0 0.822917 0.390592 0.009073 0.005227
0 0.822917 0.380375 0.009073 0.005227
0 0.871304 0.392967 0.009073 0.005227
0 0.871304 0.382989 0.009073 0.005227
0 0.531250 0.623664 0.009073 0.005227
0 0.531250 0.613685 0.009073 0.005227
0 0.578293 0.626277 0.009073 0.005227
0 0.578293 0.616061 0.009073 0.005227
0 0.812836 0.626277 0.009073 0.005227
0 0.812836 0.621288 0.009073 0.005227
0 0.795699 0.621050 0.006384 0.003564
0 0.164987 0.178665 0.009073 0.005227
0 0.164987 0.173675 0.009073 0.005227
0 0.164987 0.166073 0.009073 0.005227
0 0.196909 0.168449 0.009073 0.005227
0 0.196909 0.163459 0.009073 0.005227
0 0.228495 0.166073 0.009073 0.005227
0 0.228495 0.160846 0.009073 0.005227
0 0.431452 0.171062 0.009073 0.005227
0 0.431452 0.166073 0.009073 0.005227
0 0.476478 0.173675 0.009073 0.005227
0 0.476478 0.168449 0.009073 0.005227
0 0.524866 0.171062 0.009073 0.005227
0 0.524866 0.166073 0.009073 0.005227
0 0.561156 0.168449 0.009073 0.005227
0 0.561156 0.163459 0.009073 0.005227
0 0.597446 0.166073 0.009073 0.005227
0 0.597446 0.160846 0.009073 0.005227
0 0.760753 0.176051 0.009073 0.005227
0 0.760753 0.171062 0.009073 0.005227
0 0.760753 0.163459 0.009073 0.005227
0 0.760753 0.158470 0.009073 0.005227
0 0.801075 0.181041 0.009073 0.005227
0 0.801075 0.163459 0.009073 0.005227
0 0.841062 0.171062 0.009073 0.005227
0 0.841062 0.163459 0.009073 0.005227
0 0.841062 0.153243 0.009073 0.005227
0 0.866263 0.173675 0.009073 0.005227
0 0.866263 0.155856 0.009073 0.005227
0 0.891465 0.176051 0.009073 0.005227
0 0.891465 0.171062 0.009073 0.005227
0 0.891465 0.163459 0.009073 0.005227
0 0.891465 0.158470 0.009073 0.005227
0 0.156586 0.378000 0.009073 0.005227
0 0.198589 0.375386 0.009073 0.005227
0 0.240255 0.380375 0.009073 0.005227
0 0.282258 0.382989 0.009073 0.005227
0 0.324261 0.398194 0.009073 0.005227
0 0.324261 0.390592 0.009073 0.005227
0 0.324261 0.385602 0.009073 0.005227
0 0.300067 0.390354 0.006384 0.003564
0 0.300067 0.385365 0.006384 0.003564
0 0.432796 0.398194 0.009073 0.005227
0 0.432796 0.392967 0.009073 0.005227
0 0.466062 0.403184 0.009073 0.005227
0 0.466062 0.398194 0.009073 0.005227
0 0.499328 0.392967 0.009073 0.005227
0 0.499328 0.387978 0.009073 0.005227
0 0.519825 0.395581 0.009073 0.005227
0 0.519825 0.390592 0.009073 0.005227
0 0.540659 0.398194 0.009073 0.005227
0 0.540659 0.392967 0.009073 0.005227
0 0.587030 0.400570 0.009073 0.005227
0 0.587030 0.395581 0.009073 0.005227
0 0.645161 0.403184 0.009073 0.005227
0 0.645161 0.398194 0.009073 0.005227
0 0.726142 0.392967 0.009073 0.005227
0 0.726142 0.387978 0.009073 0.005227
0 0.726142 0.380375 0.009073 0.005227
0 0.726142 0.375386 0.009073 0.005227
0 0.822917 0.372773 0.009073 0.005227
0 0.901546 0.375386 0.009073 0.005227
0 0.148185 0.618674 0.009073 0.005227
0 0.148185 0.611072 0.009073 0.005227
0 0.182460 0.616061 0.009073 0.005227
0 0.182460 0.608458 0.009073 0.005227
0 0.217406 0.621288 0.009073 0.005227
0 0.217406 0.613685 0.009073 0.005227
0 0.252016 0.618674 0.009073 0.005227
0 0.252016 0.611072 0.009073 0.005227
0 0.293347 0.626277 0.009073 0.005227
0 0.293347 0.616061 0.009073 0.005227
0 0.293347 0.608458 0.009073 0.005227
0 0.269489 0.616061 0.006384 0.003564
0 0.269489 0.608458 0.006384 0.003564
0 0.437164 0.626277 0.009073 0.005227
0 0.437164 0.616061 0.009073 0.005227
0 0.437164 0.608458 0.009073 0.005227
0 0.484207 0.621288 0.009073 0.005227
0 0.484207 0.613685 0.009073 0.005227
0 0.531250 0.606082 0.009073 0.005227
0 0.607863 0.608458 0.009073 0.005227
0 0.655242 0.618674 0.009073 0.005227
0 0.655242 0.611072 0.009073 0.005227
0 0.697581 0.616061 0.009073 0.005227
0 0.697581 0.608458 0.009073 0.005227
0 0.740927 0.621288 0.009073 0.005227
0 0.740927 0.613685 0.009073 0.005227
0 0.773858 0.618674 0.009073 0.005227
0 0.773858 0.611072 0.009073 0.005227
0 0.812836 0.608458 0.009073 0.005227
0 0.796035 0.608458 0.006384 0.003564
0 0.160282 0.838204 0.009073 0.005227
0 0.160282 0.830601 0.009073 0.005227
0 0.160282 0.825612 0.009073 0.005227
0 0.190524 0.827988 0.009073 0.005227
0 0.190524 0.822998 0.009073 0.005227
0 0.220766 0.825612 0.009073 0.005227
0 0.220766 0.820622 0.009073 0.005227
0 0.416667 0.830601 0.009073 0.005227
0 0.416667 0.825612 0.009073 0.005227
0 0.450269 0.833215 0.009073 0.005227
0 0.450269 0.827988 0.009073 0.005227
0 0.485215 0.830601 0.009073 0.005227
0 0.485215 0.825612 0.009073 0.005227
0 0.516129 0.827988 0.009073 0.005227
0 0.516129 0.822998 0.009073 0.005227
0 0.547043 0.825612 0.009073 0.005227
0 0.547043 0.820622 0.009073 0.005227
0 0.681116 0.840817 0.009073 0.005227
0 0.681116 0.835590 0.009073 0.005227
0 0.681116 0.827988 0.009073 0.005227
0 0.714046 0.830601 0.009073 0.005227
0 0.714046 0.825612 0.009073 0.005227
0 0.746976 0.827988 0.009073 0.005227
0 0.746976 0.822998 0.009073 0.005227
0 0.841398 0.095747 0.006384 0.003564
0 0.891465 0.095747 0.006384 0.003564
0 0.164987 0.098361 0.009073 0.005227
0 0.196909 0.095747 0.009073 0.005227
0 0.228495 0.093371 0.009073 0.005227
0 0.279570 0.085769 0.009073 0.005227
0 0.375000 0.093371 0.009073 0.005227
0 0.431452 0.098361 0.009073 0.005227
0 0.476478 0.100737 0.009073 0.005227
0 0.524866 0.098361 0.009073 0.005227
0 0.561156 0.095747 0.009073 0.005227
0 0.597446 0.093371 0.009073 0.005227
0 0.760753 0.090758 0.009073 0.005227
0 0.801075 0.095747 0.009073 0.005227
0 0.841062 0.085769 0.009073 0.005227
0 0.866263 0.088144 0.009073 0.005227
0 0.891465 0.090758 0.009073 0.005227
0 0.156586 0.310763 0.009073 0.005227
0 0.198589 0.308387 0.009073 0.005227
0 0.240255 0.313376 0.009073 0.005227
0 0.282258 0.315752 0.009073 0.005227
0 0.324261 0.318365 0.009073 0.005227
0 0.432796 0.318365 0.009073 0.005227
0 0.726142 0.308387 0.009073 0.005227
0 0.774530 0.313376 0.009073 0.005227
0 0.822917 0.305773 0.009073 0.005227
0 0.901546 0.308387 0.009073 0.005227
0 0.148185 0.544785 0.009073 0.005227
0 0.182460 0.542172 0.009073 0.005227
0 0.217406 0.547161 0.009073 0.005227
0 0.252016 0.544785 0.009073 0.005227
0 0.293347 0.542172 0.009073 0.005227
0 0.437164 0.542172 0.009073 0.005227
0 0.484207 0.547161 0.009073 0.005227
0 0.531250 0.539558 0.009073 0.005227
0 0.607863 0.542172 0.009073 0.005227
0 0.655242 0.544785 0.009073 0.005227
0 0.697581 0.542172 0.009073 0.005227
0 0.740927 0.547161 0.009073 0.005227
0 0.773858 0.544785 0.009073 0.005227
0 0.812836 0.542172 0.009073 0.005227
0 0.160282 0.750772 0.009073 0.005227
0 0.220766 0.758375 0.009073 0.005227
0 0.329637 0.768591 0.009073 0.005227
0 0.370296 0.765978 0.009073 0.005227
0 0.416667 0.763602 0.009073 0.005227
0 0.450269 0.765978 0.009073 0.005227
0 0.485215 0.763602 0.009073 0.005227
0 0.516129 0.760988 0.009073 0.005227
0 0.547043 0.758375 0.009073 0.005227
0 0.681116 0.753386 0.009073 0.005227
0 0.746976 0.760988 0.009073 0.005227
0 0.865591 0.770967 0.009073 0.005227
0 0.898522 0.768591 0.009073 0.005227
