0 0.254955 0.319392 0.009070 0.005466
0 0.282835 0.326996 0.009070 0.005466
0 0.311051 0.332224 0.009741 0.005466
0 0.400067 0.334601 0.009070 0.005466
0 0.428955 0.334838 0.006382 0.003802
0 0.419550 0.337215 0.006382 0.003802
0 0.467249 0.337215 0.009070 0.005466
0 0.540141 0.342205 0.009070 0.005466
0 0.590191 0.324620 0.009070 0.005466
0 0.590191 0.319392 0.009070 0.005466
0 0.672153 0.324620 0.009070 0.005466
0 0.672153 0.319392 0.009070 0.005466
0 0.772590 0.326996 0.009070 0.005466
0 0.772590 0.322006 0.009070 0.005466
0 0.818273 0.326996 0.009070 0.005466
0 0.818273 0.322006 0.009070 0.005466
0 0.863957 0.329610 0.009070 0.005466
0 0.863957 0.322006 0.009070 0.005466
0 0.909641 0.329610 0.009070 0.005466
0 0.909641 0.322006 0.009070 0.005466
0 0.139066 0.591730 0.009070 0.005466
0 0.139066 0.586502 0.009070 0.005466
0 0.197178 0.591730 0.009070 0.005466
0 0.197178 0.581511 0.009070 0.005466
0 0.269399 0.596721 0.009070 0.005466
0 0.269399 0.581511 0.009070 0.005466
0 0.327511 0.596721 0.009070 0.005466
0 0.327511 0.581511 0.009070 0.005466
0 0.402419 0.589116 0.009070 0.005466
0 0.402419 0.584125 0.009070 0.005466
0 0.473967 0.589116 0.009070 0.005466
0 0.473967 0.584125 0.009070 0.005466
0 0.563655 0.599335 0.009070 0.005466
0 0.635203 0.599335 0.009070 0.005466
0 0.728250 0.596721 0.009741 0.005466
0 0.841787 0.599335 0.009741 0.005466
0 0.133356 0.889496 0.009070 0.005466
0 0.198522 0.889496 0.009070 0.005466
0 0.280148 0.891873 0.009070 0.005466
0 0.345314 0.891873 0.009070 0.005466
0 0.425260 0.866683 0.009070 0.005466
0 0.484716 0.866683 0.009070 0.005466
0 0.544508 0.869297 0.009070 0.005466
0 0.603964 0.869297 0.009070 0.005466
0 0.677528 0.876663 0.009070 0.005466
0 0.677528 0.871673 0.009070 0.005466
0 0.677528 0.864068 0.009070 0.005466
0 0.754787 0.876663 0.009070 0.005466
0 0.754787 0.871673 0.009070 0.005466
0 0.754787 0.864068 0.009070 0.005466
0 0.816594 0.876663 0.009070 0.005466
0 0.816594 0.871673 0.009070 0.005466
0 0.816594 0.864068 0.009070 0.005466
0 0.878401 0.876663 0.009070 0.005466
0 0.878401 0.871673 0.009070 0.005466
0 0.878401 0.864068 0.009070 0.005466
0 0.772590 0.285646 0.009070 0.005466
0 0.818273 0.285646 0.009070 0.005466
0 0.863957 0.288260 0.009070 0.005466
0 0.909641 0.288260 0.009070 0.005466
0 0.728250 0.551331 0.009070 0.005466
0 0.728250 0.546103 0.009070 0.005466
0 0.785018 0.551331 0.009070 0.005466
0 0.785018 0.546103 0.009070 0.005466
0 0.841787 0.551331 0.009070 0.005466
0 0.841787 0.546103 0.009070 0.005466
0 0.898556 0.551331 0.009070 0.005466
0 0.898556 0.546103 0.009070 0.005466
0 0.677528 0.826283 0.009070 0.005466
0 0.677528 0.818679 0.009070 0.005466
0 0.754787 0.826283 0.009070 0.005466
0 0.816594 0.826283 0.009070 0.005466
0 0.878401 0.826283 0.009070 0.005466
0 0.254955 0.285646 0.009070 0.005466
0 0.254955 0.280656 0.009070 0.005466
0 0.254955 0.273051 0.009070 0.005466
0 0.310715 0.285646 0.009070 0.005466
0 0.310715 0.280656 0.009070 0.005466
0 0.310715 0.273051 0.009070 0.005466
0 0.355391 0.285646 0.009070 0.005466
0 0.355391 0.280656 0.009070 0.005466
0 0.355391 0.273051 0.009070 0.005466
0 0.400067 0.285646 0.009070 0.005466
0 0.400067 0.280656 0.009070 0.005466
0 0.400067 0.273051 0.009070 0.005466
0 0.467249 0.285646 0.009070 0.005466
0 0.467249 0.280656 0.009070 0.005466
0 0.467249 0.273051 0.009070 0.005466
0 0.540141 0.285646 0.009070 0.005466
0 0.540141 0.280656 0.009070 0.005466
0 0.540141 0.273051 0.009070 0.005466
0 0.590191 0.285646 0.009070 0.005466
0 0.590191 0.278042 0.009070 0.005466
0 0.672153 0.285646 0.009070 0.005466
0 0.672153 0.278042 0.009070 0.005466
0 0.772926 0.275665 0.014108 0.005466
0 0.139066 0.551331 0.009070 0.005466
0 0.139066 0.541112 0.009070 0.005466
0 0.197178 0.551331 0.009070 0.005466
0 0.197178 0.541112 0.009070 0.005466
0 0.269399 0.551331 0.009070 0.005466
0 0.269399 0.546103 0.009070 0.005466
0 0.327511 0.551331 0.009070 0.005466
0 0.327511 0.546103 0.009070 0.005466
0 0.402419 0.551331 0.009070 0.005466
0 0.402419 0.543726 0.009070 0.005466
0 0.473967 0.551331 0.009070 0.005466
0 0.473967 0.543726 0.009070 0.005466
0 0.563655 0.548717 0.009070 0.005466
0 0.563655 0.543726 0.009070 0.005466
0 0.563655 0.536122 0.009070 0.005466
0 0.635203 0.548717 0.009070 0.005466
0 0.635203 0.543726 0.009070 0.005466
0 0.728250 0.541112 0.014108 0.005466
0 0.133356 0.838878 0.009070 0.005466
0 0.133356 0.831274 0.009070 0.005466
0 0.133356 0.821293 0.009070 0.005466
0 0.198522 0.838878 0.009070 0.005466
0 0.198522 0.831274 0.009070 0.005466
0 0.198522 0.821293 0.009070 0.005466
0 0.280148 0.841492 0.009070 0.005466
0 0.280148 0.831274 0.009070 0.005466
0 0.280148 0.823669 0.009070 0.005466
0 0.345314 0.841492 0.009070 0.005466
0 0.345314 0.831274 0.009070 0.005466
0 0.345314 0.823669 0.009070 0.005466
0 0.425260 0.826283 0.009070 0.005466
0 0.425260 0.816065 0.009070 0.005466
0 0.484716 0.828660 0.009070 0.005466
0 0.484716 0.816065 0.009070 0.005466
0 0.544508 0.828660 0.009070 0.005466
0 0.544508 0.818679 0.009070 0.005466
0 0.603964 0.828660 0.009070 0.005466
0 0.603964 0.818679 0.009070 0.005466
0 0.677528 0.808460 0.009070 0.005466
0 0.716157 0.813688 0.009070 0.005466
0 0.754787 0.818679 0.009741 0.005466
0 0.878401 0.821293 0.009070 0.005466
0 0.917031 0.823669 0.009070 0.005466
0 0.677528 0.725523 0.009070 0.005466
0 0.716157 0.730513 0.009070 0.005466
0 0.766544 0.735741 0.009741 0.005466
0 0.878401 0.738118 0.009070 0.005466
0 0.400067 0.222909 0.009070 0.005466
0 0.467249 0.210314 0.009070 0.005466
0 0.503527 0.215304 0.009070 0.005466
0 0.540141 0.222909 0.009070 0.005466
0 0.590191 0.220295 0.009070 0.005466
0 0.626806 0.217918 0.009070 0.005466
0 0.649311 0.220295 0.009070 0.005466
0 0.672153 0.222909 0.009070 0.005466
0 0.708767 0.220295 0.009070 0.005466
0 0.772590 0.217918 0.009741 0.005466
0 0.139066 0.481226 0.009070 0.005466
0 0.197178 0.483603 0.009070 0.005466
0 0.233456 0.486217 0.009070 0.005466
0 0.269399 0.478612 0.009070 0.005466
0 0.327511 0.486217 0.009070 0.005466
0 0.402419 0.483603 0.009070 0.005466
0 0.473967 0.486217 0.009070 0.005466
0 0.518979 0.488831 0.009070 0.005466
0 0.563655 0.475998 0.009070 0.005466
0 0.635203 0.481226 0.009070 0.005466
0 0.728250 0.486217 0.009741 0.005466
0 0.198522 0.738118 0.009070 0.005466
0 0.239503 0.738118 0.009070 0.005466
0 0.280148 0.740732 0.009741 0.005466
0 0.425260 0.733127 0.009070 0.005466
0 0.484716 0.733127 0.009070 0.005466
0 0.544508 0.735741 0.009741 0.005466
0 0.756130 0.735741 0.006718 0.003802
0 0.917031 0.740732 0.009070 0.005466
