0 0.130333 0.206987 0.009070 0.005228
0 0.146120 0.197243 0.009070 0.005228
0 0.162244 0.189876 0.009070 0.005228
0 0.173329 0.197243 0.009070 0.005228
0 0.198858 0.206987 0.009070 0.005228
0 0.214646 0.197243 0.009070 0.005228
0 0.230769 0.189876 0.009070 0.005228
0 0.241854 0.197243 0.009070 0.005228
0 0.280148 0.206987 0.009070 0.005228
0 0.302318 0.197243 0.009070 0.005228
0 0.318441 0.192253 0.009070 0.005228
0 0.331542 0.197243 0.009070 0.005228
0 0.344642 0.206987 0.009070 0.005228
0 0.360766 0.197243 0.009070 0.005228
0 0.384615 0.189876 0.009070 0.005228
0 0.395700 0.197243 0.009070 0.005228
0 0.423917 0.206987 0.009070 0.005228
0 0.423917 0.189876 0.009070 0.005228
0 0.452469 0.206987 0.009070 0.005228
0 0.452469 0.189876 0.009070 0.005228
0 0.486060 0.197243 0.009070 0.005228
0 0.486060 0.189876 0.009070 0.005228
0 0.486060 0.185124 0.009070 0.005228
0 0.541485 0.206987 0.009070 0.005228
0 0.541485 0.189876 0.009070 0.005228
0 0.568693 0.206987 0.009070 0.005228
0 0.568693 0.189876 0.009070 0.005228
0 0.621431 0.206987 0.009070 0.005228
0 0.621431 0.189876 0.009070 0.005228
0 0.668794 0.209363 0.009070 0.005228
0 0.668794 0.192253 0.009070 0.005228
0 0.716493 0.192253 0.009070 0.005228
0 0.716493 0.185124 0.009070 0.005228
0 0.716493 0.180133 0.009070 0.005228
0 0.754115 0.192253 0.009070 0.005228
0 0.754115 0.185124 0.009070 0.005228
0 0.754115 0.180133 0.009070 0.005228
0 0.782667 0.192253 0.009070 0.005228
0 0.782667 0.185124 0.009070 0.005228
0 0.782667 0.180133 0.009070 0.005228
0 0.831374 0.221721 0.009070 0.005228
0 0.831374 0.211977 0.009070 0.005228
0 0.831374 0.206987 0.009070 0.005228
0 0.872691 0.221721 0.009070 0.005228
0 0.872691 0.211977 0.009070 0.005228
0 0.872691 0.206987 0.009070 0.005228
0 0.917031 0.214354 0.009070 0.005228
0 0.917031 0.209363 0.009070 0.005228
0 0.138058 0.425618 0.009070 0.005228
0 0.138058 0.408508 0.009070 0.005228
0 0.175680 0.425618 0.009070 0.005228
0 0.175680 0.408508 0.009070 0.005228
0 0.213638 0.415875 0.009070 0.005228
0 0.213638 0.408508 0.009070 0.005228
0 0.213638 0.403517 0.009070 0.005228
0 0.262681 0.425618 0.009070 0.005228
0 0.262681 0.408508 0.009070 0.005228
0 0.295936 0.425618 0.009070 0.005228
0 0.295936 0.408508 0.009070 0.005228
0 0.340947 0.415875 0.009070 0.005228
0 0.340947 0.408508 0.009070 0.005228
0 0.340947 0.403517 0.009070 0.005228
0 0.388310 0.427994 0.009070 0.005228
0 0.388310 0.420627 0.009070 0.005228
0 0.388310 0.415875 0.009070 0.005228
0 0.388310 0.410884 0.009070 0.005228
0 0.425260 0.427994 0.009070 0.005228
0 0.425260 0.420627 0.009070 0.005228
0 0.425260 0.415875 0.009070 0.005228
0 0.425260 0.410884 0.009070 0.005228
0 0.454484 0.427994 0.009070 0.005228
0 0.454484 0.420627 0.009070 0.005228
0 0.454484 0.415875 0.009070 0.005228
0 0.454484 0.410884 0.009070 0.005228
0 0.483708 0.427994 0.009070 0.005228
0 0.483708 0.420627 0.009070 0.005228
0 0.483708 0.415875 0.009070 0.005228
0 0.483708 0.410884 0.009070 0.005228
0 0.523682 0.427994 0.009070 0.005228
0 0.523682 0.418251 0.009070 0.005228
0 0.523682 0.413260 0.009070 0.005228
0 0.554249 0.427994 0.009070 0.005228
0 0.554249 0.418251 0.009070 0.005228
0 0.554249 0.413260 0.009070 0.005228
0 0.588176 0.420627 0.009070 0.005228
0 0.588176 0.415875 0.009070 0.005228
0 0.665771 0.430371 0.009070 0.005228
0 0.680887 0.420627 0.009070 0.005228
0 0.695667 0.413260 0.009070 0.005228
0 0.710783 0.420627 0.009070 0.005228
0 0.733624 0.430371 0.009070 0.005228
0 0.748740 0.420627 0.009070 0.005228
0 0.763856 0.413260 0.009070 0.005228
0 0.778636 0.420627 0.009070 0.005228
0 0.805173 0.430371 0.009070 0.005228
0 0.823648 0.420627 0.009070 0.005228
0 0.841787 0.415875 0.009070 0.005228
0 0.859926 0.420627 0.009070 0.005228
0 0.877729 0.430371 0.009070 0.005228
0 0.895868 0.420627 0.009070 0.005228
0 0.919382 0.413260 0.009070 0.005228
0 0.937521 0.420627 0.009070 0.005228
0 0.127645 0.660171 0.009070 0.005228
0 0.145784 0.650428 0.009070 0.005228
0 0.164259 0.643061 0.009070 0.005228
0 0.182398 0.650428 0.009070 0.005228
0 0.217669 0.660171 0.009070 0.005228
0 0.235808 0.650428 0.009070 0.005228
0 0.254283 0.643061 0.009070 0.005228
0 0.272422 0.650428 0.009070 0.005228
0 0.311387 0.660171 0.009070 0.005228
0 0.329862 0.650428 0.009070 0.005228
0 0.348673 0.645437 0.009070 0.005228
0 0.367148 0.650428 0.009070 0.005228
0 0.385623 0.660171 0.009070 0.005228
0 0.404434 0.650428 0.009070 0.005228
0 0.424253 0.643061 0.009070 0.005228
0 0.442728 0.650428 0.009070 0.005228
0 0.473631 0.664924 0.009070 0.005228
0 0.473631 0.647814 0.009070 0.005228
0 0.541485 0.657795 0.009070 0.005228
0 0.541485 0.640684 0.009070 0.005228
0 0.631172 0.667538 0.009070 0.005228
0 0.631172 0.650428 0.009070 0.005228
0 0.706752 0.660171 0.009070 0.005228
0 0.706752 0.643061 0.009070 0.005228
0 0.800134 0.657795 0.009070 0.005228
0 0.800134 0.640684 0.009070 0.005228
0 0.877393 0.655181 0.009070 0.005228
0 0.877393 0.638070 0.009070 0.005228
0 0.135707 0.905656 0.009070 0.005228
0 0.135707 0.888546 0.009070 0.005228
0 0.212630 0.898289 0.009070 0.005228
0 0.212630 0.881179 0.009070 0.005228
0 0.299631 0.903279 0.009070 0.005228
0 0.299631 0.886169 0.009070 0.005228
0 0.340275 0.900903 0.009070 0.005228
0 0.340275 0.883793 0.009070 0.005228
0 0.366812 0.903279 0.009070 0.005228
0 0.366812 0.886169 0.009070 0.005228
0 0.400067 0.900903 0.009070 0.005228
0 0.400067 0.883793 0.009070 0.005228
0 0.446087 0.903279 0.009070 0.005228
0 0.446087 0.886169 0.009070 0.005228
0 0.477662 0.910646 0.009070 0.005228
0 0.477662 0.893536 0.009070 0.005228
0 0.508902 0.908032 0.009070 0.005228
0 0.508902 0.891160 0.009070 0.005228
0 0.581458 0.903279 0.009070 0.005228
0 0.581458 0.886169 0.009070 0.005228
0 0.650991 0.905656 0.009070 0.005228
0 0.650991 0.888546 0.009070 0.005228
0 0.681895 0.903279 0.009070 0.005228
0 0.681895 0.886169 0.009070 0.005228
0 0.748404 0.900903 0.009070 0.005228
0 0.748404 0.883793 0.009070 0.005228
0 0.803829 0.900903 0.009070 0.005228
0 0.803829 0.883793 0.009070 0.005228
0 0.884112 0.910646 0.009405 0.005228
0 0.884112 0.893536 0.009405 0.005228
0 0.130333 0.128802 0.009070 0.005228
0 0.146120 0.136169 0.009070 0.005228
0 0.162244 0.133793 0.009070 0.005228
0 0.173329 0.141160 0.009070 0.005228
0 0.198858 0.128802 0.009070 0.005228
0 0.214646 0.136169 0.009070 0.005228
0 0.230769 0.133793 0.009070 0.005228
0 0.241854 0.141160 0.009070 0.005228
0 0.280148 0.126426 0.009070 0.005228
0 0.302318 0.133793 0.009070 0.005228
0 0.318441 0.131179 0.009070 0.005228
0 0.331542 0.141160 0.009070 0.005228
0 0.344642 0.128802 0.009070 0.005228
0 0.360766 0.136169 0.009070 0.005228
0 0.384615 0.133793 0.009070 0.005228
0 0.395700 0.141160 0.009070 0.005228
0 0.441720 0.145913 0.009070 0.005228
0 0.452469 0.141160 0.009070 0.005228
0 0.463554 0.133793 0.009070 0.005228
0 0.486060 0.145913 0.009070 0.005228
0 0.486060 0.141160 0.009070 0.005228
0 0.486060 0.133793 0.009070 0.005228
0 0.486060 0.128802 0.009070 0.005228
0 0.557608 0.143536 0.009070 0.005228
0 0.568693 0.133793 0.009070 0.005228
0 0.591199 0.128802 0.009070 0.005228
0 0.621431 0.138546 0.009070 0.005228
0 0.613369 0.128802 0.009070 0.005228
0 0.621431 0.126426 0.009070 0.005228
0 0.668794 0.124049 0.009070 0.005228
0 0.692644 0.128802 0.009070 0.005228
0 0.716493 0.136169 0.009070 0.005228
0 0.727242 0.141160 0.009070 0.005228
0 0.754115 0.128802 0.009070 0.005228
0 0.770910 0.136169 0.009070 0.005228
0 0.782667 0.141160 0.009070 0.005228
0 0.802486 0.145913 0.009070 0.005228
0 0.831374 0.148289 0.009070 0.005228
0 0.831374 0.141160 0.009070 0.005228
0 0.847497 0.143536 0.009070 0.005228
0 0.872691 0.145913 0.009070 0.005228
0 0.894861 0.148289 0.009070 0.005228
0 0.917031 0.145913 0.009070 0.005228
0 0.155526 0.376663 0.009070 0.005228
0 0.175680 0.369297 0.009070 0.005228
0 0.191132 0.364544 0.009070 0.005228
0 0.213638 0.376663 0.009070 0.005228
0 0.213638 0.369297 0.009070 0.005228
0 0.213638 0.364544 0.009070 0.005228
0 0.213638 0.359553 0.009070 0.005228
0 0.280484 0.371911 0.009070 0.005228
0 0.295936 0.364544 0.009070 0.005228
0 0.318441 0.359553 0.009070 0.005228
0 0.340947 0.371911 0.009070 0.005228
0 0.340947 0.364544 0.009070 0.005228
0 0.340947 0.359553 0.009070 0.005228
0 0.340947 0.354800 0.009070 0.005228
0 0.388310 0.354800 0.009070 0.005228
0 0.410480 0.359553 0.009070 0.005228
0 0.425260 0.364544 0.009070 0.005228
0 0.439704 0.371911 0.009070 0.005228
0 0.454484 0.359553 0.009070 0.005228
0 0.468928 0.364544 0.009070 0.005228
0 0.483708 0.371911 0.009070 0.005228
0 0.498153 0.376663 0.009070 0.005228
0 0.523682 0.371911 0.009070 0.005228
0 0.539133 0.374287 0.009070 0.005228
0 0.554249 0.379040 0.009070 0.005228
0 0.572724 0.384030 0.009070 0.005228
0 0.588176 0.381654 0.009070 0.005228
0 0.603628 0.376663 0.009070 0.005228
0 0.618744 0.371911 0.009070 0.005228
0 0.638898 0.366920 0.009070 0.005228
0 0.665771 0.369297 0.009070 0.005228
0 0.680887 0.376663 0.009070 0.005228
0 0.695667 0.374287 0.009070 0.005228
0 0.710783 0.381654 0.009070 0.005228
0 0.733624 0.369297 0.009070 0.005228
0 0.748740 0.376663 0.009070 0.005228
0 0.763856 0.374287 0.009070 0.005228
0 0.778636 0.381654 0.009070 0.005228
0 0.805173 0.366920 0.009070 0.005228
0 0.823648 0.374287 0.009070 0.005228
0 0.841787 0.371911 0.009070 0.005228
0 0.859926 0.381654 0.009070 0.005228
0 0.877729 0.369297 0.009070 0.005228
0 0.895868 0.376663 0.009070 0.005228
0 0.919382 0.374287 0.009070 0.005228
0 0.937521 0.381654 0.009070 0.005228
0 0.127645 0.594582 0.009070 0.005228
0 0.145784 0.601949 0.009070 0.005228
0 0.164259 0.599572 0.009070 0.005228
0 0.182398 0.606939 0.009070 0.005228
0 0.217669 0.594582 0.009070 0.005228
0 0.235808 0.601949 0.009070 0.005228
0 0.254283 0.599572 0.009070 0.005228
0 0.272422 0.606939 0.009070 0.005228
0 0.311387 0.592205 0.009070 0.005228
0 0.329862 0.599572 0.009070 0.005228
0 0.348673 0.597196 0.009070 0.005228
0 0.367148 0.606939 0.009070 0.005228
0 0.385623 0.594582 0.009070 0.005228
0 0.404434 0.601949 0.009070 0.005228
0 0.424253 0.599572 0.009070 0.005228
0 0.442728 0.606939 0.009070 0.005228
0 0.473631 0.599572 0.009070 0.005228
0 0.490427 0.597196 0.009070 0.005228
0 0.506886 0.594582 0.009070 0.005228
0 0.523346 0.599572 0.009070 0.005228
0 0.541485 0.597196 0.009070 0.005228
0 0.557944 0.604563 0.009070 0.005228
0 0.574740 0.599572 0.009070 0.005228
0 0.591199 0.597196 0.009070 0.005228
0 0.631172 0.601949 0.009070 0.005228
0 0.650991 0.599572 0.009070 0.005228
0 0.669802 0.597196 0.009070 0.005228
0 0.688277 0.601949 0.009070 0.005228
0 0.706752 0.599572 0.009070 0.005228
0 0.725227 0.606939 0.009070 0.005228
0 0.744038 0.601949 0.009070 0.005228
0 0.762513 0.599572 0.009070 0.005228
0 0.800134 0.599572 0.009070 0.005228
0 0.819281 0.609316 0.009070 0.005228
0 0.838428 0.604563 0.009070 0.005228
0 0.857575 0.599572 0.009070 0.005228
0 0.877393 0.599572 0.009070 0.005228
0 0.896540 0.601949 0.009070 0.005228
0 0.915687 0.604563 0.009070 0.005228
0 0.936513 0.606939 0.009070 0.005228
0 0.135707 0.844582 0.009070 0.005228
0 0.152503 0.849572 0.009070 0.005228
0 0.168962 0.844582 0.009070 0.005228
0 0.185422 0.839829 0.009070 0.005228
0 0.212630 0.839829 0.009070 0.005228
0 0.229090 0.842205 0.009070 0.005228
0 0.245885 0.844582 0.009070 0.005228
0 0.262345 0.842205 0.009070 0.005228
0 0.299631 0.851949 0.009070 0.005228
0 0.299631 0.842205 0.009070 0.005228
0 0.299631 0.834838 0.009070 0.005228
0 0.340275 0.849572 0.009070 0.005228
0 0.340275 0.842205 0.009070 0.005228
0 0.340275 0.837215 0.009070 0.005228
0 0.366812 0.851949 0.009070 0.005228
0 0.366812 0.842205 0.009070 0.005228
0 0.366812 0.834838 0.009070 0.005228
0 0.400067 0.849572 0.009070 0.005228
0 0.400067 0.842205 0.009070 0.005228
0 0.400067 0.837215 0.009070 0.005228
0 0.446087 0.851949 0.009070 0.005228
0 0.446087 0.842205 0.009070 0.005228
0 0.446087 0.834838 0.009070 0.005228
0 0.477662 0.844582 0.009070 0.005228
0 0.485724 0.842205 0.009070 0.005228
0 0.477662 0.832462 0.009070 0.005228
0 0.508902 0.847196 0.009070 0.005228
0 0.508902 0.842205 0.009070 0.005228
0 0.508902 0.834838 0.009070 0.005228
0 0.508902 0.830086 0.009070 0.005228
0 0.581458 0.851949 0.009070 0.005228
0 0.581458 0.844582 0.009070 0.005228
0 0.581458 0.839829 0.009070 0.005228
0 0.581458 0.834838 0.009070 0.005228
0 0.650991 0.854325 0.009070 0.005228
0 0.650991 0.844582 0.009070 0.005228
0 0.650991 0.837215 0.009070 0.005228
0 0.681895 0.854325 0.009070 0.005228
0 0.681895 0.842205 0.009070 0.005228
0 0.681895 0.837215 0.009070 0.005228
0 0.748404 0.854325 0.009070 0.005228
0 0.748404 0.849572 0.009070 0.005228
0 0.748404 0.844582 0.009070 0.005228
0 0.748404 0.837215 0.009070 0.005228
0 0.803829 0.851949 0.009070 0.005228
0 0.803829 0.847196 0.009070 0.005228
0 0.803829 0.839829 0.009070 0.005228
0 0.884112 0.854325 0.009405 0.005228
0 0.884112 0.849572 0.009405 0.005228
0 0.884112 0.844582 0.009405 0.005228
0 0.884112 0.837215 0.009405 0.005228
0 0.130333 0.072481 0.009070 0.005228
0 0.173329 0.075095 0.009070 0.005228
0 0.198858 0.077471 0.009070 0.005228
0 0.230769 0.079848 0.009070 0.005228
0 0.280148 0.082224 0.009070 0.005228
0 0.318441 0.084838 0.009070 0.005228
0 0.344642 0.082224 0.009070 0.005228
0 0.384615 0.084838 0.009070 0.005228
0 0.423917 0.072481 0.009070 0.005228
0 0.463554 0.072481 0.009070 0.005228
0 0.486060 0.072481 0.009070 0.005228
0 0.508230 0.072481 0.009070 0.005228
0 0.541485 0.072481 0.009070 0.005228
0 0.568693 0.072481 0.009070 0.005228
0 0.621431 0.070105 0.009070 0.005228
0 0.668794 0.067728 0.009070 0.005228
0 0.727242 0.070105 0.009070 0.005228
0 0.754115 0.072481 0.009070 0.005228
0 0.782667 0.075095 0.009070 0.005228
0 0.799127 0.072481 0.009070 0.005228
0 0.831374 0.067728 0.009070 0.005228
0 0.847497 0.070105 0.009070 0.005228
0 0.872691 0.072481 0.009070 0.005228
0 0.894861 0.075095 0.009070 0.005228
0 0.917031 0.072481 0.009070 0.005228
0 0.665771 0.304420 0.009070 0.005228
0 0.710783 0.306797 0.009070 0.005228
0 0.733624 0.309173 0.009070 0.005228
0 0.763856 0.311549 0.009070 0.005228
0 0.805173 0.314163 0.009070 0.005228
0 0.841787 0.316540 0.009070 0.005228
0 0.877729 0.316540 0.009070 0.005228
0 0.919382 0.321530 0.009070 0.005228
0 0.127645 0.527804 0.009070 0.005228
0 0.182398 0.530181 0.009070 0.005228
0 0.217669 0.532557 0.009070 0.005228
0 0.254283 0.535171 0.009070 0.005228
0 0.311387 0.537548 0.009070 0.005228
0 0.348673 0.539924 0.009070 0.005228
0 0.385623 0.537548 0.009070 0.005228
0 0.424253 0.539924 0.009070 0.005228
0 0.473631 0.520437 0.009070 0.005228
0 0.523346 0.522814 0.009070 0.005228
0 0.541485 0.522814 0.009070 0.005228
0 0.557944 0.525428 0.009070 0.005228
0 0.574740 0.527804 0.009070 0.005228
0 0.591199 0.530181 0.009070 0.005228
0 0.631172 0.522814 0.009070 0.005228
0 0.688277 0.525428 0.009070 0.005228
0 0.706752 0.525428 0.009070 0.005228
0 0.725227 0.527804 0.009070 0.005228
0 0.744038 0.530181 0.009070 0.005228
0 0.762513 0.532557 0.009070 0.005228
0 0.800134 0.525428 0.009070 0.005228
0 0.857575 0.527804 0.009070 0.005228
0 0.877393 0.527804 0.009070 0.005228
0 0.896540 0.530181 0.009070 0.005228
0 0.915687 0.532557 0.009070 0.005228
0 0.936513 0.535171 0.009070 0.005228
0 0.135707 0.757367 0.009070 0.005228
0 0.185422 0.759981 0.009070 0.005228
0 0.212630 0.762357 0.009070 0.005228
0 0.245885 0.767348 0.009070 0.005228
0 0.299631 0.759981 0.009070 0.005228
0 0.340275 0.762357 0.009070 0.005228
0 0.366812 0.759981 0.009070 0.005228
0 0.400067 0.762357 0.009070 0.005228
0 0.446087 0.759981 0.009070 0.005228
0 0.477662 0.757367 0.009070 0.005228
0 0.508902 0.754990 0.009070 0.005228
0 0.581458 0.754990 0.009070 0.005228
0 0.612361 0.757367 0.009070 0.005228
0 0.631844 0.759981 0.009070 0.005228
0 0.650991 0.752614 0.009070 0.005228
0 0.681895 0.762357 0.009070 0.005228
0 0.701377 0.759981 0.009070 0.005228
0 0.748404 0.757367 0.009070 0.005228
0 0.803829 0.759981 0.009070 0.005228
0 0.884112 0.762357 0.009405 0.005228
