0 0.786362 0.391873 0.010413 0.005703
0 0.786362 0.373099 0.010413 0.005703
0 0.121263 0.391873 0.010413 0.005703
0 0.121263 0.373099 0.010413 0.005703
0 0.357407 0.391873 0.010413 0.005703
0 0.357407 0.373099 0.010413 0.005703
0 0.545516 0.391873 0.010413 0.005703
0 0.545516 0.373099 0.010413 0.005703
0 0.786362 0.354087 0.010413 0.005703
0 0.786362 0.348859 0.010413 0.005703
0 0.121263 0.241445 0.009741 0.005703
0 0.184414 0.244059 0.009741 0.005703
0 0.263688 0.246911 0.009741 0.005703
0 0.357407 0.337928 0.010413 0.005703
0 0.470944 0.340779 0.009741 0.005703
0 0.545516 0.340779 0.009741 0.005703
0 0.616392 0.346008 0.010413 0.005703
0 0.849177 0.252139 0.010413 0.005703
0 0.849177 0.246911 0.010413 0.005703
0 0.121263 0.227899 0.009741 0.005703
0 0.121263 0.222433 0.009741 0.005703
0 0.184414 0.230513 0.009741 0.005703
0 0.184414 0.225285 0.009741 0.005703
0 0.224051 0.233365 0.009741 0.005703
0 0.224051 0.227899 0.009741 0.005703
0 0.263688 0.235979 0.009741 0.005703
0 0.263688 0.230513 0.009741 0.005703
0 0.303325 0.241445 0.009741 0.005703
0 0.303325 0.235979 0.009741 0.005703
0 0.357407 0.244059 0.009741 0.005703
0 0.357407 0.238831 0.009741 0.005703
0 0.414175 0.241445 0.009741 0.005703
0 0.414175 0.235979 0.009741 0.005703
0 0.470944 0.246911 0.009741 0.005703
0 0.470944 0.241445 0.009741 0.005703
0 0.545516 0.244059 0.009741 0.005703
0 0.545516 0.238831 0.009741 0.005703
0 0.616728 0.249525 0.009741 0.005703
0 0.616728 0.244059 0.009741 0.005703
0 0.686933 0.246911 0.009741 0.005703
0 0.686933 0.241445 0.009741 0.005703
0 0.849177 0.238831 0.010413 0.005703
0 0.849177 0.230513 0.010413 0.005703
0 0.849177 0.225285 0.010413 0.005703
0 0.121263 0.128327 0.009741 0.005703
0 0.184414 0.130941 0.009741 0.005703
0 0.224051 0.133555 0.009741 0.005703
0 0.263688 0.136407 0.009741 0.005703
0 0.303325 0.141635 0.009741 0.005703
0 0.357407 0.144487 0.009741 0.005703
0 0.414175 0.141635 0.009741 0.005703
0 0.470944 0.147101 0.009741 0.005703
0 0.545516 0.144487 0.009741 0.005703
0 0.616392 0.149715 0.009741 0.005703
0 0.686933 0.147101 0.009741 0.005703
0 0.786362 0.147101 0.009741 0.005703
