0 0.240511 0.403517 0.007390 0.004278
0 0.240511 0.395437 0.007390 0.004278
0 0.240511 0.389496 0.007390 0.004278
0 0.452805 0.403517 0.007390 0.004278
0 0.452805 0.395437 0.007390 0.004278
0 0.452805 0.389496 0.007390 0.004278
0 0.629829 0.405656 0.007390 0.004278
0 0.629829 0.399477 0.007390 0.004278
0 0.629829 0.391397 0.007390 0.004278
0 0.800806 0.407557 0.007390 0.004278
0 0.800806 0.399477 0.007390 0.004278
0 0.800806 0.393536 0.007390 0.004278
0 0.800806 0.389496 0.007390 0.004278
0 0.101444 0.652804 0.007390 0.004278
0 0.101444 0.638546 0.007390 0.004278
0 0.159893 0.652804 0.007390 0.004278
0 0.159893 0.638546 0.007390 0.004278
0 0.207927 0.652804 0.007390 0.004278
0 0.207927 0.638546 0.007390 0.004278
0 0.253611 0.654705 0.007390 0.004278
0 0.253611 0.640447 0.007390 0.004278
0 0.294592 0.648764 0.007390 0.004278
0 0.294592 0.640447 0.007390 0.004278
0 0.376889 0.660884 0.007390 0.004278
0 0.376889 0.646625 0.007390 0.004278
0 0.488747 0.654705 0.007390 0.004278
0 0.488747 0.640447 0.007390 0.004278
0 0.724555 0.640447 0.007390 0.004278
0 0.724555 0.632367 0.007390 0.004278
0 0.724555 0.626426 0.007390 0.004278
0 0.109506 0.902329 0.007390 0.004278
0 0.109506 0.894249 0.007390 0.004278
0 0.109506 0.888070 0.007390 0.004278
0 0.147128 0.902329 0.007390 0.004278
0 0.147128 0.894249 0.007390 0.004278
0 0.147128 0.888070 0.007390 0.004278
0 0.184750 0.902329 0.007390 0.004278
0 0.184750 0.894249 0.007390 0.004278
0 0.184750 0.888070 0.007390 0.004278
0 0.222036 0.902329 0.007390 0.004278
0 0.222036 0.894249 0.007390 0.004278
0 0.222036 0.888070 0.007390 0.004278
0 0.259657 0.902329 0.007390 0.004278
0 0.252939 0.892110 0.007390 0.004278
0 0.259657 0.890209 0.007390 0.004278
0 0.297279 0.902329 0.007390 0.004278
0 0.297279 0.894249 0.007390 0.004278
0 0.297279 0.888070 0.007390 0.004278
0 0.338932 0.902329 0.007390 0.004278
0 0.338932 0.892110 0.007390 0.004278
0 0.338932 0.888070 0.007390 0.004278
0 0.369499 0.902329 0.007390 0.004278
0 0.369499 0.892110 0.007390 0.004278
0 0.369499 0.888070 0.007390 0.004278
0 0.400403 0.902329 0.007390 0.004278
0 0.400403 0.892110 0.007390 0.004278
0 0.400403 0.888070 0.007390 0.004278
0 0.430971 0.902329 0.007390 0.004278
0 0.430971 0.894249 0.007390 0.004278
0 0.430971 0.888070 0.007390 0.004278
0 0.461538 0.902329 0.007390 0.004278
0 0.461538 0.894249 0.007390 0.004278
0 0.461538 0.888070 0.007390 0.004278
0 0.492106 0.902329 0.007390 0.004278
0 0.492106 0.894249 0.007390 0.004278
0 0.492106 0.888070 0.007390 0.004278
0 0.526705 0.908270 0.007390 0.004278
0 0.526705 0.894249 0.007390 0.004278
0 0.558952 0.894249 0.007390 0.004278
0 0.558952 0.886169 0.007390 0.004278
0 0.591199 0.894249 0.007390 0.004278
0 0.591199 0.886169 0.007390 0.004278
0 0.623446 0.894249 0.007390 0.004278
0 0.623446 0.886169 0.007390 0.004278
0 0.655694 0.894249 0.007390 0.004278
0 0.655694 0.884030 0.007390 0.004278
0 0.687941 0.894249 0.007390 0.004278
0 0.687941 0.882129 0.007390 0.004278
0 0.723211 0.902329 0.007390 0.004278
0 0.723211 0.888070 0.007390 0.004278
0 0.761841 0.902329 0.007390 0.004278
0 0.761841 0.888070 0.007390 0.004278
0 0.800470 0.902329 0.007390 0.004278
0 0.800470 0.888070 0.007390 0.004278
0 0.839100 0.902329 0.007390 0.004278
0 0.839100 0.894249 0.007390 0.004278
0 0.839100 0.888070 0.007390 0.004278
0 0.877729 0.902329 0.007390 0.004278
0 0.877729 0.894249 0.007390 0.004278
0 0.877729 0.888070 0.007390 0.004278
0 0.916359 0.902329 0.007390 0.004278
0 0.916359 0.894249 0.007390 0.004278
0 0.916359 0.888070 0.007390 0.004278
0 0.240511 0.364544 0.007390 0.004278
0 0.240511 0.360504 0.007390 0.004278
0 0.240511 0.354563 0.007390 0.004278
0 0.452805 0.364544 0.007390 0.004278
0 0.452805 0.360504 0.007390 0.004278
0 0.452805 0.354563 0.007390 0.004278
0 0.452805 0.350523 0.007390 0.004278
0 0.629829 0.364544 0.007390 0.004278
0 0.629829 0.360504 0.007390 0.004278
0 0.629829 0.352424 0.007390 0.004278
0 0.636547 0.350523 0.007390 0.004278
0 0.800806 0.364544 0.007390 0.004278
0 0.800806 0.358603 0.007390 0.004278
0 0.800806 0.354563 0.007390 0.004278
0 0.800806 0.350523 0.007390 0.004278
0 0.800806 0.344344 0.007390 0.004278
0 0.101444 0.612167 0.007390 0.004278
0 0.108163 0.610266 0.007390 0.004278
0 0.101444 0.602186 0.007390 0.004278
0 0.159893 0.614306 0.007390 0.004278
0 0.159893 0.610266 0.007390 0.004278
0 0.159893 0.602186 0.007390 0.004278
0 0.207927 0.614306 0.007390 0.004278
0 0.207927 0.610266 0.007390 0.004278
0 0.207927 0.602186 0.007390 0.004278
0 0.253611 0.614306 0.007390 0.004278
0 0.253611 0.610266 0.007390 0.004278
0 0.253611 0.604087 0.007390 0.004278
0 0.294592 0.612167 0.007390 0.004278
0 0.294592 0.608127 0.007390 0.004278
0 0.294592 0.602186 0.007390 0.004278
0 0.376889 0.614306 0.007390 0.004278
0 0.376889 0.610266 0.007390 0.004278
0 0.376889 0.606226 0.007390 0.004278
0 0.376889 0.602186 0.007390 0.004278
0 0.488747 0.614306 0.007390 0.004278
0 0.488747 0.608127 0.007390 0.004278
0 0.488747 0.604087 0.007390 0.004278
0 0.628149 0.583888 0.007390 0.004278
0 0.567350 0.632367 0.005039 0.002852
0 0.577763 0.606226 0.005039 0.002852
0 0.585489 0.600048 0.005039 0.002852
0 0.596238 0.596008 0.005039 0.002852
0 0.607995 0.591968 0.005039 0.002852
0 0.616392 0.587928 0.005039 0.002852
0 0.662076 0.586027 0.007390 0.004278
0 0.689620 0.587928 0.007390 0.004278
0 0.724555 0.604087 0.007390 0.004278
0 0.724555 0.600048 0.007390 0.004278
0 0.724555 0.594106 0.007390 0.004278
0 0.724555 0.590067 0.007390 0.004278
0 0.844474 0.591968 0.007390 0.004278
0 0.785690 0.640447 0.005039 0.002852
0 0.793416 0.632367 0.005039 0.002852
0 0.802486 0.626426 0.005039 0.002852
0 0.810212 0.604087 0.005039 0.002852
0 0.818609 0.600048 0.005039 0.002852
0 0.827343 0.596008 0.005039 0.002852
0 0.892173 0.594106 0.007390 0.004278
0 0.935170 0.596008 0.007390 0.004278
0 0.109506 0.865970 0.007390 0.004278
0 0.109506 0.861930 0.007390 0.004278
0 0.109506 0.855751 0.007390 0.004278
0 0.109506 0.851711 0.007390 0.004278
0 0.147128 0.865970 0.007390 0.004278
0 0.147128 0.861930 0.007390 0.004278
0 0.147128 0.855751 0.007390 0.004278
0 0.147128 0.851711 0.007390 0.004278
0 0.184750 0.865970 0.007390 0.004278
0 0.184750 0.861930 0.007390 0.004278
0 0.184750 0.855751 0.007390 0.004278
0 0.184750 0.851711 0.007390 0.004278
0 0.222036 0.865970 0.007390 0.004278
0 0.222036 0.861930 0.007390 0.004278
0 0.222036 0.855751 0.007390 0.004278
0 0.222036 0.851711 0.007390 0.004278
0 0.259657 0.863831 0.007390 0.004278
0 0.259657 0.859791 0.007390 0.004278
0 0.266711 0.857890 0.007390 0.004278
0 0.259657 0.853850 0.007390 0.004278
0 0.297279 0.865970 0.007390 0.004278
0 0.297279 0.861930 0.007390 0.004278
0 0.297279 0.855751 0.007390 0.004278
0 0.338932 0.863831 0.007390 0.004278
0 0.338932 0.855751 0.007390 0.004278
0 0.338932 0.849810 0.007390 0.004278
0 0.369499 0.863831 0.007390 0.004278
0 0.369499 0.855751 0.007390 0.004278
0 0.369499 0.849810 0.007390 0.004278
0 0.400403 0.863831 0.007390 0.004278
0 0.400403 0.855751 0.007390 0.004278
0 0.400403 0.849810 0.007390 0.004278
0 0.430971 0.865970 0.007390 0.004278
0 0.430971 0.855751 0.007390 0.004278
0 0.430971 0.847671 0.007390 0.004278
0 0.461538 0.865970 0.007390 0.004278
0 0.461538 0.855751 0.007390 0.004278
0 0.461538 0.847671 0.007390 0.004278
0 0.492106 0.865970 0.007390 0.004278
0 0.492106 0.855751 0.007390 0.004278
0 0.492106 0.847671 0.007390 0.004278
0 0.526705 0.863831 0.007390 0.004278
0 0.526705 0.857890 0.007390 0.004278
0 0.526705 0.847671 0.007390 0.004278
0 0.558952 0.863831 0.007390 0.004278
0 0.558952 0.857890 0.007390 0.004278
0 0.558952 0.849810 0.007390 0.004278
0 0.591199 0.863831 0.007390 0.004278
0 0.591199 0.857890 0.007390 0.004278
0 0.591199 0.849810 0.007390 0.004278
0 0.623446 0.863831 0.007390 0.004278
0 0.623446 0.857890 0.007390 0.004278
0 0.623446 0.849810 0.007390 0.004278
0 0.655694 0.861930 0.007390 0.004278
0 0.655694 0.855751 0.007390 0.004278
0 0.655694 0.851711 0.007390 0.004278
0 0.687941 0.861930 0.007390 0.004278
0 0.687941 0.857890 0.007390 0.004278
0 0.687941 0.853850 0.007390 0.004278
0 0.731609 0.863831 0.007390 0.004278
0 0.731609 0.859791 0.007390 0.004278
0 0.731609 0.853850 0.007390 0.004278
0 0.761841 0.863831 0.007390 0.004278
0 0.761841 0.859791 0.007390 0.004278
0 0.761841 0.853850 0.007390 0.004278
0 0.800470 0.863831 0.007390 0.004278
0 0.800470 0.859791 0.007390 0.004278
0 0.800470 0.853850 0.007390 0.004278
0 0.839100 0.865970 0.007390 0.004278
0 0.839100 0.861930 0.007390 0.004278
0 0.839100 0.851711 0.007390 0.004278
0 0.877729 0.865970 0.007390 0.004278
0 0.877729 0.861930 0.007390 0.004278
0 0.877729 0.851711 0.007390 0.004278
0 0.916359 0.865970 0.007390 0.004278
0 0.916359 0.861930 0.007390 0.004278
0 0.916359 0.851711 0.007390 0.004278
0 0.240511 0.300856 0.007390 0.004278
0 0.350689 0.300856 0.007390 0.004278
0 0.402083 0.298954 0.007390 0.004278
0 0.452805 0.294914 0.007390 0.004278
0 0.527377 0.296816 0.007390 0.004278
0 0.584481 0.296816 0.007390 0.004278
0 0.629829 0.296816 0.007390 0.004278
0 0.706080 0.294914 0.007390 0.004278
0 0.752771 0.292776 0.007390 0.004278
0 0.800806 0.290875 0.007390 0.004278
0 0.101444 0.544677 0.007390 0.004278
0 0.159893 0.544677 0.007390 0.004278
0 0.207927 0.542776 0.007390 0.004278
0 0.253611 0.538736 0.007390 0.004278
0 0.294592 0.540637 0.007390 0.004278
0 0.336245 0.540637 0.007390 0.004278
0 0.376889 0.540637 0.007390 0.004278
0 0.418542 0.542776 0.007390 0.004278
0 0.452469 0.544677 0.007390 0.004278
0 0.488747 0.546816 0.007390 0.004278
0 0.910648 0.550856 0.007390 0.004278
0 0.935170 0.550856 0.007390 0.004278
0 0.109506 0.798954 0.007390 0.004278
0 0.259657 0.800856 0.007390 0.004278
0 0.297279 0.802994 0.007390 0.004278
0 0.338932 0.796816 0.007390 0.004278
0 0.400403 0.796816 0.007390 0.004278
0 0.430971 0.794914 0.007390 0.004278
0 0.492106 0.794914 0.007390 0.004278
0 0.526705 0.796816 0.007390 0.004278
0 0.623446 0.796816 0.007390 0.004278
0 0.655694 0.798954 0.007390 0.004278
0 0.687941 0.800856 0.007390 0.004278
0 0.723211 0.800856 0.007390 0.004278
0 0.839100 0.798954 0.007390 0.004278
0 0.916359 0.802994 0.007390 0.004278
0 0.291905 0.255466 0.007390 0.004278
0 0.350689 0.255466 0.007390 0.004278
0 0.402083 0.253327 0.007390 0.004278
0 0.452805 0.251426 0.007390 0.004278
0 0.527377 0.251426 0.007390 0.004278
0 0.584481 0.251426 0.007390 0.004278
0 0.629829 0.251426 0.007390 0.004278
0 0.706080 0.249287 0.007390 0.004278
0 0.752771 0.247386 0.007390 0.004278
0 0.800806 0.245247 0.007390 0.004278
0 0.861606 0.255466 0.007390 0.004278
0 0.923749 0.255466 0.007390 0.004278
0 0.101444 0.500713 0.007390 0.004278
0 0.159893 0.500713 0.007390 0.004278
0 0.207927 0.498812 0.007390 0.004278
0 0.253611 0.494772 0.007390 0.004278
0 0.294592 0.496673 0.007390 0.004278
0 0.336245 0.496673 0.007390 0.004278
0 0.376889 0.496673 0.007390 0.004278
0 0.418542 0.498812 0.007390 0.004278
0 0.452469 0.500713 0.007390 0.004278
0 0.488747 0.502852 0.007390 0.004278
0 0.109506 0.748099 0.007390 0.004278
0 0.184750 0.748099 0.007390 0.004278
0 0.222036 0.748099 0.007390 0.004278
0 0.259657 0.750000 0.007390 0.004278
0 0.297279 0.752139 0.007390 0.004278
0 0.338932 0.745960 0.007390 0.004278
0 0.400403 0.745960 0.007390 0.004278
0 0.430971 0.744059 0.007390 0.004278
0 0.492106 0.744059 0.007390 0.004278
0 0.526705 0.745960 0.007390 0.004278
0 0.623446 0.745960 0.007390 0.004278
0 0.655694 0.748099 0.007390 0.004278
0 0.687941 0.750000 0.007390 0.004278
0 0.723211 0.750000 0.007390 0.004278
0 0.839100 0.748099 0.007390 0.004278
0 0.877729 0.752139 0.007390 0.004278
0 0.916359 0.752139 0.007390 0.004278
0 0.189788 0.195342 0.007390 0.004278
0 0.240511 0.195342 0.007390 0.004278
0 0.291905 0.195342 0.007390 0.004278
0 0.350689 0.195342 0.007390 0.004278
0 0.402083 0.193203 0.007390 0.004278
0 0.452805 0.191302 0.007390 0.004278
0 0.527377 0.191302 0.007390 0.004278
0 0.584481 0.191302 0.007390 0.004278
0 0.629829 0.191302 0.007390 0.004278
0 0.676520 0.191302 0.007390 0.004278
0 0.706080 0.189163 0.007390 0.004278
0 0.752771 0.187262 0.007390 0.004278
0 0.800806 0.185124 0.007390 0.004278
0 0.892845 0.195342 0.007390 0.004278
0 0.923749 0.195342 0.007390 0.004278
0 0.101444 0.454848 0.007390 0.004278
0 0.159893 0.454848 0.007390 0.004278
0 0.207927 0.452947 0.007390 0.004278
0 0.253611 0.448907 0.007390 0.004278
0 0.294592 0.450808 0.007390 0.004278
0 0.336245 0.450808 0.007390 0.004278
0 0.376889 0.450808 0.007390 0.004278
0 0.418542 0.452947 0.007390 0.004278
0 0.452469 0.454848 0.007390 0.004278
0 0.488747 0.456987 0.007390 0.004278
0 0.109506 0.696055 0.007390 0.004278
0 0.222036 0.696055 0.007390 0.004278
0 0.259657 0.697956 0.007390 0.004278
0 0.297279 0.700095 0.007390 0.004278
0 0.338932 0.693916 0.007390 0.004278
0 0.400403 0.693916 0.007390 0.004278
0 0.430971 0.692015 0.007390 0.004278
0 0.492106 0.692015 0.007390 0.004278
0 0.526705 0.693916 0.007390 0.004278
0 0.623446 0.693916 0.007390 0.004278
0 0.655694 0.696055 0.007390 0.004278
0 0.687941 0.697956 0.007390 0.004278
0 0.723211 0.697956 0.007390 0.004278
0 0.839100 0.696055 0.007390 0.004278
0 0.916359 0.700095 0.007390 0.004278
