0 0.623782 0.216492 0.008734 0.004990
0 0.691636 0.221245 0.008734 0.004990
0 0.776285 0.230513 0.008734 0.004990
0 0.620423 0.440352 0.008734 0.004990
0 0.772926 0.440352 0.008734 0.004990
0 0.743366 0.660171 0.008734 0.004990
0 0.796439 0.657795 0.006046 0.003565
0 0.849513 0.655418 0.006046 0.003565
0 0.902586 0.650665 0.006046 0.003565
0 0.146456 0.908745 0.008734 0.004990
0 0.146456 0.892348 0.008734 0.004990
0 0.360766 0.906369 0.008734 0.004990
0 0.360766 0.889971 0.008734 0.004990
0 0.462210 0.911122 0.008734 0.004990
0 0.462210 0.894724 0.008734 0.004990
0 0.600941 0.887595 0.008734 0.004990
0 0.575747 0.904230 0.006046 0.003565
0 0.784683 0.897101 0.008734 0.004990
0 0.784683 0.887595 0.008734 0.004990
0 0.138058 0.209363 0.008734 0.004990
0 0.138058 0.204610 0.008734 0.004990
0 0.361774 0.211740 0.008734 0.004990
0 0.361774 0.206987 0.008734 0.004990
0 0.485724 0.214116 0.008734 0.004990
0 0.485724 0.209363 0.008734 0.004990
0 0.623782 0.204610 0.006046 0.003565
0 0.691636 0.214116 0.006046 0.003565
0 0.733960 0.211740 0.006046 0.003565
0 0.776285 0.216492 0.006046 0.003565
0 0.818609 0.214116 0.006046 0.003565
0 0.860934 0.211740 0.006046 0.003565
0 0.903258 0.209363 0.006046 0.003565
0 0.138058 0.433460 0.008734 0.004990
0 0.138058 0.428707 0.008734 0.004990
0 0.360094 0.435837 0.008734 0.004990
0 0.360094 0.431084 0.008734 0.004990
0 0.483373 0.438213 0.008734 0.004990
0 0.483373 0.433460 0.008734 0.004990
0 0.620423 0.428707 0.008734 0.004990
0 0.764864 0.438213 0.008734 0.004990
0 0.810212 0.435837 0.008734 0.004990
0 0.855223 0.433460 0.008734 0.004990
0 0.900571 0.428707 0.008734 0.004990
0 0.138058 0.657795 0.008734 0.004990
0 0.138058 0.645913 0.008734 0.004990
0 0.138058 0.641160 0.008734 0.004990
0 0.220356 0.674192 0.008734 0.004990
0 0.220356 0.657795 0.008734 0.004990
0 0.323144 0.676568 0.008734 0.004990
0 0.323144 0.660171 0.008734 0.004990
0 0.425932 0.669439 0.008734 0.004990
0 0.425932 0.653042 0.008734 0.004990
0 0.540141 0.678945 0.008734 0.004990
0 0.540141 0.662548 0.008734 0.004990
0 0.637219 0.678945 0.008734 0.004990
0 0.637219 0.662548 0.008734 0.004990
0 0.743366 0.676568 0.008734 0.004990
0 0.743366 0.660171 0.008734 0.004990
0 0.146456 0.887595 0.006046 0.003565
0 0.360766 0.885219 0.006046 0.003565
0 0.600941 0.871198 0.008734 0.004990
0 0.646624 0.873574 0.008734 0.004990
0 0.692644 0.875713 0.008734 0.004990
0 0.738663 0.878089 0.008734 0.004990
0 0.784683 0.880466 0.008734 0.004990
0 0.876722 0.913498 0.008734 0.004990
0 0.623782 0.162072 0.008734 0.004990
0 0.776285 0.171578 0.008734 0.004990
0 0.620423 0.389021 0.008734 0.004990
0 0.764864 0.384506 0.008734 0.004990
0 0.855223 0.391397 0.008734 0.004990
0 0.600941 0.833888 0.008734 0.004990
0 0.646624 0.836264 0.008734 0.004990
0 0.692644 0.838641 0.008734 0.004990
0 0.738663 0.841017 0.008734 0.004990
0 0.784683 0.841017 0.008734 0.004990
0 0.830702 0.845532 0.008734 0.004990
0 0.876722 0.843394 0.008734 0.004990
0 0.138058 0.155181 0.008734 0.004990
0 0.237487 0.164449 0.008734 0.004990
0 0.299631 0.162072 0.008734 0.004990
0 0.361774 0.166825 0.008734 0.004990
0 0.423581 0.164449 0.008734 0.004990
0 0.485724 0.162072 0.008734 0.004990
0 0.547867 0.159696 0.008734 0.004990
0 0.623782 0.155181 0.008734 0.004990
0 0.691636 0.157557 0.008734 0.004990
0 0.776285 0.157557 0.008734 0.004990
0 0.860934 0.159696 0.008734 0.004990
0 0.138058 0.382129 0.008734 0.004990
0 0.236816 0.391397 0.008734 0.004990
0 0.298287 0.389021 0.008734 0.004990
0 0.360094 0.393774 0.008734 0.004990
0 0.421565 0.391397 0.008734 0.004990
0 0.483373 0.389021 0.008734 0.004990
0 0.544844 0.386882 0.008734 0.004990
0 0.620423 0.382129 0.008734 0.004990
0 0.692644 0.384506 0.008734 0.004990
0 0.767887 0.391397 0.008734 0.004990
0 0.810212 0.389021 0.008734 0.004990
0 0.855223 0.386882 0.008734 0.004990
0 0.900571 0.382129 0.008734 0.004990
0 0.138058 0.614544 0.008734 0.004990
0 0.138058 0.607652 0.008734 0.004990
0 0.138058 0.598146 0.008734 0.004990
0 0.221700 0.626426 0.006046 0.003565
0 0.220356 0.609791 0.008734 0.004990
0 0.273094 0.624049 0.006046 0.003565
0 0.271750 0.607652 0.008734 0.004990
0 0.324488 0.631179 0.006046 0.003565
0 0.323144 0.616920 0.008734 0.004990
0 0.330870 0.614544 0.008734 0.004990
0 0.375882 0.628802 0.006046 0.003565
0 0.374538 0.612167 0.008734 0.004990
0 0.427276 0.626426 0.006046 0.003565
0 0.425932 0.616920 0.008734 0.004990
0 0.425932 0.609791 0.008734 0.004990
0 0.478670 0.621673 0.006046 0.003565
0 0.477326 0.605276 0.008734 0.004990
0 0.540141 0.619297 0.008734 0.004990
0 0.540141 0.614544 0.008734 0.004990
0 0.540141 0.607652 0.008734 0.004990
0 0.540141 0.602899 0.008734 0.004990
0 0.638562 0.631179 0.006046 0.003565
0 0.637219 0.614544 0.008734 0.004990
0 0.691636 0.628802 0.006046 0.003565
0 0.690292 0.612167 0.008734 0.004990
0 0.743366 0.621673 0.008734 0.004990
0 0.796439 0.619297 0.008734 0.004990
0 0.849513 0.616920 0.008734 0.004990
0 0.902586 0.612167 0.008734 0.004990
0 0.146456 0.845532 0.008734 0.004990
0 0.146456 0.838641 0.008734 0.004990
0 0.360766 0.847909 0.008734 0.004990
0 0.360766 0.836264 0.008734 0.004990
0 0.411488 0.833888 0.008734 0.004990
0 0.462210 0.841017 0.008734 0.004990
0 0.462210 0.836264 0.008734 0.004990
0 0.462210 0.831511 0.008734 0.004990
0 0.512932 0.824382 0.008734 0.004990
0 0.600941 0.826759 0.008734 0.004990
0 0.692644 0.833888 0.008734 0.004990
0 0.784683 0.831511 0.008734 0.004990
0 0.229762 0.526616 0.008734 0.004990
0 0.323144 0.521863 0.008734 0.004990
0 0.425932 0.524240 0.008734 0.004990
0 0.540141 0.526616 0.008734 0.004990
0 0.646624 0.531369 0.008734 0.004990
0 0.743366 0.526616 0.008734 0.004990
0 0.849513 0.528992 0.008734 0.004990
0 0.146456 0.750951 0.006046 0.003565
0 0.208263 0.750951 0.006046 0.003565
0 0.138058 0.073432 0.008734 0.004990
0 0.237487 0.082937 0.008734 0.004990
0 0.299631 0.080561 0.008734 0.004990
0 0.361774 0.085314 0.008734 0.004990
0 0.423581 0.082937 0.008734 0.004990
0 0.485724 0.080561 0.008734 0.004990
0 0.547867 0.078184 0.008734 0.004990
0 0.623782 0.073432 0.008734 0.004990
0 0.691636 0.075808 0.008734 0.004990
0 0.776285 0.075808 0.008734 0.004990
0 0.860934 0.078184 0.008734 0.004990
0 0.138058 0.312025 0.008734 0.004990
0 0.236816 0.321530 0.008734 0.004990
0 0.298287 0.319154 0.008734 0.004990
0 0.360094 0.323907 0.008734 0.004990
0 0.421565 0.321530 0.008734 0.004990
0 0.483373 0.319154 0.008734 0.004990
0 0.544844 0.316778 0.008734 0.004990
0 0.620423 0.312025 0.008734 0.004990
0 0.692644 0.314401 0.008734 0.004990
0 0.764864 0.314401 0.008734 0.004990
0 0.855223 0.316778 0.008734 0.004990
0 0.220356 0.526616 0.006046 0.003565
0 0.429963 0.528992 0.006046 0.003565
0 0.548203 0.531369 0.006046 0.003565
0 0.637219 0.531369 0.006046 0.003565
0 0.853544 0.533745 0.006046 0.003565
0 0.146456 0.746198 0.008734 0.004990
0 0.208263 0.746198 0.008734 0.004990
0 0.259321 0.753327 0.008734 0.004990
0 0.310044 0.750951 0.008734 0.004990
0 0.360766 0.755703 0.008734 0.004990
0 0.411488 0.753327 0.008734 0.004990
0 0.462210 0.750951 0.008734 0.004990
0 0.512932 0.743821 0.008734 0.004990
0 0.600941 0.746198 0.008734 0.004990
0 0.738663 0.753327 0.008734 0.004990
0 0.784683 0.750951 0.008734 0.004990
