0 0.151882 0.225944 0.008401 0.004989
0 0.253024 0.225944 0.008401 0.004989
0 0.364247 0.225944 0.008401 0.004989
0 0.476478 0.225944 0.008401 0.004989
0 0.717742 0.225944 0.008401 0.004989
0 0.820901 0.225944 0.008401 0.004989
0 0.151882 0.441197 0.008401 0.004989
0 0.262097 0.441197 0.008401 0.004989
0 0.398185 0.441197 0.008401 0.004989
0 0.502688 0.441197 0.008401 0.004989
0 0.614919 0.441197 0.008401 0.004989
0 0.726815 0.441197 0.008401 0.004989
0 0.839046 0.441197 0.008401 0.004989
0 0.151882 0.671181 0.008401 0.004989
0 0.285618 0.671181 0.008401 0.004989
0 0.380712 0.671181 0.008401 0.004989
0 0.514113 0.671181 0.008401 0.004989
0 0.611223 0.671181 0.008401 0.004989
0 0.716734 0.671181 0.008401 0.004989
0 0.834341 0.671181 0.008401 0.004989
0 0.151882 0.899501 0.008401 0.004989
0 0.240591 0.899501 0.008401 0.004989
0 0.337030 0.899501 0.008401 0.004989
0 0.415659 0.899501 0.008401 0.004989
0 0.504368 0.899501 0.008401 0.004989
0 0.151882 0.216441 0.008401 0.004989
0 0.179772 0.218817 0.008401 0.004989
0 0.207661 0.221193 0.008401 0.004989
0 0.245296 0.223569 0.008401 0.004989
0 0.278226 0.221193 0.008401 0.004989
0 0.311156 0.218817 0.008401 0.004989
0 0.364247 0.216441 0.008401 0.004989
0 0.396505 0.214303 0.008401 0.004989
0 0.428763 0.211927 0.008401 0.004989
0 0.476478 0.209551 0.008401 0.004989
0 0.541667 0.204799 0.008401 0.004989
0 0.600470 0.216441 0.008401 0.004989
0 0.600470 0.202423 0.008401 0.004989
0 0.667675 0.233072 0.008401 0.004989
0 0.667675 0.216441 0.008401 0.004989
0 0.717742 0.209551 0.008401 0.004989
0 0.745632 0.216441 0.008401 0.004989
0 0.773185 0.209551 0.008401 0.004989
0 0.820901 0.216441 0.008401 0.004989
0 0.854839 0.209551 0.008401 0.004989
0 0.897513 0.216441 0.008401 0.004989
0 0.151882 0.424566 0.008401 0.004989
0 0.182796 0.431694 0.008401 0.004989
0 0.213374 0.424566 0.008401 0.004989
0 0.262097 0.431694 0.008401 0.004989
0 0.299059 0.424566 0.008401 0.004989
0 0.344758 0.431694 0.008401 0.004989
0 0.398185 0.424566 0.008401 0.004989
0 0.428763 0.431694 0.008401 0.004989
0 0.459677 0.424566 0.008401 0.004989
0 0.502688 0.431694 0.008401 0.004989
0 0.535954 0.424566 0.008401 0.004989
0 0.569220 0.431694 0.008401 0.004989
0 0.614919 0.424566 0.008401 0.004989
0 0.648185 0.431694 0.008401 0.004989
0 0.681452 0.424566 0.008401 0.004989
0 0.726815 0.431694 0.008401 0.004989
0 0.760417 0.424566 0.008401 0.004989
0 0.793683 0.431694 0.008401 0.004989
0 0.839046 0.424566 0.008401 0.004989
0 0.869960 0.431694 0.008401 0.004989
0 0.900538 0.424566 0.008401 0.004989
0 0.151882 0.661915 0.008401 0.004989
0 0.198925 0.654787 0.008401 0.004989
0 0.240591 0.661915 0.008401 0.004989
0 0.285618 0.654787 0.008401 0.004989
0 0.311156 0.661915 0.008401 0.004989
0 0.337030 0.654787 0.008401 0.004989
0 0.380712 0.661915 0.008401 0.004989
0 0.427419 0.654787 0.008401 0.004989
0 0.469086 0.661915 0.008401 0.004989
0 0.514113 0.654787 0.008401 0.004989
0 0.539987 0.661915 0.008401 0.004989
0 0.565524 0.654787 0.008401 0.004989
0 0.611223 0.661915 0.008401 0.004989
0 0.641129 0.654787 0.008401 0.004989
0 0.671371 0.661915 0.008401 0.004989
0 0.716734 0.654787 0.008401 0.004989
0 0.746640 0.661915 0.008401 0.004989
0 0.776546 0.654787 0.008401 0.004989
0 0.834341 0.661915 0.008401 0.004989
0 0.861559 0.654787 0.008401 0.004989
0 0.895833 0.661915 0.008401 0.004989
0 0.151882 0.883108 0.008401 0.004989
0 0.177419 0.889998 0.008401 0.004989
0 0.202957 0.883108 0.008401 0.004989
0 0.240591 0.889998 0.008401 0.004989
0 0.268817 0.883108 0.008401 0.004989
0 0.296707 0.889998 0.008401 0.004989
0 0.337030 0.883108 0.008401 0.004989
0 0.357527 0.889998 0.008401 0.004989
0 0.378024 0.883108 0.008401 0.004989
0 0.415659 0.889998 0.008401 0.004989
0 0.441196 0.883108 0.008401 0.004989
0 0.466734 0.889998 0.008401 0.004989
0 0.504368 0.883108 0.008401 0.004989
0 0.529906 0.889998 0.008401 0.004989
0 0.555108 0.883108 0.008401 0.004989
0 0.593078 0.906629 0.008401 0.004989
0 0.593078 0.889998 0.008401 0.004989
0 0.669019 0.906629 0.008401 0.004989
0 0.669019 0.889998 0.008401 0.004989
0 0.794019 0.909005 0.008401 0.004989
0 0.794019 0.892373 0.008401 0.004989
0 0.866263 0.909005 0.008401 0.004989
0 0.866263 0.892373 0.008401 0.004989
0 0.476478 0.172012 0.008401 0.004989
0 0.541667 0.164885 0.008401 0.004989
0 0.608199 0.172012 0.008401 0.004989
0 0.608199 0.164885 0.008401 0.004989
0 0.667675 0.174388 0.008401 0.004989
0 0.667675 0.167261 0.008401 0.004989
0 0.151882 0.612259 0.008401 0.004989
0 0.151882 0.607745 0.008401 0.004989
0 0.198925 0.605369 0.008401 0.004989
0 0.198925 0.598242 0.008401 0.004989
0 0.240591 0.610121 0.008401 0.004989
0 0.240591 0.602994 0.008401 0.004989
0 0.285618 0.607745 0.008401 0.004989
0 0.285618 0.600618 0.008401 0.004989
0 0.380712 0.612259 0.008401 0.004989
0 0.380712 0.607745 0.008401 0.004989
0 0.427419 0.605369 0.008401 0.004989
0 0.427419 0.598242 0.008401 0.004989
0 0.469086 0.610121 0.008401 0.004989
0 0.469086 0.602994 0.008401 0.004989
0 0.514113 0.607745 0.008401 0.004989
0 0.514113 0.600618 0.008401 0.004989
0 0.151882 0.164885 0.008401 0.004989
0 0.151882 0.157757 0.008401 0.004989
0 0.151882 0.153005 0.008401 0.004989
0 0.179772 0.162509 0.008401 0.004989
0 0.179772 0.155381 0.008401 0.004989
0 0.179772 0.150630 0.008401 0.004989
0 0.207661 0.160133 0.008401 0.004989
0 0.207661 0.155381 0.008401 0.004989
0 0.207661 0.148491 0.008401 0.004989
0 0.245296 0.157757 0.008401 0.004989
0 0.245296 0.153005 0.008401 0.004989
0 0.245296 0.146115 0.008401 0.004989
0 0.278226 0.160133 0.008401 0.004989
0 0.278226 0.155381 0.008401 0.004989
0 0.278226 0.148491 0.008401 0.004989
0 0.311156 0.162509 0.008401 0.004989
0 0.311156 0.155381 0.008401 0.004989
0 0.311156 0.150630 0.008401 0.004989
0 0.364247 0.164885 0.008401 0.004989
0 0.364247 0.157757 0.008401 0.004989
0 0.364247 0.153005 0.008401 0.004989
0 0.396505 0.164885 0.008401 0.004989
0 0.396505 0.160133 0.008401 0.004989
0 0.396505 0.155381 0.008401 0.004989
0 0.428763 0.172012 0.008401 0.004989
0 0.428763 0.162509 0.008401 0.004989
0 0.428763 0.157757 0.008401 0.004989
0 0.476478 0.160133 0.008401 0.004989
0 0.509073 0.157757 0.008401 0.004989
0 0.541667 0.160133 0.008401 0.004989
0 0.600470 0.162509 0.008401 0.004989
0 0.634073 0.160133 0.008401 0.004989
0 0.667675 0.162509 0.008401 0.004989
0 0.717742 0.176764 0.008401 0.004989
0 0.717742 0.172012 0.008401 0.004989
0 0.717742 0.164885 0.008401 0.004989
0 0.820901 0.176764 0.008401 0.004989
0 0.820901 0.172012 0.008401 0.004989
0 0.820901 0.164885 0.008401 0.004989
0 0.854839 0.169636 0.008401 0.004989
0 0.854839 0.162509 0.008401 0.004989
0 0.854839 0.157757 0.008401 0.004989
0 0.897513 0.174388 0.008401 0.004989
0 0.897513 0.167261 0.008401 0.004989
0 0.897513 0.162509 0.008401 0.004989
0 0.151882 0.393918 0.008401 0.004989
0 0.151882 0.386790 0.008401 0.004989
0 0.151882 0.382276 0.008401 0.004989
0 0.262097 0.398670 0.008401 0.004989
0 0.262097 0.393918 0.008401 0.004989
0 0.262097 0.386790 0.008401 0.004989
0 0.299059 0.391542 0.008401 0.004989
0 0.299059 0.384414 0.008401 0.004989
0 0.299059 0.379900 0.008401 0.004989
0 0.344758 0.396294 0.008401 0.004989
0 0.344758 0.389166 0.008401 0.004989
0 0.344758 0.384414 0.008401 0.004989
0 0.398185 0.393918 0.008401 0.004989
0 0.398185 0.386790 0.008401 0.004989
0 0.398185 0.382276 0.008401 0.004989
0 0.502688 0.396294 0.008401 0.004989
0 0.502688 0.391542 0.008401 0.004989
0 0.502688 0.384414 0.008401 0.004989
0 0.569220 0.391542 0.008401 0.004989
0 0.569220 0.384414 0.008401 0.004989
0 0.569220 0.379900 0.008401 0.004989
0 0.614919 0.396294 0.008401 0.004989
0 0.614919 0.391542 0.008401 0.004989
0 0.614919 0.384414 0.008401 0.004989
0 0.681452 0.391542 0.008401 0.004989
0 0.681452 0.384414 0.008401 0.004989
0 0.681452 0.379900 0.008401 0.004989
0 0.726815 0.393918 0.008401 0.004989
0 0.726815 0.386790 0.008401 0.004989
0 0.726815 0.382276 0.008401 0.004989
0 0.793683 0.398670 0.008401 0.004989
0 0.793683 0.393918 0.008401 0.004989
0 0.793683 0.386790 0.008401 0.004989
0 0.839046 0.393918 0.008401 0.004989
0 0.839046 0.389166 0.008401 0.004989
0 0.839046 0.384414 0.008401 0.004989
0 0.151882 0.600618 0.008401 0.004989
0 0.164987 0.598242 0.008401 0.004989
0 0.178091 0.600618 0.008401 0.004989
0 0.198925 0.593490 0.008401 0.004989
0 0.240591 0.598242 0.008401 0.004989
0 0.285618 0.595866 0.008401 0.004989
0 0.380712 0.600618 0.008401 0.004989
0 0.393481 0.598242 0.008401 0.004989
0 0.406586 0.600618 0.008401 0.004989
0 0.427419 0.593490 0.008401 0.004989
0 0.469086 0.598242 0.008401 0.004989
0 0.514113 0.595866 0.008401 0.004989
0 0.611223 0.610121 0.008401 0.004989
0 0.611223 0.605369 0.008401 0.004989
0 0.611223 0.598242 0.008401 0.004989
0 0.671371 0.605369 0.008401 0.004989
0 0.671371 0.598242 0.008401 0.004989
0 0.671371 0.593490 0.008401 0.004989
0 0.716734 0.610121 0.008401 0.004989
0 0.716734 0.605369 0.008401 0.004989
0 0.716734 0.598242 0.008401 0.004989
0 0.776546 0.605369 0.008401 0.004989
0 0.776546 0.598242 0.008401 0.004989
0 0.776546 0.593490 0.008401 0.004989
0 0.834341 0.607745 0.008401 0.004989
0 0.834341 0.600618 0.008401 0.004989
0 0.834341 0.595866 0.008401 0.004989
0 0.895833 0.612259 0.008401 0.004989
0 0.895833 0.607745 0.008401 0.004989
0 0.895833 0.600618 0.008401 0.004989
0 0.151882 0.835828 0.008401 0.004989
0 0.151882 0.831076 0.008401 0.004989
0 0.151882 0.826562 0.008401 0.004989
0 0.240591 0.852459 0.008401 0.004989
0 0.240591 0.845331 0.008401 0.004989
0 0.240591 0.840580 0.008401 0.004989
0 0.296707 0.857211 0.008401 0.004989
0 0.296707 0.852459 0.008401 0.004989
0 0.296707 0.845331 0.008401 0.004989
0 0.337030 0.852459 0.008401 0.004989
0 0.337030 0.847707 0.008401 0.004989
0 0.337030 0.842956 0.008401 0.004989
0 0.415659 0.828700 0.008401 0.004989
0 0.415659 0.824186 0.008401 0.004989
0 0.504368 0.828700 0.008401 0.004989
0 0.504368 0.824186 0.008401 0.004989
0 0.593078 0.835828 0.008401 0.004989
0 0.593078 0.831076 0.008401 0.004989
0 0.593078 0.824186 0.008401 0.004989
0 0.669019 0.835828 0.008401 0.004989
0 0.669019 0.831076 0.008401 0.004989
0 0.669019 0.824186 0.008401 0.004989
0 0.794019 0.833452 0.008401 0.004989
0 0.794019 0.826562 0.008401 0.004989
0 0.794019 0.821810 0.008401 0.004989
0 0.866263 0.833452 0.008401 0.004989
0 0.866263 0.826562 0.008401 0.004989
0 0.866263 0.821810 0.008401 0.004989
0 0.364247 0.090283 0.008401 0.004989
0 0.396505 0.092659 0.008401 0.004989
0 0.428763 0.095034 0.008401 0.004989
0 0.476478 0.097410 0.008401 0.004989
0 0.509073 0.095034 0.008401 0.004989
0 0.541667 0.097410 0.008401 0.004989
0 0.600470 0.099786 0.008401 0.004989
0 0.634073 0.097410 0.008401 0.004989
0 0.667675 0.099786 0.008401 0.004989
0 0.717742 0.102162 0.008401 0.004989
0 0.820901 0.102162 0.008401 0.004989
0 0.876008 0.095034 0.008401 0.004989
0 0.897513 0.099786 0.008401 0.004989
0 0.151882 0.324305 0.008401 0.004989
0 0.262097 0.329057 0.008401 0.004989
0 0.321909 0.321929 0.008401 0.004989
0 0.344758 0.326681 0.008401 0.004989
0 0.398185 0.324305 0.008401 0.004989
0 0.151882 0.534569 0.008401 0.004989
0 0.219758 0.534569 0.008401 0.004989
0 0.240591 0.534569 0.008401 0.004989
0 0.285618 0.534569 0.008401 0.004989
0 0.380712 0.534569 0.008401 0.004989
0 0.448253 0.534569 0.008401 0.004989
0 0.469086 0.534569 0.008401 0.004989
0 0.514113 0.527679 0.008401 0.004989
0 0.611223 0.532193 0.008401 0.004989
0 0.671371 0.541696 0.008401 0.004989
0 0.716734 0.532193 0.008401 0.004989
0 0.776546 0.532193 0.008401 0.004989
0 0.834341 0.527679 0.008401 0.004989
0 0.878696 0.534569 0.008401 0.004989
0 0.895833 0.539321 0.008401 0.004989
0 0.912634 0.536945 0.008401 0.004989
0 0.151882 0.764790 0.008401 0.004989
0 0.669019 0.764790 0.008401 0.004989
0 0.704637 0.764790 0.008401 0.004989
0 0.740591 0.764790 0.008401 0.004989
0 0.794019 0.762414 0.008401 0.004989
0 0.866263 0.774293 0.008401 0.004989
