0 0.249580 0.306559 0.006382 0.003802
0 0.286194 0.306559 0.006382 0.003802
0 0.336245 0.304658 0.006382 0.003802
0 0.372187 0.302994 0.006382 0.003802
0 0.408129 0.301093 0.006382 0.003802
0 0.286194 0.896863 0.006382 0.003802
0 0.341955 0.894962 0.006382 0.003802
0 0.454484 0.894962 0.006382 0.003802
0 0.491770 0.893298 0.006382 0.003802
0 0.529392 0.893298 0.006382 0.003802
0 0.585489 0.891397 0.006382 0.003802
0 0.697010 0.903992 0.006382 0.003802
0 0.733624 0.903992 0.006382 0.003802
0 0.793416 0.903992 0.006382 0.003802
0 0.827343 0.898764 0.006718 0.003802
0 0.176352 0.293964 0.006382 0.003802
0 0.212966 0.292300 0.006382 0.003802
0 0.249580 0.293964 0.006382 0.003802
0 0.286194 0.295865 0.006382 0.003802
0 0.336245 0.297529 0.006382 0.003802
0 0.408129 0.297529 0.006382 0.003802
0 0.501512 0.301093 0.006382 0.003802
0 0.552570 0.295865 0.006382 0.003802
0 0.552570 0.292300 0.006382 0.003802
0 0.609338 0.297529 0.006382 0.003802
0 0.609338 0.293964 0.006382 0.003802
0 0.666107 0.299430 0.006382 0.003802
0 0.666107 0.295865 0.006382 0.003802
0 0.738663 0.299430 0.006382 0.003802
0 0.738663 0.295865 0.006382 0.003802
0 0.805173 0.297529 0.006382 0.003802
0 0.805173 0.293964 0.006382 0.003802
0 0.871683 0.301093 0.006382 0.003802
0 0.913000 0.301093 0.006382 0.003802
0 0.117232 0.591968 0.006382 0.003802
0 0.117232 0.588403 0.006382 0.003802
0 0.162916 0.591968 0.006382 0.003802
0 0.162916 0.588403 0.006382 0.003802
0 0.192140 0.593869 0.006382 0.003802
0 0.192140 0.590304 0.006382 0.003802
0 0.243534 0.595532 0.006382 0.003802
0 0.243534 0.591968 0.006382 0.003802
0 0.312059 0.597433 0.006382 0.003802
0 0.312059 0.591968 0.006382 0.003802
0 0.381592 0.597433 0.006382 0.003802
0 0.381592 0.593869 0.006382 0.003802
0 0.416863 0.599097 0.006382 0.003802
0 0.416863 0.593869 0.006382 0.003802
0 0.452469 0.599097 0.006382 0.003802
0 0.452469 0.590304 0.006382 0.003802
0 0.503191 0.600998 0.006718 0.003802
0 0.503191 0.590304 0.006718 0.003802
0 0.590191 0.595532 0.006382 0.003802
0 0.590191 0.591968 0.006382 0.003802
0 0.660396 0.599097 0.006382 0.003802
0 0.660396 0.590304 0.006382 0.003802
0 0.709103 0.600998 0.006382 0.003802
0 0.709103 0.588403 0.006382 0.003802
0 0.757810 0.602662 0.006382 0.003802
0 0.757810 0.586740 0.006382 0.003802
0 0.817266 0.602662 0.006382 0.003802
0 0.862949 0.590304 0.006382 0.003802
0 0.908633 0.591968 0.006382 0.003802
0 0.124958 0.896863 0.006382 0.003802
0 0.159893 0.896863 0.006382 0.003802
0 0.195163 0.896863 0.006382 0.003802
0 0.286194 0.893298 0.006382 0.003802
0 0.341955 0.891397 0.006382 0.003802
0 0.416863 0.886169 0.006382 0.003802
0 0.491770 0.889734 0.006382 0.003802
0 0.660396 0.891397 0.006382 0.003802
0 0.733624 0.893298 0.006382 0.003802
0 0.827343 0.894962 0.006718 0.003802
0 0.336245 0.275190 0.006382 0.003802
0 0.408129 0.277091 0.006382 0.003802
0 0.501512 0.271625 0.006382 0.003802
0 0.558616 0.271625 0.006718 0.003802
0 0.590191 0.567015 0.006382 0.003802
0 0.666779 0.567015 0.006718 0.003802
0 0.757810 0.567015 0.006382 0.003802
0 0.817266 0.568916 0.006382 0.003802
0 0.817266 0.565352 0.006382 0.003802
0 0.862949 0.568916 0.006382 0.003802
0 0.862949 0.565352 0.006382 0.003802
0 0.908633 0.567015 0.006382 0.003802
0 0.908633 0.563451 0.006382 0.003802
0 0.124958 0.870010 0.006382 0.003802
0 0.159893 0.870010 0.006382 0.003802
0 0.195163 0.873574 0.006382 0.003802
0 0.341955 0.870010 0.006382 0.003802
0 0.454484 0.862880 0.006382 0.003802
0 0.491770 0.861217 0.006382 0.003802
0 0.529392 0.864781 0.006382 0.003802
0 0.585489 0.866445 0.006382 0.003802
0 0.630165 0.870010 0.006382 0.003802
0 0.660396 0.870010 0.006382 0.003802
0 0.733624 0.871911 0.006382 0.003802
0 0.827343 0.870010 0.006718 0.003802
0 0.176352 0.271625 0.006382 0.003802
0 0.176352 0.268061 0.006382 0.003802
0 0.212966 0.271625 0.006382 0.003802
0 0.212966 0.266397 0.006382 0.003802
0 0.249580 0.273527 0.006382 0.003802
0 0.249580 0.264496 0.006382 0.003802
0 0.286194 0.273527 0.006382 0.003802
0 0.286194 0.268061 0.006382 0.003802
0 0.336245 0.271625 0.006718 0.003802
0 0.501512 0.271625 0.006382 0.003802
0 0.552570 0.269962 0.006382 0.003802
0 0.609338 0.268061 0.006382 0.003802
0 0.666107 0.271625 0.006382 0.003802
0 0.666107 0.266397 0.006382 0.003802
0 0.738663 0.271625 0.006382 0.003802
0 0.738663 0.262833 0.006382 0.003802
0 0.805173 0.271625 0.006382 0.003802
0 0.805173 0.264496 0.006382 0.003802
0 0.871683 0.271625 0.006382 0.003802
0 0.913000 0.271625 0.006382 0.003802
0 0.117232 0.568916 0.006382 0.003802
0 0.123278 0.567015 0.006382 0.003802
0 0.162916 0.568916 0.006382 0.003802
0 0.168962 0.567015 0.006382 0.003802
0 0.192140 0.568916 0.006382 0.003802
0 0.192140 0.565352 0.006382 0.003802
0 0.243534 0.568916 0.006382 0.003802
0 0.243534 0.563451 0.006382 0.003802
0 0.312059 0.568916 0.006382 0.003802
0 0.312059 0.559886 0.006382 0.003802
0 0.381592 0.568916 0.006382 0.003802
0 0.381592 0.561787 0.006382 0.003802
0 0.416863 0.568916 0.006382 0.003802
0 0.416863 0.559886 0.006382 0.003802
0 0.452469 0.567015 0.006382 0.003802
0 0.452469 0.561787 0.006382 0.003802
0 0.503191 0.565352 0.006718 0.003802
0 0.503191 0.556321 0.006718 0.003802
0 0.590191 0.567015 0.006382 0.003802
0 0.660396 0.565352 0.006382 0.003802
0 0.709103 0.563451 0.006382 0.003802
0 0.757810 0.561787 0.006382 0.003802
0 0.817266 0.558222 0.006718 0.003802
0 0.908633 0.558222 0.006382 0.003802
0 0.124958 0.864781 0.006382 0.003802
0 0.124958 0.857652 0.006382 0.003802
0 0.159893 0.864781 0.006382 0.003802
0 0.159893 0.861217 0.006382 0.003802
0 0.195163 0.870010 0.006382 0.003802
0 0.195163 0.864781 0.006382 0.003802
0 0.286194 0.870010 0.006382 0.003802
0 0.286194 0.861217 0.006382 0.003802
0 0.341955 0.862880 0.006382 0.003802
0 0.379241 0.857652 0.006382 0.003802
0 0.416863 0.854087 0.006382 0.003802
0 0.529392 0.855751 0.006382 0.003802
0 0.585489 0.862880 0.006382 0.003802
0 0.585489 0.857652 0.006382 0.003802
0 0.630165 0.862880 0.006382 0.003802
0 0.660396 0.866445 0.006382 0.003802
0 0.770238 0.866445 0.006382 0.003802
0 0.827343 0.870010 0.006718 0.003802
0 0.249580 0.225523 0.006382 0.003802
0 0.286194 0.225523 0.006382 0.003802
0 0.336245 0.223859 0.006382 0.003802
0 0.372187 0.221958 0.006382 0.003802
0 0.408129 0.220295 0.006382 0.003802
0 0.501512 0.220295 0.006382 0.003802
0 0.552570 0.214829 0.006382 0.003802
0 0.609338 0.216730 0.006382 0.003802
0 0.666107 0.218394 0.006382 0.003802
0 0.738663 0.218394 0.006382 0.003802
0 0.805173 0.216730 0.006382 0.003802
0 0.871683 0.220295 0.006382 0.003802
0 0.913000 0.220295 0.006382 0.003802
0 0.117232 0.510219 0.006382 0.003802
0 0.162916 0.510219 0.006382 0.003802
0 0.192140 0.512120 0.006382 0.003802
0 0.243534 0.513783 0.006382 0.003802
0 0.312059 0.515684 0.006382 0.003802
0 0.381592 0.515684 0.006382 0.003802
0 0.416863 0.517348 0.006382 0.003802
0 0.452469 0.517348 0.006382 0.003802
0 0.503191 0.519249 0.006718 0.003802
0 0.590191 0.513783 0.006382 0.003802
0 0.660396 0.517348 0.006382 0.003802
0 0.709103 0.519249 0.006382 0.003802
0 0.757810 0.520913 0.006382 0.003802
0 0.817266 0.520913 0.006382 0.003802
0 0.862949 0.508555 0.006382 0.003802
0 0.908633 0.510219 0.006382 0.003802
0 0.124958 0.811787 0.006382 0.003802
0 0.159893 0.811787 0.006382 0.003802
0 0.195163 0.811787 0.006382 0.003802
0 0.286194 0.811787 0.006382 0.003802
0 0.341955 0.810124 0.006382 0.003802
0 0.454484 0.810124 0.006382 0.003802
0 0.491770 0.808222 0.006382 0.003802
0 0.529392 0.808222 0.006382 0.003802
0 0.585489 0.806321 0.006382 0.003802
0 0.697010 0.818916 0.006382 0.003802
0 0.733624 0.818916 0.006382 0.003802
0 0.793416 0.818916 0.006382 0.003802
0 0.827343 0.813688 0.006718 0.003802
0 0.176352 0.174905 0.006382 0.003802
0 0.212966 0.173004 0.006382 0.003802
0 0.249580 0.174905 0.006382 0.003802
0 0.286194 0.176568 0.006382 0.003802
0 0.336245 0.176568 0.006382 0.003802
0 0.408129 0.178470 0.006382 0.003802
0 0.501512 0.169439 0.006382 0.003802
0 0.552570 0.173004 0.006382 0.003802
0 0.609338 0.174905 0.006382 0.003802
0 0.666107 0.176568 0.006382 0.003802
0 0.738663 0.176568 0.006382 0.003802
0 0.805173 0.174905 0.006382 0.003802
0 0.871683 0.169439 0.006382 0.003802
0 0.913000 0.169439 0.006382 0.003802
0 0.117232 0.465067 0.006382 0.003802
0 0.162916 0.465067 0.006382 0.003802
0 0.192140 0.466968 0.006382 0.003802
0 0.243534 0.468631 0.006382 0.003802
0 0.312059 0.468631 0.006382 0.003802
0 0.381592 0.470532 0.006382 0.003802
0 0.416863 0.470532 0.006382 0.003802
0 0.452469 0.466968 0.006382 0.003802
0 0.503191 0.466968 0.006718 0.003802
0 0.590191 0.468631 0.006382 0.003802
0 0.660396 0.466968 0.006382 0.003802
0 0.709103 0.465067 0.006382 0.003802
0 0.757810 0.463403 0.006382 0.003802
0 0.817266 0.461502 0.006382 0.003802
0 0.862949 0.461502 0.006382 0.003802
0 0.908633 0.459838 0.006382 0.003802
0 0.124958 0.764496 0.006382 0.003802
0 0.159893 0.764496 0.006382 0.003802
0 0.195163 0.764496 0.006382 0.003802
0 0.286194 0.768061 0.006382 0.003802
0 0.341955 0.766160 0.006382 0.003802
0 0.416863 0.760932 0.006382 0.003802
0 0.491770 0.764496 0.006382 0.003802
0 0.585489 0.766160 0.006382 0.003802
0 0.630165 0.769724 0.006382 0.003802
0 0.660396 0.766160 0.006382 0.003802
0 0.733624 0.768061 0.006382 0.003802
0 0.827343 0.769724 0.006718 0.003802
0 0.176352 0.127376 0.006382 0.003802
0 0.212966 0.127376 0.006382 0.003802
0 0.249580 0.129278 0.006382 0.003802
0 0.286194 0.129278 0.006382 0.003802
0 0.336245 0.130941 0.006382 0.003802
0 0.408129 0.132842 0.006382 0.003802
0 0.501512 0.127376 0.006382 0.003802
0 0.552570 0.127376 0.006718 0.003802
0 0.666107 0.127376 0.006382 0.003802
0 0.738663 0.127376 0.006382 0.003802
0 0.805173 0.127376 0.006382 0.003802
0 0.871683 0.127376 0.006382 0.003802
0 0.913000 0.127376 0.006382 0.003802
0 0.117232 0.420152 0.006382 0.003802
0 0.162916 0.420152 0.006382 0.003802
0 0.192140 0.420152 0.006382 0.003802
0 0.243534 0.420152 0.006382 0.003802
0 0.312059 0.420152 0.006382 0.003802
0 0.381592 0.420152 0.006382 0.003802
0 0.416863 0.420152 0.006382 0.003802
0 0.452469 0.418251 0.006382 0.003802
0 0.503191 0.416587 0.006718 0.003802
0 0.590191 0.418251 0.006382 0.003802
0 0.660396 0.418251 0.006718 0.003802
0 0.757810 0.418251 0.006382 0.003802
0 0.817266 0.416587 0.006382 0.003802
0 0.862949 0.416587 0.006382 0.003802
0 0.908633 0.414686 0.006382 0.003802
0 0.124958 0.711502 0.006382 0.003802
0 0.159893 0.711502 0.006382 0.003802
0 0.195163 0.716730 0.006382 0.003802
0 0.286194 0.716730 0.006382 0.003802
0 0.341955 0.716730 0.006382 0.003802
0 0.454484 0.709601 0.006382 0.003802
0 0.491770 0.707937 0.006382 0.003802
0 0.529392 0.715067 0.006382 0.003802
0 0.585489 0.713165 0.006382 0.003802
0 0.630165 0.716730 0.006382 0.003802
0 0.660396 0.716730 0.006382 0.003802
0 0.733624 0.718631 0.006382 0.003802
0 0.827343 0.716730 0.006718 0.003802
0 0.176352 0.071055 0.006382 0.003802
0 0.212966 0.069154 0.006382 0.003802
0 0.249580 0.067490 0.006382 0.003802
0 0.286194 0.071055 0.006382 0.003802
0 0.336245 0.074620 0.006718 0.003802
0 0.501512 0.074620 0.006382 0.003802
0 0.552570 0.072719 0.006382 0.003802
0 0.609338 0.071055 0.006382 0.003802
0 0.666107 0.069154 0.006382 0.003802
0 0.738663 0.065589 0.006382 0.003802
0 0.805173 0.067490 0.006382 0.003802
0 0.871683 0.074620 0.006382 0.003802
0 0.913000 0.074620 0.006382 0.003802
0 0.117232 0.368821 0.006382 0.003802
0 0.162916 0.368821 0.006382 0.003802
0 0.192140 0.367158 0.006382 0.003802
0 0.243534 0.365257 0.006382 0.003802
0 0.312059 0.361692 0.006382 0.003802
0 0.381592 0.363593 0.006382 0.003802
0 0.416863 0.361692 0.006382 0.003802
0 0.452469 0.363593 0.006382 0.003802
0 0.503191 0.358127 0.006718 0.003802
0 0.590191 0.368821 0.006382 0.003802
0 0.660396 0.367158 0.006382 0.003802
0 0.709103 0.365257 0.006382 0.003802
0 0.757810 0.363593 0.006382 0.003802
0 0.817266 0.360029 0.006718 0.003802
0 0.908633 0.360029 0.006382 0.003802
0 0.124958 0.652567 0.006382 0.003802
0 0.159893 0.656131 0.006382 0.003802
0 0.195163 0.659696 0.006382 0.003802
0 0.286194 0.656131 0.006382 0.003802
0 0.341955 0.658032 0.006382 0.003802
0 0.379241 0.652567 0.006382 0.003802
0 0.416863 0.649002 0.006382 0.003802
0 0.529392 0.650903 0.006382 0.003802
0 0.585489 0.652567 0.006382 0.003802
0 0.630165 0.658032 0.006382 0.003802
0 0.660396 0.661597 0.006382 0.003802
0 0.770238 0.661597 0.006382 0.003802
0 0.827343 0.665162 0.006718 0.003802
