0 0.135371 0.236217 0.009741 0.005703
0 0.135371 0.225285 0.009741 0.005703
0 0.235136 0.211977 0.009741 0.005703
0 0.235136 0.206511 0.009741 0.005703
0 0.235136 0.198432 0.009741 0.005703
0 0.331878 0.209125 0.009741 0.005703
0 0.331878 0.203897 0.009741 0.005703
0 0.331878 0.195817 0.009741 0.005703
0 0.443399 0.236217 0.009741 0.005703
0 0.443399 0.225285 0.009741 0.005703
0 0.515284 0.211977 0.009741 0.005703
0 0.515284 0.206511 0.009741 0.005703
0 0.515284 0.198432 0.009741 0.005703
0 0.598925 0.209125 0.009741 0.005703
0 0.598925 0.203897 0.009741 0.005703
0 0.590191 0.198432 0.009741 0.005703
0 0.598925 0.195817 0.009741 0.005703
0 0.702049 0.225285 0.009741 0.005703
0 0.702049 0.206511 0.009741 0.005703
0 0.759154 0.206511 0.009741 0.005703
0 0.759154 0.198432 0.009741 0.005703
0 0.836748 0.206511 0.009741 0.005703
0 0.836748 0.195817 0.009741 0.005703
0 0.135371 0.459363 0.009741 0.005703
0 0.135371 0.448669 0.009741 0.005703
0 0.186429 0.435124 0.009741 0.005703
0 0.186429 0.429895 0.009741 0.005703
0 0.186429 0.421816 0.009741 0.005703
0 0.241854 0.437975 0.009741 0.005703
0 0.241854 0.432510 0.009741 0.005703
0 0.269399 0.435124 0.009741 0.005703
0 0.269399 0.429895 0.009741 0.005703
0 0.319449 0.451283 0.009741 0.005703
0 0.319449 0.440589 0.009741 0.005703
0 0.403090 0.432510 0.009741 0.005703
0 0.403090 0.427044 0.009741 0.005703
0 0.403090 0.421816 0.009741 0.005703
0 0.585489 0.456749 0.009741 0.005703
0 0.585489 0.437975 0.009741 0.005703
0 0.656701 0.437975 0.009741 0.005703
0 0.656701 0.427044 0.009741 0.005703
0 0.656701 0.418964 0.009741 0.005703
0 0.726906 0.435124 0.009741 0.005703
0 0.726906 0.429895 0.009741 0.005703
0 0.726906 0.421816 0.009741 0.005703
0 0.860934 0.464829 0.009741 0.005703
0 0.860934 0.446055 0.009741 0.005703
0 0.908297 0.467443 0.009741 0.005703
0 0.908297 0.448669 0.009741 0.005703
0 0.131676 0.708888 0.009741 0.005703
0 0.131676 0.690114 0.009741 0.005703
0 0.169970 0.665875 0.009741 0.005703
0 0.185086 0.663023 0.009741 0.005703
0 0.200202 0.660409 0.009741 0.005703
0 0.233456 0.671103 0.009741 0.005703
0 0.257306 0.668489 0.009741 0.005703
0 0.266376 0.665875 0.009741 0.005703
0 0.266376 0.654943 0.009741 0.005703
0 0.322136 0.690114 0.010413 0.005703
0 0.322136 0.671103 0.010413 0.005703
0 0.436345 0.708888 0.009741 0.005703
0 0.436345 0.690114 0.009741 0.005703
0 0.506886 0.692728 0.009741 0.005703
0 0.506886 0.673954 0.009741 0.005703
0 0.563319 0.695342 0.009741 0.005703
0 0.563319 0.676568 0.009741 0.005703
0 0.619751 0.698194 0.009741 0.005703
0 0.619751 0.679183 0.009741 0.005703
0 0.707088 0.700808 0.009741 0.005703
0 0.707088 0.682034 0.009741 0.005703
0 0.745045 0.663023 0.009741 0.005703
0 0.745045 0.657795 0.009741 0.005703
0 0.772926 0.660409 0.009741 0.005703
0 0.772926 0.654943 0.009741 0.005703
0 0.800470 0.657795 0.009741 0.005703
0 0.800470 0.652329 0.009741 0.005703
0 0.838764 0.663023 0.009741 0.005703
0 0.876722 0.654943 0.009741 0.005703
0 0.876722 0.649715 0.009741 0.005703
0 0.920726 0.673954 0.009741 0.005703
0 0.938193 0.671103 0.009741 0.005703
0 0.128653 0.881416 0.009741 0.005703
0 0.178703 0.894724 0.009741 0.005703
0 0.178703 0.889496 0.009741 0.005703
0 0.228754 0.892110 0.009741 0.005703
0 0.228754 0.886644 0.009741 0.005703
0 0.278804 0.889496 0.009741 0.005703
0 0.278804 0.884030 0.009741 0.005703
0 0.328855 0.886644 0.009741 0.005703
0 0.328855 0.881416 0.009741 0.005703
0 0.379241 0.886644 0.009741 0.005703
0 0.379241 0.881416 0.009741 0.005703
0 0.444743 0.884030 0.009741 0.005703
0 0.444743 0.878565 0.009741 0.005703
0 0.533087 0.897576 0.009741 0.005703
0 0.533087 0.884030 0.009741 0.005703
0 0.584481 0.897576 0.009741 0.005703
0 0.604636 0.894724 0.009741 0.005703
0 0.624454 0.892110 0.009741 0.005703
0 0.668794 0.910884 0.009741 0.005703
0 0.731609 0.902804 0.009741 0.005703
0 0.778300 0.878565 0.009741 0.005703
0 0.796775 0.875951 0.009741 0.005703
0 0.815250 0.873337 0.009741 0.005703
0 0.862277 0.897576 0.009741 0.005703
0 0.880752 0.894724 0.009741 0.005703
0 0.904266 0.892110 0.009741 0.005703
0 0.941216 0.892110 0.006718 0.004040
0 0.929795 0.894724 0.006718 0.004040
0 0.836748 0.166112 0.009741 0.005703
0 0.135371 0.168726 0.009741 0.005703
0 0.135371 0.155181 0.009741 0.005703
0 0.194491 0.147101 0.009741 0.005703
0 0.194491 0.141873 0.009741 0.005703
0 0.235136 0.149952 0.009741 0.005703
0 0.235136 0.144487 0.009741 0.005703
0 0.283507 0.155181 0.009741 0.005703
0 0.283507 0.149952 0.009741 0.005703
0 0.331878 0.152567 0.009741 0.005703
0 0.331878 0.147101 0.009741 0.005703
0 0.380249 0.147101 0.009741 0.005703
0 0.380249 0.141873 0.009741 0.005703
0 0.443399 0.149952 0.009741 0.005703
0 0.443399 0.144487 0.009741 0.005703
0 0.491098 0.147101 0.009741 0.005703
0 0.491098 0.141873 0.009741 0.005703
0 0.515284 0.149952 0.009741 0.005703
0 0.515284 0.144487 0.009741 0.005703
0 0.554249 0.155181 0.009741 0.005703
0 0.554249 0.149952 0.009741 0.005703
0 0.598925 0.166112 0.009741 0.005703
0 0.598925 0.160646 0.009741 0.005703
0 0.590191 0.155181 0.009741 0.005703
0 0.598925 0.152567 0.009741 0.005703
0 0.702049 0.168726 0.009741 0.005703
0 0.702049 0.155181 0.009741 0.005703
0 0.735304 0.166112 0.009741 0.005703
0 0.735304 0.160646 0.009741 0.005703
0 0.759154 0.168726 0.009741 0.005703
0 0.759154 0.163260 0.009741 0.005703
0 0.789049 0.155181 0.009741 0.005703
0 0.836748 0.158032 0.009741 0.005703
0 0.858582 0.155181 0.009741 0.005703
0 0.880417 0.158032 0.009741 0.005703
0 0.902586 0.160646 0.009741 0.005703
0 0.933826 0.158032 0.009741 0.005703
0 0.135371 0.392110 0.009741 0.005703
0 0.135371 0.378565 0.009741 0.005703
0 0.168962 0.389496 0.009741 0.005703
0 0.168962 0.384030 0.009741 0.005703
0 0.186429 0.392110 0.009741 0.005703
0 0.186429 0.386644 0.009741 0.005703
0 0.213974 0.378565 0.009741 0.005703
0 0.241854 0.394724 0.009741 0.005703
0 0.241854 0.389496 0.009741 0.005703
0 0.269399 0.392110 0.009741 0.005703
0 0.269399 0.386644 0.009741 0.005703
0 0.319449 0.378565 0.009741 0.005703
0 0.319449 0.365019 0.009741 0.005703
0 0.319449 0.359791 0.009741 0.005703
0 0.403090 0.389496 0.009741 0.005703
0 0.403090 0.384030 0.009741 0.005703
0 0.403090 0.378565 0.009741 0.005703
0 0.585489 0.378565 0.009741 0.005703
0 0.585489 0.370485 0.009741 0.005703
0 0.585489 0.365019 0.009741 0.005703
0 0.585489 0.359791 0.009741 0.005703
0 0.656701 0.389496 0.009741 0.005703
0 0.656701 0.384030 0.009741 0.005703
0 0.656701 0.375951 0.009741 0.005703
0 0.726906 0.392110 0.009741 0.005703
0 0.726906 0.386644 0.009741 0.005703
0 0.726906 0.378565 0.009741 0.005703
0 0.860934 0.440589 0.009741 0.005703
0 0.860934 0.432510 0.009741 0.005703
0 0.860934 0.421816 0.009741 0.005703
0 0.908297 0.437975 0.009741 0.005703
0 0.908297 0.432510 0.009741 0.005703
0 0.908297 0.424430 0.009741 0.005703
0 0.131676 0.671103 0.009741 0.005703
0 0.169970 0.622624 0.009741 0.005703
0 0.185086 0.620010 0.009741 0.005703
0 0.200202 0.617395 0.009741 0.005703
0 0.233456 0.625475 0.009741 0.005703
0 0.266376 0.625475 0.009741 0.005703
0 0.275445 0.622624 0.009741 0.005703
0 0.266376 0.611930 0.009741 0.005703
0 0.322136 0.625475 0.009741 0.005703
0 0.331206 0.622624 0.009741 0.005703
0 0.322136 0.611930 0.009741 0.005703
0 0.350689 0.628089 0.009741 0.005703
0 0.350689 0.622624 0.009741 0.005703
0 0.350689 0.614544 0.009741 0.005703
0 0.379241 0.630703 0.009741 0.005703
0 0.379241 0.625475 0.009741 0.005703
0 0.379241 0.617395 0.009741 0.005703
0 0.407793 0.633555 0.009741 0.005703
0 0.407793 0.628089 0.009741 0.005703
0 0.407793 0.620010 0.009741 0.005703
0 0.436345 0.636169 0.009741 0.005703
0 0.436345 0.630703 0.009741 0.005703
0 0.436345 0.622624 0.009741 0.005703
0 0.464898 0.638783 0.009741 0.005703
0 0.464898 0.633555 0.009741 0.005703
0 0.464898 0.625475 0.009741 0.005703
0 0.506886 0.641635 0.009741 0.005703
0 0.506886 0.636169 0.009741 0.005703
0 0.506886 0.628089 0.009741 0.005703
0 0.544172 0.625475 0.009741 0.005703
0 0.563319 0.638783 0.009741 0.005703
0 0.563319 0.628089 0.009741 0.005703
0 0.600605 0.625475 0.009741 0.005703
0 0.619751 0.641635 0.009741 0.005703
0 0.619751 0.630703 0.009741 0.005703
0 0.628821 0.628089 0.009741 0.005703
0 0.657037 0.625475 0.009741 0.005703
0 0.707088 0.638783 0.009741 0.005703
0 0.707088 0.633555 0.009741 0.005703
0 0.707088 0.628089 0.009741 0.005703
0 0.745045 0.620010 0.009741 0.005703
0 0.745045 0.614544 0.009741 0.005703
0 0.772926 0.617395 0.009741 0.005703
0 0.772926 0.611930 0.009741 0.005703
0 0.800470 0.614544 0.009741 0.005703
0 0.800470 0.609316 0.009741 0.005703
0 0.838764 0.620010 0.009741 0.005703
0 0.876722 0.611930 0.009741 0.005703
0 0.876722 0.606464 0.009741 0.005703
0 0.920726 0.630703 0.009741 0.005703
0 0.938193 0.628089 0.009741 0.005703
0 0.128653 0.838165 0.009741 0.005703
0 0.178703 0.851711 0.009741 0.005703
0 0.178703 0.846245 0.009741 0.005703
0 0.228754 0.849097 0.009741 0.005703
0 0.228754 0.843631 0.009741 0.005703
0 0.278804 0.846245 0.009741 0.005703
0 0.278804 0.841017 0.009741 0.005703
0 0.328855 0.843631 0.009741 0.005703
0 0.328855 0.838165 0.009741 0.005703
0 0.379241 0.843631 0.009741 0.005703
0 0.379241 0.838165 0.009741 0.005703
0 0.444743 0.841017 0.009741 0.005703
0 0.444743 0.835551 0.009741 0.005703
0 0.533087 0.849097 0.009741 0.005703
0 0.533087 0.841017 0.009741 0.005703
0 0.533087 0.830086 0.009741 0.005703
0 0.584481 0.854325 0.009741 0.005703
0 0.604636 0.851711 0.009741 0.005703
0 0.624454 0.849097 0.009741 0.005703
0 0.668794 0.851711 0.009741 0.005703
0 0.677864 0.849097 0.009741 0.005703
0 0.668794 0.843631 0.009741 0.005703
0 0.731609 0.854325 0.009741 0.005703
0 0.731609 0.841017 0.009741 0.005703
0 0.778300 0.835551 0.009741 0.005703
0 0.796775 0.832700 0.009741 0.005703
0 0.815250 0.830086 0.009741 0.005703
0 0.862277 0.878565 0.009741 0.005703
0 0.880752 0.875951 0.009741 0.005703
0 0.904266 0.873337 0.009741 0.005703
0 0.941216 0.873099 0.006718 0.004040
0 0.929795 0.875951 0.006718 0.004040
0 0.135371 0.084601 0.009741 0.005703
0 0.194491 0.081987 0.009741 0.005703
0 0.235136 0.084601 0.009741 0.005703
0 0.283507 0.090067 0.009741 0.005703
0 0.331878 0.087452 0.009741 0.005703
0 0.380249 0.081987 0.009741 0.005703
0 0.443399 0.084601 0.009741 0.005703
0 0.515284 0.076521 0.009741 0.005703
0 0.598925 0.092681 0.009741 0.005703
0 0.637890 0.090067 0.009741 0.005703
0 0.662412 0.087452 0.009741 0.005703
0 0.702049 0.084601 0.009741 0.005703
0 0.735304 0.081987 0.009741 0.005703
0 0.759154 0.084601 0.009741 0.005703
0 0.812899 0.081987 0.009741 0.005703
0 0.836748 0.084601 0.009741 0.005703
0 0.922069 0.090067 0.009741 0.005703
0 0.135371 0.322006 0.010413 0.005703
0 0.241854 0.303232 0.009741 0.005703
0 0.319449 0.303232 0.009741 0.005703
0 0.369164 0.305846 0.009741 0.005703
0 0.403090 0.308698 0.009741 0.005703
0 0.444071 0.303232 0.009741 0.005703
0 0.484716 0.305846 0.009741 0.005703
0 0.525361 0.303232 0.009741 0.005703
0 0.585489 0.300618 0.009741 0.005703
0 0.621767 0.303232 0.009741 0.005703
0 0.656701 0.305846 0.009741 0.005703
0 0.691636 0.308698 0.009741 0.005703
0 0.726906 0.311312 0.009741 0.005703
0 0.761841 0.316778 0.009741 0.005703
0 0.813571 0.313926 0.010413 0.005703
0 0.908297 0.311312 0.009741 0.005703
0 0.131676 0.545390 0.010413 0.005703
0 0.707088 0.545390 0.009741 0.005703
0 0.745045 0.531844 0.009741 0.005703
0 0.772926 0.529230 0.009741 0.005703
0 0.800470 0.526616 0.009741 0.005703
0 0.838764 0.537310 0.009741 0.005703
0 0.876722 0.523764 0.009741 0.005703
0 0.128653 0.754515 0.009741 0.005703
0 0.178703 0.757129 0.009741 0.005703
0 0.228754 0.759743 0.009741 0.005703
0 0.278804 0.762595 0.009741 0.005703
0 0.328855 0.765209 0.009741 0.005703
0 0.379241 0.767823 0.009741 0.005703
0 0.444743 0.770675 0.009741 0.005703
0 0.488747 0.767823 0.009741 0.005703
0 0.533087 0.765209 0.009741 0.005703
0 0.668794 0.765209 0.009741 0.005703
0 0.731609 0.775903 0.010413 0.005703
