0 0.112865 0.175618 0.008734 0.004990
0 0.298287 0.175618 0.008734 0.004990
0 0.448438 0.175618 0.008734 0.004990
0 0.205912 0.732414 0.009070 0.004990
0 0.300638 0.732414 0.008734 0.004990
0 0.350353 0.732414 0.008734 0.004990
0 0.412832 0.734791 0.008734 0.004990
0 0.455828 0.732414 0.008734 0.004990
0 0.506886 0.732414 0.008734 0.004990
0 0.580114 0.732414 0.008734 0.004990
0 0.673497 0.730276 0.009070 0.004990
0 0.801814 0.730276 0.008734 0.004990
0 0.917031 0.727899 0.008734 0.004990
0 0.105475 0.892348 0.008734 0.004990
0 0.460867 0.897101 0.008734 0.004990
0 0.494793 0.894724 0.008734 0.004990
0 0.112865 0.175618 0.008734 0.004990
0 0.142089 0.180371 0.008734 0.004990
0 0.171313 0.185124 0.008734 0.004990
0 0.200202 0.196768 0.008734 0.004990
0 0.298287 0.175618 0.008734 0.004990
0 0.321465 0.180371 0.008734 0.004990
0 0.344978 0.185124 0.008734 0.004990
0 0.368156 0.196768 0.008734 0.004990
0 0.448438 0.175618 0.008734 0.004990
0 0.473295 0.180371 0.008734 0.004990
0 0.498488 0.185124 0.008734 0.004990
0 0.523346 0.196768 0.008734 0.004990
0 0.523346 0.185124 0.008734 0.004990
0 0.608666 0.196768 0.009070 0.004990
0 0.608666 0.185124 0.009070 0.004990
0 0.705408 0.196768 0.008734 0.004990
0 0.705408 0.185124 0.008734 0.004990
0 0.180719 0.378327 0.008734 0.004990
0 0.180719 0.366683 0.008734 0.004990
0 0.278804 0.378327 0.009070 0.004990
0 0.278804 0.366683 0.009070 0.004990
0 0.399395 0.378327 0.009070 0.004990
0 0.399395 0.366683 0.009070 0.004990
0 0.570709 0.378327 0.008734 0.004990
0 0.570709 0.366683 0.008734 0.004990
0 0.668122 0.376188 0.009070 0.004990
0 0.668122 0.364306 0.009070 0.004990
0 0.772254 0.376188 0.009070 0.004990
0 0.772254 0.364306 0.009070 0.004990
0 0.867988 0.373812 0.009070 0.004990
0 0.867988 0.364306 0.009070 0.004990
0 0.105475 0.555846 0.009070 0.004990
0 0.105475 0.546340 0.009070 0.004990
0 0.238495 0.553470 0.009070 0.004990
0 0.238495 0.546340 0.009070 0.004990
0 0.365805 0.555846 0.009070 0.004990
0 0.365805 0.543964 0.009070 0.004990
0 0.488411 0.555846 0.009070 0.004990
0 0.488411 0.543964 0.009070 0.004990
0 0.671145 0.548717 0.009070 0.004990
0 0.843802 0.548717 0.008734 0.004990
0 0.899563 0.565352 0.008734 0.004990
0 0.107491 0.732414 0.008734 0.004990
0 0.150487 0.734791 0.008734 0.004990
0 0.249244 0.720770 0.008734 0.004990
0 0.300638 0.720770 0.009070 0.004990
0 0.412832 0.720770 0.008734 0.004990
0 0.455828 0.720770 0.008734 0.004990
0 0.506886 0.720770 0.009070 0.004990
0 0.673833 0.720770 0.008734 0.004990
0 0.723883 0.720770 0.008734 0.004990
0 0.801814 0.720770 0.008734 0.004990
0 0.917031 0.720770 0.008734 0.004990
0 0.105475 0.887595 0.008734 0.004990
0 0.138394 0.878089 0.008734 0.004990
0 0.171313 0.875713 0.008734 0.004990
0 0.204232 0.833413 0.008734 0.004990
0 0.247565 0.831036 0.008734 0.004990
0 0.320793 0.892348 0.008734 0.004990
0 0.320793 0.882842 0.008734 0.004990
0 0.406785 0.892348 0.009070 0.004990
0 0.406785 0.882842 0.009070 0.004990
0 0.551898 0.901854 0.009070 0.004990
0 0.710447 0.901854 0.008734 0.004990
0 0.737991 0.904230 0.008734 0.004990
0 0.765200 0.906369 0.008734 0.004990
0 0.792744 0.911122 0.008734 0.004990
0 0.860262 0.911122 0.009070 0.004990
0 0.593215 0.845057 0.008734 0.004990
0 0.523346 0.146150 0.008734 0.004990
0 0.551898 0.854563 0.009070 0.004990
0 0.142089 0.125000 0.008734 0.004990
0 0.171313 0.134506 0.008734 0.004990
0 0.200202 0.132129 0.008734 0.004990
0 0.229426 0.132129 0.008734 0.004990
0 0.258650 0.129753 0.008734 0.004990
0 0.321465 0.129753 0.008734 0.004990
0 0.344978 0.141397 0.008734 0.004990
0 0.368156 0.139259 0.008734 0.004990
0 0.391334 0.136882 0.008734 0.004990
0 0.414847 0.134506 0.008734 0.004990
0 0.473295 0.134506 0.008734 0.004990
0 0.498488 0.148527 0.008734 0.004990
0 0.523346 0.146150 0.008734 0.004990
0 0.548539 0.143774 0.008734 0.004990
0 0.573396 0.141397 0.008734 0.004990
0 0.608666 0.146150 0.009070 0.004990
0 0.608666 0.141397 0.009070 0.004990
0 0.705408 0.146150 0.008734 0.004990
0 0.705408 0.141397 0.008734 0.004990
0 0.910648 0.148527 0.008734 0.004990
0 0.933154 0.146150 0.008734 0.004990
0 0.115217 0.331274 0.008734 0.004990
0 0.180719 0.328897 0.008734 0.004990
0 0.278804 0.328897 0.009070 0.004990
0 0.399395 0.328897 0.009070 0.004990
0 0.570709 0.328897 0.008734 0.004990
0 0.668458 0.328897 0.008734 0.004990
0 0.716157 0.326521 0.008734 0.004990
0 0.772254 0.326521 0.009070 0.004990
0 0.867988 0.326521 0.008734 0.004990
0 0.911992 0.324144 0.008734 0.004990
0 0.105475 0.506179 0.009070 0.004990
0 0.238831 0.506179 0.008734 0.004990
0 0.294592 0.504040 0.008734 0.004990
0 0.365805 0.506179 0.009070 0.004990
0 0.488411 0.506179 0.009070 0.004990
0 0.671145 0.515684 0.009070 0.004990
0 0.671145 0.508555 0.009070 0.004990
0 0.843467 0.515684 0.009070 0.004990
0 0.843467 0.508555 0.009070 0.004990
0 0.107155 0.682985 0.009070 0.004990
0 0.107155 0.675856 0.009070 0.004990
0 0.249244 0.675856 0.008734 0.004990
0 0.300638 0.675856 0.009070 0.004990
0 0.412832 0.675856 0.008734 0.004990
0 0.455828 0.675856 0.008734 0.004990
0 0.506886 0.675856 0.009070 0.004990
0 0.673833 0.675856 0.008734 0.004990
0 0.723883 0.675856 0.008734 0.004990
0 0.801814 0.675856 0.008734 0.004990
0 0.917031 0.675856 0.008734 0.004990
0 0.105475 0.842918 0.008734 0.004990
0 0.138394 0.842918 0.008734 0.004990
0 0.138394 0.826283 0.008734 0.004990
0 0.204232 0.826283 0.008734 0.004990
0 0.204232 0.809886 0.008734 0.004990
0 0.247565 0.826283 0.008734 0.004990
0 0.247565 0.809886 0.008734 0.004990
0 0.320793 0.852186 0.008734 0.004990
0 0.320793 0.842918 0.008734 0.004990
0 0.406785 0.852186 0.009070 0.004990
0 0.406785 0.842918 0.009070 0.004990
0 0.552234 0.849810 0.008734 0.004990
0 0.560296 0.847433 0.008734 0.004990
0 0.583137 0.845057 0.008734 0.004990
0 0.634195 0.838165 0.008734 0.004990
0 0.710111 0.854563 0.009070 0.004990
0 0.710111 0.845057 0.009070 0.004990
0 0.710111 0.838165 0.009070 0.004990
0 0.860262 0.854563 0.009070 0.004990
0 0.860262 0.845057 0.009070 0.004990
0 0.860262 0.838165 0.009070 0.004990
0 0.112865 0.082937 0.008734 0.004990
0 0.171313 0.082937 0.008734 0.004990
0 0.200202 0.082937 0.008734 0.004990
0 0.258650 0.082937 0.008734 0.004990
0 0.356735 0.261882 0.008734 0.004990
0 0.399731 0.254990 0.008734 0.004990
0 0.438361 0.257129 0.008734 0.004990
0 0.476990 0.254990 0.008734 0.004990
0 0.515284 0.252614 0.008734 0.004990
0 0.570373 0.250238 0.009070 0.004990
0 0.716157 0.247861 0.008734 0.004990
0 0.772590 0.247861 0.008734 0.004990
0 0.816258 0.252614 0.008734 0.004990
0 0.911992 0.257129 0.008734 0.004990
0 0.105811 0.441302 0.008734 0.004990
0 0.165939 0.436549 0.008734 0.004990
0 0.238495 0.431797 0.009070 0.004990
0 0.365805 0.429420 0.009070 0.004990
0 0.488747 0.429420 0.008734 0.004990
0 0.530736 0.429420 0.008734 0.004990
0 0.572724 0.431797 0.008734 0.004990
0 0.615049 0.434173 0.008734 0.004990
0 0.671481 0.436549 0.008734 0.004990
0 0.711790 0.434173 0.008734 0.004990
0 0.752435 0.443441 0.008734 0.004990
0 0.792744 0.443441 0.008734 0.004990
0 0.350353 0.625713 0.008734 0.004990
0 0.412496 0.625713 0.009070 0.004990
0 0.506886 0.625713 0.008734 0.004990
0 0.543500 0.625713 0.008734 0.004990
0 0.580114 0.623337 0.008734 0.004990
0 0.616728 0.625713 0.008734 0.004990
0 0.673833 0.618584 0.008734 0.004990
0 0.755123 0.620960 0.008734 0.004990
0 0.801814 0.618584 0.008734 0.004990
0 0.840107 0.616207 0.008734 0.004990
0 0.878737 0.613831 0.008734 0.004990
0 0.917031 0.611454 0.008734 0.004990
0 0.105139 0.776378 0.009070 0.004990
0 0.320793 0.790637 0.008734 0.004990
0 0.357407 0.788260 0.008734 0.004990
0 0.406785 0.781131 0.009070 0.004990
