0 0.794088 0.324620 0.008734 0.004990
0 0.821297 0.315114 0.008734 0.004990
0 0.848169 0.308222 0.008734 0.004990
0 0.875042 0.303470 0.008734 0.004990
0 0.901915 0.308222 0.008734 0.004990
0 0.928787 0.315114 0.008734 0.004990
0 0.119248 0.509981 0.008734 0.004990
0 0.145113 0.498337 0.008734 0.004990
0 0.171313 0.493584 0.008734 0.004990
0 0.197178 0.491207 0.008734 0.004990
0 0.223043 0.493584 0.008734 0.004990
0 0.255291 0.498337 0.008734 0.004990
0 0.302654 0.509981 0.008734 0.004990
0 0.323816 0.500713 0.008734 0.004990
0 0.345314 0.493584 0.008734 0.004990
0 0.366476 0.488831 0.008734 0.004990
0 0.387974 0.493584 0.008734 0.004990
0 0.414511 0.500713 0.008734 0.004990
0 0.452805 0.509981 0.008734 0.004990
0 0.478670 0.498337 0.008734 0.004990
0 0.511253 0.493584 0.008734 0.004990
0 0.537118 0.491207 0.008734 0.004990
0 0.563319 0.493584 0.008734 0.004990
0 0.595566 0.498337 0.008734 0.004990
0 0.641921 0.509981 0.008734 0.004990
0 0.662412 0.500713 0.008734 0.004990
0 0.682902 0.493584 0.008734 0.004990
0 0.703393 0.488831 0.008734 0.004990
0 0.723883 0.493584 0.008734 0.004990
0 0.744374 0.500713 0.008734 0.004990
0 0.782667 0.509981 0.008734 0.004990
0 0.809540 0.498337 0.008734 0.004990
0 0.836412 0.493584 0.008734 0.004990
0 0.863285 0.491207 0.008734 0.004990
0 0.890158 0.493584 0.008734 0.004990
0 0.917031 0.498337 0.008734 0.004990
0 0.105475 0.703422 0.008734 0.004990
0 0.129325 0.693916 0.008734 0.004990
0 0.152838 0.686787 0.008734 0.004990
0 0.176688 0.682272 0.008734 0.004990
0 0.200537 0.686787 0.008734 0.004990
0 0.224051 0.693916 0.008734 0.004990
0 0.256298 0.703422 0.008734 0.004990
0 0.280148 0.693916 0.008734 0.004990
0 0.303661 0.686787 0.008734 0.004990
0 0.327511 0.682272 0.008734 0.004990
0 0.351360 0.686787 0.008734 0.004990
0 0.375210 0.693916 0.008734 0.004990
0 0.412496 0.703422 0.008734 0.004990
0 0.440376 0.689163 0.008734 0.004990
0 0.468257 0.682272 0.008734 0.004990
0 0.495801 0.677519 0.008734 0.004990
0 0.523682 0.682272 0.008734 0.004990
0 0.558280 0.689163 0.008734 0.004990
0 0.609002 0.703422 0.008734 0.004990
0 0.636211 0.689163 0.008734 0.004990
0 0.663420 0.682272 0.008734 0.004990
0 0.690628 0.677519 0.008734 0.004990
0 0.717837 0.682272 0.008734 0.004990
0 0.751764 0.689163 0.008734 0.004990
0 0.791737 0.703422 0.008734 0.004990
0 0.819281 0.693916 0.008734 0.004990
0 0.846490 0.689163 0.008734 0.004990
0 0.873698 0.682272 0.008734 0.004990
0 0.900907 0.689163 0.008734 0.004990
0 0.928451 0.693916 0.008734 0.004990
0 0.105475 0.897101 0.008734 0.004990
0 0.129997 0.887595 0.008734 0.004990
0 0.154518 0.882842 0.008734 0.004990
0 0.179039 0.878089 0.008734 0.004990
0 0.203561 0.882842 0.008734 0.004990
0 0.228082 0.887595 0.008734 0.004990
0 0.267719 0.897101 0.008734 0.004990
0 0.296607 0.887595 0.008734 0.004990
0 0.325495 0.882842 0.008734 0.004990
0 0.354048 0.880466 0.008734 0.004990
0 0.382936 0.882842 0.008734 0.004990
0 0.411824 0.887595 0.008734 0.004990
0 0.452469 0.897101 0.008734 0.004990
0 0.481021 0.887595 0.008734 0.004990
0 0.509909 0.882842 0.008734 0.004990
0 0.538797 0.880466 0.008734 0.004990
0 0.567350 0.882842 0.008734 0.004990
0 0.596238 0.887595 0.008734 0.004990
0 0.634867 0.897101 0.008734 0.004990
0 0.659725 0.889971 0.008734 0.004990
0 0.690628 0.885219 0.008734 0.004990
0 0.715485 0.878089 0.008734 0.004990
0 0.740343 0.885219 0.008734 0.004990
0 0.765200 0.889971 0.008734 0.004990
0 0.798455 0.897101 0.008734 0.004990
0 0.824656 0.889971 0.008734 0.004990
0 0.850857 0.885219 0.008734 0.004990
0 0.877057 0.878089 0.008734 0.004990
0 0.903258 0.885219 0.008734 0.004990
0 0.929459 0.889971 0.008734 0.004990
0 0.794088 0.263308 0.008734 0.004990
0 0.821297 0.253802 0.008734 0.004990
0 0.848169 0.270437 0.008734 0.004990
0 0.875042 0.268061 0.008734 0.004990
0 0.901915 0.265684 0.008734 0.004990
0 0.928787 0.263308 0.008734 0.004990
0 0.119248 0.448669 0.008734 0.004990
0 0.145113 0.441778 0.008734 0.004990
0 0.171313 0.458175 0.008734 0.004990
0 0.197178 0.455798 0.008734 0.004990
0 0.223043 0.451046 0.008734 0.004990
0 0.255291 0.448669 0.008734 0.004990
0 0.302654 0.448669 0.008734 0.004990
0 0.323816 0.439401 0.008734 0.004990
0 0.345314 0.455798 0.008734 0.004990
0 0.366476 0.453422 0.008734 0.004990
0 0.387974 0.451046 0.008734 0.004990
0 0.414511 0.448669 0.008734 0.004990
0 0.452805 0.448669 0.008734 0.004990
0 0.478670 0.441778 0.008734 0.004990
0 0.511253 0.458175 0.008734 0.004990
0 0.537118 0.455798 0.008734 0.004990
0 0.563319 0.451046 0.008734 0.004990
0 0.595566 0.448669 0.008734 0.004990
0 0.641921 0.448669 0.008734 0.004990
0 0.662412 0.439401 0.008734 0.004990
0 0.682902 0.455798 0.008734 0.004990
0 0.703393 0.453422 0.008734 0.004990
0 0.723883 0.451046 0.008734 0.004990
0 0.744374 0.448669 0.008734 0.004990
0 0.782667 0.448669 0.008734 0.004990
0 0.809540 0.441778 0.008734 0.004990
0 0.836412 0.458175 0.008734 0.004990
0 0.863285 0.455798 0.008734 0.004990
0 0.890158 0.451046 0.008734 0.004990
0 0.917031 0.448669 0.008734 0.004990
0 0.105475 0.642110 0.008734 0.004990
0 0.129325 0.632605 0.008734 0.004990
0 0.152838 0.649240 0.008734 0.004990
0 0.176688 0.646863 0.008734 0.004990
0 0.200537 0.644487 0.008734 0.004990
0 0.224051 0.642110 0.008734 0.004990
0 0.256298 0.642110 0.008734 0.004990
0 0.280148 0.632605 0.008734 0.004990
0 0.303661 0.649240 0.008734 0.004990
0 0.327511 0.646863 0.008734 0.004990
0 0.351360 0.644487 0.008734 0.004990
0 0.375210 0.642110 0.008734 0.004990
0 0.245213 0.272814 0.008734 0.004990
0 0.274773 0.270437 0.008734 0.004990
0 0.304669 0.265684 0.008734 0.004990
0 0.334565 0.263308 0.008734 0.004990
0 0.372187 0.263308 0.009070 0.004990
0 0.493786 0.263308 0.008734 0.004990
0 0.542828 0.272814 0.008734 0.004990
0 0.573396 0.270437 0.008734 0.004990
0 0.603628 0.265684 0.008734 0.004990
0 0.634195 0.263308 0.008734 0.004990
0 0.672489 0.263308 0.009070 0.004990
0 0.821297 0.253802 0.008734 0.004990
0 0.145113 0.441778 0.008734 0.004990
0 0.323816 0.439401 0.008734 0.004990
0 0.478670 0.441778 0.008734 0.004990
0 0.662412 0.439401 0.008734 0.004990
0 0.809540 0.441778 0.008734 0.004990
0 0.129325 0.632605 0.008734 0.004990
0 0.280148 0.632605 0.008734 0.004990
0 0.412496 0.642110 0.008734 0.004990
0 0.440376 0.644487 0.008734 0.004990
0 0.468257 0.642110 0.008734 0.004990
0 0.495801 0.639734 0.008734 0.004990
0 0.523682 0.637357 0.008734 0.004990
0 0.558280 0.637357 0.008734 0.004990
0 0.609002 0.637357 0.008734 0.004990
0 0.636211 0.649240 0.008734 0.004990
0 0.663420 0.646863 0.008734 0.004990
0 0.690628 0.644487 0.008734 0.004990
0 0.717837 0.642110 0.008734 0.004990
0 0.751764 0.639734 0.008734 0.004990
0 0.791737 0.639734 0.008734 0.004990
0 0.819281 0.653755 0.008734 0.004990
0 0.846490 0.651616 0.008734 0.004990
0 0.873698 0.649240 0.008734 0.004990
0 0.900907 0.646863 0.008734 0.004990
0 0.928451 0.644487 0.008734 0.004990
0 0.105475 0.838165 0.008734 0.004990
0 0.129997 0.847433 0.008734 0.004990
0 0.154518 0.845057 0.008734 0.004990
0 0.179039 0.842918 0.008734 0.004990
0 0.203561 0.840542 0.008734 0.004990
0 0.228082 0.838165 0.008734 0.004990
0 0.267719 0.838165 0.008734 0.004990
0 0.296607 0.852186 0.008734 0.004990
0 0.325495 0.849810 0.008734 0.004990
0 0.354048 0.847433 0.008734 0.004990
0 0.382936 0.845057 0.008734 0.004990
0 0.411824 0.842918 0.008734 0.004990
0 0.452469 0.842918 0.008734 0.004990
0 0.481021 0.852186 0.008734 0.004990
0 0.509909 0.849810 0.008734 0.004990
0 0.538797 0.847433 0.008734 0.004990
0 0.567350 0.845057 0.008734 0.004990
0 0.596238 0.842918 0.008734 0.004990
0 0.634867 0.842918 0.008734 0.004990
0 0.659725 0.849810 0.008734 0.004990
0 0.690628 0.847433 0.008734 0.004990
0 0.715485 0.845057 0.008734 0.004990
0 0.740343 0.842918 0.008734 0.004990
0 0.765200 0.840542 0.008734 0.004990
0 0.798455 0.840542 0.008734 0.004990
0 0.824656 0.849810 0.008734 0.004990
0 0.850857 0.847433 0.008734 0.004990
0 0.877057 0.845057 0.008734 0.004990
0 0.903258 0.842918 0.008734 0.004990
0 0.929459 0.840542 0.008734 0.004990
0 0.239167 0.399240 0.008734 0.004990
0 0.302654 0.394487 0.008734 0.004990
0 0.401075 0.399240 0.008734 0.004990
0 0.452805 0.399240 0.008734 0.004990
0 0.495129 0.399240 0.008734 0.004990
0 0.537118 0.399240 0.008734 0.004990
0 0.579442 0.399240 0.008734 0.004990
0 0.641585 0.406369 0.009070 0.004990
0 0.782667 0.403992 0.008734 0.004990
0 0.863285 0.403992 0.008734 0.004990
0 0.929123 0.403992 0.008734 0.004990
0 0.105139 0.591730 0.009070 0.004990
0 0.327511 0.584601 0.008734 0.004990
0 0.412496 0.582224 0.008734 0.004990
0 0.540813 0.584601 0.008734 0.004990
0 0.609002 0.586977 0.008734 0.004990
0 0.734632 0.589354 0.008734 0.004990
0 0.791737 0.591730 0.009070 0.004990
0 0.105475 0.784933 0.008734 0.004990
0 0.179039 0.787310 0.008734 0.004990
0 0.267719 0.789686 0.008734 0.004990
0 0.354048 0.780418 0.008734 0.004990
0 0.452469 0.775665 0.008734 0.004990
0 0.538797 0.773289 0.008734 0.004990
0 0.634867 0.770913 0.008734 0.004990
0 0.675176 0.768536 0.008734 0.004990
0 0.715485 0.766160 0.008734 0.004990
0 0.798119 0.766160 0.009070 0.004990
