0 0.168290 0.224097 0.009070 0.005466
0 0.168290 0.206274 0.009070 0.005466
0 0.194155 0.206274 0.009070 0.005466
0 0.194155 0.188688 0.009070 0.005466
0 0.254283 0.224097 0.009070 0.005466
0 0.254283 0.206274 0.009070 0.005466
0 0.288546 0.226473 0.009070 0.005466
0 0.288546 0.208888 0.009070 0.005466
0 0.314410 0.193679 0.009070 0.005466
0 0.314410 0.186074 0.009070 0.005466
0 0.439704 0.218869 0.009070 0.005466
0 0.465569 0.201283 0.009070 0.005466
0 0.465569 0.186074 0.009070 0.005466
0 0.491098 0.201283 0.009070 0.005466
0 0.491098 0.186074 0.009070 0.005466
0 0.574404 0.211264 0.009070 0.005466
0 0.574404 0.201283 0.009070 0.005466
0 0.602620 0.188688 0.009070 0.005466
0 0.641250 0.213878 0.009741 0.005466
0 0.641250 0.206274 0.009741 0.005466
0 0.641250 0.201283 0.009741 0.005466
0 0.694659 0.211264 0.009070 0.005466
0 0.694659 0.206274 0.009070 0.005466
0 0.703393 0.203660 0.009070 0.005466
0 0.770238 0.213878 0.009070 0.005466
0 0.770238 0.206274 0.009070 0.005466
0 0.770238 0.201283 0.009070 0.005466
0 0.802150 0.216492 0.009070 0.005466
0 0.802150 0.206274 0.009070 0.005466
0 0.810883 0.203660 0.009070 0.005466
0 0.851864 0.216492 0.009070 0.005466
0 0.851864 0.206274 0.009070 0.005466
0 0.851864 0.201283 0.009070 0.005466
0 0.215653 0.422766 0.009741 0.005466
0 0.360430 0.440352 0.009070 0.005466
0 0.360430 0.422766 0.009070 0.005466
0 0.447766 0.435361 0.009070 0.005466
0 0.466241 0.425380 0.009070 0.005466
0 0.484380 0.435361 0.009070 0.005466
0 0.502855 0.425380 0.009070 0.005466
0 0.520994 0.435361 0.009070 0.005466
0 0.539133 0.425380 0.009070 0.005466
0 0.567014 0.435361 0.009070 0.005466
0 0.585825 0.422766 0.009070 0.005466
0 0.604300 0.435361 0.009070 0.005466
0 0.622439 0.422766 0.009070 0.005466
0 0.640914 0.435361 0.009070 0.005466
0 0.659725 0.422766 0.009070 0.005466
0 0.699026 0.435361 0.009070 0.005466
0 0.720188 0.420152 0.009070 0.005466
0 0.741014 0.435361 0.009070 0.005466
0 0.761841 0.420152 0.009070 0.005466
0 0.782667 0.435361 0.009070 0.005466
0 0.803493 0.420152 0.009070 0.005466
0 0.824992 0.435361 0.009070 0.005466
0 0.845818 0.425380 0.009070 0.005466
0 0.872019 0.435361 0.009070 0.005466
0 0.892845 0.425380 0.009070 0.005466
0 0.913671 0.435361 0.009070 0.005466
0 0.934498 0.425380 0.009070 0.005466
0 0.153174 0.660646 0.009070 0.005466
0 0.174337 0.650428 0.009070 0.005466
0 0.195499 0.660646 0.009070 0.005466
0 0.216661 0.650428 0.009070 0.005466
0 0.237823 0.660646 0.009070 0.005466
0 0.258650 0.650428 0.009070 0.005466
0 0.280484 0.665637 0.009070 0.005466
0 0.301646 0.648051 0.009070 0.005466
0 0.322808 0.665637 0.009070 0.005466
0 0.343635 0.648051 0.009070 0.005466
0 0.364797 0.665637 0.009070 0.005466
0 0.385959 0.648051 0.009070 0.005466
0 0.418542 0.655656 0.009070 0.005466
0 0.440712 0.645437 0.009070 0.005466
0 0.462882 0.655656 0.009070 0.005466
0 0.484716 0.645437 0.009070 0.005466
0 0.506886 0.655656 0.009070 0.005466
0 0.529056 0.645437 0.009070 0.005466
0 0.551226 0.658032 0.009070 0.005466
0 0.573396 0.642823 0.009070 0.005466
0 0.595566 0.658032 0.009070 0.005466
0 0.617400 0.650428 0.009070 0.005466
0 0.639570 0.668251 0.009070 0.005466
0 0.661740 0.650428 0.009070 0.005466
0 0.702721 0.665637 0.009070 0.005466
0 0.723211 0.648051 0.009070 0.005466
0 0.744038 0.665637 0.009070 0.005466
0 0.764864 0.648051 0.009070 0.005466
0 0.785690 0.665637 0.009070 0.005466
0 0.806181 0.648051 0.009070 0.005466
0 0.827007 0.665637 0.009070 0.005466
0 0.847833 0.648051 0.009070 0.005466
0 0.868660 0.665637 0.009070 0.005466
0 0.889150 0.648051 0.009070 0.005466
0 0.909976 0.665637 0.009070 0.005466
0 0.930803 0.648051 0.009070 0.005466
0 0.147128 0.907319 0.009070 0.005466
0 0.166275 0.889496 0.009070 0.005466
0 0.185086 0.907319 0.009070 0.005466
0 0.204232 0.889496 0.009070 0.005466
0 0.223379 0.907319 0.009070 0.005466
0 0.242526 0.889496 0.009070 0.005466
0 0.264024 0.909696 0.009070 0.005466
0 0.284515 0.892110 0.009070 0.005466
0 0.303325 0.909696 0.009070 0.005466
0 0.334229 0.892110 0.009070 0.005466
0 0.353376 0.909696 0.009070 0.005466
0 0.372523 0.892110 0.009070 0.005466
0 0.407121 0.909696 0.009070 0.005466
0 0.428955 0.892110 0.009070 0.005466
0 0.451125 0.909696 0.009070 0.005466
0 0.472959 0.892110 0.009070 0.005466
0 0.494793 0.909696 0.009070 0.005466
0 0.516963 0.892110 0.009070 0.005466
0 0.538797 0.902091 0.009070 0.005466
0 0.560967 0.892110 0.009070 0.005466
0 0.582801 0.902091 0.009070 0.005466
0 0.604636 0.884506 0.009070 0.005466
0 0.626806 0.902091 0.009070 0.005466
0 0.652335 0.884506 0.009070 0.005466
0 0.689620 0.894487 0.009070 0.005466
0 0.710447 0.884506 0.009070 0.005466
0 0.735976 0.894487 0.009070 0.005466
0 0.756802 0.879515 0.009070 0.005466
0 0.777964 0.881892 0.009070 0.005466
0 0.798791 0.884506 0.009070 0.005466
0 0.694659 0.145675 0.009070 0.005466
0 0.694659 0.135456 0.009070 0.005466
0 0.802150 0.140684 0.009070 0.005466
0 0.756802 0.839354 0.009070 0.005466
0 0.756802 0.834363 0.009070 0.005466
0 0.168290 0.160884 0.009070 0.005466
0 0.168290 0.155656 0.009070 0.005466
0 0.168290 0.143061 0.009070 0.005466
0 0.194155 0.160884 0.009070 0.005466
0 0.194155 0.155656 0.009070 0.005466
0 0.194155 0.143061 0.009070 0.005466
0 0.254283 0.160884 0.009070 0.005466
0 0.254283 0.153279 0.009070 0.005466
0 0.254283 0.143061 0.009070 0.005466
0 0.288546 0.158270 0.009070 0.005466
0 0.288546 0.153279 0.009070 0.005466
0 0.288546 0.145675 0.009070 0.005466
0 0.288546 0.140684 0.009070 0.005466
0 0.314410 0.158270 0.009070 0.005466
0 0.314410 0.153279 0.009070 0.005466
0 0.314410 0.145675 0.009070 0.005466
0 0.314410 0.140684 0.009070 0.005466
0 0.380584 0.163260 0.009070 0.005466
0 0.380584 0.158270 0.009070 0.005466
0 0.380584 0.153279 0.009070 0.005466
0 0.439704 0.163260 0.009070 0.005466
0 0.439704 0.158270 0.009070 0.005466
0 0.448102 0.155656 0.009070 0.005466
0 0.465569 0.160884 0.009070 0.005466
0 0.465569 0.155656 0.009070 0.005466
0 0.491098 0.155656 0.009070 0.005466
0 0.491098 0.143061 0.009070 0.005466
0 0.574404 0.160884 0.009070 0.005466
0 0.574404 0.148289 0.009070 0.005466
0 0.574404 0.143061 0.009070 0.005466
0 0.641250 0.143061 0.009741 0.005466
0 0.641250 0.130466 0.009741 0.005466
0 0.641250 0.125475 0.009741 0.005466
0 0.694659 0.128089 0.009070 0.005466
0 0.715821 0.130466 0.009070 0.005466
0 0.736648 0.128089 0.009070 0.005466
0 0.770238 0.143061 0.009070 0.005466
0 0.770238 0.135456 0.009070 0.005466
0 0.770238 0.125475 0.009070 0.005466
0 0.802150 0.133080 0.009070 0.005466
0 0.818609 0.135456 0.009070 0.005466
0 0.835405 0.133080 0.009070 0.005466
0 0.851864 0.140684 0.009070 0.005466
0 0.851864 0.130466 0.009070 0.005466
0 0.868324 0.135456 0.009070 0.005466
0 0.884783 0.140684 0.009070 0.005466
0 0.901243 0.148289 0.009070 0.005466
0 0.917702 0.153279 0.009070 0.005466
0 0.934162 0.158270 0.009070 0.005466
0 0.147128 0.384030 0.009070 0.005466
0 0.169970 0.384030 0.009070 0.005466
0 0.169970 0.376663 0.009070 0.005466
0 0.169970 0.371435 0.009070 0.005466
0 0.192812 0.384030 0.009070 0.005466
0 0.192812 0.376663 0.009070 0.005466
0 0.192812 0.371435 0.009070 0.005466
0 0.215653 0.384030 0.009070 0.005466
0 0.215653 0.376663 0.009070 0.005466
0 0.215653 0.371435 0.009070 0.005466
0 0.238495 0.384030 0.009070 0.005466
0 0.238495 0.376663 0.009070 0.005466
0 0.238495 0.371435 0.009070 0.005466
0 0.261673 0.384030 0.009070 0.005466
0 0.261673 0.376663 0.009070 0.005466
0 0.261673 0.371435 0.009070 0.005466
0 0.284515 0.381654 0.009070 0.005466
0 0.284515 0.371435 0.009070 0.005466
0 0.292912 0.369059 0.009070 0.005466
0 0.307356 0.381654 0.009070 0.005466
0 0.307356 0.371435 0.009070 0.005466
0 0.315754 0.369059 0.009070 0.005466
0 0.330198 0.381654 0.009070 0.005466
0 0.330198 0.371435 0.009070 0.005466
0 0.338596 0.369059 0.009070 0.005466
0 0.360430 0.381654 0.009070 0.005466
0 0.360430 0.371435 0.009070 0.005466
0 0.360430 0.366445 0.009070 0.005466
0 0.383272 0.381654 0.009070 0.005466
0 0.383272 0.371435 0.009070 0.005466
0 0.383272 0.366445 0.009070 0.005466
0 0.406114 0.381654 0.009070 0.005466
0 0.406114 0.371435 0.009070 0.005466
0 0.406114 0.366445 0.009070 0.005466
0 0.447766 0.379040 0.009070 0.005466
0 0.447766 0.366445 0.009070 0.005466
0 0.466241 0.371435 0.009070 0.005466
0 0.484380 0.379040 0.009070 0.005466
0 0.484380 0.366445 0.009070 0.005466
0 0.502855 0.371435 0.009070 0.005466
0 0.520994 0.379040 0.009070 0.005466
0 0.520994 0.366445 0.009070 0.005466
0 0.539133 0.371435 0.009070 0.005466
0 0.567014 0.381654 0.009070 0.005466
0 0.567014 0.369059 0.009070 0.005466
0 0.585825 0.371435 0.009070 0.005466
0 0.604300 0.381654 0.009070 0.005466
0 0.604300 0.369059 0.009070 0.005466
0 0.622439 0.371435 0.009070 0.005466
0 0.640914 0.381654 0.009070 0.005466
0 0.640914 0.369059 0.009070 0.005466
0 0.659725 0.371435 0.009070 0.005466
0 0.699026 0.381654 0.009070 0.005466
0 0.699026 0.369059 0.009070 0.005466
0 0.720188 0.379040 0.009070 0.005466
0 0.741014 0.381654 0.009070 0.005466
0 0.741014 0.369059 0.009070 0.005466
0 0.761841 0.379040 0.009070 0.005466
0 0.782667 0.381654 0.009070 0.005466
0 0.782667 0.369059 0.009070 0.005466
0 0.803493 0.379040 0.009070 0.005466
0 0.824992 0.381654 0.009070 0.005466
0 0.824992 0.369059 0.009070 0.005466
0 0.845818 0.374049 0.009070 0.005466
0 0.872019 0.381654 0.009070 0.005466
0 0.872019 0.369059 0.009070 0.005466
0 0.892845 0.374049 0.009070 0.005466
0 0.913671 0.381654 0.009070 0.005466
0 0.913671 0.369059 0.009070 0.005466
0 0.934498 0.374049 0.009070 0.005466
0 0.153174 0.615019 0.009070 0.005466
0 0.153174 0.597433 0.009070 0.005466
0 0.174337 0.602424 0.009070 0.005466
0 0.195499 0.615019 0.009070 0.005466
0 0.195499 0.597433 0.009070 0.005466
0 0.216661 0.602424 0.009070 0.005466
0 0.237823 0.615019 0.009070 0.005466
0 0.237823 0.597433 0.009070 0.005466
0 0.258650 0.602424 0.009070 0.005466
0 0.280484 0.612643 0.009070 0.005466
0 0.280484 0.597433 0.009070 0.005466
0 0.301646 0.602424 0.009070 0.005466
0 0.322808 0.612643 0.009070 0.005466
0 0.322808 0.597433 0.009070 0.005466
0 0.343635 0.602424 0.009070 0.005466
0 0.364797 0.612643 0.009070 0.005466
0 0.364797 0.597433 0.009070 0.005466
0 0.385959 0.602424 0.009070 0.005466
0 0.418542 0.610029 0.009070 0.005466
0 0.418542 0.597433 0.009070 0.005466
0 0.440712 0.605038 0.009070 0.005466
0 0.462882 0.610029 0.009070 0.005466
0 0.462882 0.592443 0.009070 0.005466
0 0.484716 0.605038 0.009070 0.005466
0 0.506886 0.610029 0.009070 0.005466
0 0.506886 0.597433 0.009070 0.005466
0 0.529056 0.605038 0.009070 0.005466
0 0.551226 0.612643 0.009070 0.005466
0 0.551226 0.594819 0.009070 0.005466
0 0.573396 0.607652 0.009070 0.005466
0 0.595566 0.612643 0.009070 0.005466
0 0.595566 0.597433 0.009070 0.005466
0 0.617400 0.605038 0.009070 0.005466
0 0.639570 0.612643 0.009070 0.005466
0 0.639570 0.597433 0.009070 0.005466
0 0.661740 0.605038 0.009070 0.005466
0 0.702721 0.615019 0.009070 0.005466
0 0.702721 0.597433 0.009070 0.005466
0 0.723211 0.602424 0.009070 0.005466
0 0.744038 0.615019 0.009070 0.005466
0 0.744038 0.597433 0.009070 0.005466
0 0.764864 0.602424 0.009070 0.005466
0 0.785690 0.615019 0.009070 0.005466
0 0.785690 0.597433 0.009070 0.005466
0 0.806181 0.602424 0.009070 0.005466
0 0.827007 0.612643 0.009070 0.005466
0 0.827007 0.597433 0.009070 0.005466
0 0.847833 0.602424 0.009070 0.005466
0 0.868660 0.612643 0.009070 0.005466
0 0.868660 0.597433 0.009070 0.005466
0 0.889150 0.602424 0.009070 0.005466
0 0.909976 0.612643 0.009070 0.005466
0 0.909976 0.600048 0.009070 0.005466
0 0.930803 0.602424 0.009070 0.005466
0 0.147128 0.839354 0.009070 0.005466
0 0.147128 0.821768 0.009070 0.005466
0 0.166275 0.829373 0.009070 0.005466
0 0.185086 0.839354 0.009070 0.005466
0 0.185086 0.821768 0.009070 0.005466
0 0.204232 0.829373 0.009070 0.005466
0 0.223379 0.839354 0.009070 0.005466
0 0.223379 0.821768 0.009070 0.005466
0 0.242526 0.829373 0.009070 0.005466
0 0.264024 0.839354 0.009070 0.005466
0 0.264024 0.821768 0.009070 0.005466
0 0.284515 0.831987 0.009070 0.005466
0 0.303325 0.839354 0.009070 0.005466
0 0.303325 0.821768 0.009070 0.005466
0 0.334229 0.831987 0.009070 0.005466
0 0.353376 0.839354 0.009070 0.005466
0 0.353376 0.821768 0.009070 0.005466
0 0.372523 0.831987 0.009070 0.005466
0 0.407121 0.839354 0.009070 0.005466
0 0.407121 0.821768 0.009070 0.005466
0 0.428955 0.831987 0.009070 0.005466
0 0.451125 0.839354 0.009070 0.005466
0 0.451125 0.821768 0.009070 0.005466
0 0.472959 0.831987 0.009070 0.005466
0 0.494793 0.839354 0.009070 0.005466
0 0.494793 0.821768 0.009070 0.005466
0 0.516963 0.831987 0.009070 0.005466
0 0.538797 0.841968 0.009070 0.005466
0 0.538797 0.824382 0.009070 0.005466
0 0.560967 0.831987 0.009070 0.005466
0 0.582801 0.841968 0.009070 0.005466
0 0.582801 0.824382 0.009070 0.005466
0 0.604636 0.831987 0.009070 0.005466
0 0.626806 0.841968 0.009070 0.005466
0 0.626806 0.831987 0.009070 0.005466
0 0.626806 0.826759 0.009070 0.005466
0 0.652335 0.841968 0.009070 0.005466
0 0.652335 0.831987 0.009070 0.005466
0 0.660732 0.829373 0.009070 0.005466
0 0.710447 0.839354 0.009070 0.005466
0 0.710447 0.834363 0.009070 0.005466
0 0.735976 0.839354 0.009070 0.005466
0 0.735976 0.834363 0.009070 0.005466
0 0.735976 0.829373 0.009070 0.005466
0 0.756802 0.824382 0.009070 0.005466
0 0.777964 0.826759 0.009070 0.005466
0 0.798791 0.829373 0.009070 0.005466
0 0.819617 0.834363 0.009070 0.005466
0 0.819617 0.821768 0.009070 0.005466
0 0.819617 0.816778 0.009070 0.005466
0 0.840443 0.834363 0.009070 0.005466
0 0.840443 0.821768 0.009070 0.005466
0 0.840443 0.816778 0.009070 0.005466
0 0.866644 0.834363 0.009070 0.005466
0 0.866644 0.821768 0.009070 0.005466
0 0.866644 0.816778 0.009070 0.005466
0 0.887471 0.834363 0.009070 0.005466
0 0.887471 0.821768 0.009070 0.005466
0 0.887471 0.816778 0.009070 0.005466
0 0.908633 0.834363 0.009070 0.005466
0 0.908633 0.821768 0.009070 0.005466
0 0.908633 0.816778 0.009070 0.005466
0 0.934498 0.834363 0.009070 0.005466
0 0.934498 0.821768 0.009070 0.005466
0 0.934498 0.816778 0.009070 0.005466
0 0.168290 0.063688 0.009070 0.005466
0 0.219684 0.071293 0.009070 0.005466
0 0.240846 0.068679 0.009070 0.005466
0 0.267383 0.076283 0.009070 0.005466
0 0.288546 0.073907 0.009070 0.005466
0 0.349681 0.088878 0.009070 0.005466
0 0.380584 0.086502 0.009070 0.005466
0 0.439704 0.081274 0.009070 0.005466
0 0.516963 0.083888 0.009070 0.005466
0 0.574740 0.086502 0.014108 0.005466
0 0.770238 0.086502 0.009070 0.005466
0 0.447766 0.299430 0.009741 0.005466
0 0.622439 0.309411 0.009070 0.005466
0 0.640914 0.307034 0.009070 0.005466
0 0.659725 0.304420 0.009070 0.005466
0 0.699362 0.301806 0.009741 0.005466
0 0.824992 0.304420 0.009070 0.005466
0 0.892845 0.307034 0.009070 0.005466
0 0.153510 0.536122 0.009741 0.005466
0 0.280484 0.528517 0.009070 0.005466
0 0.343635 0.536122 0.009070 0.005466
0 0.418542 0.530894 0.009741 0.005466
0 0.702721 0.523527 0.009741 0.005466
0 0.889150 0.533508 0.009070 0.005466
0 0.909976 0.530894 0.009070 0.005466
0 0.930803 0.528517 0.009070 0.005466
0 0.147128 0.751188 0.009070 0.005466
0 0.204232 0.743584 0.009070 0.005466
0 0.264024 0.746198 0.009070 0.005466
0 0.334229 0.748574 0.009070 0.005466
0 0.407121 0.751188 0.009070 0.005466
0 0.472959 0.748574 0.009741 0.005466
0 0.604636 0.758793 0.009070 0.005466
0 0.689620 0.756179 0.009741 0.005466
0 0.819617 0.756179 0.009070 0.005466
0 0.887471 0.768774 0.009070 0.005466
0 0.921397 0.768774 0.009070 0.005466
