0 0.586832 0.253802 0.009405 0.005466
0 0.655022 0.230751 0.009741 0.005466
0 0.780988 0.230751 0.009741 0.005466
0 0.118912 0.507842 0.009405 0.005466
0 0.118912 0.489781 0.009405 0.005466
0 0.150151 0.489781 0.009405 0.005466
0 0.181391 0.489781 0.009741 0.005466
0 0.516963 0.489781 0.009741 0.005466
0 0.494458 0.507842 0.006382 0.003802
0 0.611690 0.484791 0.009741 0.005466
0 0.507222 0.745485 0.009405 0.005466
0 0.507222 0.727424 0.009405 0.005466
0 0.556601 0.755703 0.009405 0.005466
0 0.556601 0.737643 0.009405 0.005466
0 0.774941 0.745485 0.009405 0.005466
0 0.774941 0.727424 0.009405 0.005466
0 0.824320 0.755703 0.009405 0.005466
0 0.824320 0.737643 0.009405 0.005466
0 0.176352 0.898051 0.009405 0.005466
0 0.176352 0.880228 0.009405 0.005466
0 0.222036 0.908270 0.009405 0.005466
0 0.222036 0.890447 0.009405 0.005466
0 0.643937 0.908270 0.009405 0.005466
0 0.782331 0.908270 0.009405 0.005466
0 0.122271 0.240970 0.009405 0.005466
0 0.191804 0.246198 0.009405 0.005466
0 0.261337 0.253802 0.009405 0.005466
0 0.360430 0.261407 0.009405 0.005466
0 0.360430 0.243584 0.009405 0.005466
0 0.426604 0.238356 0.009405 0.005466
0 0.494122 0.233365 0.009405 0.005466
0 0.586832 0.230751 0.009405 0.005466
0 0.586832 0.220532 0.009405 0.005466
0 0.586832 0.215304 0.009405 0.005466
0 0.655022 0.220532 0.009741 0.005466
0 0.709775 0.215304 0.009741 0.005466
0 0.781323 0.220532 0.009405 0.005466
0 0.810212 0.215304 0.009405 0.005466
0 0.839436 0.225760 0.009405 0.005466
0 0.868660 0.220532 0.009405 0.005466
0 0.897548 0.230751 0.009405 0.005466
0 0.926772 0.225760 0.009405 0.005466
0 0.150151 0.484791 0.009405 0.005466
0 0.181391 0.482177 0.009405 0.005466
0 0.212966 0.479563 0.009405 0.005466
0 0.244206 0.476949 0.009405 0.005466
0 0.275781 0.474572 0.009405 0.005466
0 0.319449 0.512833 0.009405 0.005466
0 0.319449 0.495010 0.009405 0.005466
0 0.376218 0.489781 0.009741 0.005466
0 0.376218 0.484791 0.009741 0.005466
0 0.432986 0.476949 0.009741 0.005466
0 0.516963 0.479563 0.009405 0.005466
0 0.612026 0.476949 0.009405 0.005466
0 0.643601 0.474572 0.009405 0.005466
0 0.675176 0.471958 0.009405 0.005466
0 0.741350 0.471958 0.009741 0.005466
0 0.718844 0.510456 0.006382 0.003802
0 0.718844 0.492633 0.006382 0.003802
0 0.848505 0.476949 0.009741 0.005466
0 0.121935 0.714591 0.009741 0.005466
0 0.121935 0.709601 0.009741 0.005466
0 0.226738 0.717205 0.009405 0.005466
0 0.226738 0.712215 0.009405 0.005466
0 0.288210 0.717205 0.009405 0.005466
0 0.288210 0.712215 0.009405 0.005466
0 0.332550 0.717205 0.009741 0.005466
0 0.332550 0.712215 0.009741 0.005466
0 0.467585 0.719819 0.009741 0.005466
0 0.467585 0.714591 0.009741 0.005466
0 0.467585 0.709601 0.009741 0.005466
0 0.636547 0.732652 0.009741 0.005466
0 0.636547 0.722433 0.009741 0.005466
0 0.636547 0.714591 0.009741 0.005466
0 0.636547 0.709601 0.009741 0.005466
0 0.735304 0.719819 0.009741 0.005466
0 0.735304 0.714591 0.009741 0.005466
0 0.735304 0.709601 0.009741 0.005466
0 0.890830 0.722433 0.009741 0.005466
0 0.890830 0.717205 0.009741 0.005466
0 0.890830 0.712215 0.009741 0.005466
0 0.139402 0.872624 0.009741 0.005466
0 0.139402 0.867395 0.009741 0.005466
0 0.139402 0.862405 0.009741 0.005466
0 0.289217 0.875000 0.009405 0.005466
0 0.289217 0.870010 0.009405 0.005466
0 0.289217 0.862405 0.009405 0.005466
0 0.344978 0.877614 0.009405 0.005466
0 0.344978 0.872624 0.009405 0.005466
0 0.344978 0.864781 0.009405 0.005466
0 0.379241 0.877614 0.009405 0.005466
0 0.379241 0.872624 0.009405 0.005466
0 0.379241 0.864781 0.009405 0.005466
0 0.410816 0.872624 0.009405 0.005466
0 0.410816 0.867395 0.009405 0.005466
0 0.410816 0.859791 0.009405 0.005466
0 0.459523 0.880228 0.009405 0.005466
0 0.459523 0.875000 0.009405 0.005466
0 0.459523 0.867395 0.009405 0.005466
0 0.508230 0.880228 0.009405 0.005466
0 0.508230 0.875000 0.009405 0.005466
0 0.508230 0.867395 0.009405 0.005466
0 0.533087 0.882842 0.009405 0.005466
0 0.533087 0.877614 0.009405 0.005466
0 0.533087 0.870010 0.009405 0.005466
0 0.557944 0.877614 0.009405 0.005466
0 0.557944 0.872624 0.009405 0.005466
0 0.557944 0.864781 0.009405 0.005466
0 0.611354 0.890447 0.009741 0.005466
0 0.611354 0.880228 0.009741 0.005466
0 0.611354 0.872624 0.009741 0.005466
0 0.750084 0.890447 0.009741 0.005466
0 0.750084 0.880228 0.009741 0.005466
0 0.750084 0.872624 0.009741 0.005466
0 0.894861 0.872624 0.009741 0.005466
0 0.894861 0.862405 0.009741 0.005466
0 0.360094 0.173954 0.009741 0.005466
0 0.459187 0.179183 0.009741 0.005466
0 0.668122 0.161122 0.009741 0.005466
0 0.794424 0.161122 0.009405 0.005466
0 0.839436 0.161122 0.009405 0.005466
0 0.897548 0.163736 0.009405 0.005466
0 0.118576 0.426093 0.009741 0.005466
0 0.118576 0.408270 0.009741 0.005466
0 0.319449 0.428707 0.009405 0.005466
0 0.404770 0.431321 0.009405 0.005466
0 0.433322 0.433935 0.009405 0.005466
0 0.461538 0.436312 0.009405 0.005466
0 0.741350 0.426093 0.009741 0.005466
0 0.884447 0.428707 0.009405 0.005466
0 0.121935 0.678707 0.009741 0.005466
0 0.226738 0.678707 0.009405 0.005466
0 0.288210 0.678707 0.009405 0.005466
0 0.332550 0.686312 0.009741 0.005466
0 0.332550 0.681084 0.009741 0.005466
0 0.611354 0.867395 0.009741 0.005466
0 0.121935 0.156131 0.009741 0.005466
0 0.121935 0.150903 0.009741 0.005466
0 0.226402 0.161122 0.009741 0.005466
0 0.360094 0.163736 0.009741 0.005466
0 0.494122 0.166350 0.009405 0.005466
0 0.586832 0.166350 0.009405 0.005466
0 0.655022 0.168964 0.009405 0.005466
0 0.655022 0.150903 0.009405 0.005466
0 0.709775 0.171340 0.009405 0.005466
0 0.709775 0.153517 0.009405 0.005466
0 0.780316 0.171340 0.009741 0.005466
0 0.780316 0.153517 0.009741 0.005466
0 0.127981 0.415875 0.009405 0.005466
0 0.181391 0.415875 0.009405 0.005466
0 0.181391 0.398051 0.009405 0.005466
0 0.244206 0.418489 0.009405 0.005466
0 0.244206 0.400665 0.009405 0.005466
0 0.319449 0.418489 0.009405 0.005466
0 0.319449 0.400665 0.009405 0.005466
0 0.376554 0.410884 0.009405 0.005466
0 0.376554 0.392823 0.009405 0.005466
0 0.433322 0.413260 0.009405 0.005466
0 0.433322 0.395437 0.009405 0.005466
0 0.516963 0.413260 0.009405 0.005466
0 0.516963 0.395437 0.009405 0.005466
0 0.548539 0.408270 0.009405 0.005466
0 0.548539 0.390209 0.009405 0.005466
0 0.580450 0.410884 0.009405 0.005466
0 0.580450 0.392823 0.009405 0.005466
0 0.612026 0.413260 0.009405 0.005466
0 0.612026 0.395437 0.009405 0.005466
0 0.643601 0.415875 0.009405 0.005466
0 0.643601 0.398051 0.009405 0.005466
0 0.675176 0.418489 0.009405 0.005466
0 0.675176 0.400665 0.009405 0.005466
0 0.741686 0.421103 0.009405 0.005466
0 0.741686 0.403042 0.009405 0.005466
0 0.777293 0.418489 0.009405 0.005466
0 0.777293 0.400665 0.009405 0.005466
0 0.812899 0.423479 0.009405 0.005466
0 0.812899 0.405656 0.009405 0.005466
0 0.920054 0.421103 0.009405 0.005466
0 0.920054 0.403042 0.009405 0.005466
0 0.122271 0.660646 0.009405 0.005466
0 0.148136 0.658032 0.009405 0.005466
0 0.174001 0.663260 0.009405 0.005466
0 0.252603 0.660646 0.009405 0.005466
0 0.288210 0.665875 0.009405 0.005466
0 0.360766 0.663260 0.009405 0.005466
0 0.389318 0.668489 0.009405 0.005466
0 0.467585 0.678707 0.009741 0.005466
0 0.467585 0.673479 0.009741 0.005466
0 0.467585 0.668489 0.009741 0.005466
0 0.636547 0.681084 0.009741 0.005466
0 0.636547 0.673479 0.009741 0.005466
0 0.636547 0.668489 0.009741 0.005466
0 0.636547 0.663260 0.009741 0.005466
0 0.735304 0.678707 0.009741 0.005466
0 0.735304 0.673479 0.009741 0.005466
0 0.735304 0.668489 0.009741 0.005466
0 0.890830 0.681084 0.009741 0.005466
0 0.890830 0.676093 0.009741 0.005466
0 0.890830 0.670865 0.009741 0.005466
0 0.890830 0.663260 0.009741 0.005466
0 0.139402 0.825095 0.009741 0.005466
0 0.139402 0.820105 0.009741 0.005466
0 0.139402 0.814876 0.009741 0.005466
0 0.289217 0.827709 0.009405 0.005466
0 0.289217 0.822481 0.009405 0.005466
0 0.289217 0.814876 0.009405 0.005466
0 0.344978 0.830323 0.009405 0.005466
0 0.344978 0.825095 0.009405 0.005466
0 0.344978 0.817490 0.009405 0.005466
0 0.379241 0.830323 0.009405 0.005466
0 0.379241 0.825095 0.009405 0.005466
0 0.379241 0.817490 0.009405 0.005466
0 0.410816 0.825095 0.009405 0.005466
0 0.410816 0.820105 0.009405 0.005466
0 0.410816 0.812262 0.009405 0.005466
0 0.459523 0.832700 0.009405 0.005466
0 0.459523 0.827709 0.009405 0.005466
0 0.459523 0.820105 0.009405 0.005466
0 0.508230 0.832700 0.009405 0.005466
0 0.508230 0.827709 0.009405 0.005466
0 0.508230 0.820105 0.009405 0.005466
0 0.533087 0.835314 0.009405 0.005466
0 0.533087 0.830323 0.009405 0.005466
0 0.533087 0.822481 0.009405 0.005466
0 0.557944 0.830323 0.009405 0.005466
0 0.557944 0.825095 0.009405 0.005466
0 0.557944 0.817490 0.009405 0.005466
0 0.611354 0.832700 0.009741 0.005466
0 0.611354 0.825095 0.009741 0.005466
0 0.750084 0.837928 0.009741 0.005466
0 0.750084 0.832700 0.009741 0.005466
0 0.750084 0.825095 0.009741 0.005466
0 0.750084 0.820105 0.009741 0.005466
0 0.894861 0.825095 0.009741 0.005466
0 0.894861 0.814876 0.009741 0.005466
0 0.122271 0.089591 0.009405 0.005466
0 0.226402 0.087215 0.009405 0.005466
0 0.261337 0.084601 0.009405 0.005466
0 0.295936 0.081987 0.009405 0.005466
0 0.360430 0.076759 0.009405 0.005466
0 0.459523 0.074382 0.009405 0.005466
0 0.494122 0.074382 0.009405 0.005466
0 0.586832 0.074382 0.009405 0.005466
0 0.655022 0.074382 0.009741 0.005466
0 0.780988 0.074382 0.009741 0.005466
0 0.897548 0.076759 0.009405 0.005466
0 0.118576 0.315589 0.009741 0.005466
0 0.319449 0.315589 0.009741 0.005466
0 0.516963 0.315589 0.009741 0.005466
0 0.741686 0.315589 0.009405 0.005466
0 0.812899 0.315589 0.009405 0.005466
0 0.848505 0.320817 0.009405 0.005466
0 0.884447 0.320817 0.009405 0.005466
0 0.920054 0.325808 0.009405 0.005466
0 0.122271 0.579848 0.009405 0.005466
0 0.199866 0.577234 0.009405 0.005466
0 0.226738 0.582462 0.009405 0.005466
0 0.288210 0.582462 0.009405 0.005466
0 0.332885 0.582462 0.009405 0.005466
