0 0.687269 0.691302 0.009741 0.005466
0 0.305677 0.283508 0.009070 0.005466
0 0.340611 0.280894 0.009070 0.005466
0 0.459523 0.301093 0.009070 0.005466
0 0.498153 0.298479 0.009070 0.005466
0 0.575747 0.296103 0.009070 0.005466
0 0.614713 0.293489 0.009070 0.005466
0 0.665771 0.290875 0.009070 0.005466
0 0.758482 0.275903 0.009070 0.005466
0 0.804837 0.278279 0.009070 0.005466
0 0.862949 0.280894 0.009070 0.005466
0 0.909305 0.288498 0.009070 0.005466
0 0.909305 0.283508 0.009070 0.005466
0 0.178032 0.482414 0.009070 0.005466
0 0.235136 0.485029 0.009070 0.005466
0 0.279140 0.487405 0.009070 0.005466
0 0.338596 0.490019 0.009070 0.005466
0 0.382600 0.492633 0.009070 0.005466
0 0.440040 0.495010 0.009070 0.005466
0 0.491098 0.492633 0.009070 0.005466
0 0.542157 0.510219 0.009741 0.005466
0 0.747061 0.487405 0.009070 0.005466
0 0.788713 0.487405 0.009070 0.005466
0 0.830366 0.490019 0.009070 0.005466
0 0.210279 0.701283 0.009070 0.005466
0 0.210279 0.688688 0.009070 0.005466
0 0.307692 0.698669 0.009070 0.005466
0 0.307692 0.688688 0.009070 0.005466
0 0.450789 0.681084 0.009070 0.005466
0 0.474303 0.683698 0.009070 0.005466
0 0.497817 0.683698 0.009070 0.005466
0 0.521330 0.681084 0.009070 0.005466
0 0.544844 0.686074 0.009070 0.005466
0 0.582466 0.698669 0.009070 0.005466
0 0.582466 0.683698 0.009070 0.005466
0 0.686933 0.686074 0.009070 0.005466
0 0.726906 0.678470 0.009070 0.005466
0 0.751764 0.681084 0.009070 0.005466
0 0.776621 0.683698 0.009070 0.005466
0 0.801478 0.681084 0.009070 0.005466
0 0.826335 0.686074 0.009070 0.005466
0 0.865972 0.701283 0.009070 0.005466
0 0.132348 0.902091 0.009741 0.005466
0 0.336245 0.894487 0.009070 0.005466
0 0.410144 0.892110 0.009070 0.005466
0 0.662076 0.884506 0.009070 0.005466
0 0.688613 0.881892 0.009070 0.005466
0 0.785690 0.902091 0.009070 0.005466
0 0.815586 0.899715 0.009070 0.005466
0 0.875714 0.902091 0.009070 0.005466
0 0.900235 0.904705 0.009070 0.005466
0 0.930803 0.902091 0.009070 0.005466
0 0.132348 0.851711 0.009741 0.005466
0 0.132348 0.846483 0.009741 0.005466
0 0.410144 0.846483 0.009070 0.005466
0 0.200202 0.240494 0.009070 0.005466
0 0.200202 0.235504 0.009070 0.005466
0 0.235472 0.240494 0.009070 0.005466
0 0.235472 0.235504 0.009070 0.005466
0 0.270406 0.240494 0.009070 0.005466
0 0.270406 0.235504 0.009070 0.005466
0 0.305677 0.240494 0.009070 0.005466
0 0.305677 0.235504 0.009070 0.005466
0 0.340611 0.240494 0.009070 0.005466
0 0.340611 0.235504 0.009070 0.005466
0 0.375882 0.240494 0.009070 0.005466
0 0.375882 0.235504 0.009070 0.005466
0 0.375882 0.227899 0.009070 0.005466
0 0.420894 0.240494 0.009070 0.005466
0 0.420894 0.235504 0.009070 0.005466
0 0.420894 0.227899 0.009070 0.005466
0 0.459523 0.240494 0.009070 0.005466
0 0.459523 0.235504 0.009070 0.005466
0 0.498153 0.240494 0.009070 0.005466
0 0.498153 0.235504 0.009070 0.005466
0 0.537118 0.240494 0.009070 0.005466
0 0.537118 0.235504 0.009070 0.005466
0 0.575747 0.248099 0.009070 0.005466
0 0.575747 0.240494 0.009070 0.005466
0 0.575747 0.235504 0.009070 0.005466
0 0.614713 0.250713 0.009070 0.005466
0 0.623111 0.248099 0.009070 0.005466
0 0.614713 0.238118 0.009070 0.005466
0 0.665771 0.253327 0.009070 0.005466
0 0.665771 0.248099 0.009070 0.005466
0 0.665771 0.235504 0.009070 0.005466
0 0.712126 0.240494 0.009070 0.005466
0 0.712126 0.235504 0.009070 0.005466
0 0.758482 0.240494 0.009070 0.005466
0 0.758482 0.235504 0.009070 0.005466
0 0.804837 0.240494 0.009070 0.005466
0 0.804837 0.235504 0.009070 0.005466
0 0.862949 0.240494 0.009070 0.005466
0 0.862949 0.235504 0.009070 0.005466
0 0.909305 0.240494 0.009070 0.005466
0 0.909305 0.235504 0.009070 0.005466
0 0.122943 0.451046 0.009070 0.005466
0 0.122943 0.446055 0.009070 0.005466
0 0.178032 0.451046 0.009070 0.005466
0 0.178032 0.446055 0.009070 0.005466
0 0.235136 0.451046 0.009070 0.005466
0 0.235136 0.446055 0.009070 0.005466
0 0.279140 0.451046 0.009070 0.005466
0 0.279140 0.446055 0.009070 0.005466
0 0.338596 0.451046 0.009070 0.005466
0 0.338596 0.446055 0.009070 0.005466
0 0.382600 0.451046 0.009070 0.005466
0 0.382600 0.446055 0.009070 0.005466
0 0.440040 0.451046 0.009070 0.005466
0 0.440040 0.443441 0.009070 0.005466
0 0.491098 0.453660 0.009070 0.005466
0 0.491098 0.441065 0.009070 0.005466
0 0.542157 0.458650 0.009741 0.005466
0 0.542157 0.448669 0.009741 0.005466
0 0.542157 0.441065 0.009741 0.005466
0 0.747061 0.451046 0.009070 0.005466
0 0.747061 0.446055 0.009070 0.005466
0 0.788713 0.451046 0.009070 0.005466
0 0.788713 0.446055 0.009070 0.005466
0 0.830366 0.448669 0.009070 0.005466
0 0.830366 0.443441 0.009070 0.005466
0 0.210279 0.645675 0.009070 0.005466
0 0.210279 0.633080 0.009070 0.005466
0 0.307692 0.655656 0.009070 0.005466
0 0.307692 0.648289 0.009070 0.005466
0 0.450789 0.640684 0.009070 0.005466
0 0.474303 0.643061 0.009070 0.005466
0 0.497817 0.643061 0.009070 0.005466
0 0.521330 0.640684 0.009070 0.005466
0 0.544844 0.645675 0.009070 0.005466
0 0.582466 0.648289 0.009070 0.005466
0 0.605979 0.643061 0.009070 0.005466
0 0.629493 0.635456 0.009070 0.005466
0 0.653006 0.625475 0.009070 0.005466
0 0.686933 0.635456 0.009070 0.005466
0 0.726906 0.638070 0.009070 0.005466
0 0.751764 0.640684 0.009070 0.005466
0 0.776621 0.643061 0.009070 0.005466
0 0.801478 0.640684 0.009070 0.005466
0 0.826335 0.645675 0.009070 0.005466
0 0.865972 0.645675 0.009070 0.005466
0 0.865972 0.640684 0.009070 0.005466
0 0.905946 0.648289 0.009070 0.005466
0 0.905946 0.643061 0.009070 0.005466
0 0.930803 0.650665 0.009070 0.005466
0 0.930803 0.645675 0.009070 0.005466
0 0.132012 0.836502 0.009070 0.005466
0 0.181727 0.838878 0.009741 0.005466
0 0.336245 0.846483 0.009070 0.005466
0 0.336245 0.841492 0.009070 0.005466
0 0.344642 0.838878 0.009070 0.005466
0 0.373194 0.849097 0.009070 0.005466
0 0.373194 0.841492 0.009070 0.005466
0 0.373194 0.836502 0.009070 0.005466
0 0.410144 0.838878 0.009070 0.005466
0 0.447094 0.841492 0.009070 0.005466
0 0.608666 0.851711 0.009070 0.005466
0 0.608666 0.846483 0.009070 0.005466
0 0.662076 0.851711 0.009070 0.005466
0 0.662076 0.846483 0.009070 0.005466
0 0.688613 0.851711 0.009070 0.005466
0 0.688613 0.846483 0.009070 0.005466
0 0.715149 0.851711 0.009070 0.005466
0 0.715149 0.846483 0.009070 0.005466
0 0.755794 0.851711 0.009070 0.005466
0 0.755794 0.846483 0.009070 0.005466
0 0.755794 0.836502 0.009070 0.005466
0 0.785690 0.851711 0.009070 0.005466
0 0.785690 0.846483 0.009070 0.005466
0 0.785690 0.838878 0.009070 0.005466
0 0.815586 0.851711 0.009070 0.005466
0 0.815586 0.846483 0.009070 0.005466
0 0.845818 0.851711 0.009070 0.005466
0 0.845818 0.846483 0.009070 0.005466
0 0.875714 0.851711 0.009070 0.005466
0 0.884112 0.849097 0.009070 0.005466
0 0.875714 0.836502 0.009070 0.005466
0 0.915687 0.851711 0.009070 0.005466
0 0.924085 0.849097 0.009070 0.005466
0 0.915687 0.838878 0.009070 0.005466
0 0.712126 0.181084 0.009070 0.005466
0 0.758482 0.181084 0.009070 0.005466
0 0.833725 0.181084 0.009070 0.005466
0 0.862949 0.181084 0.009070 0.005466
0 0.909305 0.173479 0.009070 0.005466
0 0.122943 0.370010 0.009070 0.005466
0 0.150487 0.379990 0.009070 0.005466
0 0.205240 0.379990 0.009070 0.005466
0 0.235136 0.379990 0.009070 0.005466
0 0.306685 0.379990 0.009070 0.005466
0 0.338596 0.379990 0.009070 0.005466
0 0.382600 0.372386 0.009070 0.005466
0 0.440040 0.372386 0.009070 0.005466
0 0.491098 0.375000 0.009070 0.005466
0 0.542157 0.365019 0.009070 0.005466
0 0.623782 0.370010 0.009070 0.005466
0 0.655694 0.375000 0.009070 0.005466
0 0.705408 0.377614 0.009070 0.005466
0 0.747061 0.379990 0.009070 0.005466
0 0.788713 0.370010 0.009070 0.005466
0 0.830366 0.372386 0.009070 0.005466
0 0.914007 0.377614 0.009070 0.005466
0 0.123614 0.586740 0.009070 0.005466
0 0.166947 0.581749 0.009070 0.005466
0 0.210279 0.574144 0.009070 0.005466
0 0.253611 0.576521 0.009070 0.005466
0 0.280484 0.574144 0.009070 0.005466
0 0.307692 0.579135 0.009070 0.005466
0 0.351025 0.568916 0.009070 0.005466
0 0.413168 0.576521 0.009741 0.005466
0 0.865972 0.581749 0.009070 0.005466
0 0.132012 0.765209 0.009070 0.005466
0 0.181727 0.765209 0.009070 0.005466
0 0.225731 0.770200 0.009070 0.005466
0 0.250252 0.775190 0.009070 0.005466
0 0.286530 0.767586 0.009070 0.005466
0 0.336245 0.770200 0.009070 0.005466
0 0.373194 0.772814 0.009070 0.005466
0 0.447094 0.770200 0.009070 0.005466
0 0.483708 0.775190 0.009070 0.005466
0 0.520658 0.782795 0.009070 0.005466
0 0.582130 0.777804 0.009070 0.005466
0 0.635203 0.780181 0.009070 0.005466
