0 0.150487 0.194867 0.009741 0.005703
0 0.218341 0.194867 0.009741 0.005703
0 0.285858 0.194867 0.009741 0.005703
0 0.353376 0.194867 0.009741 0.005703
0 0.421229 0.194867 0.009741 0.005703
0 0.488747 0.194867 0.009741 0.005703
0 0.579106 0.194867 0.009741 0.005703
0 0.641921 0.194867 0.009741 0.005703
0 0.704736 0.194867 0.009741 0.005703
0 0.767551 0.194867 0.009741 0.005703
0 0.830366 0.194867 0.009741 0.005703
0 0.892845 0.194867 0.009741 0.005703
0 0.143769 0.431084 0.009741 0.005703
0 0.185422 0.431084 0.009741 0.005703
0 0.227074 0.431084 0.009741 0.005703
0 0.268391 0.431084 0.009741 0.005703
0 0.310044 0.431084 0.009741 0.005703
0 0.351696 0.431084 0.009741 0.005703
0 0.411488 0.431084 0.009741 0.005703
0 0.454148 0.431084 0.009741 0.005703
0 0.496809 0.431084 0.009741 0.005703
0 0.539469 0.431084 0.009741 0.005703
0 0.582130 0.431084 0.009741 0.005703
0 0.624790 0.431084 0.009741 0.005703
0 0.696003 0.431084 0.009741 0.005703
0 0.739335 0.431084 0.009741 0.005703
0 0.782667 0.431084 0.009741 0.005703
0 0.825999 0.431084 0.009741 0.005703
0 0.868996 0.431084 0.009741 0.005703
0 0.912328 0.431084 0.009741 0.005703
0 0.154854 0.646150 0.009741 0.005703
0 0.193819 0.646150 0.009741 0.005703
0 0.232785 0.646150 0.009741 0.005703
0 0.272086 0.646150 0.009741 0.005703
0 0.408465 0.670390 0.009741 0.005703
0 0.408465 0.659696 0.009741 0.005703
0 0.495465 0.659696 0.009741 0.005703
0 0.582130 0.657082 0.009741 0.005703
0 0.691636 0.654230 0.009741 0.005703
0 0.779644 0.659696 0.009741 0.005703
0 0.146792 0.886644 0.009741 0.005703
0 0.146792 0.875951 0.009741 0.005703
0 0.281491 0.875951 0.009741 0.005703
0 0.415855 0.873337 0.009741 0.005703
0 0.567350 0.870485 0.009741 0.005703
0 0.696675 0.875951 0.009741 0.005703
0 0.826335 0.886644 0.009741 0.005703
0 0.826335 0.870485 0.009741 0.005703
0 0.150487 0.165162 0.009741 0.005703
0 0.150487 0.151616 0.009741 0.005703
0 0.353376 0.170390 0.009741 0.005703
0 0.353376 0.157082 0.009741 0.005703
0 0.421229 0.175856 0.009741 0.005703
0 0.421229 0.162310 0.009741 0.005703
0 0.488747 0.170390 0.009741 0.005703
0 0.488747 0.157082 0.009741 0.005703
0 0.579106 0.173241 0.010413 0.005703
0 0.579106 0.159696 0.010413 0.005703
0 0.830366 0.173241 0.009741 0.005703
0 0.830366 0.159696 0.009741 0.005703
0 0.143769 0.399715 0.009741 0.005703
0 0.143769 0.386407 0.009741 0.005703
0 0.185422 0.405181 0.009741 0.005703
0 0.185422 0.391635 0.009741 0.005703
0 0.227074 0.405181 0.009741 0.005703
0 0.227074 0.391635 0.009741 0.005703
0 0.310044 0.399715 0.009741 0.005703
0 0.310044 0.386407 0.009741 0.005703
0 0.411488 0.402567 0.009741 0.005703
0 0.411488 0.389021 0.009741 0.005703
0 0.454148 0.407795 0.009741 0.005703
0 0.454148 0.394487 0.009741 0.005703
0 0.496809 0.407795 0.009741 0.005703
0 0.496809 0.394487 0.009741 0.005703
0 0.582130 0.389021 0.009741 0.005703
0 0.696003 0.405181 0.009741 0.005703
0 0.696003 0.391635 0.009741 0.005703
0 0.825999 0.407795 0.009741 0.005703
0 0.825999 0.394487 0.009741 0.005703
0 0.868996 0.410646 0.009741 0.005703
0 0.868996 0.397101 0.009741 0.005703
0 0.912328 0.405181 0.009741 0.005703
0 0.912328 0.391635 0.009741 0.005703
0 0.154854 0.627376 0.010413 0.005703
0 0.154854 0.613831 0.010413 0.005703
0 0.311051 0.627376 0.009741 0.005703
0 0.311051 0.608603 0.009741 0.005703
0 0.350353 0.627376 0.009741 0.005703
0 0.350353 0.608603 0.009741 0.005703
0 0.408465 0.627376 0.009741 0.005703
0 0.408465 0.608603 0.009741 0.005703
0 0.451797 0.627376 0.009741 0.005703
0 0.451797 0.608603 0.009741 0.005703
0 0.495465 0.627376 0.009741 0.005703
0 0.495465 0.621911 0.009741 0.005703
0 0.495465 0.608603 0.009741 0.005703
0 0.538797 0.627376 0.009741 0.005703
0 0.538797 0.608603 0.009741 0.005703
0 0.582130 0.627376 0.009741 0.005703
0 0.582130 0.619297 0.009741 0.005703
0 0.582130 0.608603 0.009741 0.005703
0 0.625462 0.627376 0.009741 0.005703
0 0.625462 0.608603 0.009741 0.005703
0 0.691636 0.627376 0.009741 0.005703
0 0.691636 0.616683 0.009741 0.005703
0 0.691636 0.608603 0.009741 0.005703
0 0.735640 0.627376 0.009741 0.005703
0 0.735640 0.608603 0.009741 0.005703
0 0.779644 0.627376 0.009741 0.005703
0 0.779644 0.621911 0.009741 0.005703
0 0.779644 0.608603 0.009741 0.005703
0 0.823648 0.627376 0.009741 0.005703
0 0.823648 0.608603 0.009741 0.005703
0 0.867652 0.627376 0.009741 0.005703
0 0.867652 0.608603 0.009741 0.005703
0 0.911656 0.627376 0.009741 0.005703
0 0.911656 0.608603 0.009741 0.005703
0 0.146792 0.843631 0.009741 0.005703
0 0.146792 0.824620 0.009741 0.005703
0 0.213974 0.843631 0.009741 0.005703
0 0.213974 0.824620 0.009741 0.005703
0 0.281491 0.843631 0.009741 0.005703
0 0.281491 0.838165 0.009741 0.005703
0 0.281491 0.824620 0.009741 0.005703
0 0.348673 0.843631 0.009741 0.005703
0 0.348673 0.824620 0.009741 0.005703
0 0.415855 0.843631 0.009741 0.005703
0 0.415855 0.835551 0.009741 0.005703
0 0.415855 0.824620 0.009741 0.005703
0 0.483037 0.843631 0.009741 0.005703
0 0.483037 0.824620 0.009741 0.005703
0 0.567350 0.843631 0.009741 0.005703
0 0.567350 0.832700 0.009741 0.005703
0 0.567350 0.824620 0.009741 0.005703
0 0.632180 0.843631 0.009741 0.005703
0 0.632180 0.824620 0.009741 0.005703
0 0.696675 0.843631 0.009741 0.005703
0 0.696675 0.838165 0.009741 0.005703
0 0.696675 0.824620 0.009741 0.005703
0 0.761505 0.843631 0.009741 0.005703
0 0.761505 0.824620 0.009741 0.005703
0 0.826335 0.843631 0.009741 0.005703
0 0.826335 0.838165 0.009741 0.005703
0 0.826335 0.824620 0.009741 0.005703
0 0.891166 0.843631 0.009741 0.005703
0 0.891166 0.824620 0.009741 0.005703
0 0.150487 0.073907 0.009741 0.005703
0 0.353376 0.079373 0.009741 0.005703
0 0.421229 0.084601 0.009741 0.005703
0 0.488747 0.079373 0.009741 0.005703
0 0.579106 0.081987 0.010413 0.005703
0 0.830366 0.081987 0.009741 0.005703
0 0.143769 0.305846 0.009741 0.005703
0 0.185422 0.311074 0.009741 0.005703
0 0.227074 0.311074 0.009741 0.005703
0 0.310044 0.305846 0.009741 0.005703
0 0.411488 0.308460 0.009741 0.005703
0 0.454148 0.313926 0.009741 0.005703
0 0.496809 0.313926 0.009741 0.005703
0 0.582130 0.308460 0.009741 0.005703
0 0.696003 0.311074 0.009741 0.005703
0 0.825999 0.313926 0.009741 0.005703
0 0.868996 0.316540 0.009741 0.005703
0 0.912328 0.311074 0.009741 0.005703
0 0.154854 0.550143 0.010413 0.005703
0 0.311051 0.544677 0.009741 0.005703
0 0.408465 0.544677 0.009741 0.005703
0 0.538797 0.552757 0.009741 0.005703
0 0.582130 0.550143 0.009741 0.005703
0 0.625462 0.547291 0.009741 0.005703
0 0.691636 0.552757 0.009741 0.005703
0 0.779644 0.552757 0.009741 0.005703
0 0.911656 0.552757 0.009741 0.005703
0 0.146792 0.759981 0.009741 0.005703
0 0.348673 0.768061 0.009741 0.005703
0 0.415855 0.765447 0.009741 0.005703
0 0.483037 0.762595 0.009741 0.005703
0 0.567350 0.768061 0.010413 0.005703
0 0.826335 0.759981 0.009741 0.005703
