0 0.109170 0.292538 0.006718 0.003802
0 0.243870 0.288973 0.006718 0.003802
0 0.379241 0.292538 0.006718 0.003802
0 0.523010 0.283270 0.006718 0.003802
0 0.698354 0.292538 0.006718 0.003802
0 0.109170 0.292538 0.006718 0.003802
0 0.169298 0.285171 0.006718 0.003802
0 0.169298 0.279705 0.006718 0.003802
0 0.243870 0.288973 0.006718 0.003802
0 0.303997 0.283270 0.006718 0.003802
0 0.379241 0.292538 0.006718 0.003802
0 0.443063 0.285171 0.006718 0.003802
0 0.443063 0.279705 0.006718 0.003802
0 0.523010 0.283270 0.006718 0.003802
0 0.602956 0.279705 0.006718 0.003802
0 0.698354 0.292538 0.006718 0.003802
0 0.762513 0.285171 0.006718 0.003802
0 0.793080 0.563688 0.006718 0.003802
0 0.833389 0.567490 0.006718 0.003802
0 0.874034 0.569154 0.006718 0.003802
0 0.914343 0.572956 0.006718 0.003802
0 0.111186 0.910409 0.006718 0.003802
0 0.111186 0.897338 0.006718 0.003802
0 0.201881 0.913973 0.006718 0.003802
0 0.201881 0.901141 0.006718 0.003802
0 0.292912 0.915875 0.006718 0.003802
0 0.292912 0.903042 0.006718 0.003802
0 0.746725 0.915875 0.006718 0.003802
0 0.746725 0.903042 0.006718 0.003802
0 0.824992 0.923241 0.006718 0.003802
0 0.824992 0.910409 0.006718 0.003802
0 0.887471 0.897338 0.006718 0.003802
0 0.887471 0.893774 0.006718 0.003802
0 0.887471 0.889971 0.006718 0.003802
0 0.887471 0.884506 0.006718 0.003802
0 0.169298 0.253565 0.006718 0.003802
0 0.169298 0.244297 0.006718 0.003802
0 0.169298 0.240494 0.006718 0.003802
0 0.303997 0.257367 0.006718 0.003802
0 0.303997 0.248099 0.006718 0.003802
0 0.303997 0.244297 0.006718 0.003802
0 0.443063 0.253565 0.006718 0.003802
0 0.443063 0.244297 0.006718 0.003802
0 0.443063 0.240494 0.006718 0.003802
0 0.602956 0.251663 0.006718 0.003802
0 0.602956 0.244297 0.006718 0.003802
0 0.602956 0.238831 0.006718 0.003802
0 0.762513 0.253565 0.006718 0.003802
0 0.762513 0.244297 0.006718 0.003802
0 0.762513 0.240494 0.006718 0.003802
0 0.746725 0.855989 0.006718 0.003802
0 0.746725 0.852424 0.006718 0.003802
0 0.746725 0.843156 0.006718 0.003802
0 0.824992 0.846721 0.006718 0.003802
0 0.824992 0.843156 0.006718 0.003802
0 0.824992 0.837452 0.006718 0.003802
0 0.824992 0.833888 0.006718 0.003802
0 0.887471 0.859791 0.006718 0.003802
0 0.887471 0.855989 0.006718 0.003802
0 0.887471 0.850523 0.006718 0.003802
0 0.887471 0.846721 0.006718 0.003802
0 0.109170 0.209125 0.006718 0.003802
0 0.243870 0.209125 0.006718 0.003802
0 0.379241 0.209125 0.006718 0.003802
0 0.523010 0.209125 0.006718 0.003802
0 0.826671 0.205323 0.006718 0.003802
0 0.890494 0.209125 0.006718 0.003802
0 0.190124 0.495247 0.006718 0.003802
0 0.230433 0.498812 0.006718 0.003802
0 0.286194 0.495247 0.006718 0.003802
0 0.323144 0.498812 0.006718 0.003802
0 0.793080 0.485979 0.006718 0.003802
0 0.833389 0.489544 0.006718 0.003802
0 0.874034 0.491445 0.006718 0.003802
0 0.914343 0.495247 0.006718 0.003802
0 0.111186 0.800380 0.006718 0.003802
0 0.156533 0.800380 0.006718 0.003802
0 0.201881 0.804183 0.006718 0.003802
0 0.247229 0.804183 0.006718 0.003802
0 0.292912 0.806084 0.006718 0.003802
0 0.399731 0.806084 0.006718 0.003802
0 0.528384 0.793013 0.006718 0.003802
0 0.668794 0.793013 0.006718 0.003802
0 0.707759 0.793013 0.006718 0.003802
0 0.746725 0.793013 0.006718 0.003802
0 0.786026 0.793013 0.006718 0.003802
0 0.824992 0.800380 0.006718 0.003802
0 0.109170 0.156131 0.006718 0.003802
0 0.206584 0.158032 0.006718 0.003802
0 0.243870 0.159933 0.006718 0.003802
0 0.303997 0.156131 0.006718 0.003802
0 0.379241 0.161835 0.006718 0.003802
0 0.443063 0.165399 0.006718 0.003802
0 0.483037 0.167300 0.006718 0.003802
0 0.523010 0.169202 0.006718 0.003802
0 0.562983 0.167300 0.006718 0.003802
0 0.602956 0.163736 0.006718 0.003802
0 0.642929 0.159933 0.006718 0.003802
0 0.698354 0.161835 0.006718 0.003802
0 0.762513 0.165399 0.006718 0.003802
0 0.190124 0.450808 0.006718 0.003802
0 0.230433 0.454373 0.006718 0.003802
0 0.286194 0.450808 0.006718 0.003802
0 0.323144 0.454373 0.006718 0.003802
0 0.608666 0.445105 0.006718 0.003802
0 0.652335 0.448907 0.006718 0.003802
0 0.696339 0.450808 0.006718 0.003802
0 0.740343 0.454373 0.006718 0.003802
0 0.399731 0.742395 0.006718 0.003802
0 0.464226 0.746198 0.006718 0.003802
0 0.528384 0.746198 0.006718 0.003802
0 0.592543 0.751663 0.006718 0.003802
0 0.668794 0.746198 0.006718 0.003802
0 0.707759 0.746198 0.006718 0.003802
0 0.746725 0.747861 0.006718 0.003802
0 0.786026 0.747861 0.006718 0.003802
0 0.824992 0.746198 0.006718 0.003802
0 0.243870 0.121198 0.006718 0.003802
0 0.379241 0.121198 0.006718 0.003802
0 0.523010 0.124762 0.006718 0.003802
0 0.698354 0.121198 0.006718 0.003802
0 0.762513 0.124762 0.006718 0.003802
0 0.109170 0.415637 0.006718 0.003802
0 0.149479 0.419202 0.006718 0.003802
0 0.399731 0.697481 0.006718 0.003802
0 0.464226 0.699382 0.006718 0.003802
0 0.528384 0.701283 0.006718 0.003802
0 0.592543 0.704848 0.006718 0.003802
0 0.668794 0.701283 0.006718 0.003802
0 0.707759 0.701283 0.006718 0.003802
0 0.746725 0.699382 0.006718 0.003802
0 0.786026 0.699382 0.006718 0.003802
0 0.824992 0.701283 0.006718 0.003802
0 0.109170 0.061312 0.006718 0.003802
0 0.206584 0.063213 0.006718 0.003802
0 0.243870 0.065114 0.006718 0.003802
0 0.303997 0.061312 0.006718 0.003802
0 0.379241 0.066778 0.006718 0.003802
0 0.443063 0.070580 0.006718 0.003802
0 0.483037 0.072481 0.006718 0.003802
0 0.523010 0.074144 0.006718 0.003802
0 0.562983 0.072481 0.006718 0.003802
0 0.602956 0.068679 0.006718 0.003802
0 0.642929 0.065114 0.006718 0.003802
0 0.698354 0.066778 0.006718 0.003802
0 0.762513 0.070580 0.006718 0.003802
0 0.109170 0.362643 0.006718 0.003802
0 0.149479 0.366445 0.006718 0.003802
0 0.425932 0.357177 0.006718 0.003802
0 0.469936 0.360979 0.006718 0.003802
0 0.513604 0.362643 0.006718 0.003802
0 0.557608 0.366445 0.006718 0.003802
0 0.399731 0.641160 0.006718 0.003802
0 0.464226 0.644962 0.006718 0.003802
0 0.528384 0.646863 0.006718 0.003802
0 0.592543 0.650428 0.006718 0.003802
0 0.668794 0.646863 0.006718 0.003802
0 0.707759 0.646863 0.006718 0.003802
0 0.746725 0.646863 0.006718 0.003802
0 0.824992 0.646863 0.006718 0.003802
