0 0.115553 0.199857 0.009070 0.005466
0 0.115553 0.194867 0.009070 0.005466
0 0.158549 0.199857 0.009070 0.005466
0 0.158549 0.194867 0.009070 0.005466
0 0.201881 0.199857 0.009070 0.005466
0 0.201881 0.194867 0.009070 0.005466
0 0.244877 0.199857 0.009070 0.005466
0 0.244877 0.194867 0.009070 0.005466
0 0.287874 0.199857 0.009070 0.005466
0 0.287874 0.194867 0.009070 0.005466
0 0.341955 0.199857 0.009070 0.005466
0 0.341955 0.194867 0.009070 0.005466
0 0.411152 0.197243 0.009070 0.005466
0 0.449782 0.197243 0.009070 0.005466
0 0.498153 0.197243 0.009070 0.005466
0 0.546523 0.197243 0.009070 0.005466
0 0.585153 0.197243 0.009070 0.005466
0 0.624118 0.197243 0.009070 0.005466
0 0.700034 0.215067 0.009070 0.005466
0 0.700034 0.197243 0.009070 0.005466
0 0.827679 0.217443 0.009070 0.005466
0 0.827679 0.199857 0.009070 0.005466
0 0.111186 0.444867 0.009070 0.005466
0 0.111186 0.427281 0.009070 0.005466
0 0.212294 0.447481 0.009070 0.005466
0 0.212294 0.429658 0.009070 0.005466
0 0.268391 0.449857 0.009070 0.005466
0 0.268391 0.432272 0.009070 0.005466
0 0.415183 0.452471 0.009070 0.005466
0 0.415183 0.434886 0.009070 0.005466
0 0.536782 0.442490 0.009070 0.005466
0 0.536782 0.424667 0.009070 0.005466
0 0.627813 0.439876 0.009070 0.005466
0 0.627813 0.422053 0.009070 0.005466
0 0.694659 0.437262 0.009070 0.005466
0 0.694659 0.419677 0.009070 0.005466
0 0.824992 0.447481 0.009070 0.005466
0 0.824992 0.429658 0.009070 0.005466
0 0.114881 0.652091 0.009070 0.005466
0 0.159557 0.662072 0.009070 0.005466
0 0.204232 0.652091 0.009070 0.005466
0 0.248908 0.662072 0.009070 0.005466
0 0.293584 0.652091 0.009070 0.005466
0 0.337924 0.662072 0.009070 0.005466
0 0.398052 0.652091 0.009070 0.005466
0 0.445751 0.662072 0.009070 0.005466
0 0.483708 0.652091 0.009070 0.005466
0 0.521666 0.662072 0.009070 0.005466
0 0.559960 0.652091 0.009070 0.005466
0 0.597917 0.662072 0.009070 0.005466
0 0.668794 0.649477 0.009070 0.005466
0 0.716493 0.662072 0.009070 0.005466
0 0.764192 0.649477 0.009070 0.005466
0 0.812227 0.662072 0.009070 0.005466
0 0.859926 0.649477 0.009070 0.005466
0 0.907625 0.662072 0.009070 0.005466
0 0.119248 0.884506 0.009070 0.005466
0 0.170977 0.897101 0.009070 0.005466
0 0.212630 0.884506 0.009070 0.005466
0 0.254283 0.897101 0.009070 0.005466
0 0.295600 0.884506 0.009070 0.005466
0 0.337252 0.897101 0.009070 0.005466
0 0.391334 0.876901 0.009070 0.005466
0 0.438025 0.897101 0.009070 0.005466
0 0.485052 0.876901 0.009070 0.005466
0 0.531743 0.897101 0.009070 0.005466
0 0.578771 0.876901 0.009070 0.005466
0 0.625462 0.897101 0.009070 0.005466
0 0.685254 0.876901 0.009070 0.005466
0 0.741686 0.897101 0.009070 0.005466
0 0.784683 0.876901 0.009070 0.005466
0 0.827343 0.897101 0.009070 0.005466
0 0.870003 0.876901 0.009070 0.005466
0 0.912664 0.897101 0.009070 0.005466
0 0.115553 0.156844 0.009070 0.005466
0 0.115553 0.146863 0.009070 0.005466
0 0.158549 0.156844 0.009070 0.005466
0 0.158549 0.146863 0.009070 0.005466
0 0.201881 0.156844 0.009070 0.005466
0 0.201881 0.146863 0.009070 0.005466
0 0.244877 0.156844 0.009070 0.005466
0 0.244877 0.146863 0.009070 0.005466
0 0.287874 0.156844 0.009070 0.005466
0 0.287874 0.146863 0.009070 0.005466
0 0.341955 0.156844 0.009070 0.005466
0 0.341955 0.146863 0.009070 0.005466
0 0.411152 0.151854 0.009070 0.005466
0 0.411152 0.144249 0.009070 0.005466
0 0.411152 0.139259 0.009070 0.005466
0 0.449782 0.151854 0.009070 0.005466
0 0.449782 0.144249 0.009070 0.005466
0 0.449782 0.139259 0.009070 0.005466
0 0.498153 0.151854 0.009070 0.005466
0 0.498153 0.144249 0.009070 0.005466
0 0.498153 0.139259 0.009070 0.005466
0 0.546523 0.151854 0.009070 0.005466
0 0.546523 0.144249 0.009070 0.005466
0 0.546523 0.139259 0.009070 0.005466
0 0.585153 0.151854 0.009070 0.005466
0 0.585153 0.144249 0.009070 0.005466
0 0.585153 0.139259 0.009070 0.005466
0 0.624118 0.151854 0.009070 0.005466
0 0.624118 0.144249 0.009070 0.005466
0 0.624118 0.139259 0.009070 0.005466
0 0.700034 0.154468 0.009070 0.005466
0 0.700034 0.146863 0.009070 0.005466
0 0.700034 0.141873 0.009070 0.005466
0 0.742694 0.154468 0.009070 0.005466
0 0.742694 0.146863 0.009070 0.005466
0 0.742694 0.141873 0.009070 0.005466
0 0.785018 0.154468 0.009070 0.005466
0 0.785018 0.146863 0.009070 0.005466
0 0.785018 0.141873 0.009070 0.005466
0 0.827679 0.154468 0.009070 0.005466
0 0.827679 0.146863 0.009070 0.005466
0 0.827679 0.141873 0.009070 0.005466
0 0.870339 0.154468 0.009070 0.005466
0 0.870339 0.146863 0.009070 0.005466
0 0.870339 0.141873 0.009070 0.005466
0 0.913000 0.156844 0.009070 0.005466
0 0.913000 0.146863 0.009070 0.005466
0 0.921397 0.144249 0.009070 0.005466
0 0.111186 0.384981 0.009070 0.005466
0 0.111186 0.379990 0.009070 0.005466
0 0.111186 0.375000 0.009070 0.005466
0 0.156198 0.384981 0.009070 0.005466
0 0.156198 0.379990 0.009070 0.005466
0 0.156198 0.375000 0.009070 0.005466
0 0.212294 0.384981 0.009070 0.005466
0 0.212294 0.379990 0.009070 0.005466
0 0.212294 0.375000 0.009070 0.005466
0 0.268391 0.384981 0.009070 0.005466
0 0.276789 0.382605 0.009070 0.005466
0 0.268391 0.377614 0.009070 0.005466
0 0.313067 0.384981 0.009070 0.005466
0 0.321465 0.382605 0.009070 0.005466
0 0.313067 0.377614 0.009070 0.005466
0 0.358079 0.384981 0.009070 0.005466
0 0.366476 0.382605 0.009070 0.005466
0 0.358079 0.377614 0.009070 0.005466
0 0.415183 0.387595 0.009070 0.005466
0 0.415183 0.382605 0.009070 0.005466
0 0.415183 0.375000 0.009070 0.005466
0 0.455828 0.387595 0.009070 0.005466
0 0.455828 0.382605 0.009070 0.005466
0 0.455828 0.375000 0.009070 0.005466
0 0.496137 0.387595 0.009070 0.005466
0 0.496137 0.382605 0.009070 0.005466
0 0.496137 0.375000 0.009070 0.005466
0 0.536782 0.387595 0.009070 0.005466
0 0.536782 0.377614 0.009070 0.005466
0 0.536782 0.370010 0.009070 0.005466
0 0.577091 0.387595 0.009070 0.005466
0 0.577091 0.377614 0.009070 0.005466
0 0.577091 0.370010 0.009070 0.005466
0 0.627813 0.387595 0.009070 0.005466
0 0.627813 0.379990 0.009070 0.005466
0 0.627813 0.375000 0.009070 0.005466
0 0.694659 0.390209 0.009070 0.005466
0 0.694659 0.379990 0.009070 0.005466
0 0.703057 0.377614 0.009070 0.005466
0 0.737991 0.390209 0.009070 0.005466
0 0.737991 0.379990 0.009070 0.005466
0 0.746389 0.377614 0.009070 0.005466
0 0.781659 0.390209 0.009070 0.005466
0 0.781659 0.379990 0.009070 0.005466
0 0.790057 0.377614 0.009070 0.005466
0 0.824992 0.387595 0.009070 0.005466
0 0.824992 0.382605 0.009070 0.005466
0 0.824992 0.377614 0.009070 0.005466
0 0.868660 0.387595 0.009070 0.005466
0 0.868660 0.382605 0.009070 0.005466
0 0.868660 0.377614 0.009070 0.005466
0 0.911992 0.387595 0.009070 0.005466
0 0.911992 0.382605 0.009070 0.005466
0 0.911992 0.377614 0.009070 0.005466
0 0.159557 0.615257 0.009070 0.005466
0 0.159557 0.610029 0.009070 0.005466
0 0.159557 0.602662 0.009070 0.005466
0 0.248908 0.615257 0.009070 0.005466
0 0.248908 0.610029 0.009070 0.005466
0 0.248908 0.602662 0.009070 0.005466
0 0.337924 0.615257 0.009070 0.005466
0 0.337924 0.610029 0.009070 0.005466
0 0.337924 0.602662 0.009070 0.005466
0 0.398052 0.615257 0.009070 0.005466
0 0.398052 0.610029 0.009070 0.005466
0 0.398052 0.602662 0.009070 0.005466
0 0.445751 0.617633 0.009070 0.005466
0 0.445751 0.612643 0.009070 0.005466
0 0.445751 0.602662 0.009070 0.005466
0 0.521666 0.617633 0.009070 0.005466
0 0.521666 0.612643 0.009070 0.005466
0 0.521666 0.602662 0.009070 0.005466
0 0.597917 0.617633 0.009070 0.005466
0 0.597917 0.612643 0.009070 0.005466
0 0.597917 0.602662 0.009070 0.005466
0 0.716493 0.612643 0.009070 0.005466
0 0.716493 0.607652 0.009070 0.005466
0 0.716493 0.600048 0.009070 0.005466
0 0.812227 0.612643 0.009070 0.005466
0 0.812227 0.607652 0.009070 0.005466
0 0.812227 0.600048 0.009070 0.005466
0 0.907625 0.612643 0.009070 0.005466
0 0.907625 0.607652 0.009070 0.005466
0 0.907625 0.600048 0.009070 0.005466
0 0.119248 0.851711 0.009070 0.005466
0 0.119248 0.846483 0.009070 0.005466
0 0.119248 0.838878 0.009070 0.005466
0 0.170977 0.854087 0.009070 0.005466
0 0.170977 0.849097 0.009070 0.005466
0 0.170977 0.838878 0.009070 0.005466
0 0.254283 0.854087 0.009070 0.005466
0 0.254283 0.849097 0.009070 0.005466
0 0.254283 0.838878 0.009070 0.005466
0 0.337252 0.854087 0.009070 0.005466
0 0.337252 0.849097 0.009070 0.005466
0 0.337252 0.838878 0.009070 0.005466
0 0.438025 0.849097 0.009070 0.005466
0 0.438025 0.841492 0.009070 0.005466
0 0.438025 0.831511 0.009070 0.005466
0 0.531743 0.849097 0.009070 0.005466
0 0.531743 0.841492 0.009070 0.005466
0 0.531743 0.831511 0.009070 0.005466
0 0.625462 0.849097 0.009070 0.005466
0 0.625462 0.841492 0.009070 0.005466
0 0.625462 0.831511 0.009070 0.005466
0 0.741686 0.846483 0.009070 0.005466
0 0.741686 0.841492 0.009070 0.005466
0 0.741686 0.833888 0.009070 0.005466
0 0.827343 0.846483 0.009070 0.005466
0 0.827343 0.841492 0.009070 0.005466
0 0.827343 0.833888 0.009070 0.005466
0 0.912664 0.846483 0.009070 0.005466
0 0.912664 0.841492 0.009070 0.005466
0 0.912664 0.833888 0.009070 0.005466
0 0.158549 0.083888 0.009070 0.005466
0 0.201881 0.083888 0.009070 0.005466
0 0.244877 0.071293 0.009070 0.005466
0 0.287874 0.073907 0.009070 0.005466
0 0.314746 0.078897 0.009070 0.005466
0 0.341955 0.083888 0.009070 0.005466
0 0.368828 0.086502 0.009070 0.005466
0 0.411152 0.088878 0.009070 0.005466
0 0.449782 0.088878 0.009070 0.005466
0 0.473967 0.086502 0.009070 0.005466
0 0.498153 0.088878 0.009070 0.005466
0 0.522338 0.086502 0.009070 0.005466
0 0.546523 0.081274 0.009070 0.005466
0 0.624118 0.083888 0.009070 0.005466
0 0.700034 0.086502 0.009070 0.005466
0 0.742694 0.071293 0.009070 0.005466
0 0.827679 0.071293 0.009070 0.005466
0 0.870339 0.073907 0.009070 0.005466
0 0.913000 0.078897 0.009070 0.005466
0 0.111186 0.301806 0.009070 0.005466
0 0.156198 0.304183 0.009070 0.005466
0 0.184078 0.306797 0.009070 0.005466
0 0.212294 0.309411 0.009070 0.005466
0 0.240175 0.304183 0.009070 0.005466
0 0.268391 0.306797 0.009070 0.005466
0 0.455828 0.311787 0.009070 0.005466
0 0.496137 0.301806 0.009070 0.005466
0 0.536782 0.301806 0.009070 0.005466
0 0.577091 0.304183 0.009070 0.005466
0 0.602620 0.306797 0.009070 0.005466
0 0.627813 0.309411 0.009070 0.005466
0 0.653006 0.311787 0.009070 0.005466
0 0.694659 0.309411 0.009070 0.005466
0 0.824992 0.311787 0.009070 0.005466
0 0.114881 0.539211 0.009070 0.005466
0 0.159557 0.539211 0.009070 0.005466
0 0.204232 0.539211 0.009070 0.005466
0 0.248908 0.539211 0.009070 0.005466
0 0.337924 0.539211 0.009070 0.005466
0 0.398052 0.541825 0.009070 0.005466
0 0.421901 0.544202 0.009070 0.005466
0 0.445751 0.536597 0.009070 0.005466
0 0.521666 0.536597 0.009070 0.005466
0 0.668794 0.536597 0.009070 0.005466
0 0.716493 0.536597 0.009070 0.005466
0 0.764192 0.536597 0.009070 0.005466
0 0.812227 0.536597 0.009070 0.005466
0 0.907625 0.536597 0.009070 0.005466
0 0.119248 0.771625 0.009070 0.005466
0 0.145113 0.774240 0.009070 0.005466
0 0.170977 0.766635 0.009070 0.005466
0 0.254283 0.766635 0.009070 0.005466
0 0.391334 0.761644 0.009070 0.005466
0 0.438025 0.761644 0.009070 0.005466
0 0.485052 0.761644 0.009070 0.005466
0 0.531743 0.761644 0.009070 0.005466
0 0.625462 0.761644 0.009070 0.005466
0 0.685254 0.764021 0.009070 0.005466
0 0.715149 0.761644 0.009070 0.005466
0 0.741686 0.764021 0.009070 0.005466
0 0.827343 0.764021 0.009070 0.005466
