0 0.588512 0.209601 0.008734 0.004990
0 0.663755 0.214354 0.008734 0.004990
0 0.757810 0.223622 0.008734 0.004990
0 0.621095 0.433460 0.008734 0.004990
0 0.781323 0.433460 0.008734 0.004990
0 0.535774 0.658745 0.008734 0.004990
0 0.745717 0.661122 0.008734 0.004990
0 0.145448 0.889971 0.008734 0.004990
0 0.337924 0.892348 0.008734 0.004990
0 0.442056 0.897101 0.008734 0.004990
0 0.138058 0.202471 0.008734 0.004990
0 0.138058 0.197719 0.008734 0.004990
0 0.343299 0.204848 0.008734 0.004990
0 0.343299 0.200095 0.008734 0.004990
0 0.457172 0.207224 0.008734 0.004990
0 0.457172 0.202471 0.008734 0.004990
0 0.588512 0.197956 0.006046 0.003565
0 0.663755 0.207224 0.006046 0.003565
0 0.710783 0.204848 0.006046 0.003565
0 0.757810 0.209601 0.006046 0.003565
0 0.804837 0.207224 0.006046 0.003565
0 0.851528 0.204848 0.006046 0.003565
0 0.898556 0.202471 0.006046 0.003565
0 0.138058 0.426331 0.008734 0.004990
0 0.138058 0.421578 0.008734 0.004990
0 0.358079 0.428707 0.008734 0.004990
0 0.358079 0.423954 0.008734 0.004990
0 0.480349 0.431084 0.008734 0.004990
0 0.480349 0.426331 0.008734 0.004990
0 0.621095 0.421816 0.006046 0.003565
0 0.689285 0.431084 0.006046 0.003565
0 0.731945 0.428707 0.006046 0.003565
0 0.774941 0.431084 0.006046 0.003565
0 0.817602 0.428707 0.006046 0.003565
0 0.860262 0.426568 0.006046 0.003565
0 0.902922 0.424192 0.006046 0.003565
0 0.138058 0.649240 0.008734 0.004990
0 0.217333 0.653992 0.008734 0.004990
0 0.266711 0.651616 0.008734 0.004990
0 0.316426 0.644724 0.008734 0.004990
0 0.415183 0.661122 0.008734 0.004990
0 0.535774 0.649240 0.008734 0.004990
0 0.640578 0.646863 0.008734 0.004990
0 0.745717 0.651616 0.008734 0.004990
0 0.145448 0.878089 0.008734 0.004990
0 0.193483 0.880466 0.008734 0.004990
0 0.241854 0.882842 0.008734 0.004990
0 0.289889 0.885219 0.008734 0.004990
0 0.337924 0.887595 0.008734 0.004990
0 0.442056 0.880466 0.008734 0.004990
0 0.561303 0.901854 0.008734 0.004990
0 0.561303 0.885219 0.008734 0.004990
0 0.657373 0.904230 0.008734 0.004990
0 0.657373 0.887595 0.008734 0.004990
0 0.753443 0.906369 0.008734 0.004990
0 0.753443 0.889971 0.008734 0.004990
0 0.849513 0.908745 0.008734 0.004990
0 0.849513 0.892348 0.008734 0.004990
0 0.588512 0.162310 0.008734 0.004990
0 0.757810 0.171816 0.008734 0.004990
0 0.621095 0.382605 0.008734 0.004990
0 0.774941 0.384981 0.008734 0.004990
0 0.138058 0.605513 0.008734 0.004990
0 0.324152 0.605513 0.008734 0.004990
0 0.365805 0.607890 0.008734 0.004990
0 0.415183 0.610266 0.008734 0.004990
0 0.464562 0.607890 0.008734 0.004990
0 0.442056 0.837215 0.008734 0.004990
0 0.561303 0.830323 0.008734 0.004990
0 0.657373 0.830323 0.008734 0.004990
0 0.753443 0.834838 0.008734 0.004990
0 0.849513 0.837215 0.008734 0.004990
0 0.138058 0.155418 0.008734 0.004990
0 0.229426 0.164686 0.008734 0.004990
0 0.286194 0.162310 0.008734 0.004990
0 0.343299 0.167063 0.008734 0.004990
0 0.400403 0.164686 0.008734 0.004990
0 0.457172 0.162310 0.008734 0.004990
0 0.514276 0.160171 0.008734 0.004990
0 0.588512 0.155418 0.008734 0.004990
0 0.663755 0.157795 0.008734 0.004990
0 0.757810 0.157795 0.008734 0.004990
0 0.851528 0.160171 0.008734 0.004990
0 0.138058 0.375475 0.008734 0.004990
0 0.235808 0.384981 0.008734 0.004990
0 0.296943 0.382605 0.008734 0.004990
0 0.358079 0.387357 0.008734 0.004990
0 0.419214 0.384981 0.008734 0.004990
0 0.480349 0.382605 0.008734 0.004990
0 0.541485 0.380228 0.008734 0.004990
0 0.621095 0.375475 0.008734 0.004990
0 0.689285 0.377852 0.008734 0.004990
0 0.774941 0.377852 0.008734 0.004990
0 0.860262 0.380228 0.008734 0.004990
0 0.138058 0.596008 0.008734 0.004990
0 0.217333 0.600760 0.008734 0.004990
0 0.266711 0.598384 0.008734 0.004990
0 0.316426 0.603137 0.008734 0.004990
0 0.535774 0.603137 0.008734 0.004990
0 0.588176 0.605513 0.008734 0.004990
0 0.640578 0.600760 0.008734 0.004990
0 0.693315 0.605513 0.008734 0.004990
0 0.745717 0.605513 0.008734 0.004990
0 0.798119 0.607890 0.008734 0.004990
0 0.850521 0.610266 0.008734 0.004990
0 0.903258 0.612643 0.008734 0.004990
0 0.145448 0.834838 0.008734 0.004990
0 0.289889 0.832700 0.008734 0.004990
0 0.337924 0.832700 0.008734 0.004990
0 0.385959 0.830323 0.008734 0.004990
0 0.442056 0.825570 0.008734 0.004990
0 0.490091 0.820817 0.008734 0.004990
0 0.561303 0.820817 0.008734 0.004990
0 0.609338 0.823194 0.008734 0.004990
0 0.657373 0.823194 0.008734 0.004990
0 0.705408 0.825570 0.008734 0.004990
0 0.753443 0.825570 0.008734 0.004990
0 0.753443 0.818441 0.008734 0.004990
0 0.801478 0.827947 0.008734 0.004990
0 0.849513 0.827947 0.008734 0.004990
0 0.897548 0.830323 0.008734 0.004990
0 0.138058 0.073432 0.008734 0.004990
0 0.229426 0.082937 0.008734 0.004990
0 0.286194 0.080561 0.008734 0.004990
0 0.343299 0.085314 0.008734 0.004990
0 0.400403 0.082937 0.008734 0.004990
0 0.457172 0.080561 0.008734 0.004990
0 0.514276 0.078184 0.008734 0.004990
0 0.588512 0.073432 0.008734 0.004990
0 0.663755 0.075808 0.008734 0.004990
0 0.757810 0.075808 0.008734 0.004990
0 0.851528 0.078184 0.008734 0.004990
0 0.138058 0.295390 0.008734 0.004990
0 0.235808 0.304895 0.008734 0.004990
0 0.296943 0.302519 0.008734 0.004990
0 0.358079 0.307272 0.008734 0.004990
0 0.419214 0.304895 0.008734 0.004990
0 0.480349 0.302519 0.008734 0.004990
0 0.541485 0.300143 0.008734 0.004990
0 0.621095 0.295390 0.008734 0.004990
0 0.689285 0.297766 0.008734 0.004990
0 0.774941 0.297766 0.008734 0.004990
0 0.860262 0.300143 0.008734 0.004990
0 0.217333 0.509981 0.008734 0.004990
0 0.415183 0.517110 0.008734 0.004990
0 0.535774 0.517110 0.008734 0.004990
0 0.588176 0.519249 0.008734 0.004990
0 0.640578 0.514734 0.008734 0.004990
0 0.693315 0.519249 0.008734 0.004990
0 0.745717 0.526378 0.008734 0.004990
0 0.145448 0.754040 0.008734 0.004990
0 0.289889 0.751663 0.008734 0.004990
0 0.337924 0.751663 0.008734 0.004990
0 0.385959 0.749287 0.008734 0.004990
0 0.442056 0.744772 0.008734 0.004990
0 0.490091 0.740019 0.008734 0.004990
0 0.561303 0.740019 0.008734 0.004990
0 0.609338 0.742395 0.008734 0.004990
0 0.657373 0.742395 0.008734 0.004990
0 0.705408 0.744772 0.008734 0.004990
0 0.753443 0.737643 0.008734 0.004990
0 0.849513 0.754040 0.008734 0.004990
