0 0.172993 0.912548 0.013100 0.004990
0 0.147128 0.912785 0.006046 0.003565
0 0.321129 0.912548 0.013100 0.004990
0 0.278132 0.912785 0.006046 0.003565
0 0.495465 0.912548 0.013100 0.004990
0 0.452805 0.912785 0.006046 0.003565
0 0.669466 0.912548 0.013100 0.004990
0 0.626806 0.912785 0.006046 0.003565
0 0.820289 0.912548 0.013100 0.004990
0 0.777293 0.912785 0.006046 0.003565
0 0.337924 0.217918 0.008734 0.004990
0 0.337924 0.201283 0.008734 0.004990
0 0.373194 0.215542 0.008734 0.004990
0 0.373194 0.198907 0.008734 0.004990
0 0.439704 0.206036 0.008734 0.004990
0 0.439704 0.189639 0.008734 0.004990
0 0.461874 0.210789 0.008734 0.004990
0 0.461874 0.194392 0.008734 0.004990
0 0.528048 0.217918 0.008734 0.004990
0 0.528048 0.201283 0.008734 0.004990
0 0.571381 0.215542 0.008734 0.004990
0 0.571381 0.198907 0.008734 0.004990
0 0.641921 0.206036 0.008734 0.004990
0 0.641921 0.189639 0.008734 0.004990
0 0.665435 0.210789 0.008734 0.004990
0 0.665435 0.194392 0.008734 0.004990
0 0.736312 0.217918 0.008734 0.004990
0 0.736312 0.201283 0.008734 0.004990
0 0.770238 0.215542 0.008734 0.004990
0 0.770238 0.198907 0.008734 0.004990
0 0.839772 0.206036 0.008734 0.004990
0 0.839772 0.189639 0.008734 0.004990
0 0.862949 0.210789 0.008734 0.004990
0 0.862949 0.194392 0.008734 0.004990
0 0.932482 0.210789 0.008734 0.004990
0 0.932482 0.194392 0.008734 0.004990
0 0.140074 0.431559 0.008734 0.004990
0 0.140074 0.414924 0.008734 0.004990
0 0.216997 0.424430 0.008734 0.004990
0 0.216997 0.408032 0.008734 0.004990
0 0.242526 0.422053 0.008734 0.004990
0 0.242526 0.405656 0.008734 0.004990
0 0.319449 0.431559 0.008734 0.004990
0 0.319449 0.414924 0.008734 0.004990
0 0.357743 0.431559 0.008734 0.004990
0 0.357743 0.414924 0.008734 0.004990
0 0.436681 0.422053 0.008734 0.004990
0 0.436681 0.405656 0.008734 0.004990
0 0.463218 0.419677 0.008734 0.004990
0 0.463218 0.403279 0.008734 0.004990
0 0.542157 0.431559 0.008734 0.004990
0 0.542157 0.414924 0.008734 0.004990
0 0.578771 0.429183 0.008734 0.004990
0 0.578771 0.412548 0.008734 0.004990
0 0.653006 0.419677 0.008734 0.004990
0 0.653006 0.403279 0.008734 0.004990
0 0.677528 0.417300 0.008734 0.004990
0 0.677528 0.400903 0.008734 0.004990
0 0.751428 0.429183 0.008734 0.004990
0 0.751428 0.412548 0.008734 0.004990
0 0.804837 0.438688 0.008734 0.004990
0 0.804837 0.429183 0.008734 0.004990
0 0.804837 0.422053 0.008734 0.004990
0 0.903594 0.424430 0.008734 0.004990
0 0.903594 0.417300 0.008734 0.004990
0 0.903594 0.408032 0.008734 0.004990
0 0.142089 0.655418 0.008734 0.004990
0 0.142089 0.645913 0.008734 0.004990
0 0.142089 0.638783 0.008734 0.004990
0 0.200537 0.650665 0.008734 0.004990
0 0.200537 0.641160 0.008734 0.004990
0 0.200537 0.634030 0.008734 0.004990
0 0.283843 0.674192 0.008734 0.004990
0 0.283843 0.667063 0.008734 0.004990
0 0.283843 0.657795 0.008734 0.004990
0 0.342627 0.669439 0.008734 0.004990
0 0.342627 0.662310 0.008734 0.004990
0 0.342627 0.653042 0.008734 0.004990
0 0.419214 0.667063 0.008734 0.004990
0 0.419214 0.657795 0.008734 0.004990
0 0.419214 0.650665 0.008734 0.004990
0 0.463890 0.662310 0.008734 0.004990
0 0.463890 0.653042 0.008734 0.004990
0 0.552906 0.667063 0.008734 0.004990
0 0.552906 0.660171 0.008734 0.004990
0 0.552906 0.650665 0.008734 0.004990
0 0.597581 0.662310 0.008734 0.004990
0 0.597581 0.653042 0.008734 0.004990
0 0.699698 0.667063 0.008734 0.004990
0 0.699698 0.657795 0.008734 0.004990
0 0.699698 0.650665 0.008734 0.004990
0 0.172993 0.896150 0.009070 0.004990
0 0.203561 0.886644 0.009070 0.004990
0 0.233792 0.896150 0.009070 0.004990
0 0.264360 0.886644 0.009070 0.004990
0 0.320793 0.896150 0.009070 0.004990
0 0.358079 0.886644 0.009070 0.004990
0 0.395029 0.896150 0.009070 0.004990
0 0.432314 0.886644 0.009070 0.004990
0 0.495465 0.896150 0.009070 0.004990
0 0.532415 0.889021 0.009070 0.004990
0 0.569365 0.896150 0.009070 0.004990
0 0.606315 0.889021 0.009070 0.004990
0 0.669466 0.896150 0.009070 0.004990
0 0.700705 0.889021 0.009070 0.004990
0 0.731609 0.896150 0.009070 0.004990
0 0.762849 0.889021 0.009070 0.004990
0 0.820289 0.896150 0.009070 0.004990
0 0.853880 0.891397 0.009070 0.004990
0 0.887807 0.896150 0.009070 0.004990
0 0.921733 0.891397 0.009070 0.004990
0 0.417534 0.158983 0.008734 0.004990
0 0.461874 0.156606 0.008734 0.004990
0 0.618408 0.158983 0.008734 0.004990
0 0.665435 0.156606 0.008734 0.004990
0 0.816594 0.158983 0.008734 0.004990
0 0.862949 0.156606 0.008734 0.004990
0 0.932482 0.154230 0.008734 0.004990
0 0.140074 0.377376 0.008734 0.004990
0 0.357743 0.375000 0.008734 0.004990
0 0.578771 0.372624 0.008734 0.004990
0 0.337924 0.151854 0.008734 0.004990
0 0.373194 0.149477 0.008734 0.004990
0 0.395029 0.144724 0.008734 0.004990
0 0.417534 0.142348 0.008734 0.004990
0 0.439704 0.144724 0.008734 0.004990
0 0.461874 0.139971 0.008734 0.004990
0 0.484044 0.144724 0.008734 0.004990
0 0.505878 0.149477 0.008734 0.004990
0 0.528048 0.151854 0.008734 0.004990
0 0.571381 0.149477 0.008734 0.004990
0 0.594894 0.144724 0.008734 0.004990
0 0.618408 0.142348 0.008734 0.004990
0 0.641921 0.144724 0.008734 0.004990
0 0.665435 0.139971 0.008734 0.004990
0 0.688949 0.144724 0.008734 0.004990
0 0.712798 0.149477 0.008734 0.004990
0 0.736312 0.151854 0.008734 0.004990
0 0.770238 0.149477 0.008734 0.004990
0 0.793416 0.144724 0.008734 0.004990
0 0.816594 0.142348 0.008734 0.004990
0 0.839772 0.144724 0.008734 0.004990
0 0.862949 0.139971 0.008734 0.004990
0 0.886127 0.144724 0.008734 0.004990
0 0.909305 0.149477 0.008734 0.004990
0 0.932482 0.137595 0.008734 0.004990
0 0.140074 0.360741 0.008734 0.004990
0 0.165603 0.365494 0.008734 0.004990
0 0.191132 0.370247 0.008734 0.004990
0 0.216997 0.372624 0.008734 0.004990
0 0.242526 0.370247 0.008734 0.004990
0 0.268391 0.365494 0.008734 0.004990
0 0.293920 0.360741 0.008734 0.004990
0 0.319449 0.377376 0.008734 0.004990
0 0.319449 0.360741 0.008734 0.004990
0 0.357743 0.358365 0.008734 0.004990
0 0.383944 0.365494 0.008734 0.004990
0 0.410480 0.370247 0.008734 0.004990
0 0.436681 0.372624 0.008734 0.004990
0 0.463218 0.370247 0.008734 0.004990
0 0.489419 0.365494 0.008734 0.004990
0 0.515956 0.358365 0.008734 0.004990
0 0.542157 0.375000 0.008734 0.004990
0 0.542157 0.358365 0.008734 0.004990
0 0.578771 0.355989 0.008734 0.004990
0 0.603628 0.363118 0.008734 0.004990
0 0.628149 0.367871 0.008734 0.004990
0 0.653006 0.370247 0.008734 0.004990
0 0.677528 0.367871 0.008734 0.004990
0 0.702385 0.363118 0.008734 0.004990
0 0.726906 0.355989 0.008734 0.004990
0 0.751428 0.372624 0.008734 0.004990
0 0.751428 0.355989 0.008734 0.004990
0 0.804837 0.389021 0.008734 0.004990
0 0.804837 0.379753 0.008734 0.004990
0 0.804837 0.372624 0.008734 0.004990
0 0.903594 0.355989 0.008734 0.004990
0 0.903594 0.339591 0.008734 0.004990
0 0.929795 0.341968 0.008734 0.004990
0 0.142089 0.589354 0.008734 0.004990
0 0.142089 0.572719 0.008734 0.004990
0 0.171313 0.575095 0.008734 0.004990
0 0.200537 0.589354 0.008734 0.004990
0 0.200537 0.572719 0.008734 0.004990
0 0.230097 0.575095 0.008734 0.004990
0 0.283843 0.589354 0.008734 0.004990
0 0.283843 0.572719 0.008734 0.004990
0 0.313403 0.575095 0.008734 0.004990
0 0.342627 0.589354 0.008734 0.004990
0 0.342627 0.572719 0.008734 0.004990
0 0.374538 0.575095 0.008734 0.004990
0 0.419214 0.589354 0.008734 0.004990
0 0.419214 0.572719 0.008734 0.004990
0 0.441384 0.575095 0.008734 0.004990
0 0.463890 0.589354 0.008734 0.004990
0 0.463890 0.572719 0.008734 0.004990
0 0.486060 0.575095 0.008734 0.004990
0 0.508230 0.589354 0.008734 0.004990
0 0.508230 0.572719 0.008734 0.004990
0 0.530736 0.575095 0.008734 0.004990
0 0.552906 0.589354 0.008734 0.004990
0 0.552906 0.572719 0.008734 0.004990
0 0.575076 0.575095 0.008734 0.004990
0 0.597581 0.589354 0.008734 0.004990
0 0.597581 0.572719 0.008734 0.004990
0 0.619751 0.575095 0.008734 0.004990
0 0.641921 0.589354 0.008734 0.004990
0 0.641921 0.572719 0.008734 0.004990
0 0.664427 0.575095 0.008734 0.004990
0 0.699698 0.589354 0.008734 0.004990
0 0.699698 0.572719 0.008734 0.004990
0 0.172993 0.818441 0.013100 0.004990
0 0.172993 0.813688 0.013100 0.004990
0 0.321129 0.818441 0.013100 0.004990
0 0.321129 0.813688 0.013100 0.004990
0 0.495465 0.820580 0.013100 0.004990
0 0.495465 0.816065 0.013100 0.004990
0 0.669466 0.820580 0.013100 0.004990
0 0.669466 0.816065 0.013100 0.004990
0 0.820289 0.822956 0.013100 0.004990
0 0.820289 0.818441 0.013100 0.004990
0 0.571381 0.066302 0.008734 0.004990
0 0.712798 0.066302 0.008734 0.004990
0 0.862949 0.073432 0.008734 0.004990
0 0.932482 0.071055 0.008734 0.004990
0 0.140074 0.298004 0.008734 0.004990
0 0.463218 0.295627 0.008734 0.004990
0 0.542157 0.295627 0.008734 0.004990
0 0.677528 0.293251 0.008734 0.004990
0 0.751428 0.293251 0.008734 0.004990
0 0.846490 0.288498 0.008734 0.004990
0 0.142089 0.516160 0.008734 0.004990
0 0.200537 0.520913 0.008734 0.004990
0 0.230097 0.520913 0.008734 0.004990
0 0.283843 0.523289 0.008734 0.004990
0 0.342627 0.528042 0.008734 0.004990
0 0.374538 0.528042 0.008734 0.004990
0 0.418878 0.532795 0.009070 0.004990
0 0.234128 0.754278 0.008734 0.004990
0 0.358415 0.754278 0.008734 0.004990
0 0.395364 0.754278 0.008734 0.004990
0 0.432314 0.754278 0.008734 0.004990
0 0.495465 0.756654 0.009070 0.004990
0 0.569701 0.756654 0.008734 0.004990
0 0.606651 0.756654 0.008734 0.004990
0 0.669802 0.756654 0.008734 0.004990
0 0.700705 0.756654 0.008734 0.004990
0 0.888142 0.759030 0.008734 0.004990
0 0.921733 0.759030 0.008734 0.004990
