0 0.551562 0.217443 0.009741 0.005466
0 0.794424 0.220057 0.009741 0.005466
0 0.111858 0.455086 0.014108 0.005466
0 0.111858 0.434886 0.014108 0.005466
0 0.521330 0.457700 0.009741 0.005466
0 0.738327 0.477899 0.009741 0.005466
0 0.738327 0.460314 0.009741 0.005466
0 0.135707 0.708413 0.014108 0.005466
0 0.135707 0.690827 0.014108 0.005466
0 0.135707 0.668013 0.014108 0.005466
0 0.113873 0.708650 0.006382 0.003802
0 0.113873 0.690827 0.006382 0.003802
0 0.445751 0.708413 0.009741 0.005466
0 0.445751 0.690827 0.009741 0.005466
0 0.646960 0.711027 0.009070 0.005466
0 0.646960 0.693203 0.009070 0.005466
0 0.724555 0.708413 0.014108 0.005466
0 0.724555 0.690827 0.014108 0.005466
0 0.216325 0.892110 0.009070 0.005466
0 0.315082 0.894487 0.009070 0.005466
0 0.111858 0.222671 0.014108 0.005466
0 0.111858 0.217443 0.014108 0.005466
0 0.543164 0.215067 0.009741 0.005466
0 0.875042 0.217443 0.009070 0.005466
0 0.119919 0.442490 0.009070 0.005466
0 0.195499 0.440114 0.009070 0.005466
0 0.300638 0.440114 0.009741 0.005466
0 0.521330 0.445105 0.009070 0.005466
0 0.617736 0.445105 0.009070 0.005466
0 0.738327 0.447481 0.009070 0.005466
0 0.895197 0.447481 0.009070 0.005466
0 0.140746 0.675618 0.009741 0.005466
0 0.266376 0.677994 0.009741 0.005466
0 0.456500 0.677994 0.009741 0.005466
0 0.585153 0.677994 0.009741 0.005466
0 0.724219 0.680608 0.009741 0.005466
0 0.724219 0.670627 0.009741 0.005466
0 0.891166 0.677994 0.009070 0.005466
0 0.891166 0.665399 0.009070 0.005466
0 0.117232 0.889496 0.009070 0.005466
0 0.117232 0.874287 0.009070 0.005466
0 0.216325 0.876901 0.009070 0.005466
0 0.315082 0.879515 0.009070 0.005466
0 0.414175 0.899715 0.009070 0.005466
0 0.414175 0.886882 0.009070 0.005466
0 0.414175 0.876901 0.009070 0.005466
0 0.544844 0.902091 0.009070 0.005466
0 0.544844 0.892110 0.009070 0.005466
0 0.544844 0.886882 0.009070 0.005466
0 0.636211 0.912310 0.009070 0.005466
0 0.636211 0.894487 0.009070 0.005466
0 0.750084 0.904705 0.009070 0.005466
0 0.750084 0.894487 0.009070 0.005466
0 0.841451 0.897101 0.009070 0.005466
0 0.841451 0.881892 0.009070 0.005466
0 0.111858 0.161835 0.014108 0.005466
0 0.125294 0.159221 0.014108 0.005466
0 0.548875 0.171816 0.014108 0.005466
0 0.141082 0.621911 0.014108 0.005466
0 0.111858 0.169439 0.009741 0.005466
0 0.321800 0.171816 0.009070 0.005466
0 0.404434 0.174430 0.009070 0.005466
0 0.563319 0.166825 0.009741 0.005466
0 0.875042 0.169439 0.009070 0.005466
0 0.111522 0.396863 0.009070 0.005466
0 0.195499 0.399240 0.009070 0.005466
0 0.300302 0.399240 0.009070 0.005466
0 0.365805 0.396863 0.009070 0.005466
0 0.431307 0.391635 0.009070 0.005466
0 0.521330 0.399240 0.009070 0.005466
0 0.617736 0.399240 0.009070 0.005466
0 0.759154 0.401854 0.009070 0.005466
0 0.895197 0.401854 0.009070 0.005466
0 0.135371 0.629515 0.009741 0.005466
0 0.266376 0.631892 0.009741 0.005466
0 0.456500 0.631892 0.009741 0.005466
0 0.585153 0.631892 0.009741 0.005466
0 0.225059 0.846483 0.009070 0.005466
0 0.315082 0.849097 0.009070 0.005466
0 0.750084 0.881892 0.009070 0.005466
0 0.750084 0.876901 0.009070 0.005466
0 0.855559 0.844106 0.009070 0.005466
0 0.898556 0.844106 0.009070 0.005466
0 0.114209 0.154230 0.009070 0.005466
0 0.154182 0.144011 0.009070 0.005466
0 0.196507 0.151616 0.009070 0.005466
0 0.239167 0.154230 0.009741 0.005466
0 0.550890 0.159221 0.009070 0.005466
0 0.600269 0.149240 0.009070 0.005466
0 0.641585 0.156844 0.009070 0.005466
0 0.682902 0.159221 0.009741 0.005466
0 0.875042 0.151616 0.009070 0.005466
0 0.116560 0.401854 0.009741 0.005466
0 0.116560 0.384268 0.009741 0.005466
0 0.303997 0.404468 0.009741 0.005466
0 0.303997 0.386644 0.009741 0.005466
0 0.524689 0.406844 0.009741 0.005466
0 0.533759 0.404468 0.009741 0.005466
0 0.524689 0.389259 0.009741 0.005466
0 0.747061 0.406844 0.009070 0.005466
0 0.747061 0.389259 0.009070 0.005466
0 0.835069 0.409458 0.009070 0.005466
0 0.835069 0.391635 0.009070 0.005466
0 0.142761 0.634506 0.009741 0.005466
0 0.142761 0.616920 0.009741 0.005466
0 0.337252 0.637120 0.009070 0.005466
0 0.337252 0.619297 0.009070 0.005466
0 0.446087 0.642110 0.014108 0.005466
0 0.446087 0.637120 0.014108 0.005466
0 0.446087 0.624287 0.014108 0.005466
0 0.724219 0.639496 0.009741 0.005466
0 0.724219 0.634506 0.009741 0.005466
0 0.724219 0.624287 0.009741 0.005466
0 0.891166 0.626901 0.009070 0.005466
0 0.891166 0.619297 0.009070 0.005466
0 0.117232 0.844106 0.009070 0.005466
0 0.117232 0.838878 0.009070 0.005466
0 0.216325 0.844106 0.009741 0.005466
0 0.414175 0.851711 0.009070 0.005466
0 0.414175 0.846483 0.009070 0.005466
0 0.414175 0.833888 0.009070 0.005466
0 0.544844 0.856702 0.009070 0.005466
0 0.544844 0.846483 0.009070 0.005466
0 0.544844 0.838878 0.009070 0.005466
0 0.636211 0.856702 0.009070 0.005466
0 0.636211 0.849097 0.009070 0.005466
0 0.636211 0.844106 0.009070 0.005466
0 0.750084 0.849097 0.009070 0.005466
0 0.750084 0.844106 0.009070 0.005466
0 0.843131 0.851711 0.009070 0.005466
0 0.843131 0.833888 0.009070 0.005466
0 0.111858 0.076283 0.009741 0.005466
0 0.321800 0.081274 0.009070 0.005466
0 0.404434 0.086502 0.009070 0.005466
0 0.461874 0.081274 0.009070 0.005466
0 0.543164 0.073907 0.009070 0.005466
0 0.738663 0.081274 0.009070 0.005466
0 0.794424 0.068679 0.009741 0.005466
0 0.247901 0.333175 0.009070 0.005466
0 0.300302 0.333175 0.009070 0.005466
0 0.369499 0.330561 0.009070 0.005466
0 0.431307 0.325570 0.009070 0.005466
0 0.521330 0.323194 0.009070 0.005466
0 0.678200 0.338165 0.009070 0.005466
0 0.738327 0.335789 0.009070 0.005466
0 0.895197 0.325570 0.009070 0.005466
0 0.135371 0.545627 0.009070 0.005466
0 0.221700 0.558222 0.009070 0.005466
0 0.266040 0.560837 0.009070 0.005466
0 0.381592 0.548004 0.009070 0.005466
0 0.445751 0.553232 0.009070 0.005466
0 0.484380 0.560837 0.009070 0.005466
0 0.523346 0.548004 0.009741 0.005466
0 0.891166 0.548004 0.009070 0.005466
0 0.117232 0.778517 0.009070 0.005466
0 0.216325 0.783745 0.009070 0.005466
0 0.315082 0.776141 0.009070 0.005466
0 0.414175 0.773527 0.009070 0.005466
0 0.544844 0.768536 0.009070 0.005466
0 0.636211 0.771150 0.009070 0.005466
0 0.692980 0.776141 0.009070 0.005466
0 0.750084 0.771150 0.009070 0.005466
0 0.841451 0.773527 0.009070 0.005466
0 0.898556 0.773527 0.009070 0.005466
