0 0.656701 0.876901 0.009070 0.005466
0 0.680551 0.871911 0.009070 0.005466
0 0.155526 0.205086 0.009070 0.005466
0 0.206920 0.205086 0.009741 0.005466
0 0.206920 0.195105 0.009741 0.005466
0 0.324824 0.187500 0.009070 0.005466
0 0.371179 0.190114 0.009070 0.005466
0 0.417534 0.192490 0.009070 0.005466
0 0.481021 0.207700 0.009070 0.005466
0 0.481021 0.190114 0.009070 0.005466
0 0.530064 0.200095 0.009070 0.005466
0 0.579442 0.207700 0.009070 0.005466
0 0.579442 0.200095 0.009070 0.005466
0 0.644273 0.210314 0.009070 0.005466
0 0.644273 0.197719 0.009070 0.005466
0 0.692980 0.192490 0.009070 0.005466
0 0.741350 0.197719 0.009070 0.005466
0 0.803158 0.215304 0.009070 0.005466
0 0.853880 0.202709 0.009070 0.005466
0 0.904602 0.215304 0.009070 0.005466
0 0.904602 0.202709 0.009070 0.005466
0 0.144441 0.447243 0.009070 0.005466
0 0.193819 0.429420 0.009741 0.005466
0 0.726234 0.457224 0.009741 0.005466
0 0.788713 0.439639 0.009070 0.005466
0 0.832382 0.449620 0.009070 0.005466
0 0.852872 0.439639 0.009070 0.005466
0 0.263688 0.639021 0.009741 0.005466
0 0.263688 0.634030 0.009741 0.005466
0 0.388310 0.641635 0.009741 0.005466
0 0.397380 0.639021 0.009741 0.005466
0 0.397380 0.634030 0.009741 0.005466
0 0.530736 0.646625 0.009741 0.005466
0 0.522002 0.641635 0.009741 0.005466
0 0.530736 0.639021 0.009741 0.005466
0 0.654350 0.649240 0.009741 0.005466
0 0.663420 0.646625 0.009741 0.005466
0 0.663420 0.641635 0.009741 0.005466
0 0.808196 0.649240 0.009741 0.005466
0 0.799127 0.644011 0.009741 0.005466
0 0.808196 0.641635 0.009741 0.005466
0 0.155526 0.884506 0.009741 0.005466
0 0.155526 0.879515 0.009741 0.005466
0 0.155526 0.869297 0.009741 0.005466
0 0.239503 0.879515 0.009070 0.005466
0 0.239503 0.869297 0.009070 0.005466
0 0.260665 0.884506 0.009070 0.005466
0 0.656701 0.876901 0.009070 0.005466
0 0.710447 0.876901 0.009741 0.005466
0 0.710447 0.871911 0.009741 0.005466
0 0.710447 0.861692 0.009741 0.005466
0 0.823984 0.876901 0.009741 0.005466
0 0.823984 0.871911 0.009741 0.005466
0 0.823984 0.864306 0.009741 0.005466
0 0.757474 0.401616 0.009741 0.005466
0 0.757474 0.394011 0.009741 0.005466
0 0.155526 0.159696 0.009070 0.005466
0 0.155526 0.149715 0.009070 0.005466
0 0.181391 0.147101 0.009070 0.005466
0 0.206920 0.144487 0.009070 0.005466
0 0.232449 0.147101 0.009070 0.005466
0 0.258314 0.154705 0.009070 0.005466
0 0.283843 0.159696 0.009070 0.005466
0 0.348001 0.159696 0.009070 0.005466
0 0.348001 0.154705 0.009070 0.005466
0 0.394357 0.159696 0.009070 0.005466
0 0.394357 0.154705 0.009070 0.005466
0 0.440712 0.159696 0.009070 0.005466
0 0.440712 0.154705 0.009070 0.005466
0 0.497145 0.162310 0.009070 0.005466
0 0.505542 0.159696 0.009070 0.005466
0 0.505542 0.154705 0.009070 0.005466
0 0.546523 0.162310 0.009070 0.005466
0 0.554921 0.159696 0.009070 0.005466
0 0.554921 0.154705 0.009070 0.005466
0 0.604300 0.162310 0.009070 0.005466
0 0.604300 0.154705 0.009070 0.005466
0 0.668458 0.162310 0.009070 0.005466
0 0.668458 0.152091 0.009070 0.005466
0 0.717165 0.162310 0.009070 0.005466
0 0.717165 0.157319 0.009070 0.005466
0 0.765872 0.169914 0.009070 0.005466
0 0.765872 0.162310 0.009070 0.005466
0 0.828687 0.169914 0.009070 0.005466
0 0.828687 0.164686 0.009070 0.005466
0 0.879409 0.169914 0.009070 0.005466
0 0.879409 0.164686 0.009070 0.005466
0 0.930131 0.169914 0.009070 0.005466
0 0.938529 0.167300 0.009070 0.005466
0 0.168962 0.396625 0.009070 0.005466
0 0.168962 0.391635 0.009070 0.005466
0 0.168962 0.381416 0.009070 0.005466
0 0.218341 0.396625 0.009070 0.005466
0 0.218341 0.391635 0.009070 0.005466
0 0.218341 0.381416 0.009070 0.005466
0 0.243198 0.396625 0.009070 0.005466
0 0.243198 0.391635 0.009070 0.005466
0 0.243198 0.384030 0.009070 0.005466
0 0.267719 0.396625 0.009070 0.005466
0 0.267719 0.391635 0.009070 0.005466
0 0.309372 0.439639 0.009070 0.005466
0 0.328183 0.426806 0.009070 0.005466
0 0.350017 0.399240 0.009070 0.005466
0 0.368828 0.391635 0.009070 0.005466
0 0.387639 0.386407 0.009070 0.005466
0 0.444407 0.439639 0.009070 0.005466
0 0.466577 0.426806 0.009070 0.005466
0 0.488747 0.396625 0.009070 0.005466
0 0.510917 0.391635 0.009070 0.005466
0 0.533087 0.384030 0.009070 0.005466
0 0.590527 0.439639 0.009070 0.005466
0 0.610346 0.429420 0.009070 0.005466
0 0.632516 0.396625 0.009070 0.005466
0 0.652335 0.391635 0.009070 0.005466
0 0.672825 0.384030 0.009070 0.005466
0 0.726234 0.396625 0.009070 0.005466
0 0.734632 0.394011 0.009070 0.005466
0 0.726234 0.384030 0.009070 0.005466
0 0.757474 0.386407 0.009070 0.005466
0 0.788713 0.389021 0.009070 0.005466
0 0.873362 0.404230 0.009070 0.005466
0 0.873362 0.394011 0.009070 0.005466
0 0.893853 0.389021 0.009070 0.005466
0 0.914343 0.391635 0.009070 0.005466
0 0.935170 0.389021 0.009070 0.005466
0 0.144441 0.607177 0.009070 0.005466
0 0.164931 0.604800 0.009070 0.005466
0 0.185422 0.602186 0.009070 0.005466
0 0.185422 0.591968 0.009070 0.005466
0 0.218341 0.602186 0.009070 0.005466
0 0.218341 0.591968 0.009070 0.005466
0 0.285186 0.594582 0.009070 0.005466
0 0.306685 0.584601 0.009070 0.005466
0 0.306685 0.576996 0.009070 0.005466
0 0.341283 0.584601 0.009070 0.005466
0 0.341283 0.576996 0.009070 0.005466
0 0.418878 0.597196 0.009070 0.005466
0 0.440376 0.589591 0.009070 0.005466
0 0.440376 0.579373 0.009070 0.005466
0 0.474639 0.589591 0.009070 0.005466
0 0.474639 0.579373 0.009070 0.005466
0 0.552570 0.602186 0.009070 0.005466
0 0.574404 0.589591 0.009070 0.005466
0 0.574404 0.584601 0.009070 0.005466
0 0.609338 0.589591 0.009070 0.005466
0 0.609338 0.584601 0.009070 0.005466
0 0.684918 0.604800 0.009070 0.005466
0 0.706752 0.597196 0.009070 0.005466
0 0.706752 0.586977 0.009070 0.005466
0 0.741686 0.597196 0.009070 0.005466
0 0.741686 0.586977 0.009070 0.005466
0 0.832382 0.604800 0.009070 0.005466
0 0.867652 0.594582 0.009070 0.005466
0 0.867652 0.586977 0.009070 0.005466
0 0.906617 0.589591 0.009070 0.005466
0 0.931139 0.586977 0.009070 0.005466
0 0.155190 0.823432 0.009070 0.005466
0 0.155190 0.813213 0.009070 0.005466
0 0.176352 0.815827 0.009070 0.005466
0 0.197514 0.818203 0.009070 0.005466
0 0.218341 0.823432 0.009070 0.005466
0 0.239503 0.833413 0.009070 0.005466
0 0.300638 0.894487 0.009070 0.005466
0 0.323480 0.884506 0.009070 0.005466
0 0.346658 0.871911 0.009070 0.005466
0 0.375546 0.833413 0.009070 0.005466
0 0.398724 0.820817 0.009070 0.005466
0 0.421901 0.815827 0.009070 0.005466
0 0.471280 0.894487 0.009070 0.005466
0 0.497481 0.884506 0.009070 0.005466
0 0.523682 0.871911 0.009070 0.005466
0 0.552570 0.833413 0.009070 0.005466
0 0.578771 0.820817 0.009070 0.005466
0 0.604971 0.815827 0.009070 0.005466
0 0.734632 0.820817 0.009070 0.005466
0 0.758818 0.803232 0.009070 0.005466
0 0.782667 0.810837 0.009070 0.005466
0 0.823648 0.805608 0.009070 0.005466
0 0.845818 0.808222 0.009070 0.005466
0 0.867652 0.813213 0.009070 0.005466
0 0.889486 0.820817 0.009070 0.005466
0 0.911656 0.825808 0.009070 0.005466
0 0.933490 0.864306 0.009070 0.005466
0 0.155862 0.073907 0.009741 0.005466
0 0.324824 0.073907 0.009070 0.005466
0 0.417534 0.073907 0.009070 0.005466
0 0.481021 0.073907 0.009741 0.005466
0 0.579442 0.073907 0.009070 0.005466
0 0.644273 0.071293 0.009070 0.005466
0 0.692980 0.076283 0.009070 0.005466
0 0.741350 0.081274 0.009070 0.005466
0 0.803158 0.083888 0.009741 0.005466
0 0.904602 0.086502 0.009070 0.005466
0 0.144441 0.299667 0.009070 0.005466
0 0.243198 0.302044 0.009070 0.005466
0 0.309372 0.304658 0.009741 0.005466
0 0.387639 0.304658 0.009070 0.005466
0 0.444407 0.297053 0.009741 0.005466
0 0.533087 0.297053 0.009070 0.005466
0 0.590863 0.297053 0.009741 0.005466
0 0.726234 0.297053 0.009070 0.005466
0 0.788713 0.299667 0.009070 0.005466
0 0.832382 0.299667 0.009741 0.005466
0 0.144777 0.513783 0.009741 0.005466
0 0.263688 0.513783 0.009741 0.005466
0 0.397380 0.513783 0.009741 0.005466
0 0.530736 0.513783 0.009070 0.005466
0 0.239503 0.743584 0.009070 0.005466
0 0.300638 0.745960 0.009070 0.005466
0 0.346658 0.748574 0.009070 0.005466
0 0.398724 0.751188 0.009070 0.005466
0 0.471280 0.745960 0.009741 0.005466
0 0.578771 0.748574 0.009070 0.005466
0 0.656701 0.751188 0.009741 0.005466
0 0.823648 0.753565 0.009070 0.005466
0 0.911656 0.753565 0.009070 0.005466
