0 0.241854 0.495485 0.009070 0.005228
0 0.241854 0.485266 0.009070 0.005228
0 0.222707 0.487643 0.006382 0.003565
0 0.285522 0.467681 0.009070 0.005228
0 0.262345 0.467443 0.006382 0.003565
0 0.273094 0.460076 0.006382 0.003565
0 0.324152 0.472671 0.009070 0.005228
0 0.343970 0.477899 0.009070 0.005228
0 0.397380 0.485266 0.009070 0.005228
0 0.433994 0.480276 0.009070 0.005228
0 0.464226 0.485266 0.009070 0.005228
0 0.480013 0.480276 0.009070 0.005228
0 0.510245 0.485266 0.009070 0.005228
0 0.525697 0.477899 0.009070 0.005228
0 0.559960 0.485266 0.009070 0.005228
0 0.640914 0.467681 0.009070 0.005228
0 0.617736 0.467443 0.006382 0.003565
0 0.628485 0.460076 0.006382 0.003565
0 0.673497 0.472671 0.009070 0.005228
0 0.690292 0.477899 0.009070 0.005228
0 0.752771 0.485266 0.009070 0.005228
0 0.799798 0.480276 0.009070 0.005228
0 0.833725 0.485266 0.009070 0.005228
0 0.851192 0.480276 0.009070 0.005228
0 0.885119 0.485266 0.009070 0.005228
0 0.902586 0.495485 0.009070 0.005228
0 0.902586 0.485266 0.009070 0.005228
0 0.159221 0.902329 0.009070 0.005228
0 0.159221 0.892110 0.009070 0.005228
0 0.143769 0.894487 0.006382 0.003565
0 0.206584 0.874525 0.009070 0.005228
0 0.183406 0.874287 0.006382 0.003565
0 0.194155 0.866683 0.006382 0.003565
0 0.248236 0.879515 0.009070 0.005228
0 0.283507 0.884506 0.009070 0.005228
0 0.372187 0.892110 0.009070 0.005228
0 0.437353 0.887120 0.009070 0.005228
0 0.479342 0.892110 0.009070 0.005228
0 0.514276 0.887120 0.009070 0.005228
0 0.556265 0.892110 0.009070 0.005228
0 0.592879 0.884506 0.009070 0.005228
0 0.640242 0.892110 0.009070 0.005228
0 0.722875 0.902329 0.009070 0.005228
0 0.722875 0.892110 0.009070 0.005228
0 0.703729 0.894487 0.006382 0.003565
0 0.766208 0.874525 0.009070 0.005228
0 0.743366 0.874287 0.006382 0.003565
0 0.753779 0.866683 0.006382 0.003565
0 0.804837 0.879515 0.009070 0.005228
0 0.834397 0.884506 0.009070 0.005228
0 0.916695 0.892110 0.009070 0.005228
0 0.525697 0.450095 0.009070 0.005228
0 0.592879 0.856464 0.009070 0.005228
0 0.285522 0.432272 0.009070 0.005228
0 0.285522 0.419677 0.009070 0.005228
0 0.262345 0.432272 0.006382 0.003565
0 0.262345 0.419439 0.006382 0.003565
0 0.273094 0.427044 0.006382 0.003565
0 0.273094 0.414449 0.006382 0.003565
0 0.324152 0.437262 0.009070 0.005228
0 0.324152 0.427281 0.009070 0.005228
0 0.343970 0.444867 0.009070 0.005228
0 0.343970 0.432272 0.009070 0.005228
0 0.397380 0.450095 0.009070 0.005228
0 0.397380 0.437262 0.009070 0.005228
0 0.433994 0.447481 0.009070 0.005228
0 0.433994 0.434886 0.009070 0.005228
0 0.464226 0.444867 0.009070 0.005228
0 0.480013 0.447481 0.009070 0.005228
0 0.480013 0.434886 0.009070 0.005228
0 0.510245 0.444867 0.009070 0.005228
0 0.525697 0.432272 0.009070 0.005228
0 0.559960 0.437262 0.009070 0.005228
0 0.640914 0.432272 0.009070 0.005228
0 0.640914 0.419677 0.009070 0.005228
0 0.617736 0.432272 0.006382 0.003565
0 0.617736 0.419439 0.006382 0.003565
0 0.628485 0.427044 0.006382 0.003565
0 0.628485 0.414449 0.006382 0.003565
0 0.673497 0.437262 0.009070 0.005228
0 0.673497 0.427281 0.009070 0.005228
0 0.690292 0.444867 0.009070 0.005228
0 0.690292 0.432272 0.009070 0.005228
0 0.752771 0.450095 0.009070 0.005228
0 0.752771 0.437262 0.009070 0.005228
0 0.799798 0.447481 0.009070 0.005228
0 0.799798 0.434886 0.009070 0.005228
0 0.833725 0.444867 0.009070 0.005228
0 0.851192 0.447481 0.009070 0.005228
0 0.851192 0.434886 0.009070 0.005228
0 0.885119 0.444867 0.009070 0.005228
0 0.902586 0.450095 0.009070 0.005228
0 0.902586 0.437262 0.009070 0.005228
0 0.206584 0.838641 0.009070 0.005228
0 0.206584 0.826046 0.009070 0.005228
0 0.183406 0.838641 0.006382 0.003565
0 0.183406 0.826046 0.006382 0.003565
0 0.194155 0.833650 0.006382 0.003565
0 0.194155 0.820817 0.006382 0.003565
0 0.248236 0.843869 0.009070 0.005228
0 0.248236 0.833650 0.009070 0.005228
0 0.283507 0.851473 0.009070 0.005228
0 0.283507 0.838641 0.009070 0.005228
0 0.372187 0.856464 0.009070 0.005228
0 0.372187 0.843869 0.009070 0.005228
0 0.437353 0.853850 0.009070 0.005228
0 0.437353 0.841255 0.009070 0.005228
0 0.479342 0.851473 0.009070 0.005228
0 0.514276 0.853850 0.009070 0.005228
0 0.514276 0.841255 0.009070 0.005228
0 0.556265 0.851473 0.009070 0.005228
0 0.592879 0.838641 0.009070 0.005228
0 0.640242 0.843869 0.009070 0.005228
0 0.766208 0.838641 0.009070 0.005228
0 0.766208 0.826046 0.009070 0.005228
0 0.743366 0.838641 0.006382 0.003565
0 0.743366 0.826046 0.006382 0.003565
0 0.753779 0.833650 0.006382 0.003565
0 0.753779 0.820817 0.006382 0.003565
0 0.804837 0.843869 0.009070 0.005228
0 0.804837 0.833650 0.009070 0.005228
0 0.834397 0.851473 0.009070 0.005228
0 0.834397 0.838641 0.009070 0.005228
0 0.916695 0.856464 0.009070 0.005228
0 0.916695 0.843869 0.009070 0.005228
0 0.433994 0.368108 0.010413 0.005228
0 0.603964 0.368108 0.009070 0.005228
0 0.727242 0.360504 0.009070 0.005228
0 0.799798 0.368108 0.009070 0.005228
0 0.159221 0.773289 0.009070 0.005228
0 0.330534 0.765684 0.009070 0.005228
0 0.437353 0.773289 0.009070 0.005228
0 0.640242 0.765684 0.009070 0.005228
0 0.722875 0.773289 0.009070 0.005228
0 0.878065 0.765684 0.009070 0.005228
0 0.433994 0.301806 0.010413 0.005228
0 0.603964 0.302044 0.009070 0.005228
0 0.727242 0.307034 0.009070 0.005228
0 0.799798 0.302044 0.009070 0.005228
0 0.159221 0.699144 0.009070 0.005228
0 0.206584 0.693916 0.009070 0.005228
0 0.248236 0.699144 0.009070 0.005228
0 0.283507 0.693916 0.009070 0.005228
0 0.330534 0.688926 0.009070 0.005228
0 0.437353 0.701521 0.009070 0.005228
0 0.479342 0.701521 0.009070 0.005228
0 0.514276 0.696530 0.009070 0.005228
0 0.556265 0.691540 0.009070 0.005228
0 0.592879 0.693916 0.009070 0.005228
0 0.722875 0.693916 0.009070 0.005228
0 0.766208 0.693916 0.009070 0.005228
0 0.804837 0.699144 0.009070 0.005228
0 0.834397 0.693916 0.009070 0.005228
0 0.878065 0.688926 0.009070 0.005228
0 0.433994 0.255228 0.009070 0.005228
0 0.559960 0.260219 0.009070 0.005228
0 0.159221 0.644724 0.009070 0.005228
0 0.330534 0.649715 0.009070 0.005228
0 0.437353 0.644724 0.009070 0.005228
0 0.640242 0.649715 0.009070 0.005228
0 0.722875 0.644724 0.009070 0.005228
0 0.878065 0.649715 0.009070 0.005228
0 0.433994 0.195105 0.009070 0.005228
0 0.559960 0.200333 0.009070 0.005228
0 0.159221 0.562262 0.009070 0.005228
0 0.206584 0.554658 0.009070 0.005228
0 0.248236 0.549667 0.009070 0.005228
0 0.283507 0.544439 0.009070 0.005228
0 0.372187 0.549667 0.009070 0.005228
0 0.437353 0.547053 0.009070 0.005228
0 0.479342 0.547053 0.009070 0.005228
0 0.514276 0.552044 0.009070 0.005228
0 0.556265 0.557034 0.009070 0.005228
0 0.592879 0.554658 0.009070 0.005228
0 0.640242 0.562262 0.009070 0.005228
0 0.722875 0.562262 0.009070 0.005228
0 0.766208 0.554658 0.009070 0.005228
0 0.804837 0.549667 0.009070 0.005228
0 0.834397 0.544439 0.009070 0.005228
0 0.916695 0.549667 0.009070 0.005228
