0 0.098421 0.312262 0.006718 0.003802
0 0.141418 0.308460 0.006718 0.003802
0 0.168290 0.308460 0.006718 0.003802
0 0.296271 0.312262 0.006718 0.003802
0 0.351696 0.317728 0.006718 0.003802
0 0.386295 0.317728 0.006718 0.003802
0 0.420894 0.312262 0.006718 0.003802
0 0.098421 0.598146 0.006718 0.003802
0 0.162580 0.598146 0.006718 0.003802
0 0.202553 0.598146 0.006718 0.003802
0 0.242862 0.603612 0.006718 0.003802
0 0.307020 0.603612 0.006718 0.003802
0 0.346994 0.603612 0.006718 0.003802
0 0.397044 0.596245 0.006718 0.003802
0 0.462210 0.596245 0.006718 0.003802
0 0.502855 0.596245 0.006718 0.003802
0 0.543500 0.599810 0.006718 0.003802
0 0.624790 0.599810 0.006718 0.003802
0 0.118912 0.895437 0.006718 0.003802
0 0.158213 0.895437 0.006718 0.003802
0 0.197178 0.891873 0.006718 0.003802
0 0.259993 0.888070 0.006718 0.003802
0 0.345986 0.891873 0.006718 0.003802
0 0.492106 0.895437 0.006718 0.003802
0 0.565670 0.901141 0.006718 0.003802
0 0.612026 0.901141 0.006718 0.003802
0 0.658045 0.895437 0.006718 0.003802
0 0.098421 0.304895 0.006718 0.003802
0 0.141418 0.304895 0.006718 0.003802
0 0.194827 0.304895 0.006718 0.003802
0 0.296271 0.304895 0.006718 0.003802
0 0.351696 0.304895 0.006718 0.003802
0 0.420894 0.304895 0.006718 0.003802
0 0.705408 0.312262 0.006718 0.003802
0 0.759154 0.312262 0.006718 0.003802
0 0.806853 0.312262 0.006718 0.003802
0 0.794088 0.315827 0.004703 0.002614
0 0.799798 0.313926 0.004703 0.002614
0 0.879409 0.314163 0.006718 0.003802
0 0.098421 0.590542 0.006718 0.003802
0 0.242862 0.586977 0.006718 0.003802
0 0.397044 0.588878 0.006718 0.003802
0 0.543500 0.588878 0.006718 0.003802
0 0.584145 0.586977 0.006718 0.003802
0 0.624790 0.588878 0.006718 0.003802
0 0.665435 0.586977 0.006718 0.003802
0 0.718509 0.594344 0.007726 0.003802
0 0.718509 0.590542 0.007726 0.003802
0 0.118912 0.888070 0.006718 0.003802
0 0.158213 0.888070 0.006718 0.003802
0 0.197178 0.888070 0.006718 0.003802
0 0.259993 0.888070 0.006718 0.003802
0 0.345986 0.888070 0.006718 0.003802
0 0.492106 0.888070 0.006718 0.003802
0 0.565670 0.888070 0.006718 0.003802
0 0.658045 0.888070 0.006718 0.003802
0 0.141418 0.274240 0.006718 0.003802
0 0.194827 0.270437 0.006718 0.003802
0 0.242862 0.561312 0.006718 0.003802
0 0.397044 0.561312 0.006718 0.003802
0 0.543500 0.561312 0.006718 0.003802
0 0.624790 0.561312 0.006718 0.003802
0 0.492106 0.854563 0.006718 0.003802
0 0.565670 0.856226 0.006718 0.003802
0 0.658045 0.854563 0.006718 0.003802
0 0.098421 0.274240 0.006718 0.003802
0 0.098421 0.270437 0.006718 0.003802
0 0.141418 0.266873 0.006718 0.003802
0 0.168290 0.266873 0.006718 0.003802
0 0.194827 0.261169 0.006718 0.003802
0 0.296271 0.274240 0.006718 0.003802
0 0.296271 0.270437 0.006718 0.003802
0 0.351696 0.276141 0.006718 0.003802
0 0.351696 0.272338 0.006718 0.003802
0 0.386295 0.276141 0.006718 0.003802
0 0.386295 0.272338 0.006718 0.003802
0 0.420894 0.274240 0.006718 0.003802
0 0.420894 0.270437 0.006718 0.003802
0 0.509909 0.270437 0.007726 0.003802
0 0.509909 0.266873 0.007726 0.003802
0 0.644945 0.274240 0.007726 0.003802
0 0.644945 0.270437 0.007726 0.003802
0 0.806517 0.274240 0.007726 0.003802
0 0.806517 0.270437 0.007726 0.003802
0 0.098421 0.563213 0.006718 0.003802
0 0.098421 0.559648 0.006718 0.003802
0 0.162580 0.563213 0.006718 0.003802
0 0.162580 0.559648 0.006718 0.003802
0 0.202553 0.563213 0.006718 0.003802
0 0.202553 0.559648 0.006718 0.003802
0 0.242862 0.555846 0.006718 0.003802
0 0.307020 0.555846 0.006718 0.003802
0 0.346994 0.555846 0.006718 0.003802
0 0.397044 0.557747 0.006718 0.003802
0 0.462210 0.557747 0.006718 0.003802
0 0.502855 0.557747 0.006718 0.003802
0 0.543500 0.557747 0.006718 0.003802
0 0.584145 0.555846 0.006718 0.003802
0 0.624790 0.557747 0.006718 0.003802
0 0.665435 0.555846 0.006718 0.003802
0 0.718509 0.565114 0.007726 0.003802
0 0.718509 0.559411 0.007726 0.003802
0 0.118912 0.854563 0.006718 0.003802
0 0.118912 0.850760 0.006718 0.003802
0 0.158213 0.854563 0.006718 0.003802
0 0.158213 0.850760 0.006718 0.003802
0 0.197178 0.854563 0.006718 0.003802
0 0.197178 0.846958 0.006718 0.003802
0 0.259993 0.850760 0.006718 0.003802
0 0.259993 0.841492 0.006718 0.003802
0 0.345986 0.854563 0.006718 0.003802
0 0.345986 0.846958 0.006718 0.003802
0 0.492106 0.850760 0.006718 0.003802
0 0.565670 0.852662 0.006718 0.003802
0 0.612026 0.852662 0.006718 0.003802
0 0.658045 0.850760 0.006718 0.003802
0 0.769231 0.850760 0.007726 0.003802
0 0.769231 0.846958 0.007726 0.003802
0 0.098421 0.213403 0.006718 0.003802
0 0.141418 0.209838 0.006718 0.003802
0 0.168290 0.209838 0.006718 0.003802
0 0.194827 0.206036 0.006718 0.003802
0 0.296271 0.213403 0.006718 0.003802
0 0.351696 0.219106 0.006718 0.003802
0 0.386295 0.219106 0.006718 0.003802
0 0.420894 0.213403 0.006718 0.003802
0 0.705408 0.213403 0.006718 0.003802
0 0.759154 0.213403 0.006718 0.003802
0 0.806853 0.213403 0.006718 0.003802
0 0.794088 0.216968 0.004703 0.002614
0 0.799798 0.215067 0.004703 0.002614
0 0.879409 0.215304 0.006718 0.003802
0 0.098421 0.511882 0.006718 0.003802
0 0.162580 0.511882 0.006718 0.003802
0 0.202553 0.511882 0.006718 0.003802
0 0.242862 0.517586 0.006718 0.003802
0 0.307020 0.517586 0.006718 0.003802
0 0.346994 0.517586 0.006718 0.003802
0 0.397044 0.509981 0.006718 0.003802
0 0.462210 0.509981 0.006718 0.003802
0 0.502855 0.509981 0.006718 0.003802
0 0.543500 0.513783 0.006718 0.003802
0 0.624790 0.513783 0.006718 0.003802
0 0.718509 0.508080 0.007726 0.003802
0 0.118912 0.802757 0.006718 0.003802
0 0.107827 0.802519 0.004703 0.002614
0 0.158213 0.802757 0.006718 0.003802
0 0.197178 0.798954 0.006718 0.003802
0 0.259993 0.795390 0.006718 0.003802
0 0.345986 0.798954 0.006718 0.003802
0 0.492106 0.802757 0.006718 0.003802
0 0.565670 0.808222 0.006718 0.003802
0 0.612026 0.808222 0.006718 0.003802
0 0.658045 0.802757 0.006718 0.003802
0 0.098421 0.166112 0.006718 0.003802
0 0.141418 0.166112 0.006718 0.003802
0 0.168290 0.166112 0.006718 0.003802
0 0.194827 0.166112 0.006718 0.003802
0 0.296271 0.166112 0.006718 0.003802
0 0.351696 0.166112 0.006718 0.003802
0 0.386295 0.166112 0.006718 0.003802
0 0.420894 0.166112 0.006718 0.003802
0 0.098421 0.466017 0.006718 0.003802
0 0.162580 0.466017 0.006718 0.003802
0 0.202553 0.466017 0.006718 0.003802
0 0.242862 0.462452 0.006718 0.003802
0 0.397044 0.464116 0.006718 0.003802
0 0.543500 0.464116 0.006718 0.003802
0 0.584145 0.462452 0.006718 0.003802
0 0.624790 0.464116 0.006718 0.003802
0 0.665435 0.462452 0.006718 0.003802
0 0.718509 0.466017 0.007726 0.003802
0 0.118912 0.750238 0.006718 0.003802
0 0.107827 0.750238 0.004703 0.002614
0 0.158213 0.750238 0.006718 0.003802
0 0.197178 0.750238 0.006718 0.003802
0 0.259993 0.750238 0.006718 0.003802
0 0.345986 0.750238 0.006718 0.003802
0 0.492106 0.750238 0.006718 0.003802
0 0.565670 0.750238 0.006718 0.003802
0 0.612026 0.750238 0.006718 0.003802
0 0.658045 0.750238 0.006718 0.003802
0 0.098421 0.125000 0.006718 0.003802
0 0.141418 0.125000 0.006718 0.003802
0 0.168290 0.125000 0.006718 0.003802
0 0.194827 0.121435 0.006718 0.003802
0 0.296271 0.125000 0.006718 0.003802
0 0.351696 0.126901 0.006718 0.003802
0 0.386295 0.126901 0.006718 0.003802
0 0.420894 0.125000 0.006718 0.003802
0 0.509909 0.121198 0.007726 0.003802
0 0.644945 0.125000 0.007726 0.003802
0 0.806517 0.125000 0.007726 0.003802
0 0.098421 0.423004 0.006718 0.003802
0 0.162580 0.423004 0.006718 0.003802
0 0.202553 0.423004 0.006718 0.003802
0 0.242862 0.421103 0.006718 0.003802
0 0.397044 0.421103 0.006718 0.003802
0 0.462210 0.421103 0.006718 0.003802
0 0.543500 0.421103 0.006718 0.003802
0 0.624790 0.421103 0.006718 0.003802
0 0.718509 0.424905 0.007726 0.003802
0 0.118912 0.707224 0.006718 0.003802
0 0.107827 0.707224 0.004703 0.002614
0 0.158213 0.707224 0.006718 0.003802
0 0.197178 0.707224 0.006718 0.003802
0 0.259993 0.703660 0.006718 0.003802
0 0.345986 0.707224 0.006718 0.003802
0 0.492106 0.707224 0.006718 0.003802
0 0.565670 0.709125 0.006718 0.003802
0 0.612026 0.709125 0.006718 0.003802
0 0.658045 0.707224 0.006718 0.003802
0 0.769231 0.703660 0.007726 0.003802
0 0.098421 0.068679 0.006718 0.003802
0 0.141418 0.065114 0.006718 0.003802
0 0.168290 0.065114 0.006718 0.003802
0 0.194827 0.059411 0.006718 0.003802
0 0.296271 0.068679 0.006718 0.003802
0 0.351696 0.070580 0.006718 0.003802
0 0.386295 0.070580 0.006718 0.003802
0 0.420894 0.068679 0.006718 0.003802
0 0.509909 0.064876 0.007726 0.003802
0 0.644945 0.068679 0.007726 0.003802
0 0.806517 0.068679 0.007726 0.003802
0 0.098421 0.375238 0.006718 0.003802
0 0.162580 0.375238 0.006718 0.003802
0 0.202553 0.375238 0.006718 0.003802
0 0.242862 0.371435 0.006718 0.003802
0 0.307020 0.371435 0.006718 0.003802
0 0.346994 0.371435 0.006718 0.003802
0 0.397044 0.373337 0.006718 0.003802
0 0.462210 0.373337 0.006718 0.003802
0 0.502855 0.373337 0.006718 0.003802
0 0.543500 0.373337 0.006718 0.003802
0 0.584145 0.371435 0.006718 0.003802
0 0.624790 0.373337 0.006718 0.003802
0 0.665435 0.371435 0.006718 0.003802
0 0.718509 0.375238 0.007726 0.003802
0 0.118912 0.653517 0.006718 0.003802
0 0.107827 0.653517 0.004703 0.002614
0 0.158213 0.653517 0.006718 0.003802
0 0.197178 0.649952 0.006718 0.003802
0 0.259993 0.644249 0.006718 0.003802
0 0.345986 0.649952 0.006718 0.003802
0 0.492106 0.653517 0.006718 0.003802
0 0.565670 0.655418 0.006718 0.003802
0 0.612026 0.655418 0.006718 0.003802
0 0.658045 0.653517 0.006718 0.003802
0 0.769231 0.649715 0.007726 0.003802
