0 0.465569 0.419914 0.009405 0.005703
0 0.442056 0.432985 0.009405 0.005703
0 0.512932 0.432985 0.010077 0.005703
0 0.512932 0.419914 0.010077 0.005703
0 0.720188 0.430371 0.010077 0.005703
0 0.720188 0.419914 0.010077 0.005703
0 0.879745 0.417300 0.009405 0.005703
0 0.905274 0.417300 0.009405 0.005703
0 0.708095 0.644011 0.009405 0.005703
0 0.754787 0.641397 0.009405 0.005703
0 0.790729 0.641397 0.009405 0.005703
0 0.130668 0.224572 0.014444 0.005703
0 0.130668 0.206274 0.014444 0.005703
0 0.428284 0.221958 0.014444 0.005703
0 0.428284 0.203660 0.014444 0.005703
0 0.756130 0.221958 0.009405 0.005703
0 0.756130 0.203660 0.009405 0.005703
0 0.128317 0.443441 0.009405 0.005703
0 0.128317 0.425143 0.009405 0.005703
0 0.186765 0.443441 0.010077 0.005703
0 0.186765 0.425143 0.010077 0.005703
0 0.296607 0.435599 0.010077 0.005703
0 0.296607 0.425143 0.010077 0.005703
0 0.357743 0.435599 0.010077 0.005703
0 0.357743 0.427757 0.010077 0.005703
0 0.441048 0.432985 0.009405 0.005703
0 0.465569 0.419914 0.009405 0.005703
0 0.490763 0.409458 0.009405 0.005703
0 0.512932 0.409458 0.010077 0.005703
0 0.631172 0.409458 0.009405 0.005703
0 0.653678 0.412072 0.009405 0.005703
0 0.679207 0.409458 0.009405 0.005703
0 0.732953 0.419914 0.009405 0.005703
0 0.772254 0.419914 0.009405 0.005703
0 0.828687 0.409458 0.009405 0.005703
0 0.848169 0.406844 0.009405 0.005703
0 0.879745 0.412072 0.009405 0.005703
0 0.905274 0.412072 0.009405 0.005703
0 0.142425 0.644011 0.009405 0.005703
0 0.142425 0.638783 0.009405 0.005703
0 0.218677 0.638783 0.009405 0.005703
0 0.218677 0.628327 0.009405 0.005703
0 0.336580 0.644011 0.009405 0.005703
0 0.336580 0.633555 0.009405 0.005703
0 0.388646 0.644011 0.009405 0.005703
0 0.388646 0.633555 0.009405 0.005703
0 0.421901 0.641397 0.009405 0.005703
0 0.421901 0.636169 0.009405 0.005703
0 0.537118 0.657082 0.009405 0.005703
0 0.537118 0.646625 0.009405 0.005703
0 0.579442 0.657082 0.009405 0.005703
0 0.579442 0.646625 0.009405 0.005703
0 0.626134 0.654468 0.009405 0.005703
0 0.626134 0.649240 0.009405 0.005703
0 0.708095 0.633555 0.009405 0.005703
0 0.790729 0.633555 0.009405 0.005703
0 0.832382 0.644011 0.010077 0.005703
0 0.894189 0.654468 0.010077 0.005703
0 0.136379 0.877852 0.009405 0.005703
0 0.158213 0.867395 0.009405 0.005703
0 0.180047 0.859553 0.009405 0.005703
0 0.201545 0.854325 0.009405 0.005703
0 0.223379 0.849097 0.009405 0.005703
0 0.250252 0.841255 0.009405 0.005703
0 0.285186 0.854325 0.010077 0.005703
0 0.285186 0.849097 0.010077 0.005703
0 0.285186 0.841255 0.010077 0.005703
0 0.396372 0.877852 0.009405 0.005703
0 0.416191 0.867395 0.009405 0.005703
0 0.436345 0.859553 0.009405 0.005703
0 0.456164 0.854325 0.009405 0.005703
0 0.476318 0.849097 0.009405 0.005703
0 0.501176 0.841255 0.009405 0.005703
0 0.532079 0.849097 0.010077 0.005703
0 0.635203 0.877852 0.009405 0.005703
0 0.659389 0.867395 0.009405 0.005703
0 0.683574 0.859553 0.009405 0.005703
0 0.707759 0.854325 0.009405 0.005703
0 0.731945 0.849097 0.009405 0.005703
0 0.799463 0.854325 0.009405 0.005703
0 0.799463 0.849097 0.009405 0.005703
0 0.854887 0.877852 0.014444 0.005703
0 0.854887 0.867395 0.014444 0.005703
0 0.879745 0.370485 0.009405 0.005703
0 0.905274 0.370485 0.009405 0.005703
0 0.142425 0.591492 0.009405 0.005703
0 0.537118 0.573194 0.009405 0.005703
0 0.579778 0.573194 0.010077 0.005703
0 0.708095 0.591492 0.009405 0.005703
0 0.790729 0.591492 0.009405 0.005703
0 0.832382 0.591492 0.010077 0.005703
0 0.894189 0.594106 0.010077 0.005703
0 0.136715 0.817728 0.010077 0.005703
0 0.136715 0.809886 0.010077 0.005703
0 0.136715 0.804658 0.010077 0.005703
0 0.285186 0.804658 0.010077 0.005703
0 0.285186 0.799430 0.010077 0.005703
0 0.285186 0.791587 0.010077 0.005703
0 0.532079 0.809886 0.010077 0.005703
0 0.532079 0.804658 0.010077 0.005703
0 0.130668 0.120247 0.009405 0.005703
0 0.177024 0.143774 0.009405 0.005703
0 0.190460 0.141160 0.009405 0.005703
0 0.210279 0.138546 0.009405 0.005703
0 0.223715 0.135932 0.009405 0.005703
0 0.237487 0.133317 0.010077 0.005703
0 0.460867 0.138546 0.009405 0.005703
0 0.482029 0.135932 0.009405 0.005703
0 0.504199 0.133317 0.009405 0.005703
0 0.518979 0.130703 0.009405 0.005703
0 0.533759 0.128089 0.009405 0.005703
0 0.566006 0.117633 0.009405 0.005703
0 0.598253 0.117633 0.009405 0.005703
0 0.638226 0.141160 0.009405 0.005703
0 0.652670 0.138546 0.009405 0.005703
0 0.667450 0.135932 0.009405 0.005703
0 0.682230 0.133317 0.009405 0.005703
0 0.703393 0.130703 0.009405 0.005703
0 0.756130 0.130703 0.009405 0.005703
0 0.128317 0.380703 0.009405 0.005703
0 0.128317 0.370485 0.009405 0.005703
0 0.128317 0.362643 0.009405 0.005703
0 0.186765 0.380703 0.010077 0.005703
0 0.186765 0.370485 0.010077 0.005703
0 0.186765 0.362643 0.010077 0.005703
0 0.296607 0.380703 0.010077 0.005703
0 0.296607 0.370485 0.010077 0.005703
0 0.296607 0.362643 0.010077 0.005703
0 0.357743 0.380703 0.010077 0.005703
0 0.357743 0.373099 0.010077 0.005703
0 0.357743 0.362643 0.010077 0.005703
0 0.477998 0.328660 0.009405 0.005703
0 0.512932 0.331274 0.009405 0.005703
0 0.545852 0.333888 0.009405 0.005703
0 0.570373 0.336502 0.009405 0.005703
0 0.590863 0.333888 0.009405 0.005703
0 0.611018 0.331274 0.009405 0.005703
0 0.631172 0.333888 0.009405 0.005703
0 0.721196 0.375713 0.009405 0.005703
0 0.848169 0.352186 0.009405 0.005703
0 0.879745 0.354800 0.009405 0.005703
0 0.905274 0.354800 0.009405 0.005703
0 0.930467 0.357414 0.009405 0.005703
0 0.142425 0.581036 0.009405 0.005703
0 0.164595 0.578422 0.009405 0.005703
0 0.187101 0.575808 0.009405 0.005703
0 0.218677 0.588878 0.009405 0.005703
0 0.218677 0.578422 0.009405 0.005703
0 0.284851 0.586264 0.009405 0.005703
0 0.307356 0.583650 0.009405 0.005703
0 0.336580 0.591492 0.009405 0.005703
0 0.336580 0.583650 0.009405 0.005703
0 0.388646 0.591492 0.009405 0.005703
0 0.388646 0.583650 0.009405 0.005703
0 0.421901 0.591492 0.009405 0.005703
0 0.421901 0.581036 0.009405 0.005703
0 0.484716 0.567966 0.009405 0.005703
0 0.501847 0.565352 0.009405 0.005703
0 0.537118 0.565352 0.009405 0.005703
0 0.579442 0.565352 0.009405 0.005703
0 0.626134 0.562738 0.009405 0.005703
0 0.708095 0.583650 0.009405 0.005703
0 0.754787 0.581036 0.009405 0.005703
0 0.790729 0.583650 0.009405 0.005703
0 0.832046 0.583650 0.014444 0.005703
0 0.236816 0.768061 0.009405 0.005703
0 0.285186 0.770675 0.009405 0.005703
0 0.307020 0.773289 0.009405 0.005703
0 0.328519 0.775903 0.009405 0.005703
0 0.350353 0.773289 0.009405 0.005703
0 0.488747 0.786359 0.009405 0.005703
0 0.532079 0.788973 0.009405 0.005703
0 0.551898 0.791587 0.009405 0.005703
0 0.572052 0.794202 0.009405 0.005703
0 0.591871 0.791587 0.009405 0.005703
0 0.635203 0.791587 0.009405 0.005703
0 0.659389 0.804658 0.009405 0.005703
0 0.683574 0.807272 0.009405 0.005703
0 0.707759 0.809886 0.009405 0.005703
0 0.731945 0.812500 0.009405 0.005703
0 0.750084 0.809886 0.009405 0.005703
0 0.767887 0.807272 0.009405 0.005703
0 0.799463 0.809886 0.009405 0.005703
0 0.854887 0.822956 0.014444 0.005703
0 0.854887 0.809886 0.014444 0.005703
0 0.305677 0.093631 0.009405 0.005703
0 0.335573 0.091017 0.009405 0.005703
0 0.365469 0.088403 0.009405 0.005703
0 0.428619 0.083175 0.010077 0.005703
0 0.828351 0.083175 0.009405 0.005703
0 0.883776 0.080561 0.009405 0.005703
0 0.911320 0.077947 0.009405 0.005703
0 0.128317 0.281606 0.009405 0.005703
0 0.161236 0.281606 0.009405 0.005703
0 0.186765 0.281606 0.010077 0.005703
0 0.233456 0.292063 0.009405 0.005703
0 0.296607 0.281606 0.009405 0.005703
0 0.336916 0.292063 0.009405 0.005703
0 0.666443 0.294677 0.009405 0.005703
0 0.721196 0.297291 0.009405 0.005703
0 0.746725 0.299905 0.009405 0.005703
0 0.772254 0.302519 0.009405 0.005703
0 0.794088 0.299905 0.009405 0.005703
0 0.815922 0.297291 0.009405 0.005703
0 0.848169 0.299905 0.009405 0.005703
0 0.879745 0.297291 0.009405 0.005703
0 0.905274 0.297291 0.009405 0.005703
0 0.142425 0.516160 0.009405 0.005703
0 0.218677 0.516160 0.009405 0.005703
0 0.284851 0.513546 0.009405 0.005703
0 0.307356 0.510932 0.009405 0.005703
0 0.336580 0.510932 0.009405 0.005703
0 0.388646 0.510932 0.009405 0.005703
0 0.421901 0.508317 0.009405 0.005703
0 0.655358 0.508317 0.009405 0.005703
0 0.708095 0.505703 0.009405 0.005703
0 0.754787 0.508317 0.009405 0.005703
0 0.790729 0.505703 0.009405 0.005703
0 0.832382 0.505703 0.010077 0.005703
0 0.894189 0.503089 0.010077 0.005703
0 0.136715 0.727186 0.010077 0.005703
