0 0.110850 0.230751 0.009070 0.005466
0 0.135707 0.220770 0.009070 0.005466
0 0.160900 0.213165 0.009070 0.005466
0 0.185757 0.207937 0.009070 0.005466
0 0.210615 0.202947 0.009070 0.005466
0 0.235472 0.197956 0.009070 0.005466
0 0.260329 0.192966 0.009070 0.005466
0 0.285522 0.190352 0.009070 0.005466
0 0.327847 0.190352 0.009070 0.005466
0 0.352368 0.192966 0.009070 0.005466
0 0.377225 0.197956 0.009070 0.005466
0 0.402083 0.202947 0.009070 0.005466
0 0.426604 0.207937 0.009070 0.005466
0 0.451461 0.213165 0.009070 0.005466
0 0.476318 0.220770 0.009070 0.005466
0 0.500840 0.230751 0.009070 0.005466
0 0.540813 0.230751 0.009070 0.005466
0 0.565670 0.220770 0.009070 0.005466
0 0.590527 0.213165 0.009070 0.005466
0 0.615385 0.207937 0.009070 0.005466
0 0.640578 0.202947 0.009070 0.005466
0 0.665435 0.197956 0.009070 0.005466
0 0.690292 0.192966 0.009070 0.005466
0 0.715149 0.190352 0.009070 0.005466
0 0.757474 0.190352 0.009070 0.005466
0 0.782331 0.192966 0.009070 0.005466
0 0.807188 0.197956 0.009070 0.005466
0 0.831710 0.202947 0.009070 0.005466
0 0.856567 0.207937 0.009070 0.005466
0 0.881424 0.213165 0.009070 0.005466
0 0.905946 0.220770 0.009070 0.005466
0 0.930803 0.230751 0.009070 0.005466
0 0.110850 0.517586 0.009070 0.005466
0 0.135371 0.507605 0.009070 0.005466
0 0.159893 0.500000 0.009070 0.005466
0 0.184414 0.495010 0.009070 0.005466
0 0.208599 0.459601 0.009070 0.005466
0 0.233121 0.454610 0.009070 0.005466
0 0.257642 0.449382 0.009070 0.005466
0 0.282163 0.447006 0.009070 0.005466
0 0.327175 0.447006 0.009070 0.005466
0 0.351360 0.449382 0.009070 0.005466
0 0.375882 0.454610 0.009070 0.005466
0 0.400067 0.459601 0.009070 0.005466
0 0.424589 0.495010 0.009070 0.005466
0 0.449110 0.500000 0.009070 0.005466
0 0.473295 0.507605 0.009070 0.005466
0 0.497817 0.517586 0.009070 0.005466
0 0.532079 0.517586 0.009070 0.005466
0 0.557944 0.507605 0.009070 0.005466
0 0.584145 0.500000 0.009070 0.005466
0 0.610010 0.495010 0.009070 0.005466
0 0.635875 0.459601 0.009070 0.005466
0 0.664091 0.454610 0.009070 0.005466
0 0.689956 0.449382 0.009070 0.005466
0 0.716157 0.447006 0.009070 0.005466
0 0.758146 0.447006 0.009070 0.005466
0 0.782667 0.449382 0.009070 0.005466
0 0.807524 0.454610 0.009070 0.005466
0 0.832046 0.459601 0.009070 0.005466
0 0.856903 0.495010 0.009070 0.005466
0 0.881424 0.500000 0.009070 0.005466
0 0.906281 0.507605 0.009070 0.005466
0 0.930803 0.517586 0.009070 0.005466
0 0.109170 0.809411 0.009070 0.005466
0 0.134699 0.804420 0.009070 0.005466
0 0.160228 0.801806 0.009070 0.005466
0 0.185757 0.796816 0.009070 0.005466
0 0.211287 0.791825 0.009070 0.005466
0 0.236480 0.786835 0.009070 0.005466
0 0.262009 0.784221 0.009070 0.005466
0 0.287538 0.779230 0.009070 0.005466
0 0.332885 0.804420 0.009741 0.005466
0 0.332885 0.796816 0.009741 0.005466
0 0.424253 0.807034 0.009741 0.005466
0 0.424253 0.799430 0.009741 0.005466
0 0.533423 0.786835 0.009741 0.005466
0 0.533423 0.779230 0.009741 0.005466
0 0.636211 0.791825 0.009741 0.005466
0 0.636211 0.784221 0.009741 0.005466
0 0.760497 0.794439 0.009741 0.005466
0 0.760497 0.786835 0.009741 0.005466
0 0.857911 0.791825 0.009741 0.005466
0 0.857911 0.784221 0.009741 0.005466
0 0.160900 0.157795 0.009070 0.005466
0 0.210615 0.157795 0.009070 0.005466
0 0.260329 0.155418 0.009070 0.005466
0 0.328183 0.155418 0.014108 0.005466
0 0.540813 0.155418 0.009070 0.005466
0 0.590527 0.157795 0.009070 0.005466
0 0.640578 0.157795 0.009070 0.005466
0 0.690292 0.155418 0.009070 0.005466
0 0.757810 0.155418 0.014108 0.005466
0 0.111186 0.447006 0.014108 0.005466
0 0.111186 0.147814 0.014108 0.005466
0 0.327847 0.147814 0.009070 0.005466
0 0.377225 0.150428 0.009070 0.005466
0 0.426604 0.150428 0.009070 0.005466
0 0.476318 0.147814 0.009070 0.005466
0 0.541149 0.147814 0.014108 0.005466
0 0.757474 0.147814 0.009070 0.005466
0 0.807188 0.150428 0.009070 0.005466
0 0.856567 0.150428 0.009070 0.005466
0 0.905946 0.147814 0.009070 0.005466
0 0.110850 0.442015 0.009741 0.005466
0 0.208935 0.439401 0.009741 0.005466
0 0.316426 0.447006 0.009741 0.005466
0 0.424589 0.442015 0.009741 0.005466
0 0.532079 0.442015 0.009070 0.005466
0 0.584145 0.439401 0.009070 0.005466
0 0.635875 0.436787 0.009070 0.005466
0 0.689956 0.434411 0.009070 0.005466
0 0.758146 0.442015 0.009070 0.005466
0 0.807524 0.436787 0.009070 0.005466
0 0.856903 0.434411 0.009070 0.005466
0 0.906281 0.431797 0.009070 0.005466
0 0.109506 0.743346 0.009741 0.005466
0 0.109506 0.735741 0.009741 0.005466
0 0.211287 0.745722 0.009741 0.005466
0 0.211287 0.738118 0.009741 0.005466
0 0.332550 0.750951 0.009070 0.005466
0 0.355391 0.745722 0.009070 0.005466
0 0.378233 0.743346 0.009070 0.005466
0 0.401411 0.738118 0.009070 0.005466
0 0.424253 0.733127 0.009070 0.005466
0 0.447094 0.728137 0.009070 0.005466
0 0.469936 0.725523 0.009070 0.005466
0 0.492778 0.720532 0.009070 0.005466
0 0.533423 0.717918 0.009070 0.005466
0 0.558952 0.720532 0.009070 0.005466
0 0.584817 0.725523 0.009070 0.005466
0 0.610346 0.728137 0.009070 0.005466
0 0.636211 0.725523 0.009070 0.005466
0 0.662076 0.728137 0.009070 0.005466
0 0.687605 0.733127 0.009070 0.005466
0 0.713470 0.735741 0.009070 0.005466
0 0.760161 0.733127 0.009070 0.005466
0 0.784683 0.735741 0.009070 0.005466
0 0.809204 0.738118 0.009070 0.005466
0 0.833389 0.743346 0.009070 0.005466
0 0.857911 0.745722 0.009070 0.005466
0 0.882432 0.750951 0.009070 0.005466
0 0.906617 0.753327 0.009070 0.005466
0 0.931139 0.755941 0.009070 0.005466
0 0.110850 0.071293 0.009741 0.005466
0 0.210615 0.073907 0.009741 0.005466
0 0.328183 0.066302 0.014108 0.005466
0 0.540813 0.066302 0.009070 0.005466
0 0.590527 0.071293 0.009070 0.005466
0 0.640578 0.073907 0.009070 0.005466
0 0.690292 0.071293 0.009070 0.005466
0 0.757810 0.076283 0.009741 0.005466
0 0.856567 0.076283 0.009741 0.005466
0 0.110850 0.354563 0.009741 0.005466
0 0.208935 0.351949 0.009741 0.005466
0 0.327511 0.359553 0.014108 0.005466
0 0.532079 0.359553 0.009741 0.005466
0 0.635875 0.362167 0.009070 0.005466
0 0.689956 0.359553 0.009070 0.005466
0 0.758146 0.354563 0.009741 0.005466
0 0.856903 0.351949 0.009070 0.005466
0 0.906281 0.354563 0.009070 0.005466
0 0.109506 0.653992 0.009741 0.005466
0 0.211287 0.649002 0.009741 0.005466
0 0.332885 0.656606 0.009741 0.005466
0 0.424253 0.661597 0.009741 0.005466
0 0.636211 0.664211 0.009070 0.005466
0 0.687605 0.661597 0.009070 0.005466
0 0.760497 0.656606 0.009741 0.005466
0 0.857911 0.653992 0.009070 0.005466
0 0.906617 0.656606 0.009070 0.005466
