0 0.391129 0.145878 0.007728 0.004514
0 0.415659 0.143740 0.007728 0.004514
0 0.687164 0.214065 0.007728 0.004514
0 0.687164 0.198622 0.007728 0.004514
0 0.802419 0.209789 0.007728 0.004514
0 0.802419 0.194345 0.007728 0.004514
0 0.825269 0.209789 0.007728 0.004514
0 0.825269 0.194345 0.007728 0.004514
0 0.301747 0.378000 0.007728 0.004514
0 0.371976 0.378000 0.007728 0.004514
0 0.453293 0.375861 0.007728 0.004514
0 0.511425 0.572583 0.007728 0.004514
0 0.511425 0.557139 0.007728 0.004514
0 0.577285 0.570444 0.007728 0.004514
0 0.577285 0.555001 0.007728 0.004514
0 0.658266 0.572583 0.007728 0.004514
0 0.658266 0.557139 0.007728 0.004514
0 0.720430 0.574721 0.007728 0.004514
0 0.720430 0.559515 0.007728 0.004514
0 0.819892 0.576859 0.007728 0.004514
0 0.819892 0.561654 0.007728 0.004514
0 0.875672 0.563792 0.007728 0.004514
0 0.875672 0.548349 0.007728 0.004514
0 0.135081 0.731528 0.007728 0.004514
0 0.135081 0.716322 0.007728 0.004514
0 0.204973 0.733666 0.007728 0.004514
0 0.204973 0.718460 0.007728 0.004514
0 0.286290 0.735804 0.007728 0.004514
0 0.286290 0.720599 0.007728 0.004514
0 0.355847 0.742457 0.007728 0.004514
0 0.355847 0.727251 0.007728 0.004514
0 0.447917 0.733666 0.007728 0.004514
0 0.447917 0.718460 0.007728 0.004514
0 0.499664 0.742457 0.007728 0.004514
0 0.499664 0.727251 0.007728 0.004514
0 0.836022 0.735804 0.007728 0.004514
0 0.836022 0.720599 0.007728 0.004514
0 0.307796 0.921597 0.007728 0.004514
0 0.307796 0.906391 0.007728 0.004514
0 0.387769 0.921597 0.007728 0.004514
0 0.387769 0.906391 0.007728 0.004514
0 0.479839 0.919458 0.007728 0.004514
0 0.479839 0.904253 0.007728 0.004514
0 0.600806 0.919458 0.007728 0.004514
0 0.600806 0.904253 0.007728 0.004514
0 0.681116 0.928249 0.007728 0.004514
0 0.681116 0.913043 0.007728 0.004514
0 0.765793 0.928249 0.007728 0.004514
0 0.765793 0.913043 0.007728 0.004514
0 0.120632 0.209789 0.007728 0.004514
0 0.120632 0.194345 0.007728 0.004514
0 0.190188 0.200998 0.007728 0.004514
0 0.190188 0.185555 0.007728 0.004514
0 0.280242 0.209789 0.007728 0.004514
0 0.280242 0.194345 0.007728 0.004514
0 0.354839 0.200998 0.007728 0.004514
0 0.354839 0.185555 0.007728 0.004514
0 0.451949 0.139463 0.007728 0.004514
0 0.500336 0.139463 0.007728 0.004514
0 0.524194 0.141601 0.007728 0.004514
0 0.545363 0.143740 0.007728 0.004514
0 0.565188 0.145878 0.007728 0.004514
0 0.587702 0.150392 0.007728 0.004514
0 0.636089 0.176764 0.007728 0.004514
0 0.648858 0.179140 0.007728 0.004514
0 0.665323 0.179140 0.007728 0.004514
0 0.709341 0.179140 0.007728 0.004514
0 0.727823 0.179140 0.007728 0.004514
0 0.772513 0.168211 0.007728 0.004514
0 0.825269 0.170349 0.007728 0.004514
0 0.853159 0.174626 0.007728 0.004514
0 0.880712 0.174626 0.007728 0.004514
0 0.893817 0.176764 0.007728 0.004514
0 0.906586 0.179140 0.007728 0.004514
0 0.120632 0.356142 0.007728 0.004514
0 0.151546 0.360656 0.007728 0.004514
0 0.182460 0.384652 0.007728 0.004514
0 0.182460 0.369446 0.007728 0.004514
0 0.301747 0.369446 0.007728 0.004514
0 0.332661 0.369446 0.007728 0.004514
0 0.332661 0.358280 0.007728 0.004514
0 0.371976 0.369446 0.007728 0.004514
0 0.379368 0.367071 0.007728 0.004514
0 0.402890 0.369446 0.007728 0.004514
0 0.410282 0.367071 0.007728 0.004514
0 0.402890 0.358280 0.007728 0.004514
0 0.453293 0.369446 0.007728 0.004514
0 0.453293 0.364932 0.007728 0.004514
0 0.484543 0.369446 0.007728 0.004514
0 0.484543 0.364932 0.007728 0.004514
0 0.484543 0.356142 0.007728 0.004514
0 0.515793 0.378000 0.007728 0.004514
0 0.515793 0.369446 0.007728 0.004514
0 0.547043 0.391304 0.007728 0.004514
0 0.547043 0.375861 0.007728 0.004514
0 0.600470 0.384652 0.007728 0.004514
0 0.600470 0.369446 0.007728 0.004514
0 0.686156 0.384652 0.007728 0.004514
0 0.686156 0.369446 0.007728 0.004514
0 0.819892 0.367071 0.007728 0.004514
0 0.819892 0.358280 0.007728 0.004514
0 0.819892 0.351865 0.007728 0.004514
0 0.881048 0.367071 0.007728 0.004514
0 0.881048 0.358280 0.007728 0.004514
0 0.881048 0.351865 0.007728 0.004514
0 0.125672 0.514136 0.007728 0.004514
0 0.125672 0.509622 0.007728 0.004514
0 0.125672 0.505346 0.007728 0.004514
0 0.169019 0.514136 0.007728 0.004514
0 0.169019 0.509622 0.007728 0.004514
0 0.169019 0.505346 0.007728 0.004514
0 0.225806 0.518413 0.007728 0.004514
0 0.225806 0.514136 0.007728 0.004514
0 0.225806 0.509622 0.007728 0.004514
0 0.258065 0.518413 0.007728 0.004514
0 0.258065 0.514136 0.007728 0.004514
0 0.258065 0.509622 0.007728 0.004514
0 0.336022 0.548349 0.007728 0.004514
0 0.336022 0.539796 0.007728 0.004514
0 0.336022 0.533143 0.007728 0.004514
0 0.405578 0.548349 0.007728 0.004514
0 0.405578 0.539796 0.007728 0.004514
0 0.405578 0.533143 0.007728 0.004514
0 0.551747 0.548349 0.007728 0.004514
0 0.611223 0.548349 0.007728 0.004514
0 0.696909 0.548349 0.007728 0.004514
0 0.764113 0.548349 0.007728 0.004514
0 0.851478 0.546211 0.007728 0.004514
0 0.851478 0.541934 0.007728 0.004514
0 0.851478 0.537420 0.007728 0.004514
0 0.907258 0.544072 0.007728 0.004514
0 0.907258 0.539796 0.007728 0.004514
0 0.907258 0.533143 0.007728 0.004514
0 0.180444 0.711808 0.007728 0.004514
0 0.187836 0.709670 0.007728 0.004514
0 0.180444 0.705156 0.007728 0.004514
0 0.180444 0.700879 0.007728 0.004514
0 0.237567 0.711808 0.007728 0.004514
0 0.237567 0.707531 0.007728 0.004514
0 0.237567 0.698741 0.007728 0.004514
0 0.318548 0.711808 0.007728 0.004514
0 0.318548 0.705156 0.007728 0.004514
0 0.318548 0.700879 0.007728 0.004514
0 0.391801 0.711808 0.007728 0.004514
0 0.391801 0.705156 0.007728 0.004514
0 0.391801 0.700879 0.007728 0.004514
0 0.477487 0.711808 0.007728 0.004514
0 0.477487 0.707531 0.007728 0.004514
0 0.477487 0.698741 0.007728 0.004514
0 0.584341 0.735804 0.007728 0.004514
0 0.584341 0.720599 0.007728 0.004514
0 0.634745 0.740318 0.007728 0.004514
0 0.634745 0.724875 0.007728 0.004514
0 0.760753 0.731528 0.007728 0.004514
0 0.760753 0.722737 0.007728 0.004514
0 0.760753 0.716322 0.007728 0.004514
0 0.876680 0.711808 0.007728 0.004514
0 0.876680 0.707531 0.007728 0.004514
0 0.884073 0.705156 0.007728 0.004514
0 0.876680 0.700879 0.007728 0.004514
0 0.122312 0.906391 0.007728 0.004514
0 0.122312 0.897600 0.007728 0.004514
0 0.122312 0.890948 0.007728 0.004514
0 0.180444 0.921597 0.007728 0.004514
0 0.180444 0.906391 0.007728 0.004514
0 0.345430 0.890948 0.007728 0.004514
0 0.345430 0.886671 0.007728 0.004514
0 0.345430 0.882395 0.007728 0.004514
0 0.422043 0.890948 0.007728 0.004514
0 0.422043 0.886671 0.007728 0.004514
0 0.422043 0.882395 0.007728 0.004514
0 0.522177 0.888810 0.007728 0.004514
0 0.522177 0.882395 0.007728 0.004514
0 0.529570 0.880019 0.007728 0.004514
0 0.522177 0.875742 0.007728 0.004514
0 0.553763 0.858161 0.007728 0.004514
0 0.546371 0.853885 0.007728 0.004514
0 0.553763 0.851746 0.007728 0.004514
0 0.553763 0.847232 0.007728 0.004514
0 0.720430 0.893324 0.007728 0.004514
0 0.720430 0.888810 0.007728 0.004514
0 0.720430 0.882395 0.007728 0.004514
0 0.720430 0.877881 0.007728 0.004514
0 0.765793 0.888810 0.007728 0.004514
0 0.765793 0.882395 0.007728 0.004514
0 0.765793 0.877881 0.007728 0.004514
0 0.765793 0.873604 0.007728 0.004514
0 0.804435 0.908529 0.007728 0.004514
0 0.804435 0.904253 0.007728 0.004514
0 0.804435 0.899739 0.007728 0.004514
0 0.804435 0.893324 0.007728 0.004514
0 0.849462 0.913043 0.007728 0.004514
0 0.849462 0.904253 0.007728 0.004514
0 0.849462 0.897600 0.007728 0.004514
0 0.301747 0.313376 0.007728 0.004514
0 0.301747 0.309100 0.007728 0.004514
0 0.332661 0.313376 0.007728 0.004514
0 0.332661 0.309100 0.007728 0.004514
0 0.360215 0.306961 0.007728 0.004514
0 0.371976 0.313376 0.007728 0.004514
0 0.371976 0.309100 0.007728 0.004514
0 0.402890 0.313376 0.007728 0.004514
0 0.402890 0.309100 0.007728 0.004514
0 0.421707 0.306961 0.007728 0.004514
0 0.445901 0.311238 0.007728 0.004514
0 0.453293 0.309100 0.007728 0.004514
0 0.477151 0.311238 0.007728 0.004514
0 0.484543 0.309100 0.007728 0.004514
0 0.503696 0.306961 0.007728 0.004514
0 0.515793 0.313376 0.007728 0.004514
0 0.515793 0.309100 0.007728 0.004514
0 0.547043 0.313376 0.007728 0.004514
0 0.547043 0.309100 0.007728 0.004514
0 0.566196 0.311238 0.007728 0.004514
0 0.566196 0.306961 0.007728 0.004514
0 0.600470 0.320029 0.007728 0.004514
0 0.653898 0.324305 0.007728 0.004514
0 0.653898 0.320029 0.007728 0.004514
0 0.653898 0.315514 0.007728 0.004514
0 0.686156 0.324305 0.007728 0.004514
0 0.686156 0.320029 0.007728 0.004514
0 0.686156 0.315514 0.007728 0.004514
0 0.735551 0.328819 0.007728 0.004514
0 0.735551 0.324305 0.007728 0.004514
0 0.735551 0.320029 0.007728 0.004514
0 0.819892 0.317890 0.007728 0.004514
0 0.819892 0.313376 0.007728 0.004514
0 0.847446 0.322167 0.007728 0.004514
0 0.847446 0.317890 0.007728 0.004514
0 0.847446 0.313376 0.007728 0.004514
0 0.881048 0.322167 0.007728 0.004514
0 0.881048 0.317890 0.007728 0.004514
0 0.881048 0.313376 0.007728 0.004514
0 0.905914 0.322167 0.007728 0.004514
0 0.905914 0.317890 0.007728 0.004514
0 0.905914 0.313376 0.007728 0.004514
0 0.336022 0.507484 0.007728 0.004514
0 0.370296 0.511761 0.007728 0.004514
0 0.370296 0.507484 0.007728 0.004514
0 0.405578 0.511761 0.007728 0.004514
0 0.405578 0.507484 0.007728 0.004514
0 0.405578 0.503207 0.007728 0.004514
0 0.443548 0.511761 0.007728 0.004514
0 0.443548 0.507484 0.007728 0.004514
0 0.443548 0.503207 0.007728 0.004514
0 0.355847 0.674745 0.007728 0.004514
0 0.355847 0.670468 0.007728 0.004514
0 0.391801 0.670468 0.007728 0.004514
0 0.120632 0.145878 0.007728 0.004514
0 0.120632 0.139463 0.007728 0.004514
0 0.120632 0.134949 0.007728 0.004514
0 0.140793 0.130672 0.007728 0.004514
0 0.140793 0.124020 0.007728 0.004514
0 0.140793 0.119743 0.007728 0.004514
0 0.190188 0.145878 0.007728 0.004514
0 0.190188 0.141601 0.007728 0.004514
0 0.190188 0.137087 0.007728 0.004514
0 0.223790 0.130672 0.007728 0.004514
0 0.223790 0.126158 0.007728 0.004514
0 0.223790 0.121882 0.007728 0.004514
0 0.280242 0.145878 0.007728 0.004514
0 0.280242 0.139463 0.007728 0.004514
0 0.280242 0.134949 0.007728 0.004514
0 0.305108 0.130672 0.007728 0.004514
0 0.305108 0.124020 0.007728 0.004514
0 0.305108 0.119743 0.007728 0.004514
0 0.354839 0.145878 0.007728 0.004514
0 0.354839 0.141601 0.007728 0.004514
0 0.354839 0.137087 0.007728 0.004514
0 0.391129 0.130672 0.007728 0.004514
0 0.391129 0.126158 0.007728 0.004514
0 0.391129 0.121882 0.007728 0.004514
0 0.451949 0.134949 0.007728 0.004514
0 0.451949 0.130672 0.007728 0.004514
0 0.451949 0.124020 0.007728 0.004514
0 0.451949 0.119743 0.007728 0.004514
0 0.476142 0.134949 0.007728 0.004514
0 0.476142 0.130672 0.007728 0.004514
0 0.476142 0.124020 0.007728 0.004514
0 0.476142 0.119743 0.007728 0.004514
0 0.500336 0.134949 0.007728 0.004514
0 0.500336 0.130672 0.007728 0.004514
0 0.500336 0.124020 0.007728 0.004514
0 0.500336 0.119743 0.007728 0.004514
0 0.545363 0.134949 0.007728 0.004514
0 0.545363 0.130672 0.007728 0.004514
0 0.545363 0.124020 0.007728 0.004514
0 0.545363 0.119743 0.007728 0.004514
0 0.636089 0.139463 0.007728 0.004514
0 0.636089 0.134949 0.007728 0.004514
0 0.636089 0.128297 0.007728 0.004514
0 0.665323 0.139463 0.007728 0.004514
0 0.665323 0.134949 0.007728 0.004514
0 0.665323 0.128297 0.007728 0.004514
0 0.687164 0.139463 0.007728 0.004514
0 0.687164 0.134949 0.007728 0.004514
0 0.687164 0.128297 0.007728 0.004514
0 0.709341 0.139463 0.007728 0.004514
0 0.709341 0.134949 0.007728 0.004514
0 0.709341 0.128297 0.007728 0.004514
0 0.802419 0.141601 0.007728 0.004514
0 0.809812 0.139463 0.007728 0.004514
0 0.802419 0.134949 0.007728 0.004514
0 0.825269 0.141601 0.007728 0.004514
0 0.832661 0.139463 0.007728 0.004514
0 0.825269 0.134949 0.007728 0.004514
0 0.880712 0.141601 0.007728 0.004514
0 0.888105 0.139463 0.007728 0.004514
0 0.880712 0.134949 0.007728 0.004514
0 0.120632 0.322167 0.007728 0.004514
0 0.120632 0.317890 0.007728 0.004514
0 0.151546 0.326443 0.007728 0.004514
0 0.151546 0.322167 0.007728 0.004514
0 0.151546 0.317890 0.007728 0.004514
0 0.182460 0.364932 0.007728 0.004514
0 0.182460 0.356142 0.007728 0.004514
0 0.217070 0.320029 0.007728 0.004514
0 0.209677 0.311238 0.007728 0.004514
0 0.217070 0.309100 0.007728 0.004514
0 0.332661 0.293656 0.007728 0.004514
0 0.402890 0.293656 0.007728 0.004514
0 0.484543 0.293656 0.007728 0.004514
0 0.600470 0.309100 0.007728 0.004514
0 0.600470 0.304585 0.007728 0.004514
0 0.653898 0.309100 0.007728 0.004514
0 0.653898 0.304585 0.007728 0.004514
0 0.686156 0.309100 0.007728 0.004514
0 0.686156 0.304585 0.007728 0.004514
0 0.735551 0.315514 0.007728 0.004514
0 0.735551 0.309100 0.007728 0.004514
0 0.735551 0.304585 0.007728 0.004514
0 0.819892 0.306961 0.007728 0.004514
0 0.847446 0.306961 0.007728 0.004514
0 0.847446 0.302447 0.007728 0.004514
0 0.881048 0.306961 0.007728 0.004514
0 0.881048 0.302447 0.007728 0.004514
0 0.881048 0.298171 0.007728 0.004514
0 0.905914 0.302447 0.007728 0.004514
0 0.905914 0.298171 0.007728 0.004514
0 0.905914 0.291518 0.007728 0.004514
0 0.125672 0.498693 0.007728 0.004514
0 0.125672 0.494417 0.007728 0.004514
0 0.169019 0.498693 0.007728 0.004514
0 0.169019 0.494417 0.007728 0.004514
0 0.225806 0.505346 0.007728 0.004514
0 0.225806 0.498693 0.007728 0.004514
0 0.225806 0.494417 0.007728 0.004514
0 0.258065 0.505346 0.007728 0.004514
0 0.258065 0.498693 0.007728 0.004514
0 0.258065 0.494417 0.007728 0.004514
0 0.336022 0.503207 0.007728 0.004514
0 0.336022 0.496555 0.007728 0.004514
0 0.370296 0.503207 0.007728 0.004514
0 0.370296 0.496555 0.007728 0.004514
0 0.370296 0.492278 0.007728 0.004514
0 0.405578 0.496555 0.007728 0.004514
0 0.405578 0.492278 0.007728 0.004514
0 0.405578 0.487764 0.007728 0.004514
0 0.443548 0.496555 0.007728 0.004514
0 0.443548 0.492278 0.007728 0.004514
0 0.443548 0.487764 0.007728 0.004514
0 0.443548 0.481349 0.007728 0.004514
0 0.511425 0.511761 0.007728 0.004514
0 0.511425 0.500832 0.007728 0.004514
0 0.511425 0.496555 0.007728 0.004514
0 0.551747 0.496555 0.007728 0.004514
0 0.551747 0.485626 0.007728 0.004514
0 0.551747 0.481349 0.007728 0.004514
0 0.577285 0.511761 0.007728 0.004514
0 0.569892 0.498693 0.007728 0.004514
0 0.577285 0.496555 0.007728 0.004514
0 0.611223 0.496555 0.007728 0.004514
0 0.603831 0.483488 0.007728 0.004514
0 0.611223 0.481349 0.007728 0.004514
0 0.658266 0.511761 0.007728 0.004514
0 0.658266 0.500832 0.007728 0.004514
0 0.658266 0.496555 0.007728 0.004514
0 0.696909 0.496555 0.007728 0.004514
0 0.696909 0.485626 0.007728 0.004514
0 0.696909 0.481349 0.007728 0.004514
0 0.720430 0.511761 0.007728 0.004514
0 0.720430 0.500832 0.007728 0.004514
0 0.720430 0.496555 0.007728 0.004514
0 0.764113 0.496555 0.007728 0.004514
0 0.764113 0.485626 0.007728 0.004514
0 0.764113 0.481349 0.007728 0.004514
0 0.819892 0.509622 0.007728 0.004514
0 0.819892 0.505346 0.007728 0.004514
0 0.819892 0.500832 0.007728 0.004514
0 0.819892 0.494417 0.007728 0.004514
0 0.851478 0.494417 0.007728 0.004514
0 0.851478 0.489903 0.007728 0.004514
0 0.851478 0.485626 0.007728 0.004514
0 0.851478 0.478974 0.007728 0.004514
0 0.875672 0.507484 0.007728 0.004514
0 0.875672 0.496555 0.007728 0.004514
0 0.875672 0.492278 0.007728 0.004514
0 0.907258 0.492278 0.007728 0.004514
0 0.907258 0.481349 0.007728 0.004514
0 0.907258 0.476835 0.007728 0.004514
0 0.135081 0.679259 0.007728 0.004514
0 0.127688 0.666191 0.007728 0.004514
0 0.135081 0.663816 0.007728 0.004514
0 0.180444 0.663816 0.007728 0.004514
0 0.173051 0.650748 0.007728 0.004514
0 0.180444 0.648610 0.007728 0.004514
0 0.204973 0.677120 0.007728 0.004514
0 0.197581 0.668330 0.007728 0.004514
0 0.204973 0.666191 0.007728 0.004514
0 0.204973 0.661677 0.007728 0.004514
0 0.237567 0.681397 0.007728 0.004514
0 0.237567 0.677120 0.007728 0.004514
0 0.237567 0.666191 0.007728 0.004514
0 0.257728 0.679259 0.007728 0.004514
0 0.257728 0.663816 0.007728 0.004514
0 0.286290 0.674745 0.007728 0.004514
0 0.286290 0.670468 0.007728 0.004514
0 0.286290 0.659539 0.007728 0.004514
0 0.375672 0.661677 0.007728 0.004514
0 0.391801 0.663816 0.007728 0.004514
0 0.406922 0.666191 0.007728 0.004514
0 0.419355 0.663816 0.007728 0.004514
0 0.447917 0.668330 0.007728 0.004514
0 0.447917 0.663816 0.007728 0.004514
0 0.466062 0.677120 0.007728 0.004514
0 0.477487 0.677120 0.007728 0.004514
0 0.499664 0.677120 0.007728 0.004514
0 0.529234 0.692326 0.007728 0.004514
0 0.529234 0.683535 0.007728 0.004514
0 0.536626 0.681397 0.007728 0.004514
0 0.584341 0.690188 0.007728 0.004514
0 0.584341 0.685674 0.007728 0.004514
0 0.584341 0.681397 0.007728 0.004514
0 0.609543 0.674745 0.007728 0.004514
0 0.609543 0.670468 0.007728 0.004514
0 0.609543 0.666191 0.007728 0.004514
0 0.634745 0.690188 0.007728 0.004514
0 0.634745 0.685674 0.007728 0.004514
0 0.634745 0.679259 0.007728 0.004514
0 0.675739 0.674745 0.007728 0.004514
0 0.675739 0.670468 0.007728 0.004514
0 0.675739 0.663816 0.007728 0.004514
0 0.760753 0.685674 0.007728 0.004514
0 0.760753 0.681397 0.007728 0.004514
0 0.760753 0.677120 0.007728 0.004514
0 0.789987 0.670468 0.007728 0.004514
0 0.789987 0.666191 0.007728 0.004514
0 0.789987 0.661677 0.007728 0.004514
0 0.836022 0.670468 0.007728 0.004514
0 0.828629 0.661677 0.007728 0.004514
0 0.836022 0.659539 0.007728 0.004514
0 0.859879 0.674745 0.007728 0.004514
0 0.876680 0.674745 0.007728 0.004514
0 0.122312 0.860299 0.007728 0.004514
0 0.122312 0.853885 0.007728 0.004514
0 0.122312 0.849370 0.007728 0.004514
0 0.151210 0.845094 0.007728 0.004514
0 0.151210 0.838441 0.007728 0.004514
0 0.151210 0.834165 0.007728 0.004514
0 0.180444 0.860299 0.007728 0.004514
0 0.180444 0.853885 0.007728 0.004514
0 0.180444 0.849370 0.007728 0.004514
0 0.230847 0.845094 0.007728 0.004514
0 0.230847 0.838441 0.007728 0.004514
0 0.230847 0.834165 0.007728 0.004514
0 0.307796 0.856023 0.007728 0.004514
0 0.307796 0.849370 0.007728 0.004514
0 0.307796 0.845094 0.007728 0.004514
0 0.345430 0.840580 0.007728 0.004514
0 0.345430 0.834165 0.007728 0.004514
0 0.345430 0.829651 0.007728 0.004514
0 0.387769 0.856023 0.007728 0.004514
0 0.387769 0.849370 0.007728 0.004514
0 0.387769 0.845094 0.007728 0.004514
0 0.422043 0.840580 0.007728 0.004514
0 0.422043 0.834165 0.007728 0.004514
0 0.422043 0.829651 0.007728 0.004514
0 0.479839 0.860299 0.007728 0.004514
0 0.479839 0.853885 0.007728 0.004514
0 0.479839 0.849370 0.007728 0.004514
0 0.479839 0.845094 0.007728 0.004514
0 0.522177 0.849370 0.007728 0.004514
0 0.522177 0.845094 0.007728 0.004514
0 0.522177 0.838441 0.007728 0.004514
0 0.522177 0.834165 0.007728 0.004514
0 0.553763 0.838441 0.007728 0.004514
0 0.553763 0.832027 0.007728 0.004514
0 0.553763 0.823236 0.007728 0.004514
0 0.600806 0.862675 0.007728 0.004514
0 0.600806 0.853885 0.007728 0.004514
0 0.608199 0.851746 0.007728 0.004514
0 0.681116 0.860299 0.007728 0.004514
0 0.681116 0.856023 0.007728 0.004514
0 0.681116 0.851746 0.007728 0.004514
0 0.720430 0.856023 0.007728 0.004514
0 0.720430 0.851746 0.007728 0.004514
0 0.720430 0.845094 0.007728 0.004514
0 0.720430 0.840580 0.007728 0.004514
0 0.765793 0.851746 0.007728 0.004514
0 0.765793 0.845094 0.007728 0.004514
0 0.765793 0.840580 0.007728 0.004514
0 0.765793 0.836303 0.007728 0.004514
0 0.804435 0.845094 0.007728 0.004514
0 0.804435 0.840580 0.007728 0.004514
0 0.804435 0.836303 0.007728 0.004514
0 0.804435 0.829651 0.007728 0.004514
0 0.849462 0.893324 0.007728 0.004514
0 0.849462 0.886671 0.007728 0.004514
0 0.849462 0.882395 0.007728 0.004514
0 0.120632 0.070325 0.007728 0.004514
0 0.140793 0.070325 0.007728 0.004514
0 0.161626 0.067950 0.007728 0.004514
0 0.190188 0.070325 0.007728 0.004514
0 0.223790 0.070325 0.007728 0.004514
0 0.240255 0.067950 0.007728 0.004514
0 0.280242 0.070325 0.007728 0.004514
0 0.305108 0.070325 0.007728 0.004514
0 0.325941 0.067950 0.007728 0.004514
0 0.354839 0.070325 0.007728 0.004514
0 0.391129 0.070325 0.007728 0.004514
0 0.415659 0.067950 0.007728 0.004514
0 0.451949 0.063673 0.007728 0.004514
0 0.500336 0.063673 0.007728 0.004514
0 0.524194 0.065811 0.007728 0.004514
0 0.545363 0.067950 0.007728 0.004514
0 0.565188 0.070325 0.007728 0.004514
0 0.587702 0.074602 0.007728 0.004514
0 0.636089 0.076740 0.007728 0.004514
0 0.621640 0.076740 0.005376 0.003089
0 0.628024 0.074602 0.005376 0.003089
0 0.648858 0.078879 0.007728 0.004514
0 0.665323 0.078879 0.007728 0.004514
0 0.709341 0.078879 0.007728 0.004514
0 0.727823 0.078879 0.007728 0.004514
0 0.772513 0.067950 0.007728 0.004514
0 0.825269 0.070325 0.007728 0.004514
0 0.853159 0.074602 0.007728 0.004514
0 0.880712 0.074602 0.007728 0.004514
0 0.893817 0.076740 0.007728 0.004514
0 0.906586 0.078879 0.007728 0.004514
0 0.120632 0.255643 0.007728 0.004514
0 0.139785 0.248990 0.007728 0.004514
0 0.151546 0.248990 0.007728 0.004514
0 0.217070 0.257781 0.007728 0.004514
0 0.237567 0.255643 0.007728 0.004514
0 0.258401 0.253267 0.007728 0.004514
0 0.301747 0.255643 0.007728 0.004514
0 0.332661 0.255643 0.007728 0.004514
0 0.600470 0.253267 0.007728 0.004514
0 0.626680 0.253267 0.007728 0.004514
0 0.653898 0.253267 0.007728 0.004514
0 0.686156 0.253267 0.007728 0.004514
0 0.719086 0.253267 0.007728 0.004514
0 0.735551 0.246852 0.007728 0.004514
0 0.759745 0.248990 0.007728 0.004514
0 0.784274 0.246852 0.007728 0.004514
0 0.819892 0.251129 0.007728 0.004514
0 0.847446 0.259919 0.007728 0.004514
0 0.834677 0.259919 0.005376 0.003089
0 0.125672 0.443573 0.007728 0.004514
0 0.152554 0.443573 0.007728 0.004514
0 0.169019 0.443573 0.007728 0.004514
0 0.185820 0.439297 0.007728 0.004514
0 0.202285 0.435020 0.007728 0.004514
0 0.225806 0.428368 0.007728 0.004514
0 0.258065 0.428368 0.007728 0.004514
0 0.274866 0.430506 0.007728 0.004514
0 0.291667 0.428368 0.007728 0.004514
0 0.336022 0.432644 0.007728 0.004514
0 0.370296 0.441435 0.007728 0.004514
0 0.357191 0.441435 0.005376 0.003089
0 0.427083 0.441435 0.007728 0.004514
0 0.443548 0.441435 0.007728 0.004514
0 0.465390 0.426230 0.007728 0.004514
0 0.511425 0.426230 0.007728 0.004514
0 0.577285 0.426230 0.007728 0.004514
0 0.658266 0.426230 0.007728 0.004514
0 0.720430 0.426230 0.007728 0.004514
0 0.747648 0.441435 0.007728 0.004514
0 0.764113 0.441435 0.007728 0.004514
0 0.783938 0.423854 0.007728 0.004514
0 0.819892 0.423854 0.007728 0.004514
0 0.875672 0.423854 0.007728 0.004514
0 0.135081 0.607508 0.007728 0.004514
0 0.204973 0.607508 0.007728 0.004514
0 0.286290 0.607508 0.007728 0.004514
0 0.318548 0.607508 0.007728 0.004514
0 0.529234 0.622713 0.007728 0.004514
0 0.548723 0.620575 0.007728 0.004514
0 0.584341 0.616298 0.007728 0.004514
0 0.634745 0.616298 0.007728 0.004514
0 0.655578 0.618437 0.007728 0.004514
0 0.675739 0.620575 0.007728 0.004514
0 0.699261 0.622713 0.007728 0.004514
0 0.722110 0.620575 0.007728 0.004514
0 0.760753 0.618437 0.007728 0.004514
0 0.789987 0.627227 0.007728 0.004514
0 0.777218 0.627227 0.005376 0.003089
0 0.876680 0.616298 0.007728 0.004514
0 0.906250 0.613923 0.007728 0.004514
0 0.122312 0.775244 0.007728 0.004514
0 0.180444 0.775244 0.007728 0.004514
0 0.204301 0.777382 0.007728 0.004514
0 0.230847 0.779520 0.007728 0.004514
0 0.254032 0.781896 0.007728 0.004514
0 0.269489 0.779520 0.007728 0.004514
0 0.307796 0.777382 0.007728 0.004514
0 0.345430 0.786172 0.007728 0.004514
0 0.332661 0.786172 0.005376 0.003089
0 0.422043 0.784034 0.007728 0.004514
0 0.443212 0.781896 0.007728 0.004514
0 0.479839 0.770729 0.007728 0.004514
0 0.553763 0.770729 0.007728 0.004514
0 0.600806 0.784034 0.007728 0.004514
0 0.572581 0.784034 0.005376 0.003089
0 0.621976 0.781896 0.007728 0.004514
0 0.643481 0.779520 0.007728 0.004514
0 0.681116 0.781896 0.007728 0.004514
0 0.720430 0.781896 0.007728 0.004514
