0 0.601276 0.532557 0.009741 0.005703
0 0.706080 0.532557 0.009741 0.005703
0 0.157541 0.845057 0.009741 0.005703
0 0.436681 0.836977 0.009741 0.005703
0 0.153846 0.243346 0.009741 0.005703
0 0.153846 0.224335 0.009741 0.005703
0 0.523346 0.197481 0.009741 0.005703
0 0.563991 0.197481 0.009741 0.005703
0 0.604636 0.200095 0.009741 0.005703
0 0.645280 0.200095 0.009741 0.005703
0 0.716493 0.202709 0.009741 0.005703
0 0.756130 0.202709 0.009741 0.005703
0 0.796103 0.202709 0.009741 0.005703
0 0.836077 0.202709 0.009741 0.005703
0 0.876050 0.202709 0.009741 0.005703
0 0.916023 0.202709 0.009741 0.005703
0 0.150823 0.513783 0.009741 0.005703
0 0.437353 0.551568 0.009741 0.005703
0 0.437353 0.532557 0.009741 0.005703
0 0.601276 0.521863 0.009741 0.005703
0 0.706080 0.521863 0.009741 0.005703
0 0.745717 0.521863 0.009741 0.005703
0 0.785354 0.524477 0.009741 0.005703
0 0.825328 0.524477 0.009741 0.005703
0 0.864965 0.527329 0.009741 0.005703
0 0.904602 0.527329 0.009741 0.005703
0 0.157541 0.836977 0.009741 0.005703
0 0.199530 0.831511 0.009741 0.005703
0 0.241182 0.826046 0.009741 0.005703
0 0.282835 0.826046 0.009741 0.005703
0 0.324824 0.828897 0.009741 0.005703
0 0.366476 0.828897 0.009741 0.005703
0 0.436681 0.828897 0.009741 0.005703
0 0.479342 0.828897 0.009741 0.005703
0 0.522338 0.828897 0.009741 0.005703
0 0.564998 0.831511 0.009741 0.005703
0 0.607995 0.831511 0.009741 0.005703
0 0.650991 0.831511 0.009741 0.005703
0 0.707088 0.855751 0.009741 0.005703
0 0.707088 0.836977 0.009741 0.005703
0 0.872691 0.861217 0.009741 0.005703
0 0.872691 0.842205 0.009741 0.005703
0 0.601276 0.471958 0.009741 0.005703
0 0.706080 0.471958 0.009741 0.005703
0 0.745717 0.471958 0.009741 0.005703
0 0.785354 0.469344 0.009741 0.005703
0 0.825328 0.469344 0.009741 0.005703
0 0.864965 0.466492 0.009741 0.005703
0 0.904602 0.466492 0.009741 0.005703
0 0.707088 0.788260 0.009741 0.005703
0 0.881760 0.780181 0.009741 0.005703
0 0.153846 0.157082 0.009741 0.005703
0 0.153846 0.151616 0.009741 0.005703
0 0.197178 0.157082 0.009741 0.005703
0 0.197178 0.151616 0.009741 0.005703
0 0.240511 0.159696 0.009741 0.005703
0 0.240511 0.154230 0.009741 0.005703
0 0.283507 0.159696 0.009741 0.005703
0 0.283507 0.154230 0.009741 0.005703
0 0.326839 0.159696 0.009741 0.005703
0 0.326839 0.154230 0.009741 0.005703
0 0.370171 0.159696 0.009741 0.005703
0 0.370171 0.154230 0.009741 0.005703
0 0.441720 0.162310 0.009741 0.005703
0 0.441720 0.157082 0.009741 0.005703
0 0.482365 0.162310 0.009741 0.005703
0 0.482365 0.157082 0.009741 0.005703
0 0.523346 0.170390 0.009741 0.005703
0 0.523346 0.159696 0.009741 0.005703
0 0.563991 0.170390 0.009741 0.005703
0 0.563991 0.159696 0.009741 0.005703
0 0.604636 0.170390 0.009741 0.005703
0 0.604636 0.162310 0.009741 0.005703
0 0.645280 0.170390 0.009741 0.005703
0 0.645280 0.162310 0.009741 0.005703
0 0.716493 0.173241 0.009741 0.005703
0 0.716493 0.165162 0.009741 0.005703
0 0.756130 0.173241 0.009741 0.005703
0 0.756130 0.165162 0.009741 0.005703
0 0.796103 0.173241 0.009741 0.005703
0 0.796103 0.165162 0.009741 0.005703
0 0.836077 0.173241 0.009741 0.005703
0 0.836077 0.162310 0.009741 0.005703
0 0.876050 0.173241 0.009741 0.005703
0 0.876050 0.165162 0.009741 0.005703
0 0.916023 0.173241 0.009741 0.005703
0 0.916023 0.165162 0.009741 0.005703
0 0.150823 0.471958 0.009741 0.005703
0 0.150823 0.466492 0.009741 0.005703
0 0.192476 0.471958 0.009741 0.005703
0 0.192476 0.466492 0.009741 0.005703
0 0.233792 0.471958 0.009741 0.005703
0 0.233792 0.466492 0.009741 0.005703
0 0.275445 0.471958 0.009741 0.005703
0 0.275445 0.466492 0.009741 0.005703
0 0.316762 0.471958 0.009741 0.005703
0 0.316762 0.466492 0.009741 0.005703
0 0.358079 0.471958 0.009741 0.005703
0 0.358079 0.466492 0.009741 0.005703
0 0.437353 0.471958 0.009741 0.005703
0 0.437353 0.466492 0.009741 0.005703
0 0.437353 0.453184 0.009741 0.005703
0 0.478334 0.471958 0.009741 0.005703
0 0.478334 0.466492 0.009741 0.005703
0 0.478334 0.453184 0.009741 0.005703
0 0.519315 0.471958 0.009741 0.005703
0 0.519315 0.466492 0.009741 0.005703
0 0.519315 0.458413 0.009741 0.005703
0 0.560296 0.471958 0.009741 0.005703
0 0.560296 0.466492 0.009741 0.005703
0 0.560296 0.458413 0.009741 0.005703
0 0.601276 0.461264 0.009741 0.005703
0 0.642257 0.461264 0.009741 0.005703
0 0.706080 0.463878 0.009741 0.005703
0 0.157541 0.774715 0.009741 0.005703
0 0.157541 0.769487 0.009741 0.005703
0 0.199530 0.780181 0.009741 0.005703
0 0.199530 0.769487 0.009741 0.005703
0 0.241182 0.782795 0.009741 0.005703
0 0.241182 0.774715 0.009741 0.005703
0 0.282835 0.782795 0.009741 0.005703
0 0.282835 0.774715 0.009741 0.005703
0 0.324824 0.788260 0.009741 0.005703
0 0.324824 0.777567 0.009741 0.005703
0 0.366476 0.788260 0.009741 0.005703
0 0.366476 0.777567 0.009741 0.005703
0 0.436681 0.788260 0.009741 0.005703
0 0.436681 0.777567 0.009741 0.005703
0 0.479342 0.788260 0.009741 0.005703
0 0.479342 0.777567 0.009741 0.005703
0 0.522338 0.788260 0.009741 0.005703
0 0.522338 0.777567 0.009741 0.005703
0 0.564998 0.788260 0.009741 0.005703
0 0.564998 0.780181 0.009741 0.005703
0 0.607995 0.788260 0.009741 0.005703
0 0.607995 0.780181 0.009741 0.005703
0 0.650991 0.788260 0.009741 0.005703
0 0.650991 0.780181 0.009741 0.005703
0 0.707088 0.780181 0.009741 0.005703
0 0.707088 0.774715 0.009741 0.005703
0 0.748404 0.780181 0.009741 0.005703
0 0.748404 0.774715 0.009741 0.005703
0 0.789721 0.774715 0.009741 0.005703
0 0.789721 0.769487 0.009741 0.005703
0 0.831374 0.774715 0.009741 0.005703
0 0.831374 0.769487 0.009741 0.005703
0 0.872691 0.777567 0.009741 0.005703
0 0.872691 0.772101 0.009741 0.005703
0 0.914343 0.777567 0.009741 0.005703
0 0.914343 0.772101 0.009741 0.005703
0 0.153846 0.092681 0.009741 0.005703
0 0.240511 0.090067 0.009741 0.005703
0 0.370171 0.092681 0.009741 0.005703
0 0.441720 0.092681 0.009741 0.005703
0 0.563991 0.084601 0.009741 0.005703
0 0.604636 0.084601 0.009741 0.005703
0 0.716493 0.087452 0.009741 0.005703
0 0.836077 0.084601 0.009741 0.005703
0 0.876050 0.087452 0.009741 0.005703
0 0.150823 0.377852 0.009741 0.005703
0 0.275445 0.364544 0.009741 0.005703
0 0.259993 0.364544 0.006718 0.004040
0 0.316762 0.364544 0.009741 0.005703
0 0.437353 0.364544 0.009741 0.005703
0 0.519315 0.369772 0.009741 0.005703
0 0.601276 0.372624 0.009741 0.005703
0 0.706080 0.375238 0.009741 0.005703
0 0.157541 0.686312 0.009741 0.005703
0 0.241182 0.691540 0.009741 0.005703
0 0.324824 0.694392 0.009741 0.005703
0 0.436681 0.694392 0.009741 0.005703
0 0.564998 0.697006 0.009741 0.005703
0 0.607995 0.697006 0.009741 0.005703
0 0.707088 0.697006 0.009741 0.005703
