0 0.281827 0.233365 0.014780 0.005703
0 0.438025 0.236217 0.014780 0.005703
0 0.844138 0.473384 0.014780 0.005703
0 0.141082 0.230751 0.014780 0.005703
0 0.141082 0.225285 0.014780 0.005703
0 0.281827 0.222671 0.010413 0.005703
0 0.356735 0.225285 0.010413 0.005703
0 0.438025 0.225285 0.010413 0.005703
0 0.486060 0.228137 0.010413 0.005703
0 0.552906 0.238831 0.014780 0.005703
0 0.552906 0.233365 0.014780 0.005703
0 0.672825 0.220057 0.014780 0.005703
0 0.829358 0.236217 0.010413 0.005703
0 0.885455 0.217205 0.010413 0.005703
0 0.145113 0.446293 0.010413 0.005703
0 0.201545 0.465304 0.010413 0.005703
0 0.282499 0.465304 0.010413 0.005703
0 0.342627 0.446293 0.010413 0.005703
0 0.431307 0.449144 0.010413 0.005703
0 0.492778 0.467918 0.010413 0.005703
0 0.559288 0.467918 0.010413 0.005703
0 0.624454 0.467918 0.010413 0.005703
0 0.707088 0.478612 0.014780 0.005703
0 0.707088 0.467918 0.014780 0.005703
0 0.707088 0.454373 0.014780 0.005703
0 0.849849 0.481464 0.010413 0.005703
0 0.849849 0.462452 0.010413 0.005703
0 0.893853 0.484078 0.010413 0.005703
0 0.893853 0.465304 0.010413 0.005703
0 0.147800 0.718631 0.014780 0.005703
0 0.147800 0.699857 0.014780 0.005703
0 0.273094 0.670152 0.014780 0.005703
0 0.273094 0.664686 0.014780 0.005703
0 0.414847 0.670152 0.014780 0.005703
0 0.414847 0.664686 0.014780 0.005703
0 0.559624 0.672766 0.014780 0.005703
0 0.559624 0.667538 0.014780 0.005703
0 0.700034 0.713403 0.010413 0.005703
0 0.733960 0.694392 0.010413 0.005703
0 0.767551 0.713403 0.010413 0.005703
0 0.801478 0.694392 0.010413 0.005703
0 0.853544 0.713403 0.010413 0.005703
0 0.879409 0.694392 0.010413 0.005703
0 0.905274 0.713403 0.010413 0.005703
0 0.905274 0.694392 0.010413 0.005703
0 0.138394 0.913498 0.009741 0.005703
0 0.201209 0.927044 0.009741 0.005703
0 0.201209 0.908270 0.009741 0.005703
0 0.264024 0.924430 0.009741 0.005703
0 0.264024 0.905418 0.009741 0.005703
0 0.326503 0.916350 0.009741 0.005703
0 0.326503 0.897338 0.009741 0.005703
0 0.402754 0.913498 0.009741 0.005703
0 0.402754 0.894724 0.009741 0.005703
0 0.469936 0.908270 0.009741 0.005703
0 0.469936 0.889259 0.009741 0.005703
0 0.556937 0.905418 0.009741 0.005703
0 0.556937 0.886644 0.009741 0.005703
0 0.624454 0.897338 0.009741 0.005703
0 0.624454 0.878565 0.009741 0.005703
0 0.702049 0.894724 0.009741 0.005703
0 0.702049 0.875713 0.009741 0.005703
0 0.765536 0.889259 0.009741 0.005703
0 0.765536 0.870485 0.009741 0.005703
0 0.829023 0.886644 0.009741 0.005703
0 0.829023 0.867633 0.009741 0.005703
0 0.892509 0.878565 0.009741 0.005703
0 0.552906 0.166112 0.010413 0.005703
0 0.602620 0.168726 0.010413 0.005703
0 0.672825 0.176806 0.014780 0.005703
0 0.707088 0.389734 0.010413 0.005703
0 0.765536 0.392348 0.010413 0.005703
0 0.147800 0.616207 0.010413 0.005703
0 0.197514 0.619059 0.010413 0.005703
0 0.273094 0.621673 0.014780 0.005703
0 0.559624 0.621673 0.014780 0.005703
0 0.722875 0.624287 0.010413 0.005703
0 0.801478 0.627139 0.009741 0.005703
0 0.892509 0.821530 0.009741 0.005703
0 0.141082 0.179658 0.014780 0.005703
0 0.141082 0.168726 0.014780 0.005703
0 0.281827 0.179658 0.010413 0.005703
0 0.281827 0.171578 0.010413 0.005703
0 0.356735 0.182272 0.010413 0.005703
0 0.356735 0.168726 0.010413 0.005703
0 0.438025 0.174192 0.010413 0.005703
0 0.438025 0.166112 0.010413 0.005703
0 0.486060 0.176806 0.010413 0.005703
0 0.486060 0.166112 0.010413 0.005703
0 0.558616 0.176806 0.014780 0.005703
0 0.558616 0.158032 0.014780 0.005703
0 0.672489 0.166112 0.009741 0.005703
0 0.736312 0.168726 0.010413 0.005703
0 0.829358 0.174192 0.010413 0.005703
0 0.829358 0.160646 0.010413 0.005703
0 0.885455 0.171578 0.010413 0.005703
0 0.885455 0.166112 0.010413 0.005703
0 0.145113 0.403279 0.010413 0.005703
0 0.145113 0.395200 0.010413 0.005703
0 0.201545 0.397814 0.010413 0.005703
0 0.201545 0.392348 0.010413 0.005703
0 0.282499 0.403279 0.010413 0.005703
0 0.282499 0.395200 0.010413 0.005703
0 0.342627 0.400428 0.010413 0.005703
0 0.342627 0.395200 0.010413 0.005703
0 0.431307 0.405894 0.010413 0.005703
0 0.431307 0.397814 0.010413 0.005703
0 0.492778 0.403279 0.010413 0.005703
0 0.492778 0.397814 0.010413 0.005703
0 0.492778 0.387120 0.010413 0.005703
0 0.559624 0.405894 0.014780 0.005703
0 0.559624 0.400428 0.014780 0.005703
0 0.559624 0.395200 0.014780 0.005703
0 0.559624 0.387120 0.014780 0.005703
0 0.713134 0.403279 0.014780 0.005703
0 0.713134 0.384268 0.014780 0.005703
0 0.844138 0.403279 0.014780 0.005703
0 0.844138 0.392348 0.014780 0.005703
0 0.844138 0.384268 0.014780 0.005703
0 0.153846 0.627139 0.014780 0.005703
0 0.153846 0.608127 0.014780 0.005703
0 0.273094 0.616207 0.009741 0.005703
0 0.312395 0.619059 0.010413 0.005703
0 0.414847 0.624287 0.014780 0.005703
0 0.414847 0.619059 0.014780 0.005703
0 0.414847 0.610979 0.014780 0.005703
0 0.559624 0.608127 0.009741 0.005703
0 0.602284 0.610979 0.010413 0.005703
0 0.705408 0.632367 0.014780 0.005703
0 0.705408 0.621673 0.014780 0.005703
0 0.705408 0.616207 0.014780 0.005703
0 0.853544 0.632367 0.014780 0.005703
0 0.853544 0.621673 0.014780 0.005703
0 0.867652 0.619059 0.014780 0.005703
0 0.138394 0.824144 0.009741 0.005703
0 0.169970 0.826759 0.009741 0.005703
0 0.201209 0.824144 0.009741 0.005703
0 0.232449 0.818679 0.009741 0.005703
0 0.264024 0.816065 0.009741 0.005703
0 0.295264 0.818679 0.009741 0.005703
0 0.326503 0.816065 0.009741 0.005703
0 0.358079 0.807985 0.009741 0.005703
0 0.402754 0.805371 0.009741 0.005703
0 0.436345 0.807985 0.009741 0.005703
0 0.469936 0.805371 0.009741 0.005703
0 0.503527 0.799905 0.009741 0.005703
0 0.556937 0.829610 0.009741 0.005703
0 0.590527 0.832224 0.009741 0.005703
0 0.624454 0.829610 0.009741 0.005703
0 0.658045 0.821530 0.009741 0.005703
0 0.702049 0.818679 0.009741 0.005703
0 0.733960 0.821530 0.009741 0.005703
0 0.765536 0.818679 0.009741 0.005703
0 0.797111 0.813451 0.009741 0.005703
0 0.829023 0.810599 0.009741 0.005703
0 0.860598 0.813451 0.009741 0.005703
0 0.892509 0.810599 0.009741 0.005703
0 0.924085 0.797291 0.009741 0.005703
0 0.552906 0.084601 0.010413 0.004040
0 0.698690 0.524715 0.007390 0.004040
0 0.141082 0.095532 0.010413 0.005703
0 0.222707 0.100760 0.009741 0.005703
0 0.281827 0.098146 0.009741 0.005703
0 0.319449 0.095532 0.010413 0.005703
0 0.438025 0.092681 0.010413 0.005703
0 0.486060 0.092681 0.010413 0.005703
0 0.552906 0.103612 0.014780 0.005703
0 0.672489 0.092681 0.009741 0.005703
0 0.714478 0.095532 0.009741 0.005703
0 0.736312 0.095532 0.010413 0.005703
0 0.829358 0.081987 0.010413 0.005703
0 0.920726 0.081987 0.009741 0.005703
0 0.145113 0.309411 0.010413 0.005703
0 0.201545 0.317490 0.010413 0.005703
0 0.282499 0.320105 0.010413 0.005703
0 0.342627 0.309411 0.009741 0.005703
0 0.379913 0.309411 0.009741 0.005703
0 0.431307 0.309411 0.009741 0.005703
0 0.462210 0.312025 0.010413 0.005703
0 0.591871 0.312025 0.010413 0.005703
0 0.657037 0.312025 0.009741 0.005703
0 0.707088 0.314639 0.010413 0.005703
0 0.765536 0.317490 0.010413 0.005703
0 0.844138 0.317490 0.010413 0.005703
0 0.924756 0.317490 0.009741 0.005703
0 0.147800 0.543726 0.010413 0.005703
0 0.197514 0.546340 0.010413 0.005703
0 0.273094 0.543726 0.009741 0.005703
0 0.312395 0.546340 0.010413 0.005703
0 0.414511 0.538260 0.009741 0.005703
0 0.455828 0.546340 0.010413 0.005703
0 0.559624 0.535646 0.009741 0.005703
0 0.602284 0.538260 0.010413 0.005703
0 0.700034 0.533032 0.010413 0.005703
0 0.801478 0.535646 0.009741 0.005703
0 0.853544 0.535646 0.014780 0.005703
