0 0.111858 0.225048 0.010077 0.005703
0 0.111858 0.206749 0.010077 0.005703
0 0.278132 0.232890 0.010077 0.005703
0 0.278132 0.214591 0.010077 0.005703
0 0.444407 0.232890 0.010077 0.005703
0 0.444407 0.214591 0.010077 0.005703
0 0.622103 0.225048 0.010077 0.005703
0 0.622103 0.206749 0.010077 0.005703
0 0.805509 0.225048 0.010077 0.005703
0 0.805509 0.206749 0.010077 0.005703
0 0.427276 0.487643 0.009405 0.005703
0 0.449110 0.485029 0.009405 0.005703
0 0.470944 0.492871 0.009405 0.005703
0 0.492442 0.487643 0.009405 0.005703
0 0.514276 0.495485 0.009405 0.005703
0 0.536110 0.492871 0.009405 0.005703
0 0.557608 0.498099 0.009405 0.005703
0 0.579442 0.495485 0.009405 0.005703
0 0.611354 0.503327 0.009405 0.005703
0 0.629829 0.498099 0.009405 0.005703
0 0.648640 0.505941 0.009405 0.005703
0 0.667450 0.503327 0.009405 0.005703
0 0.705072 0.479800 0.009405 0.005703
0 0.723883 0.474572 0.009405 0.005703
0 0.742694 0.482414 0.009405 0.005703
0 0.761505 0.479800 0.009405 0.005703
0 0.793080 0.474572 0.009405 0.005703
0 0.827343 0.471958 0.009405 0.005703
0 0.870003 0.479800 0.009405 0.005703
0 0.913000 0.474572 0.009405 0.005703
0 0.111522 0.782082 0.009405 0.005703
0 0.162244 0.779468 0.009405 0.005703
0 0.213302 0.784696 0.009405 0.005703
0 0.238831 0.782082 0.009405 0.005703
0 0.264360 0.789924 0.009405 0.005703
0 0.289553 0.784696 0.009405 0.005703
0 0.333221 0.792538 0.009405 0.005703
0 0.379913 0.789924 0.009405 0.005703
0 0.426268 0.784696 0.009405 0.005703
0 0.472623 0.782082 0.009405 0.005703
0 0.531407 0.779468 0.009405 0.005703
0 0.557272 0.774240 0.009405 0.005703
0 0.583137 0.782082 0.009405 0.005703
0 0.609338 0.779468 0.009405 0.005703
0 0.644273 0.784696 0.009405 0.005703
0 0.696003 0.782082 0.009405 0.005703
0 0.760497 0.789924 0.009405 0.005703
0 0.809540 0.792538 0.009405 0.005703
0 0.858247 0.789924 0.009405 0.005703
0 0.882768 0.784696 0.009405 0.005703
0 0.906953 0.792538 0.009405 0.005703
0 0.931475 0.789924 0.009405 0.005703
0 0.111858 0.140447 0.009405 0.005703
0 0.131004 0.145675 0.009405 0.005703
0 0.150151 0.148289 0.009405 0.005703
0 0.169298 0.153517 0.009405 0.005703
0 0.188445 0.188451 0.009405 0.005703
0 0.207592 0.191065 0.009405 0.005703
0 0.226738 0.196293 0.009405 0.005703
0 0.245885 0.198907 0.009405 0.005703
0 0.297279 0.196293 0.009405 0.005703
0 0.316426 0.191065 0.009405 0.005703
0 0.335573 0.188451 0.009405 0.005703
0 0.354720 0.153517 0.009405 0.005703
0 0.373866 0.148289 0.009405 0.005703
0 0.393013 0.145675 0.009405 0.005703
0 0.412160 0.140447 0.009405 0.005703
0 0.444407 0.138070 0.009405 0.005703
0 0.464898 0.135456 0.009405 0.005703
0 0.485724 0.130228 0.009405 0.005703
0 0.506214 0.127614 0.009405 0.005703
0 0.526705 0.122386 0.009405 0.005703
0 0.547195 0.119772 0.009405 0.005703
0 0.568021 0.117158 0.009405 0.005703
0 0.588512 0.111930 0.009405 0.005703
0 0.622103 0.109316 0.009405 0.005703
0 0.643265 0.111930 0.009405 0.005703
0 0.664763 0.117158 0.009405 0.005703
0 0.685925 0.119772 0.009405 0.005703
0 0.707088 0.122386 0.009405 0.005703
0 0.728586 0.127614 0.009405 0.005703
0 0.749748 0.130228 0.009405 0.005703
0 0.770910 0.135456 0.009405 0.005703
0 0.805173 0.138070 0.009405 0.005703
0 0.823984 0.140447 0.009405 0.005703
0 0.842795 0.145675 0.009405 0.005703
0 0.861606 0.148289 0.009405 0.005703
0 0.880417 0.185837 0.009405 0.005703
0 0.899227 0.188451 0.009405 0.005703
0 0.918038 0.191065 0.009405 0.005703
0 0.936849 0.196293 0.009405 0.005703
0 0.111522 0.498099 0.009405 0.005703
0 0.128317 0.492871 0.009405 0.005703
0 0.145448 0.490257 0.009405 0.005703
0 0.162244 0.485029 0.009405 0.005703
0 0.179375 0.458888 0.009405 0.005703
0 0.196507 0.456274 0.009405 0.005703
0 0.213302 0.451046 0.009405 0.005703
0 0.230433 0.448432 0.009405 0.005703
0 0.262681 0.498099 0.009405 0.005703
0 0.281156 0.495485 0.009405 0.005703
0 0.299631 0.492871 0.009405 0.005703
0 0.318441 0.487643 0.009405 0.005703
0 0.336916 0.430133 0.009405 0.005703
0 0.355391 0.424905 0.009405 0.005703
0 0.373866 0.422291 0.009405 0.005703
0 0.392677 0.419677 0.009405 0.005703
0 0.427276 0.414449 0.009405 0.005703
0 0.449110 0.411835 0.009405 0.005703
0 0.470944 0.419677 0.009405 0.005703
0 0.492442 0.414449 0.009405 0.005703
0 0.514276 0.422291 0.009405 0.005703
0 0.536110 0.419677 0.009405 0.005703
0 0.557608 0.424905 0.009405 0.005703
0 0.579442 0.422291 0.009405 0.005703
0 0.611354 0.430133 0.009405 0.005703
0 0.629829 0.424905 0.009405 0.005703
0 0.648640 0.432747 0.009405 0.005703
0 0.667450 0.430133 0.009405 0.005703
0 0.705072 0.437975 0.009405 0.005703
0 0.723883 0.432747 0.009405 0.005703
0 0.742694 0.440589 0.009405 0.005703
0 0.761505 0.437975 0.009405 0.005703
0 0.793080 0.432747 0.009405 0.005703
0 0.827343 0.430133 0.009405 0.005703
0 0.848841 0.411835 0.009405 0.005703
0 0.870003 0.437975 0.009405 0.005703
0 0.891502 0.419677 0.009405 0.005703
0 0.913000 0.432747 0.009405 0.005703
0 0.934498 0.414449 0.009405 0.005703
0 0.111522 0.740494 0.009405 0.005703
0 0.137051 0.722196 0.009405 0.005703
0 0.162244 0.737880 0.009405 0.005703
0 0.187773 0.719582 0.009405 0.005703
0 0.213302 0.743108 0.009405 0.005703
0 0.238831 0.740494 0.009405 0.005703
0 0.264360 0.748337 0.009405 0.005703
0 0.289553 0.743108 0.009405 0.005703
0 0.333221 0.750951 0.009405 0.005703
0 0.356399 0.732652 0.009405 0.005703
0 0.379913 0.748337 0.009405 0.005703
0 0.403090 0.730038 0.009405 0.005703
0 0.426268 0.743108 0.009405 0.005703
0 0.449446 0.724810 0.009405 0.005703
0 0.472623 0.740494 0.009405 0.005703
0 0.496137 0.722196 0.009405 0.005703
0 0.531407 0.737880 0.009405 0.005703
0 0.557272 0.732652 0.009405 0.005703
0 0.583137 0.740494 0.009405 0.005703
0 0.609338 0.737880 0.009405 0.005703
0 0.644273 0.743108 0.009405 0.005703
0 0.670138 0.724810 0.009405 0.005703
0 0.696003 0.740494 0.009405 0.005703
0 0.721868 0.722196 0.009405 0.005703
0 0.760497 0.748337 0.009405 0.005703
0 0.785018 0.730038 0.009405 0.005703
0 0.809540 0.750951 0.009405 0.005703
0 0.833725 0.732652 0.009405 0.005703
0 0.858247 0.748337 0.009405 0.005703
0 0.882768 0.743108 0.009405 0.005703
0 0.906953 0.750951 0.009405 0.005703
0 0.931475 0.748337 0.009405 0.005703
0 0.827343 0.342443 0.009405 0.005703
0 0.870003 0.350285 0.009405 0.005703
0 0.913000 0.345057 0.009405 0.005703
0 0.111522 0.646863 0.009405 0.005703
0 0.162244 0.644249 0.009405 0.005703
0 0.213302 0.649477 0.009405 0.005703
0 0.238831 0.646863 0.009405 0.005703
0 0.264360 0.654705 0.009405 0.005703
0 0.289553 0.649477 0.009405 0.005703
0 0.333221 0.657319 0.009405 0.005703
0 0.379913 0.654705 0.009405 0.005703
0 0.472623 0.646863 0.009405 0.005703
0 0.531407 0.644249 0.009405 0.005703
0 0.557272 0.639021 0.009405 0.005703
0 0.583137 0.646863 0.009405 0.005703
0 0.609338 0.644249 0.009405 0.005703
0 0.644273 0.649477 0.009405 0.005703
0 0.696003 0.646863 0.009405 0.005703
0 0.760497 0.654705 0.009405 0.005703
0 0.809540 0.657319 0.009405 0.005703
0 0.858247 0.654705 0.009405 0.005703
0 0.882768 0.649477 0.009405 0.005703
0 0.906953 0.657319 0.009405 0.005703
0 0.931475 0.654705 0.009405 0.005703
