0 0.703393 0.211740 0.008734 0.004990
0 0.674169 0.227662 0.005710 0.003327
0 0.880417 0.213878 0.008398 0.004990
0 0.122271 0.434411 0.008734 0.004990
0 0.335909 0.436787 0.008398 0.004990
0 0.129997 0.900665 0.012429 0.004990
0 0.342627 0.900665 0.012429 0.004990
0 0.556601 0.900665 0.008734 0.004990
0 0.126302 0.229800 0.012429 0.004990
0 0.126302 0.213878 0.012429 0.004990
0 0.409137 0.222909 0.008734 0.004990
0 0.409137 0.213878 0.008734 0.004990
0 0.596910 0.225285 0.008398 0.004990
0 0.596910 0.209363 0.008398 0.004990
0 0.694323 0.211740 0.008398 0.004990
0 0.743030 0.200333 0.008398 0.004990
0 0.799127 0.202471 0.008398 0.004990
0 0.880417 0.202471 0.008398 0.004990
0 0.122271 0.418489 0.008398 0.004990
0 0.185422 0.423004 0.008398 0.004990
0 0.248572 0.425380 0.008398 0.004990
0 0.335909 0.425380 0.008398 0.004990
0 0.433322 0.438926 0.008734 0.004990
0 0.433322 0.423004 0.008734 0.004990
0 0.637890 0.454848 0.008398 0.004990
0 0.637890 0.438926 0.008398 0.004990
0 0.720860 0.454848 0.008398 0.004990
0 0.720860 0.438926 0.008398 0.004990
0 0.779308 0.450333 0.008398 0.004990
0 0.779308 0.434411 0.008398 0.004990
0 0.838092 0.452709 0.008398 0.004990
0 0.838092 0.436787 0.008398 0.004990
0 0.896540 0.445817 0.008398 0.004990
0 0.896540 0.429895 0.008398 0.004990
0 0.124622 0.664449 0.008734 0.004990
0 0.124622 0.648527 0.008734 0.004990
0 0.344978 0.648527 0.008398 0.004990
0 0.432314 0.657557 0.012429 0.004990
0 0.432314 0.648527 0.012429 0.004990
0 0.707088 0.657557 0.012429 0.004990
0 0.707088 0.648527 0.012429 0.004990
0 0.130333 0.891635 0.008734 0.004990
0 0.280820 0.884743 0.008398 0.004990
0 0.342963 0.889259 0.008734 0.004990
0 0.441048 0.887120 0.008734 0.004990
0 0.556601 0.884743 0.008734 0.004990
0 0.706080 0.900665 0.008398 0.004990
0 0.753779 0.898289 0.008398 0.004990
0 0.806853 0.896150 0.008398 0.004990
0 0.849177 0.893774 0.008398 0.004990
0 0.902251 0.891635 0.008398 0.004990
0 0.678535 0.157795 0.008398 0.004990
0 0.678535 0.153279 0.008398 0.004990
0 0.743030 0.157795 0.008398 0.004990
0 0.743030 0.150903 0.008398 0.004990
0 0.799127 0.157795 0.008398 0.004990
0 0.799127 0.153279 0.008398 0.004990
0 0.888142 0.155418 0.008398 0.004990
0 0.122271 0.388070 0.008398 0.004990
0 0.185422 0.392586 0.008398 0.004990
0 0.185422 0.385932 0.008398 0.004990
0 0.248572 0.392586 0.008398 0.004990
0 0.248572 0.388070 0.008398 0.004990
0 0.335909 0.390447 0.008398 0.004990
0 0.464226 0.606464 0.008398 0.004990
0 0.496137 0.610979 0.008398 0.004990
0 0.528048 0.606464 0.008398 0.004990
0 0.559960 0.610979 0.008398 0.004990
0 0.591871 0.606464 0.008398 0.004990
0 0.623782 0.610979 0.008398 0.004990
0 0.655694 0.606464 0.008398 0.004990
0 0.707424 0.608840 0.008398 0.004990
0 0.738327 0.606464 0.008398 0.004990
0 0.769231 0.608840 0.008398 0.004990
0 0.800470 0.606464 0.008398 0.004990
0 0.831374 0.608840 0.008398 0.004990
0 0.862277 0.606464 0.008398 0.004990
0 0.893181 0.608840 0.008398 0.004990
0 0.924421 0.606464 0.008398 0.004990
0 0.130333 0.836027 0.008398 0.004990
0 0.155190 0.831511 0.008398 0.004990
0 0.180383 0.836027 0.008398 0.004990
0 0.205576 0.831511 0.008398 0.004990
0 0.230433 0.836027 0.008398 0.004990
0 0.255626 0.831511 0.008398 0.004990
0 0.280820 0.836027 0.008398 0.004990
0 0.305677 0.831511 0.008398 0.004990
0 0.342963 0.833650 0.008398 0.004990
0 0.367484 0.829135 0.008398 0.004990
0 0.392005 0.833650 0.008398 0.004990
0 0.416527 0.829135 0.008398 0.004990
0 0.441048 0.833650 0.008398 0.004990
0 0.465569 0.831511 0.008398 0.004990
0 0.490091 0.822243 0.008398 0.004990
0 0.514612 0.831511 0.008398 0.004990
0 0.556601 0.820105 0.008398 0.004990
0 0.580114 0.831511 0.008398 0.004990
0 0.603628 0.824620 0.008398 0.004990
0 0.627477 0.831511 0.008398 0.004990
0 0.650991 0.824620 0.008398 0.004990
0 0.674505 0.831511 0.008398 0.004990
0 0.706080 0.836027 0.008398 0.004990
0 0.753779 0.829135 0.008398 0.004990
0 0.780316 0.826759 0.008398 0.004990
0 0.803829 0.824620 0.008398 0.004990
0 0.126638 0.164686 0.008398 0.004990
0 0.126638 0.160171 0.008398 0.004990
0 0.126638 0.153279 0.008398 0.004990
0 0.156533 0.164686 0.008398 0.004990
0 0.156533 0.160171 0.008398 0.004990
0 0.156533 0.153279 0.008398 0.004990
0 0.186429 0.164686 0.008398 0.004990
0 0.186429 0.160171 0.008398 0.004990
0 0.186429 0.153279 0.008398 0.004990
0 0.216661 0.164686 0.008398 0.004990
0 0.216661 0.160171 0.008398 0.004990
0 0.216661 0.153279 0.008398 0.004990
0 0.248572 0.166825 0.008398 0.004990
0 0.248572 0.160171 0.008398 0.004990
0 0.248572 0.153279 0.008398 0.004990
0 0.278468 0.166825 0.008398 0.004990
0 0.278468 0.160171 0.008398 0.004990
0 0.278468 0.153279 0.008398 0.004990
0 0.323816 0.166825 0.008398 0.004990
0 0.323816 0.160171 0.008398 0.004990
0 0.323816 0.155418 0.008398 0.004990
0 0.354048 0.166825 0.008398 0.004990
0 0.354048 0.160171 0.008398 0.004990
0 0.354048 0.155418 0.008398 0.004990
0 0.409137 0.164686 0.008398 0.004990
0 0.409137 0.160171 0.008398 0.004990
0 0.409137 0.148764 0.008398 0.004990
0 0.437017 0.164686 0.008398 0.004990
0 0.437017 0.160171 0.008398 0.004990
0 0.437017 0.148764 0.008398 0.004990
0 0.465233 0.164686 0.008398 0.004990
0 0.465233 0.160171 0.008398 0.004990
0 0.465233 0.148764 0.008398 0.004990
0 0.493114 0.164686 0.008398 0.004990
0 0.493114 0.160171 0.008398 0.004990
0 0.493114 0.148764 0.008398 0.004990
0 0.521330 0.164686 0.008398 0.004990
0 0.521330 0.160171 0.008398 0.004990
0 0.521330 0.148764 0.008398 0.004990
0 0.560967 0.164686 0.008398 0.004990
0 0.560967 0.160171 0.008398 0.004990
0 0.560967 0.148764 0.008398 0.004990
0 0.596910 0.164686 0.008398 0.004990
0 0.596910 0.160171 0.008398 0.004990
0 0.596910 0.150903 0.008398 0.004990
0 0.604300 0.148764 0.008398 0.004990
0 0.624790 0.164686 0.008398 0.004990
0 0.624790 0.160171 0.008398 0.004990
0 0.624790 0.150903 0.008398 0.004990
0 0.632516 0.148764 0.008398 0.004990
0 0.678535 0.141873 0.008734 0.004990
0 0.880417 0.153279 0.008398 0.004990
0 0.122271 0.376663 0.008734 0.004990
0 0.343299 0.388070 0.008398 0.004990
0 0.433322 0.392586 0.008398 0.004990
0 0.433322 0.388070 0.008398 0.004990
0 0.433322 0.381179 0.008398 0.004990
0 0.467249 0.392586 0.008398 0.004990
0 0.467249 0.388070 0.008398 0.004990
0 0.467249 0.381179 0.008398 0.004990
0 0.501512 0.392586 0.008398 0.004990
0 0.501512 0.388070 0.008398 0.004990
0 0.501512 0.381179 0.008398 0.004990
0 0.535774 0.392586 0.008398 0.004990
0 0.535774 0.388070 0.008398 0.004990
0 0.535774 0.381179 0.008398 0.004990
0 0.569701 0.392586 0.008398 0.004990
0 0.569701 0.388070 0.008398 0.004990
0 0.569701 0.381179 0.008398 0.004990
0 0.603964 0.392586 0.008398 0.004990
0 0.603964 0.388070 0.008398 0.004990
0 0.603964 0.381179 0.008398 0.004990
0 0.637890 0.392586 0.008398 0.004990
0 0.637890 0.388070 0.008398 0.004990
0 0.637890 0.383555 0.008398 0.004990
0 0.672153 0.392586 0.008398 0.004990
0 0.672153 0.388070 0.008398 0.004990
0 0.672153 0.383555 0.008398 0.004990
0 0.720860 0.392586 0.008398 0.004990
0 0.720860 0.388070 0.008398 0.004990
0 0.728586 0.385932 0.008398 0.004990
0 0.779308 0.388070 0.008398 0.004990
0 0.787034 0.385932 0.008398 0.004990
0 0.779308 0.372148 0.008398 0.004990
0 0.838092 0.390447 0.008398 0.004990
0 0.838092 0.383555 0.008398 0.004990
0 0.838092 0.374525 0.008398 0.004990
0 0.896540 0.392586 0.008398 0.004990
0 0.896540 0.383555 0.008398 0.004990
0 0.896540 0.376663 0.008398 0.004990
0 0.124622 0.606464 0.008734 0.004990
0 0.124622 0.599572 0.008734 0.004990
0 0.124622 0.595057 0.008734 0.004990
0 0.124622 0.590542 0.008734 0.004990
0 0.344978 0.608840 0.008398 0.004990
0 0.352704 0.606464 0.008398 0.004990
0 0.344978 0.601949 0.008398 0.004990
0 0.432314 0.599572 0.012429 0.004990
0 0.707088 0.601949 0.012429 0.004990
0 0.130333 0.824620 0.008734 0.004990
0 0.280820 0.824620 0.008398 0.004990
0 0.342963 0.822243 0.008734 0.004990
0 0.490091 0.815589 0.008398 0.004990
0 0.556601 0.815589 0.008734 0.004990
0 0.650991 0.820105 0.008398 0.004990
0 0.706080 0.824620 0.008398 0.004990
0 0.756466 0.833650 0.008398 0.004990
0 0.756466 0.817728 0.008398 0.004990
0 0.809540 0.831511 0.008398 0.004990
0 0.809540 0.820105 0.008398 0.004990
0 0.849177 0.833650 0.008398 0.004990
0 0.849177 0.829135 0.008398 0.004990
0 0.902251 0.833650 0.008398 0.004990
0 0.902251 0.826759 0.008398 0.004990
0 0.126638 0.078897 0.008398 0.004990
0 0.216661 0.074382 0.008398 0.004990
0 0.248572 0.069867 0.008398 0.004990
0 0.297279 0.069867 0.008398 0.004990
0 0.323816 0.069867 0.008398 0.004990
0 0.372523 0.076521 0.008398 0.004990
0 0.409137 0.074382 0.008734 0.004990
0 0.521330 0.074382 0.008398 0.004990
0 0.560967 0.074382 0.008398 0.004990
0 0.596910 0.074382 0.008398 0.004990
0 0.642593 0.074382 0.008398 0.004990
0 0.678535 0.067490 0.008734 0.004990
0 0.799127 0.067490 0.008398 0.004990
0 0.839772 0.078897 0.008398 0.004990
0 0.880417 0.078897 0.008398 0.004990
0 0.929795 0.078897 0.008398 0.004990
0 0.122271 0.305133 0.008734 0.004990
0 0.248572 0.305133 0.008398 0.004990
0 0.296271 0.316540 0.008398 0.004990
0 0.335909 0.316540 0.008398 0.004990
0 0.375210 0.316540 0.008398 0.004990
0 0.433322 0.309648 0.008734 0.004990
0 0.637890 0.311787 0.008398 0.004990
0 0.720860 0.314163 0.008398 0.004990
0 0.779308 0.300618 0.008398 0.004990
0 0.838092 0.302757 0.008398 0.004990
0 0.896540 0.305133 0.008398 0.004990
0 0.124622 0.521150 0.008398 0.004990
0 0.209943 0.530181 0.008398 0.004990
0 0.277461 0.525665 0.008398 0.004990
0 0.344978 0.527804 0.008398 0.004990
0 0.432650 0.530181 0.008734 0.004990
0 0.623782 0.530181 0.008398 0.004990
0 0.707424 0.527804 0.008734 0.004990
0 0.893181 0.521150 0.008398 0.004990
0 0.130333 0.737405 0.008734 0.004990
0 0.230433 0.741920 0.008398 0.004990
0 0.280820 0.746435 0.008398 0.004990
0 0.342963 0.750951 0.008734 0.004990
0 0.441048 0.748812 0.008398 0.004990
0 0.490091 0.748812 0.008398 0.004990
0 0.556601 0.746435 0.008734 0.004990
0 0.706080 0.737405 0.008398 0.004990
0 0.753779 0.739544 0.008398 0.004990
0 0.806853 0.741920 0.008398 0.004990
0 0.849177 0.750951 0.008398 0.004990
0 0.875714 0.746435 0.008398 0.004990
0 0.902251 0.741920 0.008398 0.004990
0 0.928787 0.744059 0.008398 0.004990
