0 0.136379 0.268774 0.010413 0.006179
0 0.136379 0.257367 0.010413 0.006179
0 0.211622 0.277329 0.010413 0.006179
0 0.211622 0.265922 0.010413 0.006179
0 0.211622 0.257367 0.010413 0.006179
0 0.274101 0.274477 0.010413 0.006179
0 0.344642 0.271625 0.010413 0.006179
0 0.429291 0.263070 0.010413 0.006179
0 0.429291 0.257367 0.010413 0.006179
0 0.557272 0.271625 0.010413 0.006179
0 0.557272 0.260219 0.010413 0.006179
0 0.689620 0.271625 0.010413 0.006179
0 0.689620 0.263070 0.010413 0.006179
0 0.830030 0.274477 0.010413 0.006179
0 0.830030 0.260219 0.010413 0.006179
0 0.133356 0.567015 0.010413 0.006179
0 0.250588 0.589829 0.010413 0.006179
0 0.250588 0.569867 0.010413 0.006179
0 0.355055 0.592681 0.010413 0.006179
0 0.355055 0.572719 0.010413 0.006179
0 0.476654 0.595532 0.010413 0.006179
0 0.476654 0.575570 0.010413 0.006179
0 0.624118 0.584125 0.011085 0.006179
0 0.697682 0.564163 0.011085 0.006179
0 0.774941 0.584125 0.011085 0.006179
0 0.863621 0.564163 0.011085 0.006179
0 0.143433 0.875000 0.010413 0.006179
0 0.143433 0.855038 0.010413 0.006179
0 0.296943 0.855038 0.010413 0.006179
0 0.344306 0.857890 0.010413 0.006179
0 0.498153 0.857890 0.010413 0.006179
0 0.559288 0.837928 0.010413 0.006179
0 0.709439 0.837928 0.010413 0.006179
0 0.754787 0.863593 0.010413 0.006179
0 0.845146 0.860741 0.010413 0.006179
0 0.136379 0.184411 0.010413 0.006179
0 0.136379 0.178707 0.010413 0.006179
0 0.211622 0.187262 0.010413 0.006179
0 0.211622 0.181559 0.010413 0.006179
0 0.283507 0.184411 0.010413 0.006179
0 0.283507 0.178707 0.010413 0.006179
0 0.344642 0.187262 0.010413 0.006179
0 0.344642 0.181559 0.010413 0.006179
0 0.567014 0.178707 0.010413 0.006179
0 0.602956 0.181559 0.010413 0.006179
0 0.689620 0.181559 0.010413 0.006179
0 0.830030 0.184411 0.010413 0.006179
0 0.143097 0.506416 0.010413 0.006179
0 0.143097 0.500713 0.010413 0.006179
0 0.250588 0.506416 0.010413 0.006179
0 0.355055 0.509268 0.010413 0.006179
0 0.466913 0.514971 0.010413 0.006179
0 0.476654 0.512120 0.010413 0.006179
0 0.136379 0.173004 0.010413 0.006179
0 0.167282 0.173004 0.010413 0.006179
0 0.186765 0.170152 0.010413 0.006179
0 0.211622 0.167300 0.010413 0.006179
0 0.242862 0.173004 0.010413 0.006179
0 0.274101 0.175856 0.010413 0.006179
0 0.305677 0.175856 0.010413 0.006179
0 0.325160 0.173004 0.010413 0.006179
0 0.344642 0.170152 0.010413 0.006179
0 0.364125 0.173004 0.010413 0.006179
0 0.383944 0.175856 0.010413 0.006179
0 0.429291 0.187262 0.010413 0.006179
0 0.429291 0.178707 0.010413 0.006179
0 0.429291 0.167300 0.010413 0.006179
0 0.557272 0.175856 0.010413 0.006179
0 0.557272 0.167300 0.010413 0.006179
0 0.689620 0.170152 0.010413 0.006179
0 0.742358 0.170152 0.010413 0.006179
0 0.787034 0.167300 0.010413 0.006179
0 0.830030 0.164449 0.010413 0.006179
0 0.875714 0.167300 0.010413 0.006179
0 0.928451 0.170152 0.010413 0.006179
0 0.133356 0.497861 0.010413 0.006179
0 0.185422 0.497861 0.010413 0.006179
0 0.218005 0.495010 0.010413 0.006179
0 0.250588 0.491920 0.010413 0.006179
0 0.302990 0.500713 0.010413 0.006179
0 0.355055 0.503565 0.010413 0.006179
0 0.407121 0.500713 0.010413 0.006179
0 0.439704 0.497861 0.010413 0.006179
0 0.476654 0.495010 0.010413 0.006179
0 0.509237 0.497861 0.010413 0.006179
0 0.541485 0.500713 0.010413 0.006179
0 0.624118 0.509268 0.011085 0.006179
0 0.624118 0.503565 0.011085 0.006179
0 0.624118 0.497861 0.011085 0.006179
0 0.697682 0.517823 0.011085 0.006179
0 0.774941 0.509268 0.011085 0.006179
0 0.774941 0.503565 0.011085 0.006179
0 0.774941 0.497861 0.011085 0.006179
0 0.863621 0.517823 0.011085 0.006179
0 0.143433 0.814876 0.010413 0.006179
0 0.143433 0.803470 0.010413 0.006179
0 0.143433 0.794914 0.010413 0.006179
0 0.296943 0.814876 0.010413 0.006179
0 0.296943 0.803470 0.010413 0.006179
0 0.296943 0.794914 0.010413 0.006179
0 0.344306 0.817728 0.010413 0.006179
0 0.344306 0.806321 0.010413 0.006179
0 0.344306 0.800618 0.010413 0.006179
0 0.498153 0.817728 0.010413 0.006179
0 0.498153 0.806321 0.010413 0.006179
0 0.498153 0.800618 0.010413 0.006179
0 0.559288 0.806321 0.010413 0.006179
0 0.559288 0.800618 0.010413 0.006179
0 0.569029 0.797766 0.010413 0.006179
0 0.709439 0.806321 0.010413 0.006179
0 0.709439 0.797766 0.010413 0.006179
0 0.754787 0.812025 0.010413 0.006179
0 0.754787 0.800618 0.010413 0.006179
0 0.845146 0.809173 0.010413 0.006179
0 0.845146 0.800618 0.010413 0.006179
0 0.136379 0.096483 0.011085 0.006179
0 0.383944 0.099335 0.010413 0.006179
0 0.429291 0.090779 0.010413 0.006179
0 0.482365 0.090779 0.010413 0.006179
0 0.518643 0.087928 0.010413 0.006179
0 0.557272 0.082224 0.010413 0.006179
0 0.602956 0.085076 0.010413 0.006179
0 0.646288 0.090779 0.010413 0.006179
0 0.689620 0.093631 0.010413 0.006179
0 0.742358 0.093631 0.010413 0.006179
0 0.787034 0.090779 0.010413 0.006179
0 0.830030 0.087928 0.010413 0.006179
0 0.875714 0.090779 0.010413 0.006179
0 0.928451 0.093631 0.010413 0.006179
0 0.133356 0.437738 0.011085 0.006179
0 0.143433 0.730038 0.010413 0.006179
0 0.190796 0.724335 0.010413 0.006179
0 0.220356 0.718631 0.010413 0.006179
0 0.249916 0.718631 0.010413 0.006179
0 0.344306 0.718631 0.010413 0.006179
0 0.391669 0.715779 0.010413 0.006179
0 0.439033 0.721483 0.010413 0.006179
0 0.468593 0.724335 0.010413 0.006179
0 0.498153 0.727186 0.010413 0.006179
0 0.559288 0.727186 0.010413 0.006179
0 0.604636 0.727186 0.010413 0.006179
0 0.635875 0.721483 0.010413 0.006179
0 0.664091 0.721483 0.010413 0.006179
0 0.754787 0.721483 0.010413 0.006179
0 0.799798 0.718631 0.010413 0.006179
0 0.845146 0.724335 0.010413 0.006179
0 0.875714 0.727186 0.010413 0.006179
0 0.910648 0.730038 0.010413 0.006179
