0 0.220692 0.401141 0.011085 0.005703
0 0.501512 0.401141 0.011085 0.005703
0 0.715485 0.382367 0.009741 0.005703
0 0.902251 0.387595 0.009741 0.005703
0 0.131004 0.630228 0.009741 0.005703
0 0.329190 0.635456 0.009741 0.005703
0 0.397716 0.629990 0.011085 0.005703
0 0.682566 0.629990 0.011085 0.005703
0 0.131676 0.884030 0.011085 0.005703
0 0.411488 0.884030 0.011085 0.005703
0 0.678871 0.889496 0.011085 0.005703
0 0.354384 0.390447 0.009741 0.005703
0 0.354384 0.376901 0.009741 0.005703
0 0.501512 0.390209 0.011085 0.005703
0 0.501512 0.376901 0.011085 0.005703
0 0.715485 0.371435 0.009741 0.005703
0 0.748740 0.368821 0.009741 0.005703
0 0.781995 0.371435 0.009741 0.005703
0 0.815586 0.368821 0.009741 0.005703
0 0.848841 0.371435 0.009741 0.005703
0 0.131004 0.619297 0.009741 0.005703
0 0.166275 0.616683 0.009741 0.005703
0 0.201545 0.619297 0.009741 0.005703
0 0.237151 0.616683 0.009741 0.005703
0 0.272422 0.619297 0.009741 0.005703
0 0.397716 0.619297 0.009741 0.005703
0 0.431979 0.616683 0.009741 0.005703
0 0.465905 0.619297 0.009741 0.005703
0 0.500168 0.616683 0.009741 0.005703
0 0.534431 0.619297 0.009741 0.005703
0 0.568357 0.616683 0.009741 0.005703
0 0.602620 0.619297 0.009741 0.005703
0 0.636547 0.616683 0.009741 0.005703
0 0.682566 0.619297 0.009741 0.005703
0 0.716829 0.616683 0.009741 0.005703
0 0.751092 0.619297 0.009741 0.005703
0 0.785018 0.616683 0.009741 0.005703
0 0.819281 0.619297 0.009741 0.005703
0 0.853208 0.616683 0.009741 0.005703
0 0.887471 0.619297 0.009741 0.005703
0 0.921397 0.616683 0.009741 0.005703
0 0.131676 0.873337 0.009741 0.005703
0 0.163588 0.870722 0.009741 0.005703
0 0.195835 0.873337 0.009741 0.005703
0 0.228082 0.870722 0.009741 0.005703
0 0.260329 0.873337 0.009741 0.005703
0 0.292576 0.870722 0.009741 0.005703
0 0.324824 0.873337 0.009741 0.005703
0 0.356735 0.870722 0.009741 0.005703
0 0.411488 0.873337 0.009741 0.005703
0 0.442392 0.870722 0.009741 0.005703
0 0.472959 0.873337 0.009741 0.005703
0 0.503863 0.870722 0.009741 0.005703
0 0.534431 0.873337 0.009741 0.005703
0 0.565334 0.870722 0.009741 0.005703
0 0.595902 0.873337 0.009741 0.005703
0 0.626470 0.870722 0.009741 0.005703
0 0.678871 0.878802 0.009741 0.005703
0 0.713470 0.873337 0.009741 0.005703
0 0.748069 0.878802 0.009741 0.005703
0 0.782667 0.873337 0.009741 0.005703
0 0.817266 0.878802 0.009741 0.005703
0 0.851864 0.873337 0.009741 0.005703
0 0.886463 0.878802 0.009741 0.005703
0 0.921061 0.873337 0.009741 0.005703
0 0.254283 0.390447 0.009741 0.005703
0 0.287538 0.376901 0.009741 0.005703
0 0.320793 0.331274 0.009741 0.005703
0 0.354384 0.323194 0.009741 0.005703
0 0.387639 0.317728 0.009741 0.005703
0 0.420894 0.312500 0.009741 0.005703
0 0.454484 0.309648 0.009741 0.005703
0 0.501512 0.296340 0.009741 0.005703
0 0.590191 0.298954 0.009741 0.005703
0 0.715485 0.317728 0.009741 0.005703
0 0.715485 0.312500 0.009741 0.005703
0 0.748740 0.323194 0.009741 0.005703
0 0.781995 0.317728 0.009741 0.005703
0 0.781995 0.312500 0.009741 0.005703
0 0.815586 0.323194 0.009741 0.005703
0 0.848841 0.317728 0.009741 0.005703
0 0.848841 0.312500 0.009741 0.005703
0 0.131004 0.557034 0.009741 0.005703
0 0.131004 0.551568 0.009741 0.005703
0 0.166275 0.562262 0.009741 0.005703
0 0.201545 0.557034 0.009741 0.005703
0 0.201545 0.551568 0.009741 0.005703
0 0.237151 0.562262 0.009741 0.005703
0 0.272422 0.557034 0.009741 0.005703
0 0.272422 0.551568 0.009741 0.005703
0 0.397716 0.557034 0.009741 0.005703
0 0.397716 0.551568 0.009741 0.005703
0 0.431979 0.562262 0.009741 0.005703
0 0.465905 0.557034 0.009741 0.005703
0 0.465905 0.551568 0.009741 0.005703
0 0.500168 0.562262 0.009741 0.005703
0 0.534431 0.557034 0.009741 0.005703
0 0.534431 0.551568 0.009741 0.005703
0 0.568357 0.562262 0.009741 0.005703
0 0.602620 0.557034 0.009741 0.005703
0 0.602620 0.551568 0.009741 0.005703
0 0.636547 0.562262 0.009741 0.005703
0 0.682566 0.557034 0.009741 0.005703
0 0.682566 0.551568 0.009741 0.005703
0 0.716829 0.562262 0.009741 0.005703
0 0.751092 0.557034 0.009741 0.005703
0 0.751092 0.551568 0.009741 0.005703
0 0.785018 0.562262 0.009741 0.005703
0 0.819281 0.557034 0.009741 0.005703
0 0.819281 0.551568 0.009741 0.005703
0 0.853208 0.562262 0.009741 0.005703
0 0.887471 0.557034 0.009741 0.005703
0 0.887471 0.551568 0.009741 0.005703
0 0.921397 0.562262 0.009741 0.005703
0 0.131676 0.807985 0.009741 0.005703
0 0.131676 0.802519 0.009741 0.005703
0 0.163588 0.813451 0.009741 0.005703
0 0.195835 0.807985 0.009741 0.005703
0 0.195835 0.802519 0.009741 0.005703
0 0.228082 0.813451 0.009741 0.005703
0 0.260329 0.807985 0.009741 0.005703
0 0.260329 0.802519 0.009741 0.005703
0 0.292576 0.813451 0.009741 0.005703
0 0.324824 0.807985 0.009741 0.005703
0 0.324824 0.802519 0.009741 0.005703
0 0.356735 0.813451 0.009741 0.005703
0 0.411488 0.807985 0.009741 0.005703
0 0.411488 0.802519 0.009741 0.005703
0 0.442392 0.813451 0.009741 0.005703
0 0.472959 0.807985 0.009741 0.005703
0 0.472959 0.802519 0.009741 0.005703
0 0.503863 0.813451 0.009741 0.005703
0 0.534431 0.807985 0.009741 0.005703
0 0.534431 0.802519 0.009741 0.005703
0 0.565334 0.813451 0.009741 0.005703
0 0.595902 0.807985 0.009741 0.005703
0 0.595902 0.802519 0.009741 0.005703
0 0.626470 0.813451 0.009741 0.005703
0 0.678871 0.813451 0.009741 0.005703
0 0.678871 0.807985 0.009741 0.005703
0 0.678871 0.802519 0.009741 0.005703
0 0.713470 0.818679 0.009741 0.005703
0 0.748069 0.813451 0.009741 0.005703
0 0.748069 0.807985 0.009741 0.005703
0 0.748069 0.802519 0.009741 0.005703
0 0.782667 0.818679 0.009741 0.005703
0 0.817266 0.813451 0.009741 0.005703
0 0.817266 0.807985 0.009741 0.005703
0 0.817266 0.802519 0.009741 0.005703
0 0.851864 0.818679 0.009741 0.005703
0 0.886463 0.813451 0.009741 0.005703
0 0.886463 0.807985 0.009741 0.005703
0 0.886463 0.802519 0.009741 0.005703
0 0.921061 0.818679 0.009741 0.005703
0 0.887471 0.500475 0.009741 0.005703
0 0.131676 0.742871 0.009741 0.005703
0 0.195835 0.748337 0.009741 0.005703
0 0.260329 0.742871 0.009741 0.005703
0 0.324824 0.729325 0.009741 0.005703
0 0.411488 0.740257 0.009741 0.005703
0 0.678871 0.742871 0.009741 0.005703
0 0.748069 0.748337 0.009741 0.005703
0 0.817266 0.742871 0.009741 0.005703
0 0.886463 0.729325 0.009741 0.005703
