0 0.122607 0.189876 0.008734 0.005228
0 0.130668 0.187500 0.008734 0.005228
0 0.219348 0.192253 0.008734 0.005228
0 0.219348 0.187500 0.008734 0.005228
0 0.308028 0.194629 0.008734 0.005228
0 0.308028 0.184886 0.008734 0.005228
0 0.411824 0.221245 0.008734 0.005228
0 0.411824 0.204373 0.008734 0.005228
0 0.437353 0.204373 0.008734 0.005228
0 0.437353 0.194629 0.008734 0.005228
0 0.463218 0.204373 0.008734 0.005228
0 0.463218 0.194629 0.008734 0.005228
0 0.488747 0.204373 0.008734 0.005228
0 0.488747 0.194629 0.008734 0.005228
0 0.514612 0.204373 0.008734 0.005228
0 0.514612 0.194629 0.008734 0.005228
0 0.540141 0.204373 0.008734 0.005228
0 0.540141 0.194629 0.008734 0.005228
0 0.566006 0.204373 0.008734 0.005228
0 0.566006 0.194629 0.008734 0.005228
0 0.591535 0.204373 0.008734 0.005228
0 0.591535 0.194629 0.008734 0.005228
0 0.617064 0.204373 0.008734 0.005228
0 0.617064 0.194629 0.008734 0.005228
0 0.656365 0.214116 0.009405 0.005228
0 0.656365 0.204373 0.009405 0.005228
0 0.853208 0.197006 0.008734 0.005228
0 0.853208 0.192253 0.008734 0.005228
0 0.122607 0.421578 0.008734 0.005228
0 0.122607 0.404468 0.008734 0.005228
0 0.187437 0.421578 0.008734 0.005228
0 0.187437 0.409458 0.008734 0.005228
0 0.252267 0.438451 0.008734 0.005228
0 0.252267 0.421578 0.008734 0.005228
0 0.334565 0.431321 0.008734 0.005228
0 0.334565 0.421578 0.008734 0.005228
0 0.397716 0.402091 0.008734 0.005228
0 0.461203 0.404468 0.008734 0.005228
0 0.533759 0.407082 0.008734 0.005228
0 0.598925 0.409458 0.008734 0.005228
0 0.664091 0.409458 0.008734 0.005228
0 0.744709 0.411835 0.008734 0.005228
0 0.814914 0.426331 0.008734 0.005228
0 0.814914 0.411835 0.008734 0.005228
0 0.885119 0.419202 0.008734 0.005228
0 0.885119 0.414211 0.008734 0.005228
0 0.126302 0.664924 0.009405 0.005228
0 0.126302 0.650428 0.009405 0.005228
0 0.311051 0.664924 0.008734 0.005228
0 0.311051 0.650428 0.008734 0.005228
0 0.421229 0.674667 0.009405 0.005228
0 0.421229 0.657557 0.009405 0.005228
0 0.572052 0.657557 0.008734 0.005228
0 0.668122 0.674667 0.008734 0.005228
0 0.668122 0.657557 0.008734 0.005228
0 0.776621 0.640684 0.008734 0.005228
0 0.865972 0.657557 0.008734 0.005228
0 0.865972 0.640684 0.008734 0.005228
0 0.140410 0.908270 0.008734 0.005228
0 0.140410 0.891397 0.008734 0.005228
0 0.235472 0.881654 0.008734 0.005228
0 0.330534 0.891397 0.008734 0.005228
0 0.330534 0.881654 0.008734 0.005228
0 0.450453 0.891397 0.008734 0.005228
0 0.450453 0.879278 0.008734 0.005228
0 0.511253 0.874287 0.008734 0.005228
0 0.572388 0.874287 0.008734 0.005228
0 0.655694 0.876901 0.008734 0.005228
0 0.663755 0.874287 0.008734 0.005228
0 0.758482 0.879278 0.009405 0.005228
0 0.758482 0.874287 0.009405 0.005228
0 0.130668 0.160646 0.008734 0.005228
0 0.130668 0.148527 0.008734 0.005228
0 0.160228 0.160646 0.008734 0.005228
0 0.160228 0.153517 0.008734 0.005228
0 0.189788 0.160646 0.008734 0.005228
0 0.189788 0.155894 0.008734 0.005228
0 0.219348 0.155894 0.008734 0.005228
0 0.219348 0.148527 0.008734 0.005228
0 0.248908 0.155894 0.008734 0.005228
0 0.248908 0.148527 0.008734 0.005228
0 0.278468 0.158270 0.008734 0.005228
0 0.278468 0.148527 0.008734 0.005228
0 0.308028 0.158270 0.008734 0.005228
0 0.308028 0.141397 0.008734 0.005228
0 0.337588 0.158270 0.008734 0.005228
0 0.337588 0.148527 0.008734 0.005228
0 0.366812 0.158270 0.008734 0.005228
0 0.366812 0.151141 0.008734 0.005228
0 0.411824 0.160646 0.008734 0.005228
0 0.411824 0.143774 0.008734 0.005228
0 0.437353 0.160646 0.008734 0.005228
0 0.437353 0.143774 0.008734 0.005228
0 0.463218 0.160646 0.008734 0.005228
0 0.463218 0.143774 0.008734 0.005228
0 0.488747 0.160646 0.008734 0.005228
0 0.488747 0.155894 0.008734 0.005228
0 0.514612 0.160646 0.008734 0.005228
0 0.514612 0.155894 0.008734 0.005228
0 0.540141 0.160646 0.008734 0.005228
0 0.540141 0.155894 0.008734 0.005228
0 0.566006 0.160646 0.008734 0.005228
0 0.566006 0.146150 0.008734 0.005228
0 0.591535 0.160646 0.008734 0.005228
0 0.591535 0.148527 0.008734 0.005228
0 0.617064 0.160646 0.008734 0.005228
0 0.617064 0.155894 0.008734 0.005228
0 0.656030 0.170390 0.008734 0.005228
0 0.656030 0.160646 0.008734 0.005228
0 0.656030 0.155894 0.008734 0.005228
0 0.688949 0.170390 0.008734 0.005228
0 0.688949 0.160646 0.008734 0.005228
0 0.688949 0.155894 0.008734 0.005228
0 0.721868 0.170390 0.008734 0.005228
0 0.721868 0.160646 0.008734 0.005228
0 0.721868 0.155894 0.008734 0.005228
0 0.754787 0.170390 0.008734 0.005228
0 0.754787 0.160646 0.008734 0.005228
0 0.754787 0.155894 0.008734 0.005228
0 0.787706 0.170390 0.008734 0.005228
0 0.787706 0.160646 0.008734 0.005228
0 0.787706 0.155894 0.008734 0.005228
0 0.820289 0.170390 0.008734 0.005228
0 0.820289 0.160646 0.008734 0.005228
0 0.820289 0.155894 0.008734 0.005228
0 0.853208 0.160646 0.008734 0.005228
0 0.853208 0.146150 0.008734 0.005228
0 0.886127 0.160646 0.008734 0.005228
0 0.886127 0.148527 0.008734 0.005228
0 0.922741 0.160646 0.008734 0.005228
0 0.922741 0.155894 0.008734 0.005228
0 0.122607 0.371911 0.008734 0.005228
0 0.122607 0.364781 0.008734 0.005228
0 0.144105 0.371911 0.008734 0.005228
0 0.144105 0.364781 0.008734 0.005228
0 0.165939 0.371911 0.008734 0.005228
0 0.165939 0.364781 0.008734 0.005228
0 0.187437 0.371911 0.008734 0.005228
0 0.187437 0.359791 0.008734 0.005228
0 0.209271 0.371911 0.008734 0.005228
0 0.209271 0.359791 0.008734 0.005228
0 0.230769 0.371911 0.008734 0.005228
0 0.230769 0.359791 0.008734 0.005228
0 0.252267 0.379278 0.008734 0.005228
0 0.252267 0.371911 0.008734 0.005228
0 0.252267 0.364781 0.008734 0.005228
0 0.274101 0.379278 0.008734 0.005228
0 0.274101 0.371911 0.008734 0.005228
0 0.274101 0.364781 0.008734 0.005228
0 0.295600 0.379278 0.008734 0.005228
0 0.295600 0.371911 0.008734 0.005228
0 0.295600 0.364781 0.008734 0.005228
0 0.355727 0.381654 0.008734 0.005228
0 0.355727 0.369534 0.008734 0.005228
0 0.355727 0.364781 0.008734 0.005228
0 0.376889 0.381654 0.008734 0.005228
0 0.376889 0.369534 0.008734 0.005228
0 0.376889 0.364781 0.008734 0.005228
0 0.418878 0.369534 0.008734 0.005228
0 0.418878 0.352662 0.008734 0.005228
0 0.440040 0.369534 0.008734 0.005228
0 0.440040 0.352662 0.008734 0.005228
0 0.461203 0.369534 0.008734 0.005228
0 0.461203 0.355038 0.008734 0.005228
0 0.482029 0.369534 0.008734 0.005228
0 0.482029 0.352662 0.008734 0.005228
0 0.503191 0.369534 0.008734 0.005228
0 0.503191 0.355038 0.008734 0.005228
0 0.555593 0.369534 0.008734 0.005228
0 0.555593 0.357414 0.008734 0.005228
0 0.577091 0.369534 0.008734 0.005228
0 0.577091 0.357414 0.008734 0.005228
0 0.598925 0.369534 0.008734 0.005228
0 0.598925 0.359791 0.008734 0.005228
0 0.620423 0.369534 0.008734 0.005228
0 0.620423 0.357414 0.008734 0.005228
0 0.642257 0.369534 0.008734 0.005228
0 0.642257 0.359791 0.008734 0.005228
0 0.685590 0.374525 0.008734 0.005228
0 0.685590 0.369534 0.008734 0.005228
0 0.685590 0.359791 0.008734 0.005228
0 0.707424 0.374525 0.008734 0.005228
0 0.707424 0.369534 0.008734 0.005228
0 0.707424 0.362405 0.008734 0.005228
0 0.744709 0.376901 0.008734 0.005228
0 0.744709 0.369534 0.008734 0.005228
0 0.744709 0.362405 0.008734 0.005228
0 0.768223 0.376901 0.008734 0.005228
0 0.768223 0.369534 0.008734 0.005228
0 0.768223 0.362405 0.008734 0.005228
0 0.791401 0.376901 0.008734 0.005228
0 0.791401 0.371911 0.008734 0.005228
0 0.791401 0.362405 0.008734 0.005228
0 0.838428 0.376901 0.008734 0.005228
0 0.838428 0.371911 0.008734 0.005228
0 0.838428 0.362405 0.008734 0.005228
0 0.861942 0.376901 0.008734 0.005228
0 0.861942 0.371911 0.008734 0.005228
0 0.861942 0.364781 0.008734 0.005228
0 0.908633 0.376901 0.008734 0.005228
0 0.908633 0.371911 0.008734 0.005228
0 0.908633 0.362405 0.008734 0.005228
0 0.932146 0.376901 0.008734 0.005228
0 0.932146 0.371911 0.008734 0.005228
0 0.932146 0.364781 0.008734 0.005228
0 0.156869 0.621198 0.008734 0.005228
0 0.156869 0.606702 0.008734 0.005228
0 0.187773 0.621198 0.008734 0.005228
0 0.187773 0.616445 0.008734 0.005228
0 0.218341 0.621198 0.008734 0.005228
0 0.218341 0.616445 0.008734 0.005228
0 0.218341 0.606702 0.008734 0.005228
0 0.249244 0.621198 0.008734 0.005228
0 0.249244 0.616445 0.008734 0.005228
0 0.249244 0.606702 0.008734 0.005228
0 0.279812 0.621198 0.008734 0.005228
0 0.279812 0.616445 0.008734 0.005228
0 0.279812 0.606702 0.008734 0.005228
0 0.311051 0.621198 0.008734 0.005228
0 0.311051 0.616445 0.008734 0.005228
0 0.341619 0.621198 0.008734 0.005228
0 0.341619 0.616445 0.008734 0.005228
0 0.341619 0.611692 0.008734 0.005228
0 0.378233 0.621198 0.008734 0.005228
0 0.378233 0.616445 0.008734 0.005228
0 0.378233 0.609078 0.008734 0.005228
0 0.446423 0.621198 0.008734 0.005228
0 0.446423 0.614068 0.008734 0.005228
0 0.471616 0.621198 0.008734 0.005228
0 0.471616 0.614068 0.008734 0.005228
0 0.496809 0.621198 0.008734 0.005228
0 0.496809 0.614068 0.008734 0.005228
0 0.496809 0.609078 0.008734 0.005228
0 0.522002 0.621198 0.008734 0.005228
0 0.522002 0.614068 0.008734 0.005228
0 0.522002 0.609078 0.008734 0.005228
0 0.547195 0.621198 0.008734 0.005228
0 0.547195 0.614068 0.008734 0.005228
0 0.547195 0.609078 0.008734 0.005228
0 0.597246 0.621198 0.008734 0.005228
0 0.597246 0.614068 0.008734 0.005228
0 0.629829 0.623812 0.008734 0.005228
0 0.629829 0.616445 0.008734 0.005228
0 0.629829 0.611692 0.008734 0.005228
0 0.707424 0.621198 0.008734 0.005228
0 0.707424 0.614068 0.008734 0.005228
0 0.707424 0.609078 0.008734 0.005228
0 0.746725 0.621198 0.008734 0.005228
0 0.746725 0.614068 0.008734 0.005228
0 0.746725 0.606702 0.008734 0.005228
0 0.806517 0.621198 0.008734 0.005228
0 0.806517 0.614068 0.008734 0.005228
0 0.806517 0.609078 0.008734 0.005228
0 0.836412 0.621198 0.008734 0.005228
0 0.836412 0.614068 0.008734 0.005228
0 0.836412 0.609078 0.008734 0.005228
0 0.895868 0.621198 0.008734 0.005228
0 0.895868 0.614068 0.008734 0.005228
0 0.903930 0.611692 0.008734 0.005228
0 0.925764 0.621198 0.008734 0.005228
0 0.925764 0.614068 0.008734 0.005228
0 0.925764 0.609078 0.008734 0.005228
0 0.140410 0.855038 0.008734 0.005228
0 0.140410 0.845295 0.008734 0.005228
0 0.148472 0.842918 0.008734 0.005228
0 0.171985 0.855038 0.008734 0.005228
0 0.171985 0.845295 0.008734 0.005228
0 0.180047 0.842918 0.008734 0.005228
0 0.203561 0.855038 0.008734 0.005228
0 0.203561 0.845295 0.008734 0.005228
0 0.211958 0.842918 0.008734 0.005228
0 0.267047 0.845295 0.008734 0.005228
0 0.267047 0.837928 0.008734 0.005228
0 0.267047 0.830798 0.008734 0.005228
0 0.298959 0.845295 0.008734 0.005228
0 0.298959 0.837928 0.008734 0.005228
0 0.298959 0.833175 0.008734 0.005228
0 0.367484 0.850048 0.008734 0.005228
0 0.367484 0.845295 0.008734 0.005228
0 0.367484 0.835551 0.008734 0.005228
0 0.401747 0.850048 0.008734 0.005228
0 0.401747 0.845295 0.008734 0.005228
0 0.401747 0.837928 0.008734 0.005228
0 0.470608 0.845295 0.008734 0.005228
0 0.470608 0.833175 0.008734 0.005228
0 0.491098 0.840304 0.008734 0.005228
0 0.511253 0.840304 0.008734 0.005228
0 0.511253 0.835551 0.008734 0.005228
0 0.531743 0.842918 0.008734 0.005228
0 0.531743 0.837928 0.008734 0.005228
0 0.551898 0.845295 0.008734 0.005228
0 0.551898 0.840304 0.008734 0.005228
0 0.572388 0.840304 0.008734 0.005228
0 0.572388 0.828184 0.008734 0.005228
0 0.592543 0.845295 0.008734 0.005228
0 0.592543 0.840304 0.008734 0.005228
0 0.613033 0.845295 0.008734 0.005228
0 0.613033 0.840304 0.008734 0.005228
0 0.663755 0.847671 0.008734 0.005228
0 0.663755 0.842918 0.008734 0.005228
0 0.695331 0.847671 0.008734 0.005228
0 0.695331 0.840304 0.008734 0.005228
0 0.726906 0.847671 0.008734 0.005228
0 0.726906 0.842918 0.008734 0.005228
0 0.758482 0.842918 0.008734 0.005228
0 0.758482 0.835551 0.008734 0.005228
0 0.790057 0.842918 0.008734 0.005228
0 0.790057 0.835551 0.008734 0.005228
0 0.821633 0.845295 0.008734 0.005228
0 0.821633 0.835551 0.008734 0.005228
0 0.853208 0.845295 0.008734 0.005228
0 0.853208 0.840304 0.008734 0.005228
0 0.892509 0.845295 0.008734 0.005228
0 0.892509 0.833175 0.008734 0.005228
0 0.924085 0.845295 0.008734 0.005228
0 0.924085 0.840304 0.008734 0.005228
0 0.853208 0.069867 0.008734 0.005228
0 0.886127 0.072243 0.008734 0.005228
0 0.311051 0.517586 0.008734 0.005228
0 0.341619 0.522576 0.008734 0.005228
0 0.668122 0.522576 0.008734 0.005228
0 0.707424 0.519962 0.008734 0.005228
0 0.235472 0.741683 0.008734 0.005228
0 0.267047 0.744059 0.008734 0.005228
0 0.663755 0.756179 0.008734 0.005228
0 0.695331 0.753802 0.008734 0.005228
0 0.851864 0.758555 0.006046 0.003565
0 0.924085 0.758555 0.008734 0.005228
0 0.130668 0.079610 0.008734 0.005228
0 0.160228 0.077234 0.008734 0.005228
0 0.189788 0.074620 0.008734 0.005228
0 0.219348 0.072243 0.008734 0.005228
0 0.308028 0.069867 0.008734 0.005228
0 0.489083 0.067490 0.009405 0.005228
0 0.656030 0.067490 0.008734 0.005228
0 0.754787 0.069867 0.008734 0.005228
0 0.853208 0.069867 0.008734 0.005228
0 0.886127 0.072243 0.008734 0.005228
0 0.922741 0.079610 0.008734 0.005228
0 0.122607 0.302994 0.008734 0.005228
0 0.187437 0.298004 0.009405 0.005228
0 0.334565 0.307747 0.008734 0.005228
0 0.126302 0.517586 0.008734 0.005228
0 0.218341 0.517586 0.008734 0.005228
0 0.311051 0.517586 0.008734 0.005228
0 0.341619 0.522576 0.008734 0.005228
0 0.378233 0.519962 0.008734 0.005228
0 0.421229 0.510456 0.008734 0.005228
0 0.496809 0.510456 0.008734 0.005228
0 0.547195 0.512833 0.008734 0.005228
0 0.572052 0.515209 0.008734 0.005228
0 0.629829 0.522576 0.008734 0.005228
0 0.668122 0.522576 0.008734 0.005228
0 0.707424 0.519962 0.008734 0.005228
0 0.746725 0.517586 0.008734 0.005228
0 0.776621 0.519962 0.008734 0.005228
0 0.865972 0.519962 0.008734 0.005228
0 0.925764 0.519962 0.008734 0.005228
0 0.140410 0.741683 0.008734 0.005228
0 0.235472 0.741683 0.008734 0.005228
0 0.267047 0.744059 0.008734 0.005228
0 0.298959 0.746435 0.008734 0.005228
0 0.330534 0.746435 0.008734 0.005228
0 0.367484 0.748812 0.008734 0.005228
0 0.401747 0.751426 0.008734 0.005228
0 0.450453 0.746435 0.008734 0.005228
0 0.511253 0.748812 0.008734 0.005228
0 0.613033 0.753802 0.008734 0.005228
0 0.663755 0.756179 0.008734 0.005228
0 0.695331 0.753802 0.008734 0.005228
0 0.726906 0.751426 0.008734 0.005228
0 0.758482 0.748812 0.008734 0.005228
0 0.853208 0.748812 0.008734 0.005228
0 0.892509 0.758555 0.008734 0.005228
0 0.924085 0.758555 0.008734 0.005228
