0 0.131340 0.205323 0.008734 0.004990
0 0.214646 0.188926 0.008734 0.004990
0 0.237487 0.196055 0.008734 0.004990
0 0.266711 0.212452 0.008734 0.004990
0 0.350017 0.191302 0.008734 0.004990
0 0.372859 0.196055 0.008734 0.004990
0 0.409809 0.205323 0.008734 0.004990
0 0.487403 0.188926 0.008734 0.004990
0 0.508902 0.193679 0.008734 0.004990
0 0.530400 0.212452 0.008734 0.004990
0 0.622103 0.191302 0.008734 0.004990
0 0.643601 0.196055 0.008734 0.004990
0 0.685590 0.198194 0.008734 0.004990
0 0.768895 0.186549 0.008734 0.004990
0 0.792073 0.191302 0.008734 0.004990
0 0.815250 0.214829 0.008734 0.004990
0 0.898892 0.188926 0.008734 0.004990
0 0.921733 0.198194 0.008734 0.004990
0 0.131340 0.436549 0.008734 0.004990
0 0.221364 0.415399 0.008734 0.004990
0 0.246221 0.420152 0.008734 0.004990
0 0.271078 0.420152 0.008734 0.004990
0 0.410480 0.446055 0.008734 0.004990
0 0.498824 0.427281 0.008734 0.004990
0 0.523346 0.436549 0.008734 0.004990
0 0.547867 0.446055 0.008734 0.004990
0 0.636211 0.427281 0.008734 0.004990
0 0.661068 0.436549 0.008734 0.004990
0 0.697010 0.446055 0.008734 0.004990
0 0.790729 0.424905 0.008734 0.004990
0 0.812899 0.436549 0.008734 0.004990
0 0.835069 0.446055 0.008734 0.004990
0 0.911320 0.424905 0.008734 0.004990
0 0.933490 0.436549 0.008734 0.004990
0 0.134028 0.662310 0.008734 0.004990
0 0.228082 0.638783 0.008734 0.004990
0 0.254283 0.650428 0.008734 0.004990
0 0.280484 0.662310 0.008734 0.004990
0 0.374538 0.643298 0.008734 0.004990
0 0.400739 0.652804 0.008734 0.004990
0 0.449446 0.662310 0.008734 0.004990
0 0.525697 0.641160 0.008734 0.004990
0 0.546859 0.652804 0.008734 0.004990
0 0.568021 0.662310 0.008734 0.004990
0 0.654686 0.641160 0.008734 0.004990
0 0.675848 0.652804 0.008734 0.004990
0 0.710783 0.667063 0.008734 0.004990
0 0.710783 0.650428 0.008734 0.004990
0 0.789721 0.634030 0.008734 0.004990
0 0.811555 0.641160 0.008734 0.004990
0 0.833389 0.650428 0.008734 0.004990
0 0.131340 0.901854 0.008734 0.004990
0 0.217669 0.875713 0.008734 0.004990
0 0.241518 0.880466 0.008734 0.004990
0 0.265368 0.885219 0.008734 0.004990
0 0.420894 0.894724 0.008734 0.004990
0 0.512932 0.878089 0.008734 0.004990
0 0.538462 0.887595 0.008734 0.004990
0 0.566006 0.911122 0.008734 0.004990
0 0.658045 0.878089 0.008734 0.004990
0 0.683574 0.894724 0.008734 0.004990
0 0.720860 0.904230 0.008734 0.004990
0 0.793080 0.882842 0.008734 0.004990
0 0.813235 0.894724 0.008734 0.004990
0 0.833389 0.920627 0.008734 0.004990
0 0.833389 0.904230 0.008734 0.004990
0 0.168290 0.158270 0.008734 0.004990
0 0.168290 0.151141 0.008734 0.004990
0 0.168290 0.146388 0.008734 0.004990
0 0.191468 0.163023 0.008734 0.004990
0 0.303661 0.158270 0.008734 0.004990
0 0.303661 0.153517 0.008734 0.004990
0 0.303661 0.148764 0.008734 0.004990
0 0.326839 0.165399 0.008734 0.004990
0 0.444407 0.155894 0.008734 0.004990
0 0.444407 0.151141 0.008734 0.004990
0 0.444407 0.146388 0.008734 0.004990
0 0.465905 0.160646 0.008734 0.004990
0 0.578771 0.158270 0.008734 0.004990
0 0.578771 0.153517 0.008734 0.004990
0 0.578771 0.148764 0.008734 0.004990
0 0.600269 0.165399 0.008734 0.004990
0 0.722539 0.153517 0.008734 0.004990
0 0.722539 0.148764 0.008734 0.004990
0 0.722539 0.144011 0.008734 0.004990
0 0.745717 0.160646 0.008734 0.004990
0 0.852536 0.155894 0.008734 0.004990
0 0.852536 0.146388 0.008734 0.004990
0 0.860262 0.144011 0.008734 0.004990
0 0.875714 0.160646 0.008734 0.004990
0 0.171313 0.382367 0.008734 0.004990
0 0.171313 0.377614 0.008734 0.004990
0 0.171313 0.372861 0.008734 0.004990
0 0.196171 0.389496 0.008734 0.004990
0 0.271078 0.382367 0.008734 0.004990
0 0.271078 0.365970 0.008734 0.004990
0 0.449782 0.391873 0.008734 0.004990
0 0.449782 0.384743 0.008734 0.004990
0 0.457508 0.382367 0.008734 0.004990
0 0.474303 0.396625 0.008734 0.004990
0 0.587168 0.394249 0.008734 0.004990
0 0.587168 0.384743 0.008734 0.004990
0 0.595230 0.382367 0.008734 0.004990
0 0.611690 0.399002 0.008734 0.004990
0 0.746389 0.391873 0.008734 0.004990
0 0.746389 0.387120 0.008734 0.004990
0 0.746389 0.382367 0.008734 0.004990
0 0.768559 0.399002 0.008734 0.004990
0 0.866980 0.391873 0.008734 0.004990
0 0.866980 0.387120 0.008734 0.004990
0 0.866980 0.382367 0.008734 0.004990
0 0.889150 0.399002 0.008734 0.004990
0 0.175680 0.608127 0.008734 0.004990
0 0.175680 0.600998 0.008734 0.004990
0 0.183742 0.598622 0.008734 0.004990
0 0.201881 0.612880 0.008734 0.004990
0 0.322472 0.610504 0.008734 0.004990
0 0.322472 0.600998 0.008734 0.004990
0 0.330198 0.598622 0.008734 0.004990
0 0.348337 0.615019 0.008734 0.004990
0 0.483373 0.608127 0.008734 0.004990
0 0.483373 0.603375 0.008734 0.004990
0 0.483373 0.598622 0.008734 0.004990
0 0.504535 0.615019 0.008734 0.004990
0 0.612361 0.608127 0.008734 0.004990
0 0.612361 0.603375 0.008734 0.004990
0 0.612361 0.598622 0.008734 0.004990
0 0.633524 0.615019 0.008734 0.004990
0 0.746053 0.603375 0.008734 0.004990
0 0.746053 0.598622 0.008734 0.004990
0 0.746053 0.591492 0.008734 0.004990
0 0.767887 0.608127 0.008734 0.004990
0 0.789721 0.608127 0.008734 0.004990
0 0.833389 0.608127 0.008734 0.004990
0 0.169634 0.842918 0.008734 0.004990
0 0.169634 0.838165 0.008734 0.004990
0 0.169634 0.833413 0.008734 0.004990
0 0.193819 0.849810 0.008734 0.004990
0 0.217669 0.849810 0.008734 0.004990
0 0.265368 0.849810 0.008734 0.004990
0 0.461874 0.845057 0.008734 0.004990
0 0.461874 0.840542 0.008734 0.004990
0 0.461874 0.833413 0.008734 0.004990
0 0.487403 0.849810 0.008734 0.004990
0 0.606651 0.842918 0.008734 0.004990
0 0.614713 0.840542 0.008734 0.004990
0 0.606651 0.835789 0.008734 0.004990
0 0.632516 0.852186 0.008734 0.004990
0 0.752771 0.845057 0.008734 0.004990
0 0.752771 0.840542 0.008734 0.004990
0 0.752771 0.833413 0.008734 0.004990
0 0.772926 0.849810 0.008734 0.004990
0 0.833389 0.833413 0.008734 0.004990
0 0.833389 0.816778 0.008734 0.004990
0 0.131340 0.068679 0.008734 0.004990
0 0.168290 0.068679 0.008734 0.004990
0 0.237487 0.073432 0.008734 0.004990
0 0.266711 0.071055 0.008734 0.004990
0 0.303661 0.071055 0.008734 0.004990
0 0.372859 0.080561 0.008734 0.004990
0 0.409809 0.068679 0.008734 0.004990
0 0.530400 0.071055 0.008734 0.004990
0 0.578771 0.075808 0.008734 0.004990
0 0.600269 0.073432 0.008734 0.004990
0 0.622103 0.075808 0.008734 0.004990
0 0.643601 0.073432 0.008734 0.004990
0 0.685590 0.071055 0.008734 0.004990
0 0.722539 0.071055 0.008734 0.004990
0 0.792073 0.075808 0.008734 0.004990
0 0.815250 0.073432 0.008734 0.004990
0 0.852536 0.073432 0.008734 0.004990
0 0.921733 0.082937 0.008734 0.004990
0 0.131340 0.295390 0.008734 0.004990
0 0.271078 0.295390 0.008734 0.004990
0 0.311051 0.295390 0.008734 0.004990
0 0.359758 0.295390 0.008734 0.004990
0 0.410480 0.295390 0.008734 0.004990
0 0.449782 0.302519 0.008734 0.004990
0 0.587168 0.302519 0.008734 0.004990
0 0.611690 0.300143 0.008734 0.004990
0 0.636211 0.297766 0.008734 0.004990
0 0.661068 0.300143 0.008734 0.004990
0 0.697010 0.302519 0.008734 0.004990
0 0.713470 0.300143 0.008734 0.004990
0 0.729929 0.302519 0.008734 0.004990
0 0.746389 0.304895 0.008734 0.004990
0 0.866980 0.312025 0.008734 0.004990
0 0.889150 0.304895 0.008734 0.004990
0 0.911320 0.300143 0.008734 0.004990
0 0.933490 0.295390 0.008734 0.004990
0 0.134028 0.521863 0.008734 0.004990
0 0.175680 0.521863 0.008734 0.004990
0 0.228082 0.521863 0.008734 0.004990
0 0.280484 0.519724 0.008734 0.004990
0 0.322472 0.519724 0.008734 0.004990
0 0.400739 0.519724 0.008734 0.004990
0 0.449446 0.524240 0.008734 0.004990
0 0.435673 0.519724 0.006046 0.003565
0 0.568021 0.524240 0.008734 0.004990
0 0.612361 0.536122 0.008734 0.004990
0 0.633524 0.533745 0.008734 0.004990
0 0.654686 0.528992 0.008734 0.004990
0 0.675848 0.524240 0.008734 0.004990
0 0.710783 0.517348 0.008734 0.004990
0 0.746053 0.533745 0.008734 0.004990
0 0.868324 0.536122 0.008734 0.004990
0 0.890158 0.533745 0.008734 0.004990
0 0.911992 0.528992 0.008734 0.004990
0 0.933826 0.524240 0.008734 0.004990
0 0.131340 0.735741 0.008734 0.004990
0 0.169634 0.738118 0.008734 0.004990
0 0.303661 0.752376 0.008734 0.004990
0 0.327847 0.750000 0.008734 0.004990
0 0.351696 0.747624 0.008734 0.004990
0 0.375546 0.745247 0.008734 0.004990
0 0.420894 0.738118 0.008734 0.004990
0 0.461874 0.740494 0.008734 0.004990
0 0.538462 0.745247 0.008734 0.004990
0 0.566006 0.740494 0.008734 0.004990
0 0.606651 0.742871 0.008734 0.004990
0 0.683574 0.747624 0.008734 0.004990
0 0.720860 0.750000 0.008734 0.004990
0 0.833389 0.750000 0.008734 0.004990
