0 0.239167 0.354800 0.014444 0.005703
0 0.440040 0.354800 0.014444 0.005703
0 0.242190 0.616920 0.010077 0.005703
0 0.717165 0.624762 0.014444 0.005703
0 0.518979 0.872624 0.010077 0.005703
0 0.239167 0.344344 0.010077 0.005703
0 0.332214 0.349572 0.010077 0.005703
0 0.440040 0.344344 0.010077 0.005703
0 0.528048 0.339116 0.009405 0.005703
0 0.631844 0.341730 0.009405 0.005703
0 0.690292 0.354800 0.010077 0.005703
0 0.690292 0.344344 0.010077 0.005703
0 0.809876 0.346958 0.010077 0.005703
0 0.809876 0.341730 0.010077 0.005703
0 0.155862 0.624762 0.010077 0.005703
0 0.155862 0.614306 0.010077 0.005703
0 0.241854 0.609078 0.009405 0.005703
0 0.320457 0.611692 0.009405 0.005703
0 0.410816 0.627376 0.010077 0.005703
0 0.410816 0.616920 0.010077 0.005703
0 0.554249 0.632605 0.010077 0.005703
0 0.554249 0.622148 0.010077 0.005703
0 0.717165 0.619534 0.009405 0.005703
0 0.773598 0.614306 0.009405 0.005703
0 0.829694 0.609078 0.009405 0.005703
0 0.920726 0.611692 0.009405 0.005703
0 0.148472 0.880466 0.010077 0.005703
0 0.148472 0.870010 0.010077 0.005703
0 0.281827 0.872624 0.010077 0.005703
0 0.281827 0.867395 0.010077 0.005703
0 0.420222 0.880466 0.010077 0.005703
0 0.420222 0.870010 0.010077 0.005703
0 0.518979 0.864781 0.009405 0.005703
0 0.585825 0.867395 0.009405 0.005703
0 0.675512 0.883080 0.010077 0.005703
0 0.675512 0.872624 0.010077 0.005703
0 0.799798 0.875238 0.010077 0.005703
0 0.799798 0.870010 0.010077 0.005703
0 0.239167 0.297529 0.010077 0.005703
0 0.332214 0.302757 0.010077 0.005703
0 0.440040 0.297529 0.010077 0.005703
0 0.528048 0.292300 0.009405 0.005703
0 0.631844 0.294914 0.009405 0.005703
0 0.690292 0.297529 0.010077 0.005703
0 0.809876 0.302757 0.010077 0.005703
0 0.155862 0.562975 0.010077 0.005703
0 0.241854 0.557747 0.009405 0.005703
0 0.359422 0.560361 0.009405 0.005703
0 0.410816 0.565589 0.010077 0.005703
0 0.554249 0.570817 0.010077 0.005703
0 0.717165 0.568203 0.009405 0.005703
0 0.773598 0.562975 0.009405 0.005703
0 0.829694 0.557747 0.009405 0.005703
0 0.920726 0.560361 0.009405 0.005703
0 0.148472 0.833413 0.010077 0.005703
0 0.281827 0.838641 0.010077 0.005703
0 0.420222 0.833413 0.010077 0.005703
0 0.518979 0.828184 0.009405 0.005703
0 0.619416 0.830798 0.009405 0.005703
0 0.675512 0.836027 0.010077 0.005703
0 0.799798 0.841255 0.010077 0.005703
0 0.591871 0.240019 0.009405 0.005703
0 0.690292 0.229563 0.009405 0.005703
0 0.769231 0.229563 0.009405 0.005703
0 0.809876 0.232177 0.009405 0.005703
0 0.850521 0.234791 0.009405 0.005703
0 0.890830 0.232177 0.009405 0.005703
0 0.155862 0.489781 0.010077 0.005703
0 0.241854 0.500238 0.009405 0.005703
0 0.320457 0.500238 0.009405 0.005703
0 0.410816 0.497624 0.009405 0.005703
0 0.450789 0.495010 0.009405 0.005703
0 0.490427 0.492395 0.009405 0.005703
0 0.554249 0.497624 0.009405 0.005703
0 0.593886 0.500238 0.009405 0.005703
0 0.633524 0.502852 0.009405 0.005703
0 0.717501 0.500238 0.010077 0.005703
0 0.885791 0.500238 0.009405 0.005703
0 0.148472 0.759506 0.009405 0.005703
0 0.200873 0.759506 0.009405 0.005703
0 0.228082 0.759506 0.009405 0.005703
0 0.254955 0.759506 0.009405 0.005703
0 0.281827 0.762120 0.009405 0.005703
0 0.318105 0.759506 0.009405 0.005703
0 0.354384 0.756892 0.009405 0.005703
0 0.420222 0.759506 0.009405 0.005703
0 0.485388 0.762120 0.009405 0.005703
0 0.518979 0.764734 0.009405 0.005703
0 0.552234 0.767348 0.009405 0.005703
0 0.585825 0.769962 0.009405 0.005703
0 0.675176 0.767348 0.009405 0.005703
0 0.709775 0.764734 0.009405 0.005703
0 0.744374 0.762120 0.009405 0.005703
0 0.799798 0.764734 0.009405 0.005703
0 0.834397 0.767348 0.009405 0.005703
0 0.868660 0.769962 0.009405 0.005703
0 0.903258 0.772576 0.009405 0.005703
