0 0.121263 0.182747 0.009405 0.005228
0 0.210279 0.182747 0.008734 0.005228
0 0.325160 0.187500 0.009405 0.005228
0 0.435002 0.197243 0.008734 0.005228
0 0.489755 0.189876 0.008734 0.005228
0 0.560296 0.199620 0.009405 0.005228
0 0.560296 0.189876 0.009405 0.005228
0 0.654014 0.199620 0.008734 0.005228
0 0.654014 0.189876 0.008734 0.005228
0 0.761841 0.199620 0.009405 0.005228
0 0.761841 0.182747 0.009405 0.005228
0 0.855895 0.199620 0.008734 0.005228
0 0.855895 0.182747 0.008734 0.005228
0 0.130333 0.396388 0.009405 0.005228
0 0.130333 0.386644 0.009405 0.005228
0 0.130333 0.381654 0.009405 0.005228
0 0.300302 0.405894 0.009405 0.005228
0 0.300302 0.396388 0.009405 0.005228
0 0.300302 0.389021 0.009405 0.005228
0 0.417870 0.405894 0.009405 0.005228
0 0.417870 0.396388 0.009405 0.005228
0 0.417870 0.389021 0.009405 0.005228
0 0.548875 0.405894 0.009405 0.005228
0 0.548875 0.396388 0.009405 0.005228
0 0.548875 0.389021 0.009405 0.005228
0 0.645280 0.398764 0.008734 0.005228
0 0.645280 0.389021 0.008734 0.005228
0 0.693315 0.398764 0.008734 0.005228
0 0.693315 0.386644 0.008734 0.005228
0 0.752099 0.396388 0.009405 0.005228
0 0.752099 0.384268 0.009405 0.005228
0 0.853880 0.396388 0.009405 0.005228
0 0.123950 0.670865 0.009405 0.005228
0 0.123950 0.653755 0.009405 0.005228
0 0.224387 0.663498 0.008734 0.005228
0 0.224387 0.646625 0.008734 0.005228
0 0.274437 0.663498 0.008734 0.005228
0 0.274437 0.653755 0.008734 0.005228
0 0.340947 0.663498 0.009405 0.005228
0 0.340947 0.653755 0.009405 0.005228
0 0.340947 0.646625 0.009405 0.005228
0 0.433994 0.663498 0.009405 0.005228
0 0.433994 0.653755 0.009405 0.005228
0 0.433994 0.646625 0.009405 0.005228
0 0.545516 0.663498 0.008734 0.005228
0 0.545516 0.653755 0.008734 0.005228
0 0.545516 0.646625 0.008734 0.005228
0 0.591535 0.658745 0.008734 0.005228
0 0.591535 0.646625 0.008734 0.005228
0 0.637219 0.656131 0.008734 0.005228
0 0.637219 0.646625 0.008734 0.005228
0 0.683238 0.656131 0.008734 0.005228
0 0.683238 0.644011 0.008734 0.005228
0 0.750420 0.653755 0.013436 0.005228
0 0.750420 0.641635 0.013436 0.005228
0 0.123614 0.891397 0.008734 0.005228
0 0.123614 0.879278 0.008734 0.005228
0 0.349681 0.908270 0.009405 0.005228
0 0.349681 0.891397 0.009405 0.005228
0 0.412496 0.908270 0.009405 0.005228
0 0.412496 0.891397 0.009405 0.005228
0 0.492778 0.901141 0.009405 0.005228
0 0.492778 0.891397 0.009405 0.005228
0 0.492778 0.884030 0.009405 0.005228
0 0.577763 0.901141 0.008734 0.005228
0 0.577763 0.891397 0.008734 0.005228
0 0.577763 0.884030 0.008734 0.005228
0 0.684246 0.871911 0.008734 0.005228
0 0.705744 0.874287 0.008734 0.005228
0 0.727242 0.879278 0.008734 0.005228
0 0.770238 0.889021 0.008734 0.005228
0 0.791737 0.891397 0.008734 0.005228
0 0.813235 0.896150 0.008734 0.005228
0 0.845482 0.901141 0.009405 0.005228
0 0.845482 0.884030 0.009405 0.005228
0 0.146120 0.146150 0.008734 0.005228
0 0.146120 0.138783 0.008734 0.005228
0 0.146120 0.134030 0.008734 0.005228
0 0.185422 0.146150 0.008734 0.005228
0 0.185422 0.138783 0.008734 0.005228
0 0.185422 0.134030 0.008734 0.005228
0 0.235136 0.146150 0.008734 0.005228
0 0.235136 0.138783 0.008734 0.005228
0 0.235136 0.134030 0.008734 0.005228
0 0.259657 0.143536 0.008734 0.005228
0 0.259657 0.138783 0.008734 0.005228
0 0.259657 0.131416 0.008734 0.005228
0 0.284515 0.146150 0.008734 0.005228
0 0.284515 0.138783 0.008734 0.005228
0 0.284515 0.134030 0.008734 0.005228
0 0.352704 0.148527 0.008734 0.005228
0 0.352704 0.138783 0.008734 0.005228
0 0.360766 0.136407 0.008734 0.005228
0 0.407457 0.148527 0.008734 0.005228
0 0.407457 0.138783 0.008734 0.005228
0 0.415519 0.136407 0.008734 0.005228
0 0.462210 0.148527 0.008734 0.005228
0 0.462210 0.143536 0.008734 0.005228
0 0.462210 0.138783 0.008734 0.005228
0 0.517299 0.148527 0.008734 0.005228
0 0.525361 0.146150 0.008734 0.005228
0 0.517299 0.141160 0.008734 0.005228
0 0.559960 0.150903 0.008734 0.005228
0 0.559960 0.138783 0.008734 0.005228
0 0.583473 0.146150 0.008734 0.005228
0 0.606987 0.150903 0.008734 0.005228
0 0.606987 0.138783 0.008734 0.005228
0 0.630501 0.146150 0.008734 0.005228
0 0.654014 0.150903 0.008734 0.005228
0 0.654014 0.138783 0.008734 0.005228
0 0.677192 0.146150 0.008734 0.005228
0 0.700705 0.150903 0.008734 0.005228
0 0.700705 0.138783 0.008734 0.005228
0 0.725227 0.146150 0.008734 0.005228
0 0.761841 0.150903 0.008734 0.005228
0 0.761841 0.138783 0.008734 0.005228
0 0.785354 0.146150 0.008734 0.005228
0 0.808868 0.150903 0.008734 0.005228
0 0.808868 0.138783 0.008734 0.005228
0 0.832382 0.146150 0.008734 0.005228
0 0.855895 0.150903 0.008734 0.005228
0 0.855895 0.138783 0.008734 0.005228
0 0.879409 0.146150 0.008734 0.005228
0 0.902922 0.150903 0.008734 0.005228
0 0.902922 0.138783 0.008734 0.005228
0 0.930131 0.146150 0.008734 0.005228
0 0.130333 0.357414 0.009405 0.005228
0 0.130333 0.352662 0.009405 0.005228
0 0.130333 0.342918 0.009405 0.005228
0 0.300302 0.350285 0.008734 0.005228
0 0.300302 0.345295 0.008734 0.005228
0 0.329526 0.357414 0.008734 0.005228
0 0.359086 0.350285 0.008734 0.005228
0 0.359086 0.345295 0.008734 0.005228
0 0.359086 0.340542 0.008734 0.005228
0 0.388310 0.357414 0.008734 0.005228
0 0.417870 0.352662 0.008734 0.005228
0 0.417870 0.342918 0.008734 0.005228
0 0.425932 0.340542 0.008734 0.005228
0 0.447094 0.357414 0.008734 0.005228
0 0.476318 0.352662 0.008734 0.005228
0 0.476318 0.342918 0.008734 0.005228
0 0.484716 0.340542 0.008734 0.005228
0 0.505878 0.357414 0.008734 0.005228
0 0.548875 0.350285 0.008734 0.005228
0 0.548875 0.345295 0.008734 0.005228
0 0.548875 0.340542 0.008734 0.005228
0 0.572724 0.357414 0.008734 0.005228
0 0.596910 0.350285 0.008734 0.005228
0 0.596910 0.340542 0.008734 0.005228
0 0.621095 0.352662 0.008734 0.005228
0 0.645280 0.350285 0.008734 0.005228
0 0.645280 0.338165 0.008734 0.005228
0 0.669130 0.355038 0.008734 0.005228
0 0.693315 0.350285 0.008734 0.005228
0 0.693315 0.338165 0.008734 0.005228
0 0.717501 0.355038 0.008734 0.005228
0 0.752099 0.350285 0.008734 0.005228
0 0.752099 0.340542 0.008734 0.005228
0 0.777628 0.357414 0.008734 0.005228
0 0.803158 0.350285 0.008734 0.005228
0 0.803158 0.340542 0.008734 0.005228
0 0.828351 0.357414 0.008734 0.005228
0 0.853880 0.350285 0.008734 0.005228
0 0.853880 0.342918 0.008734 0.005228
0 0.879409 0.355038 0.008734 0.005228
0 0.904602 0.350285 0.008734 0.005228
0 0.904602 0.345295 0.008734 0.005228
0 0.930131 0.357414 0.008734 0.005228
0 0.123950 0.608840 0.008734 0.005228
0 0.123950 0.596721 0.008734 0.005228
0 0.149143 0.611454 0.008734 0.005228
0 0.174001 0.606464 0.008734 0.005228
0 0.174001 0.596721 0.008734 0.005228
0 0.199194 0.611454 0.008734 0.005228
0 0.224387 0.604087 0.008734 0.005228
0 0.224387 0.599335 0.008734 0.005228
0 0.249244 0.611454 0.008734 0.005228
0 0.274437 0.606464 0.008734 0.005228
0 0.274437 0.596721 0.008734 0.005228
0 0.282499 0.594344 0.008734 0.005228
0 0.305677 0.611454 0.008734 0.005228
0 0.340611 0.604087 0.008734 0.005228
0 0.340611 0.599335 0.008734 0.005228
0 0.340611 0.594344 0.008734 0.005228
0 0.364125 0.611454 0.008734 0.005228
0 0.387303 0.604087 0.008734 0.005228
0 0.387303 0.599335 0.008734 0.005228
0 0.387303 0.594344 0.008734 0.005228
0 0.410816 0.611454 0.008734 0.005228
0 0.433994 0.606464 0.008734 0.005228
0 0.433994 0.596721 0.008734 0.005228
0 0.442056 0.594344 0.008734 0.005228
0 0.457508 0.611454 0.008734 0.005228
0 0.480685 0.606464 0.008734 0.005228
0 0.480685 0.596721 0.008734 0.005228
0 0.488747 0.594344 0.008734 0.005228
0 0.504199 0.611454 0.008734 0.005228
0 0.545516 0.604087 0.008734 0.005228
0 0.545516 0.599335 0.008734 0.005228
0 0.545516 0.594344 0.008734 0.005228
0 0.568357 0.611454 0.008734 0.005228
0 0.591535 0.604087 0.008734 0.005228
0 0.591535 0.594344 0.008734 0.005228
0 0.614377 0.606464 0.008734 0.005228
0 0.637219 0.604087 0.008734 0.005228
0 0.637219 0.591968 0.008734 0.005228
0 0.660396 0.608840 0.008734 0.005228
0 0.683238 0.604087 0.008734 0.005228
0 0.683238 0.591968 0.008734 0.005228
0 0.706416 0.608840 0.008734 0.005228
0 0.750420 0.611454 0.013436 0.005228
0 0.750420 0.604087 0.013436 0.005228
0 0.750420 0.594344 0.013436 0.005228
0 0.123614 0.852662 0.008734 0.005228
0 0.123614 0.845295 0.008734 0.005228
0 0.123614 0.835551 0.008734 0.005228
0 0.209943 0.857414 0.008734 0.005228
0 0.209943 0.852662 0.008734 0.005228
0 0.209943 0.845295 0.008734 0.005228
0 0.239839 0.852662 0.008734 0.005228
0 0.239839 0.847671 0.008734 0.005228
0 0.239839 0.837928 0.008734 0.005228
0 0.285858 0.852662 0.008734 0.005228
0 0.285858 0.845295 0.008734 0.005228
0 0.285858 0.840304 0.008734 0.005228
0 0.349681 0.855038 0.009405 0.005228
0 0.358415 0.852662 0.009405 0.005228
0 0.349681 0.845295 0.009405 0.005228
0 0.358415 0.842918 0.009405 0.005228
0 0.412496 0.855038 0.009405 0.005228
0 0.421229 0.852662 0.009405 0.005228
0 0.412496 0.847671 0.009405 0.005228
0 0.412496 0.842918 0.009405 0.005228
0 0.492442 0.857414 0.008734 0.005228
0 0.492442 0.852662 0.008734 0.005228
0 0.492442 0.845295 0.008734 0.005228
0 0.513940 0.852662 0.008734 0.005228
0 0.535102 0.845295 0.008734 0.005228
0 0.556601 0.840304 0.008734 0.005228
0 0.577763 0.833175 0.008734 0.005228
0 0.612026 0.835551 0.008734 0.005228
0 0.633188 0.840304 0.008734 0.005228
0 0.662748 0.845295 0.009405 0.005228
0 0.748740 0.862167 0.009405 0.005228
0 0.748740 0.857414 0.009405 0.005228
0 0.748740 0.852662 0.009405 0.005228
0 0.748740 0.845295 0.009405 0.005228
0 0.845482 0.857414 0.009405 0.005228
0 0.845482 0.852662 0.009405 0.005228
0 0.845482 0.845295 0.009405 0.005228
0 0.121263 0.069867 0.009405 0.005228
0 0.210279 0.074620 0.008734 0.005228
0 0.259657 0.072243 0.008734 0.005228
0 0.284515 0.074620 0.008734 0.005228
0 0.325160 0.077234 0.008734 0.005228
0 0.379913 0.079610 0.008734 0.005228
0 0.407457 0.081987 0.008734 0.005228
0 0.435002 0.084363 0.008734 0.005228
0 0.489755 0.081987 0.008734 0.005228
0 0.560296 0.079610 0.009405 0.005228
0 0.700705 0.079610 0.008734 0.005228
0 0.725227 0.079610 0.008734 0.005228
0 0.761841 0.074620 0.009405 0.005228
0 0.902922 0.074620 0.008734 0.005228
0 0.930131 0.074620 0.008734 0.005228
0 0.130333 0.262357 0.009405 0.005228
0 0.231777 0.267348 0.008734 0.005228
0 0.258650 0.267348 0.008734 0.005228
0 0.300302 0.259981 0.008734 0.005228
0 0.359086 0.262357 0.008734 0.005228
0 0.388310 0.259981 0.008734 0.005228
0 0.417870 0.267348 0.008734 0.005228
0 0.476318 0.269724 0.008734 0.005228
0 0.505878 0.267348 0.008734 0.005228
0 0.548875 0.272101 0.008734 0.005228
0 0.596910 0.274477 0.008734 0.005228
0 0.621095 0.272101 0.008734 0.005228
0 0.645280 0.276854 0.008734 0.005228
0 0.693315 0.281844 0.008734 0.005228
0 0.752099 0.284221 0.008734 0.005228
0 0.803158 0.276854 0.008734 0.005228
0 0.828351 0.272101 0.008734 0.005228
0 0.853880 0.264734 0.008734 0.005228
0 0.904602 0.267348 0.008734 0.005228
0 0.123950 0.533983 0.009405 0.005228
0 0.224387 0.536359 0.008734 0.005228
0 0.274437 0.531606 0.008734 0.005228
0 0.305677 0.531606 0.008734 0.005228
0 0.340611 0.521863 0.008734 0.005228
0 0.364125 0.524240 0.008734 0.005228
0 0.387303 0.526854 0.008734 0.005228
0 0.410816 0.524240 0.008734 0.005228
0 0.433994 0.531606 0.008734 0.005228
0 0.480685 0.533983 0.008734 0.005228
0 0.504199 0.531606 0.008734 0.005228
0 0.545516 0.536359 0.008734 0.005228
0 0.591535 0.538973 0.008734 0.005228
0 0.614377 0.536359 0.008734 0.005228
0 0.637219 0.541350 0.008734 0.005228
0 0.683238 0.529230 0.008734 0.005228
0 0.750420 0.531606 0.008734 0.005228
0 0.800470 0.529230 0.008734 0.005228
0 0.831710 0.526854 0.008734 0.005228
0 0.863285 0.524240 0.008734 0.005228
0 0.924085 0.526854 0.008734 0.005228
0 0.123614 0.778992 0.008734 0.005228
0 0.152503 0.781606 0.008734 0.005228
0 0.181391 0.793726 0.008734 0.005228
0 0.209943 0.791112 0.008734 0.005228
0 0.239839 0.783983 0.008734 0.005228
0 0.285858 0.786359 0.008734 0.005228
0 0.349681 0.788736 0.013436 0.005228
0 0.492778 0.791112 0.009405 0.005228
0 0.749076 0.466492 0.006046 0.003565
0 0.799127 0.469819 0.006046 0.003565
0 0.830366 0.473146 0.006046 0.003565
0 0.861942 0.478375 0.006046 0.003565
0 0.922741 0.476711 0.006046 0.003565
0 0.122271 0.732414 0.006046 0.003565
0 0.151159 0.730751 0.006046 0.003565
0 0.180047 0.729087 0.006046 0.003565
0 0.208599 0.730751 0.006046 0.003565
0 0.238495 0.725523 0.006046 0.003565
0 0.284515 0.727424 0.006046 0.003565
0 0.348337 0.729087 0.009405 0.003565
0 0.491098 0.730751 0.006382 0.003565
