0 0.110850 0.419677 0.008062 0.004753
0 0.110850 0.408270 0.008062 0.004753
0 0.155526 0.435361 0.008734 0.004753
0 0.191468 0.424192 0.008734 0.004753
0 0.250924 0.435361 0.008734 0.004753
0 0.343299 0.424192 0.008734 0.004753
0 0.449110 0.435361 0.008734 0.004753
0 0.525025 0.424192 0.008734 0.004753
0 0.597246 0.435361 0.008062 0.004753
0 0.597246 0.424192 0.008062 0.004753
0 0.791737 0.433222 0.008062 0.004753
0 0.791737 0.419677 0.008062 0.004753
0 0.863957 0.437738 0.008734 0.004753
0 0.863957 0.428707 0.008734 0.004753
0 0.906617 0.437738 0.008062 0.004753
0 0.906617 0.428707 0.008062 0.004753
0 0.162580 0.660884 0.008734 0.004753
0 0.162580 0.651854 0.008734 0.004753
0 0.235808 0.660884 0.008062 0.004753
0 0.235808 0.651854 0.008062 0.004753
0 0.369835 0.658745 0.008062 0.004753
0 0.392005 0.651854 0.008062 0.004753
0 0.414175 0.647338 0.008062 0.004753
0 0.436345 0.638308 0.008062 0.004753
0 0.458179 0.647338 0.008062 0.004753
0 0.480349 0.651854 0.008062 0.004753
0 0.502519 0.658745 0.008062 0.004753
0 0.524689 0.651854 0.008062 0.004753
0 0.552234 0.647338 0.008062 0.004753
0 0.574404 0.638308 0.008062 0.004753
0 0.596574 0.647338 0.008062 0.004753
0 0.624118 0.651854 0.008062 0.004753
0 0.659053 0.658745 0.008062 0.004753
0 0.681895 0.651854 0.008062 0.004753
0 0.710447 0.647338 0.008062 0.004753
0 0.733289 0.638308 0.008062 0.004753
0 0.755794 0.647338 0.008062 0.004753
0 0.784347 0.651854 0.008062 0.004753
0 0.807188 0.658745 0.008062 0.004753
0 0.830030 0.651854 0.008062 0.004753
0 0.858582 0.647338 0.008062 0.004753
0 0.881088 0.638308 0.008062 0.004753
0 0.903930 0.647338 0.008062 0.004753
0 0.932482 0.651854 0.008062 0.004753
0 0.102788 0.898764 0.008062 0.004753
0 0.123278 0.889734 0.008062 0.004753
0 0.148808 0.882842 0.008062 0.004753
0 0.169298 0.878327 0.008062 0.004753
0 0.189788 0.882842 0.008062 0.004753
0 0.215317 0.889734 0.008062 0.004753
0 0.235808 0.898764 0.008062 0.004753
0 0.256298 0.889734 0.008062 0.004753
0 0.276789 0.882842 0.008062 0.004753
0 0.297279 0.878327 0.008062 0.004753
0 0.317770 0.882842 0.008062 0.004753
0 0.343299 0.889734 0.008062 0.004753
0 0.386631 0.898764 0.008062 0.004753
0 0.406114 0.889734 0.008062 0.004753
0 0.425596 0.882842 0.008062 0.004753
0 0.444743 0.878327 0.008062 0.004753
0 0.464226 0.882842 0.008062 0.004753
0 0.483708 0.889734 0.008062 0.004753
0 0.503191 0.898764 0.008062 0.004753
0 0.522338 0.889734 0.008062 0.004753
0 0.541821 0.882842 0.008062 0.004753
0 0.581458 0.898764 0.008734 0.004753
0 0.581458 0.889734 0.008734 0.004753
0 0.581458 0.878327 0.008734 0.004753
0 0.747061 0.898764 0.008734 0.004753
0 0.747061 0.889734 0.008734 0.004753
0 0.858582 0.898764 0.008734 0.004753
0 0.858582 0.889734 0.008734 0.004753
0 0.858582 0.878327 0.008734 0.004753
0 0.109842 0.165875 0.008062 0.004753
0 0.132012 0.158983 0.008062 0.004753
0 0.154518 0.154468 0.008062 0.004753
0 0.177024 0.125475 0.008062 0.004753
0 0.199194 0.123337 0.008062 0.004753
0 0.221700 0.114306 0.008062 0.004753
0 0.243870 0.165875 0.008062 0.004753
0 0.266376 0.158983 0.008062 0.004753
0 0.288546 0.154468 0.008062 0.004753
0 0.311051 0.125475 0.008062 0.004753
0 0.333221 0.123337 0.008062 0.004753
0 0.355727 0.114306 0.008062 0.004753
0 0.377897 0.165875 0.008062 0.004753
0 0.400403 0.158983 0.008062 0.004753
0 0.422573 0.154468 0.008062 0.004753
0 0.445079 0.125475 0.008062 0.004753
0 0.467249 0.123337 0.008062 0.004753
0 0.489755 0.114306 0.008062 0.004753
0 0.527712 0.165875 0.008062 0.004753
0 0.551562 0.156844 0.008062 0.004753
0 0.575411 0.152329 0.008062 0.004753
0 0.598925 0.125475 0.008062 0.004753
0 0.622775 0.120960 0.008062 0.004753
0 0.646624 0.111930 0.008062 0.004753
0 0.670474 0.165875 0.008062 0.004753
0 0.693987 0.158983 0.008062 0.004753
0 0.717837 0.154468 0.008062 0.004753
0 0.741686 0.125475 0.008062 0.004753
0 0.765200 0.123337 0.008062 0.004753
0 0.789049 0.114306 0.008062 0.004753
0 0.812899 0.165875 0.008062 0.004753
0 0.836412 0.158983 0.008062 0.004753
0 0.860262 0.154468 0.008062 0.004753
0 0.884112 0.125475 0.008062 0.004753
0 0.907961 0.123337 0.008062 0.004753
0 0.931475 0.114306 0.008062 0.004753
0 0.110850 0.363593 0.008062 0.004753
0 0.110850 0.354563 0.008062 0.004753
0 0.155526 0.381654 0.008734 0.004753
0 0.191468 0.379278 0.008734 0.004753
0 0.250924 0.381654 0.008734 0.004753
0 0.343299 0.379278 0.008734 0.004753
0 0.449110 0.381654 0.008734 0.004753
0 0.525025 0.379278 0.008734 0.004753
0 0.597246 0.381654 0.008062 0.004753
0 0.604971 0.379278 0.008062 0.004753
0 0.791737 0.379278 0.008062 0.004753
0 0.791737 0.365732 0.008062 0.004753
0 0.863957 0.383793 0.008734 0.004753
0 0.863957 0.377139 0.008734 0.004753
0 0.906617 0.383793 0.008062 0.004753
0 0.906617 0.377139 0.008062 0.004753
0 0.162580 0.622624 0.008734 0.004753
0 0.170642 0.620247 0.008734 0.004753
0 0.162580 0.611217 0.008734 0.004753
0 0.235808 0.622624 0.008062 0.004753
0 0.243534 0.620247 0.008062 0.004753
0 0.235808 0.611217 0.008062 0.004753
0 0.538462 0.615732 0.008062 0.004753
0 0.574404 0.611217 0.008062 0.004753
0 0.610346 0.606702 0.008062 0.004753
0 0.659053 0.602186 0.008062 0.004753
0 0.696003 0.611217 0.008062 0.004753
0 0.733289 0.606702 0.008062 0.004753
0 0.770238 0.602186 0.008062 0.004753
0 0.807188 0.597671 0.008062 0.004753
0 0.844138 0.606702 0.008062 0.004753
0 0.881088 0.602186 0.008062 0.004753
0 0.918374 0.597671 0.008062 0.004753
0 0.102788 0.841730 0.008062 0.004753
0 0.102788 0.826046 0.008062 0.004753
0 0.202553 0.846245 0.008062 0.004753
0 0.202553 0.830561 0.008062 0.004753
0 0.235808 0.841730 0.008062 0.004753
0 0.235808 0.826046 0.008062 0.004753
0 0.330534 0.846245 0.008062 0.004753
0 0.330534 0.830561 0.008062 0.004753
0 0.386631 0.841730 0.008734 0.004753
0 0.386631 0.826046 0.008734 0.004753
0 0.503191 0.846245 0.008062 0.004753
0 0.503191 0.830561 0.008062 0.004753
0 0.581458 0.839591 0.008734 0.004753
0 0.581458 0.823669 0.008734 0.004753
0 0.747061 0.848622 0.008734 0.004753
0 0.747061 0.841730 0.008734 0.004753
0 0.747061 0.837215 0.008734 0.004753
0 0.747061 0.830561 0.008734 0.004753
0 0.858582 0.839591 0.008734 0.004753
0 0.858582 0.823669 0.008734 0.004753
0 0.109842 0.069629 0.008062 0.004753
0 0.243870 0.074144 0.008062 0.004753
0 0.377897 0.074144 0.008062 0.004753
0 0.422573 0.069629 0.008062 0.004753
0 0.467249 0.074144 0.008062 0.004753
0 0.527712 0.076283 0.008062 0.004753
0 0.670474 0.074144 0.008734 0.004753
0 0.110850 0.298717 0.008734 0.004753
0 0.191468 0.318916 0.008062 0.004753
0 0.214646 0.316778 0.008062 0.004753
0 0.250924 0.314401 0.008062 0.004753
0 0.281491 0.312262 0.008062 0.004753
0 0.312395 0.309886 0.008062 0.004753
0 0.342963 0.307747 0.008062 0.004753
0 0.373866 0.305371 0.008062 0.004753
0 0.404434 0.309886 0.008062 0.004753
0 0.449110 0.303232 0.008062 0.004753
0 0.476990 0.303232 0.008062 0.004753
0 0.501176 0.309886 0.008734 0.004753
0 0.597246 0.309886 0.008062 0.004753
0 0.671481 0.318916 0.008062 0.004753
0 0.700369 0.314401 0.008062 0.004753
0 0.728250 0.309886 0.008062 0.004753
0 0.791737 0.305371 0.008062 0.004753
0 0.831374 0.305371 0.008062 0.004753
0 0.863957 0.316778 0.008734 0.004753
0 0.906617 0.316778 0.008062 0.004753
0 0.103124 0.559411 0.008062 0.004753
0 0.162580 0.563926 0.008734 0.004753
0 0.235808 0.568441 0.008062 0.004753
0 0.273094 0.563926 0.008062 0.004753
0 0.319785 0.559411 0.008062 0.004753
0 0.369835 0.554895 0.012429 0.004753
0 0.659053 0.554895 0.012429 0.004753
0 0.102788 0.780418 0.008062 0.004753
0 0.503191 0.791587 0.008062 0.004753
0 0.581458 0.784933 0.008734 0.004753
0 0.669466 0.784933 0.008062 0.004753
0 0.747061 0.787072 0.008062 0.004753
0 0.820625 0.791587 0.008062 0.004753
0 0.858582 0.784933 0.008734 0.004753
