0 0.761169 0.203422 0.010413 0.005703
0 0.165603 0.426568 0.010413 0.005703
0 0.300638 0.432034 0.010413 0.005703
0 0.456836 0.429420 0.010413 0.005703
0 0.161572 0.195342 0.010413 0.005703
0 0.161572 0.189876 0.010413 0.005703
0 0.161572 0.184411 0.010413 0.005703
0 0.384279 0.200570 0.010413 0.005703
0 0.374874 0.189876 0.010413 0.005703
0 0.384279 0.187262 0.010413 0.005703
0 0.605643 0.197956 0.010413 0.005703
0 0.605643 0.192490 0.010413 0.005703
0 0.605643 0.187262 0.010413 0.005703
0 0.761169 0.189876 0.010413 0.005703
0 0.165603 0.415875 0.010413 0.005703
0 0.300638 0.410409 0.009741 0.005703
0 0.368156 0.413260 0.009741 0.005703
0 0.456836 0.415875 0.010413 0.005703
0 0.697010 0.448194 0.010413 0.005703
0 0.697010 0.437500 0.010413 0.005703
0 0.158885 0.666112 0.009741 0.005703
0 0.158885 0.660646 0.009741 0.005703
0 0.190796 0.655418 0.009741 0.005703
0 0.223043 0.647338 0.009741 0.005703
0 0.254955 0.617633 0.009741 0.005703
0 0.287202 0.612167 0.009741 0.005703
0 0.319113 0.604087 0.009741 0.005703
0 0.351360 0.666112 0.009741 0.005703
0 0.351360 0.660646 0.009741 0.005703
0 0.383272 0.655418 0.009741 0.005703
0 0.415519 0.647338 0.009741 0.005703
0 0.447430 0.617633 0.009741 0.005703
0 0.479678 0.612167 0.009741 0.005703
0 0.511589 0.604087 0.009741 0.005703
0 0.554249 0.666112 0.009741 0.005703
0 0.554249 0.658032 0.009741 0.005703
0 0.587504 0.652567 0.009741 0.005703
0 0.621095 0.644487 0.009741 0.005703
0 0.654350 0.615019 0.009741 0.005703
0 0.687941 0.609553 0.009741 0.005703
0 0.721532 0.601473 0.009741 0.005703
0 0.754787 0.666112 0.009741 0.005703
0 0.754787 0.655418 0.009741 0.005703
0 0.788378 0.649952 0.009741 0.005703
0 0.821968 0.641873 0.009741 0.005703
0 0.855223 0.612167 0.009741 0.005703
0 0.888814 0.606939 0.009741 0.005703
0 0.922405 0.598859 0.009741 0.005703
0 0.158549 0.892110 0.009741 0.005703
0 0.158549 0.886644 0.009741 0.005703
0 0.190460 0.881416 0.009741 0.005703
0 0.222372 0.873337 0.009741 0.005703
0 0.254283 0.843631 0.009741 0.005703
0 0.286194 0.838165 0.009741 0.005703
0 0.318105 0.830086 0.009741 0.005703
0 0.350353 0.892110 0.009741 0.005703
0 0.350353 0.886644 0.009741 0.005703
0 0.382264 0.881416 0.009741 0.005703
0 0.414175 0.873337 0.009741 0.005703
0 0.446087 0.843631 0.009741 0.005703
0 0.477998 0.838165 0.009741 0.005703
0 0.509909 0.830086 0.009741 0.005703
0 0.552234 0.892110 0.009741 0.005703
0 0.552234 0.884030 0.009741 0.005703
0 0.585825 0.878565 0.009741 0.005703
0 0.619416 0.870485 0.009741 0.005703
0 0.653006 0.841017 0.009741 0.005703
0 0.686933 0.835551 0.009741 0.005703
0 0.720524 0.827471 0.009741 0.005703
0 0.754115 0.892110 0.009741 0.005703
0 0.754115 0.881416 0.009741 0.005703
0 0.787706 0.875951 0.009741 0.005703
0 0.821297 0.867871 0.009741 0.005703
0 0.854887 0.838165 0.009741 0.005703
0 0.888478 0.832700 0.009741 0.005703
0 0.922069 0.824620 0.009741 0.005703
0 0.761169 0.154943 0.010413 0.005703
0 0.761169 0.149477 0.010413 0.005703
0 0.174672 0.380941 0.009741 0.005703
0 0.233121 0.383555 0.010413 0.005703
0 0.456836 0.386169 0.010413 0.005703
0 0.161572 0.152091 0.010413 0.005703
0 0.161572 0.146863 0.010413 0.005703
0 0.161572 0.141397 0.010413 0.005703
0 0.161572 0.133317 0.010413 0.005703
0 0.384279 0.152091 0.010413 0.005703
0 0.374874 0.146863 0.010413 0.005703
0 0.384279 0.144011 0.010413 0.005703
0 0.384279 0.133317 0.010413 0.005703
0 0.605643 0.154943 0.010413 0.005703
0 0.605643 0.149477 0.010413 0.005703
0 0.605643 0.144011 0.010413 0.005703
0 0.605643 0.135932 0.010413 0.005703
0 0.761169 0.135932 0.010413 0.005703
0 0.165603 0.378089 0.010413 0.005703
0 0.165603 0.372861 0.010413 0.005703
0 0.300638 0.372861 0.009741 0.005703
0 0.368156 0.375475 0.009741 0.005703
0 0.456836 0.378089 0.010413 0.005703
0 0.697010 0.399715 0.010413 0.005703
0 0.697010 0.389021 0.010413 0.005703
0 0.697010 0.383555 0.010413 0.005703
0 0.161572 0.079373 0.009741 0.005703
0 0.273094 0.079373 0.009741 0.005703
0 0.384279 0.076521 0.009741 0.005703
0 0.519987 0.084601 0.009741 0.005703
0 0.605643 0.081987 0.010413 0.005703
0 0.233121 0.313451 0.009741 0.005703
0 0.300638 0.302757 0.009741 0.005703
0 0.368156 0.305371 0.009741 0.005703
0 0.456836 0.307985 0.010413 0.005703
0 0.619416 0.321530 0.009741 0.005703
0 0.697010 0.305371 0.009741 0.005703
0 0.761505 0.310837 0.009741 0.005703
0 0.826335 0.318916 0.009741 0.005703
0 0.891166 0.316302 0.009741 0.005703
0 0.158885 0.539449 0.010413 0.005703
