0 0.146456 0.231702 0.010413 0.005703
0 0.146456 0.212928 0.010413 0.005703
0 0.281827 0.234553 0.010413 0.005703
0 0.281827 0.215542 0.010413 0.005703
0 0.435673 0.239781 0.010413 0.005703
0 0.435673 0.221008 0.010413 0.005703
0 0.567350 0.242633 0.010413 0.005703
0 0.567350 0.223622 0.010413 0.005703
0 0.702385 0.218394 0.010413 0.005703
0 0.702385 0.199382 0.010413 0.005703
0 0.834397 0.221008 0.010413 0.005703
0 0.834397 0.202234 0.010413 0.005703
0 0.155190 0.452709 0.010413 0.005703
0 0.155190 0.433698 0.010413 0.005703
0 0.288210 0.455323 0.010413 0.005703
0 0.288210 0.436549 0.010413 0.005703
0 0.435338 0.447243 0.010413 0.005703
0 0.435338 0.428470 0.010413 0.005703
0 0.558952 0.447243 0.009741 0.005703
0 0.558952 0.428470 0.009741 0.005703
0 0.620759 0.452709 0.009741 0.005703
0 0.620759 0.433698 0.009741 0.005703
0 0.699026 0.460789 0.009741 0.005703
0 0.699026 0.441778 0.009741 0.005703
0 0.832718 0.428470 0.010413 0.005703
0 0.146120 0.640447 0.009741 0.005703
0 0.300302 0.667538 0.010413 0.005703
0 0.450453 0.659458 0.009741 0.005703
0 0.508902 0.678232 0.009741 0.005703
0 0.567350 0.659458 0.009741 0.005703
0 0.626134 0.640447 0.009741 0.005703
0 0.698018 0.629753 0.009741 0.005703
0 0.758482 0.632367 0.009741 0.005703
0 0.819281 0.634981 0.009741 0.005703
0 0.880081 0.640447 0.009741 0.005703
0 0.143433 0.867871 0.009741 0.005703
0 0.202553 0.870485 0.009741 0.005703
0 0.261673 0.873337 0.009741 0.005703
0 0.320793 0.875951 0.009741 0.005703
0 0.396036 0.908270 0.014780 0.005703
0 0.396036 0.889496 0.014780 0.005703
0 0.698018 0.900190 0.009741 0.005703
0 0.760497 0.889496 0.009741 0.005703
0 0.830702 0.870485 0.009741 0.005703
0 0.893181 0.889496 0.009741 0.005703
0 0.395700 0.846245 0.009741 0.005703
0 0.395700 0.838165 0.009741 0.005703
0 0.395700 0.832700 0.009741 0.005703
0 0.464226 0.819392 0.009741 0.005703
0 0.539133 0.816540 0.010413 0.005703
0 0.880081 0.601949 0.009741 0.005703
0 0.917702 0.604800 0.009741 0.005703
0 0.143769 0.838165 0.010413 0.005703
0 0.463890 0.824620 0.010413 0.005703
0 0.599261 0.827471 0.009741 0.005703
0 0.146456 0.167063 0.010413 0.005703
0 0.146456 0.150903 0.010413 0.005703
0 0.156198 0.148289 0.010413 0.005703
0 0.281827 0.167063 0.010413 0.005703
0 0.281827 0.153755 0.010413 0.005703
0 0.281827 0.148289 0.010413 0.005703
0 0.435673 0.167063 0.009741 0.005703
0 0.435673 0.153755 0.009741 0.005703
0 0.435673 0.148289 0.009741 0.005703
0 0.501512 0.164449 0.009741 0.005703
0 0.501512 0.145675 0.009741 0.005703
0 0.567350 0.161835 0.010413 0.005703
0 0.567350 0.156369 0.010413 0.005703
0 0.567350 0.142823 0.010413 0.005703
0 0.702385 0.169914 0.010413 0.005703
0 0.702385 0.156369 0.010413 0.005703
0 0.702385 0.150903 0.010413 0.005703
0 0.834397 0.169914 0.010413 0.005703
0 0.834397 0.153755 0.010413 0.005703
0 0.843802 0.150903 0.010413 0.005703
0 0.154854 0.398764 0.009741 0.005703
0 0.154854 0.385219 0.009741 0.005703
0 0.154854 0.379990 0.009741 0.005703
0 0.221700 0.396150 0.009741 0.005703
0 0.221700 0.377139 0.009741 0.005703
0 0.288210 0.393298 0.009741 0.005703
0 0.288210 0.388070 0.009741 0.005703
0 0.288210 0.374525 0.009741 0.005703
0 0.355055 0.396150 0.009741 0.005703
0 0.355055 0.377139 0.009741 0.005703
0 0.435338 0.398764 0.009741 0.005703
0 0.435338 0.385219 0.009741 0.005703
0 0.435338 0.379990 0.009741 0.005703
0 0.497145 0.404230 0.009741 0.005703
0 0.497145 0.385219 0.009741 0.005703
0 0.558952 0.398764 0.009741 0.005703
0 0.558952 0.385219 0.009741 0.005703
0 0.558952 0.379990 0.009741 0.005703
0 0.620759 0.396150 0.009741 0.005703
0 0.620759 0.377139 0.009741 0.005703
0 0.699026 0.393298 0.009741 0.005703
0 0.699026 0.388070 0.009741 0.005703
0 0.699026 0.374525 0.009741 0.005703
0 0.832718 0.393298 0.010413 0.005703
0 0.832718 0.388070 0.010413 0.005703
0 0.842123 0.385219 0.010413 0.005703
0 0.146120 0.615494 0.009741 0.005703
0 0.146120 0.610029 0.009741 0.005703
0 0.146120 0.604800 0.009741 0.005703
0 0.300302 0.607414 0.010413 0.005703
0 0.300302 0.599335 0.010413 0.005703
0 0.300302 0.593869 0.010413 0.005703
0 0.450453 0.610029 0.009741 0.005703
0 0.450453 0.604800 0.009741 0.005703
0 0.499832 0.593869 0.009741 0.005703
0 0.508902 0.591255 0.009741 0.005703
0 0.508902 0.580561 0.009741 0.005703
0 0.567350 0.599335 0.009741 0.005703
0 0.567350 0.593869 0.009741 0.005703
0 0.567350 0.585789 0.009741 0.005703
0 0.626134 0.601949 0.009741 0.005703
0 0.626134 0.596721 0.009741 0.005703
0 0.626134 0.588641 0.009741 0.005703
0 0.698018 0.599335 0.009741 0.005703
0 0.698018 0.591255 0.009741 0.005703
0 0.758482 0.599335 0.009741 0.005703
0 0.758482 0.593869 0.009741 0.005703
0 0.758482 0.585789 0.009741 0.005703
0 0.819281 0.599335 0.009741 0.005703
0 0.828351 0.596721 0.009741 0.005703
0 0.880081 0.596721 0.009741 0.005703
0 0.143433 0.819392 0.009741 0.005703
0 0.202553 0.822006 0.009741 0.005703
0 0.261673 0.824620 0.009741 0.005703
0 0.320793 0.838165 0.009741 0.005703
0 0.320793 0.827471 0.009741 0.005703
0 0.460195 0.813926 0.010413 0.005703
0 0.689285 0.816540 0.009741 0.005703
0 0.698018 0.813926 0.009741 0.005703
0 0.760497 0.819392 0.009741 0.005703
0 0.760497 0.805846 0.009741 0.005703
0 0.830702 0.838165 0.009741 0.005703
0 0.839772 0.835551 0.009741 0.005703
0 0.893181 0.841017 0.009741 0.005703
0 0.893181 0.827471 0.009741 0.005703
0 0.146456 0.081987 0.009741 0.005703
0 0.213974 0.081987 0.009741 0.005703
0 0.281491 0.092681 0.009741 0.005703
0 0.349345 0.087452 0.009741 0.005703
0 0.435673 0.081987 0.009741 0.005703
0 0.501512 0.079373 0.009741 0.005703
0 0.567350 0.076521 0.009741 0.005703
0 0.647632 0.084601 0.009741 0.005703
0 0.702385 0.084601 0.009741 0.005703
0 0.768223 0.084601 0.009741 0.005703
0 0.834397 0.084601 0.009741 0.005703
0 0.914679 0.084601 0.009741 0.005703
0 0.154854 0.315589 0.009741 0.005703
0 0.221700 0.312975 0.009741 0.005703
0 0.288210 0.310361 0.010413 0.005703
0 0.435338 0.310361 0.014780 0.005703
0 0.765872 0.323669 0.009741 0.005703
0 0.832718 0.310361 0.009741 0.005703
0 0.914007 0.310361 0.009741 0.005703
0 0.146120 0.540162 0.009741 0.005703
0 0.257642 0.540162 0.009741 0.005703
0 0.300302 0.529468 0.009741 0.005703
0 0.368828 0.529468 0.009741 0.005703
0 0.450453 0.540162 0.014780 0.005703
0 0.698018 0.540162 0.009741 0.005703
0 0.880081 0.532082 0.009741 0.005703
0 0.143433 0.744297 0.009741 0.005703
0 0.202553 0.746911 0.009741 0.005703
0 0.261673 0.749525 0.009741 0.005703
0 0.320793 0.752376 0.009741 0.005703
0 0.395700 0.757605 0.009741 0.005703
0 0.463890 0.760456 0.009741 0.005703
0 0.501512 0.763070 0.009741 0.005703
0 0.539133 0.760456 0.009741 0.005703
0 0.636883 0.757605 0.009741 0.005703
0 0.698354 0.771150 0.014780 0.005703
