0 0.189452 0.669439 0.009741 0.005703
0 0.174337 0.245960 0.009741 0.005703
0 0.174337 0.235266 0.009741 0.005703
0 0.174337 0.227186 0.009741 0.005703
0 0.227074 0.213641 0.009741 0.005703
0 0.253947 0.213641 0.009741 0.005703
0 0.296943 0.202947 0.009741 0.005703
0 0.349681 0.213641 0.009741 0.005703
0 0.376554 0.213641 0.009741 0.005703
0 0.433658 0.251426 0.009741 0.005703
0 0.433658 0.240494 0.009741 0.005703
0 0.433658 0.232414 0.009741 0.005703
0 0.493450 0.221721 0.009741 0.005703
0 0.524353 0.221721 0.009741 0.005703
0 0.573732 0.213641 0.009741 0.005703
0 0.633524 0.221721 0.009741 0.005703
0 0.664427 0.221721 0.009741 0.005703
0 0.727578 0.259506 0.009741 0.005703
0 0.727578 0.240494 0.009741 0.005703
0 0.809204 0.221721 0.009741 0.005703
0 0.809204 0.216255 0.009741 0.005703
0 0.809204 0.211027 0.009741 0.005703
0 0.844474 0.224335 0.009741 0.005703
0 0.853544 0.221721 0.009741 0.005703
0 0.853544 0.216255 0.009741 0.005703
0 0.853544 0.211027 0.009741 0.005703
0 0.926100 0.224335 0.009741 0.005703
0 0.935170 0.221721 0.009741 0.005703
0 0.935170 0.216255 0.009741 0.005703
0 0.935170 0.211027 0.009741 0.005703
0 0.182062 0.446055 0.009741 0.005703
0 0.182062 0.440589 0.009741 0.005703
0 0.182062 0.435124 0.009741 0.005703
0 0.182062 0.429658 0.009741 0.005703
0 0.250588 0.446055 0.009741 0.005703
0 0.250588 0.440589 0.009741 0.005703
0 0.250588 0.435124 0.009741 0.005703
0 0.250588 0.429658 0.009741 0.005703
0 0.287874 0.448669 0.009741 0.005703
0 0.287874 0.440589 0.009741 0.005703
0 0.287874 0.435124 0.009741 0.005703
0 0.287874 0.429658 0.009741 0.005703
0 0.362445 0.448669 0.009741 0.005703
0 0.362445 0.440589 0.009741 0.005703
0 0.362445 0.435124 0.009741 0.005703
0 0.362445 0.429658 0.009741 0.005703
0 0.421565 0.459363 0.009741 0.005703
0 0.421565 0.440589 0.009741 0.005703
0 0.469600 0.462215 0.009741 0.005703
0 0.469600 0.443203 0.009741 0.005703
0 0.494122 0.464829 0.009741 0.005703
0 0.494122 0.446055 0.009741 0.005703
0 0.533423 0.467443 0.009741 0.005703
0 0.533423 0.448669 0.009741 0.005703
0 0.572724 0.470295 0.009741 0.005703
0 0.572724 0.451283 0.009741 0.005703
0 0.612026 0.472909 0.009741 0.005703
0 0.612026 0.454135 0.009741 0.005703
0 0.665099 0.475523 0.009741 0.005703
0 0.665099 0.456749 0.009741 0.005703
0 0.797783 0.443203 0.009741 0.005703
0 0.788713 0.432510 0.009741 0.005703
0 0.797783 0.429658 0.009741 0.005703
0 0.189452 0.629040 0.009741 0.005703
0 0.189452 0.623574 0.009741 0.005703
0 0.189452 0.615494 0.009741 0.005703
0 0.238831 0.688213 0.009741 0.005703
0 0.264360 0.688213 0.009741 0.005703
0 0.415183 0.712452 0.009741 0.005703
0 0.415183 0.693679 0.009741 0.005703
0 0.511589 0.688213 0.009741 0.005703
0 0.511589 0.682747 0.009741 0.005703
0 0.511589 0.677519 0.009741 0.005703
0 0.555929 0.690827 0.009741 0.005703
0 0.564998 0.688213 0.009741 0.005703
0 0.555929 0.682747 0.009741 0.005703
0 0.555929 0.677519 0.009741 0.005703
0 0.637555 0.690827 0.009741 0.005703
0 0.646624 0.688213 0.009741 0.005703
0 0.637555 0.682747 0.009741 0.005703
0 0.637555 0.677519 0.009741 0.005703
0 0.708767 0.693679 0.009741 0.005703
0 0.708767 0.688213 0.009741 0.005703
0 0.708767 0.682747 0.009741 0.005703
0 0.708767 0.677519 0.009741 0.005703
0 0.793080 0.693679 0.009741 0.005703
0 0.793080 0.688213 0.009741 0.005703
0 0.793080 0.682747 0.009741 0.005703
0 0.793080 0.677519 0.009741 0.005703
0 0.838428 0.696293 0.009741 0.005703
0 0.838428 0.688213 0.009741 0.005703
0 0.838428 0.682747 0.009741 0.005703
0 0.838428 0.677519 0.009741 0.005703
0 0.929795 0.696293 0.009741 0.005703
0 0.929795 0.688213 0.009741 0.005703
0 0.929795 0.682747 0.009741 0.005703
0 0.929795 0.677519 0.009741 0.005703
0 0.174337 0.930371 0.009741 0.005703
0 0.174337 0.911597 0.009741 0.005703
0 0.214310 0.898051 0.009741 0.005703
0 0.214310 0.879278 0.009741 0.005703
0 0.234464 0.898051 0.009741 0.005703
0 0.234464 0.879278 0.009741 0.005703
0 0.267383 0.898051 0.009741 0.005703
0 0.267383 0.879278 0.009741 0.005703
0 0.307020 0.895437 0.009741 0.005703
0 0.307020 0.876663 0.009741 0.005703
0 0.327511 0.895437 0.009741 0.005703
0 0.327511 0.876663 0.009741 0.005703
0 0.373866 0.895437 0.009741 0.005703
0 0.373866 0.876663 0.009741 0.005703
0 0.425596 0.892823 0.009741 0.005703
0 0.425596 0.873812 0.009741 0.005703
0 0.445751 0.892823 0.009741 0.005703
0 0.445751 0.873812 0.009741 0.005703
0 0.477326 0.889971 0.009741 0.005703
0 0.477326 0.871198 0.009741 0.005703
0 0.509237 0.887357 0.009741 0.005703
0 0.509237 0.868584 0.009741 0.005703
0 0.541149 0.881892 0.009741 0.005703
0 0.541149 0.863118 0.009741 0.005703
0 0.590863 0.911597 0.009741 0.005703
0 0.590863 0.892823 0.009741 0.005703
0 0.652670 0.911597 0.009741 0.005703
0 0.652670 0.900903 0.009741 0.005703
0 0.652670 0.895437 0.009741 0.005703
0 0.661740 0.892823 0.009741 0.005703
0 0.714814 0.917063 0.009741 0.005703
0 0.714814 0.906131 0.009741 0.005703
0 0.723883 0.903517 0.009741 0.005703
0 0.714814 0.892823 0.009741 0.005703
0 0.807188 0.887357 0.009741 0.005703
0 0.807188 0.881892 0.009741 0.005703
0 0.807188 0.873812 0.009741 0.005703
0 0.807188 0.868584 0.009741 0.005703
0 0.855223 0.930371 0.009741 0.005703
0 0.855223 0.911597 0.009741 0.005703
0 0.873362 0.930371 0.009741 0.005703
0 0.873362 0.911597 0.009741 0.005703
0 0.174337 0.186549 0.009741 0.005703
0 0.183406 0.183935 0.009741 0.005703
0 0.174337 0.178470 0.009741 0.005703
0 0.174337 0.173241 0.009741 0.005703
0 0.227074 0.178470 0.009741 0.005703
0 0.227074 0.173241 0.009741 0.005703
0 0.227074 0.167776 0.009741 0.005703
0 0.253947 0.178470 0.009741 0.005703
0 0.253947 0.173241 0.009741 0.005703
0 0.253947 0.167776 0.009741 0.005703
0 0.296943 0.167776 0.009741 0.005703
0 0.306013 0.165162 0.009741 0.005703
0 0.296943 0.159696 0.009741 0.005703
0 0.349681 0.178470 0.009741 0.005703
0 0.349681 0.173241 0.009741 0.005703
0 0.349681 0.167776 0.009741 0.005703
0 0.376554 0.178470 0.009741 0.005703
0 0.376554 0.173241 0.009741 0.005703
0 0.376554 0.167776 0.009741 0.005703
0 0.433658 0.178470 0.009741 0.005703
0 0.433658 0.173241 0.009741 0.005703
0 0.433658 0.165162 0.009741 0.005703
0 0.493450 0.178470 0.009741 0.005703
0 0.493450 0.173241 0.009741 0.005703
0 0.502519 0.170390 0.009741 0.005703
0 0.524353 0.178470 0.009741 0.005703
0 0.524353 0.173241 0.009741 0.005703
0 0.533423 0.170390 0.009741 0.005703
0 0.573732 0.173241 0.009741 0.005703
0 0.582801 0.170390 0.009741 0.005703
0 0.573732 0.159696 0.009741 0.005703
0 0.633524 0.178470 0.009741 0.005703
0 0.633524 0.173241 0.009741 0.005703
0 0.642593 0.170390 0.009741 0.005703
0 0.664427 0.178470 0.009741 0.005703
0 0.664427 0.173241 0.009741 0.005703
0 0.673497 0.170390 0.009741 0.005703
0 0.781659 0.178470 0.009741 0.005703
0 0.781659 0.167776 0.009741 0.005703
0 0.781659 0.159696 0.009741 0.005703
0 0.809204 0.178470 0.009741 0.005703
0 0.809204 0.167776 0.009741 0.005703
0 0.809204 0.159696 0.009741 0.005703
0 0.853544 0.178470 0.009741 0.005703
0 0.853544 0.167776 0.009741 0.005703
0 0.853544 0.159696 0.009741 0.005703
0 0.907625 0.175856 0.009741 0.005703
0 0.907625 0.167776 0.009741 0.005703
0 0.907625 0.157082 0.009741 0.005703
0 0.935170 0.175856 0.009741 0.005703
0 0.935170 0.167776 0.009741 0.005703
0 0.935170 0.157082 0.009741 0.005703
0 0.182062 0.394487 0.009741 0.005703
0 0.182062 0.386407 0.009741 0.005703
0 0.182062 0.375475 0.009741 0.005703
0 0.227410 0.391635 0.009741 0.005703
0 0.227410 0.386407 0.009741 0.005703
0 0.227410 0.372861 0.009741 0.005703
0 0.250588 0.391635 0.009741 0.005703
0 0.250588 0.386407 0.009741 0.005703
0 0.250588 0.372861 0.009741 0.005703
0 0.287874 0.389021 0.009741 0.005703
0 0.287874 0.380941 0.009741 0.005703
0 0.287874 0.370247 0.009741 0.005703
0 0.325160 0.386407 0.009741 0.005703
0 0.325160 0.367395 0.009741 0.005703
0 0.362445 0.380941 0.009741 0.005703
0 0.362445 0.362167 0.009741 0.005703
0 0.421565 0.397101 0.009741 0.005703
0 0.421565 0.389021 0.009741 0.005703
0 0.421565 0.383555 0.009741 0.005703
0 0.533423 0.397101 0.009741 0.005703
0 0.533423 0.389021 0.009741 0.005703
0 0.533423 0.383555 0.009741 0.005703
0 0.612026 0.402567 0.009741 0.005703
0 0.612026 0.397101 0.009741 0.005703
0 0.612026 0.389021 0.009741 0.005703
0 0.665099 0.413260 0.009741 0.005703
0 0.665099 0.402567 0.009741 0.005703
0 0.674169 0.399715 0.009741 0.005703
0 0.665099 0.394487 0.009741 0.005703
0 0.797783 0.389021 0.009741 0.005703
0 0.817602 0.383555 0.009741 0.005703
0 0.837756 0.380941 0.009741 0.005703
0 0.857911 0.375475 0.009741 0.005703
0 0.877729 0.370247 0.009741 0.005703
0 0.897884 0.364781 0.009741 0.005703
0 0.918038 0.362167 0.009741 0.005703
0 0.938193 0.356702 0.009741 0.005703
0 0.958011 0.351236 0.009741 0.005703
0 0.189452 0.601949 0.009741 0.005703
0 0.189452 0.596483 0.009741 0.005703
0 0.189452 0.591255 0.009741 0.005703
0 0.189452 0.583175 0.009741 0.005703
0 0.238831 0.669439 0.009741 0.005703
0 0.264360 0.669439 0.009741 0.005703
0 0.469264 0.612643 0.009741 0.005703
0 0.469264 0.601949 0.009741 0.005703
0 0.469264 0.593869 0.009741 0.005703
0 0.511589 0.612643 0.009741 0.005703
0 0.511589 0.601949 0.009741 0.005703
0 0.511589 0.593869 0.009741 0.005703
0 0.555929 0.612643 0.009741 0.005703
0 0.555929 0.601949 0.009741 0.005703
0 0.555929 0.593869 0.009741 0.005703
0 0.609674 0.610029 0.009741 0.005703
0 0.609674 0.601949 0.009741 0.005703
0 0.609674 0.591255 0.009741 0.005703
0 0.637555 0.610029 0.009741 0.005703
0 0.637555 0.601949 0.009741 0.005703
0 0.637555 0.591255 0.009741 0.005703
0 0.708767 0.610029 0.009741 0.005703
0 0.708767 0.601949 0.009741 0.005703
0 0.708767 0.591255 0.009741 0.005703
0 0.764528 0.607414 0.009741 0.005703
0 0.764528 0.596483 0.009741 0.005703
0 0.764528 0.588403 0.009741 0.005703
0 0.793080 0.607414 0.009741 0.005703
0 0.793080 0.596483 0.009741 0.005703
0 0.793080 0.588403 0.009741 0.005703
0 0.838428 0.604563 0.009741 0.005703
0 0.838428 0.596483 0.009741 0.005703
0 0.838428 0.585789 0.009741 0.005703
0 0.884112 0.601949 0.009741 0.005703
0 0.884112 0.583175 0.009741 0.005703
0 0.929795 0.596483 0.009741 0.005703
0 0.929795 0.577709 0.009741 0.005703
0 0.174337 0.830798 0.009741 0.005703
0 0.174337 0.825333 0.009741 0.005703
0 0.174337 0.819867 0.009741 0.005703
0 0.174337 0.811787 0.009741 0.005703
0 0.267383 0.833413 0.009741 0.005703
0 0.267383 0.825333 0.009741 0.005703
0 0.267383 0.819867 0.009741 0.005703
0 0.267383 0.814639 0.009741 0.005703
0 0.373866 0.838878 0.009741 0.005703
0 0.373866 0.833413 0.009741 0.005703
0 0.373866 0.825333 0.009741 0.005703
0 0.373866 0.819867 0.009741 0.005703
0 0.477326 0.844106 0.009741 0.005703
0 0.477326 0.838878 0.009741 0.005703
0 0.477326 0.833413 0.009741 0.005703
0 0.477326 0.825333 0.009741 0.005703
0 0.590863 0.833413 0.009741 0.005703
0 0.590863 0.825333 0.009741 0.005703
0 0.590863 0.819867 0.009741 0.005703
0 0.590863 0.814639 0.009741 0.005703
0 0.643601 0.827947 0.009741 0.005703
0 0.652670 0.825333 0.009741 0.005703
0 0.652670 0.814639 0.009741 0.005703
0 0.652670 0.809173 0.009741 0.005703
0 0.705744 0.825333 0.009741 0.005703
0 0.714814 0.822719 0.009741 0.005703
0 0.714814 0.811787 0.009741 0.005703
0 0.714814 0.806559 0.009741 0.005703
0 0.807188 0.814639 0.009741 0.005703
0 0.807188 0.806559 0.009741 0.005703
0 0.807188 0.801093 0.009741 0.005703
0 0.807188 0.795627 0.009741 0.005703
0 0.855223 0.892823 0.009741 0.005703
0 0.873362 0.892823 0.009741 0.005703
0 0.389654 0.760694 0.006718 0.003802
0 0.590863 0.760694 0.006718 0.003802
0 0.807524 0.760694 0.006718 0.003802
0 0.174337 0.096245 0.009741 0.005703
0 0.296943 0.090779 0.009741 0.005703
0 0.433658 0.090779 0.009741 0.005703
0 0.524353 0.093631 0.009741 0.005703
0 0.573732 0.096245 0.009741 0.005703
0 0.633524 0.098859 0.009741 0.005703
0 0.664427 0.096245 0.009741 0.005703
0 0.727578 0.093631 0.009741 0.005703
0 0.182062 0.315827 0.009741 0.005703
0 0.287874 0.326521 0.009741 0.005703
0 0.421565 0.318441 0.009741 0.005703
0 0.665099 0.318441 0.009741 0.005703
0 0.731273 0.329135 0.009741 0.005703
0 0.758482 0.329135 0.009741 0.005703
0 0.304669 0.545390 0.009741 0.005703
0 0.360766 0.531844 0.009741 0.005703
0 0.415183 0.531844 0.009741 0.005703
0 0.692980 0.531844 0.009741 0.005703
0 0.174337 0.760694 0.009741 0.005703
0 0.373866 0.760694 0.009741 0.005703
