0 0.174337 0.208888 0.009741 0.005703
0 0.224723 0.219819 0.009741 0.005703
0 0.250252 0.219819 0.009741 0.005703
0 0.291569 0.198194 0.009741 0.005703
0 0.358415 0.208888 0.009741 0.005703
0 0.384279 0.208888 0.009741 0.005703
0 0.439368 0.241207 0.009741 0.005703
0 0.439368 0.230513 0.009741 0.005703
0 0.439368 0.222433 0.009741 0.005703
0 0.491434 0.208888 0.009741 0.005703
0 0.518307 0.208888 0.009741 0.005703
0 0.560967 0.198194 0.009741 0.005703
0 0.613369 0.208888 0.009741 0.005703
0 0.640242 0.208888 0.009741 0.005703
0 0.697010 0.246673 0.009741 0.005703
0 0.697010 0.235979 0.009741 0.005703
0 0.697010 0.227899 0.009741 0.005703
0 0.757474 0.216968 0.009741 0.005703
0 0.788378 0.216968 0.009741 0.005703
0 0.838092 0.208888 0.009741 0.005703
0 0.898556 0.216968 0.009741 0.005703
0 0.929795 0.216968 0.009741 0.005703
0 0.174337 0.475998 0.009741 0.005703
0 0.174337 0.456987 0.009741 0.005703
0 0.238159 0.438213 0.009741 0.005703
0 0.238159 0.432747 0.009741 0.005703
0 0.238159 0.427519 0.009741 0.005703
0 0.263352 0.440827 0.009741 0.005703
0 0.272422 0.438213 0.009741 0.005703
0 0.272422 0.432747 0.009741 0.005703
0 0.272422 0.427519 0.009741 0.005703
0 0.327175 0.440827 0.009741 0.005703
0 0.336245 0.438213 0.009741 0.005703
0 0.336245 0.432747 0.009741 0.005703
0 0.336245 0.427519 0.009741 0.005703
0 0.388982 0.443679 0.009741 0.005703
0 0.388982 0.438213 0.009741 0.005703
0 0.388982 0.432747 0.009741 0.005703
0 0.388982 0.427519 0.009741 0.005703
0 0.443399 0.443679 0.009741 0.005703
0 0.443399 0.438213 0.009741 0.005703
0 0.443399 0.432747 0.009741 0.005703
0 0.443399 0.427519 0.009741 0.005703
0 0.472959 0.446293 0.009741 0.005703
0 0.472959 0.438213 0.009741 0.005703
0 0.472959 0.432747 0.009741 0.005703
0 0.472959 0.427519 0.009741 0.005703
0 0.532079 0.446293 0.009741 0.005703
0 0.532079 0.438213 0.009741 0.005703
0 0.532079 0.432747 0.009741 0.005703
0 0.532079 0.427519 0.009741 0.005703
0 0.583809 0.456987 0.009741 0.005703
0 0.583809 0.438213 0.009741 0.005703
0 0.621431 0.459838 0.009741 0.005703
0 0.621431 0.440827 0.009741 0.005703
0 0.644273 0.462452 0.009741 0.005703
0 0.644273 0.443679 0.009741 0.005703
0 0.675512 0.465067 0.009741 0.005703
0 0.675512 0.446293 0.009741 0.005703
0 0.706416 0.467918 0.009741 0.005703
0 0.706416 0.448907 0.009741 0.005703
0 0.737319 0.470532 0.009741 0.005703
0 0.737319 0.451759 0.009741 0.005703
0 0.782331 0.473146 0.009741 0.005703
0 0.782331 0.454373 0.009741 0.005703
0 0.888478 0.475998 0.009741 0.005703
0 0.888478 0.456987 0.009741 0.005703
0 0.174337 0.710789 0.009741 0.005703
0 0.174337 0.692015 0.009741 0.005703
0 0.249916 0.686549 0.009741 0.005703
0 0.249916 0.681084 0.009741 0.005703
0 0.249916 0.675856 0.009741 0.005703
0 0.282835 0.689163 0.009741 0.005703
0 0.291905 0.686549 0.009741 0.005703
0 0.282835 0.681084 0.009741 0.005703
0 0.282835 0.675856 0.009741 0.005703
0 0.343299 0.689163 0.009741 0.005703
0 0.352368 0.686549 0.009741 0.005703
0 0.343299 0.681084 0.009741 0.005703
0 0.343299 0.675856 0.009741 0.005703
0 0.390326 0.692015 0.009741 0.005703
0 0.390326 0.686549 0.009741 0.005703
0 0.390326 0.681084 0.009741 0.005703
0 0.390326 0.675856 0.009741 0.005703
0 0.452133 0.692015 0.009741 0.005703
0 0.452133 0.686549 0.009741 0.005703
0 0.452133 0.681084 0.009741 0.005703
0 0.452133 0.675856 0.009741 0.005703
0 0.485388 0.694629 0.009741 0.005703
0 0.485388 0.686549 0.009741 0.005703
0 0.485388 0.681084 0.009741 0.005703
0 0.485388 0.675856 0.009741 0.005703
0 0.552234 0.694629 0.009741 0.005703
0 0.552234 0.686549 0.009741 0.005703
0 0.552234 0.681084 0.009741 0.005703
0 0.552234 0.675856 0.009741 0.005703
0 0.610346 0.710789 0.009741 0.005703
0 0.610346 0.692015 0.009741 0.005703
0 0.666443 0.673004 0.009741 0.005703
0 0.666443 0.667776 0.009741 0.005703
0 0.666443 0.662310 0.009741 0.005703
0 0.687941 0.675856 0.009741 0.005703
0 0.697010 0.673004 0.009741 0.005703
0 0.697010 0.667776 0.009741 0.005703
0 0.697010 0.662310 0.009741 0.005703
0 0.744038 0.675856 0.009741 0.005703
0 0.753107 0.673004 0.009741 0.005703
0 0.753107 0.667776 0.009741 0.005703
0 0.753107 0.662310 0.009741 0.005703
0 0.798791 0.678470 0.009741 0.005703
0 0.798791 0.673004 0.009741 0.005703
0 0.798791 0.667776 0.009741 0.005703
0 0.798791 0.662310 0.009741 0.005703
0 0.855223 0.678470 0.009741 0.005703
0 0.855223 0.673004 0.009741 0.005703
0 0.855223 0.667776 0.009741 0.005703
0 0.855223 0.662310 0.009741 0.005703
0 0.886127 0.681084 0.009741 0.005703
0 0.886127 0.673004 0.009741 0.005703
0 0.886127 0.667776 0.009741 0.005703
0 0.886127 0.662310 0.009741 0.005703
0 0.947598 0.681084 0.009741 0.005703
0 0.947598 0.673004 0.009741 0.005703
0 0.947598 0.667776 0.009741 0.005703
0 0.947598 0.662310 0.009741 0.005703
0 0.185757 0.908983 0.009741 0.005703
0 0.240175 0.898289 0.009741 0.005703
0 0.268055 0.898289 0.009741 0.005703
0 0.312731 0.887595 0.009741 0.005703
0 0.366812 0.898289 0.009741 0.005703
0 0.394693 0.898289 0.009741 0.005703
0 0.461538 0.908983 0.009741 0.005703
0 0.514612 0.898289 0.009741 0.005703
0 0.541821 0.898289 0.009741 0.005703
0 0.585489 0.887595 0.009741 0.005703
0 0.638562 0.898289 0.009741 0.005703
0 0.665771 0.898289 0.009741 0.005703
0 0.727578 0.876663 0.009741 0.005703
0 0.853544 0.879515 0.009741 0.005703
0 0.888478 0.440827 0.009741 0.005703
0 0.174337 0.184648 0.009741 0.005703
0 0.174337 0.176568 0.009741 0.005703
0 0.174337 0.171340 0.009741 0.005703
0 0.174337 0.163260 0.009741 0.005703
0 0.250252 0.184648 0.009741 0.005703
0 0.250252 0.176568 0.009741 0.005703
0 0.250252 0.171340 0.009741 0.005703
0 0.358415 0.184648 0.009741 0.005703
0 0.358415 0.176568 0.009741 0.005703
0 0.358415 0.171340 0.009741 0.005703
0 0.384279 0.184648 0.009741 0.005703
0 0.384279 0.176568 0.009741 0.005703
0 0.384279 0.171340 0.009741 0.005703
0 0.439368 0.182034 0.009741 0.005703
0 0.448438 0.179420 0.009741 0.005703
0 0.439368 0.173954 0.009741 0.005703
0 0.439368 0.168489 0.009741 0.005703
0 0.491434 0.173954 0.009741 0.005703
0 0.491434 0.168489 0.009741 0.005703
0 0.491434 0.163260 0.009741 0.005703
0 0.518307 0.173954 0.009741 0.005703
0 0.518307 0.168489 0.009741 0.005703
0 0.518307 0.163260 0.009741 0.005703
0 0.560967 0.163260 0.009741 0.005703
0 0.570037 0.160409 0.009741 0.005703
0 0.560967 0.155181 0.009741 0.005703
0 0.613369 0.173954 0.009741 0.005703
0 0.613369 0.168489 0.009741 0.005703
0 0.613369 0.163260 0.009741 0.005703
0 0.640242 0.173954 0.009741 0.005703
0 0.640242 0.168489 0.009741 0.005703
0 0.640242 0.163260 0.009741 0.005703
0 0.697010 0.173954 0.009741 0.005703
0 0.697010 0.168489 0.009741 0.005703
0 0.697010 0.160409 0.009741 0.005703
0 0.757474 0.173954 0.009741 0.005703
0 0.757474 0.168489 0.009741 0.005703
0 0.766544 0.165875 0.009741 0.005703
0 0.788378 0.173954 0.009741 0.005703
0 0.788378 0.168489 0.009741 0.005703
0 0.797447 0.165875 0.009741 0.005703
0 0.829023 0.168489 0.009741 0.005703
0 0.838092 0.165875 0.009741 0.005703
0 0.838092 0.155181 0.009741 0.005703
0 0.898556 0.173954 0.009741 0.005703
0 0.889822 0.168489 0.009741 0.005703
0 0.898556 0.165875 0.009741 0.005703
0 0.929795 0.173954 0.009741 0.005703
0 0.920726 0.168489 0.009741 0.005703
0 0.929795 0.165875 0.009741 0.005703
0 0.216325 0.393061 0.009741 0.005703
0 0.216325 0.382367 0.009741 0.005703
0 0.216325 0.374287 0.009741 0.005703
0 0.238159 0.393061 0.009741 0.005703
0 0.238159 0.382367 0.009741 0.005703
0 0.238159 0.374287 0.009741 0.005703
0 0.272422 0.390447 0.009741 0.005703
0 0.272422 0.382367 0.009741 0.005703
0 0.272422 0.371673 0.009741 0.005703
0 0.314410 0.390447 0.009741 0.005703
0 0.314410 0.382367 0.009741 0.005703
0 0.314410 0.371673 0.009741 0.005703
0 0.336245 0.390447 0.009741 0.005703
0 0.336245 0.382367 0.009741 0.005703
0 0.336245 0.371673 0.009741 0.005703
0 0.388982 0.390447 0.009741 0.005703
0 0.388982 0.382367 0.009741 0.005703
0 0.388982 0.371673 0.009741 0.005703
0 0.424924 0.387833 0.009741 0.005703
0 0.424924 0.382367 0.009741 0.005703
0 0.424924 0.368821 0.009741 0.005703
0 0.443399 0.387833 0.009741 0.005703
0 0.443399 0.382367 0.009741 0.005703
0 0.443399 0.368821 0.009741 0.005703
0 0.472959 0.384981 0.009741 0.005703
0 0.472959 0.376901 0.009741 0.005703
0 0.472959 0.366207 0.009741 0.005703
0 0.502519 0.382367 0.009741 0.005703
0 0.502519 0.363593 0.009741 0.005703
0 0.532079 0.376901 0.009741 0.005703
0 0.532079 0.358127 0.009741 0.005703
0 0.583809 0.393061 0.009741 0.005703
0 0.583809 0.384981 0.009741 0.005703
0 0.583809 0.379753 0.009741 0.005703
0 0.675512 0.393061 0.009741 0.005703
0 0.675512 0.384981 0.009741 0.005703
0 0.675512 0.379753 0.009741 0.005703
0 0.737319 0.398527 0.009741 0.005703
0 0.737319 0.393061 0.009741 0.005703
0 0.737319 0.384981 0.009741 0.005703
0 0.782331 0.409221 0.009741 0.005703
0 0.782331 0.398527 0.009741 0.005703
0 0.791401 0.395913 0.009741 0.005703
0 0.782331 0.390447 0.009741 0.005703
0 0.888478 0.401141 0.009741 0.005703
0 0.888478 0.395913 0.009741 0.005703
0 0.888478 0.387833 0.009741 0.005703
0 0.927444 0.438213 0.009741 0.005703
0 0.947262 0.438213 0.009741 0.005703
0 0.214646 0.610979 0.009741 0.005703
0 0.214646 0.600285 0.009741 0.005703
0 0.214646 0.592205 0.009741 0.005703
0 0.249916 0.610979 0.009741 0.005703
0 0.249916 0.600285 0.009741 0.005703
0 0.249916 0.592205 0.009741 0.005703
0 0.282835 0.610979 0.009741 0.005703
0 0.282835 0.600285 0.009741 0.005703
0 0.282835 0.592205 0.009741 0.005703
0 0.322808 0.608365 0.009741 0.005703
0 0.322808 0.600285 0.009741 0.005703
0 0.322808 0.589591 0.009741 0.005703
0 0.343299 0.608365 0.009741 0.005703
0 0.343299 0.600285 0.009741 0.005703
0 0.343299 0.589591 0.009741 0.005703
0 0.390326 0.608365 0.009741 0.005703
0 0.390326 0.600285 0.009741 0.005703
0 0.390326 0.589591 0.009741 0.005703
0 0.430971 0.605751 0.009741 0.005703
0 0.430971 0.594819 0.009741 0.005703
0 0.430971 0.586740 0.009741 0.005703
0 0.452133 0.605751 0.009741 0.005703
0 0.452133 0.594819 0.009741 0.005703
0 0.452133 0.586740 0.009741 0.005703
0 0.485388 0.602899 0.009741 0.005703
0 0.485388 0.594819 0.009741 0.005703
0 0.485388 0.584125 0.009741 0.005703
0 0.518979 0.600285 0.009741 0.005703
0 0.518979 0.581511 0.009741 0.005703
0 0.552234 0.594819 0.009741 0.005703
0 0.552234 0.576046 0.009741 0.005703
0 0.647296 0.619059 0.009741 0.005703
0 0.647296 0.610979 0.009741 0.005703
0 0.666443 0.619059 0.009741 0.005703
0 0.666443 0.610979 0.009741 0.005703
0 0.697010 0.619059 0.009741 0.005703
0 0.697010 0.610979 0.009741 0.005703
0 0.733960 0.619059 0.009741 0.005703
0 0.733960 0.608365 0.009741 0.005703
0 0.753107 0.619059 0.009741 0.005703
0 0.753107 0.608365 0.009741 0.005703
0 0.798791 0.619059 0.009741 0.005703
0 0.798791 0.608365 0.009741 0.005703
0 0.836077 0.619059 0.009741 0.005703
0 0.836077 0.605751 0.009741 0.005703
0 0.855223 0.619059 0.009741 0.005703
0 0.855223 0.605751 0.009741 0.005703
0 0.886127 0.613831 0.009741 0.005703
0 0.886127 0.602899 0.009741 0.005703
0 0.916695 0.613831 0.009741 0.005703
0 0.916695 0.600285 0.009741 0.005703
0 0.947598 0.613831 0.009741 0.005703
0 0.947598 0.594819 0.009741 0.005703
0 0.185757 0.852424 0.009741 0.005703
0 0.185757 0.844344 0.009741 0.005703
0 0.185757 0.839116 0.009741 0.005703
0 0.240175 0.852424 0.009741 0.005703
0 0.240175 0.844344 0.009741 0.005703
0 0.268055 0.852424 0.009741 0.005703
0 0.268055 0.844344 0.009741 0.005703
0 0.312731 0.844344 0.009741 0.005703
0 0.312731 0.833650 0.009741 0.005703
0 0.366812 0.852424 0.009741 0.005703
0 0.366812 0.844344 0.009741 0.005703
0 0.366812 0.839116 0.009741 0.005703
0 0.394693 0.852424 0.009741 0.005703
0 0.394693 0.844344 0.009741 0.005703
0 0.394693 0.839116 0.009741 0.005703
0 0.461538 0.852424 0.009741 0.005703
0 0.461538 0.844344 0.009741 0.005703
0 0.461538 0.839116 0.009741 0.005703
0 0.514612 0.852424 0.009741 0.005703
0 0.514612 0.844344 0.009741 0.005703
0 0.541821 0.852424 0.009741 0.005703
0 0.541821 0.844344 0.009741 0.005703
0 0.585489 0.844344 0.009741 0.005703
0 0.585489 0.833650 0.009741 0.005703
0 0.638562 0.852424 0.009741 0.005703
0 0.638562 0.844344 0.009741 0.005703
0 0.638562 0.839116 0.009741 0.005703
0 0.665771 0.852424 0.009741 0.005703
0 0.665771 0.844344 0.009741 0.005703
0 0.665771 0.839116 0.009741 0.005703
0 0.727578 0.844344 0.009741 0.005703
0 0.727578 0.839116 0.009741 0.005703
0 0.727578 0.833650 0.009741 0.005703
0 0.781659 0.844344 0.009741 0.005703
0 0.781659 0.839116 0.009741 0.005703
0 0.809204 0.844344 0.009741 0.005703
0 0.809204 0.839116 0.009741 0.005703
0 0.853544 0.839116 0.009741 0.005703
0 0.853544 0.833650 0.009741 0.005703
0 0.853544 0.825570 0.009741 0.005703
0 0.907625 0.844344 0.009741 0.005703
0 0.907625 0.839116 0.009741 0.005703
0 0.907625 0.833650 0.009741 0.005703
0 0.935170 0.844344 0.009741 0.005703
0 0.935170 0.839116 0.009741 0.005703
0 0.935170 0.833650 0.009741 0.005703
0 0.174337 0.098859 0.009741 0.005703
0 0.291569 0.098859 0.009741 0.005703
0 0.332550 0.104325 0.009741 0.005703
0 0.384279 0.098859 0.009741 0.005703
0 0.439368 0.096245 0.009741 0.005703
0 0.560967 0.090779 0.009741 0.005703
0 0.697010 0.090779 0.009741 0.005703
0 0.788378 0.093631 0.009741 0.005703
0 0.838092 0.096245 0.009741 0.005703
0 0.898556 0.098859 0.009741 0.005703
0 0.929795 0.096245 0.009741 0.005703
0 0.174337 0.311787 0.009741 0.005703
0 0.388982 0.311787 0.009741 0.005703
0 0.472959 0.322481 0.009741 0.005703
0 0.583809 0.314401 0.009741 0.005703
0 0.782331 0.314401 0.009741 0.005703
0 0.834397 0.325333 0.009741 0.005703
0 0.856231 0.325333 0.009741 0.005703
0 0.947262 0.322481 0.009741 0.005703
0 0.174337 0.549192 0.009741 0.005703
0 0.390326 0.549192 0.009741 0.005703
0 0.947598 0.538260 0.009741 0.005703
0 0.185757 0.767823 0.009741 0.005703
0 0.312731 0.767823 0.009741 0.005703
0 0.394693 0.767823 0.009741 0.005703
0 0.461538 0.765209 0.009741 0.005703
0 0.585489 0.767823 0.009741 0.005703
0 0.727578 0.762357 0.009741 0.005703
0 0.853544 0.762357 0.009741 0.005703
0 0.935170 0.767823 0.009741 0.005703
