0 0.727242 0.216255 0.009741 0.005703
0 0.727242 0.197481 0.009741 0.005703
0 0.878401 0.218869 0.009741 0.005703
0 0.878401 0.200095 0.009741 0.005703
0 0.186429 0.664449 0.009741 0.005703
0 0.250252 0.661835 0.009741 0.005703
0 0.250252 0.651141 0.009741 0.005703
0 0.535102 0.659221 0.009741 0.005703
0 0.535102 0.651141 0.009741 0.005703
0 0.723883 0.907319 0.009741 0.005703
0 0.723883 0.888546 0.009741 0.005703
0 0.130333 0.237880 0.009741 0.005703
0 0.130333 0.218869 0.009741 0.005703
0 0.287538 0.248574 0.009741 0.005703
0 0.287538 0.229800 0.009741 0.005703
0 0.396708 0.240494 0.009741 0.005703
0 0.396708 0.221721 0.009741 0.005703
0 0.649983 0.226949 0.009741 0.005703
0 0.649983 0.208175 0.009741 0.005703
0 0.735976 0.208175 0.009741 0.005703
0 0.138058 0.448669 0.009741 0.005703
0 0.138058 0.435124 0.009741 0.005703
0 0.138058 0.429895 0.009741 0.005703
0 0.381592 0.451283 0.009741 0.005703
0 0.381592 0.443203 0.009741 0.005703
0 0.381592 0.432510 0.009741 0.005703
0 0.686597 0.472909 0.009741 0.005703
0 0.686597 0.454135 0.009741 0.005703
0 0.186429 0.651141 0.009741 0.005703
0 0.250252 0.640209 0.009741 0.005703
0 0.458179 0.643061 0.009741 0.005703
0 0.535102 0.645675 0.009741 0.005703
0 0.811219 0.677994 0.009741 0.005703
0 0.811219 0.659221 0.009741 0.005703
0 0.233792 0.904705 0.009741 0.005703
0 0.233792 0.885932 0.009741 0.005703
0 0.334565 0.902091 0.009741 0.005703
0 0.334565 0.883080 0.009741 0.005703
0 0.448102 0.907319 0.009741 0.005703
0 0.448102 0.888546 0.009741 0.005703
0 0.547867 0.907319 0.009741 0.005703
0 0.547867 0.888546 0.009741 0.005703
0 0.723883 0.869772 0.009741 0.005703
0 0.723883 0.858840 0.009741 0.005703
0 0.649983 0.152091 0.009741 0.005703
0 0.727242 0.152091 0.009741 0.005703
0 0.819281 0.381416 0.009741 0.005703
0 0.177360 0.165637 0.009741 0.005703
0 0.177360 0.157557 0.009741 0.005703
0 0.177360 0.146863 0.009741 0.005703
0 0.224387 0.165637 0.009741 0.005703
0 0.224387 0.157557 0.009741 0.005703
0 0.224387 0.146863 0.009741 0.005703
0 0.287538 0.165637 0.009741 0.005703
0 0.287538 0.157557 0.009741 0.005703
0 0.287538 0.146863 0.009741 0.005703
0 0.341955 0.168251 0.009741 0.005703
0 0.341955 0.157557 0.009741 0.005703
0 0.341955 0.149477 0.009741 0.005703
0 0.396708 0.168251 0.009741 0.005703
0 0.396708 0.157557 0.009741 0.005703
0 0.396708 0.149477 0.009741 0.005703
0 0.443735 0.165637 0.009741 0.005703
0 0.443735 0.160171 0.009741 0.005703
0 0.443735 0.146863 0.009741 0.005703
0 0.512261 0.165637 0.009741 0.005703
0 0.512261 0.160171 0.009741 0.005703
0 0.512261 0.146863 0.009741 0.005703
0 0.649983 0.152091 0.009741 0.005703
0 0.735640 0.154943 0.009741 0.005703
0 0.735640 0.135932 0.009741 0.005703
0 0.878401 0.157557 0.009741 0.005703
0 0.878401 0.138783 0.009741 0.005703
0 0.138058 0.397576 0.009741 0.005703
0 0.138058 0.389496 0.009741 0.005703
0 0.138058 0.378565 0.009741 0.005703
0 0.381592 0.400190 0.009741 0.005703
0 0.381592 0.392110 0.009741 0.005703
0 0.381592 0.381416 0.009741 0.005703
0 0.588512 0.384030 0.009741 0.005703
0 0.588512 0.378565 0.009741 0.005703
0 0.588512 0.370485 0.009741 0.005703
0 0.637555 0.384030 0.009741 0.005703
0 0.637555 0.378565 0.009741 0.005703
0 0.637555 0.370485 0.009741 0.005703
0 0.686597 0.384030 0.009741 0.005703
0 0.686597 0.378565 0.009741 0.005703
0 0.686597 0.370485 0.009741 0.005703
0 0.752771 0.378565 0.009741 0.005703
0 0.752771 0.370485 0.009741 0.005703
0 0.752771 0.365257 0.009741 0.005703
0 0.819281 0.370485 0.009741 0.005703
0 0.819281 0.365257 0.009741 0.005703
0 0.885455 0.367871 0.009741 0.005703
0 0.186429 0.595532 0.009741 0.005703
0 0.250252 0.598146 0.009741 0.005703
0 0.250252 0.584601 0.009741 0.005703
0 0.250252 0.579373 0.009741 0.005703
0 0.458179 0.600760 0.009741 0.005703
0 0.458179 0.587452 0.009741 0.005703
0 0.458179 0.581987 0.009741 0.005703
0 0.535102 0.603612 0.009741 0.005703
0 0.535102 0.590067 0.009741 0.005703
0 0.535102 0.584601 0.009741 0.005703
0 0.742022 0.614306 0.009741 0.005703
0 0.742022 0.606226 0.009741 0.005703
0 0.742022 0.600760 0.009741 0.005703
0 0.811219 0.611692 0.009741 0.005703
0 0.811219 0.606226 0.009741 0.005703
0 0.820289 0.603612 0.009741 0.005703
0 0.811219 0.598146 0.009741 0.005703
0 0.159557 0.807272 0.009741 0.005703
0 0.159557 0.801806 0.009741 0.005703
0 0.159557 0.793726 0.009741 0.005703
0 0.196842 0.807272 0.009741 0.005703
0 0.196842 0.801806 0.009741 0.005703
0 0.196842 0.793726 0.009741 0.005703
0 0.233792 0.807272 0.009741 0.005703
0 0.233792 0.801806 0.009741 0.005703
0 0.233792 0.793726 0.009741 0.005703
0 0.284179 0.807272 0.009741 0.005703
0 0.284179 0.801806 0.009741 0.005703
0 0.284179 0.793726 0.009741 0.005703
0 0.334565 0.807272 0.009741 0.005703
0 0.334565 0.801806 0.009741 0.005703
0 0.334565 0.793726 0.009741 0.005703
0 0.384615 0.809886 0.009741 0.005703
0 0.384615 0.801806 0.009741 0.005703
0 0.384615 0.791112 0.009741 0.005703
0 0.448102 0.809886 0.009741 0.005703
0 0.448102 0.801806 0.009741 0.005703
0 0.448102 0.791112 0.009741 0.005703
0 0.547867 0.809886 0.009741 0.005703
0 0.547867 0.801806 0.009741 0.005703
0 0.547867 0.796340 0.009741 0.005703
0 0.723883 0.809886 0.009741 0.005703
0 0.723883 0.796340 0.009741 0.005703
0 0.130333 0.073907 0.009741 0.005703
0 0.245885 0.071293 0.009741 0.005703
0 0.287538 0.073907 0.009741 0.005703
0 0.477998 0.076759 0.009741 0.005703
0 0.572388 0.068679 0.009741 0.005703
0 0.138058 0.290399 0.009741 0.005703
0 0.205576 0.309173 0.009741 0.005703
0 0.273430 0.301093 0.009741 0.005703
0 0.449446 0.303707 0.009741 0.005703
0 0.539469 0.298479 0.009741 0.005703
0 0.885455 0.301093 0.009741 0.005703
0 0.122271 0.519962 0.009741 0.005703
0 0.535102 0.519962 0.009741 0.005703
0 0.604300 0.538973 0.009741 0.005703
0 0.673161 0.530894 0.009741 0.005703
0 0.880081 0.533508 0.009741 0.005703
0 0.122271 0.752139 0.009741 0.005703
0 0.448102 0.752139 0.009741 0.005703
