0 0.470272 0.315352 0.008062 0.004753
0 0.498824 0.317728 0.008398 0.004753
0 0.655694 0.899715 0.008398 0.004753
0 0.655694 0.890922 0.008398 0.004753
0 0.288210 0.311074 0.008062 0.004753
0 0.288210 0.302281 0.008062 0.004753
0 0.288210 0.295865 0.008062 0.004753
0 0.470272 0.306797 0.008062 0.004753
0 0.499160 0.308935 0.008062 0.004753
0 0.599933 0.302281 0.008062 0.004753
0 0.644273 0.319867 0.008398 0.004753
0 0.644273 0.311074 0.008398 0.004753
0 0.140074 0.501188 0.008398 0.004753
0 0.140074 0.492395 0.008398 0.004753
0 0.415519 0.501188 0.008398 0.004753
0 0.415519 0.492395 0.008398 0.004753
0 0.659053 0.501188 0.008062 0.004753
0 0.659053 0.492395 0.008062 0.004753
0 0.783339 0.501188 0.008062 0.004753
0 0.783339 0.492395 0.008062 0.004753
0 0.917031 0.499049 0.008062 0.004753
0 0.917031 0.490257 0.008062 0.004753
0 0.140074 0.700808 0.008062 0.004753
0 0.140074 0.692015 0.008062 0.004753
0 0.215317 0.685361 0.008062 0.004753
0 0.215317 0.676568 0.008062 0.004753
0 0.290897 0.707224 0.008062 0.004753
0 0.290897 0.698432 0.008062 0.004753
0 0.290897 0.692015 0.008062 0.004753
0 0.385287 0.722671 0.008062 0.004753
0 0.385287 0.707224 0.008062 0.004753
0 0.440376 0.716017 0.008062 0.004753
0 0.440376 0.707224 0.008062 0.004753
0 0.440376 0.700808 0.008062 0.004753
0 0.515620 0.685361 0.008062 0.004753
0 0.515620 0.676568 0.008062 0.004753
0 0.591199 0.709601 0.008062 0.004753
0 0.591199 0.700808 0.008062 0.004753
0 0.591199 0.694154 0.008062 0.004753
0 0.740679 0.696293 0.008062 0.004753
0 0.740679 0.687500 0.008062 0.004753
0 0.805845 0.685361 0.008062 0.004753
0 0.798455 0.678945 0.008062 0.004753
0 0.805845 0.676568 0.008062 0.004753
0 0.805845 0.672291 0.008062 0.004753
0 0.922741 0.694154 0.008062 0.004753
0 0.922741 0.685361 0.008062 0.004753
0 0.150823 0.899715 0.008062 0.004753
0 0.150823 0.890922 0.008062 0.004753
0 0.275781 0.890922 0.008062 0.004753
0 0.275781 0.884506 0.008062 0.004753
0 0.275781 0.877852 0.008062 0.004753
0 0.275781 0.873574 0.008062 0.004753
0 0.396372 0.899715 0.008062 0.004753
0 0.396372 0.890922 0.008062 0.004753
0 0.412160 0.882129 0.008062 0.004753
0 0.428284 0.899715 0.008062 0.004753
0 0.428284 0.890922 0.008062 0.004753
0 0.449782 0.882129 0.008062 0.004753
0 0.465905 0.899715 0.008062 0.004753
0 0.465905 0.890922 0.008062 0.004753
0 0.504199 0.882129 0.008062 0.004753
0 0.533423 0.899715 0.008062 0.004753
0 0.533423 0.890922 0.008062 0.004753
0 0.562647 0.882129 0.008062 0.004753
0 0.586161 0.899715 0.008062 0.004753
0 0.586161 0.890922 0.008062 0.004753
0 0.609674 0.882129 0.008062 0.004753
0 0.655694 0.882129 0.008398 0.004753
0 0.195163 0.860266 0.008062 0.004753
0 0.195163 0.855989 0.008062 0.004753
0 0.195163 0.849335 0.008062 0.004753
0 0.288210 0.271388 0.008062 0.004753
0 0.470272 0.275665 0.008062 0.004753
0 0.499160 0.273527 0.008062 0.004753
0 0.599933 0.271388 0.008062 0.004753
0 0.205912 0.845057 0.008062 0.004753
0 0.205912 0.840542 0.008062 0.004753
0 0.205912 0.834125 0.008062 0.004753
0 0.655694 0.855989 0.008398 0.004753
0 0.236144 0.258317 0.008062 0.004753
0 0.262345 0.264734 0.008062 0.004753
0 0.314075 0.260456 0.008062 0.004753
0 0.330198 0.262595 0.008062 0.004753
0 0.346322 0.264734 0.008062 0.004753
0 0.362781 0.267110 0.008062 0.004753
0 0.378905 0.264734 0.008062 0.004753
0 0.412496 0.258317 0.008062 0.004753
0 0.441384 0.264734 0.008062 0.004753
0 0.528048 0.260456 0.008062 0.004753
0 0.545852 0.262595 0.008062 0.004753
0 0.563991 0.264734 0.008062 0.004753
0 0.581794 0.267110 0.008062 0.004753
0 0.599933 0.271388 0.008062 0.004753
0 0.644273 0.280181 0.008398 0.004753
0 0.644273 0.273527 0.008398 0.004753
0 0.644273 0.267110 0.008398 0.004753
0 0.140074 0.463878 0.008398 0.004753
0 0.140074 0.457462 0.008398 0.004753
0 0.415519 0.463878 0.008398 0.004753
0 0.415519 0.457462 0.008398 0.004753
0 0.659053 0.463878 0.008062 0.004753
0 0.659053 0.457462 0.008062 0.004753
0 0.783003 0.463878 0.008398 0.004753
0 0.783003 0.457462 0.008398 0.004753
0 0.139738 0.650428 0.008398 0.004753
0 0.147464 0.648289 0.008398 0.004753
0 0.139738 0.641635 0.008398 0.004753
0 0.290897 0.656844 0.008062 0.004753
0 0.298287 0.654705 0.008062 0.004753
0 0.290897 0.648289 0.008062 0.004753
0 0.440040 0.650428 0.008398 0.004753
0 0.448102 0.648289 0.008398 0.004753
0 0.440040 0.641635 0.008398 0.004753
0 0.591199 0.656844 0.008062 0.004753
0 0.598589 0.654705 0.008062 0.004753
0 0.591199 0.648289 0.008062 0.004753
0 0.740679 0.656844 0.008062 0.004753
0 0.740679 0.650428 0.008062 0.004753
0 0.805845 0.645913 0.008062 0.004753
0 0.805845 0.641635 0.008062 0.004753
0 0.798455 0.637357 0.008062 0.004753
0 0.805845 0.634981 0.008062 0.004753
0 0.922741 0.656844 0.008062 0.004753
0 0.922741 0.650428 0.008062 0.004753
0 0.150823 0.862643 0.008062 0.004753
0 0.150823 0.855989 0.008062 0.004753
0 0.205912 0.825333 0.008062 0.004753
0 0.205912 0.818679 0.008062 0.004753
0 0.275781 0.847196 0.008062 0.004753
0 0.275781 0.840542 0.008062 0.004753
0 0.268727 0.836264 0.008062 0.004753
0 0.275781 0.834125 0.008062 0.004753
0 0.412160 0.840542 0.008062 0.004753
0 0.404770 0.834125 0.008062 0.004753
0 0.412160 0.831987 0.008062 0.004753
0 0.412160 0.825333 0.008062 0.004753
0 0.428284 0.847196 0.008062 0.004753
0 0.428284 0.831987 0.008062 0.004753
0 0.449782 0.840542 0.008062 0.004753
0 0.442728 0.834125 0.008062 0.004753
0 0.449782 0.831987 0.008062 0.004753
0 0.449782 0.825333 0.008062 0.004753
0 0.465905 0.847196 0.008062 0.004753
0 0.465905 0.831987 0.008062 0.004753
0 0.504199 0.840542 0.008062 0.004753
0 0.504199 0.834125 0.008062 0.004753
0 0.504199 0.827471 0.008062 0.004753
0 0.518643 0.829610 0.008062 0.004753
0 0.533423 0.831987 0.008062 0.004753
0 0.548203 0.834125 0.008062 0.004753
0 0.562647 0.831987 0.008062 0.004753
0 0.586161 0.840542 0.008062 0.004753
0 0.578771 0.834125 0.008062 0.004753
0 0.586161 0.831987 0.008062 0.004753
0 0.586161 0.825333 0.008062 0.004753
0 0.609674 0.847196 0.008062 0.004753
0 0.609674 0.831987 0.008062 0.004753
0 0.655694 0.840542 0.008062 0.004753
0 0.702385 0.847196 0.008062 0.004753
0 0.759154 0.840542 0.008062 0.004753
0 0.790057 0.847196 0.008062 0.004753
0 0.820961 0.842918 0.008062 0.004753
0 0.840107 0.845057 0.008062 0.004753
0 0.859254 0.847196 0.008062 0.004753
0 0.878737 0.849335 0.008062 0.004753
0 0.897884 0.847196 0.008062 0.004753
0 0.871347 0.578422 0.003695 0.002139
0 0.324152 0.767110 0.003695 0.002139
0 0.644609 0.217681 0.008062 0.004753
0 0.670474 0.215542 0.008062 0.004753
0 0.696339 0.213403 0.008062 0.004753
0 0.722204 0.211264 0.008062 0.004753
0 0.748069 0.209125 0.008062 0.004753
0 0.789721 0.209125 0.008062 0.004753
0 0.831038 0.211264 0.008062 0.004753
0 0.872355 0.204610 0.008062 0.004753
0 0.914007 0.209125 0.008062 0.004753
0 0.140410 0.399477 0.008062 0.004753
0 0.175008 0.399477 0.008062 0.004753
0 0.196842 0.399477 0.008062 0.004753
0 0.220692 0.392823 0.008062 0.004753
0 0.263016 0.395200 0.008062 0.004753
0 0.290561 0.397338 0.008062 0.004753
0 0.325160 0.395200 0.008062 0.004753
0 0.360094 0.399477 0.008062 0.004753
0 0.415519 0.403992 0.008062 0.004753
0 0.467585 0.401616 0.008062 0.004753
0 0.505207 0.399477 0.008062 0.004753
0 0.550890 0.397338 0.008062 0.004753
0 0.578099 0.395200 0.008062 0.004753
0 0.623782 0.395200 0.008062 0.004753
0 0.659053 0.397338 0.008062 0.004753
0 0.682902 0.399477 0.008062 0.004753
0 0.706752 0.401616 0.008062 0.004753
0 0.745045 0.399477 0.008062 0.004753
0 0.821633 0.408270 0.008062 0.004753
0 0.845482 0.406131 0.008062 0.004753
0 0.869332 0.403992 0.008062 0.004753
0 0.893181 0.401616 0.008062 0.004753
0 0.917031 0.399477 0.008062 0.004753
0 0.140074 0.574382 0.008062 0.004753
0 0.177696 0.580798 0.008062 0.004753
0 0.215317 0.574382 0.008062 0.004753
0 0.252939 0.580798 0.008062 0.004753
0 0.290897 0.576521 0.008062 0.004753
0 0.314410 0.578660 0.008062 0.004753
0 0.337924 0.580798 0.008062 0.004753
0 0.361774 0.582937 0.008062 0.004753
0 0.385287 0.580798 0.008062 0.004753
0 0.440376 0.574382 0.008062 0.004753
0 0.477998 0.580798 0.008062 0.004753
0 0.515620 0.574382 0.008062 0.004753
0 0.553577 0.580798 0.008062 0.004753
0 0.591199 0.582937 0.008062 0.004753
0 0.614713 0.587452 0.008062 0.004753
0 0.638226 0.589591 0.008062 0.004753
0 0.662076 0.587452 0.008062 0.004753
0 0.685590 0.582937 0.008062 0.004753
0 0.740679 0.574382 0.008062 0.004753
0 0.773262 0.580798 0.008062 0.004753
0 0.805845 0.569867 0.008062 0.004753
0 0.857911 0.576521 0.008062 0.004753
0 0.890158 0.567728 0.008062 0.004753
0 0.150823 0.760694 0.008062 0.004753
0 0.182398 0.767348 0.008062 0.004753
0 0.234464 0.775903 0.008062 0.004753
0 0.256970 0.773764 0.008062 0.004753
0 0.275781 0.771625 0.008062 0.004753
0 0.308700 0.769487 0.008062 0.004753
0 0.341955 0.764971 0.008062 0.004753
0 0.370843 0.760694 0.008062 0.004753
0 0.396372 0.775903 0.008062 0.004753
0 0.655694 0.782557 0.008062 0.004753
0 0.679543 0.780418 0.008062 0.004753
0 0.702385 0.778279 0.008062 0.004753
0 0.727242 0.775903 0.008062 0.004753
0 0.759154 0.773764 0.008062 0.004753
0 0.790057 0.775903 0.008062 0.004753
0 0.820961 0.769487 0.008062 0.004753
0 0.859254 0.773764 0.008062 0.004753
0 0.917031 0.773764 0.008062 0.004753
