0 0.141753 0.797291 0.009070 0.005466
0 0.141753 0.792063 0.009070 0.005466
0 0.226738 0.799667 0.009070 0.005466
0 0.226738 0.794677 0.009070 0.005466
0 0.333221 0.802281 0.009070 0.005466
0 0.341955 0.799667 0.009070 0.005466
0 0.435338 0.804895 0.009070 0.005466
0 0.435338 0.799667 0.009070 0.005466
0 0.189788 0.254040 0.014108 0.005466
0 0.573732 0.254040 0.009741 0.005466
0 0.770910 0.254040 0.009741 0.005466
0 0.140074 0.506416 0.009741 0.005466
0 0.339604 0.506416 0.009741 0.005466
0 0.559624 0.506416 0.009741 0.005466
0 0.759154 0.506416 0.009741 0.005466
0 0.128989 0.789686 0.009741 0.005466
0 0.341955 0.794677 0.009741 0.005466
0 0.571045 0.807272 0.009070 0.005466
0 0.571045 0.799667 0.009070 0.005466
0 0.655358 0.809886 0.009070 0.005466
0 0.655358 0.802281 0.009070 0.005466
0 0.759154 0.814876 0.009070 0.005466
0 0.759154 0.807272 0.009070 0.005466
0 0.843131 0.817490 0.009070 0.005466
0 0.843131 0.807272 0.009070 0.005466
0 0.231441 0.249049 0.009070 0.005466
0 0.231441 0.241445 0.009070 0.005466
0 0.273766 0.251426 0.009070 0.005466
0 0.273766 0.244059 0.009070 0.005466
0 0.369835 0.256654 0.009070 0.005466
0 0.369835 0.249049 0.009070 0.005466
0 0.453813 0.259030 0.009070 0.005466
0 0.453813 0.251426 0.009070 0.005466
0 0.561303 0.261644 0.009070 0.005466
0 0.561303 0.256654 0.009070 0.005466
0 0.654686 0.259030 0.009070 0.005466
0 0.654686 0.251426 0.009070 0.005466
0 0.758482 0.261644 0.009070 0.005466
0 0.758482 0.256654 0.009070 0.005466
0 0.851864 0.264259 0.009070 0.005466
0 0.851864 0.259030 0.009070 0.005466
0 0.127309 0.514021 0.009070 0.005466
0 0.127309 0.509030 0.009070 0.005466
0 0.216997 0.511644 0.009070 0.005466
0 0.216997 0.504040 0.009070 0.005466
0 0.327175 0.514021 0.009070 0.005466
0 0.327175 0.509030 0.009070 0.005466
0 0.416527 0.516635 0.009070 0.005466
0 0.416527 0.511644 0.009070 0.005466
0 0.546859 0.514021 0.009070 0.005466
0 0.546859 0.509030 0.009070 0.005466
0 0.636547 0.511644 0.009070 0.005466
0 0.636547 0.504040 0.009070 0.005466
0 0.746725 0.514021 0.009070 0.005466
0 0.746725 0.509030 0.009070 0.005466
0 0.836077 0.516635 0.009070 0.005466
0 0.836077 0.511644 0.009070 0.005466
0 0.231441 0.236454 0.009070 0.005466
0 0.231441 0.231226 0.009070 0.005466
0 0.231441 0.223859 0.009070 0.005466
0 0.231441 0.218631 0.009070 0.005466
0 0.273766 0.238831 0.009070 0.005466
0 0.273766 0.233840 0.009070 0.005466
0 0.273766 0.226236 0.009070 0.005466
0 0.273766 0.221245 0.009070 0.005466
0 0.304669 0.238831 0.009070 0.005466
0 0.304669 0.233840 0.009070 0.005466
0 0.304669 0.226236 0.009070 0.005466
0 0.304669 0.221245 0.009070 0.005466
0 0.335909 0.238831 0.009070 0.005466
0 0.335909 0.233840 0.009070 0.005466
0 0.335909 0.226236 0.009070 0.005466
0 0.335909 0.221245 0.009070 0.005466
0 0.369835 0.244059 0.009070 0.005466
0 0.369835 0.236454 0.009070 0.005466
0 0.369835 0.231226 0.009070 0.005466
0 0.369835 0.226236 0.009070 0.005466
0 0.411824 0.244059 0.009070 0.005466
0 0.411824 0.236454 0.009070 0.005466
0 0.411824 0.231226 0.009070 0.005466
0 0.411824 0.226236 0.009070 0.005466
0 0.453813 0.246435 0.009070 0.005466
0 0.453813 0.236454 0.009070 0.005466
0 0.462210 0.233840 0.009070 0.005466
0 0.453813 0.228850 0.009070 0.005466
0 0.485052 0.246435 0.009070 0.005466
0 0.485052 0.236454 0.009070 0.005466
0 0.493450 0.233840 0.009070 0.005466
0 0.485052 0.228850 0.009070 0.005466
0 0.516292 0.246435 0.009070 0.005466
0 0.516292 0.236454 0.009070 0.005466
0 0.524689 0.233840 0.009070 0.005466
0 0.516292 0.228850 0.009070 0.005466
0 0.561303 0.249049 0.009070 0.005466
0 0.561303 0.238831 0.009070 0.005466
0 0.569701 0.236454 0.009070 0.005466
0 0.561303 0.231226 0.009070 0.005466
0 0.607995 0.249049 0.009070 0.005466
0 0.607995 0.238831 0.009070 0.005466
0 0.616392 0.236454 0.009070 0.005466
0 0.607995 0.231226 0.009070 0.005466
0 0.654686 0.246435 0.009070 0.005466
0 0.654686 0.236454 0.009070 0.005466
0 0.663084 0.233840 0.009070 0.005466
0 0.654686 0.228850 0.009070 0.005466
0 0.689285 0.246435 0.009070 0.005466
0 0.689285 0.236454 0.009070 0.005466
0 0.697682 0.233840 0.009070 0.005466
0 0.689285 0.228850 0.009070 0.005466
0 0.723883 0.246435 0.009070 0.005466
0 0.723883 0.236454 0.009070 0.005466
0 0.732281 0.233840 0.009070 0.005466
0 0.723883 0.228850 0.009070 0.005466
0 0.758482 0.249049 0.009070 0.005466
0 0.758482 0.238831 0.009070 0.005466
0 0.766879 0.236454 0.009070 0.005466
0 0.758482 0.231226 0.009070 0.005466
0 0.805173 0.249049 0.009070 0.005466
0 0.805173 0.238831 0.009070 0.005466
0 0.813571 0.236454 0.009070 0.005466
0 0.805173 0.231226 0.009070 0.005466
0 0.851864 0.251426 0.009070 0.005466
0 0.851864 0.241445 0.009070 0.005466
0 0.851864 0.236454 0.009070 0.005466
0 0.860262 0.233840 0.009070 0.005466
0 0.886463 0.251426 0.009070 0.005466
0 0.886463 0.241445 0.009070 0.005466
0 0.886463 0.236454 0.009070 0.005466
0 0.894861 0.233840 0.009070 0.005466
0 0.921061 0.251426 0.009070 0.005466
0 0.921061 0.241445 0.009070 0.005466
0 0.921061 0.236454 0.009070 0.005466
0 0.929459 0.233840 0.009070 0.005466
0 0.127309 0.501426 0.009070 0.005466
0 0.127309 0.491445 0.009070 0.005466
0 0.135707 0.488831 0.009070 0.005466
0 0.127309 0.483840 0.009070 0.005466
0 0.171985 0.501426 0.009070 0.005466
0 0.171985 0.491445 0.009070 0.005466
0 0.180719 0.488831 0.009070 0.005466
0 0.171985 0.483840 0.009070 0.005466
0 0.216997 0.499049 0.009070 0.005466
0 0.216997 0.488831 0.009070 0.005466
0 0.225395 0.486217 0.009070 0.005466
0 0.216997 0.481226 0.009070 0.005466
0 0.253611 0.499049 0.009070 0.005466
0 0.253611 0.488831 0.009070 0.005466
0 0.262009 0.486217 0.009070 0.005466
0 0.253611 0.481226 0.009070 0.005466
0 0.290225 0.499049 0.009070 0.005466
0 0.290225 0.488831 0.009070 0.005466
0 0.298959 0.486217 0.009070 0.005466
0 0.290225 0.481226 0.009070 0.005466
0 0.327175 0.501426 0.009070 0.005466
0 0.327175 0.491445 0.009070 0.005466
0 0.335573 0.488831 0.009070 0.005466
0 0.327175 0.483840 0.009070 0.005466
0 0.371851 0.501426 0.009070 0.005466
0 0.371851 0.491445 0.009070 0.005466
0 0.380249 0.488831 0.009070 0.005466
0 0.371851 0.483840 0.009070 0.005466
0 0.416527 0.504040 0.009070 0.005466
0 0.416527 0.493821 0.009070 0.005466
0 0.416527 0.488831 0.009070 0.005466
0 0.424924 0.486217 0.009070 0.005466
0 0.453477 0.504040 0.009070 0.005466
0 0.453477 0.493821 0.009070 0.005466
0 0.453477 0.488831 0.009070 0.005466
0 0.461874 0.486217 0.009070 0.005466
0 0.499160 0.504040 0.009070 0.005466
0 0.499160 0.493821 0.009070 0.005466
0 0.499160 0.488831 0.009070 0.005466
0 0.507558 0.486217 0.009070 0.005466
0 0.546859 0.501426 0.009070 0.005466
0 0.546859 0.491445 0.009070 0.005466
0 0.555257 0.488831 0.009070 0.005466
0 0.546859 0.483840 0.009070 0.005466
0 0.591871 0.501426 0.009070 0.005466
0 0.591871 0.491445 0.009070 0.005466
0 0.600269 0.488831 0.009070 0.005466
0 0.591871 0.483840 0.009070 0.005466
0 0.636547 0.499049 0.009070 0.005466
0 0.636547 0.488831 0.009070 0.005466
0 0.644945 0.486217 0.009070 0.005466
0 0.636547 0.481226 0.009070 0.005466
0 0.673161 0.499049 0.009070 0.005466
0 0.673161 0.488831 0.009070 0.005466
0 0.681559 0.486217 0.009070 0.005466
0 0.673161 0.481226 0.009070 0.005466
0 0.709775 0.499049 0.009070 0.005466
0 0.709775 0.488831 0.009070 0.005466
0 0.718509 0.486217 0.009070 0.005466
0 0.709775 0.481226 0.009070 0.005466
0 0.746725 0.501426 0.009070 0.005466
0 0.746725 0.491445 0.009070 0.005466
0 0.755123 0.488831 0.009070 0.005466
0 0.746725 0.483840 0.009070 0.005466
0 0.791401 0.501426 0.009070 0.005466
0 0.791401 0.491445 0.009070 0.005466
0 0.799798 0.488831 0.009070 0.005466
0 0.791401 0.483840 0.009070 0.005466
0 0.836077 0.504040 0.009070 0.005466
0 0.836077 0.493821 0.009070 0.005466
0 0.836077 0.488831 0.009070 0.005466
0 0.844810 0.486217 0.009070 0.005466
0 0.873027 0.504040 0.009070 0.005466
0 0.873027 0.493821 0.009070 0.005466
0 0.873027 0.488831 0.009070 0.005466
0 0.881424 0.486217 0.009070 0.005466
0 0.918710 0.504040 0.009070 0.005466
0 0.918710 0.493821 0.009070 0.005466
0 0.918710 0.488831 0.009070 0.005466
0 0.927444 0.486217 0.009070 0.005466
0 0.133020 0.748099 0.009070 0.005466
0 0.124622 0.738118 0.009070 0.005466
0 0.133020 0.735504 0.009070 0.005466
0 0.133020 0.730513 0.009070 0.005466
0 0.180047 0.748099 0.009070 0.005466
0 0.171313 0.738118 0.009070 0.005466
0 0.180047 0.735504 0.009070 0.005466
0 0.180047 0.730513 0.009070 0.005466
0 0.226738 0.750713 0.009070 0.005466
0 0.226738 0.740494 0.009070 0.005466
0 0.218341 0.735504 0.009070 0.005466
0 0.226738 0.732890 0.009070 0.005466
0 0.265032 0.750713 0.009070 0.005466
0 0.265032 0.740494 0.009070 0.005466
0 0.256634 0.735504 0.009070 0.005466
0 0.265032 0.732890 0.009070 0.005466
0 0.303325 0.750713 0.009070 0.005466
0 0.303325 0.740494 0.009070 0.005466
0 0.294928 0.735504 0.009070 0.005466
0 0.303325 0.732890 0.009070 0.005466
0 0.341955 0.753089 0.009070 0.005466
0 0.341955 0.745485 0.009070 0.005466
0 0.341955 0.740494 0.009070 0.005466
0 0.341955 0.735504 0.009070 0.005466
0 0.388646 0.753089 0.009070 0.005466
0 0.388646 0.745485 0.009070 0.005466
0 0.388646 0.740494 0.009070 0.005466
0 0.388646 0.735504 0.009070 0.005466
0 0.435338 0.755703 0.009070 0.005466
0 0.435338 0.745485 0.009070 0.005466
0 0.426940 0.740494 0.009070 0.005466
0 0.435338 0.738118 0.009070 0.005466
0 0.473967 0.755703 0.009070 0.005466
0 0.473967 0.745485 0.009070 0.005466
0 0.465233 0.740494 0.009070 0.005466
0 0.473967 0.738118 0.009070 0.005466
0 0.521666 0.755703 0.009070 0.005466
0 0.521666 0.745485 0.009070 0.005466
0 0.513268 0.740494 0.009070 0.005466
0 0.521666 0.738118 0.009070 0.005466
0 0.571045 0.758317 0.009070 0.005466
0 0.571045 0.748099 0.009070 0.005466
0 0.571045 0.740494 0.009070 0.005466
0 0.613369 0.758317 0.009070 0.005466
0 0.613369 0.748099 0.009070 0.005466
0 0.613369 0.740494 0.009070 0.005466
0 0.655358 0.760694 0.009070 0.005466
0 0.655358 0.750713 0.009070 0.005466
0 0.655358 0.743108 0.009070 0.005466
0 0.689956 0.760694 0.009070 0.005466
0 0.689956 0.750713 0.009070 0.005466
0 0.689956 0.743108 0.009070 0.005466
0 0.724555 0.760694 0.009070 0.005466
0 0.724555 0.750713 0.009070 0.005466
0 0.724555 0.743108 0.009070 0.005466
0 0.759154 0.765922 0.009070 0.005466
0 0.759154 0.755703 0.009070 0.005466
0 0.759154 0.748099 0.009070 0.005466
0 0.801142 0.765922 0.009070 0.005466
0 0.801142 0.755703 0.009070 0.005466
0 0.801142 0.748099 0.009070 0.005466
0 0.843131 0.765922 0.009070 0.005466
0 0.843131 0.758317 0.009070 0.005466
0 0.877729 0.765922 0.009070 0.005466
0 0.877729 0.758317 0.009070 0.005466
0 0.921061 0.765922 0.009070 0.005466
0 0.921061 0.758317 0.009070 0.005466
0 0.127309 0.428470 0.009741 0.005466
0 0.327175 0.428470 0.009070 0.005466
0 0.476318 0.428470 0.009070 0.005466
0 0.546859 0.428470 0.009741 0.005466
0 0.746725 0.428470 0.009070 0.005466
0 0.836077 0.428470 0.009070 0.005466
0 0.133020 0.680846 0.009070 0.005466
0 0.226738 0.673241 0.009070 0.005466
0 0.341955 0.673241 0.009070 0.005466
0 0.497817 0.688451 0.009070 0.005466
0 0.571381 0.680846 0.009741 0.005466
0 0.759154 0.680846 0.009070 0.005466
0 0.843131 0.680846 0.009070 0.005466
