0 0.151210 0.214778 0.007728 0.004514
0 0.207661 0.216916 0.007728 0.004514
0 0.236559 0.214778 0.007728 0.004514
0 0.874664 0.197196 0.007728 0.004514
0 0.152218 0.437634 0.007728 0.004514
0 0.194892 0.440010 0.007728 0.004514
0 0.159610 0.219054 0.007728 0.004514
0 0.159610 0.205987 0.007728 0.004514
0 0.328965 0.219292 0.007728 0.004514
0 0.328965 0.214778 0.007728 0.004514
0 0.328965 0.205987 0.007728 0.004514
0 0.381384 0.210501 0.007728 0.004514
0 0.381384 0.201711 0.007728 0.004514
0 0.381384 0.192920 0.007728 0.004514
0 0.436492 0.210501 0.007728 0.004514
0 0.436492 0.201711 0.007728 0.004514
0 0.436492 0.192920 0.007728 0.004514
0 0.585013 0.210501 0.007728 0.004514
0 0.585013 0.201711 0.007728 0.004514
0 0.585013 0.192920 0.007728 0.004514
0 0.631048 0.219292 0.007728 0.004514
0 0.631048 0.210501 0.007728 0.004514
0 0.631048 0.199572 0.007728 0.004514
0 0.688172 0.219054 0.007728 0.004514
0 0.688172 0.210501 0.007728 0.004514
0 0.688172 0.199572 0.007728 0.004514
0 0.838038 0.219292 0.007728 0.004514
0 0.838038 0.210501 0.007728 0.004514
0 0.838038 0.199572 0.007728 0.004514
0 0.884745 0.208125 0.007728 0.004514
0 0.884745 0.195058 0.007728 0.004514
0 0.149866 0.446424 0.007728 0.004514
0 0.149866 0.433357 0.007728 0.004514
0 0.221438 0.446424 0.007728 0.004514
0 0.221438 0.442148 0.007728 0.004514
0 0.221438 0.433357 0.007728 0.004514
0 0.267809 0.457353 0.007728 0.004514
0 0.306116 0.455215 0.007728 0.004514
0 0.356855 0.453077 0.007728 0.004514
0 0.427083 0.453077 0.007728 0.004514
0 0.517137 0.450938 0.007728 0.004514
0 0.584677 0.455215 0.007728 0.004514
0 0.612231 0.453077 0.007728 0.004514
0 0.646841 0.450938 0.007728 0.004514
0 0.685820 0.455215 0.007728 0.004514
0 0.722446 0.453077 0.007728 0.004514
0 0.709677 0.450701 0.005376 0.003089
0 0.759073 0.457353 0.007728 0.004514
0 0.845430 0.461867 0.007728 0.004514
0 0.845430 0.446424 0.007728 0.004514
0 0.142137 0.681872 0.007728 0.004514
0 0.142137 0.666667 0.007728 0.004514
0 0.440860 0.681872 0.007728 0.004514
0 0.440860 0.666667 0.007728 0.004514
0 0.626008 0.677596 0.007728 0.004514
0 0.682124 0.677596 0.007728 0.004514
0 0.682124 0.664291 0.007728 0.004514
0 0.719758 0.677596 0.007728 0.004514
0 0.719758 0.664291 0.007728 0.004514
0 0.818548 0.677596 0.007728 0.004514
0 0.818548 0.664291 0.007728 0.004514
0 0.893481 0.677596 0.007728 0.004514
0 0.893481 0.664291 0.007728 0.004514
0 0.141465 0.899976 0.007728 0.004514
0 0.141465 0.889047 0.007728 0.004514
0 0.174731 0.899976 0.007728 0.004514
0 0.174731 0.889047 0.007728 0.004514
0 0.258737 0.899976 0.007728 0.004514
0 0.258737 0.889047 0.007728 0.004514
0 0.324933 0.899976 0.007728 0.004514
0 0.324933 0.889047 0.007728 0.004514
0 0.369624 0.899976 0.007728 0.004514
0 0.369624 0.886671 0.007728 0.004514
0 0.428427 0.899976 0.007728 0.004514
0 0.428427 0.886671 0.007728 0.004514
0 0.521505 0.899976 0.007728 0.004514
0 0.521505 0.886671 0.007728 0.004514
0 0.612567 0.899976 0.007728 0.004514
0 0.612567 0.886671 0.007728 0.004514
0 0.658266 0.899976 0.007728 0.004514
0 0.658266 0.889047 0.007728 0.004514
0 0.695228 0.899976 0.007728 0.004514
0 0.695228 0.889047 0.007728 0.004514
0 0.751680 0.899976 0.007728 0.004514
0 0.751680 0.889047 0.007728 0.004514
0 0.151210 0.152530 0.007728 0.004514
0 0.328965 0.152530 0.007728 0.004514
0 0.381384 0.161321 0.007728 0.004514
0 0.381384 0.154669 0.007728 0.004514
0 0.436492 0.161321 0.007728 0.004514
0 0.436492 0.154669 0.007728 0.004514
0 0.585013 0.161321 0.007728 0.004514
0 0.585013 0.154669 0.007728 0.004514
0 0.631048 0.170112 0.007728 0.004514
0 0.631048 0.163459 0.007728 0.004514
0 0.688172 0.170112 0.007728 0.004514
0 0.688172 0.163459 0.007728 0.004514
0 0.838038 0.170112 0.007728 0.004514
0 0.838038 0.163459 0.007728 0.004514
0 0.845430 0.406035 0.007728 0.004514
0 0.873992 0.403659 0.007728 0.004514
0 0.902554 0.401521 0.007728 0.004514
0 0.788306 0.841768 0.007728 0.004514
0 0.832325 0.843906 0.007728 0.004514
0 0.855175 0.846282 0.007728 0.004514
0 0.900202 0.848420 0.007728 0.004514
0 0.900202 0.843906 0.007728 0.004514
0 0.151210 0.143740 0.007728 0.004514
0 0.138441 0.141601 0.005376 0.003089
0 0.207661 0.145878 0.007728 0.004514
0 0.236559 0.143740 0.007728 0.004514
0 0.328965 0.143740 0.007728 0.004514
0 0.381384 0.143740 0.007728 0.004514
0 0.436492 0.145878 0.007728 0.004514
0 0.492608 0.148016 0.007728 0.004514
0 0.521505 0.150392 0.007728 0.004514
0 0.585013 0.150392 0.007728 0.004514
0 0.631048 0.152530 0.007728 0.004514
0 0.688172 0.154669 0.007728 0.004514
0 0.744960 0.156807 0.007728 0.004514
0 0.774194 0.158945 0.007728 0.004514
0 0.838038 0.158945 0.007728 0.004514
0 0.884745 0.161321 0.007728 0.004514
0 0.149866 0.406035 0.007728 0.004514
0 0.194892 0.408173 0.007728 0.004514
0 0.221438 0.410311 0.007728 0.004514
0 0.267809 0.397244 0.007728 0.004514
0 0.275202 0.394868 0.007728 0.004514
0 0.356855 0.397244 0.007728 0.004514
0 0.364247 0.394868 0.007728 0.004514
0 0.427083 0.397244 0.007728 0.004514
0 0.434476 0.394868 0.007728 0.004514
0 0.472110 0.399382 0.007728 0.004514
0 0.472110 0.394868 0.007728 0.004514
0 0.551075 0.399382 0.007728 0.004514
0 0.551075 0.394868 0.007728 0.004514
0 0.629704 0.401521 0.007728 0.004514
0 0.629704 0.397244 0.007728 0.004514
0 0.637097 0.394868 0.007728 0.004514
0 0.685820 0.401521 0.007728 0.004514
0 0.685820 0.397244 0.007728 0.004514
0 0.693212 0.394868 0.007728 0.004514
0 0.722446 0.401521 0.007728 0.004514
0 0.722446 0.397244 0.007728 0.004514
0 0.729839 0.394868 0.007728 0.004514
0 0.795699 0.401521 0.007728 0.004514
0 0.795699 0.397244 0.007728 0.004514
0 0.803091 0.394868 0.007728 0.004514
0 0.848118 0.410311 0.007728 0.004514
0 0.848118 0.397244 0.007728 0.004514
0 0.142137 0.631504 0.007728 0.004514
0 0.142137 0.620575 0.007728 0.004514
0 0.172043 0.622713 0.007728 0.004514
0 0.201949 0.631504 0.007728 0.004514
0 0.231855 0.625089 0.007728 0.004514
0 0.261761 0.620575 0.007728 0.004514
0 0.299059 0.613923 0.007728 0.004514
0 0.328629 0.618437 0.007728 0.004514
0 0.353831 0.620575 0.007728 0.004514
0 0.379032 0.625089 0.007728 0.004514
0 0.404234 0.629366 0.007728 0.004514
0 0.440860 0.627227 0.007728 0.004514
0 0.469086 0.622713 0.007728 0.004514
0 0.504368 0.616298 0.007728 0.004514
0 0.532594 0.611784 0.007728 0.004514
0 0.561156 0.607508 0.007728 0.004514
0 0.589382 0.600855 0.007728 0.004514
0 0.682124 0.613923 0.007728 0.004514
0 0.746976 0.607508 0.007728 0.004514
0 0.764113 0.611784 0.007728 0.004514
0 0.781250 0.613923 0.007728 0.004514
0 0.856183 0.616298 0.007728 0.004514
0 0.893481 0.613923 0.007728 0.004514
0 0.141465 0.830839 0.007728 0.004514
0 0.174731 0.819910 0.007728 0.004514
0 0.191868 0.822048 0.007728 0.004514
0 0.208669 0.826562 0.007728 0.004514
0 0.225806 0.828700 0.007728 0.004514
0 0.292003 0.830839 0.007728 0.004514
0 0.324933 0.832977 0.007728 0.004514
0 0.369624 0.835353 0.007728 0.004514
0 0.389113 0.837491 0.007728 0.004514
0 0.408602 0.835353 0.007728 0.004514
0 0.428427 0.828700 0.007728 0.004514
0 0.447917 0.832977 0.007728 0.004514
0 0.467406 0.837491 0.007728 0.004514
0 0.487231 0.835353 0.007728 0.004514
0 0.546707 0.832977 0.007728 0.004514
0 0.562500 0.835353 0.007728 0.004514
0 0.577957 0.837491 0.007728 0.004514
0 0.612567 0.835353 0.007728 0.004514
0 0.658266 0.830839 0.007728 0.004514
0 0.695228 0.828700 0.007728 0.004514
0 0.714046 0.830839 0.007728 0.004514
0 0.732863 0.837491 0.007728 0.004514
0 0.751680 0.837491 0.007728 0.004514
0 0.751680 0.822048 0.007728 0.004514
0 0.788306 0.841768 0.007728 0.004514
0 0.825269 0.841768 0.007728 0.004514
0 0.892809 0.841768 0.007728 0.004514
0 0.151210 0.091708 0.007728 0.004514
0 0.236559 0.091708 0.007728 0.004514
0 0.337366 0.317890 0.007728 0.004514
0 0.376680 0.317890 0.007728 0.004514
0 0.427083 0.317890 0.007728 0.004514
0 0.454973 0.317890 0.007728 0.004514
0 0.489583 0.317890 0.007728 0.004514
0 0.517137 0.317890 0.007728 0.004514
0 0.584677 0.317890 0.007728 0.004514
0 0.629704 0.311475 0.007728 0.004514
0 0.685820 0.315752 0.007728 0.004514
0 0.722446 0.313614 0.007728 0.004514
0 0.759073 0.317890 0.007728 0.004514
0 0.795699 0.317890 0.007728 0.004514
0 0.873992 0.315752 0.007728 0.004514
0 0.902554 0.328819 0.007728 0.004514
0 0.142137 0.562842 0.007728 0.004514
0 0.231855 0.564980 0.007728 0.004514
0 0.280242 0.564980 0.007728 0.004514
0 0.328629 0.554051 0.007728 0.004514
0 0.379032 0.556189 0.007728 0.004514
0 0.404234 0.558327 0.007728 0.004514
0 0.440860 0.556189 0.007728 0.004514
0 0.893481 0.556189 0.007728 0.004514
0 0.141465 0.776194 0.007728 0.004514
0 0.292003 0.776194 0.007728 0.004514
0 0.487231 0.776194 0.007728 0.004514
0 0.521505 0.776194 0.007728 0.004514
0 0.577957 0.776194 0.007728 0.004514
0 0.612567 0.776194 0.007728 0.004514
0 0.658266 0.776194 0.007728 0.004514
0 0.751680 0.776194 0.007728 0.004514
0 0.825269 0.780708 0.007728 0.004514
0 0.873992 0.780708 0.007728 0.004514
