0 0.603495 0.412687 0.009745 0.005702
0 0.682124 0.415301 0.009745 0.005702
0 0.774530 0.417914 0.009745 0.005702
0 0.853159 0.415301 0.009745 0.005702
0 0.262433 0.393680 0.009745 0.005702
0 0.262433 0.382989 0.009745 0.005702
0 0.246304 0.380138 0.006720 0.003801
0 0.334005 0.412687 0.009745 0.005702
0 0.334005 0.401758 0.009745 0.005702
0 0.318212 0.398907 0.006720 0.003801
0 0.432796 0.412687 0.009745 0.005702
0 0.432796 0.401758 0.009745 0.005702
0 0.417003 0.398907 0.006720 0.003801
0 0.504704 0.412687 0.009745 0.005702
0 0.504704 0.401758 0.009745 0.005702
0 0.488575 0.398907 0.006720 0.003801
0 0.603495 0.401758 0.009745 0.005702
0 0.587366 0.398907 0.006720 0.003801
0 0.774530 0.401758 0.009745 0.005702
0 0.175739 0.660727 0.009745 0.005702
0 0.175739 0.650036 0.009745 0.005702
0 0.159610 0.647185 0.006720 0.003801
0 0.297043 0.660727 0.009745 0.005702
0 0.297043 0.650036 0.009745 0.005702
0 0.281250 0.647185 0.006720 0.003801
0 0.432124 0.660727 0.009745 0.005702
0 0.432124 0.650036 0.009745 0.005702
0 0.415995 0.647185 0.006720 0.003801
0 0.561492 0.660727 0.009745 0.005702
0 0.561492 0.650036 0.009745 0.005702
0 0.545363 0.647185 0.006720 0.003801
0 0.671371 0.660727 0.009745 0.005702
0 0.671371 0.650036 0.009745 0.005702
0 0.655578 0.647185 0.006720 0.003801
0 0.821237 0.660727 0.009745 0.005702
0 0.821237 0.650036 0.009745 0.005702
0 0.805444 0.647185 0.006720 0.003801
0 0.175739 0.908767 0.009745 0.005702
0 0.175739 0.898076 0.009745 0.005702
0 0.159610 0.895225 0.006720 0.003801
0 0.291331 0.903540 0.009745 0.005702
0 0.291331 0.892611 0.009745 0.005702
0 0.404906 0.908767 0.009745 0.005702
0 0.404906 0.898076 0.009745 0.005702
0 0.379032 0.895225 0.006720 0.003801
0 0.578629 0.908767 0.009745 0.005702
0 0.578629 0.898076 0.009745 0.005702
0 0.562836 0.895225 0.006720 0.003801
0 0.760417 0.908767 0.009745 0.005702
0 0.760417 0.898076 0.009745 0.005702
0 0.744624 0.895225 0.006720 0.003801
0 0.846102 0.908767 0.009745 0.005702
0 0.846102 0.898076 0.009745 0.005702
0 0.830309 0.895225 0.006720 0.003801
0 0.262433 0.331433 0.009745 0.005702
0 0.262433 0.317890 0.009745 0.005702
0 0.246304 0.315277 0.006720 0.003801
0 0.334005 0.350440 0.009745 0.005702
0 0.334005 0.336897 0.009745 0.005702
0 0.318212 0.334046 0.006720 0.003801
0 0.432796 0.350440 0.009745 0.005702
0 0.432796 0.336897 0.009745 0.005702
0 0.417003 0.334046 0.006720 0.003801
0 0.504704 0.350440 0.009745 0.005702
0 0.504704 0.336897 0.009745 0.005702
0 0.488575 0.334046 0.006720 0.003801
0 0.603495 0.350440 0.009745 0.005702
0 0.603495 0.336897 0.009745 0.005702
0 0.587366 0.334046 0.006720 0.003801
0 0.774530 0.350440 0.009745 0.005702
0 0.774530 0.336897 0.009745 0.005702
0 0.175739 0.612259 0.009745 0.005702
0 0.175739 0.598717 0.009745 0.005702
0 0.159610 0.595866 0.006720 0.003801
0 0.297043 0.612259 0.009745 0.005702
0 0.297043 0.598717 0.009745 0.005702
0 0.281250 0.595866 0.006720 0.003801
0 0.432124 0.612259 0.009745 0.005702
0 0.432124 0.598717 0.009745 0.005702
0 0.415995 0.595866 0.006720 0.003801
0 0.561492 0.612259 0.009745 0.005702
0 0.561492 0.598717 0.009745 0.005702
0 0.545363 0.595866 0.006720 0.003801
0 0.671371 0.612259 0.009745 0.005702
0 0.671371 0.598717 0.009745 0.005702
0 0.655578 0.595866 0.006720 0.003801
0 0.821237 0.612259 0.009745 0.005702
0 0.821237 0.598717 0.009745 0.005702
0 0.805444 0.595866 0.006720 0.003801
0 0.175739 0.860299 0.009745 0.005702
0 0.175739 0.846995 0.009745 0.005702
0 0.159610 0.844144 0.006720 0.003801
0 0.291331 0.855072 0.009745 0.005702
0 0.291331 0.849608 0.009745 0.005702
0 0.404906 0.860299 0.009745 0.005702
0 0.404906 0.846995 0.009745 0.005702
0 0.388777 0.844144 0.006720 0.003801
0 0.578629 0.860299 0.009745 0.005702
0 0.578629 0.846995 0.009745 0.005702
0 0.562836 0.844144 0.006720 0.003801
0 0.760417 0.860299 0.009745 0.005702
0 0.760417 0.846995 0.009745 0.005702
0 0.744624 0.844144 0.006720 0.003801
0 0.846102 0.860299 0.009745 0.005702
0 0.846102 0.846995 0.009745 0.005702
0 0.830309 0.844144 0.006720 0.003801
0 0.175739 0.531955 0.009745 0.005702
0 0.229503 0.529104 0.009745 0.005702
0 0.263441 0.526491 0.009745 0.005702
0 0.297043 0.521026 0.009745 0.005702
0 0.351142 0.521026 0.009745 0.005702
0 0.432124 0.518413 0.009745 0.005702
0 0.464382 0.526491 0.009745 0.005702
0 0.496640 0.526491 0.009745 0.005702
0 0.529234 0.518413 0.009745 0.005702
0 0.561492 0.521026 0.009745 0.005702
0 0.671371 0.531955 0.009745 0.005702
0 0.709005 0.531955 0.009745 0.005702
0 0.746304 0.529104 0.009745 0.005702
0 0.783938 0.526491 0.009745 0.005702
0 0.821237 0.521026 0.009745 0.005702
0 0.858871 0.521026 0.009745 0.005702
0 0.175739 0.766453 0.009745 0.005702
0 0.226815 0.774531 0.009745 0.005702
0 0.258737 0.766453 0.009745 0.005702
0 0.291331 0.763839 0.009745 0.005702
0 0.404906 0.779995 0.009745 0.005702
0 0.447917 0.779995 0.009745 0.005702
0 0.490927 0.777382 0.009745 0.005702
0 0.535954 0.774531 0.009745 0.005702
0 0.578629 0.769304 0.009745 0.005702
0 0.647513 0.769304 0.009745 0.005702
0 0.690524 0.769304 0.009745 0.005702
0 0.760417 0.766453 0.009745 0.005702
0 0.803427 0.774531 0.009745 0.005702
0 0.846102 0.769304 0.009745 0.005702
