0 0.116013 0.279545 0.010131 0.006566
0 0.116013 0.258081 0.010131 0.006566
0 0.194444 0.279545 0.010131 0.006566
0 0.194444 0.258081 0.010131 0.006566
0 0.273203 0.279545 0.010131 0.006566
0 0.273203 0.258081 0.010131 0.006566
0 0.351634 0.279545 0.010131 0.006566
0 0.351634 0.258081 0.010131 0.006566
0 0.426797 0.279545 0.010131 0.006566
0 0.426797 0.258081 0.010131 0.006566
0 0.503595 0.279545 0.010131 0.006566
0 0.503595 0.258081 0.010131 0.006566
0 0.580719 0.279545 0.010131 0.006566
0 0.580719 0.258081 0.010131 0.006566
0 0.657516 0.279545 0.010131 0.006566
0 0.657516 0.258081 0.010131 0.006566
0 0.738889 0.279545 0.010131 0.006566
0 0.738889 0.258081 0.010131 0.006566
0 0.803922 0.279545 0.010131 0.006566
0 0.803922 0.258081 0.010131 0.006566
0 0.854902 0.279545 0.010131 0.006566
0 0.854902 0.258081 0.010131 0.006566
0 0.906209 0.279545 0.010131 0.006566
0 0.906209 0.258081 0.010131 0.006566
0 0.116013 0.553788 0.010131 0.006566
0 0.116013 0.532576 0.010131 0.006566
0 0.197059 0.553788 0.010131 0.006566
0 0.197059 0.532576 0.010131 0.006566
0 0.258824 0.553788 0.010131 0.006566
0 0.258824 0.532576 0.010131 0.006566
0 0.335948 0.553788 0.010131 0.006566
0 0.335948 0.532576 0.010131 0.006566
0 0.432680 0.553788 0.010131 0.006566
0 0.432680 0.532576 0.010131 0.006566
0 0.482680 0.553788 0.010131 0.006566
0 0.482680 0.532576 0.010131 0.006566
0 0.545098 0.553788 0.010131 0.006566
0 0.545098 0.532576 0.010131 0.006566
0 0.595098 0.553788 0.010131 0.006566
0 0.595098 0.532576 0.010131 0.006566
0 0.662418 0.553788 0.010131 0.006566
0 0.662418 0.532576 0.010131 0.006566
0 0.739869 0.553788 0.010131 0.006566
0 0.739869 0.532576 0.010131 0.006566
0 0.801961 0.553788 0.010131 0.006566
0 0.801961 0.532576 0.010131 0.006566
0 0.879739 0.553788 0.010131 0.006566
0 0.879739 0.532576 0.010131 0.006566
0 0.116013 0.830556 0.010131 0.006566
0 0.116013 0.809343 0.010131 0.006566
0 0.168954 0.830556 0.010131 0.006566
0 0.168954 0.809343 0.010131 0.006566
0 0.222222 0.830556 0.010131 0.006566
0 0.222222 0.809343 0.010131 0.006566
0 0.288562 0.830556 0.010131 0.006566
0 0.288562 0.809343 0.010131 0.006566
0 0.363399 0.830556 0.010131 0.006566
0 0.363399 0.809343 0.010131 0.006566
0 0.434641 0.830556 0.010131 0.006566
0 0.434641 0.809343 0.010131 0.006566
0 0.491503 0.830556 0.010131 0.006566
0 0.491503 0.809343 0.010131 0.006566
0 0.562745 0.830556 0.010131 0.006566
0 0.562745 0.809343 0.010131 0.006566
0 0.635621 0.830556 0.010131 0.006566
0 0.635621 0.809343 0.010131 0.006566
0 0.720261 0.830556 0.010131 0.006566
0 0.720261 0.809343 0.010131 0.006566
0 0.804902 0.830556 0.010131 0.006566
0 0.804902 0.809343 0.010131 0.006566
0 0.872549 0.830556 0.010131 0.006566
0 0.872549 0.809343 0.010131 0.006566
0 0.116013 0.182071 0.010131 0.006566
0 0.116013 0.172980 0.010131 0.006566
0 0.194444 0.182071 0.010131 0.006566
0 0.194444 0.172980 0.010131 0.006566
0 0.273203 0.182071 0.010131 0.006566
0 0.273203 0.172980 0.010131 0.006566
0 0.351634 0.182071 0.010131 0.006566
0 0.351634 0.172980 0.010131 0.006566
0 0.426797 0.182071 0.010131 0.006566
0 0.426797 0.172980 0.010131 0.006566
0 0.503595 0.182071 0.010131 0.006566
0 0.503595 0.172980 0.010131 0.006566
0 0.580719 0.182071 0.010131 0.006566
0 0.580719 0.172980 0.010131 0.006566
0 0.657516 0.182071 0.010131 0.006566
0 0.657516 0.172980 0.010131 0.006566
0 0.738889 0.182071 0.010131 0.006566
0 0.738889 0.172980 0.010131 0.006566
0 0.803922 0.182071 0.010131 0.006566
0 0.803922 0.172980 0.010131 0.006566
0 0.854902 0.182071 0.010131 0.006566
0 0.854902 0.172980 0.010131 0.006566
0 0.906209 0.182071 0.010131 0.006566
0 0.906209 0.172980 0.010131 0.006566
0 0.116013 0.456566 0.010131 0.006566
0 0.116013 0.447222 0.010131 0.006566
0 0.197059 0.456566 0.010131 0.006566
0 0.197059 0.447222 0.010131 0.006566
0 0.258824 0.456566 0.010131 0.006566
0 0.258824 0.447222 0.010131 0.006566
0 0.335948 0.456566 0.010131 0.006566
0 0.335948 0.447222 0.010131 0.006566
0 0.432680 0.456566 0.010131 0.006566
0 0.432680 0.447222 0.010131 0.006566
0 0.482680 0.456566 0.010131 0.006566
0 0.482680 0.447222 0.010131 0.006566
0 0.545098 0.456566 0.010131 0.006566
0 0.545098 0.447222 0.010131 0.006566
0 0.595098 0.456566 0.010131 0.006566
0 0.595098 0.447222 0.010131 0.006566
0 0.662418 0.456566 0.010131 0.006566
0 0.662418 0.447222 0.010131 0.006566
0 0.739869 0.456566 0.010131 0.006566
0 0.739869 0.447222 0.010131 0.006566
0 0.801961 0.456566 0.010131 0.006566
0 0.801961 0.447222 0.010131 0.006566
0 0.879739 0.456566 0.010131 0.006566
0 0.879739 0.447222 0.010131 0.006566
0 0.116013 0.730808 0.010131 0.006566
0 0.116013 0.721717 0.010131 0.006566
0 0.168954 0.730808 0.010131 0.006566
0 0.168954 0.721717 0.010131 0.006566
0 0.222222 0.730808 0.010131 0.006566
0 0.222222 0.721717 0.010131 0.006566
0 0.288562 0.730808 0.010131 0.006566
0 0.288562 0.721717 0.010131 0.006566
0 0.363399 0.730808 0.010131 0.006566
0 0.363399 0.721717 0.010131 0.006566
0 0.434641 0.730808 0.010131 0.006566
0 0.434641 0.721717 0.010131 0.006566
0 0.491503 0.730808 0.010131 0.006566
0 0.491503 0.721717 0.010131 0.006566
0 0.562745 0.730808 0.010131 0.006566
0 0.562745 0.721717 0.010131 0.006566
0 0.635621 0.730808 0.010131 0.006566
0 0.635621 0.721717 0.010131 0.006566
0 0.720261 0.730808 0.010131 0.006566
0 0.720261 0.721717 0.010131 0.006566
0 0.804902 0.730808 0.010131 0.006566
0 0.804902 0.721717 0.010131 0.006566
0 0.872549 0.730808 0.010131 0.006566
0 0.872549 0.721717 0.010131 0.006566
0 0.128758 0.182071 0.010784 0.006566
0 0.128758 0.160859 0.010784 0.006566
0 0.285948 0.182071 0.010131 0.006566
0 0.285948 0.160859 0.010131 0.006566
0 0.439869 0.182071 0.010784 0.006566
0 0.439869 0.160859 0.010784 0.006566
0 0.593464 0.182071 0.010131 0.006566
0 0.593464 0.160859 0.010131 0.006566
0 0.751961 0.182071 0.010784 0.006566
0 0.751961 0.160859 0.010784 0.006566
0 0.867647 0.182071 0.010131 0.006566
0 0.867647 0.160859 0.010131 0.006566
0 0.128758 0.456566 0.010784 0.006566
0 0.128758 0.435101 0.010784 0.006566
0 0.271569 0.456566 0.010131 0.006566
0 0.271569 0.435101 0.010131 0.006566
0 0.445752 0.456566 0.010784 0.006566
0 0.445752 0.435101 0.010784 0.006566
0 0.557843 0.456566 0.010131 0.006566
0 0.557843 0.435101 0.010131 0.006566
0 0.675490 0.456566 0.010784 0.006566
0 0.675490 0.435101 0.010784 0.006566
0 0.814706 0.456566 0.010131 0.006566
0 0.814706 0.435101 0.010131 0.006566
0 0.128758 0.730808 0.010784 0.006566
0 0.128758 0.709596 0.010784 0.006566
0 0.234967 0.730808 0.010131 0.006566
0 0.234967 0.709596 0.010131 0.006566
0 0.376471 0.730808 0.010784 0.006566
0 0.376471 0.709596 0.010784 0.006566
0 0.504248 0.730808 0.010131 0.006566
0 0.504248 0.709596 0.010131 0.006566
0 0.648693 0.730808 0.010784 0.006566
0 0.648693 0.709596 0.010784 0.006566
0 0.817647 0.730808 0.010131 0.006566
0 0.817647 0.709596 0.010131 0.006566
0 0.155229 0.102525 0.010131 0.006566
0 0.194444 0.102525 0.010131 0.006566
0 0.233660 0.102525 0.010131 0.006566
0 0.273203 0.102525 0.010131 0.006566
0 0.312418 0.102525 0.010131 0.006566
0 0.351634 0.093434 0.010131 0.006566
0 0.465359 0.102525 0.010131 0.006566
0 0.503595 0.102525 0.010131 0.006566
0 0.542157 0.102525 0.010131 0.006566
0 0.580719 0.102525 0.010131 0.006566
0 0.618954 0.102525 0.010131 0.006566
0 0.657516 0.102525 0.010131 0.006566
0 0.738889 0.102525 0.010131 0.006566
0 0.771895 0.102525 0.010131 0.006566
0 0.803922 0.093434 0.010131 0.006566
0 0.116013 0.376768 0.010131 0.006566
0 0.154248 0.376768 0.010131 0.006566
0 0.197059 0.376768 0.010131 0.006566
0 0.258824 0.376768 0.010131 0.006566
0 0.297386 0.376768 0.010131 0.006566
0 0.335948 0.376768 0.010131 0.006566
0 0.374510 0.376768 0.010131 0.006566
0 0.432680 0.376768 0.010131 0.006566
0 0.482680 0.376768 0.010131 0.006566
0 0.513725 0.376768 0.010131 0.006566
0 0.545098 0.367677 0.010131 0.006566
0 0.662418 0.376768 0.010131 0.006566
0 0.701307 0.376768 0.010131 0.006566
0 0.739869 0.376768 0.010131 0.006566
0 0.801961 0.376768 0.010131 0.006566
0 0.840850 0.376768 0.010131 0.006566
0 0.879739 0.376768 0.010131 0.006566
0 0.918301 0.376768 0.010131 0.006566
0 0.255229 0.651263 0.010131 0.006566
0 0.288562 0.651263 0.010131 0.006566
0 0.363399 0.651263 0.010131 0.006566
0 0.399020 0.651263 0.010131 0.006566
0 0.434641 0.651263 0.010131 0.006566
0 0.491503 0.651263 0.010131 0.006566
0 0.527124 0.651263 0.010131 0.006566
0 0.562745 0.641919 0.010131 0.006566
0 0.635621 0.651263 0.010131 0.006566
0 0.677778 0.651263 0.010131 0.006566
0 0.720261 0.651263 0.010131 0.006566
0 0.762418 0.651263 0.010131 0.006566
0 0.804902 0.651263 0.010131 0.006566
0 0.872549 0.651263 0.010131 0.006566
0 0.914706 0.651263 0.010131 0.006566
