0 0.143433 0.208650 0.009741 0.005703
0 0.177024 0.197719 0.009741 0.005703
0 0.210951 0.189639 0.009741 0.005703
0 0.244877 0.154705 0.009741 0.005703
0 0.278804 0.149240 0.009741 0.005703
0 0.312395 0.135932 0.009741 0.005703
0 0.346322 0.208650 0.009741 0.005703
0 0.380249 0.197719 0.009741 0.005703
0 0.414175 0.189639 0.009741 0.005703
0 0.448102 0.154705 0.009741 0.005703
0 0.481693 0.149240 0.009741 0.005703
0 0.515620 0.135932 0.009741 0.005703
0 0.549547 0.208650 0.009741 0.005703
0 0.583473 0.195105 0.009741 0.005703
0 0.617400 0.189639 0.009741 0.005703
0 0.650991 0.154705 0.009741 0.005703
0 0.684918 0.146625 0.009741 0.005703
0 0.718844 0.141160 0.009741 0.005703
0 0.752771 0.135932 0.009741 0.005703
0 0.786362 0.141160 0.009741 0.005703
0 0.820289 0.146625 0.009741 0.005703
0 0.854216 0.154705 0.009741 0.005703
0 0.888142 0.189639 0.009741 0.005703
0 0.922069 0.195105 0.009741 0.005703
0 0.143433 0.432747 0.009741 0.005703
0 0.177024 0.416587 0.009741 0.005703
0 0.210951 0.413973 0.009741 0.005703
0 0.244877 0.379040 0.009741 0.005703
0 0.278804 0.373574 0.009741 0.005703
0 0.312395 0.360029 0.009741 0.005703
0 0.346322 0.432747 0.009741 0.005703
0 0.380249 0.422053 0.009741 0.005703
0 0.414175 0.411359 0.009741 0.005703
0 0.448102 0.376188 0.009741 0.005703
0 0.481693 0.368108 0.009741 0.005703
0 0.515620 0.354800 0.009741 0.005703
0 0.549547 0.432747 0.009741 0.005703
0 0.583473 0.422053 0.009741 0.005703
0 0.617400 0.413973 0.009741 0.005703
0 0.650991 0.379040 0.009741 0.005703
0 0.684918 0.373574 0.009741 0.005703
0 0.718844 0.365494 0.009741 0.005703
0 0.752771 0.360029 0.009741 0.005703
0 0.786362 0.365494 0.009741 0.005703
0 0.820289 0.373574 0.009741 0.005703
0 0.854216 0.379040 0.009741 0.005703
0 0.888142 0.413973 0.009741 0.005703
0 0.922069 0.422053 0.009741 0.005703
0 0.143433 0.659696 0.009741 0.005703
0 0.177024 0.646388 0.009741 0.005703
0 0.210951 0.640922 0.009741 0.005703
0 0.244877 0.603137 0.009741 0.005703
0 0.278804 0.597909 0.009741 0.005703
0 0.312395 0.584363 0.009741 0.005703
0 0.346322 0.614068 0.009741 0.005703
0 0.380249 0.608603 0.009741 0.005703
0 0.414175 0.603137 0.009741 0.005703
0 0.448102 0.600523 0.009741 0.005703
0 0.481693 0.589829 0.009741 0.005703
0 0.515620 0.584363 0.009741 0.005703
0 0.549547 0.649002 0.009741 0.005703
0 0.583473 0.614068 0.009741 0.005703
0 0.617400 0.605989 0.009741 0.005703
0 0.650991 0.600523 0.009741 0.005703
0 0.684918 0.589829 0.009741 0.005703
0 0.718844 0.586977 0.009741 0.005703
0 0.752771 0.616683 0.009741 0.005703
0 0.786362 0.611217 0.009741 0.005703
0 0.820289 0.603137 0.009741 0.005703
0 0.854216 0.597909 0.009741 0.005703
0 0.888142 0.592443 0.009741 0.005703
0 0.922069 0.584363 0.009741 0.005703
0 0.149815 0.889496 0.009741 0.005703
0 0.183406 0.873337 0.009741 0.005703
0 0.216997 0.865257 0.009741 0.005703
0 0.250588 0.830086 0.009741 0.005703
0 0.284179 0.824620 0.009741 0.005703
0 0.317770 0.811312 0.009741 0.005703
0 0.351360 0.886644 0.009741 0.005703
0 0.384951 0.873337 0.009741 0.005703
0 0.418542 0.867871 0.009741 0.005703
0 0.452133 0.830086 0.009741 0.005703
0 0.485724 0.824620 0.009741 0.005703
0 0.519315 0.811312 0.009741 0.005703
0 0.552906 0.884030 0.009741 0.005703
0 0.586496 0.873337 0.009741 0.005703
0 0.620087 0.870485 0.009741 0.005703
0 0.653678 0.830086 0.009741 0.005703
0 0.687269 0.824620 0.009741 0.005703
0 0.720860 0.811312 0.009741 0.005703
0 0.754451 0.886644 0.009741 0.005703
0 0.788042 0.873337 0.009741 0.005703
0 0.821633 0.867871 0.009741 0.005703
0 0.855223 0.830086 0.009741 0.005703
0 0.888478 0.824620 0.009741 0.005703
0 0.922069 0.819392 0.009741 0.005703
0 0.143433 0.087452 0.009741 0.005703
0 0.278804 0.087452 0.009741 0.005703
0 0.346322 0.087452 0.009741 0.005703
0 0.414175 0.087452 0.009741 0.005703
0 0.481693 0.087452 0.009741 0.005703
0 0.549547 0.087452 0.009741 0.005703
0 0.684918 0.087452 0.009741 0.005703
0 0.888142 0.087452 0.009741 0.005703
0 0.143433 0.295390 0.009741 0.005703
0 0.210951 0.295390 0.009741 0.005703
0 0.278804 0.295390 0.009741 0.005703
0 0.346322 0.298004 0.009741 0.005703
0 0.481693 0.298004 0.009741 0.005703
0 0.549547 0.300856 0.009741 0.005703
0 0.888142 0.300856 0.009741 0.005703
0 0.143433 0.519724 0.009741 0.005703
0 0.210951 0.519724 0.009741 0.005703
0 0.278804 0.519724 0.009741 0.005703
0 0.346322 0.522338 0.009741 0.005703
0 0.414175 0.522338 0.009741 0.005703
0 0.481693 0.522338 0.009741 0.005703
0 0.549547 0.511644 0.009741 0.005703
0 0.617400 0.511644 0.009741 0.005703
0 0.684918 0.511644 0.009741 0.005703
0 0.752771 0.514259 0.009741 0.005703
0 0.820289 0.514259 0.009741 0.005703
0 0.888142 0.514259 0.009741 0.005703
0 0.149815 0.738593 0.009741 0.005703
0 0.351360 0.741207 0.009741 0.005703
0 0.418542 0.741207 0.009741 0.005703
0 0.485724 0.741207 0.009741 0.005703
0 0.552906 0.743821 0.009741 0.005703
