0 0.129325 0.213878 0.009741 0.005703
0 0.162916 0.203184 0.009741 0.005703
0 0.196507 0.195105 0.009741 0.005703
0 0.230433 0.165399 0.009741 0.005703
0 0.264024 0.160171 0.009741 0.005703
0 0.297615 0.152091 0.009741 0.005703
0 0.331206 0.146625 0.009741 0.005703
0 0.364797 0.152091 0.009741 0.005703
0 0.398388 0.160171 0.009741 0.005703
0 0.431979 0.165399 0.009741 0.005703
0 0.465569 0.195105 0.009741 0.005703
0 0.499496 0.203184 0.009741 0.005703
0 0.555593 0.213878 0.009741 0.005703
0 0.588848 0.203184 0.009741 0.005703
0 0.622103 0.195105 0.009741 0.005703
0 0.655694 0.165399 0.009741 0.005703
0 0.688949 0.160171 0.009741 0.005703
0 0.722204 0.157319 0.009741 0.005703
0 0.755794 0.146625 0.009741 0.005703
0 0.789049 0.157319 0.009741 0.005703
0 0.822304 0.160171 0.009741 0.005703
0 0.855895 0.165399 0.009741 0.005703
0 0.889150 0.195105 0.009741 0.005703
0 0.922405 0.203184 0.009741 0.005703
0 0.128989 0.447243 0.009741 0.005703
0 0.155862 0.436312 0.009741 0.005703
0 0.182734 0.433698 0.009741 0.005703
0 0.209271 0.398764 0.009741 0.005703
0 0.236144 0.393298 0.009741 0.005703
0 0.263016 0.390684 0.009741 0.005703
0 0.289889 0.403992 0.009741 0.005703
0 0.316762 0.393298 0.009741 0.005703
0 0.343635 0.390684 0.009741 0.005703
0 0.370507 0.379753 0.009741 0.005703
0 0.397380 0.374525 0.009741 0.005703
0 0.423917 0.371673 0.009741 0.005703
0 0.464226 0.360979 0.009741 0.005703
0 0.723883 0.452709 0.009741 0.005703
0 0.723883 0.441778 0.009741 0.005703
0 0.723883 0.428232 0.009741 0.005703
0 0.128653 0.664211 0.009741 0.005703
0 0.128653 0.656131 0.009741 0.005703
0 0.128653 0.650903 0.009741 0.005703
0 0.233121 0.683222 0.009741 0.005703
0 0.233121 0.672291 0.009741 0.005703
0 0.233121 0.664211 0.009741 0.005703
0 0.354048 0.675143 0.009741 0.005703
0 0.378569 0.664211 0.009741 0.005703
0 0.403426 0.656131 0.009741 0.005703
0 0.427948 0.626426 0.009741 0.005703
0 0.452469 0.621198 0.009741 0.005703
0 0.477326 0.613118 0.009741 0.005703
0 0.501847 0.607652 0.009741 0.005703
0 0.526705 0.613118 0.009741 0.005703
0 0.551226 0.621198 0.009741 0.005703
0 0.575747 0.626426 0.009741 0.005703
0 0.600605 0.656131 0.009741 0.005703
0 0.625126 0.664211 0.009741 0.005703
0 0.660060 0.675143 0.009741 0.005703
0 0.684582 0.664211 0.009741 0.005703
0 0.709439 0.656131 0.009741 0.005703
0 0.733960 0.626426 0.009741 0.005703
0 0.758818 0.621198 0.009741 0.005703
0 0.783339 0.613118 0.009741 0.005703
0 0.807860 0.607652 0.009741 0.005703
0 0.832718 0.613118 0.009741 0.005703
0 0.857239 0.621198 0.009741 0.005703
0 0.881760 0.626426 0.009741 0.005703
0 0.906617 0.656131 0.009741 0.005703
0 0.931139 0.664211 0.009741 0.005703
0 0.128653 0.894724 0.009741 0.005703
0 0.156533 0.884030 0.009741 0.005703
0 0.184750 0.875951 0.009741 0.005703
0 0.212630 0.846245 0.009741 0.005703
0 0.240511 0.841017 0.009741 0.005703
0 0.268727 0.832700 0.009741 0.005703
0 0.296607 0.827471 0.009741 0.005703
0 0.324488 0.822006 0.009741 0.005703
0 0.352704 0.813926 0.009741 0.005703
0 0.380584 0.808460 0.009741 0.005703
0 0.408801 0.803232 0.009741 0.005703
0 0.436681 0.795152 0.009741 0.005703
0 0.603964 0.875951 0.009741 0.005703
0 0.603964 0.865257 0.009741 0.005703
0 0.603964 0.857177 0.009741 0.005703
0 0.726234 0.894724 0.009741 0.005703
0 0.726234 0.884030 0.009741 0.005703
0 0.726234 0.875951 0.009741 0.005703
0 0.723883 0.393298 0.009741 0.005703
0 0.723883 0.385219 0.009741 0.005703
0 0.723883 0.379753 0.009741 0.005703
0 0.723883 0.374525 0.009741 0.005703
0 0.128653 0.621198 0.009741 0.005703
0 0.128653 0.613118 0.009741 0.005703
0 0.128653 0.607652 0.009741 0.005703
0 0.128653 0.602186 0.009741 0.005703
0 0.233121 0.634506 0.009741 0.005703
0 0.233121 0.623812 0.009741 0.005703
0 0.242190 0.621198 0.009741 0.005703
0 0.233121 0.615732 0.009741 0.005703
0 0.477998 0.808460 0.009741 0.005703
0 0.603964 0.827471 0.009741 0.005703
0 0.603964 0.813926 0.009741 0.005703
0 0.726234 0.846245 0.009741 0.005703
0 0.726234 0.832700 0.009741 0.005703
0 0.264024 0.079373 0.009741 0.005703
0 0.331206 0.081987 0.009741 0.005703
0 0.465569 0.079373 0.009741 0.005703
0 0.555593 0.081987 0.009741 0.005703
0 0.755794 0.084601 0.009741 0.005703
0 0.128989 0.298954 0.010413 0.005703
0 0.464226 0.298954 0.009741 0.005703
0 0.590191 0.304420 0.009741 0.005703
0 0.723883 0.293726 0.009741 0.005703
0 0.839772 0.293726 0.009741 0.005703
0 0.911320 0.298954 0.009741 0.005703
0 0.128653 0.534933 0.009741 0.005703
0 0.233121 0.534933 0.009741 0.005703
0 0.297615 0.548479 0.009741 0.005703
0 0.354048 0.545627 0.010413 0.005703
0 0.660060 0.545627 0.009741 0.005703
