0 0.221028 0.455086 0.009741 0.005703
0 0.344642 0.452471 0.009741 0.005703
0 0.448102 0.449857 0.009741 0.005703
0 0.134028 0.887595 0.009741 0.005703
0 0.175680 0.900903 0.009741 0.005703
0 0.217333 0.890209 0.009741 0.005703
0 0.269399 0.900903 0.009741 0.005703
0 0.348673 0.892823 0.009741 0.005703
0 0.390998 0.900903 0.009741 0.005703
0 0.433658 0.890209 0.009741 0.005703
0 0.486732 0.900903 0.009741 0.005703
0 0.565334 0.892823 0.009741 0.005703
0 0.609002 0.900903 0.009741 0.005703
0 0.652335 0.890209 0.009741 0.005703
0 0.706752 0.900903 0.009741 0.005703
0 0.788042 0.892823 0.009741 0.005703
0 0.830702 0.900903 0.009741 0.005703
0 0.873027 0.890209 0.009741 0.005703
0 0.926436 0.900903 0.009741 0.005703
0 0.141418 0.231226 0.009741 0.005703
0 0.141418 0.225760 0.009741 0.005703
0 0.175344 0.228375 0.009741 0.005703
0 0.175344 0.223146 0.009741 0.005703
0 0.209271 0.225760 0.009741 0.005703
0 0.209271 0.220295 0.009741 0.005703
0 0.293248 0.225760 0.009741 0.005703
0 0.293248 0.220295 0.009741 0.005703
0 0.325495 0.223146 0.009741 0.005703
0 0.325495 0.217681 0.009741 0.005703
0 0.357407 0.220295 0.009741 0.005703
0 0.357407 0.215067 0.009741 0.005703
0 0.435673 0.220295 0.009741 0.005703
0 0.435673 0.215067 0.009741 0.005703
0 0.512261 0.220295 0.009741 0.005703
0 0.512261 0.215067 0.009741 0.005703
0 0.552234 0.220295 0.009741 0.005703
0 0.552234 0.215067 0.009741 0.005703
0 0.617400 0.223146 0.009741 0.005703
0 0.617400 0.217681 0.009741 0.005703
0 0.659389 0.231226 0.009741 0.005703
0 0.701041 0.236454 0.009741 0.005703
0 0.743030 0.241920 0.009741 0.005703
0 0.810212 0.231226 0.009741 0.005703
0 0.852536 0.231226 0.009741 0.005703
0 0.894861 0.236454 0.009741 0.005703
0 0.937185 0.241920 0.009741 0.005703
0 0.135707 0.468631 0.009741 0.005703
0 0.135707 0.449857 0.009741 0.005703
0 0.274437 0.441778 0.009741 0.005703
0 0.344642 0.441778 0.009741 0.005703
0 0.396372 0.438926 0.009741 0.005703
0 0.448102 0.438926 0.009741 0.005703
0 0.499832 0.433698 0.009741 0.005703
0 0.570037 0.447006 0.009741 0.005703
0 0.570037 0.436312 0.009741 0.005703
0 0.650655 0.438926 0.009741 0.005703
0 0.650655 0.433698 0.009741 0.005703
0 0.700705 0.449857 0.009741 0.005703
0 0.700705 0.438926 0.009741 0.005703
0 0.768223 0.441778 0.009741 0.005703
0 0.768223 0.436312 0.009741 0.005703
0 0.819953 0.455086 0.009741 0.005703
0 0.819953 0.441778 0.009741 0.005703
0 0.872019 0.452471 0.009741 0.005703
0 0.872019 0.438926 0.009741 0.005703
0 0.923749 0.449857 0.009741 0.005703
0 0.923749 0.438926 0.009741 0.005703
0 0.135707 0.698907 0.009741 0.005703
0 0.159893 0.693441 0.009741 0.005703
0 0.184078 0.688213 0.009741 0.005703
0 0.207927 0.680133 0.009741 0.005703
0 0.280148 0.674667 0.009741 0.005703
0 0.280148 0.669202 0.009741 0.005703
0 0.352368 0.677281 0.009741 0.005703
0 0.352368 0.672053 0.009741 0.005703
0 0.438697 0.680133 0.009741 0.005703
0 0.438697 0.674667 0.009741 0.005703
0 0.507894 0.682747 0.009741 0.005703
0 0.507894 0.677281 0.009741 0.005703
0 0.577427 0.685361 0.009741 0.005703
0 0.577427 0.680133 0.009741 0.005703
0 0.646960 0.688213 0.009741 0.005703
0 0.646960 0.682747 0.009741 0.005703
0 0.734968 0.690827 0.009741 0.005703
0 0.734968 0.685361 0.009741 0.005703
0 0.794760 0.693441 0.009741 0.005703
0 0.794760 0.688213 0.009741 0.005703
0 0.854552 0.696293 0.009741 0.005703
0 0.854552 0.690827 0.009741 0.005703
0 0.914679 0.698907 0.009741 0.005703
0 0.914679 0.693441 0.009741 0.005703
0 0.134028 0.882129 0.009741 0.005703
0 0.217333 0.884743 0.009741 0.005703
0 0.348673 0.887595 0.009741 0.005703
0 0.433658 0.884743 0.009741 0.005703
0 0.565334 0.887595 0.009741 0.005703
0 0.652335 0.884743 0.009741 0.005703
0 0.788042 0.887595 0.009741 0.005703
0 0.873027 0.884743 0.009741 0.005703
0 0.141418 0.168964 0.009741 0.005703
0 0.141418 0.163498 0.009741 0.005703
0 0.243198 0.166350 0.009741 0.005703
0 0.243198 0.160884 0.009741 0.005703
0 0.293248 0.163498 0.009741 0.005703
0 0.293248 0.158270 0.009741 0.005703
0 0.389654 0.166350 0.009741 0.005703
0 0.389654 0.160884 0.009741 0.005703
0 0.435673 0.168964 0.009741 0.005703
0 0.435673 0.163498 0.009741 0.005703
0 0.473967 0.171578 0.009741 0.005703
0 0.473967 0.166350 0.009741 0.005703
0 0.512261 0.174430 0.009741 0.005703
0 0.512261 0.168964 0.009741 0.005703
0 0.552234 0.174430 0.009741 0.005703
0 0.552234 0.168964 0.009741 0.005703
0 0.617400 0.174430 0.009741 0.005703
0 0.617400 0.166350 0.009741 0.005703
0 0.659389 0.174430 0.009741 0.005703
0 0.701041 0.179658 0.009741 0.005703
0 0.743030 0.185124 0.009741 0.005703
0 0.810212 0.174430 0.009741 0.005703
0 0.852536 0.174430 0.009741 0.005703
0 0.894861 0.179658 0.009741 0.005703
0 0.937185 0.185124 0.009741 0.005703
0 0.135707 0.414686 0.009741 0.005703
0 0.135707 0.409221 0.009741 0.005703
0 0.135707 0.401141 0.009741 0.005703
0 0.221028 0.401141 0.009741 0.005703
0 0.274437 0.406606 0.009741 0.005703
0 0.344642 0.398527 0.009741 0.005703
0 0.396372 0.403992 0.009741 0.005703
0 0.448102 0.390447 0.009741 0.005703
0 0.499832 0.395913 0.009741 0.005703
0 0.570037 0.393061 0.009741 0.005703
0 0.650655 0.390447 0.009741 0.005703
0 0.650655 0.384981 0.009741 0.005703
0 0.700705 0.401141 0.009741 0.005703
0 0.700705 0.390447 0.009741 0.005703
0 0.768223 0.393061 0.009741 0.005703
0 0.768223 0.387833 0.009741 0.005703
0 0.819953 0.406606 0.009741 0.005703
0 0.819953 0.393061 0.009741 0.005703
0 0.872019 0.403992 0.009741 0.005703
0 0.872019 0.390447 0.009741 0.005703
0 0.923749 0.403992 0.009741 0.005703
0 0.923749 0.395913 0.009741 0.005703
0 0.232113 0.607414 0.009741 0.005703
0 0.256298 0.601949 0.009741 0.005703
0 0.280148 0.599335 0.009741 0.005703
0 0.304333 0.593869 0.009741 0.005703
0 0.328519 0.599335 0.009741 0.005703
0 0.352368 0.601949 0.009741 0.005703
0 0.376554 0.596483 0.009741 0.005703
0 0.400739 0.601949 0.009741 0.005703
0 0.438697 0.604563 0.009741 0.005703
0 0.461874 0.599335 0.009741 0.005703
0 0.485052 0.604563 0.009741 0.005703
0 0.507894 0.607414 0.009741 0.005703
0 0.531072 0.601949 0.009741 0.005703
0 0.554249 0.607414 0.009741 0.005703
0 0.577427 0.610029 0.009741 0.005703
0 0.600605 0.604563 0.009741 0.005703
0 0.623782 0.610029 0.009741 0.005703
0 0.646960 0.612643 0.009741 0.005703
0 0.669802 0.607414 0.009741 0.005703
0 0.692980 0.612643 0.009741 0.005703
0 0.734968 0.615494 0.009741 0.005703
0 0.755123 0.610029 0.009741 0.005703
0 0.774941 0.615494 0.009741 0.005703
0 0.794760 0.618108 0.009741 0.005703
0 0.814914 0.612643 0.009741 0.005703
0 0.834733 0.618108 0.009741 0.005703
0 0.854552 0.620722 0.009741 0.005703
0 0.874706 0.615494 0.009741 0.005703
0 0.894525 0.620722 0.009741 0.005703
0 0.914679 0.623574 0.009741 0.005703
0 0.934498 0.618108 0.009741 0.005703
0 0.954316 0.623574 0.009741 0.005703
0 0.134028 0.844344 0.009741 0.005703
0 0.217333 0.847196 0.009741 0.005703
0 0.243534 0.844344 0.009741 0.005703
0 0.269399 0.841730 0.009741 0.005703
0 0.295600 0.847196 0.009741 0.005703
0 0.348673 0.844344 0.009741 0.005703
0 0.390998 0.833650 0.009741 0.005703
0 0.433658 0.847196 0.009741 0.005703
0 0.460195 0.844344 0.009741 0.005703
0 0.486732 0.841730 0.009741 0.005703
0 0.513268 0.847196 0.009741 0.005703
0 0.565334 0.844344 0.009741 0.005703
0 0.609002 0.833650 0.009741 0.005703
0 0.652335 0.847196 0.009741 0.005703
0 0.679543 0.844344 0.009741 0.005703
0 0.706752 0.841730 0.009741 0.005703
0 0.733960 0.847196 0.009741 0.005703
0 0.788042 0.844344 0.009741 0.005703
0 0.830702 0.852424 0.009741 0.005703
0 0.830702 0.833650 0.009741 0.005703
0 0.873027 0.847196 0.009741 0.005703
0 0.899563 0.844344 0.009741 0.005703
0 0.926436 0.841730 0.009741 0.005703
0 0.952973 0.847196 0.009741 0.005703
0 0.141418 0.093631 0.009741 0.005703
0 0.243198 0.090779 0.009741 0.005703
0 0.293248 0.088165 0.009741 0.005703
0 0.512261 0.098859 0.009741 0.005703
0 0.552234 0.098859 0.009741 0.005703
0 0.617400 0.096245 0.009741 0.005703
0 0.659389 0.104325 0.009741 0.005703
0 0.701041 0.109791 0.009741 0.005703
0 0.743030 0.115019 0.009741 0.005703
0 0.810212 0.104325 0.009741 0.005703
0 0.852536 0.104325 0.009741 0.005703
0 0.894861 0.109791 0.009741 0.005703
0 0.937185 0.115019 0.009741 0.005703
0 0.135707 0.330798 0.009741 0.005703
0 0.221028 0.330798 0.009741 0.005703
0 0.274437 0.336264 0.009741 0.005703
0 0.344642 0.328184 0.009741 0.005703
0 0.396372 0.333413 0.009741 0.005703
0 0.448102 0.320105 0.009741 0.005703
0 0.499832 0.325333 0.009741 0.005703
0 0.570037 0.322719 0.009741 0.005703
0 0.650655 0.314639 0.009741 0.005703
0 0.700705 0.320105 0.009741 0.005703
0 0.768223 0.317253 0.009741 0.005703
0 0.819953 0.322719 0.009741 0.005703
0 0.872019 0.320105 0.009741 0.005703
0 0.923749 0.325333 0.009741 0.005703
0 0.135707 0.541350 0.009741 0.005703
0 0.577427 0.533270 0.009741 0.005703
0 0.646960 0.535884 0.009741 0.005703
0 0.734968 0.538736 0.009741 0.005703
0 0.794760 0.541350 0.009741 0.005703
0 0.854552 0.543964 0.009741 0.005703
0 0.914679 0.546816 0.009741 0.005703
0 0.134028 0.774240 0.009741 0.005703
0 0.217333 0.777091 0.009741 0.005703
0 0.243534 0.774240 0.009741 0.005703
0 0.269399 0.771625 0.009741 0.005703
0 0.295600 0.777091 0.009741 0.005703
0 0.348673 0.774240 0.009741 0.005703
0 0.390998 0.763546 0.009741 0.005703
0 0.433658 0.777091 0.009741 0.005703
0 0.460195 0.774240 0.009741 0.005703
0 0.486732 0.771625 0.009741 0.005703
0 0.513268 0.777091 0.009741 0.005703
0 0.565334 0.774240 0.009741 0.005703
0 0.652335 0.777091 0.009741 0.005703
0 0.679543 0.774240 0.009741 0.005703
0 0.706752 0.771625 0.009741 0.005703
0 0.733960 0.777091 0.009741 0.005703
0 0.788042 0.774240 0.009741 0.005703
0 0.830702 0.763546 0.009741 0.005703
0 0.873027 0.777091 0.009741 0.005703
0 0.899563 0.774240 0.009741 0.005703
0 0.926436 0.771625 0.009741 0.005703
0 0.952973 0.777091 0.009741 0.005703
