0 0.570709 0.467681 0.010077 0.005703
0 0.805173 0.487167 0.010077 0.005703
0 0.569029 0.691540 0.010077 0.005703
0 0.707424 0.688926 0.010077 0.005703
0 0.808532 0.686074 0.010077 0.005703
0 0.544844 0.921578 0.010077 0.005703
0 0.688613 0.921578 0.010077 0.005703
0 0.841451 0.921578 0.010077 0.005703
0 0.152167 0.247148 0.010077 0.005703
0 0.281491 0.247148 0.010077 0.005703
0 0.348001 0.249762 0.010077 0.005703
0 0.442392 0.241445 0.010077 0.005703
0 0.461874 0.244297 0.010077 0.005703
0 0.481693 0.247148 0.010077 0.005703
0 0.501176 0.249762 0.010077 0.005703
0 0.520994 0.252614 0.010077 0.005703
0 0.540477 0.255466 0.010077 0.005703
0 0.576755 0.247148 0.010077 0.005703
0 0.754115 0.263783 0.010077 0.005703
0 0.816258 0.263783 0.010077 0.005703
0 0.839436 0.260932 0.010077 0.005703
0 0.858918 0.255466 0.010077 0.005703
0 0.878401 0.258080 0.010077 0.005703
0 0.899227 0.260932 0.010077 0.005703
0 0.918710 0.263783 0.010077 0.005703
0 0.938193 0.266397 0.010077 0.005703
0 0.957676 0.269249 0.010077 0.005703
0 0.148808 0.484316 0.010077 0.005703
0 0.297615 0.487167 0.010077 0.005703
0 0.297615 0.481464 0.010077 0.005703
0 0.376218 0.484316 0.010077 0.005703
0 0.376218 0.478850 0.010077 0.005703
0 0.434330 0.487167 0.010077 0.005703
0 0.434330 0.481464 0.010077 0.005703
0 0.470608 0.489781 0.010077 0.005703
0 0.470608 0.484316 0.010077 0.005703
0 0.506886 0.484316 0.010077 0.005703
0 0.506886 0.478850 0.010077 0.005703
0 0.570709 0.453660 0.010077 0.005703
0 0.631508 0.456511 0.010077 0.005703
0 0.669130 0.459363 0.010077 0.005703
0 0.707088 0.461977 0.010077 0.005703
0 0.745045 0.464829 0.010077 0.005703
0 0.854887 0.467681 0.010077 0.005703
0 0.886127 0.470532 0.010077 0.005703
0 0.917366 0.467681 0.010077 0.005703
0 0.948606 0.470532 0.010077 0.005703
0 0.159557 0.708413 0.010077 0.005703
0 0.159557 0.688926 0.010077 0.005703
0 0.284851 0.708413 0.010077 0.005703
0 0.284851 0.688926 0.010077 0.005703
0 0.363789 0.705561 0.010077 0.005703
0 0.363789 0.686074 0.010077 0.005703
0 0.487068 0.694392 0.010077 0.005703
0 0.487068 0.680608 0.010077 0.005703
0 0.569029 0.680608 0.010077 0.005703
0 0.630501 0.677757 0.010077 0.005703
0 0.669130 0.680608 0.010077 0.005703
0 0.707424 0.683222 0.010077 0.005703
0 0.746053 0.677757 0.010077 0.005703
0 0.808532 0.677757 0.010077 0.005703
0 0.861270 0.680608 0.010077 0.005703
0 0.927108 0.713878 0.010077 0.005703
0 0.927108 0.694392 0.010077 0.005703
0 0.157877 0.907795 0.010077 0.005703
0 0.157877 0.888308 0.010077 0.005703
0 0.221364 0.913260 0.010077 0.005703
0 0.221364 0.893774 0.010077 0.005703
0 0.254619 0.918726 0.010077 0.005703
0 0.254619 0.899477 0.010077 0.005703
0 0.286866 0.910409 0.010077 0.005703
0 0.286866 0.890922 0.010077 0.005703
0 0.341955 0.907795 0.010077 0.005703
0 0.341955 0.888308 0.010077 0.005703
0 0.410816 0.913260 0.010077 0.005703
0 0.410816 0.893774 0.010077 0.005703
0 0.446423 0.918726 0.010077 0.005703
0 0.446423 0.899477 0.010077 0.005703
0 0.481693 0.910409 0.010077 0.005703
0 0.481693 0.890922 0.010077 0.005703
0 0.566342 0.902091 0.010077 0.005703
0 0.587840 0.902091 0.010077 0.005703
0 0.609002 0.902091 0.010077 0.005703
0 0.630501 0.902091 0.010077 0.005703
0 0.651999 0.902091 0.010077 0.005703
0 0.716493 0.904943 0.010077 0.005703
0 0.738327 0.902091 0.010077 0.005703
0 0.760497 0.902091 0.010077 0.005703
0 0.782667 0.902091 0.010077 0.005703
0 0.804837 0.902091 0.010077 0.005703
0 0.869332 0.904943 0.010077 0.005703
0 0.891166 0.902091 0.010077 0.005703
0 0.913336 0.902091 0.010077 0.005703
0 0.935506 0.902091 0.010077 0.005703
0 0.957676 0.902091 0.010077 0.005703
0 0.169634 0.205323 0.010077 0.005703
0 0.212630 0.210789 0.010077 0.005703
0 0.235472 0.208175 0.010077 0.005703
0 0.258314 0.202471 0.010077 0.005703
0 0.281491 0.194154 0.010077 0.005703
0 0.304333 0.188688 0.010077 0.005703
0 0.357071 0.185837 0.010077 0.005703
0 0.388646 0.185837 0.010077 0.005703
0 0.420222 0.185837 0.010077 0.005703
0 0.451797 0.185837 0.010077 0.005703
0 0.491098 0.185837 0.010077 0.005703
0 0.530400 0.185837 0.010077 0.005703
0 0.593886 0.185837 0.010077 0.005703
0 0.634195 0.191302 0.010077 0.005703
0 0.654014 0.188688 0.010077 0.005703
0 0.763520 0.185837 0.010077 0.005703
0 0.794424 0.185837 0.010077 0.005703
0 0.825663 0.185837 0.010077 0.005703
0 0.868324 0.185837 0.010077 0.005703
0 0.908633 0.185837 0.010077 0.005703
0 0.947598 0.185837 0.010077 0.005703
0 0.165939 0.412310 0.010077 0.005703
0 0.206248 0.417776 0.010077 0.005703
0 0.236816 0.415162 0.010077 0.005703
0 0.267047 0.412310 0.010077 0.005703
0 0.297615 0.409458 0.010077 0.005703
0 0.327847 0.409458 0.010077 0.005703
0 0.159557 0.649952 0.010077 0.005703
0 0.284851 0.649952 0.010077 0.005703
0 0.569029 0.633317 0.010077 0.005703
0 0.707424 0.636169 0.010077 0.005703
0 0.746053 0.638783 0.010077 0.005703
0 0.688613 0.893774 0.010077 0.005703
0 0.738327 0.896625 0.010077 0.005703
0 0.152167 0.202471 0.010077 0.005703
0 0.258314 0.202471 0.010077 0.005703
0 0.281491 0.194154 0.010077 0.005703
0 0.304333 0.188688 0.010077 0.005703
0 0.348001 0.182985 0.010077 0.005703
0 0.379241 0.182985 0.010077 0.005703
0 0.410816 0.182985 0.010077 0.005703
0 0.442392 0.182985 0.010077 0.005703
0 0.481693 0.182985 0.010077 0.005703
0 0.520994 0.182985 0.010077 0.005703
0 0.576755 0.182985 0.010077 0.005703
0 0.673833 0.202471 0.010077 0.005703
0 0.693651 0.194154 0.010077 0.005703
0 0.713470 0.188688 0.010077 0.005703
0 0.754115 0.182985 0.010077 0.005703
0 0.785354 0.182985 0.010077 0.005703
0 0.816258 0.182985 0.010077 0.005703
0 0.858918 0.182985 0.010077 0.005703
0 0.899227 0.182985 0.010077 0.005703
0 0.938193 0.182985 0.010077 0.005703
0 0.148808 0.409458 0.010077 0.005703
0 0.376218 0.406606 0.010077 0.005703
0 0.434330 0.403992 0.010077 0.005703
0 0.470608 0.401141 0.010077 0.005703
0 0.454148 0.398289 0.007054 0.004040
0 0.506886 0.403992 0.010077 0.005703
0 0.529728 0.406606 0.010077 0.005703
0 0.570709 0.409458 0.010077 0.005703
0 0.631508 0.412310 0.010077 0.005703
0 0.669130 0.423479 0.010077 0.005703
0 0.669130 0.415162 0.010077 0.005703
0 0.707088 0.426093 0.010077 0.005703
0 0.707088 0.417776 0.010077 0.005703
0 0.745045 0.428945 0.010077 0.005703
0 0.745045 0.420627 0.010077 0.005703
0 0.805173 0.428945 0.010077 0.005703
0 0.805173 0.420627 0.010077 0.005703
0 0.805173 0.415162 0.010077 0.005703
0 0.854887 0.431797 0.010077 0.005703
0 0.854887 0.417776 0.010077 0.005703
0 0.886127 0.428945 0.010077 0.005703
0 0.886127 0.423479 0.010077 0.005703
0 0.917366 0.431797 0.010077 0.005703
0 0.917366 0.426093 0.010077 0.005703
0 0.948606 0.428945 0.010077 0.005703
0 0.948606 0.423479 0.010077 0.005703
0 0.159557 0.644487 0.010077 0.005703
0 0.190796 0.638783 0.010077 0.005703
0 0.222372 0.636169 0.010077 0.005703
0 0.253611 0.638783 0.010077 0.005703
0 0.284851 0.641635 0.010077 0.005703
0 0.316090 0.644487 0.010077 0.005703
0 0.363789 0.647101 0.010077 0.005703
0 0.394693 0.641635 0.010077 0.005703
0 0.394693 0.627614 0.010077 0.005703
0 0.425260 0.633317 0.010077 0.005703
0 0.425260 0.627614 0.010077 0.005703
0 0.456164 0.633317 0.010077 0.005703
0 0.456164 0.627614 0.010077 0.005703
0 0.487068 0.636169 0.010077 0.005703
0 0.487068 0.622148 0.010077 0.005703
0 0.517635 0.636169 0.010077 0.005703
0 0.517635 0.622148 0.010077 0.005703
0 0.569029 0.622148 0.010077 0.005703
0 0.630501 0.625000 0.010077 0.005703
0 0.669130 0.622148 0.010077 0.005703
0 0.707424 0.619297 0.010077 0.005703
0 0.746053 0.630466 0.010077 0.005703
0 0.808532 0.638783 0.010077 0.005703
0 0.808532 0.630466 0.010077 0.005703
0 0.861270 0.641635 0.010077 0.005703
0 0.861270 0.627614 0.010077 0.005703
0 0.927108 0.641635 0.010077 0.005703
0 0.157877 0.843869 0.010077 0.005703
0 0.221364 0.849335 0.010077 0.005703
0 0.254619 0.854800 0.010077 0.005703
0 0.286866 0.846483 0.010077 0.005703
0 0.341955 0.843869 0.010077 0.005703
0 0.410816 0.849335 0.010077 0.005703
0 0.446423 0.854800 0.010077 0.005703
0 0.481693 0.846483 0.010077 0.005703
0 0.544844 0.857652 0.010077 0.005703
0 0.630501 0.865970 0.010077 0.005703
0 0.630501 0.852186 0.010077 0.005703
0 0.688613 0.854800 0.010077 0.005703
0 0.738327 0.857652 0.010077 0.005703
0 0.782667 0.852186 0.010077 0.005703
0 0.782667 0.846483 0.010077 0.005703
0 0.841451 0.854800 0.010077 0.005703
0 0.841451 0.849335 0.010077 0.005703
0 0.891166 0.857652 0.010077 0.005703
0 0.891166 0.852186 0.010077 0.005703
0 0.935506 0.846483 0.010077 0.005703
0 0.935506 0.841017 0.010077 0.005703
0 0.281491 0.108603 0.010077 0.005703
0 0.304333 0.103137 0.010077 0.005703
0 0.348001 0.097433 0.010077 0.005703
0 0.481693 0.097671 0.010077 0.005703
0 0.576755 0.100285 0.010077 0.005703
0 0.654014 0.103137 0.010077 0.005703
0 0.693651 0.108603 0.010077 0.005703
0 0.713470 0.103137 0.010077 0.005703
0 0.754115 0.097433 0.010077 0.005703
0 0.899227 0.097671 0.010077 0.005703
0 0.148808 0.329373 0.010077 0.005703
0 0.236816 0.332224 0.010077 0.005703
0 0.297615 0.326759 0.010077 0.005703
0 0.327847 0.326759 0.010077 0.005703
0 0.376218 0.323907 0.010077 0.005703
0 0.434330 0.321055 0.010077 0.005703
0 0.470608 0.318441 0.010077 0.005703
0 0.454148 0.315589 0.007054 0.004040
0 0.506886 0.321055 0.010077 0.005703
0 0.529728 0.323907 0.010077 0.005703
0 0.570709 0.326759 0.010077 0.005703
0 0.631508 0.329373 0.010077 0.005703
0 0.669130 0.332224 0.010077 0.005703
0 0.707088 0.335076 0.010077 0.005703
0 0.745045 0.337690 0.010077 0.005703
0 0.805173 0.332224 0.010077 0.005703
0 0.854887 0.335076 0.010077 0.005703
0 0.284851 0.558460 0.010077 0.005703
0 0.363789 0.550143 0.010077 0.005703
0 0.487068 0.544439 0.010077 0.005703
0 0.569029 0.544439 0.010077 0.005703
0 0.630501 0.547291 0.010077 0.005703
0 0.669130 0.544439 0.010077 0.005703
0 0.707424 0.541587 0.010077 0.005703
0 0.746053 0.552757 0.010077 0.005703
0 0.808532 0.552757 0.010077 0.005703
0 0.861270 0.550143 0.010077 0.005703
0 0.927108 0.563926 0.010077 0.005703
0 0.157877 0.776854 0.010077 0.005703
0 0.221364 0.782319 0.010077 0.005703
0 0.254619 0.788023 0.010077 0.005703
0 0.286866 0.779705 0.010077 0.005703
0 0.341955 0.776854 0.010077 0.005703
0 0.410816 0.782319 0.010077 0.005703
0 0.446423 0.788023 0.010077 0.005703
0 0.481693 0.779705 0.010077 0.005703
0 0.544844 0.790637 0.010077 0.005703
0 0.782667 0.779705 0.010077 0.005703
0 0.841451 0.782319 0.010077 0.005703
0 0.891166 0.785171 0.010077 0.005703
0 0.935506 0.774002 0.010077 0.005703
