0 0.115217 0.198432 0.007390 0.004278
0 0.149815 0.196293 0.007390 0.004278
0 0.156533 0.194392 0.007390 0.004278
0 0.156533 0.190352 0.007390 0.004278
0 0.182734 0.198432 0.007390 0.004278
0 0.217333 0.196293 0.007390 0.004278
0 0.224051 0.194392 0.007390 0.004278
0 0.224051 0.190352 0.007390 0.004278
0 0.256970 0.198432 0.007390 0.004278
0 0.319113 0.198432 0.007390 0.004278
0 0.399395 0.206511 0.007390 0.004278
0 0.399395 0.198432 0.007390 0.004278
0 0.450118 0.206511 0.007390 0.004278
0 0.450118 0.198432 0.007390 0.004278
0 0.482029 0.206511 0.007390 0.004278
0 0.482029 0.198432 0.007390 0.004278
0 0.545516 0.206511 0.007390 0.004278
0 0.545516 0.198432 0.007390 0.004278
0 0.585489 0.214591 0.007390 0.004278
0 0.585489 0.200333 0.007390 0.004278
0 0.651327 0.214591 0.007390 0.004278
0 0.651327 0.200333 0.007390 0.004278
0 0.686933 0.214591 0.007390 0.004278
0 0.686933 0.200333 0.007390 0.004278
0 0.735640 0.214591 0.007390 0.004278
0 0.735640 0.200333 0.007390 0.004278
0 0.779644 0.212452 0.007390 0.004278
0 0.779644 0.200333 0.007390 0.004278
0 0.839772 0.212452 0.007390 0.004278
0 0.839772 0.200333 0.007390 0.004278
0 0.869667 0.212452 0.007390 0.004278
0 0.869667 0.200333 0.007390 0.004278
0 0.925092 0.212452 0.007390 0.004278
0 0.925092 0.200333 0.007390 0.004278
0 0.115217 0.456511 0.007390 0.004278
0 0.115217 0.452471 0.007390 0.004278
0 0.160900 0.456511 0.007390 0.004278
0 0.160900 0.448432 0.007390 0.004278
0 0.189452 0.456511 0.007390 0.004278
0 0.189452 0.448432 0.007390 0.004278
0 0.235472 0.448432 0.007390 0.004278
0 0.279812 0.444392 0.007390 0.004278
0 0.279812 0.440352 0.007390 0.004278
0 0.333221 0.448432 0.007390 0.004278
0 0.366812 0.446530 0.007390 0.004278
0 0.366812 0.442490 0.007390 0.004278
0 0.420558 0.448432 0.007390 0.004278
0 0.420558 0.444392 0.007390 0.004278
0 0.420558 0.440352 0.007390 0.004278
0 0.471616 0.442490 0.007390 0.004278
0 0.471616 0.438451 0.007390 0.004278
0 0.523682 0.448432 0.007390 0.004278
0 0.561639 0.462690 0.007390 0.004278
0 0.561639 0.458650 0.007390 0.004278
0 0.613705 0.472671 0.007390 0.004278
0 0.655694 0.470770 0.007390 0.004278
0 0.655694 0.466730 0.007390 0.004278
0 0.655694 0.460551 0.007390 0.004278
0 0.714142 0.472671 0.007390 0.004278
0 0.751428 0.448432 0.007390 0.004278
0 0.751428 0.444392 0.007390 0.004278
0 0.809876 0.448432 0.007390 0.004278
0 0.850521 0.456511 0.007390 0.004278
0 0.850521 0.452471 0.007390 0.004278
0 0.850521 0.442490 0.007390 0.004278
0 0.886463 0.462690 0.007390 0.004278
0 0.908969 0.456511 0.007390 0.004278
0 0.115217 0.672766 0.007390 0.004278
0 0.151831 0.666587 0.007390 0.004278
0 0.184078 0.672766 0.007390 0.004278
0 0.204232 0.666587 0.007390 0.004278
0 0.236144 0.672766 0.007390 0.004278
0 0.268727 0.670627 0.007390 0.004278
0 0.268727 0.666587 0.007390 0.004278
0 0.305677 0.676806 0.007390 0.004278
0 0.305677 0.672766 0.007390 0.004278
0 0.305677 0.668726 0.007390 0.004278
0 0.328855 0.670627 0.007390 0.004278
0 0.328855 0.666587 0.007390 0.004278
0 0.365805 0.676806 0.007390 0.004278
0 0.365805 0.672766 0.007390 0.004278
0 0.365805 0.668726 0.007390 0.004278
0 0.399059 0.674667 0.007390 0.004278
0 0.399059 0.670627 0.007390 0.004278
0 0.432986 0.680846 0.007390 0.004278
0 0.432986 0.676806 0.007390 0.004278
0 0.432986 0.672766 0.007390 0.004278
0 0.454484 0.674667 0.007390 0.004278
0 0.454484 0.670627 0.007390 0.004278
0 0.488411 0.680846 0.007390 0.004278
0 0.488411 0.676806 0.007390 0.004278
0 0.488411 0.672766 0.007390 0.004278
0 0.522674 0.686787 0.007390 0.004278
0 0.522674 0.678707 0.007390 0.004278
0 0.522674 0.672766 0.007390 0.004278
0 0.559624 0.680846 0.007390 0.004278
0 0.559624 0.672766 0.007390 0.004278
0 0.582801 0.686787 0.007390 0.004278
0 0.582801 0.672766 0.007390 0.004278
0 0.619751 0.690827 0.007390 0.004278
0 0.651663 0.692966 0.007390 0.004278
0 0.699698 0.692966 0.007390 0.004278
0 0.723883 0.686787 0.007390 0.004278
0 0.768223 0.686787 0.007390 0.004278
0 0.802822 0.694867 0.007390 0.004278
0 0.802822 0.680846 0.007390 0.004278
0 0.857239 0.680846 0.007390 0.004278
0 0.857239 0.672766 0.007390 0.004278
0 0.884447 0.680846 0.007390 0.004278
0 0.884447 0.672766 0.007390 0.004278
0 0.927780 0.680846 0.007390 0.004278
0 0.927780 0.672766 0.007390 0.004278
0 0.115217 0.895913 0.007390 0.004278
0 0.115217 0.887833 0.007390 0.004278
0 0.171649 0.895913 0.007390 0.004278
0 0.171649 0.887833 0.007390 0.004278
0 0.206920 0.895913 0.007390 0.004278
0 0.206920 0.887833 0.007390 0.004278
0 0.263016 0.895913 0.007390 0.004278
0 0.263016 0.887833 0.007390 0.004278
0 0.315418 0.895913 0.007390 0.004278
0 0.315418 0.887833 0.007390 0.004278
0 0.377561 0.895913 0.007390 0.004278
0 0.377561 0.887833 0.007390 0.004278
0 0.408465 0.895913 0.007390 0.004278
0 0.408465 0.887833 0.007390 0.004278
0 0.470608 0.895913 0.007390 0.004278
0 0.470608 0.887833 0.007390 0.004278
0 0.510245 0.902091 0.007390 0.004278
0 0.510245 0.887833 0.007390 0.004278
0 0.553913 0.902091 0.007390 0.004278
0 0.553913 0.887833 0.007390 0.004278
0 0.581122 0.902091 0.007390 0.004278
0 0.581122 0.887833 0.007390 0.004278
0 0.624790 0.902091 0.007390 0.004278
0 0.624790 0.889971 0.007390 0.004278
0 0.658717 0.902091 0.007390 0.004278
0 0.658717 0.891873 0.007390 0.004278
0 0.706080 0.902091 0.007390 0.004278
0 0.706080 0.891873 0.007390 0.004278
0 0.731945 0.902091 0.007390 0.004278
0 0.731945 0.891873 0.007390 0.004278
0 0.783003 0.902091 0.007390 0.004278
0 0.783003 0.889971 0.007390 0.004278
0 0.817602 0.902091 0.007390 0.004278
0 0.817602 0.894011 0.007390 0.004278
0 0.817602 0.887833 0.007390 0.004278
0 0.859926 0.902091 0.007390 0.004278
0 0.859926 0.894011 0.007390 0.004278
0 0.859926 0.887833 0.007390 0.004278
0 0.886463 0.902091 0.007390 0.004278
0 0.886463 0.894011 0.007390 0.004278
0 0.886463 0.887833 0.007390 0.004278
0 0.928787 0.894011 0.007390 0.004278
0 0.651663 0.639971 0.007390 0.004278
0 0.651663 0.634030 0.007390 0.004278
0 0.699698 0.639971 0.007390 0.004278
0 0.699698 0.634030 0.007390 0.004278
0 0.723883 0.639971 0.007390 0.004278
0 0.723883 0.635932 0.007390 0.004278
0 0.768223 0.639971 0.007390 0.004278
0 0.768223 0.635932 0.007390 0.004278
0 0.658717 0.856939 0.007390 0.004278
0 0.706080 0.856939 0.007390 0.004278
0 0.731945 0.856939 0.007390 0.004278
0 0.783003 0.856939 0.007390 0.004278
0 0.115217 0.157795 0.007390 0.004278
0 0.149815 0.155894 0.007390 0.004278
0 0.156533 0.153755 0.007390 0.004278
0 0.156533 0.149715 0.007390 0.004278
0 0.182734 0.157795 0.007390 0.004278
0 0.217333 0.155894 0.007390 0.004278
0 0.224051 0.153755 0.007390 0.004278
0 0.224051 0.149715 0.007390 0.004278
0 0.256970 0.157795 0.007390 0.004278
0 0.319113 0.157795 0.007390 0.004278
0 0.399395 0.162072 0.007390 0.004278
0 0.399395 0.151854 0.007390 0.004278
0 0.450118 0.162072 0.007390 0.004278
0 0.450118 0.151854 0.007390 0.004278
0 0.482029 0.162072 0.007390 0.004278
0 0.482029 0.151854 0.007390 0.004278
0 0.545516 0.162072 0.007390 0.004278
0 0.545516 0.151854 0.007390 0.004278
0 0.585489 0.159933 0.007390 0.004278
0 0.585489 0.151854 0.007390 0.004278
0 0.651327 0.159933 0.007390 0.004278
0 0.651327 0.151854 0.007390 0.004278
0 0.686933 0.159933 0.007390 0.004278
0 0.686933 0.151854 0.007390 0.004278
0 0.735640 0.159933 0.007390 0.004278
0 0.735640 0.151854 0.007390 0.004278
0 0.779644 0.163973 0.007390 0.004278
0 0.779644 0.151854 0.007390 0.004278
0 0.839772 0.163973 0.007390 0.004278
0 0.839772 0.151854 0.007390 0.004278
0 0.869667 0.163973 0.007390 0.004278
0 0.869667 0.153755 0.007390 0.004278
0 0.925092 0.163973 0.007390 0.004278
0 0.925092 0.153755 0.007390 0.004278
0 0.115217 0.418726 0.007390 0.004278
0 0.115217 0.404705 0.007390 0.004278
0 0.160900 0.414686 0.007390 0.004278
0 0.160900 0.404705 0.007390 0.004278
0 0.189452 0.414686 0.007390 0.004278
0 0.189452 0.404705 0.007390 0.004278
0 0.235472 0.410646 0.007390 0.004278
0 0.279812 0.406606 0.007390 0.004278
0 0.279812 0.402567 0.007390 0.004278
0 0.333221 0.410646 0.007390 0.004278
0 0.366812 0.408745 0.007390 0.004278
0 0.366812 0.404705 0.007390 0.004278
0 0.420558 0.410646 0.007390 0.004278
0 0.420558 0.406606 0.007390 0.004278
0 0.420558 0.402567 0.007390 0.004278
0 0.471616 0.404705 0.007390 0.004278
0 0.471616 0.400665 0.007390 0.004278
0 0.523682 0.410646 0.007390 0.004278
0 0.561639 0.400665 0.007390 0.004278
0 0.561639 0.396625 0.007390 0.004278
0 0.613705 0.410646 0.007390 0.004278
0 0.655694 0.408745 0.007390 0.004278
0 0.655694 0.404705 0.007390 0.004278
0 0.655694 0.398527 0.007390 0.004278
0 0.714142 0.410646 0.007390 0.004278
0 0.751428 0.406606 0.007390 0.004278
0 0.751428 0.402567 0.007390 0.004278
0 0.809876 0.410646 0.007390 0.004278
0 0.850521 0.414686 0.007390 0.004278
0 0.850521 0.404705 0.007390 0.004278
0 0.886463 0.424905 0.007390 0.004278
0 0.908969 0.418726 0.007390 0.004278
0 0.115217 0.625951 0.007390 0.004278
0 0.151831 0.619772 0.007390 0.004278
0 0.184078 0.625951 0.007390 0.004278
0 0.204232 0.619772 0.007390 0.004278
0 0.236144 0.625951 0.007390 0.004278
0 0.268727 0.623812 0.007390 0.004278
0 0.268727 0.619772 0.007390 0.004278
0 0.305677 0.629990 0.007390 0.004278
0 0.305677 0.625951 0.007390 0.004278
0 0.305677 0.621911 0.007390 0.004278
0 0.328855 0.623812 0.007390 0.004278
0 0.328855 0.619772 0.007390 0.004278
0 0.365805 0.629990 0.007390 0.004278
0 0.365805 0.625951 0.007390 0.004278
0 0.365805 0.621911 0.007390 0.004278
0 0.399059 0.634030 0.007390 0.004278
0 0.399059 0.627852 0.007390 0.004278
0 0.399059 0.623812 0.007390 0.004278
0 0.432986 0.634030 0.007390 0.004278
0 0.432986 0.629990 0.007390 0.004278
0 0.432986 0.625951 0.007390 0.004278
0 0.454484 0.634030 0.007390 0.004278
0 0.454484 0.627852 0.007390 0.004278
0 0.454484 0.623812 0.007390 0.004278
0 0.488411 0.634030 0.007390 0.004278
0 0.488411 0.629990 0.007390 0.004278
0 0.488411 0.625951 0.007390 0.004278
0 0.522674 0.635932 0.007390 0.004278
0 0.522674 0.631892 0.007390 0.004278
0 0.522674 0.625951 0.007390 0.004278
0 0.559624 0.634030 0.007390 0.004278
0 0.559624 0.629990 0.007390 0.004278
0 0.559624 0.625951 0.007390 0.004278
0 0.582801 0.635932 0.007390 0.004278
0 0.582801 0.631892 0.007390 0.004278
0 0.582801 0.625951 0.007390 0.004278
0 0.619751 0.639971 0.007390 0.004278
0 0.619751 0.634030 0.007390 0.004278
0 0.619751 0.625951 0.007390 0.004278
0 0.651663 0.625951 0.007390 0.004278
0 0.675512 0.627852 0.007390 0.004278
0 0.699698 0.627852 0.007390 0.004278
0 0.723883 0.627852 0.007390 0.004278
0 0.753107 0.629990 0.007390 0.004278
0 0.768223 0.627852 0.007390 0.004278
0 0.802822 0.639971 0.007390 0.004278
0 0.802822 0.634030 0.007390 0.004278
0 0.802822 0.629990 0.007390 0.004278
0 0.857239 0.634030 0.007390 0.004278
0 0.857239 0.629990 0.007390 0.004278
0 0.884447 0.634030 0.007390 0.004278
0 0.884447 0.629990 0.007390 0.004278
0 0.927780 0.634030 0.007390 0.004278
0 0.927780 0.629990 0.007390 0.004278
0 0.115217 0.856939 0.007390 0.004278
0 0.115217 0.852899 0.007390 0.004278
0 0.171649 0.856939 0.007390 0.004278
0 0.171649 0.852899 0.007390 0.004278
0 0.206920 0.856939 0.007390 0.004278
0 0.206920 0.852899 0.007390 0.004278
0 0.263016 0.856939 0.007390 0.004278
0 0.263016 0.852899 0.007390 0.004278
0 0.315418 0.856939 0.007390 0.004278
0 0.315418 0.852899 0.007390 0.004278
0 0.377561 0.856939 0.007390 0.004278
0 0.377561 0.852899 0.007390 0.004278
0 0.408465 0.856939 0.007390 0.004278
0 0.408465 0.852899 0.007390 0.004278
0 0.470608 0.856939 0.007390 0.004278
0 0.470608 0.852899 0.007390 0.004278
0 0.510245 0.859078 0.007390 0.004278
0 0.510245 0.855038 0.007390 0.004278
0 0.553913 0.859078 0.007390 0.004278
0 0.553913 0.855038 0.007390 0.004278
0 0.581122 0.859078 0.007390 0.004278
0 0.581122 0.855038 0.007390 0.004278
0 0.624790 0.859078 0.007390 0.004278
0 0.624790 0.848859 0.007390 0.004278
0 0.658717 0.848859 0.007390 0.004278
0 0.689956 0.846958 0.007390 0.004278
0 0.706080 0.848859 0.007390 0.004278
0 0.731945 0.842918 0.007390 0.004278
0 0.757474 0.844819 0.007390 0.004278
0 0.783003 0.846958 0.007390 0.004278
0 0.817602 0.859078 0.007390 0.004278
0 0.817602 0.848859 0.007390 0.004278
0 0.859926 0.859078 0.007390 0.004278
0 0.859926 0.848859 0.007390 0.004278
0 0.886463 0.859078 0.007390 0.004278
0 0.886463 0.848859 0.007390 0.004278
0 0.928787 0.855038 0.007390 0.004278
0 0.357407 0.071768 0.007390 0.004278
0 0.399395 0.065827 0.007390 0.004278
0 0.450118 0.071768 0.007390 0.004278
0 0.482029 0.075808 0.007390 0.004278
0 0.513604 0.073907 0.007390 0.004278
0 0.545516 0.071768 0.007390 0.004278
0 0.585489 0.067728 0.007390 0.004278
0 0.629157 0.069867 0.007390 0.004278
0 0.651327 0.069867 0.007390 0.004278
0 0.686933 0.069867 0.007390 0.004278
0 0.735640 0.069867 0.007390 0.004278
0 0.779644 0.069867 0.007390 0.004278
0 0.809540 0.071768 0.007390 0.004278
0 0.839772 0.071768 0.007390 0.004278
0 0.869667 0.071768 0.007390 0.004278
0 0.906281 0.069867 0.007390 0.004278
0 0.925092 0.071768 0.007390 0.004278
0 0.115217 0.329610 0.007390 0.004278
0 0.189452 0.329610 0.007390 0.004278
0 0.235472 0.325570 0.007390 0.004278
0 0.279812 0.325570 0.007390 0.004278
0 0.333221 0.325570 0.007390 0.004278
0 0.366812 0.325570 0.007390 0.004278
0 0.420558 0.325570 0.007390 0.004278
0 0.471616 0.319629 0.007390 0.004278
0 0.523682 0.325570 0.007390 0.004278
0 0.561639 0.325570 0.007390 0.004278
0 0.613705 0.325570 0.007390 0.004278
0 0.655694 0.323669 0.007390 0.004278
0 0.694323 0.325570 0.007390 0.004278
0 0.714142 0.323669 0.007390 0.004278
0 0.751428 0.321530 0.007390 0.004278
0 0.790057 0.323669 0.007390 0.004278
0 0.809876 0.321530 0.007390 0.004278
0 0.850521 0.319629 0.007390 0.004278
0 0.908969 0.319629 0.007390 0.004278
0 0.768223 0.575808 0.007390 0.004278
0 0.802822 0.583888 0.007390 0.004278
0 0.830030 0.579848 0.007390 0.004278
0 0.857239 0.583888 0.007390 0.004278
0 0.884447 0.575808 0.007390 0.004278
0 0.927780 0.579848 0.007390 0.004278
0 0.115217 0.807985 0.007390 0.004278
0 0.171649 0.814163 0.007390 0.004278
0 0.206920 0.807985 0.007390 0.004278
0 0.263016 0.803945 0.007390 0.004278
0 0.315418 0.803945 0.007390 0.004278
0 0.346322 0.799905 0.007390 0.004278
0 0.377561 0.803945 0.007390 0.004278
0 0.408465 0.793964 0.007390 0.004278
0 0.439368 0.795865 0.007390 0.004278
0 0.470608 0.798004 0.007390 0.004278
0 0.510245 0.799905 0.007390 0.004278
0 0.581122 0.799905 0.007390 0.004278
0 0.928787 0.806084 0.007390 0.004278
