0 0.406536 0.271212 0.010131 0.006566
0 0.406536 0.262121 0.010131 0.006566
0 0.485948 0.268182 0.010131 0.006566
0 0.485948 0.259091 0.010131 0.006566
0 0.565033 0.271212 0.010131 0.006566
0 0.565033 0.262121 0.010131 0.006566
0 0.750980 0.271212 0.010131 0.006566
0 0.750980 0.262121 0.010131 0.006566
0 0.799673 0.268182 0.010131 0.006566
0 0.799673 0.259091 0.010131 0.006566
0 0.848039 0.271212 0.010131 0.006566
0 0.848039 0.262121 0.010131 0.006566
0 0.136601 0.542424 0.010131 0.006566
0 0.136601 0.533333 0.010131 0.006566
0 0.201634 0.539394 0.010131 0.006566
0 0.201634 0.530303 0.010131 0.006566
0 0.266667 0.542424 0.010131 0.006566
0 0.266667 0.533333 0.010131 0.006566
0 0.411111 0.542424 0.010131 0.006566
0 0.411111 0.533333 0.010131 0.006566
0 0.478105 0.539394 0.010131 0.006566
0 0.478105 0.530303 0.010131 0.006566
0 0.546405 0.542424 0.010131 0.006566
0 0.546405 0.533333 0.010131 0.006566
0 0.685621 0.517929 0.010131 0.006566
0 0.685621 0.508838 0.010131 0.006566
0 0.753595 0.514899 0.010131 0.006566
0 0.753595 0.505808 0.010131 0.006566
0 0.821242 0.517929 0.010131 0.006566
0 0.821242 0.508838 0.010131 0.006566
0 0.125490 0.793687 0.010131 0.006566
0 0.125490 0.784596 0.010131 0.006566
0 0.228431 0.790657 0.010131 0.006566
0 0.228431 0.781566 0.010131 0.006566
0 0.331699 0.793687 0.010131 0.006566
0 0.331699 0.784596 0.010131 0.006566
0 0.534967 0.793687 0.010131 0.006566
0 0.534967 0.784596 0.010131 0.006566
0 0.646078 0.790657 0.010131 0.006566
0 0.646078 0.781566 0.010131 0.006566
0 0.757190 0.793687 0.010131 0.006566
0 0.757190 0.784596 0.010131 0.006566
0 0.116013 0.228535 0.010131 0.006566
0 0.183987 0.240657 0.010131 0.006566
0 0.217974 0.237626 0.010131 0.006566
0 0.251961 0.231566 0.010131 0.006566
0 0.410458 0.277273 0.010784 0.006566
0 0.568627 0.277273 0.010131 0.006566
0 0.754902 0.277273 0.010784 0.006566
0 0.851307 0.277273 0.010131 0.006566
0 0.140196 0.548485 0.010784 0.006566
0 0.270261 0.548485 0.010131 0.006566
0 0.415033 0.548485 0.010784 0.006566
0 0.549673 0.548485 0.010131 0.006566
0 0.689216 0.524242 0.010784 0.006566
0 0.824837 0.524242 0.010131 0.006566
0 0.129085 0.799747 0.010784 0.006566
0 0.334967 0.799747 0.010131 0.006566
0 0.538562 0.799747 0.010784 0.006566
0 0.760458 0.799747 0.010131 0.006566
0 0.340196 0.176768 0.010131 0.006566
0 0.406536 0.179798 0.010131 0.006566
0 0.485948 0.188889 0.010131 0.006566
0 0.565033 0.179798 0.010131 0.006566
0 0.683987 0.176768 0.010131 0.006566
0 0.750980 0.179798 0.010131 0.006566
0 0.799673 0.188889 0.010131 0.006566
0 0.848039 0.179798 0.010131 0.006566
0 0.926797 0.176768 0.010131 0.006566
0 0.136601 0.447727 0.010131 0.006566
0 0.201634 0.456818 0.010131 0.006566
0 0.266667 0.447727 0.010131 0.006566
0 0.351307 0.444697 0.010131 0.006566
0 0.411111 0.447727 0.010131 0.006566
0 0.478105 0.456818 0.010131 0.006566
0 0.546405 0.447727 0.010131 0.006566
0 0.633333 0.456818 0.010131 0.006566
0 0.685621 0.459848 0.010131 0.006566
0 0.753595 0.468939 0.010131 0.006566
0 0.821242 0.459848 0.010131 0.006566
0 0.923203 0.456818 0.010131 0.006566
0 0.125490 0.731566 0.010131 0.006566
0 0.228431 0.740657 0.010131 0.006566
0 0.331699 0.731566 0.010131 0.006566
0 0.465686 0.728535 0.010131 0.006566
0 0.534967 0.731566 0.010131 0.006566
0 0.646078 0.740657 0.010131 0.006566
0 0.757190 0.731566 0.010131 0.006566
0 0.901634 0.728535 0.010131 0.006566
0 0.116013 0.198232 0.010131 0.006566
0 0.116013 0.191919 0.010131 0.006566
0 0.150000 0.195202 0.010131 0.006566
0 0.150000 0.188889 0.010131 0.006566
0 0.183987 0.191919 0.010131 0.006566
0 0.183987 0.185859 0.010131 0.006566
0 0.217974 0.195202 0.010131 0.006566
0 0.217974 0.188889 0.010131 0.006566
0 0.251961 0.198232 0.010131 0.006566
0 0.251961 0.191919 0.010131 0.006566
0 0.410458 0.191919 0.010784 0.006566
0 0.410458 0.170707 0.010784 0.006566
0 0.568627 0.191919 0.010131 0.006566
0 0.568627 0.170707 0.010131 0.006566
0 0.754902 0.191919 0.010784 0.006566
0 0.754902 0.170707 0.010784 0.006566
0 0.851307 0.191919 0.010131 0.006566
0 0.851307 0.170707 0.010131 0.006566
0 0.140196 0.459848 0.010784 0.006566
0 0.140196 0.438384 0.010784 0.006566
0 0.270261 0.459848 0.010131 0.006566
0 0.270261 0.438384 0.010131 0.006566
0 0.415033 0.459848 0.010784 0.006566
0 0.415033 0.438384 0.010784 0.006566
0 0.549673 0.459848 0.010131 0.006566
0 0.549673 0.438384 0.010131 0.006566
0 0.689216 0.471970 0.010784 0.006566
0 0.689216 0.450758 0.010784 0.006566
0 0.824837 0.471970 0.010131 0.006566
0 0.824837 0.450758 0.010131 0.006566
0 0.129085 0.743687 0.010784 0.006566
0 0.129085 0.722475 0.010784 0.006566
0 0.334967 0.743687 0.010131 0.006566
0 0.334967 0.722475 0.010131 0.006566
0 0.538562 0.743687 0.010784 0.006566
0 0.538562 0.722475 0.010784 0.006566
0 0.760458 0.743687 0.010131 0.006566
0 0.760458 0.722475 0.010131 0.006566
0 0.116013 0.093434 0.010131 0.006566
0 0.150000 0.090404 0.010131 0.006566
0 0.183987 0.087374 0.010131 0.006566
0 0.217974 0.090404 0.010131 0.006566
0 0.251961 0.093434 0.010131 0.006566
0 0.306209 0.093434 0.010131 0.006566
0 0.446405 0.090404 0.010131 0.006566
0 0.485948 0.090404 0.010131 0.006566
0 0.525490 0.090404 0.010131 0.006566
0 0.565033 0.090404 0.010131 0.006566
0 0.604902 0.090404 0.010131 0.006566
0 0.644444 0.090404 0.010131 0.006566
0 0.683987 0.090404 0.010131 0.006566
0 0.750980 0.090404 0.010131 0.006566
0 0.799673 0.090404 0.010131 0.006566
0 0.168954 0.359343 0.010131 0.006566
0 0.201634 0.368434 0.010131 0.006566
0 0.234314 0.368434 0.010131 0.006566
0 0.266667 0.359343 0.010131 0.006566
0 0.318954 0.359343 0.010131 0.006566
0 0.444771 0.356313 0.010131 0.006566
0 0.478105 0.353283 0.010131 0.006566
0 0.511765 0.356313 0.010131 0.006566
0 0.546405 0.359343 0.010131 0.006566
0 0.600000 0.359343 0.010131 0.006566
0 0.719608 0.362374 0.010131 0.006566
0 0.753595 0.365404 0.010131 0.006566
0 0.787582 0.368434 0.010131 0.006566
0 0.821242 0.371465 0.010131 0.006566
0 0.855229 0.371465 0.010131 0.006566
0 0.889216 0.371465 0.010131 0.006566
0 0.125490 0.642677 0.010131 0.006566
0 0.176797 0.639646 0.010131 0.006566
0 0.228431 0.636616 0.010131 0.006566
0 0.280065 0.636616 0.010131 0.006566
0 0.331699 0.633586 0.010131 0.006566
0 0.465686 0.639646 0.010131 0.006566
0 0.534967 0.642677 0.010131 0.006566
0 0.590523 0.642677 0.010131 0.006566
0 0.646078 0.651768 0.010131 0.006566
0 0.701634 0.651768 0.010131 0.006566
0 0.757190 0.642677 0.010131 0.006566
0 0.846078 0.642677 0.010131 0.006566
0 0.901634 0.642677 0.010131 0.006566
