0 0.777293 0.892110 0.009070 0.005466
0 0.867316 0.884506 0.009070 0.005466
0 0.221028 0.372624 0.009070 0.005466
0 0.293584 0.372624 0.009070 0.005466
0 0.333221 0.365019 0.009070 0.005466
0 0.406114 0.365019 0.009070 0.005466
0 0.456500 0.357414 0.009070 0.005466
0 0.535102 0.357414 0.009070 0.005466
0 0.578435 0.360029 0.009070 0.005466
0 0.658045 0.360029 0.009070 0.005466
0 0.715149 0.365019 0.009070 0.005466
0 0.793080 0.365019 0.009070 0.005466
0 0.835405 0.365019 0.009070 0.005466
0 0.886799 0.365019 0.009070 0.005466
0 0.921733 0.365019 0.009070 0.005466
0 0.137723 0.639259 0.009070 0.005466
0 0.241518 0.631654 0.009070 0.005466
0 0.345314 0.639259 0.009070 0.005466
0 0.538797 0.629278 0.009070 0.005466
0 0.645952 0.631654 0.009070 0.005466
0 0.779308 0.634268 0.009070 0.005466
0 0.320121 0.886882 0.009070 0.005466
0 0.375546 0.886882 0.009070 0.005466
0 0.774269 0.902091 0.009070 0.005466
0 0.832046 0.904705 0.009070 0.005466
0 0.863621 0.907319 0.009070 0.005466
0 0.924085 0.889496 0.009070 0.005466
0 0.221028 0.362405 0.009070 0.005466
0 0.221028 0.349810 0.009070 0.005466
0 0.333221 0.354800 0.009070 0.005466
0 0.381256 0.357414 0.009070 0.005466
0 0.406114 0.360029 0.009070 0.005466
0 0.467585 0.354800 0.009070 0.005466
0 0.467585 0.349810 0.009070 0.005466
0 0.578435 0.349810 0.009070 0.005466
0 0.631172 0.352424 0.009070 0.005466
0 0.658045 0.354800 0.009070 0.005466
0 0.715149 0.349810 0.009070 0.005466
0 0.766879 0.352424 0.009070 0.005466
0 0.793080 0.354800 0.009070 0.005466
0 0.835405 0.357414 0.009070 0.005466
0 0.913336 0.362405 0.009070 0.005466
0 0.137723 0.629278 0.009070 0.005466
0 0.241518 0.621673 0.009070 0.005466
0 0.280484 0.624049 0.009070 0.005466
0 0.301646 0.626663 0.009070 0.005466
0 0.345314 0.629278 0.009070 0.005466
0 0.404434 0.639259 0.009070 0.005466
0 0.404434 0.629278 0.009070 0.005466
0 0.436681 0.631654 0.009070 0.005466
0 0.436681 0.621673 0.009070 0.005466
0 0.495801 0.629278 0.009070 0.005466
0 0.495801 0.619059 0.009070 0.005466
0 0.538797 0.624049 0.009070 0.005466
0 0.608331 0.621673 0.009070 0.005466
0 0.645952 0.619059 0.009070 0.005466
0 0.691636 0.621673 0.009070 0.005466
0 0.715149 0.624049 0.009070 0.005466
0 0.779308 0.621673 0.009070 0.005466
0 0.824992 0.621673 0.009070 0.005466
0 0.824992 0.616445 0.009070 0.005466
0 0.858582 0.649477 0.009070 0.005466
0 0.858582 0.639259 0.009070 0.005466
0 0.922069 0.626663 0.009070 0.005466
0 0.144105 0.874287 0.009070 0.005466
0 0.193819 0.884506 0.009070 0.005466
0 0.225059 0.879515 0.009070 0.005466
0 0.274773 0.897101 0.009070 0.005466
0 0.320121 0.881892 0.009070 0.005466
0 0.410816 0.879515 0.009070 0.005466
0 0.480013 0.881892 0.009070 0.005466
0 0.537118 0.881892 0.009070 0.005466
0 0.598925 0.889496 0.009070 0.005466
0 0.634531 0.881892 0.009070 0.005466
0 0.727578 0.899715 0.009070 0.005466
0 0.727578 0.889496 0.009070 0.005466
0 0.774269 0.879515 0.009070 0.005466
0 0.812563 0.876901 0.009070 0.005466
0 0.832046 0.881892 0.009070 0.005466
0 0.832046 0.874287 0.009070 0.005466
0 0.863621 0.874287 0.009070 0.005466
0 0.901579 0.871911 0.009070 0.005466
0 0.924085 0.884506 0.009070 0.005466
0 0.924085 0.876901 0.009070 0.005466
0 0.221028 0.298479 0.009070 0.005466
0 0.333221 0.295865 0.009070 0.005466
0 0.381256 0.298479 0.009070 0.005466
0 0.406114 0.301093 0.009070 0.005466
0 0.455156 0.298479 0.009070 0.005466
0 0.578435 0.301093 0.009070 0.005466
0 0.658045 0.298479 0.009070 0.005466
0 0.715149 0.295865 0.009070 0.005466
0 0.835405 0.303470 0.009070 0.005466
0 0.835405 0.298479 0.009070 0.005466
0 0.913336 0.306084 0.009070 0.005466
0 0.913336 0.301093 0.009070 0.005466
0 0.146120 0.575095 0.009070 0.005466
0 0.181727 0.577709 0.009070 0.005466
0 0.201545 0.577709 0.009070 0.005466
0 0.221700 0.580323 0.009070 0.005466
0 0.241518 0.575095 0.009070 0.005466
0 0.538797 0.570105 0.009070 0.005466
0 0.608331 0.567490 0.009070 0.005466
0 0.645952 0.567490 0.009070 0.005466
0 0.691636 0.570105 0.009070 0.005466
0 0.715149 0.572719 0.009070 0.005466
0 0.779308 0.572719 0.009070 0.005466
0 0.864965 0.587928 0.009070 0.005466
0 0.864965 0.572719 0.009070 0.005466
0 0.922069 0.575095 0.009070 0.005466
0 0.144105 0.838165 0.009070 0.005466
0 0.144105 0.833175 0.009070 0.005466
0 0.193819 0.838165 0.009070 0.005466
0 0.193819 0.833175 0.009070 0.005466
0 0.225059 0.843156 0.009070 0.005466
0 0.225059 0.838165 0.009070 0.005466
0 0.274773 0.843156 0.009070 0.005466
0 0.274773 0.838165 0.009070 0.005466
0 0.320121 0.843156 0.009070 0.005466
0 0.375546 0.845770 0.009070 0.005466
0 0.410816 0.835789 0.009070 0.005466
0 0.445415 0.838165 0.009070 0.005466
0 0.537118 0.840779 0.009070 0.005466
0 0.634531 0.843156 0.009070 0.005466
0 0.675512 0.845770 0.009070 0.005466
0 0.727578 0.848384 0.009070 0.005466
0 0.703729 0.848384 0.006382 0.003802
0 0.714814 0.846008 0.006382 0.003802
0 0.221028 0.280894 0.009070 0.005466
0 0.269063 0.283270 0.009070 0.005466
0 0.293584 0.285884 0.009070 0.005466
0 0.333221 0.290875 0.009070 0.005466
0 0.455156 0.280894 0.009070 0.005466
0 0.507894 0.283270 0.009070 0.005466
0 0.535102 0.285884 0.009070 0.005466
0 0.578435 0.290875 0.009070 0.005466
0 0.715149 0.280894 0.009070 0.005466
0 0.766879 0.283270 0.009070 0.005466
0 0.793080 0.285884 0.009070 0.005466
0 0.835405 0.290875 0.009070 0.005466
0 0.886799 0.293489 0.009070 0.005466
0 0.913336 0.293489 0.009070 0.005466
0 0.137723 0.572719 0.009070 0.005466
0 0.137723 0.565114 0.009070 0.005466
0 0.241518 0.565114 0.009070 0.005466
0 0.345314 0.575095 0.009070 0.005466
0 0.345314 0.565114 0.009070 0.005466
0 0.404434 0.577709 0.009070 0.005466
0 0.404434 0.572719 0.009070 0.005466
0 0.436681 0.572719 0.009070 0.005466
0 0.445415 0.570105 0.009070 0.005466
0 0.495801 0.575095 0.009070 0.005466
0 0.495801 0.567490 0.009070 0.005466
0 0.538797 0.565114 0.009070 0.005466
0 0.584817 0.562500 0.009070 0.005466
0 0.608331 0.560124 0.009070 0.005466
0 0.649311 0.572719 0.009070 0.005466
0 0.715149 0.562500 0.009070 0.005466
0 0.779308 0.565114 0.009070 0.005466
0 0.824992 0.572719 0.009070 0.005466
0 0.824992 0.567490 0.009070 0.005466
0 0.858582 0.570105 0.009070 0.005466
0 0.901243 0.567490 0.009070 0.005466
0 0.922069 0.565114 0.009070 0.005466
0 0.144105 0.822956 0.009070 0.005466
0 0.225059 0.828184 0.009070 0.005466
0 0.320121 0.835789 0.009070 0.005466
0 0.410816 0.828184 0.009070 0.005466
0 0.480013 0.830561 0.009070 0.005466
0 0.537118 0.830561 0.009070 0.005466
0 0.578099 0.828184 0.009070 0.005466
0 0.598925 0.833175 0.009070 0.005466
0 0.634531 0.835789 0.009070 0.005466
0 0.345314 0.482177 0.009070 0.005466
0 0.384279 0.484553 0.009070 0.005466
0 0.404434 0.487167 0.009070 0.005466
0 0.436681 0.484553 0.009070 0.005466
0 0.475647 0.487167 0.009070 0.005466
0 0.495801 0.489544 0.009070 0.005466
0 0.538797 0.487167 0.009070 0.005466
0 0.584817 0.489544 0.009070 0.005466
0 0.608331 0.492158 0.009070 0.005466
0 0.645952 0.489544 0.009070 0.005466
0 0.715149 0.499762 0.009070 0.005466
0 0.740343 0.499762 0.009070 0.005466
0 0.779308 0.482177 0.009070 0.005466
0 0.858582 0.482177 0.009070 0.005466
0 0.901243 0.484553 0.009070 0.005466
0 0.922069 0.487167 0.009070 0.005466
0 0.144105 0.758793 0.009070 0.005466
0 0.225059 0.758793 0.009070 0.005466
0 0.320121 0.761407 0.009070 0.005466
0 0.375546 0.758793 0.009070 0.005466
0 0.410816 0.753802 0.009070 0.005466
0 0.445415 0.756416 0.009070 0.005466
0 0.537118 0.756416 0.009070 0.005466
0 0.598925 0.758793 0.009070 0.005466
0 0.634531 0.766397 0.009070 0.005466
0 0.774269 0.764021 0.009070 0.005466
0 0.808868 0.761407 0.009070 0.005466
0 0.832046 0.758793 0.009070 0.005466
0 0.863621 0.748812 0.009070 0.005466
