0 0.649311 0.195817 0.008734 0.004753
0 0.633860 0.211740 0.005710 0.003327
0 0.796775 0.195817 0.008062 0.004753
0 0.836412 0.211740 0.008062 0.004753
0 0.851528 0.211740 0.008062 0.004753
0 0.876050 0.211740 0.008062 0.004753
0 0.176016 0.432510 0.008062 0.004753
0 0.191132 0.432510 0.008062 0.004753
0 0.214982 0.432510 0.008062 0.004753
0 0.380584 0.648051 0.008734 0.004753
0 0.579778 0.648051 0.008062 0.004753
0 0.631844 0.648051 0.008062 0.004753
0 0.281156 0.896388 0.008062 0.004753
0 0.361102 0.896388 0.008062 0.004753
0 0.149815 0.207224 0.008734 0.004753
0 0.149815 0.198194 0.008734 0.004753
0 0.312395 0.207224 0.008734 0.004753
0 0.312395 0.198194 0.008734 0.004753
0 0.471616 0.209363 0.008734 0.004753
0 0.471616 0.198194 0.008734 0.004753
0 0.649311 0.189163 0.008062 0.004753
0 0.713806 0.193679 0.008062 0.004753
0 0.796775 0.191302 0.008062 0.004753
0 0.876050 0.191302 0.008062 0.004753
0 0.915687 0.193679 0.008062 0.004753
0 0.930803 0.189163 0.008062 0.004753
0 0.137051 0.412310 0.008062 0.004753
0 0.214982 0.412310 0.008062 0.004753
0 0.253947 0.414449 0.008062 0.004753
0 0.269063 0.409933 0.008062 0.004753
0 0.303997 0.412310 0.008062 0.004753
0 0.342291 0.414449 0.008062 0.004753
0 0.357071 0.409933 0.008062 0.004753
0 0.380584 0.412310 0.008062 0.004753
0 0.509909 0.409933 0.008734 0.004753
0 0.598253 0.409933 0.008062 0.004753
0 0.718844 0.412310 0.008062 0.004753
0 0.718844 0.407795 0.008062 0.004753
0 0.792408 0.412310 0.008062 0.004753
0 0.792408 0.407795 0.008062 0.004753
0 0.831038 0.409933 0.008062 0.004753
0 0.838428 0.407795 0.008062 0.004753
0 0.909305 0.412310 0.008062 0.004753
0 0.909305 0.407795 0.008062 0.004753
0 0.142089 0.645913 0.008062 0.004753
0 0.142089 0.641397 0.008062 0.004753
0 0.220020 0.643536 0.008062 0.004753
0 0.220020 0.639021 0.008062 0.004753
0 0.276453 0.645913 0.008062 0.004753
0 0.276453 0.641397 0.008062 0.004753
0 0.380584 0.636882 0.008062 0.004753
0 0.465569 0.641397 0.008062 0.004753
0 0.579778 0.629990 0.008062 0.004753
0 0.631844 0.632367 0.008062 0.004753
0 0.685254 0.636882 0.008062 0.004753
0 0.711790 0.639021 0.008062 0.004753
0 0.754451 0.643536 0.008062 0.004753
0 0.808532 0.645913 0.008734 0.004753
0 0.808532 0.641397 0.008734 0.004753
0 0.142425 0.896388 0.008734 0.004753
0 0.142425 0.887357 0.008734 0.004753
0 0.281156 0.878327 0.008062 0.004753
0 0.361102 0.880703 0.008062 0.004753
0 0.414175 0.885219 0.008062 0.004753
0 0.440712 0.887357 0.008062 0.004753
0 0.522002 0.907795 0.008062 0.004753
0 0.522002 0.898764 0.008062 0.004753
0 0.522002 0.887357 0.008062 0.004753
0 0.766208 0.907795 0.008734 0.004753
0 0.766208 0.898764 0.008734 0.004753
0 0.471616 0.157557 0.008734 0.004753
0 0.796775 0.166587 0.008734 0.004753
0 0.137387 0.386169 0.008734 0.004753
0 0.303997 0.386169 0.008062 0.004753
0 0.380584 0.386169 0.008062 0.004753
0 0.465569 0.609791 0.008062 0.004753
0 0.142425 0.840067 0.008734 0.004753
0 0.281156 0.840067 0.008062 0.004753
0 0.361102 0.840067 0.008062 0.004753
0 0.149815 0.159933 0.008062 0.004753
0 0.149815 0.153042 0.008062 0.004753
0 0.149815 0.148527 0.008062 0.004753
0 0.223379 0.162072 0.008062 0.004753
0 0.223379 0.155418 0.008062 0.004753
0 0.223379 0.150903 0.008062 0.004753
0 0.312059 0.157557 0.008062 0.004753
0 0.312059 0.150903 0.008062 0.004753
0 0.312059 0.146388 0.008062 0.004753
0 0.375882 0.159933 0.008062 0.004753
0 0.375882 0.153042 0.008062 0.004753
0 0.375882 0.148527 0.008062 0.004753
0 0.471280 0.148527 0.008062 0.004753
0 0.471280 0.144011 0.008062 0.004753
0 0.504199 0.150903 0.008062 0.004753
0 0.504199 0.146388 0.008062 0.004753
0 0.521330 0.146388 0.008062 0.004753
0 0.521330 0.141873 0.008062 0.004753
0 0.548203 0.148527 0.008062 0.004753
0 0.548203 0.144011 0.008062 0.004753
0 0.575076 0.150903 0.008062 0.004753
0 0.575076 0.146388 0.008062 0.004753
0 0.601948 0.153042 0.008062 0.004753
0 0.601948 0.148527 0.008062 0.004753
0 0.649311 0.164449 0.008734 0.004753
0 0.649311 0.159933 0.008734 0.004753
0 0.796775 0.159933 0.008062 0.004753
0 0.876050 0.159933 0.008062 0.004753
0 0.915687 0.162072 0.008062 0.004753
0 0.930803 0.157557 0.008062 0.004753
0 0.137051 0.379515 0.008062 0.004753
0 0.214982 0.379515 0.008062 0.004753
0 0.253947 0.381654 0.008062 0.004753
0 0.269063 0.377139 0.008062 0.004753
0 0.303997 0.379515 0.008062 0.004753
0 0.342291 0.381654 0.008062 0.004753
0 0.357071 0.377139 0.008062 0.004753
0 0.380584 0.379515 0.008062 0.004753
0 0.404098 0.386169 0.008062 0.004753
0 0.404098 0.379515 0.008062 0.004753
0 0.404098 0.375000 0.008062 0.004753
0 0.427612 0.381654 0.008062 0.004753
0 0.427612 0.375000 0.008062 0.004753
0 0.427612 0.370485 0.008062 0.004753
0 0.473295 0.377139 0.008734 0.004753
0 0.473295 0.370485 0.008734 0.004753
0 0.473295 0.365970 0.008734 0.004753
0 0.546859 0.379515 0.008062 0.004753
0 0.546859 0.372624 0.008062 0.004753
0 0.546859 0.368108 0.008062 0.004753
0 0.598253 0.381654 0.008062 0.004753
0 0.598253 0.377139 0.008062 0.004753
0 0.598253 0.370485 0.008062 0.004753
0 0.718844 0.379515 0.008062 0.004753
0 0.718844 0.368108 0.008062 0.004753
0 0.792408 0.379515 0.008062 0.004753
0 0.792408 0.368108 0.008062 0.004753
0 0.838428 0.381654 0.008062 0.004753
0 0.838428 0.370485 0.008062 0.004753
0 0.909305 0.379515 0.008062 0.004753
0 0.909305 0.368108 0.008062 0.004753
0 0.142089 0.609791 0.008062 0.004753
0 0.142089 0.598384 0.008062 0.004753
0 0.220020 0.611930 0.008062 0.004753
0 0.220020 0.600760 0.008062 0.004753
0 0.276453 0.609791 0.008062 0.004753
0 0.276453 0.598384 0.008062 0.004753
0 0.380584 0.605276 0.008062 0.004753
0 0.380584 0.593869 0.008062 0.004753
0 0.465569 0.596245 0.008062 0.004753
0 0.517971 0.600760 0.008062 0.004753
0 0.579778 0.607414 0.008062 0.004753
0 0.579778 0.602899 0.008062 0.004753
0 0.631844 0.607414 0.008062 0.004753
0 0.631844 0.602899 0.008062 0.004753
0 0.808532 0.611930 0.008734 0.004753
0 0.808532 0.605276 0.008734 0.004753
0 0.142425 0.826521 0.008062 0.004753
0 0.192812 0.828897 0.008062 0.004753
0 0.234128 0.833413 0.008062 0.004753
0 0.281156 0.835551 0.008062 0.004753
0 0.361102 0.835551 0.008062 0.004753
0 0.522002 0.846958 0.008062 0.004753
0 0.598589 0.844582 0.008062 0.004753
0 0.639234 0.840067 0.008062 0.004753
0 0.664763 0.837928 0.008062 0.004753
0 0.705408 0.833413 0.008062 0.004753
0 0.766208 0.842443 0.008062 0.004753
0 0.766208 0.835551 0.008062 0.004753
0 0.766208 0.831036 0.008062 0.004753
0 0.860598 0.844582 0.008062 0.004753
0 0.860598 0.837928 0.008062 0.004753
0 0.860598 0.833413 0.008062 0.004753
0 0.149815 0.071768 0.008062 0.004753
0 0.195163 0.071768 0.008062 0.004753
0 0.223379 0.074144 0.008062 0.004753
0 0.268391 0.074144 0.008062 0.004753
0 0.312059 0.078660 0.008062 0.004753
0 0.351360 0.078660 0.008062 0.004753
0 0.375882 0.076283 0.008062 0.004753
0 0.400403 0.074144 0.008062 0.004753
0 0.424924 0.071768 0.008062 0.004753
0 0.471280 0.069629 0.008062 0.004753
0 0.521330 0.085314 0.008062 0.004753
0 0.548203 0.085314 0.008062 0.004753
0 0.575076 0.083175 0.008062 0.004753
0 0.601948 0.080798 0.008062 0.004753
0 0.649311 0.078660 0.008062 0.004753
0 0.676856 0.080798 0.008062 0.004753
0 0.690964 0.076283 0.008062 0.004753
0 0.713806 0.078660 0.008062 0.004753
0 0.736312 0.080798 0.008062 0.004753
0 0.759154 0.083175 0.008062 0.004753
0 0.796775 0.087690 0.008734 0.004753
0 0.137051 0.331987 0.008062 0.004753
0 0.598253 0.322956 0.008062 0.004753
0 0.639570 0.322956 0.008062 0.004753
0 0.664763 0.320817 0.008062 0.004753
0 0.718844 0.320817 0.008062 0.004753
0 0.909305 0.320817 0.008062 0.004753
0 0.142089 0.539449 0.008062 0.004753
0 0.188109 0.539449 0.008062 0.004753
0 0.220020 0.541587 0.008062 0.004753
0 0.276453 0.539449 0.008062 0.004753
0 0.322472 0.539449 0.008062 0.004753
0 0.380584 0.534933 0.008062 0.004753
0 0.432986 0.534933 0.008062 0.004753
0 0.465569 0.537072 0.008062 0.004753
0 0.517971 0.541587 0.008062 0.004753
0 0.579778 0.543964 0.008062 0.004753
0 0.631844 0.543964 0.008062 0.004753
0 0.711790 0.543964 0.008062 0.004753
0 0.754451 0.543964 0.008062 0.004753
0 0.808532 0.537072 0.008062 0.004753
0 0.853544 0.537072 0.008062 0.004753
0 0.881760 0.539449 0.008062 0.004753
0 0.927108 0.543964 0.008062 0.004753
0 0.142425 0.777567 0.008734 0.004753
0 0.281156 0.777567 0.008062 0.004753
0 0.440712 0.777567 0.008062 0.004753
0 0.483037 0.773051 0.008062 0.004753
0 0.522002 0.773051 0.008734 0.004753
0 0.664763 0.773051 0.008062 0.004753
0 0.766208 0.768536 0.008062 0.004753
0 0.824320 0.768536 0.008062 0.004753
0 0.860598 0.770675 0.008062 0.004753
0 0.919046 0.770675 0.008062 0.004753
