0 0.239503 0.903517 0.009405 0.005466
0 0.239503 0.884981 0.009405 0.005466
0 0.293920 0.900903 0.009405 0.005466
0 0.293920 0.882367 0.009405 0.005466
0 0.140074 0.185837 0.009405 0.005466
0 0.176016 0.204135 0.009405 0.005466
0 0.176016 0.198907 0.009405 0.005466
0 0.176016 0.193679 0.009405 0.005466
0 0.176016 0.185837 0.009405 0.005466
0 0.373194 0.193679 0.009405 0.005466
0 0.396708 0.204135 0.009405 0.005466
0 0.420222 0.193679 0.009405 0.005466
0 0.466913 0.196293 0.009405 0.005466
0 0.513940 0.193679 0.009405 0.005466
0 0.537118 0.204135 0.009405 0.005466
0 0.560632 0.193679 0.009405 0.005466
0 0.607659 0.196293 0.009405 0.005466
0 0.678200 0.198907 0.009405 0.005466
0 0.703729 0.204135 0.009405 0.005466
0 0.729594 0.198907 0.009405 0.005466
0 0.755123 0.198907 0.009405 0.005466
0 0.780988 0.217443 0.009405 0.005466
0 0.806517 0.201521 0.009405 0.005466
0 0.832382 0.220057 0.009405 0.005466
0 0.857911 0.206749 0.009405 0.005466
0 0.883776 0.225285 0.009405 0.005466
0 0.905610 0.206749 0.009405 0.005466
0 0.914679 0.204135 0.009405 0.005466
0 0.914679 0.198907 0.009405 0.005466
0 0.914679 0.193679 0.009405 0.005466
0 0.137723 0.434886 0.009405 0.005466
0 0.160900 0.429658 0.009405 0.005466
0 0.184414 0.421816 0.009405 0.005466
0 0.207927 0.416587 0.009405 0.005466
0 0.231441 0.432272 0.009405 0.005466
0 0.231441 0.413973 0.009405 0.005466
0 0.278132 0.429658 0.009405 0.005466
0 0.278132 0.416587 0.009405 0.005466
0 0.342627 0.429658 0.009405 0.005466
0 0.342627 0.419202 0.009405 0.005466
0 0.428284 0.440114 0.009405 0.005466
0 0.450118 0.437500 0.009405 0.005466
0 0.471952 0.434886 0.009405 0.005466
0 0.493786 0.432272 0.009405 0.005466
0 0.515284 0.429658 0.009405 0.005466
0 0.537118 0.427044 0.009405 0.005466
0 0.558952 0.424430 0.009405 0.005466
0 0.580786 0.421816 0.009405 0.005466
0 0.602284 0.419202 0.009405 0.005466
0 0.624118 0.416587 0.009405 0.005466
0 0.677528 0.419202 0.009405 0.005466
0 0.769231 0.421816 0.009405 0.005466
0 0.815250 0.413973 0.009405 0.005466
0 0.907289 0.416587 0.009405 0.005466
0 0.140074 0.649002 0.009405 0.005466
0 0.140074 0.643774 0.009405 0.005466
0 0.242526 0.651616 0.009405 0.005466
0 0.242526 0.646388 0.009405 0.005466
0 0.293920 0.654230 0.009405 0.005466
0 0.293920 0.649002 0.009405 0.005466
0 0.341283 0.662310 0.009405 0.005466
0 0.350017 0.659696 0.009405 0.005466
0 0.350017 0.654230 0.009405 0.005466
0 0.350017 0.649002 0.009405 0.005466
0 0.405106 0.664924 0.009405 0.005466
0 0.428619 0.659696 0.009405 0.005466
0 0.452469 0.651616 0.009405 0.005466
0 0.475983 0.646388 0.009405 0.005466
0 0.499496 0.662310 0.009405 0.005466
0 0.499496 0.643774 0.009405 0.005466
0 0.546523 0.659696 0.009405 0.005466
0 0.546523 0.646388 0.009405 0.005466
0 0.611354 0.659696 0.009405 0.005466
0 0.611354 0.649002 0.009405 0.005466
0 0.675176 0.670152 0.009405 0.005466
0 0.239503 0.879753 0.009405 0.005466
0 0.293920 0.877139 0.009405 0.005466
0 0.354384 0.911359 0.009405 0.005466
0 0.354384 0.893061 0.009405 0.005466
0 0.447430 0.882367 0.009405 0.005466
0 0.578435 0.893061 0.009405 0.005466
0 0.578435 0.874525 0.009405 0.005466
0 0.676184 0.900903 0.009405 0.005466
0 0.800806 0.911359 0.009405 0.005466
0 0.800806 0.893061 0.009405 0.005466
0 0.865301 0.911359 0.009405 0.005466
0 0.865301 0.893061 0.009405 0.005466
0 0.893181 0.911359 0.009405 0.005466
0 0.893181 0.893061 0.009405 0.005466
0 0.231441 0.382129 0.009405 0.005466
0 0.499496 0.610741 0.009405 0.005466
0 0.140074 0.143536 0.009405 0.005466
0 0.176016 0.143536 0.009405 0.005466
0 0.176016 0.138308 0.009405 0.005466
0 0.176016 0.133080 0.009405 0.005466
0 0.176016 0.125238 0.009405 0.005466
0 0.304333 0.167300 0.009405 0.005466
0 0.304333 0.162072 0.009405 0.005466
0 0.350017 0.164686 0.009405 0.005466
0 0.358750 0.162072 0.009405 0.005466
0 0.443735 0.167300 0.009405 0.005466
0 0.443735 0.162072 0.009405 0.005466
0 0.490427 0.164686 0.009405 0.005466
0 0.499160 0.162072 0.009405 0.005466
0 0.584145 0.167300 0.009405 0.005466
0 0.584145 0.162072 0.009405 0.005466
0 0.652335 0.169914 0.009405 0.005466
0 0.652335 0.164686 0.009405 0.005466
0 0.661404 0.162072 0.009405 0.005466
0 0.755123 0.172529 0.009405 0.005466
0 0.755123 0.167300 0.009405 0.005466
0 0.755123 0.162072 0.009405 0.005466
0 0.806517 0.172529 0.009405 0.005466
0 0.806517 0.164686 0.009405 0.005466
0 0.806517 0.159458 0.009405 0.005466
0 0.914679 0.162072 0.009405 0.005466
0 0.914679 0.156844 0.009405 0.005466
0 0.914679 0.151616 0.009405 0.005466
0 0.137723 0.384743 0.009405 0.005466
0 0.137723 0.376901 0.009405 0.005466
0 0.137723 0.366445 0.009405 0.005466
0 0.231441 0.369059 0.009405 0.005466
0 0.254955 0.374287 0.009405 0.005466
0 0.278132 0.384743 0.009405 0.005466
0 0.278132 0.376901 0.009405 0.005466
0 0.342627 0.387357 0.009405 0.005466
0 0.342627 0.379515 0.009405 0.005466
0 0.428284 0.389971 0.009405 0.005466
0 0.450118 0.387357 0.009405 0.005466
0 0.471952 0.384743 0.009405 0.005466
0 0.493786 0.382129 0.009405 0.005466
0 0.515284 0.379515 0.009405 0.005466
0 0.537118 0.376901 0.009405 0.005466
0 0.558952 0.374287 0.009405 0.005466
0 0.580786 0.371673 0.009405 0.005466
0 0.602284 0.369059 0.009405 0.005466
0 0.624118 0.366445 0.009405 0.005466
0 0.645952 0.384743 0.009405 0.005466
0 0.700369 0.384743 0.009405 0.005466
0 0.723211 0.379515 0.009405 0.005466
0 0.723211 0.369059 0.009405 0.005466
0 0.746389 0.384743 0.009405 0.005466
0 0.792408 0.384743 0.009405 0.005466
0 0.792408 0.371673 0.009405 0.005466
0 0.838428 0.384743 0.009405 0.005466
0 0.861270 0.379515 0.009405 0.005466
0 0.861270 0.374287 0.009405 0.005466
0 0.884112 0.384743 0.009405 0.005466
0 0.930131 0.384743 0.009405 0.005466
0 0.930131 0.376901 0.009405 0.005466
0 0.165939 0.613356 0.009405 0.005466
0 0.191468 0.608127 0.009405 0.005466
0 0.191468 0.602899 0.009405 0.005466
0 0.216997 0.613356 0.009405 0.005466
0 0.242526 0.605513 0.009405 0.005466
0 0.242526 0.600285 0.009405 0.005466
0 0.268055 0.613356 0.009405 0.005466
0 0.293920 0.613356 0.009405 0.005466
0 0.293920 0.602899 0.009405 0.005466
0 0.293920 0.597671 0.009405 0.005466
0 0.350017 0.613356 0.009405 0.005466
0 0.350017 0.608127 0.009405 0.005466
0 0.350017 0.602899 0.009405 0.005466
0 0.405106 0.613356 0.009405 0.005466
0 0.405106 0.605513 0.009405 0.005466
0 0.405106 0.595057 0.009405 0.005466
0 0.499496 0.597671 0.009405 0.005466
0 0.523010 0.602899 0.009405 0.005466
0 0.546523 0.613356 0.009405 0.005466
0 0.546523 0.605513 0.009405 0.005466
0 0.611354 0.615970 0.009405 0.005466
0 0.611354 0.608127 0.009405 0.005466
0 0.698690 0.581749 0.009405 0.005466
0 0.698690 0.576521 0.009405 0.005466
0 0.721868 0.584363 0.009405 0.005466
0 0.721868 0.579135 0.009405 0.005466
0 0.745381 0.586977 0.009405 0.005466
0 0.745381 0.581749 0.009405 0.005466
0 0.768895 0.589591 0.009405 0.005466
0 0.768895 0.584363 0.009405 0.005466
0 0.792073 0.592443 0.009405 0.005466
0 0.792073 0.586977 0.009405 0.005466
0 0.815586 0.595057 0.009405 0.005466
0 0.815586 0.589591 0.009405 0.005466
0 0.838764 0.597671 0.009405 0.005466
0 0.838764 0.592443 0.009405 0.005466
0 0.862277 0.600285 0.009405 0.005466
0 0.862277 0.595057 0.009405 0.005466
0 0.885455 0.602899 0.009405 0.005466
0 0.885455 0.597671 0.009405 0.005466
0 0.908969 0.605513 0.009405 0.005466
0 0.908969 0.600285 0.009405 0.005466
0 0.932146 0.608127 0.009405 0.005466
0 0.932146 0.602899 0.009405 0.005466
0 0.137723 0.837690 0.009405 0.005466
0 0.137723 0.832462 0.009405 0.005466
0 0.154518 0.840304 0.009405 0.005466
0 0.154518 0.835076 0.009405 0.005466
0 0.171649 0.842918 0.009405 0.005466
0 0.171649 0.837690 0.009405 0.005466
0 0.188445 0.845532 0.009405 0.005466
0 0.188445 0.840304 0.009405 0.005466
0 0.205576 0.848146 0.009405 0.005466
0 0.205576 0.842918 0.009405 0.005466
0 0.222372 0.850760 0.009405 0.005466
0 0.222372 0.845532 0.009405 0.005466
0 0.239503 0.848146 0.009405 0.005466
0 0.293920 0.842918 0.009405 0.005466
0 0.369835 0.826996 0.009405 0.005466
0 0.385287 0.821768 0.009405 0.005466
0 0.401075 0.832462 0.009405 0.005466
0 0.416527 0.826996 0.009405 0.005466
0 0.431979 0.840304 0.009405 0.005466
0 0.462882 0.829848 0.009405 0.005466
0 0.478670 0.824382 0.009405 0.005466
0 0.494122 0.835076 0.009405 0.005466
0 0.509573 0.829848 0.009405 0.005466
0 0.525025 0.842918 0.009405 0.005466
0 0.594558 0.813926 0.009405 0.005466
0 0.611354 0.808698 0.009405 0.005466
0 0.627477 0.819154 0.009405 0.005466
0 0.643937 0.813926 0.009405 0.005466
0 0.660060 0.826996 0.009405 0.005466
0 0.692308 0.816540 0.009405 0.005466
0 0.708431 0.811312 0.009405 0.005466
0 0.724555 0.821768 0.009405 0.005466
0 0.741014 0.816540 0.009405 0.005466
0 0.757138 0.829848 0.009405 0.005466
0 0.800806 0.832462 0.009405 0.005466
0 0.800806 0.819154 0.009405 0.005466
0 0.865301 0.840304 0.009405 0.005466
0 0.865301 0.826996 0.009405 0.005466
0 0.893181 0.845532 0.009405 0.005466
0 0.893181 0.832462 0.009405 0.005466
0 0.304333 0.083413 0.009405 0.005466
0 0.350017 0.086027 0.009405 0.005466
0 0.443735 0.083413 0.009405 0.005466
0 0.490427 0.086027 0.009405 0.005466
0 0.584145 0.083413 0.009405 0.005466
0 0.652335 0.080798 0.009405 0.005466
0 0.755123 0.078184 0.009405 0.005466
0 0.806517 0.075570 0.009405 0.005466
0 0.914679 0.080798 0.009405 0.005466
0 0.137723 0.292063 0.009405 0.005466
0 0.231441 0.294677 0.009405 0.005466
0 0.254955 0.299905 0.009405 0.005466
0 0.278132 0.302519 0.009405 0.005466
0 0.342627 0.299905 0.009405 0.005466
0 0.371179 0.297291 0.009405 0.005466
0 0.406449 0.302519 0.009405 0.005466
0 0.624118 0.292063 0.009405 0.005466
0 0.677528 0.294677 0.009405 0.005466
0 0.769231 0.297291 0.009405 0.005466
0 0.815250 0.299905 0.009405 0.005466
0 0.907289 0.302519 0.009405 0.005466
0 0.140074 0.530656 0.009405 0.005466
0 0.242526 0.528042 0.009405 0.005466
0 0.293920 0.520200 0.009405 0.005466
0 0.350017 0.525428 0.009405 0.005466
0 0.405106 0.517586 0.009405 0.005466
0 0.499496 0.520200 0.009405 0.005466
0 0.523010 0.525428 0.009405 0.005466
0 0.546523 0.528042 0.009405 0.005466
0 0.611354 0.525428 0.009405 0.005466
0 0.639906 0.522814 0.009405 0.005466
0 0.675176 0.528042 0.009405 0.005466
0 0.908969 0.535884 0.009405 0.005466
0 0.137723 0.757842 0.009405 0.005466
0 0.205576 0.752614 0.009405 0.005466
0 0.239503 0.755228 0.009405 0.005466
0 0.266711 0.750000 0.009405 0.005466
0 0.310715 0.760456 0.009405 0.005466
0 0.354384 0.757842 0.009405 0.005466
0 0.447430 0.750000 0.009405 0.005466
0 0.525025 0.760456 0.009405 0.005466
0 0.578435 0.757842 0.009405 0.005466
0 0.676184 0.765922 0.009405 0.005466
0 0.757138 0.765922 0.009405 0.005466
0 0.800806 0.757842 0.009405 0.005466
