0 0.156869 0.445342 0.009741 0.005703
0 0.534095 0.458888 0.009741 0.005703
0 0.795768 0.450808 0.009741 0.005703
0 0.401075 0.660884 0.009741 0.005703
0 0.137723 0.889496 0.009741 0.005703
0 0.805173 0.894724 0.009741 0.005703
0 0.156533 0.218156 0.009741 0.005703
0 0.258314 0.158508 0.009741 0.005703
0 0.285858 0.161359 0.009741 0.005703
0 0.357407 0.218156 0.009741 0.005703
0 0.465233 0.158508 0.009741 0.005703
0 0.494458 0.161359 0.009741 0.005703
0 0.571381 0.218156 0.009741 0.005703
0 0.688277 0.155894 0.009741 0.005703
0 0.710447 0.161359 0.009741 0.005703
0 0.787706 0.218156 0.009741 0.005703
0 0.904266 0.163973 0.009741 0.005703
0 0.904266 0.158508 0.009741 0.005703
0 0.904266 0.145200 0.009741 0.005703
0 0.926100 0.147814 0.009741 0.005703
0 0.156869 0.445342 0.009741 0.005703
0 0.184750 0.431797 0.009741 0.005703
0 0.207256 0.426568 0.009741 0.005703
0 0.235472 0.421103 0.009741 0.005703
0 0.258314 0.388783 0.009741 0.005703
0 0.258314 0.383317 0.009741 0.005703
0 0.360430 0.450808 0.009741 0.005703
0 0.360430 0.431797 0.009741 0.005703
0 0.388646 0.426568 0.009741 0.005703
0 0.411824 0.421103 0.009741 0.005703
0 0.441048 0.413023 0.009741 0.005703
0 0.464226 0.383317 0.009741 0.005703
0 0.534095 0.458888 0.009741 0.005703
0 0.567686 0.439876 0.009741 0.005703
0 0.601276 0.429183 0.009741 0.005703
0 0.626134 0.421103 0.009741 0.005703
0 0.653342 0.378089 0.009741 0.005703
0 0.686261 0.391397 0.009741 0.005703
0 0.686261 0.380703 0.009741 0.005703
0 0.795768 0.450808 0.009741 0.005703
0 0.823984 0.439876 0.009741 0.005703
0 0.847162 0.431797 0.009741 0.005703
0 0.875714 0.421103 0.009741 0.005703
0 0.898892 0.413023 0.009741 0.005703
0 0.135371 0.641873 0.009741 0.005703
0 0.177360 0.647338 0.009741 0.005703
0 0.219348 0.660884 0.009741 0.005703
0 0.261001 0.647338 0.009741 0.005703
0 0.302990 0.639259 0.009741 0.005703
0 0.344978 0.652804 0.009741 0.005703
0 0.401075 0.649952 0.009741 0.005703
0 0.423581 0.647338 0.009741 0.005703
0 0.446087 0.649952 0.009741 0.005703
0 0.468593 0.647338 0.009741 0.005703
0 0.491098 0.644724 0.009741 0.005703
0 0.513604 0.641873 0.009741 0.005703
0 0.536110 0.644724 0.009741 0.005703
0 0.558616 0.641873 0.009741 0.005703
0 0.580786 0.639259 0.009741 0.005703
0 0.603292 0.641873 0.009741 0.005703
0 0.625798 0.641873 0.009741 0.005703
0 0.648304 0.644724 0.009741 0.005703
0 0.692980 0.647338 0.009741 0.005703
0 0.736984 0.652804 0.009741 0.005703
0 0.780652 0.660884 0.009741 0.005703
0 0.824320 0.647338 0.009741 0.005703
0 0.868324 0.639259 0.009741 0.005703
0 0.911992 0.647338 0.009741 0.005703
0 0.137723 0.878565 0.009741 0.005703
0 0.157205 0.875951 0.009741 0.005703
0 0.176688 0.878565 0.009741 0.005703
0 0.195835 0.875951 0.009741 0.005703
0 0.215317 0.873337 0.009741 0.005703
0 0.234464 0.870485 0.009741 0.005703
0 0.253947 0.873337 0.009741 0.005703
0 0.273430 0.870485 0.009741 0.005703
0 0.292576 0.867871 0.009741 0.005703
0 0.312059 0.870485 0.009741 0.005703
0 0.331206 0.867871 0.009741 0.005703
0 0.361438 0.873337 0.009741 0.005703
0 0.425596 0.908270 0.009741 0.005703
0 0.425596 0.889496 0.009741 0.005703
0 0.455828 0.884030 0.009741 0.005703
0 0.483373 0.875951 0.009741 0.005703
0 0.518979 0.838165 0.009741 0.005703
0 0.542828 0.840779 0.009741 0.005703
0 0.612361 0.905656 0.009741 0.005703
0 0.612361 0.894724 0.009741 0.005703
0 0.639234 0.886644 0.009741 0.005703
0 0.659053 0.881416 0.009741 0.005703
0 0.678871 0.875951 0.009741 0.005703
0 0.706416 0.835551 0.009741 0.005703
0 0.729258 0.838165 0.009741 0.005703
0 0.805173 0.894724 0.009741 0.005703
0 0.831710 0.884030 0.009741 0.005703
0 0.853544 0.875951 0.009741 0.005703
0 0.880752 0.870485 0.009741 0.005703
0 0.902586 0.862405 0.009741 0.005703
0 0.929123 0.865019 0.009741 0.005703
0 0.401075 0.606939 0.009741 0.005703
0 0.423581 0.604087 0.009741 0.005703
0 0.446087 0.606939 0.009741 0.005703
0 0.468593 0.604087 0.009741 0.005703
0 0.491098 0.601473 0.009741 0.005703
0 0.513604 0.598859 0.009741 0.005703
0 0.536110 0.601473 0.009741 0.005703
0 0.558616 0.598859 0.009741 0.005703
0 0.580786 0.596008 0.009741 0.005703
0 0.603292 0.598859 0.009741 0.005703
0 0.625798 0.598859 0.009741 0.005703
0 0.648304 0.601473 0.009741 0.005703
0 0.137723 0.835551 0.009741 0.005703
0 0.157205 0.832700 0.009741 0.005703
0 0.176688 0.835551 0.009741 0.005703
0 0.195835 0.832700 0.009741 0.005703
0 0.215317 0.830086 0.009741 0.005703
0 0.234464 0.827471 0.009741 0.005703
0 0.253947 0.830086 0.009741 0.005703
0 0.273430 0.827471 0.009741 0.005703
0 0.292576 0.824620 0.009741 0.005703
0 0.312059 0.827471 0.009741 0.005703
0 0.340275 0.824620 0.009741 0.005703
0 0.361438 0.830086 0.009741 0.005703
0 0.156533 0.218156 0.009741 0.005703
0 0.184078 0.207462 0.009741 0.005703
0 0.206920 0.199382 0.009741 0.005703
0 0.235472 0.193916 0.009741 0.005703
0 0.258314 0.153279 0.009741 0.005703
0 0.258314 0.147814 0.009741 0.005703
0 0.357407 0.218156 0.009741 0.005703
0 0.386631 0.207462 0.009741 0.005703
0 0.410816 0.199382 0.009741 0.005703
0 0.441048 0.193916 0.009741 0.005703
0 0.465233 0.153279 0.009741 0.005703
0 0.465233 0.147814 0.009741 0.005703
0 0.571381 0.218156 0.009741 0.005703
0 0.601276 0.204610 0.009741 0.005703
0 0.625798 0.199382 0.009741 0.005703
0 0.656365 0.193916 0.009741 0.005703
0 0.680551 0.153279 0.009741 0.005703
0 0.680551 0.147814 0.009741 0.005703
0 0.787706 0.218156 0.009741 0.005703
0 0.817938 0.204610 0.009741 0.005703
0 0.842123 0.199382 0.009741 0.005703
0 0.872355 0.193916 0.009741 0.005703
0 0.235472 0.378089 0.009741 0.005703
0 0.258314 0.372624 0.009741 0.005703
0 0.285858 0.375238 0.009741 0.005703
0 0.426604 0.378089 0.009741 0.005703
0 0.464226 0.372624 0.009741 0.005703
0 0.492442 0.375238 0.009741 0.005703
0 0.653342 0.378089 0.009741 0.005703
0 0.686261 0.372624 0.009741 0.005703
0 0.719852 0.375238 0.009741 0.005703
0 0.767887 0.383317 0.009741 0.005703
0 0.767887 0.378089 0.009741 0.005703
0 0.135371 0.604087 0.009741 0.005703
0 0.135371 0.598859 0.009741 0.005703
0 0.156198 0.601473 0.009741 0.005703
0 0.156198 0.596008 0.009741 0.005703
0 0.177360 0.604087 0.009741 0.005703
0 0.177360 0.598859 0.009741 0.005703
0 0.198186 0.601473 0.009741 0.005703
0 0.198186 0.596008 0.009741 0.005703
0 0.219348 0.604087 0.009741 0.005703
0 0.219348 0.598859 0.009741 0.005703
0 0.240175 0.601473 0.009741 0.005703
0 0.240175 0.596008 0.009741 0.005703
0 0.261001 0.604087 0.009741 0.005703
0 0.261001 0.598859 0.009741 0.005703
0 0.282163 0.601473 0.009741 0.005703
0 0.282163 0.596008 0.009741 0.005703
0 0.302990 0.604087 0.009741 0.005703
0 0.302990 0.598859 0.009741 0.005703
0 0.323816 0.601473 0.009741 0.005703
0 0.323816 0.596008 0.009741 0.005703
0 0.344978 0.604087 0.009741 0.005703
0 0.344978 0.598859 0.009741 0.005703
0 0.365805 0.601473 0.009741 0.005703
0 0.365805 0.596008 0.009741 0.005703
0 0.401075 0.593394 0.009741 0.005703
0 0.446087 0.593394 0.009741 0.005703
0 0.536110 0.593394 0.009741 0.005703
0 0.625798 0.593394 0.009741 0.005703
0 0.692980 0.604087 0.009741 0.005703
0 0.692980 0.598859 0.009741 0.005703
0 0.714814 0.601473 0.009741 0.005703
0 0.714814 0.596008 0.009741 0.005703
0 0.736984 0.604087 0.009741 0.005703
0 0.736984 0.598859 0.009741 0.005703
0 0.758818 0.601473 0.009741 0.005703
0 0.758818 0.596008 0.009741 0.005703
0 0.780652 0.604087 0.009741 0.005703
0 0.780652 0.598859 0.009741 0.005703
0 0.802486 0.601473 0.009741 0.005703
0 0.802486 0.596008 0.009741 0.005703
0 0.824320 0.604087 0.009741 0.005703
0 0.824320 0.598859 0.009741 0.005703
0 0.846154 0.601473 0.009741 0.005703
0 0.846154 0.596008 0.009741 0.005703
0 0.868324 0.604087 0.009741 0.005703
0 0.868324 0.598859 0.009741 0.005703
0 0.890158 0.601473 0.009741 0.005703
0 0.890158 0.596008 0.009741 0.005703
0 0.911992 0.604087 0.009741 0.005703
0 0.911992 0.598859 0.009741 0.005703
0 0.933826 0.601473 0.009741 0.005703
0 0.933826 0.596008 0.009741 0.005703
0 0.137723 0.822006 0.009741 0.005703
0 0.176688 0.822006 0.009741 0.005703
0 0.253947 0.822006 0.009741 0.005703
0 0.331206 0.822006 0.009741 0.005703
0 0.398052 0.840779 0.010413 0.005703
0 0.398052 0.835551 0.010413 0.005703
0 0.398052 0.827471 0.010413 0.005703
0 0.511253 0.835551 0.009741 0.005703
0 0.511253 0.827471 0.009741 0.005703
0 0.585489 0.846245 0.010413 0.005703
0 0.585489 0.832700 0.010413 0.005703
0 0.585489 0.827471 0.010413 0.005703
0 0.698690 0.832700 0.009741 0.005703
0 0.778636 0.822006 0.009741 0.005703
0 0.831710 0.824620 0.009741 0.005703
0 0.867316 0.827471 0.009741 0.005703
0 0.902586 0.822006 0.009741 0.005703
0 0.929123 0.816540 0.009741 0.005703
0 0.128653 0.090067 0.009741 0.005703
0 0.184078 0.087452 0.009741 0.005703
0 0.258314 0.081987 0.009741 0.005703
0 0.327847 0.076521 0.009741 0.005703
0 0.386631 0.073907 0.009741 0.005703
0 0.494458 0.081987 0.009741 0.005703
0 0.541821 0.076521 0.009741 0.005703
0 0.601276 0.079373 0.009741 0.005703
0 0.710447 0.087452 0.009741 0.005703
0 0.758146 0.084601 0.010413 0.005703
0 0.896540 0.079373 0.009741 0.005703
0 0.129325 0.290875 0.009741 0.005703
0 0.184750 0.301806 0.010413 0.005703
0 0.332214 0.290875 0.009741 0.005703
0 0.388982 0.301806 0.010413 0.005703
0 0.601276 0.290875 0.010413 0.005703
0 0.767887 0.290875 0.009741 0.005703
0 0.823984 0.301806 0.009741 0.005703
0 0.926772 0.301806 0.009741 0.005703
0 0.135371 0.523527 0.009741 0.005703
0 0.219348 0.520913 0.009741 0.005703
0 0.302990 0.518298 0.009741 0.005703
0 0.401075 0.526378 0.009741 0.005703
0 0.491098 0.534458 0.009741 0.005703
0 0.625798 0.526378 0.009741 0.005703
0 0.692980 0.523527 0.009741 0.005703
0 0.824320 0.520913 0.009741 0.005703
0 0.868324 0.518298 0.009741 0.005703
0 0.138058 0.744297 0.010413 0.005703
0 0.292576 0.744297 0.009741 0.005703
0 0.398052 0.741683 0.009741 0.005703
0 0.455828 0.755228 0.010413 0.005703
0 0.585489 0.760456 0.009741 0.005703
0 0.639234 0.747148 0.010413 0.005703
0 0.778636 0.741683 0.010413 0.005703
0 0.902586 0.755228 0.009741 0.005703
