0 0.507222 0.605038 0.009741 0.005466
0 0.230433 0.346721 0.009070 0.005466
0 0.268391 0.344106 0.009070 0.005466
0 0.306013 0.341492 0.009070 0.005466
0 0.339604 0.346721 0.009070 0.005466
0 0.365133 0.344106 0.009070 0.005466
0 0.403090 0.341492 0.009070 0.005466
0 0.441048 0.339116 0.009070 0.005466
0 0.474639 0.344106 0.009070 0.005466
0 0.500168 0.341492 0.009070 0.005466
0 0.541485 0.341492 0.009070 0.005466
0 0.562983 0.339116 0.009070 0.005466
0 0.604300 0.339116 0.009070 0.005466
0 0.625462 0.336502 0.009070 0.005466
0 0.667115 0.341492 0.009070 0.005466
0 0.699698 0.351711 0.009741 0.005466
0 0.699698 0.333888 0.009741 0.005466
0 0.820289 0.356702 0.009070 0.005466
0 0.820289 0.339116 0.009070 0.005466
0 0.865637 0.356702 0.009070 0.005466
0 0.865637 0.339116 0.009070 0.005466
0 0.910648 0.356702 0.009070 0.005466
0 0.910648 0.339116 0.009070 0.005466
0 0.154854 0.612643 0.009741 0.005466
0 0.154854 0.595057 0.009741 0.005466
0 0.273766 0.610266 0.009741 0.005466
0 0.273766 0.592443 0.009741 0.005466
0 0.507222 0.592443 0.009070 0.005466
0 0.543164 0.595057 0.009070 0.005466
0 0.561639 0.592443 0.009070 0.005466
0 0.597246 0.597433 0.009070 0.005466
0 0.629493 0.605038 0.009070 0.005466
0 0.629493 0.600048 0.009070 0.005466
0 0.743030 0.592443 0.009070 0.005466
0 0.763856 0.600048 0.009070 0.005466
0 0.804165 0.605038 0.009070 0.005466
0 0.835741 0.610266 0.009741 0.005466
0 0.145448 0.866207 0.009070 0.005466
0 0.180383 0.863831 0.009070 0.005466
0 0.214982 0.861217 0.009070 0.005466
0 0.245885 0.866207 0.009070 0.005466
0 0.270742 0.863831 0.009070 0.005466
0 0.305341 0.861217 0.009070 0.005466
0 0.340275 0.858840 0.009070 0.005466
0 0.371179 0.863831 0.009070 0.005466
0 0.396036 0.861217 0.009070 0.005466
0 0.436345 0.861217 0.009070 0.005466
0 0.456836 0.858840 0.009070 0.005466
0 0.497145 0.858840 0.009070 0.005466
0 0.517971 0.856226 0.009070 0.005466
0 0.557944 0.861217 0.009070 0.005466
0 0.612697 0.871435 0.009741 0.005466
0 0.612697 0.853612 0.009741 0.005466
0 0.718509 0.876426 0.009070 0.005466
0 0.718509 0.858840 0.009070 0.005466
0 0.760497 0.876426 0.009070 0.005466
0 0.760497 0.858840 0.009070 0.005466
0 0.802150 0.876426 0.009070 0.005466
0 0.802150 0.858840 0.009070 0.005466
0 0.860598 0.876426 0.009741 0.005466
0 0.860598 0.858840 0.009741 0.005466
0 0.507222 0.534696 0.009070 0.005466
0 0.561639 0.534696 0.009070 0.005466
0 0.230433 0.275903 0.009070 0.005466
0 0.268391 0.273289 0.009070 0.005466
0 0.306013 0.270913 0.009070 0.005466
0 0.339604 0.275903 0.009070 0.005466
0 0.365133 0.273289 0.009070 0.005466
0 0.403090 0.270913 0.009070 0.005466
0 0.441048 0.268298 0.009070 0.005466
0 0.474639 0.273289 0.009070 0.005466
0 0.500168 0.270913 0.009070 0.005466
0 0.541485 0.270913 0.009070 0.005466
0 0.562983 0.268298 0.009070 0.005466
0 0.604300 0.268298 0.009070 0.005466
0 0.625462 0.265684 0.009070 0.005466
0 0.667115 0.270913 0.009070 0.005466
0 0.699698 0.270913 0.009741 0.005466
0 0.699698 0.263308 0.009741 0.005466
0 0.699698 0.258317 0.009741 0.005466
0 0.820289 0.293489 0.009070 0.005466
0 0.820289 0.288498 0.009070 0.005466
0 0.829023 0.286122 0.009070 0.005466
0 0.865637 0.293489 0.009070 0.005466
0 0.865637 0.288498 0.009070 0.005466
0 0.874034 0.286122 0.009070 0.005466
0 0.910648 0.293489 0.009070 0.005466
0 0.910648 0.288498 0.009070 0.005466
0 0.919046 0.286122 0.009070 0.005466
0 0.154854 0.557510 0.009741 0.005466
0 0.154854 0.547291 0.009741 0.005466
0 0.154854 0.542300 0.009741 0.005466
0 0.163923 0.539686 0.009741 0.005466
0 0.315418 0.544914 0.009070 0.005466
0 0.315418 0.539686 0.009070 0.005466
0 0.352032 0.542300 0.009070 0.005466
0 0.352032 0.537310 0.009070 0.005466
0 0.370843 0.539686 0.009070 0.005466
0 0.370843 0.534696 0.009070 0.005466
0 0.407457 0.542300 0.009070 0.005466
0 0.407457 0.537310 0.009070 0.005466
0 0.437689 0.544914 0.009070 0.005466
0 0.437689 0.539686 0.009070 0.005466
0 0.507222 0.524715 0.009070 0.005466
0 0.492778 0.522101 0.006382 0.003802
0 0.543164 0.527091 0.009070 0.005466
0 0.561639 0.524715 0.009070 0.005466
0 0.597246 0.519487 0.009070 0.005466
0 0.629493 0.532082 0.009070 0.005466
0 0.629493 0.522101 0.009070 0.005466
0 0.703057 0.544914 0.009070 0.005466
0 0.703057 0.532082 0.009070 0.005466
0 0.763856 0.544914 0.009070 0.005466
0 0.763856 0.532082 0.009070 0.005466
0 0.835741 0.544914 0.009741 0.005466
0 0.835741 0.532082 0.009741 0.005466
0 0.145448 0.792063 0.009070 0.005466
0 0.180383 0.789686 0.009070 0.005466
0 0.214982 0.787072 0.009070 0.005466
0 0.245885 0.792063 0.009070 0.005466
0 0.270742 0.789686 0.009070 0.005466
0 0.305341 0.787072 0.009070 0.005466
0 0.340275 0.784458 0.009070 0.005466
0 0.371179 0.789686 0.009070 0.005466
0 0.396036 0.787072 0.009070 0.005466
0 0.436345 0.787072 0.009070 0.005466
0 0.456836 0.784458 0.009070 0.005466
0 0.497145 0.784458 0.009070 0.005466
0 0.517971 0.782082 0.009070 0.005466
0 0.557944 0.787072 0.009070 0.005466
0 0.612697 0.817490 0.009741 0.005466
0 0.612697 0.809886 0.009741 0.005466
0 0.612697 0.804895 0.009741 0.005466
0 0.718509 0.809886 0.009070 0.005466
0 0.718509 0.804895 0.009070 0.005466
0 0.727242 0.802281 0.009070 0.005466
0 0.760497 0.809886 0.009070 0.005466
0 0.760497 0.804895 0.009070 0.005466
0 0.768895 0.802281 0.009070 0.005466
0 0.802150 0.809886 0.009070 0.005466
0 0.802150 0.804895 0.009070 0.005466
0 0.810883 0.802281 0.009070 0.005466
0 0.860598 0.819867 0.009741 0.005466
0 0.860598 0.809886 0.009741 0.005466
0 0.860598 0.804895 0.009741 0.005466
0 0.869667 0.802281 0.009741 0.005466
0 0.612697 0.744059 0.009741 0.005466
0 0.860598 0.741445 0.009741 0.005466
