0 0.235472 0.422291 0.009741 0.005703
0 0.315082 0.411359 0.009741 0.005703
0 0.415183 0.392586 0.009741 0.005703
0 0.514948 0.411359 0.009741 0.005703
0 0.607995 0.419439 0.009741 0.005703
0 0.685254 0.411359 0.009741 0.005703
0 0.781995 0.392586 0.009741 0.005703
0 0.878401 0.411359 0.009741 0.005703
0 0.146120 0.657557 0.009741 0.005703
0 0.205912 0.646625 0.009741 0.005703
0 0.265368 0.627852 0.009741 0.005703
0 0.325160 0.646625 0.009741 0.005703
0 0.398052 0.657557 0.009741 0.005703
0 0.458851 0.646625 0.009741 0.005703
0 0.519651 0.627852 0.009741 0.005703
0 0.595902 0.646625 0.009741 0.005703
0 0.685254 0.657557 0.009741 0.005703
0 0.752771 0.646625 0.009741 0.005703
0 0.820625 0.627852 0.009741 0.005703
0 0.888142 0.646625 0.009741 0.005703
0 0.146120 0.900190 0.009741 0.005703
0 0.200202 0.889496 0.009741 0.005703
0 0.267719 0.870485 0.009741 0.005703
0 0.335237 0.889496 0.009741 0.005703
0 0.429963 0.900190 0.009741 0.005703
0 0.481357 0.889496 0.009741 0.005703
0 0.545516 0.870485 0.009741 0.005703
0 0.610010 0.889496 0.009741 0.005703
0 0.674840 0.900190 0.009741 0.005703
0 0.740679 0.889496 0.009741 0.005703
0 0.823648 0.905656 0.009741 0.005703
0 0.889486 0.886644 0.009741 0.005703
0 0.235472 0.366683 0.009741 0.005703
0 0.235472 0.358603 0.009741 0.005703
0 0.235472 0.353137 0.009741 0.005703
0 0.315082 0.371911 0.009741 0.005703
0 0.315082 0.355751 0.009741 0.005703
0 0.365133 0.358603 0.009741 0.005703
0 0.415183 0.369297 0.009741 0.005703
0 0.415183 0.355751 0.009741 0.005703
0 0.464898 0.361217 0.009741 0.005703
0 0.514948 0.363831 0.009741 0.005703
0 0.524017 0.361217 0.009741 0.005703
0 0.514948 0.350523 0.009741 0.005703
0 0.607995 0.366683 0.009741 0.005703
0 0.607995 0.358603 0.009741 0.005703
0 0.607995 0.353137 0.009741 0.005703
0 0.685254 0.371911 0.009741 0.005703
0 0.685254 0.355751 0.009741 0.005703
0 0.733624 0.358603 0.009741 0.005703
0 0.781995 0.369297 0.009741 0.005703
0 0.781995 0.355751 0.009741 0.005703
0 0.830366 0.361217 0.009741 0.005703
0 0.878401 0.361217 0.009741 0.005703
0 0.878401 0.350523 0.009741 0.005703
0 0.878401 0.345057 0.009741 0.005703
0 0.146120 0.588878 0.009741 0.005703
0 0.146120 0.583413 0.009741 0.005703
0 0.155190 0.580798 0.009741 0.005703
0 0.205912 0.591492 0.009741 0.005703
0 0.205912 0.586264 0.009741 0.005703
0 0.205912 0.578184 0.009741 0.005703
0 0.265368 0.591492 0.009741 0.005703
0 0.265368 0.586264 0.009741 0.005703
0 0.325160 0.594344 0.009741 0.005703
0 0.325160 0.588878 0.009741 0.005703
0 0.325160 0.580798 0.009741 0.005703
0 0.398052 0.596958 0.009741 0.005703
0 0.398052 0.591492 0.009741 0.005703
0 0.458851 0.599572 0.009741 0.005703
0 0.458851 0.586264 0.009741 0.005703
0 0.519651 0.602424 0.009741 0.005703
0 0.519651 0.596958 0.009741 0.005703
0 0.557944 0.594344 0.009741 0.005703
0 0.595902 0.607652 0.009741 0.005703
0 0.595902 0.588878 0.009741 0.005703
0 0.633860 0.594344 0.009741 0.005703
0 0.685254 0.605038 0.009741 0.005703
0 0.685254 0.599572 0.009741 0.005703
0 0.820625 0.602424 0.009741 0.005703
0 0.820625 0.594344 0.009741 0.005703
0 0.820625 0.588878 0.009741 0.005703
0 0.146120 0.851711 0.009741 0.005703
0 0.146120 0.838165 0.009741 0.005703
0 0.146120 0.832700 0.009741 0.005703
0 0.267719 0.849097 0.009741 0.005703
0 0.267719 0.841017 0.009741 0.005703
0 0.429963 0.851711 0.009741 0.005703
0 0.429963 0.838165 0.009741 0.005703
0 0.429963 0.832700 0.009741 0.005703
0 0.481357 0.835551 0.009741 0.005703
0 0.513604 0.838165 0.009741 0.005703
0 0.545516 0.849097 0.009741 0.005703
0 0.545516 0.835551 0.009741 0.005703
0 0.577763 0.841017 0.009741 0.005703
0 0.610010 0.843631 0.009741 0.005703
0 0.619080 0.841017 0.009741 0.005703
0 0.610010 0.830086 0.009741 0.005703
0 0.674840 0.846245 0.009741 0.005703
0 0.674840 0.838165 0.009741 0.005703
0 0.674840 0.832700 0.009741 0.005703
0 0.823648 0.849097 0.009741 0.005703
0 0.823648 0.838165 0.009741 0.005703
0 0.823648 0.832700 0.009741 0.005703
0 0.752771 0.534933 0.009741 0.005703
0 0.820625 0.532319 0.009741 0.005703
0 0.888142 0.524240 0.009741 0.005703
0 0.146120 0.764971 0.009741 0.005703
0 0.200202 0.767586 0.009741 0.005703
0 0.234128 0.770200 0.009741 0.005703
0 0.267719 0.764971 0.009741 0.005703
0 0.301646 0.767586 0.009741 0.005703
0 0.335237 0.773051 0.009741 0.005703
0 0.369164 0.775665 0.009741 0.005703
0 0.429963 0.778279 0.014780 0.005703
0 0.740679 0.770200 0.009741 0.005703
0 0.782331 0.767586 0.009741 0.005703
0 0.823648 0.764971 0.009741 0.005703
0 0.889486 0.762120 0.009741 0.005703
