0 0.166275 0.247861 0.011421 0.005941
0 0.403426 0.248099 0.010077 0.005703
0 0.550554 0.248099 0.010077 0.005703
0 0.166275 0.242633 0.010077 0.005703
0 0.276117 0.239781 0.010077 0.005703
0 0.326167 0.234316 0.010077 0.005703
0 0.403426 0.242633 0.010077 0.005703
0 0.403426 0.236930 0.010077 0.005703
0 0.471616 0.242633 0.010077 0.005703
0 0.541485 0.245247 0.010077 0.005703
0 0.629157 0.242633 0.010077 0.005703
0 0.729594 0.248099 0.010077 0.005703
0 0.729594 0.239781 0.010077 0.005703
0 0.750420 0.248099 0.010077 0.005703
0 0.750420 0.239781 0.010077 0.005703
0 0.771246 0.248099 0.010077 0.005703
0 0.771246 0.239781 0.010077 0.005703
0 0.791737 0.248099 0.010077 0.005703
0 0.791737 0.242633 0.010077 0.005703
0 0.812563 0.248099 0.010077 0.005703
0 0.812563 0.242633 0.010077 0.005703
0 0.833389 0.248099 0.010077 0.005703
0 0.833389 0.242633 0.010077 0.005703
0 0.854216 0.248099 0.010077 0.005703
0 0.854216 0.239781 0.010077 0.005703
0 0.874706 0.248099 0.010077 0.005703
0 0.874706 0.239781 0.010077 0.005703
0 0.895532 0.248099 0.010077 0.005703
0 0.895532 0.239781 0.010077 0.005703
0 0.916359 0.250713 0.010077 0.005703
0 0.916359 0.239781 0.010077 0.005703
0 0.937185 0.250713 0.010077 0.005703
0 0.937185 0.239781 0.010077 0.005703
0 0.958011 0.250713 0.010077 0.005703
0 0.958011 0.239781 0.010077 0.005703
0 0.176352 0.480989 0.010077 0.005703
0 0.176352 0.469819 0.010077 0.005703
0 0.176352 0.461502 0.010077 0.005703
0 0.371851 0.464354 0.010077 0.005703
0 0.404434 0.450570 0.010077 0.005703
0 0.437017 0.458888 0.010077 0.005703
0 0.469600 0.445105 0.010077 0.005703
0 0.502183 0.450570 0.010077 0.005703
0 0.534767 0.439401 0.010077 0.005703
0 0.586496 0.442253 0.010077 0.005703
0 0.778972 0.464354 0.010077 0.005703
0 0.811219 0.450570 0.010077 0.005703
0 0.843467 0.458888 0.010077 0.005703
0 0.875378 0.445105 0.010077 0.005703
0 0.907625 0.450570 0.010077 0.005703
0 0.947598 0.439401 0.010077 0.005703
0 0.176352 0.659696 0.010077 0.005703
0 0.395364 0.681797 0.010077 0.005703
0 0.430299 0.668013 0.010077 0.005703
0 0.465569 0.676331 0.010077 0.005703
0 0.500504 0.662548 0.010077 0.005703
0 0.535438 0.668013 0.010077 0.005703
0 0.570709 0.657082 0.010077 0.005703
0 0.628149 0.659696 0.010077 0.005703
0 0.803829 0.662548 0.010077 0.005703
0 0.172657 0.885932 0.010077 0.005703
0 0.172657 0.874762 0.010077 0.005703
0 0.204568 0.885932 0.010077 0.005703
0 0.204568 0.874762 0.010077 0.005703
0 0.236480 0.885932 0.010077 0.005703
0 0.236480 0.874762 0.010077 0.005703
0 0.268391 0.885932 0.010077 0.005703
0 0.268391 0.874762 0.010077 0.005703
0 0.299966 0.885932 0.010077 0.005703
0 0.299966 0.874762 0.010077 0.005703
0 0.339940 0.885932 0.010077 0.005703
0 0.339940 0.874762 0.010077 0.005703
0 0.371851 0.885932 0.010077 0.005703
0 0.371851 0.877614 0.010077 0.005703
0 0.403426 0.885932 0.010077 0.005703
0 0.403426 0.877614 0.010077 0.005703
0 0.435338 0.885932 0.010077 0.005703
0 0.435338 0.877614 0.010077 0.005703
0 0.467249 0.885932 0.010077 0.005703
0 0.467249 0.877614 0.010077 0.005703
0 0.499160 0.885932 0.010077 0.005703
0 0.499160 0.877614 0.010077 0.005703
0 0.538797 0.885932 0.010077 0.005703
0 0.538797 0.877614 0.010077 0.005703
0 0.587168 0.888546 0.010077 0.005703
0 0.587168 0.877614 0.010077 0.005703
0 0.618408 0.888546 0.010077 0.005703
0 0.618408 0.877614 0.010077 0.005703
0 0.649983 0.888546 0.010077 0.005703
0 0.649983 0.877614 0.010077 0.005703
0 0.681223 0.888546 0.010077 0.005703
0 0.681223 0.877614 0.010077 0.005703
0 0.712798 0.888546 0.010077 0.005703
0 0.712798 0.877614 0.010077 0.005703
0 0.752099 0.888546 0.010077 0.005703
0 0.752099 0.877614 0.010077 0.005703
0 0.783339 0.888546 0.010077 0.005703
0 0.783339 0.880466 0.010077 0.005703
0 0.814914 0.888546 0.010077 0.005703
0 0.814914 0.880466 0.010077 0.005703
0 0.846154 0.888546 0.010077 0.005703
0 0.846154 0.880466 0.010077 0.005703
0 0.877729 0.888546 0.010077 0.005703
0 0.877729 0.880466 0.010077 0.005703
0 0.908969 0.888546 0.010077 0.005703
0 0.908969 0.880466 0.010077 0.005703
0 0.948270 0.888546 0.010077 0.005703
0 0.948270 0.880466 0.010077 0.005703
0 0.729594 0.234316 0.010077 0.005703
0 0.750420 0.234316 0.010077 0.005703
0 0.771246 0.234316 0.010077 0.005703
0 0.791737 0.236930 0.010077 0.005703
0 0.812563 0.236930 0.010077 0.005703
0 0.833389 0.236930 0.010077 0.005703
0 0.854216 0.234316 0.010077 0.005703
0 0.874706 0.234316 0.010077 0.005703
0 0.895532 0.234316 0.010077 0.005703
0 0.916359 0.234316 0.010077 0.005703
0 0.937185 0.234316 0.010077 0.005703
0 0.958011 0.234316 0.010077 0.005703
0 0.176352 0.456036 0.010077 0.005703
0 0.166275 0.166350 0.010077 0.005703
0 0.182734 0.174667 0.010077 0.005703
0 0.199530 0.180133 0.010077 0.005703
0 0.221364 0.169202 0.010077 0.005703
0 0.237823 0.174667 0.010077 0.005703
0 0.254619 0.185599 0.010077 0.005703
0 0.276117 0.171816 0.010077 0.005703
0 0.292912 0.177281 0.010077 0.005703
0 0.309372 0.185599 0.010077 0.005703
0 0.326167 0.177281 0.010077 0.005703
0 0.342627 0.182985 0.010077 0.005703
0 0.367148 0.188451 0.010077 0.005703
0 0.403426 0.185599 0.010077 0.005703
0 0.425932 0.185599 0.010077 0.005703
0 0.448774 0.185599 0.010077 0.005703
0 0.471616 0.185599 0.010077 0.005703
0 0.494122 0.185599 0.010077 0.005703
0 0.516963 0.185599 0.010077 0.005703
0 0.541485 0.188451 0.010077 0.005703
0 0.550554 0.185599 0.010077 0.005703
0 0.567686 0.188451 0.010077 0.005703
0 0.577091 0.185599 0.010077 0.005703
0 0.594222 0.188451 0.010077 0.005703
0 0.603628 0.185599 0.010077 0.005703
0 0.629157 0.188451 0.010077 0.005703
0 0.638226 0.185599 0.010077 0.005703
0 0.655358 0.188451 0.010077 0.005703
0 0.664763 0.185599 0.010077 0.005703
0 0.681895 0.188451 0.010077 0.005703
0 0.691300 0.185599 0.010077 0.005703
0 0.729594 0.185599 0.010077 0.005703
0 0.750420 0.185599 0.010077 0.005703
0 0.771246 0.185599 0.010077 0.005703
0 0.791737 0.185599 0.010077 0.005703
0 0.812563 0.185599 0.010077 0.005703
0 0.833389 0.185599 0.010077 0.005703
0 0.854216 0.185599 0.010077 0.005703
0 0.874706 0.185599 0.010077 0.005703
0 0.895532 0.185599 0.010077 0.005703
0 0.916359 0.182985 0.010077 0.005703
0 0.937185 0.182985 0.010077 0.005703
0 0.958011 0.182985 0.010077 0.005703
0 0.176352 0.408983 0.010077 0.005703
0 0.208935 0.398051 0.010077 0.005703
0 0.241518 0.403517 0.010077 0.005703
0 0.274101 0.389734 0.010077 0.005703
0 0.306685 0.398051 0.010077 0.005703
0 0.339268 0.384268 0.010077 0.005703
0 0.371851 0.400903 0.010077 0.005703
0 0.381256 0.398051 0.010077 0.005703
0 0.404434 0.400903 0.010077 0.005703
0 0.413839 0.398051 0.010077 0.005703
0 0.437017 0.400903 0.010077 0.005703
0 0.446423 0.398051 0.010077 0.005703
0 0.469600 0.400903 0.010077 0.005703
0 0.479006 0.398051 0.010077 0.005703
0 0.502183 0.400903 0.010077 0.005703
0 0.511589 0.398051 0.010077 0.005703
0 0.534767 0.400903 0.010077 0.005703
0 0.544172 0.398051 0.010077 0.005703
0 0.586496 0.403517 0.010077 0.005703
0 0.586496 0.398051 0.010077 0.005703
0 0.618744 0.398051 0.010077 0.005703
0 0.650655 0.403517 0.010077 0.005703
0 0.682902 0.389734 0.010077 0.005703
0 0.714814 0.398051 0.010077 0.005703
0 0.747061 0.384268 0.010077 0.005703
0 0.778972 0.400903 0.010077 0.005703
0 0.788378 0.398051 0.010077 0.005703
0 0.811219 0.400903 0.010077 0.005703
0 0.820625 0.398051 0.010077 0.005703
0 0.843467 0.400903 0.010077 0.005703
0 0.852536 0.398051 0.010077 0.005703
0 0.875378 0.400903 0.010077 0.005703
0 0.884783 0.398051 0.010077 0.005703
0 0.907625 0.400903 0.010077 0.005703
0 0.916695 0.398051 0.010077 0.005703
0 0.947598 0.400903 0.010077 0.005703
0 0.957004 0.398051 0.010077 0.005703
0 0.176352 0.621198 0.010077 0.005703
0 0.176352 0.615494 0.010077 0.005703
0 0.211622 0.615494 0.010077 0.005703
0 0.246557 0.621198 0.010077 0.005703
0 0.281491 0.607177 0.010077 0.005703
0 0.316762 0.615494 0.010077 0.005703
0 0.360430 0.601711 0.010077 0.005703
0 0.395364 0.618346 0.010077 0.005703
0 0.404770 0.615494 0.010077 0.005703
0 0.430299 0.618346 0.010077 0.005703
0 0.439704 0.615494 0.010077 0.005703
0 0.465569 0.618346 0.010077 0.005703
0 0.474639 0.615494 0.010077 0.005703
0 0.500504 0.618346 0.010077 0.005703
0 0.509909 0.615494 0.010077 0.005703
0 0.535438 0.618346 0.010077 0.005703
0 0.544844 0.615494 0.010077 0.005703
0 0.570709 0.618346 0.010077 0.005703
0 0.579778 0.615494 0.010077 0.005703
0 0.628149 0.621198 0.010077 0.005703
0 0.628149 0.615494 0.010077 0.005703
0 0.657373 0.621198 0.010077 0.005703
0 0.657373 0.607177 0.010077 0.005703
0 0.686597 0.621198 0.010077 0.005703
0 0.686597 0.607177 0.010077 0.005703
0 0.716157 0.621198 0.010077 0.005703
0 0.716157 0.607177 0.010077 0.005703
0 0.745381 0.621198 0.010077 0.005703
0 0.745381 0.607177 0.010077 0.005703
0 0.774605 0.621198 0.010077 0.005703
0 0.774605 0.607177 0.010077 0.005703
0 0.803829 0.621198 0.010077 0.005703
0 0.803829 0.607177 0.010077 0.005703
0 0.833389 0.621198 0.010077 0.005703
0 0.833389 0.607177 0.010077 0.005703
0 0.862613 0.621198 0.010077 0.005703
0 0.862613 0.607177 0.010077 0.005703
0 0.891837 0.621198 0.010077 0.005703
0 0.891837 0.607177 0.010077 0.005703
0 0.921061 0.621198 0.010077 0.005703
0 0.921061 0.607177 0.010077 0.005703
0 0.950286 0.621198 0.010077 0.005703
0 0.950286 0.607177 0.010077 0.005703
0 0.172657 0.835789 0.010077 0.005703
0 0.172657 0.827471 0.010077 0.005703
0 0.204568 0.835789 0.010077 0.005703
0 0.204568 0.827471 0.010077 0.005703
0 0.236480 0.835789 0.010077 0.005703
0 0.236480 0.827471 0.010077 0.005703
0 0.268391 0.835789 0.010077 0.005703
0 0.268391 0.827471 0.010077 0.005703
0 0.299966 0.835789 0.010077 0.005703
0 0.299966 0.827471 0.010077 0.005703
0 0.339940 0.835789 0.010077 0.005703
0 0.339940 0.827471 0.010077 0.005703
0 0.371851 0.838403 0.010077 0.005703
0 0.371851 0.824620 0.010077 0.005703
0 0.403426 0.838403 0.010077 0.005703
0 0.403426 0.824620 0.010077 0.005703
0 0.435338 0.838403 0.010077 0.005703
0 0.435338 0.824620 0.010077 0.005703
0 0.467249 0.838403 0.010077 0.005703
0 0.467249 0.824620 0.010077 0.005703
0 0.499160 0.838403 0.010077 0.005703
0 0.499160 0.824620 0.010077 0.005703
0 0.538797 0.838403 0.010077 0.005703
0 0.538797 0.827471 0.010077 0.005703
0 0.587168 0.838403 0.010077 0.005703
0 0.587168 0.830086 0.010077 0.005703
0 0.618408 0.838403 0.010077 0.005703
0 0.618408 0.830086 0.010077 0.005703
0 0.649983 0.838403 0.010077 0.005703
0 0.649983 0.830086 0.010077 0.005703
0 0.681223 0.838403 0.010077 0.005703
0 0.681223 0.830086 0.010077 0.005703
0 0.712798 0.838403 0.010077 0.005703
0 0.712798 0.830086 0.010077 0.005703
0 0.752099 0.838403 0.010077 0.005703
0 0.752099 0.830086 0.010077 0.005703
0 0.783339 0.841255 0.010077 0.005703
0 0.783339 0.827471 0.010077 0.005703
0 0.814914 0.841255 0.010077 0.005703
0 0.814914 0.827471 0.010077 0.005703
0 0.846154 0.841255 0.010077 0.005703
0 0.846154 0.827471 0.010077 0.005703
0 0.877729 0.841255 0.010077 0.005703
0 0.877729 0.827471 0.010077 0.005703
0 0.908969 0.841255 0.010077 0.005703
0 0.908969 0.827471 0.010077 0.005703
0 0.948270 0.841255 0.010077 0.005703
0 0.948270 0.830086 0.010077 0.005703
0 0.166275 0.100048 0.010077 0.005703
0 0.682902 0.328897 0.010077 0.005703
0 0.778972 0.328897 0.010077 0.005703
0 0.927444 0.331749 0.010077 0.005703
0 0.176352 0.553470 0.010077 0.005703
0 0.338596 0.548004 0.010077 0.005703
0 0.395364 0.548004 0.010077 0.005703
0 0.500504 0.548004 0.010077 0.005703
0 0.535438 0.545152 0.010077 0.005703
0 0.570709 0.542538 0.010077 0.005703
0 0.628149 0.539686 0.010077 0.005703
0 0.891837 0.539686 0.010077 0.005703
0 0.172657 0.757367 0.010077 0.005703
0 0.320121 0.757367 0.010077 0.005703
0 0.371851 0.754515 0.010077 0.005703
0 0.518979 0.757367 0.010077 0.005703
0 0.587168 0.759981 0.010077 0.005703
0 0.732281 0.759981 0.010077 0.005703
0 0.783339 0.757367 0.010077 0.005703
0 0.928787 0.759981 0.010077 0.005703
