0 0.134028 0.223146 0.009741 0.005703
0 0.220356 0.228612 0.009741 0.005703
0 0.345650 0.225998 0.009741 0.005703
0 0.450118 0.223146 0.009741 0.005703
0 0.134028 0.217918 0.009741 0.005703
0 0.274437 0.215067 0.009741 0.005703
0 0.345650 0.215067 0.009741 0.005703
0 0.398052 0.212452 0.009741 0.005703
0 0.450118 0.212452 0.009741 0.005703
0 0.502519 0.206987 0.009741 0.005703
0 0.573732 0.220532 0.009741 0.005703
0 0.573732 0.209838 0.009741 0.005703
0 0.667115 0.212452 0.009741 0.005703
0 0.667115 0.206987 0.009741 0.005703
0 0.725563 0.223146 0.009741 0.005703
0 0.725563 0.212452 0.009741 0.005703
0 0.798119 0.215067 0.009741 0.005703
0 0.798119 0.209838 0.009741 0.005703
0 0.849849 0.228612 0.009741 0.005703
0 0.849849 0.215067 0.009741 0.005703
0 0.901579 0.225998 0.009741 0.005703
0 0.901579 0.212452 0.009741 0.005703
0 0.953645 0.223146 0.009741 0.005703
0 0.953645 0.212452 0.009741 0.005703
0 0.134028 0.456511 0.009741 0.005703
0 0.134028 0.437738 0.009741 0.005703
0 0.224723 0.445817 0.009741 0.005703
0 0.224723 0.440352 0.009741 0.005703
0 0.224723 0.434886 0.009741 0.005703
0 0.358079 0.456511 0.009741 0.005703
0 0.358079 0.437738 0.009741 0.005703
0 0.468257 0.467443 0.009741 0.005703
0 0.468257 0.448432 0.009741 0.005703
0 0.511589 0.464591 0.009741 0.005703
0 0.511589 0.445817 0.009741 0.005703
0 0.568693 0.475523 0.009741 0.005703
0 0.568693 0.456511 0.009741 0.005703
0 0.614377 0.456511 0.009741 0.005703
0 0.660060 0.464591 0.009741 0.005703
0 0.705744 0.470057 0.009741 0.005703
0 0.778972 0.475523 0.009741 0.005703
0 0.823648 0.456511 0.009741 0.005703
0 0.867988 0.475523 0.009741 0.005703
0 0.923749 0.456511 0.009741 0.005703
0 0.141418 0.697956 0.009741 0.005703
0 0.179039 0.679183 0.009741 0.005703
0 0.216661 0.697956 0.009741 0.005703
0 0.254283 0.679183 0.009741 0.005703
0 0.305677 0.697956 0.009741 0.005703
0 0.343299 0.679183 0.009741 0.005703
0 0.380920 0.697956 0.009741 0.005703
0 0.418206 0.679183 0.009741 0.005703
0 0.469600 0.697956 0.009741 0.005703
0 0.504871 0.679183 0.009741 0.005703
0 0.539805 0.697956 0.009741 0.005703
0 0.648640 0.706036 0.009741 0.005703
0 0.686261 0.687262 0.009741 0.005703
0 0.723883 0.706036 0.009741 0.005703
0 0.770574 0.687262 0.009741 0.005703
0 0.838092 0.706036 0.009741 0.005703
0 0.873362 0.687262 0.009741 0.005703
0 0.908633 0.706036 0.009741 0.005703
0 0.944239 0.687262 0.009741 0.005703
0 0.134028 0.930608 0.009741 0.005703
0 0.169634 0.911835 0.009741 0.005703
0 0.205576 0.930608 0.009741 0.005703
0 0.241518 0.911835 0.009741 0.005703
0 0.291569 0.930608 0.009741 0.005703
0 0.329526 0.911835 0.009741 0.005703
0 0.367484 0.930608 0.009741 0.005703
0 0.467249 0.922529 0.009741 0.005703
0 0.505207 0.903755 0.009741 0.005703
0 0.543500 0.922529 0.009741 0.005703
0 0.590863 0.903755 0.009741 0.005703
0 0.658045 0.922529 0.009741 0.005703
0 0.696675 0.903755 0.009741 0.005703
0 0.734968 0.922529 0.009741 0.005703
0 0.773262 0.903755 0.009741 0.005703
0 0.825663 0.922529 0.009741 0.005703
0 0.863957 0.903755 0.009741 0.005703
0 0.902586 0.922529 0.009741 0.005703
0 0.940880 0.903755 0.009741 0.005703
0 0.134028 0.174667 0.009741 0.005703
0 0.220356 0.174667 0.009741 0.005703
0 0.274437 0.180133 0.009741 0.005703
0 0.345650 0.172053 0.009741 0.005703
0 0.398052 0.177519 0.009741 0.005703
0 0.450118 0.163973 0.009741 0.005703
0 0.502519 0.169439 0.009741 0.005703
0 0.573732 0.166587 0.009741 0.005703
0 0.637890 0.163973 0.009741 0.005703
0 0.637890 0.158508 0.009741 0.005703
0 0.696339 0.174667 0.009741 0.005703
0 0.696339 0.163973 0.009741 0.005703
0 0.772254 0.166587 0.009741 0.005703
0 0.772254 0.161359 0.009741 0.005703
0 0.823984 0.180133 0.009741 0.005703
0 0.823984 0.166587 0.009741 0.005703
0 0.875714 0.177519 0.009741 0.005703
0 0.875714 0.163973 0.009741 0.005703
0 0.927444 0.177519 0.009741 0.005703
0 0.927444 0.169439 0.009741 0.005703
0 0.134028 0.402567 0.009741 0.005703
0 0.134028 0.389259 0.009741 0.005703
0 0.224723 0.378327 0.009741 0.005703
0 0.224723 0.373099 0.009741 0.005703
0 0.224723 0.367633 0.009741 0.005703
0 0.224723 0.362167 0.009741 0.005703
0 0.270406 0.367633 0.009741 0.005703
0 0.293584 0.373099 0.009741 0.005703
0 0.317098 0.378327 0.009741 0.005703
0 0.358079 0.378327 0.009741 0.005703
0 0.358079 0.370247 0.009741 0.005703
0 0.358079 0.365019 0.009741 0.005703
0 0.401411 0.378327 0.009741 0.005703
0 0.423581 0.383793 0.009741 0.005703
0 0.445751 0.389259 0.009741 0.005703
0 0.468257 0.389259 0.009741 0.005703
0 0.468257 0.381179 0.009741 0.005703
0 0.468257 0.375713 0.009741 0.005703
0 0.511589 0.405418 0.009741 0.005703
0 0.511589 0.399952 0.009741 0.005703
0 0.511589 0.391873 0.009741 0.005703
0 0.568693 0.402567 0.009741 0.005703
0 0.568693 0.389259 0.009741 0.005703
0 0.778972 0.408032 0.009741 0.005703
0 0.778972 0.402567 0.009741 0.005703
0 0.867988 0.402567 0.009741 0.005703
0 0.867988 0.397338 0.009741 0.005703
0 0.895868 0.405418 0.009741 0.005703
0 0.895868 0.399952 0.009741 0.005703
0 0.923749 0.408032 0.009741 0.005703
0 0.923749 0.402567 0.009741 0.005703
0 0.951629 0.405418 0.009741 0.005703
0 0.951629 0.399952 0.009741 0.005703
0 0.141418 0.625238 0.009741 0.005703
0 0.141418 0.619772 0.009741 0.005703
0 0.254283 0.617158 0.009741 0.005703
0 0.254283 0.611692 0.009741 0.005703
0 0.305677 0.619772 0.009741 0.005703
0 0.305677 0.614306 0.009741 0.005703
0 0.343299 0.622386 0.009741 0.005703
0 0.343299 0.617158 0.009741 0.005703
0 0.380920 0.625238 0.009741 0.005703
0 0.380920 0.619772 0.009741 0.005703
0 0.418206 0.627852 0.009741 0.005703
0 0.418206 0.622386 0.009741 0.005703
0 0.469600 0.627852 0.009741 0.005703
0 0.469600 0.622386 0.009741 0.005703
0 0.539805 0.630466 0.009741 0.005703
0 0.539805 0.625238 0.009741 0.005703
0 0.561975 0.625238 0.009741 0.005703
0 0.561975 0.619772 0.009741 0.005703
0 0.583809 0.627852 0.009741 0.005703
0 0.583809 0.622386 0.009741 0.005703
0 0.605643 0.630466 0.009741 0.005703
0 0.605643 0.625238 0.009741 0.005703
0 0.648640 0.633317 0.009741 0.005703
0 0.648640 0.627852 0.009741 0.005703
0 0.723883 0.627852 0.009741 0.005703
0 0.723883 0.622386 0.009741 0.005703
0 0.747061 0.630466 0.009741 0.005703
0 0.747061 0.625238 0.009741 0.005703
0 0.770574 0.633317 0.009741 0.005703
0 0.770574 0.627852 0.009741 0.005703
0 0.794088 0.630466 0.009741 0.005703
0 0.794088 0.625238 0.009741 0.005703
0 0.838092 0.627852 0.009741 0.005703
0 0.838092 0.622386 0.009741 0.005703
0 0.944239 0.630466 0.009741 0.005703
0 0.944239 0.625238 0.009741 0.005703
0 0.134028 0.847196 0.009741 0.005703
0 0.134028 0.841730 0.009741 0.005703
0 0.169634 0.849810 0.009741 0.005703
0 0.169634 0.844344 0.009741 0.005703
0 0.205576 0.852424 0.009741 0.005703
0 0.205576 0.847196 0.009741 0.005703
0 0.241518 0.855276 0.009741 0.005703
0 0.241518 0.849810 0.009741 0.005703
0 0.291569 0.855276 0.009741 0.005703
0 0.291569 0.849810 0.009741 0.005703
0 0.367484 0.857890 0.009741 0.005703
0 0.367484 0.852424 0.009741 0.005703
0 0.405442 0.852424 0.009741 0.005703
0 0.467249 0.855276 0.009741 0.005703
0 0.467249 0.849810 0.009741 0.005703
0 0.543500 0.849810 0.009741 0.005703
0 0.543500 0.844344 0.009741 0.005703
0 0.567014 0.852424 0.009741 0.005703
0 0.567014 0.847196 0.009741 0.005703
0 0.590863 0.855276 0.009741 0.005703
0 0.590863 0.849810 0.009741 0.005703
0 0.614377 0.852424 0.009741 0.005703
0 0.614377 0.847196 0.009741 0.005703
0 0.658045 0.849810 0.009741 0.005703
0 0.658045 0.844344 0.009741 0.005703
0 0.773262 0.836264 0.009741 0.005703
0 0.773262 0.831036 0.009741 0.005703
0 0.825663 0.839116 0.009741 0.005703
0 0.825663 0.833650 0.009741 0.005703
0 0.863957 0.841730 0.009741 0.005703
0 0.863957 0.836264 0.009741 0.005703
0 0.902586 0.844344 0.009741 0.005703
0 0.902586 0.839116 0.009741 0.005703
0 0.940880 0.847196 0.009741 0.005703
0 0.940880 0.841730 0.009741 0.005703
0 0.134028 0.104325 0.009741 0.005703
0 0.220356 0.104325 0.009741 0.005703
0 0.274437 0.109791 0.009741 0.005703
0 0.345650 0.101711 0.009741 0.005703
0 0.398052 0.106939 0.009741 0.005703
0 0.450118 0.093631 0.009741 0.005703
0 0.502519 0.098859 0.009741 0.005703
0 0.573732 0.096245 0.009741 0.005703
0 0.637890 0.088165 0.009741 0.005703
0 0.696339 0.093631 0.009741 0.005703
0 0.772254 0.090779 0.009741 0.005703
0 0.823984 0.096245 0.009741 0.005703
0 0.875714 0.093631 0.009741 0.005703
0 0.927444 0.098859 0.009741 0.005703
0 0.134028 0.319154 0.009741 0.005703
0 0.778972 0.332700 0.009741 0.005703
0 0.867988 0.327234 0.009741 0.005703
0 0.895868 0.329848 0.009741 0.005703
0 0.923749 0.332700 0.009741 0.005703
0 0.951629 0.329848 0.009741 0.005703
0 0.141418 0.549667 0.009741 0.005703
0 0.254283 0.541587 0.009741 0.005703
0 0.305677 0.544439 0.009741 0.005703
0 0.343299 0.547053 0.009741 0.005703
0 0.380920 0.549667 0.009741 0.005703
0 0.418206 0.552519 0.009741 0.005703
0 0.469600 0.552519 0.009741 0.005703
0 0.539805 0.555133 0.009741 0.005703
0 0.648640 0.557747 0.009741 0.005703
0 0.723883 0.552519 0.009741 0.005703
0 0.747061 0.555133 0.009741 0.005703
0 0.770574 0.557747 0.009741 0.005703
0 0.794088 0.555133 0.009741 0.005703
0 0.838092 0.552519 0.009741 0.005703
0 0.944239 0.555133 0.009741 0.005703
0 0.134028 0.769487 0.009741 0.005703
0 0.169634 0.772338 0.009741 0.005703
0 0.205576 0.774952 0.009741 0.005703
0 0.241518 0.777567 0.009741 0.005703
0 0.291569 0.777567 0.009741 0.005703
0 0.367484 0.780418 0.009741 0.005703
0 0.467249 0.777567 0.009741 0.005703
0 0.543500 0.772338 0.009741 0.005703
0 0.567014 0.774952 0.009741 0.005703
0 0.590863 0.777567 0.009741 0.005703
0 0.614377 0.774952 0.009741 0.005703
0 0.658045 0.772338 0.009741 0.005703
0 0.773262 0.758793 0.009741 0.005703
0 0.825663 0.761407 0.009741 0.005703
0 0.863957 0.764259 0.009741 0.005703
0 0.902586 0.766873 0.009741 0.005703
0 0.940880 0.769487 0.009741 0.005703
