0 0.115217 0.164686 0.007390 0.004278
0 0.167618 0.158745 0.007390 0.004278
0 0.200537 0.156606 0.007390 0.004278
0 0.252939 0.154705 0.007390 0.004278
0 0.298959 0.154705 0.007390 0.004278
0 0.329526 0.164686 0.007390 0.004278
0 0.360430 0.164686 0.007390 0.004278
0 0.391334 0.164686 0.007390 0.004278
0 0.440712 0.176806 0.007390 0.004278
0 0.440712 0.166825 0.007390 0.004278
0 0.440712 0.162785 0.007390 0.004278
0 0.480349 0.176806 0.007390 0.004278
0 0.480349 0.166825 0.007390 0.004278
0 0.480349 0.162785 0.007390 0.004278
0 0.536782 0.176806 0.007390 0.004278
0 0.536782 0.166825 0.007390 0.004278
0 0.536782 0.162785 0.007390 0.004278
0 0.564998 0.176806 0.007390 0.004278
0 0.564998 0.166825 0.007390 0.004278
0 0.564998 0.162785 0.007390 0.004278
0 0.621431 0.176806 0.007390 0.004278
0 0.621431 0.162785 0.007390 0.004278
0 0.662076 0.170865 0.007390 0.004278
0 0.662076 0.162785 0.007390 0.004278
0 0.700369 0.170865 0.007390 0.004278
0 0.700369 0.162785 0.007390 0.004278
0 0.724219 0.170865 0.007390 0.004278
0 0.724219 0.162785 0.007390 0.004278
0 0.762513 0.152567 0.007390 0.004278
0 0.799127 0.164686 0.007390 0.004278
0 0.792408 0.160646 0.007390 0.004278
0 0.799127 0.158745 0.007390 0.004278
0 0.847162 0.162785 0.007390 0.004278
0 0.847162 0.158745 0.007390 0.004278
0 0.877057 0.164686 0.007390 0.004278
0 0.870339 0.160646 0.007390 0.004278
0 0.877057 0.158745 0.007390 0.004278
0 0.925092 0.162785 0.007390 0.004278
0 0.925092 0.158745 0.007390 0.004278
0 0.115888 0.355038 0.007390 0.004278
0 0.115888 0.346958 0.007390 0.004278
0 0.115888 0.340779 0.007390 0.004278
0 0.157877 0.355038 0.007390 0.004278
0 0.157877 0.346958 0.007390 0.004278
0 0.157877 0.340779 0.007390 0.004278
0 0.184078 0.355038 0.007390 0.004278
0 0.184078 0.346958 0.007390 0.004278
0 0.184078 0.340779 0.007390 0.004278
0 0.226067 0.344819 0.007390 0.004278
0 0.226067 0.340779 0.007390 0.004278
0 0.269063 0.346958 0.007390 0.004278
0 0.262009 0.342918 0.007390 0.004278
0 0.269063 0.340779 0.007390 0.004278
0 0.320121 0.344819 0.007390 0.004278
0 0.320121 0.340779 0.007390 0.004278
0 0.352032 0.346958 0.007390 0.004278
0 0.345314 0.342918 0.007390 0.004278
0 0.352032 0.340779 0.007390 0.004278
0 0.403426 0.344819 0.007390 0.004278
0 0.403426 0.340779 0.007390 0.004278
0 0.454820 0.355038 0.007390 0.004278
0 0.454820 0.346958 0.007390 0.004278
0 0.454820 0.340779 0.007390 0.004278
0 0.509573 0.355038 0.007390 0.004278
0 0.509573 0.346958 0.007390 0.004278
0 0.509573 0.340779 0.007390 0.004278
0 0.543500 0.355038 0.007390 0.004278
0 0.543500 0.346958 0.007390 0.004278
0 0.543500 0.340779 0.007390 0.004278
0 0.597917 0.344819 0.007390 0.004278
0 0.597917 0.340779 0.007390 0.004278
0 0.645616 0.346958 0.007390 0.004278
0 0.638898 0.342918 0.007390 0.004278
0 0.645616 0.340779 0.007390 0.004278
0 0.696003 0.344819 0.007390 0.004278
0 0.696003 0.340779 0.007390 0.004278
0 0.727578 0.346958 0.007390 0.004278
0 0.720860 0.342918 0.007390 0.004278
0 0.727578 0.340779 0.007390 0.004278
0 0.777964 0.344819 0.007390 0.004278
0 0.777964 0.340779 0.007390 0.004278
0 0.817938 0.355038 0.007390 0.004278
0 0.817938 0.346958 0.007390 0.004278
0 0.817938 0.340779 0.007390 0.004278
0 0.876722 0.355038 0.007390 0.004278
0 0.876722 0.346958 0.007390 0.004278
0 0.876722 0.340779 0.007390 0.004278
0 0.115217 0.528992 0.007390 0.004278
0 0.115217 0.520913 0.007390 0.004278
0 0.171985 0.528992 0.007390 0.004278
0 0.171985 0.520913 0.007390 0.004278
0 0.207592 0.528992 0.007390 0.004278
0 0.207592 0.520913 0.007390 0.004278
0 0.278468 0.528992 0.007390 0.004278
0 0.278468 0.520913 0.007390 0.004278
0 0.324488 0.537072 0.007390 0.004278
0 0.324488 0.523051 0.007390 0.004278
0 0.393685 0.537072 0.007390 0.004278
0 0.393685 0.523051 0.007390 0.004278
0 0.437017 0.537072 0.007390 0.004278
0 0.437017 0.523051 0.007390 0.004278
0 0.506550 0.537072 0.007390 0.004278
0 0.506550 0.523051 0.007390 0.004278
0 0.558280 0.535171 0.007390 0.004278
0 0.558280 0.523051 0.007390 0.004278
0 0.626806 0.535171 0.007390 0.004278
0 0.626806 0.523051 0.007390 0.004278
0 0.661068 0.535171 0.007390 0.004278
0 0.661068 0.523051 0.007390 0.004278
0 0.724219 0.535171 0.007390 0.004278
0 0.724219 0.523051 0.007390 0.004278
0 0.783339 0.528992 0.007390 0.004278
0 0.783339 0.524952 0.007390 0.004278
0 0.836077 0.528992 0.007390 0.004278
0 0.836077 0.520913 0.007390 0.004278
0 0.869332 0.528992 0.007390 0.004278
0 0.869332 0.520913 0.007390 0.004278
0 0.922069 0.520913 0.007390 0.004278
0 0.115217 0.697243 0.007390 0.004278
0 0.115217 0.693203 0.007390 0.004278
0 0.159557 0.701283 0.007390 0.004278
0 0.192140 0.697243 0.007390 0.004278
0 0.192140 0.693203 0.007390 0.004278
0 0.251596 0.701283 0.007390 0.004278
0 0.251596 0.697243 0.007390 0.004278
0 0.251596 0.693203 0.007390 0.004278
0 0.297279 0.719582 0.007390 0.004278
0 0.297279 0.715542 0.007390 0.004278
0 0.354384 0.725523 0.007390 0.004278
0 0.390326 0.719582 0.007390 0.004278
0 0.390326 0.715542 0.007390 0.004278
0 0.447430 0.725523 0.007390 0.004278
0 0.492442 0.723622 0.007390 0.004278
0 0.492442 0.719582 0.007390 0.004278
0 0.492442 0.713403 0.007390 0.004278
0 0.535774 0.725523 0.007390 0.004278
0 0.567350 0.721483 0.007390 0.004278
0 0.567350 0.717443 0.007390 0.004278
0 0.625798 0.725523 0.007390 0.004278
0 0.669130 0.709363 0.007390 0.004278
0 0.669130 0.705323 0.007390 0.004278
0 0.669130 0.695342 0.007390 0.004278
0 0.713806 0.715542 0.007390 0.004278
0 0.742022 0.709363 0.007390 0.004278
0 0.786698 0.701283 0.007390 0.004278
0 0.823648 0.695342 0.007390 0.004278
0 0.863957 0.701283 0.007390 0.004278
0 0.889486 0.695342 0.007390 0.004278
0 0.929795 0.701283 0.007390 0.004278
0 0.123950 0.886169 0.007390 0.004278
0 0.123950 0.882129 0.007390 0.004278
0 0.174672 0.892110 0.007390 0.004278
0 0.174672 0.888070 0.007390 0.004278
0 0.174672 0.884030 0.007390 0.004278
0 0.206584 0.886169 0.007390 0.004278
0 0.206584 0.882129 0.007390 0.004278
0 0.257306 0.892110 0.007390 0.004278
0 0.257306 0.888070 0.007390 0.004278
0 0.257306 0.884030 0.007390 0.004278
0 0.299295 0.890209 0.007390 0.004278
0 0.299295 0.886169 0.007390 0.004278
0 0.347665 0.896150 0.007390 0.004278
0 0.347665 0.892110 0.007390 0.004278
0 0.347665 0.888070 0.007390 0.004278
0 0.377561 0.890209 0.007390 0.004278
0 0.377561 0.886169 0.007390 0.004278
0 0.425596 0.896150 0.007390 0.004278
0 0.425596 0.892110 0.007390 0.004278
0 0.425596 0.888070 0.007390 0.004278
0 0.468593 0.902329 0.007390 0.004278
0 0.468593 0.894249 0.007390 0.004278
0 0.468593 0.888070 0.007390 0.004278
0 0.519651 0.896150 0.007390 0.004278
0 0.519651 0.888070 0.007390 0.004278
0 0.551562 0.902329 0.007390 0.004278
0 0.551562 0.888070 0.007390 0.004278
0 0.602284 0.906369 0.007390 0.004278
0 0.642929 0.908270 0.007390 0.004278
0 0.704736 0.908270 0.007390 0.004278
0 0.735640 0.902329 0.007390 0.004278
0 0.792744 0.902329 0.007390 0.004278
0 0.832382 0.910409 0.007726 0.004278
0 0.832382 0.902329 0.007726 0.004278
0 0.832382 0.896150 0.007726 0.004278
0 0.642929 0.851949 0.007390 0.004278
0 0.642929 0.846008 0.007390 0.004278
0 0.704736 0.851949 0.007390 0.004278
0 0.704736 0.846008 0.007390 0.004278
0 0.735640 0.851949 0.007390 0.004278
0 0.735640 0.847909 0.007390 0.004278
0 0.792744 0.854087 0.007390 0.004278
0 0.792744 0.847909 0.007390 0.004278
0 0.115217 0.126426 0.007390 0.004278
0 0.167618 0.120485 0.007390 0.004278
0 0.200537 0.118346 0.007390 0.004278
0 0.252939 0.116445 0.007390 0.004278
0 0.298959 0.116445 0.007390 0.004278
0 0.329526 0.126426 0.007390 0.004278
0 0.360430 0.126426 0.007390 0.004278
0 0.391334 0.126426 0.007390 0.004278
0 0.440712 0.128565 0.007390 0.004278
0 0.440712 0.124525 0.007390 0.004278
0 0.480349 0.128565 0.007390 0.004278
0 0.480349 0.124525 0.007390 0.004278
0 0.536782 0.128565 0.007390 0.004278
0 0.536782 0.124525 0.007390 0.004278
0 0.564998 0.128565 0.007390 0.004278
0 0.564998 0.124525 0.007390 0.004278
0 0.621431 0.126426 0.007390 0.004278
0 0.621431 0.120485 0.007390 0.004278
0 0.662076 0.128565 0.007390 0.004278
0 0.662076 0.118346 0.007390 0.004278
0 0.700369 0.128565 0.007390 0.004278
0 0.700369 0.118346 0.007390 0.004278
0 0.724219 0.128565 0.007390 0.004278
0 0.724219 0.118346 0.007390 0.004278
0 0.762513 0.114306 0.007390 0.004278
0 0.799127 0.130466 0.007390 0.004278
0 0.799127 0.120485 0.007390 0.004278
0 0.799127 0.116445 0.007390 0.004278
0 0.847162 0.128565 0.007390 0.004278
0 0.847162 0.120485 0.007390 0.004278
0 0.847162 0.114306 0.007390 0.004278
0 0.877057 0.130466 0.007390 0.004278
0 0.877057 0.120485 0.007390 0.004278
0 0.877057 0.116445 0.007390 0.004278
0 0.925092 0.128565 0.007390 0.004278
0 0.925092 0.120485 0.007390 0.004278
0 0.925092 0.114306 0.007390 0.004278
0 0.115888 0.309886 0.007390 0.004278
0 0.115888 0.299905 0.007390 0.004278
0 0.115888 0.295865 0.007390 0.004278
0 0.157877 0.309886 0.007390 0.004278
0 0.157877 0.299905 0.007390 0.004278
0 0.157877 0.295865 0.007390 0.004278
0 0.184078 0.309886 0.007390 0.004278
0 0.184078 0.299905 0.007390 0.004278
0 0.184078 0.295865 0.007390 0.004278
0 0.226067 0.297766 0.007390 0.004278
0 0.269063 0.313926 0.007390 0.004278
0 0.269063 0.303945 0.007390 0.004278
0 0.269063 0.299905 0.007390 0.004278
0 0.320121 0.312025 0.007390 0.004278
0 0.320121 0.303945 0.007390 0.004278
0 0.320121 0.297766 0.007390 0.004278
0 0.352032 0.313926 0.007390 0.004278
0 0.352032 0.303945 0.007390 0.004278
0 0.352032 0.299905 0.007390 0.004278
0 0.403426 0.312025 0.007390 0.004278
0 0.403426 0.303945 0.007390 0.004278
0 0.403426 0.297766 0.007390 0.004278
0 0.454820 0.309886 0.007390 0.004278
0 0.454820 0.299905 0.007390 0.004278
0 0.454820 0.295865 0.007390 0.004278
0 0.509573 0.309886 0.007390 0.004278
0 0.509573 0.299905 0.007390 0.004278
0 0.509573 0.295865 0.007390 0.004278
0 0.543500 0.309886 0.007390 0.004278
0 0.543500 0.299905 0.007390 0.004278
0 0.543500 0.295865 0.007390 0.004278
0 0.597917 0.297766 0.007390 0.004278
0 0.645616 0.313926 0.007390 0.004278
0 0.645616 0.303945 0.007390 0.004278
0 0.645616 0.299905 0.007390 0.004278
0 0.696003 0.312025 0.007390 0.004278
0 0.696003 0.303945 0.007390 0.004278
0 0.696003 0.297766 0.007390 0.004278
0 0.727578 0.313926 0.007390 0.004278
0 0.727578 0.303945 0.007390 0.004278
0 0.727578 0.299905 0.007390 0.004278
0 0.777964 0.312025 0.007390 0.004278
0 0.777964 0.303945 0.007390 0.004278
0 0.777964 0.297766 0.007390 0.004278
0 0.817938 0.309886 0.007390 0.004278
0 0.817938 0.299905 0.007390 0.004278
0 0.817938 0.295865 0.007390 0.004278
0 0.876722 0.309886 0.007390 0.004278
0 0.876722 0.299905 0.007390 0.004278
0 0.876722 0.295865 0.007390 0.004278
0 0.115217 0.490732 0.007390 0.004278
0 0.115217 0.480513 0.007390 0.004278
0 0.171985 0.490732 0.007390 0.004278
0 0.171985 0.480513 0.007390 0.004278
0 0.207592 0.490732 0.007390 0.004278
0 0.207592 0.480513 0.007390 0.004278
0 0.278468 0.490732 0.007390 0.004278
0 0.278468 0.480513 0.007390 0.004278
0 0.324488 0.488593 0.007390 0.004278
0 0.324488 0.480513 0.007390 0.004278
0 0.393685 0.488593 0.007390 0.004278
0 0.393685 0.480513 0.007390 0.004278
0 0.437017 0.488593 0.007390 0.004278
0 0.437017 0.480513 0.007390 0.004278
0 0.506550 0.488593 0.007390 0.004278
0 0.506550 0.480513 0.007390 0.004278
0 0.558280 0.492633 0.007390 0.004278
0 0.558280 0.480513 0.007390 0.004278
0 0.626806 0.492633 0.007390 0.004278
0 0.626806 0.480513 0.007390 0.004278
0 0.661068 0.492633 0.007390 0.004278
0 0.661068 0.482652 0.007390 0.004278
0 0.724219 0.492633 0.007390 0.004278
0 0.724219 0.482652 0.007390 0.004278
0 0.783339 0.494772 0.007390 0.004278
0 0.783339 0.480513 0.007390 0.004278
0 0.836077 0.490732 0.007390 0.004278
0 0.836077 0.480513 0.007390 0.004278
0 0.869332 0.490732 0.007390 0.004278
0 0.869332 0.480513 0.007390 0.004278
0 0.922069 0.486692 0.007390 0.004278
0 0.115217 0.663498 0.007390 0.004278
0 0.115217 0.659458 0.007390 0.004278
0 0.159557 0.667538 0.007390 0.004278
0 0.192140 0.663498 0.007390 0.004278
0 0.192140 0.659458 0.007390 0.004278
0 0.251596 0.667538 0.007390 0.004278
0 0.251596 0.663498 0.007390 0.004278
0 0.251596 0.659458 0.007390 0.004278
0 0.297279 0.661597 0.007390 0.004278
0 0.297279 0.657557 0.007390 0.004278
0 0.354384 0.667538 0.007390 0.004278
0 0.390326 0.657557 0.007390 0.004278
0 0.390326 0.653517 0.007390 0.004278
0 0.447430 0.667538 0.007390 0.004278
0 0.492442 0.665637 0.007390 0.004278
0 0.492442 0.661597 0.007390 0.004278
0 0.492442 0.655418 0.007390 0.004278
0 0.535774 0.667538 0.007390 0.004278
0 0.567350 0.663498 0.007390 0.004278
0 0.567350 0.659458 0.007390 0.004278
0 0.625798 0.667538 0.007390 0.004278
0 0.669130 0.671578 0.007390 0.004278
0 0.669130 0.661597 0.007390 0.004278
0 0.713806 0.681797 0.007390 0.004278
0 0.742022 0.675618 0.007390 0.004278
0 0.786698 0.667538 0.007390 0.004278
0 0.823648 0.661597 0.007390 0.004278
0 0.863957 0.667538 0.007390 0.004278
0 0.889486 0.661597 0.007390 0.004278
0 0.929795 0.667538 0.007390 0.004278
0 0.123950 0.835789 0.007390 0.004278
0 0.123950 0.831749 0.007390 0.004278
0 0.174672 0.841968 0.007390 0.004278
0 0.174672 0.837928 0.007390 0.004278
0 0.174672 0.833888 0.007390 0.004278
0 0.206584 0.835789 0.007390 0.004278
0 0.206584 0.831749 0.007390 0.004278
0 0.257306 0.841968 0.007390 0.004278
0 0.257306 0.837928 0.007390 0.004278
0 0.257306 0.833888 0.007390 0.004278
0 0.299295 0.846008 0.007390 0.004278
0 0.299295 0.839829 0.007390 0.004278
0 0.299295 0.835789 0.007390 0.004278
0 0.347665 0.846008 0.007390 0.004278
0 0.347665 0.841968 0.007390 0.004278
0 0.347665 0.837928 0.007390 0.004278
0 0.377561 0.846008 0.007390 0.004278
0 0.377561 0.839829 0.007390 0.004278
0 0.377561 0.835789 0.007390 0.004278
0 0.425596 0.846008 0.007390 0.004278
0 0.425596 0.841968 0.007390 0.004278
0 0.425596 0.837928 0.007390 0.004278
0 0.468593 0.847909 0.007390 0.004278
0 0.468593 0.843869 0.007390 0.004278
0 0.468593 0.837928 0.007390 0.004278
0 0.519651 0.846008 0.007390 0.004278
0 0.519651 0.841968 0.007390 0.004278
0 0.519651 0.837928 0.007390 0.004278
0 0.551562 0.847909 0.007390 0.004278
0 0.551562 0.843869 0.007390 0.004278
0 0.551562 0.837928 0.007390 0.004278
0 0.602284 0.851949 0.007390 0.004278
0 0.602284 0.846008 0.007390 0.004278
0 0.602284 0.837928 0.007390 0.004278
0 0.642929 0.837928 0.007390 0.004278
0 0.673833 0.839829 0.007390 0.004278
0 0.704736 0.839829 0.007390 0.004278
0 0.735640 0.839829 0.007390 0.004278
0 0.773262 0.841968 0.007390 0.004278
0 0.792744 0.843869 0.007390 0.004278
0 0.832382 0.855989 0.007726 0.004278
0 0.832382 0.846008 0.007726 0.004278
0 0.115217 0.077947 0.007390 0.004278
0 0.167618 0.071768 0.007390 0.004278
0 0.200537 0.069867 0.007390 0.004278
0 0.252939 0.067728 0.007390 0.004278
0 0.298959 0.067728 0.007390 0.004278
0 0.329526 0.077947 0.007390 0.004278
0 0.360430 0.077947 0.007390 0.004278
0 0.391334 0.077947 0.007390 0.004278
0 0.440712 0.075808 0.007390 0.004278
0 0.480349 0.075808 0.007390 0.004278
0 0.508566 0.069867 0.007390 0.004278
0 0.536782 0.075808 0.007390 0.004278
0 0.564998 0.075808 0.007390 0.004278
0 0.593215 0.065827 0.007390 0.004278
0 0.621431 0.067728 0.007390 0.004278
0 0.662076 0.069867 0.007390 0.004278
0 0.724219 0.069867 0.007390 0.004278
0 0.226067 0.246673 0.007390 0.004278
0 0.269063 0.248574 0.007390 0.004278
0 0.320121 0.246673 0.007390 0.004278
0 0.352032 0.248574 0.007390 0.004278
0 0.403426 0.246673 0.007390 0.004278
0 0.454820 0.244534 0.007390 0.004278
0 0.509573 0.248574 0.007390 0.004278
0 0.543500 0.252614 0.007390 0.004278
0 0.597917 0.246673 0.007390 0.004278
0 0.645616 0.248574 0.007390 0.004278
0 0.696003 0.246673 0.007390 0.004278
0 0.727578 0.248574 0.007390 0.004278
0 0.777964 0.246673 0.007390 0.004278
0 0.817938 0.244534 0.007390 0.004278
0 0.876722 0.244534 0.007390 0.004278
0 0.925092 0.252614 0.007390 0.004278
0 0.115217 0.428707 0.007390 0.004278
0 0.171985 0.434886 0.007390 0.004278
0 0.207592 0.438926 0.007390 0.004278
0 0.242862 0.436787 0.007390 0.004278
0 0.278468 0.434886 0.007390 0.004278
0 0.324488 0.430846 0.007390 0.004278
0 0.393685 0.432747 0.007390 0.004278
0 0.437017 0.432747 0.007390 0.004278
0 0.506550 0.432747 0.007390 0.004278
0 0.558280 0.432747 0.007390 0.004278
0 0.592543 0.434886 0.007390 0.004278
0 0.626806 0.434886 0.007390 0.004278
0 0.661068 0.434886 0.007390 0.004278
0 0.702721 0.432747 0.007390 0.004278
0 0.724219 0.434886 0.007390 0.004278
0 0.783339 0.438926 0.007390 0.004278
0 0.922069 0.434886 0.007390 0.004278
0 0.115217 0.615019 0.007390 0.004278
0 0.159557 0.615019 0.007390 0.004278
0 0.192140 0.615019 0.007390 0.004278
0 0.231441 0.612880 0.007390 0.004278
0 0.251596 0.615019 0.007390 0.004278
0 0.297279 0.608840 0.007390 0.004278
0 0.354384 0.615019 0.007390 0.004278
0 0.390326 0.615019 0.007390 0.004278
0 0.447430 0.615019 0.007390 0.004278
0 0.492442 0.612880 0.007390 0.004278
0 0.535774 0.615019 0.007390 0.004278
0 0.567350 0.610979 0.007390 0.004278
0 0.605979 0.612880 0.007390 0.004278
0 0.625798 0.610979 0.007390 0.004278
0 0.669130 0.608840 0.007390 0.004278
0 0.742022 0.608840 0.007390 0.004278
