0 0.128653 0.219344 0.009741 0.005703
0 0.151495 0.208650 0.009741 0.005703
0 0.174337 0.200570 0.009741 0.005703
0 0.196842 0.170865 0.009741 0.005703
0 0.223715 0.165399 0.009741 0.005703
0 0.246557 0.157319 0.009741 0.005703
0 0.269399 0.152091 0.009741 0.005703
0 0.292241 0.157319 0.009741 0.005703
0 0.314746 0.165399 0.009741 0.005703
0 0.337588 0.170865 0.009741 0.005703
0 0.360430 0.200570 0.009741 0.005703
0 0.382936 0.208650 0.009741 0.005703
0 0.416191 0.219344 0.009741 0.005703
0 0.439033 0.208650 0.009741 0.005703
0 0.461538 0.200570 0.009741 0.005703
0 0.484380 0.170865 0.009741 0.005703
0 0.511253 0.165399 0.009741 0.005703
0 0.534095 0.157319 0.009741 0.005703
0 0.556937 0.152091 0.009741 0.005703
0 0.579442 0.157319 0.009741 0.005703
0 0.602284 0.165399 0.009741 0.005703
0 0.625126 0.170865 0.009741 0.005703
0 0.647632 0.200570 0.009741 0.005703
0 0.670474 0.208650 0.009741 0.005703
0 0.716829 0.211264 0.009741 0.005703
0 0.736648 0.200570 0.009741 0.005703
0 0.756802 0.192490 0.009741 0.005703
0 0.776621 0.162785 0.009741 0.005703
0 0.796439 0.157319 0.009741 0.005703
0 0.816258 0.149240 0.009741 0.005703
0 0.836412 0.144011 0.009741 0.005703
0 0.856231 0.149240 0.009741 0.005703
0 0.876050 0.157319 0.009741 0.005703
0 0.896204 0.162785 0.009741 0.005703
0 0.916023 0.192490 0.009741 0.005703
0 0.935841 0.200570 0.009741 0.005703
0 0.128653 0.437262 0.009741 0.005703
0 0.150487 0.426568 0.009741 0.005703
0 0.172657 0.418489 0.009741 0.005703
0 0.194491 0.388783 0.009741 0.005703
0 0.216325 0.383317 0.009741 0.005703
0 0.238495 0.375238 0.009741 0.005703
0 0.260329 0.370010 0.009741 0.005703
0 0.282163 0.375238 0.009741 0.005703
0 0.304333 0.383317 0.009741 0.005703
0 0.326167 0.388783 0.009741 0.005703
0 0.348001 0.418489 0.009741 0.005703
0 0.370171 0.426568 0.009741 0.005703
0 0.402419 0.432034 0.009741 0.005703
0 0.424924 0.426568 0.009741 0.005703
0 0.447094 0.418489 0.009741 0.005703
0 0.469600 0.388783 0.009741 0.005703
0 0.492106 0.383317 0.009741 0.005703
0 0.514612 0.375238 0.009741 0.005703
0 0.536782 0.448194 0.009741 0.005703
0 0.559288 0.437262 0.009741 0.005703
0 0.581794 0.429183 0.009741 0.005703
0 0.604300 0.399715 0.009741 0.005703
0 0.626806 0.388783 0.009741 0.005703
0 0.648975 0.386169 0.009741 0.005703
0 0.688277 0.440114 0.009741 0.005703
0 0.710447 0.429183 0.009741 0.005703
0 0.732953 0.421103 0.009741 0.005703
0 0.755123 0.391635 0.009741 0.005703
0 0.777293 0.386169 0.009741 0.005703
0 0.799798 0.378089 0.009741 0.005703
0 0.821968 0.372624 0.009741 0.005703
0 0.844138 0.378089 0.009741 0.005703
0 0.866644 0.386169 0.009741 0.005703
0 0.888814 0.391635 0.009741 0.005703
0 0.911320 0.421103 0.009741 0.005703
0 0.933490 0.429183 0.009741 0.005703
0 0.128653 0.666112 0.009741 0.005703
0 0.151831 0.655181 0.009741 0.005703
0 0.174672 0.649952 0.009741 0.005703
0 0.197850 0.617633 0.009741 0.005703
0 0.221028 0.612167 0.009741 0.005703
0 0.243870 0.606702 0.009741 0.005703
0 0.267047 0.598622 0.009741 0.005703
0 0.290225 0.606702 0.009741 0.005703
0 0.313067 0.612167 0.009741 0.005703
0 0.336245 0.617633 0.009741 0.005703
0 0.359422 0.649952 0.009741 0.005703
0 0.382264 0.655181 0.009741 0.005703
0 0.415855 0.660646 0.009741 0.005703
0 0.437689 0.658032 0.009741 0.005703
0 0.459859 0.652567 0.009741 0.005703
0 0.482029 0.622861 0.009741 0.005703
0 0.504199 0.614781 0.009741 0.005703
0 0.526369 0.609553 0.009741 0.005703
0 0.548203 0.604087 0.009741 0.005703
0 0.570373 0.609553 0.009741 0.005703
0 0.592543 0.614781 0.009741 0.005703
0 0.614713 0.622861 0.009741 0.005703
0 0.636547 0.652567 0.009741 0.005703
0 0.658717 0.658032 0.009741 0.005703
0 0.713134 0.663260 0.009741 0.005703
0 0.733289 0.658032 0.009741 0.005703
0 0.753443 0.649952 0.009741 0.005703
0 0.773598 0.620247 0.009741 0.005703
0 0.794088 0.614781 0.009741 0.005703
0 0.814243 0.606702 0.009741 0.005703
0 0.834397 0.658032 0.009741 0.005703
0 0.854552 0.649952 0.009741 0.005703
0 0.874706 0.644487 0.009741 0.005703
0 0.895197 0.614781 0.009741 0.005703
0 0.915351 0.606702 0.009741 0.005703
0 0.935506 0.601473 0.009741 0.005703
0 0.131676 0.902804 0.009741 0.005703
0 0.153846 0.892110 0.009741 0.005703
0 0.176352 0.878565 0.009741 0.005703
0 0.198858 0.849097 0.009741 0.005703
0 0.221028 0.841017 0.009741 0.005703
0 0.243534 0.835551 0.009741 0.005703
0 0.265704 0.894724 0.009741 0.005703
0 0.288210 0.884030 0.009741 0.005703
0 0.310715 0.875951 0.009741 0.005703
0 0.332885 0.846245 0.009741 0.005703
0 0.355391 0.835551 0.009741 0.005703
0 0.377897 0.832700 0.009741 0.005703
0 0.425260 0.886644 0.009741 0.005703
0 0.447094 0.875951 0.009741 0.005703
0 0.468593 0.867871 0.009741 0.005703
0 0.490427 0.838165 0.009741 0.005703
0 0.512261 0.832700 0.009741 0.005703
0 0.533759 0.819392 0.009741 0.005703
0 0.555593 0.886644 0.009741 0.005703
0 0.578435 0.878565 0.009741 0.005703
0 0.599933 0.867871 0.009741 0.005703
0 0.621767 0.838165 0.009741 0.005703
0 0.643601 0.830086 0.009741 0.005703
0 0.665099 0.819392 0.009741 0.005703
0 0.699698 0.889496 0.009741 0.005703
0 0.720860 0.878565 0.009741 0.005703
0 0.742022 0.870485 0.009741 0.005703
0 0.763520 0.841017 0.009741 0.005703
0 0.784683 0.835551 0.009741 0.005703
0 0.805845 0.827471 0.009741 0.005703
0 0.828687 0.822006 0.009741 0.005703
0 0.849849 0.827471 0.009741 0.005703
0 0.871011 0.835551 0.009741 0.005703
0 0.892173 0.841017 0.009741 0.005703
0 0.913336 0.870485 0.009741 0.005703
0 0.934498 0.878565 0.009741 0.005703
0 0.128653 0.071055 0.009741 0.005703
0 0.223715 0.079373 0.009741 0.005703
0 0.269399 0.079373 0.009741 0.005703
0 0.416191 0.079373 0.009741 0.005703
0 0.647632 0.079373 0.009741 0.005703
0 0.716829 0.076521 0.009741 0.005703
0 0.796439 0.073907 0.009741 0.005703
0 0.836412 0.076521 0.009741 0.005703
0 0.916023 0.079373 0.009741 0.005703
0 0.128653 0.307985 0.009741 0.005703
0 0.216325 0.310599 0.009741 0.005703
0 0.260329 0.307985 0.009741 0.005703
0 0.402419 0.307985 0.009741 0.005703
0 0.536782 0.307985 0.009741 0.005703
0 0.626806 0.318679 0.009741 0.005703
0 0.688277 0.305371 0.009741 0.005703
0 0.777293 0.302519 0.009741 0.005703
0 0.821968 0.305371 0.009741 0.005703
0 0.911320 0.307985 0.009741 0.005703
0 0.128653 0.536835 0.009741 0.005703
0 0.221028 0.539449 0.009741 0.005703
0 0.267047 0.536835 0.009741 0.005703
0 0.415855 0.536835 0.009741 0.005703
0 0.504199 0.547529 0.009741 0.005703
0 0.548203 0.533983 0.009741 0.005703
0 0.636547 0.536835 0.009741 0.005703
0 0.713134 0.536835 0.009741 0.005703
0 0.794088 0.539449 0.009741 0.005703
0 0.834397 0.531369 0.009741 0.005703
0 0.915351 0.533983 0.009741 0.005703
0 0.131676 0.754753 0.009741 0.005703
0 0.221028 0.762833 0.009741 0.005703
0 0.265704 0.751901 0.009741 0.005703
0 0.355391 0.754753 0.009741 0.005703
0 0.425260 0.754753 0.009741 0.005703
0 0.512261 0.757367 0.009741 0.005703
0 0.555593 0.751901 0.009741 0.005703
0 0.643601 0.754753 0.009741 0.005703
0 0.699698 0.749287 0.010413 0.005703
