0 0.131340 0.300143 0.009070 0.005466
0 0.131340 0.282557 0.009070 0.005466
0 0.231105 0.302757 0.009070 0.005466
0 0.231105 0.284933 0.009070 0.005466
0 0.292576 0.302757 0.009070 0.005466
0 0.292576 0.284933 0.009070 0.005466
0 0.346994 0.305133 0.009070 0.005466
0 0.346994 0.287548 0.009070 0.005466
0 0.406114 0.305133 0.009070 0.005466
0 0.406114 0.287548 0.009070 0.005466
0 0.131340 0.259743 0.009070 0.005466
0 0.131340 0.252139 0.009070 0.005466
0 0.231105 0.257129 0.009070 0.005466
0 0.231105 0.252139 0.009070 0.005466
0 0.292576 0.257129 0.009070 0.005466
0 0.292576 0.252139 0.009070 0.005466
0 0.346994 0.254753 0.009070 0.005466
0 0.346994 0.249762 0.009070 0.005466
0 0.439704 0.259743 0.009070 0.005466
0 0.448102 0.257129 0.009070 0.005466
0 0.448102 0.252139 0.009070 0.005466
0 0.448102 0.247148 0.009070 0.005466
0 0.586161 0.220532 0.009070 0.005466
0 0.586161 0.215542 0.009070 0.005466
0 0.586161 0.207937 0.009070 0.005466
0 0.586161 0.200333 0.009070 0.005466
0 0.675848 0.267348 0.009070 0.005466
0 0.675848 0.252139 0.009070 0.005466
0 0.667450 0.247148 0.009070 0.005466
0 0.675848 0.244534 0.009070 0.005466
0 0.812227 0.177757 0.009070 0.005466
0 0.781659 0.277567 0.006382 0.003802
0 0.781659 0.267348 0.006382 0.003802
0 0.781659 0.254753 0.006382 0.003802
0 0.798791 0.195580 0.006382 0.003802
0 0.131340 0.218156 0.009070 0.005466
0 0.131340 0.213165 0.009070 0.005466
0 0.231105 0.215542 0.009070 0.005466
0 0.231105 0.210551 0.009070 0.005466
0 0.292576 0.215542 0.009070 0.005466
0 0.292576 0.210551 0.009070 0.005466
0 0.346994 0.215542 0.009070 0.005466
0 0.355391 0.213165 0.009070 0.005466
0 0.346994 0.207937 0.009070 0.005466
0 0.448102 0.213165 0.009070 0.005466
0 0.448102 0.205561 0.009070 0.005466
0 0.448102 0.200333 0.009070 0.005466
0 0.448102 0.195342 0.009070 0.005466
0 0.522338 0.210551 0.009070 0.005466
0 0.522338 0.192728 0.009070 0.005466
0 0.586161 0.195342 0.009070 0.005466
0 0.586161 0.190352 0.009070 0.005466
0 0.586161 0.182747 0.009070 0.005466
0 0.586161 0.177757 0.009070 0.005466
0 0.645952 0.213165 0.009070 0.005466
0 0.645952 0.195342 0.009070 0.005466
0 0.675848 0.210551 0.009070 0.005466
0 0.667450 0.202947 0.009070 0.005466
0 0.675848 0.200333 0.009070 0.005466
0 0.675848 0.192728 0.009070 0.005466
0 0.705744 0.202947 0.009070 0.005466
0 0.705744 0.185361 0.009070 0.005466
0 0.735640 0.207937 0.009070 0.005466
0 0.735640 0.190352 0.009070 0.005466
0 0.812227 0.159933 0.009070 0.005466
0 0.782331 0.213165 0.006382 0.003802
0 0.782331 0.208175 0.006382 0.003802
0 0.782331 0.203184 0.006382 0.003802
0 0.782331 0.195580 0.006382 0.003802
0 0.131340 0.099097 0.009070 0.005466
0 0.192812 0.104087 0.009070 0.005466
0 0.231105 0.109078 0.009070 0.005466
0 0.292576 0.101711 0.009070 0.005466
0 0.346994 0.094106 0.009070 0.005466
0 0.406114 0.111692 0.009070 0.005466
0 0.448102 0.109078 0.009070 0.005466
0 0.485052 0.101711 0.009070 0.005466
0 0.522338 0.106702 0.009070 0.005466
0 0.586161 0.111692 0.009070 0.005466
0 0.675848 0.094106 0.009070 0.005466
