0 0.147128 0.700095 0.008734 0.004990
0 0.204904 0.270913 0.008734 0.004990
0 0.263352 0.275665 0.008734 0.004990
0 0.263352 0.263546 0.008734 0.004990
0 0.317770 0.270913 0.008734 0.004990
0 0.345650 0.275665 0.008734 0.004990
0 0.390326 0.270913 0.008734 0.004990
0 0.447430 0.280418 0.008734 0.004990
0 0.447430 0.263546 0.008734 0.004990
0 0.571716 0.290162 0.008734 0.004990
0 0.571716 0.273289 0.008734 0.004990
0 0.623111 0.287785 0.008734 0.004990
0 0.623111 0.270913 0.008734 0.004990
0 0.662412 0.270913 0.008734 0.004990
0 0.662412 0.263546 0.008734 0.004990
0 0.662412 0.258793 0.008734 0.004990
0 0.711790 0.287785 0.008734 0.004990
0 0.711790 0.270913 0.008734 0.004990
0 0.751428 0.270913 0.008734 0.004990
0 0.751428 0.265922 0.008734 0.004990
0 0.751428 0.256416 0.008734 0.004990
0 0.803158 0.263546 0.008734 0.004990
0 0.803158 0.258793 0.008734 0.004990
0 0.891166 0.297291 0.008734 0.004990
0 0.891166 0.280418 0.008734 0.004990
0 0.147128 0.495960 0.008734 0.004990
0 0.147128 0.486454 0.008734 0.004990
0 0.304333 0.491207 0.008734 0.004990
0 0.369164 0.488831 0.008734 0.004990
0 0.467585 0.491207 0.008734 0.004990
0 0.519651 0.503327 0.008734 0.004990
0 0.597917 0.512833 0.008734 0.004990
0 0.597917 0.495960 0.008734 0.004990
0 0.650319 0.510456 0.008734 0.004990
0 0.650319 0.493584 0.008734 0.004990
0 0.702721 0.508080 0.008734 0.004990
0 0.702721 0.491207 0.008734 0.004990
0 0.755459 0.505703 0.008734 0.004990
0 0.755459 0.488831 0.008734 0.004990
0 0.826335 0.505703 0.008734 0.004990
0 0.826335 0.488831 0.008734 0.004990
0 0.894525 0.503327 0.008734 0.004990
0 0.894525 0.486454 0.008734 0.004990
0 0.147128 0.690589 0.008734 0.004990
0 0.197178 0.688213 0.008734 0.004990
0 0.246893 0.702471 0.008734 0.004990
0 0.246893 0.690589 0.008734 0.004990
0 0.308028 0.700095 0.008734 0.004990
0 0.308028 0.688213 0.008734 0.004990
0 0.357407 0.702471 0.008734 0.004990
0 0.357407 0.690589 0.008734 0.004990
0 0.424253 0.705086 0.008734 0.004990
0 0.424253 0.692966 0.008734 0.004990
0 0.465569 0.707462 0.008734 0.004990
0 0.465569 0.690589 0.008734 0.004990
0 0.520322 0.712215 0.008734 0.004990
0 0.520322 0.695342 0.008734 0.004990
0 0.595902 0.714591 0.008734 0.004990
0 0.595902 0.697719 0.008734 0.004990
0 0.697346 0.714591 0.008734 0.004990
0 0.697346 0.697719 0.008734 0.004990
0 0.817602 0.707462 0.008734 0.004990
0 0.817602 0.690589 0.008734 0.004990
0 0.149479 0.922766 0.008734 0.004990
0 0.149479 0.905894 0.008734 0.004990
0 0.296271 0.901141 0.008734 0.004990
0 0.360430 0.898764 0.008734 0.004990
0 0.452805 0.901141 0.008734 0.004990
0 0.503191 0.913260 0.008734 0.004990
0 0.503191 0.896388 0.008734 0.004990
0 0.590863 0.922766 0.008734 0.004990
0 0.590863 0.905894 0.008734 0.004990
0 0.644273 0.920390 0.008734 0.004990
0 0.644273 0.903517 0.008734 0.004990
0 0.697346 0.918013 0.008734 0.004990
0 0.697346 0.901141 0.008734 0.004990
0 0.750420 0.915637 0.008734 0.004990
0 0.750420 0.898764 0.008734 0.004990
0 0.822640 0.915637 0.008734 0.004990
0 0.822640 0.898764 0.008734 0.004990
0 0.892173 0.913260 0.008734 0.004990
0 0.892173 0.896388 0.008734 0.004990
0 0.662412 0.232414 0.008734 0.004990
0 0.834397 0.443441 0.008734 0.004990
0 0.894525 0.445817 0.008734 0.004990
0 0.830702 0.856939 0.008734 0.004990
0 0.892173 0.859316 0.008734 0.004990
0 0.204904 0.232414 0.008734 0.004990
0 0.263352 0.237167 0.008734 0.004990
0 0.263352 0.225048 0.008734 0.004990
0 0.317770 0.232414 0.008734 0.004990
0 0.345650 0.237167 0.008734 0.004990
0 0.390326 0.232414 0.008734 0.004990
0 0.447430 0.237167 0.008734 0.004990
0 0.447430 0.225048 0.008734 0.004990
0 0.488747 0.232414 0.008734 0.004990
0 0.530064 0.225048 0.008734 0.004990
0 0.571716 0.234791 0.008734 0.004990
0 0.571716 0.229800 0.008734 0.004990
0 0.563319 0.225048 0.008734 0.004990
0 0.571716 0.222671 0.008734 0.004990
0 0.623111 0.237167 0.008734 0.004990
0 0.623111 0.232414 0.008734 0.004990
0 0.623111 0.225048 0.008734 0.004990
0 0.623111 0.220295 0.008734 0.004990
0 0.662412 0.222671 0.008734 0.004990
0 0.687269 0.225048 0.008734 0.004990
0 0.711790 0.232414 0.008734 0.004990
0 0.711790 0.222671 0.008734 0.004990
0 0.751428 0.232414 0.008734 0.004990
0 0.751428 0.215542 0.008734 0.004990
0 0.803158 0.232414 0.008734 0.004990
0 0.803158 0.225048 0.008734 0.004990
0 0.891166 0.225048 0.008734 0.004990
0 0.891166 0.220295 0.008734 0.004990
0 0.891166 0.215542 0.008734 0.004990
0 0.891166 0.208175 0.008734 0.004990
0 0.147128 0.443441 0.008734 0.004990
0 0.147128 0.438688 0.008734 0.004990
0 0.147128 0.426568 0.008734 0.004990
0 0.304333 0.450808 0.008734 0.004990
0 0.304333 0.443441 0.008734 0.004990
0 0.369164 0.450808 0.008734 0.004990
0 0.369164 0.445817 0.008734 0.004990
0 0.467585 0.450808 0.008734 0.004990
0 0.467585 0.443441 0.008734 0.004990
0 0.519651 0.445817 0.008734 0.004990
0 0.519651 0.441065 0.008734 0.004990
0 0.597917 0.443441 0.008734 0.004990
0 0.597917 0.438688 0.008734 0.004990
0 0.650319 0.443441 0.008734 0.004990
0 0.650319 0.436312 0.008734 0.004990
0 0.702721 0.443441 0.008734 0.004990
0 0.702721 0.433935 0.008734 0.004990
0 0.755459 0.443441 0.008734 0.004990
0 0.755459 0.431321 0.008734 0.004990
0 0.826335 0.441065 0.008734 0.004990
0 0.894525 0.441065 0.008734 0.004990
0 0.936849 0.441065 0.008734 0.004990
0 0.147128 0.655894 0.008734 0.004990
0 0.197178 0.658270 0.008734 0.004990
0 0.197178 0.653517 0.008734 0.004990
0 0.246893 0.658270 0.008734 0.004990
0 0.246893 0.651141 0.008734 0.004990
0 0.308028 0.658270 0.008734 0.004990
0 0.308028 0.653517 0.008734 0.004990
0 0.357407 0.658270 0.008734 0.004990
0 0.357407 0.651141 0.008734 0.004990
0 0.424253 0.658270 0.008734 0.004990
0 0.424253 0.648764 0.008734 0.004990
0 0.465569 0.658270 0.008734 0.004990
0 0.465569 0.646388 0.008734 0.004990
0 0.520322 0.660646 0.008734 0.004990
0 0.520322 0.651141 0.008734 0.004990
0 0.520322 0.643774 0.008734 0.004990
0 0.595902 0.658270 0.008734 0.004990
0 0.595902 0.651141 0.008734 0.004990
0 0.595902 0.646388 0.008734 0.004990
0 0.697346 0.660646 0.008734 0.004990
0 0.697346 0.653517 0.008734 0.004990
0 0.697346 0.648764 0.008734 0.004990
0 0.817602 0.663023 0.008734 0.004990
0 0.817602 0.658270 0.008734 0.004990
0 0.817602 0.651141 0.008734 0.004990
0 0.854887 0.668013 0.008734 0.004990
0 0.854887 0.651141 0.008734 0.004990
0 0.887807 0.668013 0.008734 0.004990
0 0.887807 0.651141 0.008734 0.004990
0 0.904938 0.668013 0.008734 0.004990
0 0.904938 0.651141 0.008734 0.004990
0 0.941888 0.668013 0.008734 0.004990
0 0.941888 0.651141 0.008734 0.004990
0 0.149479 0.864068 0.008734 0.004990
0 0.149479 0.856939 0.008734 0.004990
0 0.149479 0.852186 0.008734 0.004990
0 0.149479 0.847433 0.008734 0.004990
0 0.296271 0.864068 0.008734 0.004990
0 0.296271 0.856939 0.008734 0.004990
0 0.360430 0.864068 0.008734 0.004990
0 0.360430 0.859316 0.008734 0.004990
0 0.452805 0.864068 0.008734 0.004990
0 0.452805 0.856939 0.008734 0.004990
0 0.503191 0.859316 0.008734 0.004990
0 0.503191 0.854563 0.008734 0.004990
0 0.590863 0.856939 0.008734 0.004990
0 0.590863 0.852186 0.008734 0.004990
0 0.644273 0.856939 0.008734 0.004990
0 0.644273 0.849810 0.008734 0.004990
0 0.697346 0.856939 0.008734 0.004990
0 0.697346 0.847433 0.008734 0.004990
0 0.750420 0.856939 0.008734 0.004990
0 0.750420 0.844819 0.008734 0.004990
0 0.822640 0.854563 0.008734 0.004990
0 0.892173 0.854563 0.008734 0.004990
0 0.935841 0.854563 0.008734 0.004990
0 0.935170 0.181797 0.008734 0.004990
0 0.147128 0.367871 0.008734 0.004990
0 0.225059 0.375238 0.008734 0.004990
0 0.256298 0.379990 0.008734 0.004990
0 0.304333 0.375238 0.008734 0.004990
0 0.369164 0.379990 0.008734 0.004990
0 0.432650 0.382367 0.008734 0.004990
0 0.467585 0.384743 0.008734 0.004990
0 0.519651 0.382367 0.008734 0.004990
0 0.597917 0.379990 0.008734 0.004990
0 0.650319 0.377614 0.008734 0.004990
0 0.702721 0.375238 0.008734 0.004990
0 0.755459 0.372624 0.008734 0.004990
0 0.826335 0.382367 0.008734 0.004990
0 0.936849 0.382367 0.008734 0.004990
0 0.147128 0.595532 0.008734 0.004990
0 0.197178 0.593156 0.008734 0.004990
0 0.246893 0.590779 0.008734 0.004990
0 0.308028 0.593156 0.008734 0.004990
0 0.357407 0.590779 0.008734 0.004990
0 0.424253 0.588403 0.008734 0.004990
0 0.465569 0.585789 0.008734 0.004990
0 0.520322 0.583413 0.008734 0.004990
0 0.595902 0.585789 0.008734 0.004990
0 0.646624 0.590779 0.008734 0.004990
0 0.697346 0.597909 0.008734 0.004990
0 0.748069 0.593156 0.008734 0.004990
0 0.817602 0.590779 0.008734 0.004990
0 0.941888 0.590779 0.008734 0.004990
0 0.149479 0.787548 0.008734 0.004990
0 0.220356 0.794914 0.008734 0.004990
0 0.252603 0.799667 0.008734 0.004990
0 0.296271 0.794914 0.008734 0.004990
0 0.360430 0.799667 0.008734 0.004990
0 0.421565 0.802044 0.008734 0.004990
0 0.452805 0.804420 0.008734 0.004990
0 0.503191 0.802044 0.008734 0.004990
0 0.590863 0.799667 0.008734 0.004990
0 0.644273 0.797291 0.008734 0.004990
0 0.697346 0.794914 0.008734 0.004990
0 0.750420 0.792538 0.008734 0.004990
0 0.822640 0.802044 0.008734 0.004990
0 0.935841 0.802044 0.008734 0.004990
