0 0.134028 0.219344 0.009741 0.005703
0 0.219684 0.227424 0.009741 0.005703
0 0.319113 0.224572 0.009741 0.005703
0 0.396372 0.221958 0.009741 0.005703
0 0.134028 0.213878 0.009741 0.005703
0 0.176688 0.213878 0.009741 0.005703
0 0.262345 0.213878 0.009741 0.005703
0 0.319113 0.213878 0.009741 0.005703
0 0.357743 0.213878 0.009741 0.005703
0 0.444743 0.213878 0.009741 0.005703
0 0.515284 0.224572 0.009741 0.005703
0 0.616056 0.227424 0.009741 0.005703
0 0.752771 0.230038 0.009741 0.005703
0 0.860598 0.230038 0.009741 0.005703
0 0.860598 0.224572 0.009741 0.005703
0 0.860598 0.219344 0.009741 0.005703
0 0.141082 0.455086 0.009741 0.005703
0 0.141082 0.447006 0.009741 0.005703
0 0.141082 0.441540 0.009741 0.005703
0 0.274437 0.457700 0.009741 0.005703
0 0.421229 0.455086 0.009741 0.005703
0 0.558616 0.455086 0.009741 0.005703
0 0.718509 0.447006 0.009741 0.005703
0 0.783675 0.452471 0.009741 0.005703
0 0.848841 0.449620 0.009741 0.005703
0 0.848841 0.438926 0.009741 0.005703
0 0.914343 0.455086 0.009741 0.005703
0 0.134028 0.669439 0.009741 0.005703
0 0.134028 0.663973 0.009741 0.005703
0 0.197514 0.677519 0.009741 0.005703
0 0.261001 0.672053 0.009741 0.005703
0 0.329862 0.677519 0.009741 0.005703
0 0.415519 0.669439 0.009741 0.005703
0 0.477662 0.677519 0.009741 0.005703
0 0.539805 0.661359 0.009741 0.005703
0 0.603628 0.677519 0.009741 0.005703
0 0.680215 0.663973 0.009741 0.005703
0 0.754787 0.669439 0.009741 0.005703
0 0.829694 0.677519 0.009741 0.005703
0 0.904602 0.677519 0.009741 0.005703
0 0.135707 0.911835 0.009741 0.005703
0 0.135707 0.892823 0.009741 0.005703
0 0.684918 0.911835 0.009741 0.005703
0 0.724891 0.892823 0.009741 0.005703
0 0.862277 0.911835 0.009741 0.005703
0 0.901243 0.892823 0.009741 0.005703
0 0.901243 0.887595 0.009741 0.005703
0 0.134028 0.165399 0.009741 0.005703
0 0.176688 0.165399 0.009741 0.005703
0 0.219684 0.173479 0.009741 0.005703
0 0.262345 0.178945 0.009741 0.005703
0 0.319113 0.170865 0.009741 0.005703
0 0.357743 0.176093 0.009741 0.005703
0 0.396372 0.168013 0.009741 0.005703
0 0.380584 0.165399 0.006718 0.003802
0 0.420558 0.170865 0.009741 0.005703
0 0.444743 0.168013 0.009741 0.005703
0 0.468928 0.173479 0.009741 0.005703
0 0.515284 0.176093 0.009741 0.005703
0 0.532079 0.170865 0.009741 0.005703
0 0.548875 0.165399 0.009741 0.005703
0 0.565670 0.176093 0.009741 0.005703
0 0.582466 0.170865 0.009741 0.005703
0 0.599261 0.165399 0.009741 0.005703
0 0.616056 0.176093 0.009741 0.005703
0 0.632852 0.170865 0.009741 0.005703
0 0.649647 0.165399 0.009741 0.005703
0 0.666443 0.176093 0.009741 0.005703
0 0.683238 0.170865 0.009741 0.005703
0 0.700034 0.165399 0.009741 0.005703
0 0.752771 0.181559 0.009741 0.005703
0 0.770574 0.176093 0.009741 0.005703
0 0.788713 0.168013 0.009741 0.005703
0 0.806517 0.181559 0.009741 0.005703
0 0.824656 0.176093 0.009741 0.005703
0 0.842459 0.168013 0.009741 0.005703
0 0.860598 0.176093 0.009741 0.005703
0 0.881760 0.170865 0.009741 0.005703
0 0.904266 0.168013 0.009741 0.005703
0 0.922069 0.176093 0.009741 0.005703
0 0.940208 0.170865 0.009741 0.005703
0 0.958011 0.168013 0.009741 0.005703
0 0.141082 0.398527 0.009741 0.005703
0 0.163252 0.393061 0.009741 0.005703
0 0.185422 0.387833 0.009741 0.005703
0 0.207592 0.398527 0.009741 0.005703
0 0.229762 0.393061 0.009741 0.005703
0 0.252267 0.387833 0.009741 0.005703
0 0.274437 0.398527 0.009741 0.005703
0 0.296607 0.395913 0.009741 0.005703
0 0.318777 0.384981 0.009741 0.005703
0 0.340947 0.398527 0.009741 0.005703
0 0.363453 0.395913 0.009741 0.005703
0 0.385623 0.384981 0.009741 0.005703
0 0.421229 0.406606 0.009741 0.005703
0 0.444407 0.398527 0.009741 0.005703
0 0.467249 0.393061 0.009741 0.005703
0 0.490091 0.387833 0.009741 0.005703
0 0.512932 0.393061 0.009741 0.005703
0 0.535774 0.398527 0.009741 0.005703
0 0.558616 0.406606 0.009741 0.005703
0 0.581794 0.401141 0.009741 0.005703
0 0.604636 0.395913 0.009741 0.005703
0 0.627477 0.390447 0.009741 0.005703
0 0.650319 0.395913 0.009741 0.005703
0 0.678871 0.401141 0.009741 0.005703
0 0.718509 0.406606 0.009741 0.005703
0 0.740343 0.398527 0.009741 0.005703
0 0.761841 0.393061 0.009741 0.005703
0 0.783675 0.406606 0.009741 0.005703
0 0.805509 0.398527 0.009741 0.005703
0 0.827343 0.393061 0.009741 0.005703
0 0.848841 0.406606 0.009741 0.005703
0 0.870675 0.395913 0.009741 0.005703
0 0.892509 0.390447 0.009741 0.005703
0 0.914343 0.406606 0.009741 0.005703
0 0.935841 0.395913 0.009741 0.005703
0 0.957676 0.390447 0.009741 0.005703
0 0.134028 0.629040 0.009741 0.005703
0 0.155190 0.620960 0.009741 0.005703
0 0.176352 0.615494 0.009741 0.005703
0 0.197514 0.629040 0.009741 0.005703
0 0.218677 0.620960 0.009741 0.005703
0 0.239839 0.615494 0.009741 0.005703
0 0.261001 0.629040 0.009741 0.005703
0 0.282163 0.618108 0.009741 0.005703
0 0.308700 0.612880 0.009741 0.005703
0 0.329862 0.629040 0.009741 0.005703
0 0.351025 0.618108 0.009741 0.005703
0 0.377225 0.612880 0.009741 0.005703
0 0.415519 0.629040 0.009741 0.005703
0 0.436009 0.620960 0.009741 0.005703
0 0.456836 0.615494 0.009741 0.005703
0 0.477662 0.629040 0.009741 0.005703
0 0.498488 0.620960 0.009741 0.005703
0 0.518979 0.615494 0.009741 0.005703
0 0.539805 0.629040 0.009741 0.005703
0 0.562311 0.623574 0.009741 0.005703
0 0.583137 0.618108 0.009741 0.005703
0 0.603628 0.629040 0.009741 0.005703
0 0.624454 0.623574 0.009741 0.005703
0 0.645280 0.618108 0.009741 0.005703
0 0.680215 0.629040 0.009741 0.005703
0 0.703057 0.620960 0.009741 0.005703
0 0.731945 0.615494 0.009741 0.005703
0 0.754787 0.629040 0.009741 0.005703
0 0.777964 0.620960 0.009741 0.005703
0 0.806853 0.615494 0.009741 0.005703
0 0.829694 0.631654 0.009741 0.005703
0 0.852872 0.623574 0.009741 0.005703
0 0.881424 0.618108 0.009741 0.005703
0 0.904602 0.631654 0.009741 0.005703
0 0.927780 0.623574 0.009741 0.005703
0 0.956332 0.618108 0.009741 0.005703
0 0.135707 0.856702 0.009741 0.005703
0 0.135707 0.843156 0.009741 0.005703
0 0.176688 0.824382 0.009741 0.005703
0 0.197514 0.818916 0.009741 0.005703
0 0.218341 0.824382 0.009741 0.005703
0 0.240846 0.826996 0.009741 0.005703
0 0.261673 0.821530 0.009741 0.005703
0 0.282499 0.826996 0.009741 0.005703
0 0.303661 0.829610 0.009741 0.005703
0 0.324488 0.824382 0.009741 0.005703
0 0.345314 0.829610 0.009741 0.005703
0 0.377897 0.832462 0.009741 0.005703
0 0.400403 0.826996 0.009741 0.005703
0 0.419886 0.832462 0.009741 0.005703
0 0.439368 0.835076 0.009741 0.005703
0 0.459187 0.829610 0.009741 0.005703
0 0.478670 0.835076 0.009741 0.005703
0 0.498153 0.837690 0.009741 0.005703
0 0.517971 0.832462 0.009741 0.005703
0 0.537454 0.837690 0.009741 0.005703
0 0.556937 0.840542 0.009741 0.005703
0 0.576755 0.835076 0.009741 0.005703
0 0.596238 0.840542 0.009741 0.005703
0 0.645280 0.856702 0.009741 0.005703
0 0.645280 0.843156 0.009741 0.005703
0 0.764528 0.845770 0.009741 0.005703
0 0.764528 0.840542 0.009741 0.005703
0 0.823312 0.843156 0.009741 0.005703
0 0.823312 0.837690 0.009741 0.005703
0 0.940544 0.840542 0.009741 0.005703
0 0.940544 0.835076 0.009741 0.005703
0 0.219684 0.101711 0.009741 0.005703
0 0.262345 0.106939 0.009741 0.005703
0 0.319113 0.098859 0.009741 0.005703
0 0.357743 0.104325 0.009741 0.005703
0 0.396372 0.096245 0.009741 0.005703
0 0.420558 0.098859 0.009741 0.005703
0 0.444743 0.096245 0.009741 0.005703
0 0.468928 0.101711 0.009741 0.005703
0 0.515284 0.093631 0.009741 0.005703
0 0.752771 0.096245 0.009741 0.005703
0 0.860598 0.096245 0.009741 0.005703
0 0.141082 0.317728 0.009741 0.005703
0 0.274437 0.314876 0.009741 0.005703
0 0.340947 0.309648 0.009741 0.005703
0 0.421229 0.328422 0.009741 0.005703
0 0.558616 0.325808 0.009741 0.005703
0 0.542828 0.322956 0.006718 0.003802
0 0.664763 0.328422 0.009741 0.005703
0 0.718509 0.328422 0.009741 0.005703
0 0.848841 0.317728 0.009741 0.005703
0 0.914343 0.317728 0.009741 0.005703
0 0.134028 0.531844 0.009741 0.005703
0 0.197514 0.539924 0.009741 0.005703
0 0.261001 0.542776 0.009741 0.005703
0 0.245213 0.539924 0.006718 0.003802
0 0.295264 0.545390 0.009741 0.005703
0 0.329862 0.542776 0.009741 0.005703
0 0.364125 0.539924 0.009741 0.005703
0 0.415519 0.545390 0.009741 0.005703
0 0.539805 0.539924 0.009741 0.005703
0 0.603628 0.539924 0.009741 0.005703
0 0.680215 0.531844 0.009741 0.005703
0 0.717501 0.539924 0.009741 0.005703
0 0.754787 0.545390 0.009741 0.005703
0 0.792408 0.550856 0.009741 0.005703
0 0.829694 0.548004 0.009741 0.005703
0 0.813907 0.545390 0.006718 0.003802
0 0.867316 0.550856 0.009741 0.005703
0 0.904602 0.548004 0.009741 0.005703
0 0.941888 0.545390 0.009741 0.005703
0 0.135707 0.773051 0.009741 0.005703
0 0.645280 0.773051 0.009741 0.005703
0 0.764528 0.770437 0.009741 0.005703
0 0.823312 0.767823 0.009741 0.005703
0 0.940544 0.764971 0.009741 0.005703
