0 0.153174 0.220295 0.010413 0.005703
0 0.153174 0.215067 0.010413 0.005703
0 0.153174 0.209601 0.010413 0.005703
0 0.153174 0.201521 0.010413 0.005703
0 0.237487 0.231226 0.009741 0.005703
0 0.228418 0.220295 0.009741 0.005703
0 0.237487 0.217681 0.009741 0.005703
0 0.237487 0.206987 0.009741 0.005703
0 0.287538 0.231226 0.009741 0.005703
0 0.278468 0.220295 0.009741 0.005703
0 0.287538 0.217681 0.009741 0.005703
0 0.287538 0.206987 0.009741 0.005703
0 0.313739 0.220295 0.009741 0.005703
0 0.313739 0.215067 0.009741 0.005703
0 0.313739 0.209601 0.009741 0.005703
0 0.339940 0.220295 0.010413 0.005703
0 0.339940 0.215067 0.010413 0.005703
0 0.339940 0.209601 0.010413 0.005703
0 0.423581 0.250000 0.009741 0.005703
0 0.423581 0.231226 0.009741 0.005703
0 0.450118 0.220295 0.009741 0.005703
0 0.450118 0.212215 0.009741 0.005703
0 0.450118 0.206987 0.009741 0.005703
0 0.512932 0.260694 0.009741 0.005703
0 0.512932 0.241920 0.009741 0.005703
0 0.539469 0.252614 0.009741 0.005703
0 0.597246 0.252614 0.009741 0.005703
0 0.597246 0.233840 0.009741 0.005703
0 0.669130 0.244534 0.009741 0.005703
0 0.718509 0.233840 0.009741 0.005703
0 0.718509 0.220295 0.009741 0.005703
0 0.718509 0.215067 0.009741 0.005703
0 0.146120 0.462690 0.009741 0.005703
0 0.146120 0.451996 0.009741 0.005703
0 0.342627 0.462690 0.009741 0.005703
0 0.559960 0.462690 0.009741 0.005703
0 0.762849 0.462690 0.009741 0.005703
0 0.146120 0.681084 0.009741 0.005703
0 0.245885 0.643536 0.009741 0.005703
0 0.271078 0.646150 0.009741 0.005703
0 0.295936 0.643536 0.009741 0.005703
0 0.320793 0.651616 0.009741 0.005703
0 0.345986 0.670390 0.009741 0.005703
0 0.564662 0.673004 0.009741 0.005703
0 0.661068 0.643536 0.009741 0.005703
0 0.685254 0.646150 0.009741 0.005703
0 0.709439 0.643536 0.009741 0.005703
0 0.733624 0.654230 0.009741 0.005703
0 0.762849 0.664924 0.009741 0.005703
0 0.762849 0.646150 0.009741 0.005703
0 0.859254 0.670390 0.009741 0.005703
0 0.883440 0.673004 0.009741 0.005703
0 0.907625 0.670390 0.009741 0.005703
0 0.931475 0.675856 0.009741 0.005703
0 0.146120 0.908270 0.009741 0.005703
0 0.146120 0.897576 0.009741 0.005703
0 0.146120 0.884030 0.009741 0.005703
0 0.193483 0.908270 0.009741 0.005703
0 0.193483 0.897576 0.009741 0.005703
0 0.193483 0.884030 0.009741 0.005703
0 0.288210 0.865019 0.009741 0.005703
0 0.335237 0.867871 0.009741 0.005703
0 0.335237 0.862405 0.009741 0.005703
0 0.396708 0.867871 0.009741 0.005703
0 0.396708 0.862405 0.009741 0.005703
0 0.491434 0.900190 0.009741 0.005703
0 0.491434 0.889496 0.009741 0.005703
0 0.551898 0.908270 0.009741 0.005703
0 0.551898 0.897576 0.009741 0.005703
0 0.551898 0.884030 0.009741 0.005703
0 0.602284 0.908270 0.009741 0.005703
0 0.602284 0.897576 0.009741 0.005703
0 0.602284 0.884030 0.009741 0.005703
0 0.703393 0.870485 0.009741 0.005703
0 0.703393 0.865019 0.009741 0.005703
0 0.753779 0.870485 0.009741 0.005703
0 0.744709 0.865019 0.009741 0.005703
0 0.753779 0.862405 0.009741 0.005703
0 0.753779 0.854325 0.009741 0.005703
0 0.804501 0.870485 0.009741 0.005703
0 0.795432 0.865019 0.009741 0.005703
0 0.804501 0.862405 0.009741 0.005703
0 0.804501 0.854325 0.009741 0.005703
0 0.905274 0.894724 0.009741 0.005703
0 0.905274 0.884030 0.009741 0.005703
0 0.905274 0.875951 0.009741 0.005703
0 0.153174 0.158032 0.010413 0.005703
0 0.153174 0.149952 0.010413 0.005703
0 0.153174 0.144487 0.010413 0.005703
0 0.153174 0.139021 0.010413 0.005703
0 0.237487 0.155181 0.009741 0.005703
0 0.228418 0.149952 0.009741 0.005703
0 0.237487 0.147101 0.009741 0.005703
0 0.237487 0.136407 0.009741 0.005703
0 0.287538 0.155181 0.009741 0.005703
0 0.278468 0.149952 0.009741 0.005703
0 0.287538 0.147101 0.009741 0.005703
0 0.287538 0.136407 0.009741 0.005703
0 0.313739 0.158032 0.009741 0.005703
0 0.313739 0.149952 0.009741 0.005703
0 0.313739 0.144487 0.009741 0.005703
0 0.313739 0.139021 0.009741 0.005703
0 0.339940 0.158032 0.010413 0.005703
0 0.339940 0.149952 0.010413 0.005703
0 0.339940 0.144487 0.010413 0.005703
0 0.339940 0.139021 0.010413 0.005703
0 0.466913 0.160646 0.009741 0.005703
0 0.483373 0.168726 0.009741 0.005703
0 0.483373 0.155181 0.009741 0.005703
0 0.483373 0.149952 0.009741 0.005703
0 0.512932 0.166112 0.009741 0.005703
0 0.512932 0.155181 0.009741 0.005703
0 0.503863 0.149952 0.009741 0.005703
0 0.512932 0.147101 0.009741 0.005703
0 0.539469 0.163260 0.009741 0.005703
0 0.539469 0.155181 0.009741 0.005703
0 0.539469 0.149952 0.009741 0.005703
0 0.539469 0.144487 0.009741 0.005703
0 0.597246 0.176806 0.009741 0.005703
0 0.597246 0.166112 0.009741 0.005703
0 0.606315 0.163260 0.009741 0.005703
0 0.693987 0.160646 0.009741 0.005703
0 0.693987 0.141873 0.009741 0.005703
0 0.718509 0.141873 0.009741 0.005703
0 0.736312 0.144487 0.009741 0.005703
0 0.753443 0.149952 0.009741 0.005703
0 0.770574 0.155181 0.009741 0.005703
0 0.792408 0.160646 0.009741 0.005703
0 0.809540 0.163260 0.009741 0.005703
0 0.826671 0.168726 0.009741 0.005703
0 0.843802 0.174192 0.009741 0.005703
0 0.868660 0.179658 0.009741 0.005703
0 0.886463 0.182272 0.009741 0.005703
0 0.903594 0.220295 0.009741 0.005703
0 0.916023 0.225760 0.009741 0.005703
0 0.938193 0.231226 0.009741 0.005703
0 0.146120 0.400665 0.009741 0.005703
0 0.146120 0.395437 0.009741 0.005703
0 0.170642 0.403517 0.009741 0.005703
0 0.195163 0.400665 0.009741 0.005703
0 0.219684 0.408745 0.009741 0.005703
0 0.244541 0.443916 0.009741 0.005703
0 0.244541 0.438451 0.009741 0.005703
0 0.269063 0.446530 0.009741 0.005703
0 0.293584 0.443916 0.009741 0.005703
0 0.318105 0.451996 0.009741 0.005703
0 0.342627 0.403517 0.009741 0.005703
0 0.342627 0.398051 0.009741 0.005703
0 0.368492 0.406131 0.009741 0.005703
0 0.393013 0.403517 0.009741 0.005703
0 0.417534 0.408745 0.009741 0.005703
0 0.448438 0.446530 0.009741 0.005703
0 0.448438 0.441302 0.009741 0.005703
0 0.472959 0.449382 0.009741 0.005703
0 0.497481 0.446530 0.009741 0.005703
0 0.522002 0.451996 0.009741 0.005703
0 0.559960 0.400665 0.009741 0.005703
0 0.559960 0.392586 0.009741 0.005703
0 0.584145 0.403517 0.009741 0.005703
0 0.608331 0.400665 0.009741 0.005703
0 0.632180 0.406131 0.009741 0.005703
0 0.656365 0.443916 0.009741 0.005703
0 0.656365 0.435837 0.009741 0.005703
0 0.680551 0.446530 0.009741 0.005703
0 0.714814 0.443916 0.009741 0.005703
0 0.738663 0.449382 0.009741 0.005703
0 0.762849 0.400665 0.009741 0.005703
0 0.762849 0.395437 0.009741 0.005703
0 0.787034 0.403517 0.009741 0.005703
0 0.811219 0.400665 0.009741 0.005703
0 0.835069 0.408745 0.009741 0.005703
0 0.859254 0.443916 0.009741 0.005703
0 0.859254 0.438451 0.009741 0.005703
0 0.883440 0.446530 0.009741 0.005703
0 0.907625 0.443916 0.009741 0.005703
0 0.931811 0.451996 0.009741 0.005703
0 0.146120 0.600285 0.009741 0.005703
0 0.146120 0.595057 0.009741 0.005703
0 0.170977 0.603137 0.009741 0.005703
0 0.196171 0.600285 0.009741 0.005703
0 0.221028 0.608365 0.009741 0.005703
0 0.245885 0.613831 0.009741 0.005703
0 0.345986 0.603137 0.009741 0.005703
0 0.345986 0.597671 0.009741 0.005703
0 0.370843 0.605751 0.009741 0.005703
0 0.395700 0.603137 0.009741 0.005703
0 0.420894 0.608365 0.009741 0.005703
0 0.454148 0.646150 0.009741 0.005703
0 0.454148 0.640684 0.009741 0.005703
0 0.479342 0.648764 0.009741 0.005703
0 0.504199 0.646150 0.009741 0.005703
0 0.529056 0.656844 0.009741 0.005703
0 0.564662 0.603137 0.009741 0.005703
0 0.564662 0.597671 0.009741 0.005703
0 0.588848 0.605751 0.009741 0.005703
0 0.613033 0.603137 0.009741 0.005703
0 0.636883 0.608365 0.009741 0.005703
0 0.661068 0.605751 0.009741 0.005703
0 0.661068 0.592205 0.009741 0.005703
0 0.762849 0.597671 0.009741 0.005703
0 0.762849 0.592205 0.009741 0.005703
0 0.786698 0.600285 0.009741 0.005703
0 0.810883 0.597671 0.009741 0.005703
0 0.835069 0.603137 0.009741 0.005703
0 0.859254 0.603137 0.009741 0.005703
0 0.859254 0.595057 0.009741 0.005703
0 0.859254 0.584125 0.009741 0.005703
0 0.146120 0.850760 0.009741 0.005703
0 0.146120 0.842681 0.009741 0.005703
0 0.146120 0.837215 0.009741 0.005703
0 0.193483 0.850760 0.009741 0.005703
0 0.193483 0.842681 0.009741 0.005703
0 0.193483 0.837215 0.009741 0.005703
0 0.288210 0.831749 0.009741 0.005703
0 0.288210 0.823669 0.009741 0.005703
0 0.335237 0.829135 0.009741 0.005703
0 0.335237 0.823669 0.009741 0.005703
0 0.335237 0.815589 0.009741 0.005703
0 0.335237 0.810361 0.009741 0.005703
0 0.396708 0.829135 0.009741 0.005703
0 0.396708 0.823669 0.009741 0.005703
0 0.396708 0.815589 0.009741 0.005703
0 0.396708 0.810361 0.009741 0.005703
0 0.491434 0.847909 0.009741 0.005703
0 0.491434 0.842681 0.009741 0.005703
0 0.500504 0.839829 0.009741 0.005703
0 0.551898 0.850760 0.009741 0.005703
0 0.551898 0.842681 0.009741 0.005703
0 0.551898 0.837215 0.009741 0.005703
0 0.602284 0.850760 0.009741 0.005703
0 0.602284 0.842681 0.009741 0.005703
0 0.602284 0.837215 0.009741 0.005703
0 0.703393 0.831749 0.009741 0.005703
0 0.703393 0.823669 0.009741 0.005703
0 0.703393 0.818441 0.009741 0.005703
0 0.753779 0.823669 0.009741 0.005703
0 0.744709 0.818441 0.009741 0.005703
0 0.753779 0.815589 0.009741 0.005703
0 0.753779 0.807510 0.009741 0.005703
0 0.804501 0.823669 0.009741 0.005703
0 0.795432 0.818441 0.009741 0.005703
0 0.804501 0.815589 0.009741 0.005703
0 0.804501 0.807510 0.009741 0.005703
0 0.905274 0.842681 0.009741 0.005703
0 0.905274 0.837215 0.009741 0.005703
0 0.905274 0.831749 0.009741 0.005703
0 0.914343 0.829135 0.009741 0.005703
0 0.622439 0.531131 0.006718 0.004040
0 0.172321 0.087452 0.009741 0.005703
0 0.195163 0.076521 0.010413 0.005703
0 0.237487 0.073907 0.009741 0.005703
0 0.287538 0.073907 0.009741 0.005703
0 0.313739 0.076521 0.009741 0.005703
0 0.339940 0.087452 0.010413 0.005703
0 0.423581 0.068441 0.010413 0.005703
0 0.539469 0.068441 0.009741 0.005703
0 0.566342 0.073907 0.009741 0.005703
0 0.597246 0.087452 0.009741 0.005703
0 0.629829 0.084601 0.009741 0.005703
0 0.669130 0.081987 0.009741 0.005703
0 0.693987 0.092681 0.009741 0.005703
0 0.903594 0.087452 0.009741 0.005703
0 0.146120 0.323907 0.009741 0.005703
0 0.244541 0.323907 0.009741 0.005703
0 0.293584 0.318441 0.009741 0.005703
0 0.342627 0.318441 0.009741 0.005703
0 0.417534 0.326521 0.009741 0.005703
0 0.448438 0.326521 0.009741 0.005703
0 0.608331 0.321055 0.009741 0.005703
0 0.656365 0.321055 0.009741 0.005703
0 0.680551 0.315827 0.009741 0.005703
0 0.714814 0.310361 0.009741 0.005703
0 0.762849 0.310361 0.009741 0.005703
0 0.811219 0.323907 0.009741 0.005703
0 0.907625 0.312975 0.009741 0.005703
0 0.146120 0.528517 0.009741 0.005703
0 0.196171 0.531131 0.009741 0.005703
0 0.295936 0.533983 0.009741 0.005703
0 0.345986 0.536597 0.009741 0.005703
0 0.420894 0.533983 0.009741 0.005703
0 0.454148 0.531131 0.009741 0.005703
0 0.613033 0.523051 0.009741 0.005703
0 0.661068 0.525903 0.009741 0.005703
0 0.733624 0.533983 0.009741 0.005703
0 0.762849 0.531131 0.009741 0.005703
0 0.810883 0.536597 0.009741 0.005703
0 0.146120 0.749525 0.009741 0.005703
0 0.240846 0.744297 0.009741 0.005703
0 0.288210 0.738831 0.009741 0.005703
0 0.335237 0.741445 0.009741 0.005703
0 0.367148 0.744297 0.009741 0.005703
0 0.444071 0.741445 0.009741 0.005703
0 0.602284 0.749525 0.009741 0.005703
0 0.653006 0.744297 0.009741 0.005703
0 0.703393 0.738831 0.009741 0.005703
0 0.753779 0.738831 0.009741 0.005703
0 0.854887 0.754990 0.009741 0.005703
