0 0.126638 0.437025 0.008398 0.004990
0 0.116560 0.900665 0.008398 0.004990
0 0.145113 0.896150 0.008398 0.004990
0 0.163588 0.900665 0.008398 0.004990
0 0.192140 0.896150 0.008398 0.004990
0 0.329190 0.233603 0.008734 0.004990
0 0.329190 0.228850 0.008734 0.004990
0 0.414175 0.231226 0.008734 0.004990
0 0.581794 0.240257 0.008398 0.004990
0 0.581794 0.231226 0.008398 0.004990
0 0.625126 0.240257 0.008398 0.004990
0 0.625126 0.231226 0.008398 0.004990
0 0.668458 0.231226 0.008398 0.004990
0 0.695331 0.228850 0.008398 0.004990
0 0.740679 0.228850 0.008398 0.004990
0 0.791401 0.244772 0.008734 0.004990
0 0.791401 0.235741 0.008734 0.004990
0 0.904938 0.254040 0.008398 0.004990
0 0.904938 0.238118 0.008398 0.004990
0 0.126638 0.421103 0.008398 0.004990
0 0.156869 0.452947 0.008398 0.004990
0 0.156869 0.437025 0.008398 0.004990
0 0.186765 0.452947 0.008398 0.004990
0 0.186765 0.437025 0.008398 0.004990
0 0.272086 0.446055 0.008398 0.004990
0 0.272086 0.430133 0.008398 0.004990
0 0.362781 0.446055 0.008398 0.004990
0 0.362781 0.430133 0.008398 0.004990
0 0.469600 0.434648 0.008398 0.004990
0 0.527041 0.437025 0.008398 0.004990
0 0.552906 0.439163 0.008398 0.004990
0 0.646288 0.455086 0.008398 0.004990
0 0.646288 0.439163 0.008398 0.004990
0 0.702385 0.452947 0.008398 0.004990
0 0.702385 0.437025 0.008398 0.004990
0 0.724555 0.450570 0.008398 0.004990
0 0.724555 0.434648 0.008398 0.004990
0 0.762177 0.450570 0.008398 0.004990
0 0.762177 0.434648 0.008398 0.004990
0 0.815250 0.448432 0.008734 0.004990
0 0.815250 0.432510 0.008734 0.004990
0 0.885119 0.450570 0.008398 0.004990
0 0.885119 0.434648 0.008398 0.004990
0 0.920390 0.452947 0.008398 0.004990
0 0.920390 0.437025 0.008398 0.004990
0 0.937857 0.455086 0.008398 0.004990
0 0.937857 0.439163 0.008398 0.004990
0 0.119248 0.629278 0.008734 0.004990
0 0.119248 0.613356 0.008734 0.004990
0 0.217333 0.617871 0.008734 0.004990
0 0.217333 0.601949 0.008734 0.004990
0 0.330870 0.620247 0.008398 0.004990
0 0.330870 0.604325 0.008398 0.004990
0 0.550890 0.597433 0.008398 0.004990
0 0.575747 0.604325 0.008398 0.004990
0 0.660060 0.597433 0.008398 0.004990
0 0.684918 0.604325 0.008398 0.004990
0 0.777628 0.595057 0.008398 0.004990
0 0.802150 0.604325 0.008398 0.004990
0 0.882432 0.590542 0.008398 0.004990
0 0.906617 0.604325 0.008398 0.004990
0 0.118912 0.779943 0.008398 0.004990
0 0.144777 0.777567 0.008398 0.004990
0 0.170642 0.779943 0.008398 0.004990
0 0.196507 0.777567 0.008398 0.004990
0 0.222372 0.782319 0.008398 0.004990
0 0.248236 0.777567 0.008398 0.004990
0 0.274101 0.779943 0.008398 0.004990
0 0.299966 0.775428 0.008398 0.004990
0 0.342627 0.777567 0.008398 0.004990
0 0.365805 0.770913 0.008398 0.004990
0 0.388982 0.777567 0.008398 0.004990
0 0.412160 0.773051 0.008398 0.004990
0 0.435673 0.775428 0.008398 0.004990
0 0.458851 0.770913 0.008398 0.004990
0 0.482029 0.775428 0.008398 0.004990
0 0.505207 0.770913 0.008398 0.004990
0 0.553242 0.779943 0.008398 0.004990
0 0.579778 0.775428 0.008398 0.004990
0 0.606315 0.779943 0.008398 0.004990
0 0.633188 0.777567 0.008398 0.004990
0 0.659725 0.782319 0.008398 0.004990
0 0.686261 0.777567 0.008398 0.004990
0 0.713134 0.795865 0.008398 0.004990
0 0.739671 0.779943 0.008398 0.004990
0 0.781995 0.793489 0.008398 0.004990
0 0.803829 0.777567 0.008398 0.004990
0 0.825328 0.793489 0.008398 0.004990
0 0.847162 0.777567 0.008398 0.004990
0 0.868660 0.786835 0.008398 0.004990
0 0.890494 0.782319 0.008398 0.004990
0 0.890494 0.777567 0.008398 0.004990
0 0.911992 0.786835 0.008398 0.004990
0 0.911992 0.777567 0.008398 0.004990
0 0.933490 0.782319 0.008398 0.004990
0 0.933490 0.777567 0.008398 0.004990
0 0.116560 0.893774 0.008398 0.004990
0 0.137387 0.893774 0.008398 0.004990
0 0.163588 0.893774 0.008398 0.004990
0 0.184414 0.893774 0.008398 0.004990
0 0.209607 0.898289 0.008398 0.004990
0 0.209607 0.887120 0.008398 0.004990
0 0.230433 0.893774 0.008398 0.004990
0 0.230433 0.887120 0.008398 0.004990
0 0.251260 0.898289 0.008398 0.004990
0 0.251260 0.887120 0.008398 0.004990
0 0.272422 0.893774 0.008398 0.004990
0 0.272422 0.887120 0.008398 0.004990
0 0.300638 0.896150 0.008398 0.004990
0 0.300638 0.887120 0.008398 0.004990
0 0.319785 0.891635 0.008398 0.004990
0 0.319785 0.887120 0.008398 0.004990
0 0.343635 0.896150 0.008398 0.004990
0 0.343635 0.887120 0.008398 0.004990
0 0.362781 0.887120 0.008398 0.004990
0 0.362781 0.880228 0.008398 0.004990
0 0.381928 0.893774 0.008398 0.004990
0 0.381928 0.882367 0.008398 0.004990
0 0.401075 0.887120 0.008398 0.004990
0 0.401075 0.882367 0.008398 0.004990
0 0.420222 0.893774 0.008398 0.004990
0 0.420222 0.882367 0.008398 0.004990
0 0.439368 0.887120 0.008398 0.004990
0 0.439368 0.882367 0.008398 0.004990
0 0.465905 0.893774 0.008398 0.004990
0 0.465905 0.880228 0.008398 0.004990
0 0.493114 0.889259 0.008398 0.004990
0 0.493114 0.880228 0.008398 0.004990
0 0.520658 0.893774 0.008398 0.004990
0 0.520658 0.880228 0.008398 0.004990
0 0.548203 0.889259 0.008398 0.004990
0 0.548203 0.880228 0.008398 0.004990
0 0.576755 0.893774 0.008398 0.004990
0 0.576755 0.882367 0.008398 0.004990
0 0.598589 0.887120 0.008398 0.004990
0 0.598589 0.882367 0.008398 0.004990
0 0.620759 0.893774 0.008398 0.004990
0 0.620759 0.882367 0.008398 0.004990
0 0.642593 0.887120 0.008398 0.004990
0 0.642593 0.882367 0.008398 0.004990
0 0.678535 0.893774 0.008398 0.004990
0 0.678535 0.880228 0.008398 0.004990
0 0.708767 0.889259 0.008398 0.004990
0 0.708767 0.880228 0.008398 0.004990
0 0.738999 0.893774 0.008398 0.004990
0 0.738999 0.880228 0.008398 0.004990
0 0.769567 0.889259 0.008398 0.004990
0 0.769567 0.880228 0.008398 0.004990
0 0.858582 0.903042 0.008398 0.004990
0 0.858582 0.889259 0.008398 0.004990
0 0.902251 0.903042 0.008734 0.004990
0 0.902251 0.887120 0.008734 0.004990
0 0.858582 0.864306 0.008398 0.004990
0 0.858582 0.859791 0.008398 0.004990
0 0.208935 0.203897 0.008398 0.004990
0 0.244206 0.201759 0.008398 0.004990
0 0.279476 0.199382 0.008398 0.004990
0 0.329190 0.201759 0.008398 0.004990
0 0.329190 0.197243 0.008398 0.004990
0 0.385287 0.203897 0.008398 0.004990
0 0.385287 0.199382 0.008398 0.004990
0 0.414175 0.203897 0.008398 0.004990
0 0.414175 0.199382 0.008398 0.004990
0 0.442728 0.206274 0.008398 0.004990
0 0.442728 0.201759 0.008398 0.004990
0 0.471616 0.208413 0.008398 0.004990
0 0.471616 0.203897 0.008398 0.004990
0 0.500504 0.206274 0.008398 0.004990
0 0.500504 0.201759 0.008398 0.004990
0 0.538797 0.206274 0.008398 0.004990
0 0.538797 0.201759 0.008398 0.004990
0 0.581794 0.203897 0.008398 0.004990
0 0.581794 0.199382 0.008398 0.004990
0 0.668458 0.201759 0.008398 0.004990
0 0.668458 0.197243 0.008398 0.004990
0 0.695331 0.203897 0.008398 0.004990
0 0.695331 0.199382 0.008398 0.004990
0 0.740679 0.203897 0.008398 0.004990
0 0.740679 0.199382 0.008398 0.004990
0 0.822640 0.206274 0.008398 0.004990
0 0.822640 0.201759 0.008398 0.004990
0 0.854216 0.208413 0.008398 0.004990
0 0.854216 0.203897 0.008398 0.004990
0 0.904938 0.212928 0.008398 0.004990
0 0.904938 0.206274 0.008398 0.004990
0 0.904938 0.201759 0.008398 0.004990
0 0.126638 0.382605 0.008398 0.004990
0 0.126638 0.378089 0.008398 0.004990
0 0.156869 0.384981 0.008398 0.004990
0 0.156869 0.380466 0.008398 0.004990
0 0.216997 0.380466 0.008398 0.004990
0 0.272086 0.375951 0.008398 0.004990
0 0.294928 0.389496 0.008398 0.004990
0 0.294928 0.378089 0.008398 0.004990
0 0.317434 0.384981 0.008398 0.004990
0 0.317434 0.378089 0.008398 0.004990
0 0.339940 0.389496 0.008398 0.004990
0 0.339940 0.378089 0.008398 0.004990
0 0.385287 0.389496 0.008398 0.004990
0 0.385287 0.378089 0.008398 0.004990
0 0.407793 0.384981 0.008398 0.004990
0 0.407793 0.378089 0.008398 0.004990
0 0.430635 0.389496 0.008398 0.004990
0 0.430635 0.378089 0.008398 0.004990
0 0.469600 0.375951 0.008398 0.004990
0 0.488747 0.382605 0.008398 0.004990
0 0.507558 0.375951 0.008398 0.004990
0 0.527041 0.378089 0.008398 0.004990
0 0.527041 0.373574 0.008398 0.004990
0 0.552906 0.375951 0.008398 0.004990
0 0.552906 0.371435 0.008398 0.004990
0 0.572052 0.382605 0.008398 0.004990
0 0.591199 0.375951 0.008398 0.004990
0 0.591199 0.371435 0.008398 0.004990
0 0.610010 0.373574 0.008398 0.004990
0 0.610010 0.369059 0.008398 0.004990
0 0.646288 0.371435 0.008398 0.004990
0 0.646288 0.366683 0.008398 0.004990
0 0.664763 0.382605 0.008398 0.004990
0 0.683574 0.371435 0.008398 0.004990
0 0.683574 0.366683 0.008398 0.004990
0 0.702385 0.373574 0.008398 0.004990
0 0.702385 0.369059 0.008398 0.004990
0 0.724555 0.375951 0.008398 0.004990
0 0.724555 0.371435 0.008398 0.004990
0 0.743366 0.382605 0.008398 0.004990
0 0.762177 0.378089 0.008398 0.004990
0 0.762177 0.373574 0.008398 0.004990
0 0.780652 0.382605 0.008398 0.004990
0 0.815250 0.378089 0.008398 0.004990
0 0.815250 0.373574 0.008398 0.004990
0 0.832718 0.384981 0.008398 0.004990
0 0.850185 0.380466 0.008398 0.004990
0 0.850185 0.375951 0.008398 0.004990
0 0.867652 0.384981 0.008398 0.004990
0 0.885119 0.380466 0.008398 0.004990
0 0.885119 0.375951 0.008398 0.004990
0 0.902922 0.384981 0.008398 0.004990
0 0.920390 0.378089 0.008398 0.004990
0 0.920390 0.373574 0.008398 0.004990
0 0.937857 0.375951 0.008398 0.004990
0 0.937857 0.371435 0.008398 0.004990
0 0.119248 0.556559 0.008398 0.004990
0 0.119248 0.552044 0.008398 0.004990
0 0.143769 0.567966 0.008398 0.004990
0 0.168290 0.556559 0.008398 0.004990
0 0.168290 0.552044 0.008398 0.004990
0 0.192812 0.567966 0.008398 0.004990
0 0.241518 0.570105 0.008398 0.004990
0 0.266040 0.561074 0.008398 0.004990
0 0.266040 0.554183 0.008398 0.004990
0 0.290561 0.570105 0.008398 0.004990
0 0.352032 0.552044 0.008398 0.004990
0 0.373194 0.558698 0.008398 0.004990
0 0.394693 0.563213 0.008398 0.004990
0 0.415855 0.567966 0.008398 0.004990
0 0.437017 0.558698 0.008398 0.004990
0 0.458179 0.563213 0.008398 0.004990
0 0.479678 0.567966 0.008398 0.004990
0 0.525697 0.567966 0.008398 0.004990
0 0.533423 0.565589 0.008398 0.004990
0 0.600605 0.567966 0.008398 0.004990
0 0.608331 0.565589 0.008398 0.004990
0 0.635203 0.567966 0.008398 0.004990
0 0.642593 0.565589 0.008398 0.004990
0 0.709775 0.567966 0.008398 0.004990
0 0.717501 0.565589 0.008398 0.004990
0 0.753443 0.567966 0.008398 0.004990
0 0.753443 0.563213 0.008398 0.004990
0 0.826335 0.567966 0.008398 0.004990
0 0.826335 0.563213 0.008398 0.004990
0 0.857911 0.567966 0.008398 0.004990
0 0.857911 0.563213 0.008398 0.004990
0 0.857911 0.558698 0.008398 0.004990
0 0.931139 0.567966 0.008398 0.004990
0 0.931139 0.563213 0.008398 0.004990
0 0.931139 0.558698 0.008398 0.004990
0 0.118912 0.741207 0.008398 0.004990
0 0.118912 0.736692 0.008398 0.004990
0 0.118912 0.732177 0.008398 0.004990
0 0.144777 0.741207 0.008398 0.004990
0 0.144777 0.736692 0.008398 0.004990
0 0.144777 0.732177 0.008398 0.004990
0 0.170642 0.741207 0.008398 0.004990
0 0.170642 0.736692 0.008398 0.004990
0 0.170642 0.732177 0.008398 0.004990
0 0.196507 0.741207 0.008398 0.004990
0 0.196507 0.736692 0.008398 0.004990
0 0.196507 0.732177 0.008398 0.004990
0 0.222372 0.741207 0.008398 0.004990
0 0.222372 0.734553 0.008398 0.004990
0 0.248236 0.741207 0.008398 0.004990
0 0.248236 0.734553 0.008398 0.004990
0 0.274101 0.739068 0.008398 0.004990
0 0.274101 0.734553 0.008398 0.004990
0 0.281827 0.732177 0.008398 0.004990
0 0.299966 0.739068 0.008398 0.004990
0 0.299966 0.734553 0.008398 0.004990
0 0.307692 0.732177 0.008398 0.004990
0 0.342627 0.741207 0.008398 0.004990
0 0.342627 0.734553 0.008398 0.004990
0 0.342627 0.730038 0.008398 0.004990
0 0.365805 0.741207 0.008398 0.004990
0 0.365805 0.734553 0.008398 0.004990
0 0.365805 0.730038 0.008398 0.004990
0 0.388982 0.741207 0.008398 0.004990
0 0.388982 0.732177 0.008398 0.004990
0 0.388982 0.727662 0.008398 0.004990
0 0.412160 0.741207 0.008398 0.004990
0 0.412160 0.732177 0.008398 0.004990
0 0.412160 0.727662 0.008398 0.004990
0 0.435673 0.739068 0.008398 0.004990
0 0.435673 0.734553 0.008398 0.004990
0 0.435673 0.730038 0.008398 0.004990
0 0.458851 0.739068 0.008398 0.004990
0 0.458851 0.734553 0.008398 0.004990
0 0.458851 0.730038 0.008398 0.004990
0 0.482029 0.739068 0.008398 0.004990
0 0.482029 0.734553 0.008398 0.004990
0 0.482029 0.730038 0.008398 0.004990
0 0.505207 0.739068 0.008398 0.004990
0 0.505207 0.734553 0.008398 0.004990
0 0.505207 0.730038 0.008398 0.004990
0 0.553242 0.739068 0.008398 0.004990
0 0.553242 0.734553 0.008398 0.004990
0 0.560632 0.732177 0.008398 0.004990
0 0.579778 0.739068 0.008398 0.004990
0 0.579778 0.734553 0.008398 0.004990
0 0.587504 0.732177 0.008398 0.004990
0 0.606315 0.741207 0.008398 0.004990
0 0.606315 0.736692 0.008398 0.004990
0 0.606315 0.732177 0.008398 0.004990
0 0.633188 0.741207 0.008398 0.004990
0 0.633188 0.736692 0.008398 0.004990
0 0.633188 0.732177 0.008398 0.004990
0 0.659725 0.741207 0.008398 0.004990
0 0.659725 0.734553 0.008398 0.004990
0 0.686261 0.741207 0.008398 0.004990
0 0.686261 0.734553 0.008398 0.004990
0 0.713134 0.739068 0.008398 0.004990
0 0.713134 0.734553 0.008398 0.004990
0 0.720524 0.732177 0.008398 0.004990
0 0.739671 0.739068 0.008398 0.004990
0 0.739671 0.734553 0.008398 0.004990
0 0.747397 0.732177 0.008398 0.004990
0 0.781995 0.741207 0.008398 0.004990
0 0.781995 0.734553 0.008398 0.004990
0 0.781995 0.730038 0.008398 0.004990
0 0.803829 0.741207 0.008398 0.004990
0 0.803829 0.734553 0.008398 0.004990
0 0.803829 0.730038 0.008398 0.004990
0 0.825328 0.743584 0.008398 0.004990
0 0.825328 0.736692 0.008398 0.004990
0 0.825328 0.732177 0.008398 0.004990
0 0.847162 0.743584 0.008398 0.004990
0 0.847162 0.736692 0.008398 0.004990
0 0.847162 0.732177 0.008398 0.004990
0 0.868660 0.745960 0.008398 0.004990
0 0.868660 0.734553 0.008398 0.004990
0 0.933490 0.725285 0.008398 0.004990
0 0.116560 0.841492 0.008398 0.004990
0 0.150487 0.839354 0.008398 0.004990
0 0.163588 0.841492 0.008398 0.004990
0 0.184414 0.852899 0.008398 0.004990
0 0.209607 0.850760 0.008398 0.004990
0 0.272422 0.834838 0.008398 0.004990
0 0.300638 0.834838 0.008398 0.004990
0 0.331542 0.832462 0.008398 0.004990
0 0.343635 0.834838 0.008398 0.004990
0 0.362781 0.839354 0.008398 0.004990
0 0.381928 0.841492 0.008398 0.004990
0 0.439368 0.841492 0.008398 0.004990
0 0.465905 0.841492 0.008398 0.004990
0 0.479678 0.843869 0.008398 0.004990
0 0.493114 0.846008 0.008398 0.004990
0 0.506886 0.848384 0.008398 0.004990
0 0.520658 0.850760 0.008398 0.004990
0 0.534431 0.852899 0.008398 0.004990
0 0.548203 0.855276 0.008398 0.004990
0 0.561639 0.857414 0.008398 0.004990
0 0.576755 0.857414 0.008398 0.004990
0 0.642593 0.839354 0.008398 0.004990
0 0.656365 0.841492 0.008398 0.004990
0 0.678535 0.841492 0.008398 0.004990
0 0.693651 0.843869 0.008398 0.004990
0 0.708767 0.846008 0.008398 0.004990
0 0.723883 0.848384 0.008398 0.004990
0 0.738999 0.850760 0.008398 0.004990
0 0.754451 0.852899 0.008398 0.004990
0 0.769567 0.855276 0.008398 0.004990
0 0.784683 0.857414 0.008398 0.004990
0 0.825663 0.857414 0.008734 0.004990
0 0.802150 0.859791 0.005710 0.003327
0 0.809204 0.857414 0.005710 0.003327
0 0.816258 0.855276 0.005710 0.003327
0 0.902251 0.861930 0.008734 0.004990
0 0.902251 0.857414 0.008734 0.004990
0 0.208935 0.150428 0.008398 0.004990
0 0.244206 0.148051 0.008398 0.004990
0 0.279476 0.145913 0.008398 0.004990
0 0.329190 0.143536 0.008398 0.004990
0 0.385287 0.145913 0.008398 0.004990
0 0.414175 0.145913 0.008398 0.004990
0 0.442728 0.148051 0.008398 0.004990
0 0.471616 0.150428 0.008398 0.004990
0 0.500504 0.148051 0.008398 0.004990
0 0.538797 0.148051 0.008398 0.004990
0 0.581794 0.145913 0.008398 0.004990
0 0.668458 0.143536 0.008398 0.004990
0 0.695331 0.145913 0.008398 0.004990
0 0.740679 0.145913 0.008398 0.004990
0 0.822640 0.148051 0.008398 0.004990
0 0.854216 0.150428 0.008398 0.004990
0 0.904938 0.148051 0.008398 0.004990
0 0.126638 0.320105 0.008398 0.004990
0 0.156869 0.322481 0.008398 0.004990
0 0.216997 0.322481 0.008398 0.004990
0 0.272086 0.320105 0.008398 0.004990
0 0.249916 0.317966 0.005710 0.003327
0 0.317434 0.320105 0.008398 0.004990
0 0.407793 0.320105 0.008398 0.004990
0 0.430635 0.320105 0.008398 0.004990
0 0.469600 0.317966 0.008398 0.004990
0 0.527041 0.315589 0.008398 0.004990
0 0.552906 0.313213 0.008398 0.004990
0 0.591199 0.313213 0.008398 0.004990
0 0.610010 0.311074 0.008398 0.004990
0 0.646288 0.308698 0.008398 0.004990
0 0.702385 0.311074 0.008398 0.004990
0 0.724555 0.313213 0.008398 0.004990
0 0.762177 0.315589 0.008398 0.004990
0 0.815250 0.315589 0.008398 0.004990
0 0.850185 0.317966 0.008398 0.004990
0 0.920390 0.315589 0.008398 0.004990
0 0.937857 0.313213 0.008398 0.004990
0 0.119248 0.496198 0.008398 0.004990
0 0.192812 0.496198 0.008398 0.004990
0 0.216997 0.489544 0.008398 0.004990
0 0.290561 0.498574 0.008398 0.004990
0 0.330870 0.494059 0.008398 0.004990
0 0.373194 0.496198 0.008398 0.004990
0 0.458179 0.512120 0.008398 0.004990
0 0.525697 0.509981 0.008398 0.004990
0 0.600605 0.509981 0.008398 0.004990
0 0.635203 0.509981 0.008398 0.004990
0 0.709775 0.509981 0.008398 0.004990
0 0.753443 0.507605 0.008398 0.004990
0 0.826335 0.507605 0.008398 0.004990
0 0.857911 0.503089 0.008398 0.004990
0 0.931139 0.503089 0.008398 0.004990
0 0.118912 0.670390 0.008398 0.004990
0 0.196507 0.679420 0.008398 0.004990
0 0.222372 0.677281 0.008398 0.004990
0 0.299966 0.674905 0.008398 0.004990
0 0.342627 0.672766 0.008398 0.004990
0 0.388982 0.668013 0.008398 0.004990
0 0.435673 0.672766 0.008398 0.004990
0 0.422237 0.670390 0.005710 0.003327
0 0.505207 0.672766 0.008398 0.004990
0 0.519651 0.665875 0.008398 0.004990
0 0.553242 0.665875 0.008398 0.004990
0 0.633188 0.679420 0.008398 0.004990
0 0.659725 0.677281 0.008398 0.004990
0 0.739671 0.674905 0.008398 0.004990
0 0.781995 0.672766 0.008398 0.004990
0 0.825328 0.668013 0.008398 0.004990
0 0.868660 0.677281 0.008398 0.004990
