0 0.137723 0.213165 0.009405 0.005466
0 0.415855 0.213165 0.009405 0.005466
0 0.686597 0.213165 0.009405 0.005466
0 0.225731 0.197481 0.009405 0.005466
0 0.269735 0.200095 0.009405 0.005466
0 0.357743 0.205323 0.009405 0.005466
0 0.407121 0.210551 0.009405 0.005466
0 0.407121 0.205323 0.009405 0.005466
0 0.496137 0.207937 0.009405 0.005466
0 0.496137 0.202709 0.009405 0.005466
0 0.540813 0.205323 0.009405 0.005466
0 0.540813 0.200095 0.009405 0.005466
0 0.629829 0.205323 0.009405 0.005466
0 0.629829 0.200095 0.009405 0.005466
0 0.686597 0.197481 0.009405 0.005466
0 0.780988 0.197481 0.009405 0.005466
0 0.824656 0.213165 0.009405 0.005466
0 0.824656 0.194867 0.009405 0.005466
0 0.846490 0.213165 0.009405 0.005466
0 0.868324 0.215779 0.009405 0.005466
0 0.890158 0.213165 0.009405 0.005466
0 0.911992 0.210551 0.009405 0.005466
0 0.933826 0.207937 0.009405 0.005466
0 0.137723 0.428945 0.009405 0.005466
0 0.160564 0.431559 0.009405 0.005466
0 0.183742 0.428945 0.009405 0.005466
0 0.206584 0.436787 0.009405 0.005466
0 0.229762 0.426331 0.009405 0.005466
0 0.252603 0.436787 0.009405 0.005466
0 0.275781 0.423479 0.009405 0.005466
0 0.298623 0.426331 0.009405 0.005466
0 0.321800 0.423479 0.009405 0.005466
0 0.344978 0.428945 0.009405 0.005466
0 0.367820 0.434173 0.009405 0.005466
0 0.392677 0.420865 0.009405 0.005466
0 0.438025 0.449857 0.009405 0.005466
0 0.462210 0.444629 0.009405 0.005466
0 0.486396 0.439401 0.009405 0.005466
0 0.510581 0.444629 0.009405 0.005466
0 0.534767 0.439401 0.009405 0.005466
0 0.549882 0.444629 0.009405 0.005466
0 0.564998 0.439401 0.009405 0.005466
0 0.580114 0.444629 0.009405 0.005466
0 0.595230 0.449857 0.009405 0.005466
0 0.619416 0.444629 0.009405 0.005466
0 0.643601 0.439401 0.009405 0.005466
0 0.667786 0.444629 0.009405 0.005466
0 0.691972 0.439401 0.009405 0.005466
0 0.707088 0.444629 0.009405 0.005466
0 0.722204 0.439401 0.009405 0.005466
0 0.737319 0.444629 0.009405 0.005466
0 0.783675 0.418251 0.009405 0.005466
0 0.814578 0.436787 0.009405 0.005466
0 0.814578 0.431559 0.009405 0.005466
0 0.814578 0.426331 0.009405 0.005466
0 0.814578 0.418251 0.009405 0.005466
0 0.158885 0.649002 0.009405 0.005466
0 0.180047 0.659458 0.009405 0.005466
0 0.201209 0.649002 0.009405 0.005466
0 0.243534 0.651616 0.009405 0.005466
0 0.285858 0.649002 0.009405 0.005466
0 0.307020 0.659458 0.009405 0.005466
0 0.328183 0.649002 0.009405 0.005466
0 0.370507 0.651616 0.009405 0.005466
0 0.428619 0.654230 0.009405 0.005466
0 0.453141 0.659458 0.009405 0.005466
0 0.477998 0.654230 0.009405 0.005466
0 0.502519 0.654230 0.009405 0.005466
0 0.527041 0.672766 0.009405 0.005466
0 0.551562 0.656844 0.009405 0.005466
0 0.576083 0.675380 0.009405 0.005466
0 0.600941 0.662310 0.009405 0.005466
0 0.625462 0.680608 0.009405 0.005466
0 0.647632 0.662310 0.009405 0.005466
0 0.656365 0.659458 0.009405 0.005466
0 0.656365 0.654230 0.009405 0.005466
0 0.656365 0.649002 0.009405 0.005466
0 0.709775 0.664924 0.009405 0.005466
0 0.732617 0.659458 0.009405 0.005466
0 0.755794 0.651616 0.009405 0.005466
0 0.778636 0.646388 0.009405 0.005466
0 0.801478 0.662310 0.009405 0.005466
0 0.801478 0.643774 0.009405 0.005466
0 0.847497 0.659458 0.009405 0.005466
0 0.847497 0.646388 0.009405 0.005466
0 0.910648 0.659458 0.009405 0.005466
0 0.910648 0.649002 0.009405 0.005466
0 0.159221 0.893061 0.009405 0.005466
0 0.180719 0.890209 0.009405 0.005466
0 0.202217 0.887595 0.009405 0.005466
0 0.224051 0.884981 0.009405 0.005466
0 0.245549 0.882367 0.009405 0.005466
0 0.267047 0.879753 0.009405 0.005466
0 0.288546 0.877139 0.009405 0.005466
0 0.310044 0.874525 0.009405 0.005466
0 0.331878 0.871911 0.009405 0.005466
0 0.353376 0.869297 0.009405 0.005466
0 0.411152 0.871911 0.009405 0.005466
0 0.500504 0.874525 0.009405 0.005466
0 0.545180 0.866683 0.009405 0.005466
0 0.634531 0.869297 0.009405 0.005466
0 0.694659 0.871911 0.009405 0.005466
0 0.694659 0.866683 0.009405 0.005466
0 0.801142 0.874525 0.009405 0.005466
0 0.801142 0.869297 0.009405 0.005466
0 0.854552 0.877139 0.009405 0.005466
0 0.854552 0.871911 0.009405 0.005466
0 0.904266 0.884981 0.009405 0.005466
0 0.913000 0.882367 0.009405 0.005466
0 0.913000 0.877139 0.009405 0.005466
0 0.913000 0.871911 0.009405 0.005466
0 0.686597 0.155656 0.009405 0.005466
0 0.801478 0.614781 0.009405 0.005466
0 0.159557 0.158270 0.009405 0.005466
0 0.181727 0.160884 0.009405 0.005466
0 0.203561 0.158270 0.009405 0.005466
0 0.225731 0.155656 0.009405 0.005466
0 0.247565 0.153042 0.009405 0.005466
0 0.269735 0.150428 0.009405 0.005466
0 0.291569 0.147814 0.009405 0.005466
0 0.313739 0.144962 0.009405 0.005466
0 0.335573 0.142348 0.009405 0.005466
0 0.357743 0.139734 0.009405 0.005466
0 0.429291 0.142348 0.009405 0.005466
0 0.451461 0.137120 0.009405 0.005466
0 0.473967 0.147814 0.009405 0.005466
0 0.518307 0.142348 0.009405 0.005466
0 0.562983 0.144962 0.009405 0.005466
0 0.585153 0.139734 0.009405 0.005466
0 0.607323 0.150428 0.009405 0.005466
0 0.651999 0.144962 0.009405 0.005466
0 0.708431 0.147814 0.009405 0.005466
0 0.730265 0.142348 0.009405 0.005466
0 0.752099 0.147814 0.009405 0.005466
0 0.780988 0.155656 0.009405 0.005466
0 0.780988 0.144962 0.009405 0.005466
0 0.802822 0.150428 0.009405 0.005466
0 0.824656 0.153042 0.009405 0.005466
0 0.846490 0.158270 0.009405 0.005466
0 0.868324 0.160884 0.009405 0.005466
0 0.890158 0.158270 0.009405 0.005466
0 0.911992 0.155656 0.009405 0.005466
0 0.933826 0.153042 0.009405 0.005466
0 0.137723 0.385456 0.009405 0.005466
0 0.160564 0.388070 0.009405 0.005466
0 0.183742 0.385456 0.009405 0.005466
0 0.206584 0.393298 0.009405 0.005466
0 0.229762 0.382842 0.009405 0.005466
0 0.252603 0.393298 0.009405 0.005466
0 0.275781 0.380228 0.009405 0.005466
0 0.298623 0.382842 0.009405 0.005466
0 0.321800 0.380228 0.009405 0.005466
0 0.344978 0.385456 0.009405 0.005466
0 0.367820 0.390684 0.009405 0.005466
0 0.392677 0.377376 0.009405 0.005466
0 0.438025 0.374762 0.009405 0.005466
0 0.462210 0.369534 0.009405 0.005466
0 0.486396 0.364306 0.009405 0.005466
0 0.510581 0.369534 0.009405 0.005466
0 0.534767 0.364306 0.009405 0.005466
0 0.549882 0.369534 0.009405 0.005466
0 0.564998 0.364306 0.009405 0.005466
0 0.580114 0.369534 0.009405 0.005466
0 0.595230 0.374762 0.009405 0.005466
0 0.619416 0.369534 0.009405 0.005466
0 0.643601 0.364306 0.009405 0.005466
0 0.667786 0.369534 0.009405 0.005466
0 0.691972 0.364306 0.009405 0.005466
0 0.707088 0.369534 0.009405 0.005466
0 0.722204 0.364306 0.009405 0.005466
0 0.737319 0.369534 0.009405 0.005466
0 0.783675 0.374762 0.009405 0.005466
0 0.814578 0.374762 0.009405 0.005466
0 0.814578 0.369534 0.009405 0.005466
0 0.814578 0.364306 0.009405 0.005466
0 0.814578 0.356464 0.009405 0.005466
0 0.925092 0.398527 0.009405 0.005466
0 0.925092 0.393298 0.009405 0.005466
0 0.137723 0.620010 0.009405 0.005466
0 0.146456 0.617395 0.009405 0.005466
0 0.222372 0.622624 0.009405 0.005466
0 0.222372 0.617395 0.009405 0.005466
0 0.264696 0.620010 0.009405 0.005466
0 0.273430 0.617395 0.009405 0.005466
0 0.349345 0.622624 0.009405 0.005466
0 0.349345 0.617395 0.009405 0.005466
0 0.404098 0.625238 0.009405 0.005466
0 0.404098 0.620010 0.009405 0.005466
0 0.412832 0.617395 0.009405 0.005466
0 0.502519 0.627852 0.009405 0.005466
0 0.502519 0.622624 0.009405 0.005466
0 0.502519 0.617395 0.009405 0.005466
0 0.551562 0.627852 0.009405 0.005466
0 0.551562 0.620010 0.009405 0.005466
0 0.551562 0.614781 0.009405 0.005466
0 0.656365 0.617395 0.009405 0.005466
0 0.656365 0.612167 0.009405 0.005466
0 0.656365 0.606939 0.009405 0.005466
0 0.709775 0.617395 0.009405 0.005466
0 0.709775 0.609553 0.009405 0.005466
0 0.709775 0.599097 0.009405 0.005466
0 0.801478 0.601711 0.009405 0.005466
0 0.824656 0.606939 0.009405 0.005466
0 0.847497 0.617395 0.009405 0.005466
0 0.847497 0.609553 0.009405 0.005466
0 0.910648 0.620010 0.009405 0.005466
0 0.910648 0.612167 0.009405 0.005466
0 0.159221 0.841255 0.009405 0.005466
0 0.180719 0.838641 0.009405 0.005466
0 0.202217 0.836027 0.009405 0.005466
0 0.224051 0.833413 0.009405 0.005466
0 0.245549 0.830798 0.009405 0.005466
0 0.267047 0.827947 0.009405 0.005466
0 0.288546 0.825333 0.009405 0.005466
0 0.310044 0.822719 0.009405 0.005466
0 0.331878 0.820105 0.009405 0.005466
0 0.353376 0.817490 0.009405 0.005466
0 0.374874 0.836027 0.009405 0.005466
0 0.433322 0.836027 0.009405 0.005466
0 0.455828 0.830798 0.009405 0.005466
0 0.455828 0.820105 0.009405 0.005466
0 0.477998 0.836027 0.009405 0.005466
0 0.522674 0.836027 0.009405 0.005466
0 0.522674 0.822719 0.009405 0.005466
0 0.567350 0.836027 0.009405 0.005466
0 0.589856 0.830798 0.009405 0.005466
0 0.589856 0.825333 0.009405 0.005466
0 0.612026 0.836027 0.009405 0.005466
0 0.656701 0.836027 0.009405 0.005466
0 0.656701 0.827947 0.009405 0.005466
0 0.721196 0.836027 0.009405 0.005466
0 0.747733 0.830798 0.009405 0.005466
0 0.747733 0.825333 0.009405 0.005466
0 0.774605 0.836027 0.009405 0.005466
0 0.801142 0.827947 0.009405 0.005466
0 0.801142 0.822719 0.009405 0.005466
0 0.827679 0.836027 0.009405 0.005466
0 0.854552 0.836027 0.009405 0.005466
0 0.854552 0.825333 0.009405 0.005466
0 0.854552 0.820105 0.009405 0.005466
0 0.913000 0.836027 0.009405 0.005466
0 0.913000 0.830798 0.009405 0.005466
0 0.913000 0.825333 0.009405 0.005466
0 0.357743 0.072956 0.009405 0.005466
0 0.407121 0.075570 0.009405 0.005466
0 0.496137 0.075570 0.009405 0.005466
0 0.540813 0.078184 0.009405 0.005466
0 0.629829 0.078184 0.009405 0.005466
0 0.686597 0.080798 0.009405 0.005466
0 0.780988 0.083413 0.009405 0.005466
0 0.824656 0.086027 0.009405 0.005466
0 0.911992 0.091255 0.009405 0.005466
0 0.137723 0.313688 0.009405 0.005466
0 0.229762 0.311074 0.009405 0.005466
0 0.275781 0.308222 0.009405 0.005466
0 0.367820 0.305608 0.009405 0.005466
0 0.438025 0.302994 0.009405 0.005466
0 0.925092 0.313688 0.009405 0.005466
0 0.137723 0.539686 0.009405 0.005466
0 0.222372 0.537072 0.009405 0.005466
0 0.264696 0.539686 0.009405 0.005466
0 0.349345 0.537072 0.009405 0.005466
0 0.404098 0.534458 0.009405 0.005466
0 0.502519 0.531844 0.009405 0.005466
0 0.551562 0.529230 0.009405 0.005466
0 0.656365 0.534458 0.009405 0.005466
0 0.709775 0.526616 0.009405 0.005466
0 0.801478 0.529230 0.009405 0.005466
0 0.824656 0.534458 0.009405 0.005466
0 0.847497 0.537072 0.009405 0.005466
0 0.910648 0.534458 0.009405 0.005466
0 0.938529 0.531844 0.009405 0.005466
0 0.137723 0.759981 0.009405 0.005466
0 0.353376 0.749525 0.009405 0.005466
0 0.411152 0.752139 0.009405 0.005466
0 0.500504 0.754753 0.009405 0.005466
0 0.545180 0.757367 0.009405 0.005466
0 0.634531 0.759981 0.009405 0.005466
0 0.694659 0.762595 0.009405 0.005466
0 0.801142 0.759981 0.009405 0.005466
0 0.854552 0.752139 0.009405 0.005466
0 0.913000 0.757367 0.009405 0.005466
