0 0.225731 0.293251 0.007726 0.004278
0 0.295936 0.278517 0.007726 0.004278
0 0.365805 0.284696 0.007726 0.004278
0 0.435673 0.293251 0.007726 0.004278
0 0.505878 0.278517 0.007726 0.004278
0 0.575747 0.284696 0.007726 0.004278
0 0.666443 0.286835 0.007726 0.004278
0 0.718509 0.278517 0.007726 0.004278
0 0.770574 0.282557 0.007726 0.004278
0 0.822640 0.286835 0.007726 0.004278
0 0.874706 0.278517 0.007726 0.004278
0 0.926772 0.282557 0.007726 0.004278
0 0.150823 0.505466 0.007726 0.004278
0 0.150823 0.490732 0.007726 0.004278
0 0.200873 0.486454 0.007726 0.004278
0 0.250924 0.490732 0.007726 0.004278
0 0.300974 0.505466 0.007726 0.004278
0 0.350689 0.486454 0.007726 0.004278
0 0.400739 0.490732 0.007726 0.004278
0 0.464562 0.499049 0.007726 0.004278
0 0.498488 0.484316 0.007726 0.004278
0 0.532415 0.490732 0.007726 0.004278
0 0.566342 0.499049 0.007726 0.004278
0 0.600269 0.484316 0.007726 0.004278
0 0.634195 0.490732 0.007726 0.004278
0 0.685925 0.499049 0.007726 0.004278
0 0.734632 0.484316 0.007726 0.004278
0 0.783675 0.490732 0.007726 0.004278
0 0.832382 0.499049 0.007726 0.004278
0 0.881088 0.484316 0.007726 0.004278
0 0.929795 0.490732 0.007726 0.004278
0 0.145448 0.719106 0.007726 0.004278
0 0.145448 0.704373 0.007726 0.004278
0 0.183742 0.696055 0.007726 0.004278
0 0.221700 0.704373 0.007726 0.004278
0 0.259993 0.719106 0.007726 0.004278
0 0.298287 0.700333 0.007726 0.004278
0 0.336245 0.704373 0.007726 0.004278
0 0.395364 0.716968 0.007726 0.004278
0 0.395364 0.702234 0.007726 0.004278
0 0.447766 0.700333 0.007726 0.004278
0 0.512932 0.702234 0.007726 0.004278
0 0.565334 0.719106 0.007726 0.004278
0 0.565334 0.704373 0.007726 0.004278
0 0.617736 0.700333 0.007726 0.004278
0 0.669802 0.704373 0.007726 0.004278
0 0.733960 0.721245 0.007726 0.004278
0 0.733960 0.706511 0.007726 0.004278
0 0.774941 0.700333 0.007726 0.004278
0 0.815586 0.706511 0.007726 0.004278
0 0.856231 0.719106 0.007726 0.004278
0 0.856231 0.704373 0.007726 0.004278
0 0.897212 0.700333 0.007726 0.004278
0 0.937857 0.704373 0.007726 0.004278
0 0.149143 0.917776 0.007726 0.004278
0 0.186765 0.903042 0.007726 0.004278
0 0.234128 0.909458 0.007726 0.004278
0 0.299966 0.924192 0.007726 0.004278
0 0.337588 0.905181 0.007726 0.004278
0 0.384951 0.909458 0.007726 0.004278
0 0.434330 0.917776 0.007726 0.004278
0 0.460867 0.903042 0.007726 0.004278
0 0.487403 0.909458 0.007726 0.004278
0 0.513940 0.922053 0.007726 0.004278
0 0.540141 0.903042 0.007726 0.004278
0 0.566678 0.907319 0.007726 0.004278
0 0.606651 0.924192 0.007726 0.004278
0 0.639234 0.903042 0.007726 0.004278
0 0.684918 0.909458 0.007726 0.004278
0 0.717501 0.924192 0.007726 0.004278
0 0.750084 0.905181 0.007726 0.004278
0 0.798119 0.909458 0.007726 0.004278
0 0.853544 0.917776 0.007726 0.004278
0 0.876722 0.903042 0.007726 0.004278
0 0.899899 0.909458 0.007726 0.004278
0 0.923077 0.917776 0.007726 0.004278
0 0.923077 0.909458 0.007726 0.004278
0 0.225731 0.244772 0.007726 0.004278
0 0.225731 0.240494 0.007726 0.004278
0 0.295936 0.255228 0.007726 0.004278
0 0.295936 0.251188 0.007726 0.004278
0 0.365805 0.244772 0.007726 0.004278
0 0.365805 0.240494 0.007726 0.004278
0 0.435673 0.246911 0.007726 0.004278
0 0.435673 0.240494 0.007726 0.004278
0 0.505878 0.255228 0.007726 0.004278
0 0.505878 0.251188 0.007726 0.004278
0 0.575747 0.246911 0.007726 0.004278
0 0.575747 0.240494 0.007726 0.004278
0 0.666443 0.244772 0.007726 0.004278
0 0.666443 0.238356 0.007726 0.004278
0 0.718509 0.253089 0.007726 0.004278
0 0.718509 0.249049 0.007726 0.004278
0 0.770574 0.244772 0.007726 0.004278
0 0.770574 0.238356 0.007726 0.004278
0 0.822640 0.244772 0.007726 0.004278
0 0.822640 0.238356 0.007726 0.004278
0 0.874706 0.253089 0.007726 0.004278
0 0.874706 0.249049 0.007726 0.004278
0 0.926772 0.244772 0.007726 0.004278
0 0.926772 0.238356 0.007726 0.004278
0 0.150823 0.452709 0.007726 0.004278
0 0.150823 0.448432 0.007726 0.004278
0 0.200873 0.459125 0.007726 0.004278
0 0.207927 0.456987 0.007726 0.004278
0 0.250924 0.452709 0.007726 0.004278
0 0.250924 0.448432 0.007726 0.004278
0 0.300974 0.452709 0.007726 0.004278
0 0.300974 0.448432 0.007726 0.004278
0 0.350689 0.459125 0.007726 0.004278
0 0.358079 0.456987 0.007726 0.004278
0 0.400739 0.452709 0.007726 0.004278
0 0.400739 0.448432 0.007726 0.004278
0 0.464562 0.450570 0.007726 0.004278
0 0.464562 0.446530 0.007726 0.004278
0 0.498488 0.461264 0.007726 0.004278
0 0.498488 0.456987 0.007726 0.004278
0 0.532415 0.450570 0.007726 0.004278
0 0.532415 0.446530 0.007726 0.004278
0 0.566342 0.450570 0.007726 0.004278
0 0.566342 0.446530 0.007726 0.004278
0 0.600269 0.461264 0.007726 0.004278
0 0.600269 0.456987 0.007726 0.004278
0 0.634195 0.450570 0.007726 0.004278
0 0.634195 0.446530 0.007726 0.004278
0 0.685925 0.452709 0.007726 0.004278
0 0.685925 0.446530 0.007726 0.004278
0 0.734632 0.461264 0.007726 0.004278
0 0.734632 0.456987 0.007726 0.004278
0 0.783675 0.452709 0.007726 0.004278
0 0.783675 0.446530 0.007726 0.004278
0 0.832382 0.452709 0.007726 0.004278
0 0.832382 0.446530 0.007726 0.004278
0 0.881088 0.461264 0.007726 0.004278
0 0.881088 0.456987 0.007726 0.004278
0 0.929795 0.452709 0.007726 0.004278
0 0.929795 0.446530 0.007726 0.004278
0 0.145448 0.662310 0.007726 0.004278
0 0.145448 0.656131 0.007726 0.004278
0 0.183742 0.670865 0.007726 0.004278
0 0.183742 0.666587 0.007726 0.004278
0 0.221700 0.666587 0.007726 0.004278
0 0.221700 0.662310 0.007726 0.004278
0 0.259993 0.666587 0.007726 0.004278
0 0.259993 0.662310 0.007726 0.004278
0 0.298287 0.677044 0.007726 0.004278
0 0.298287 0.670865 0.007726 0.004278
0 0.336245 0.670865 0.007726 0.004278
0 0.336245 0.666587 0.007726 0.004278
0 0.395364 0.666587 0.007726 0.004278
0 0.395364 0.662310 0.007726 0.004278
0 0.447766 0.677044 0.007726 0.004278
0 0.447766 0.672766 0.007726 0.004278
0 0.512932 0.666587 0.007726 0.004278
0 0.512932 0.662310 0.007726 0.004278
0 0.565334 0.666587 0.007726 0.004278
0 0.565334 0.662310 0.007726 0.004278
0 0.617736 0.677044 0.007726 0.004278
0 0.617736 0.670865 0.007726 0.004278
0 0.669802 0.666587 0.007726 0.004278
0 0.669802 0.662310 0.007726 0.004278
0 0.733960 0.666587 0.007726 0.004278
0 0.733960 0.662310 0.007726 0.004278
0 0.774941 0.677044 0.007726 0.004278
0 0.774941 0.668726 0.007726 0.004278
0 0.815586 0.666587 0.007726 0.004278
0 0.815586 0.662310 0.007726 0.004278
0 0.856231 0.666587 0.007726 0.004278
0 0.856231 0.662310 0.007726 0.004278
0 0.897212 0.677044 0.007726 0.004278
0 0.897212 0.670865 0.007726 0.004278
0 0.937857 0.666587 0.007726 0.004278
0 0.937857 0.662310 0.007726 0.004278
0 0.149143 0.869297 0.007726 0.004278
0 0.149143 0.865257 0.007726 0.004278
0 0.186765 0.879990 0.007726 0.004278
0 0.186765 0.875713 0.007726 0.004278
0 0.234128 0.869297 0.007726 0.004278
0 0.234128 0.865257 0.007726 0.004278
0 0.299966 0.871435 0.007726 0.004278
0 0.299966 0.867395 0.007726 0.004278
0 0.337588 0.882129 0.007726 0.004278
0 0.337588 0.877852 0.007726 0.004278
0 0.384951 0.871435 0.007726 0.004278
0 0.384951 0.867395 0.007726 0.004278
0 0.434330 0.869297 0.007726 0.004278
0 0.434330 0.865257 0.007726 0.004278
0 0.460867 0.879990 0.007726 0.004278
0 0.460867 0.875713 0.007726 0.004278
0 0.487403 0.869297 0.007726 0.004278
0 0.487403 0.865257 0.007726 0.004278
0 0.513940 0.869297 0.007726 0.004278
0 0.513940 0.865257 0.007726 0.004278
0 0.540141 0.879990 0.007726 0.004278
0 0.540141 0.873574 0.007726 0.004278
0 0.566678 0.869297 0.007726 0.004278
0 0.566678 0.865257 0.007726 0.004278
0 0.606651 0.869297 0.007726 0.004278
0 0.606651 0.865257 0.007726 0.004278
0 0.639234 0.879990 0.007726 0.004278
0 0.639234 0.875713 0.007726 0.004278
0 0.684918 0.869297 0.007726 0.004278
0 0.684918 0.865257 0.007726 0.004278
0 0.717501 0.871435 0.007726 0.004278
0 0.717501 0.865257 0.007726 0.004278
0 0.750084 0.882129 0.007726 0.004278
0 0.750084 0.877852 0.007726 0.004278
0 0.798119 0.871435 0.007726 0.004278
0 0.798119 0.867395 0.007726 0.004278
0 0.853544 0.869297 0.007726 0.004278
0 0.853544 0.865257 0.007726 0.004278
0 0.876722 0.879990 0.007726 0.004278
0 0.876722 0.875713 0.007726 0.004278
0 0.899899 0.869297 0.007726 0.004278
0 0.899899 0.865257 0.007726 0.004278
0 0.923077 0.879990 0.007726 0.004278
0 0.923077 0.869297 0.007726 0.004278
0 0.225731 0.167776 0.007726 0.004278
0 0.295936 0.167776 0.007726 0.004278
0 0.365805 0.169914 0.007726 0.004278
0 0.150823 0.378565 0.007726 0.004278
0 0.250924 0.376426 0.007726 0.004278
0 0.163923 0.798241 0.007726 0.004278
0 0.241182 0.796103 0.007726 0.004278
0 0.264024 0.793964 0.007726 0.004278
0 0.225731 0.167776 0.007726 0.004278
0 0.365805 0.169914 0.007726 0.004278
0 0.435673 0.169914 0.007726 0.004278
0 0.505878 0.172053 0.007726 0.004278
0 0.575747 0.174192 0.007726 0.004278
0 0.666443 0.176093 0.007726 0.004278
0 0.926772 0.176093 0.007726 0.004278
0 0.150823 0.378565 0.007726 0.004278
0 0.200873 0.378565 0.007726 0.004278
0 0.250924 0.376426 0.007726 0.004278
0 0.300974 0.374287 0.007726 0.004278
0 0.350689 0.378565 0.007726 0.004278
0 0.400739 0.382842 0.007726 0.004278
0 0.464562 0.372148 0.007726 0.004278
0 0.532415 0.374287 0.007726 0.004278
0 0.566342 0.376426 0.007726 0.004278
0 0.685925 0.376426 0.007726 0.004278
0 0.734632 0.382842 0.007726 0.004278
0 0.783675 0.380703 0.007726 0.004278
0 0.832382 0.378565 0.007726 0.004278
0 0.881088 0.382842 0.007726 0.004278
0 0.929795 0.376426 0.007726 0.004278
0 0.145448 0.588641 0.007726 0.004278
0 0.395364 0.584363 0.007726 0.004278
0 0.480349 0.584363 0.007726 0.004278
0 0.512932 0.584363 0.007726 0.004278
0 0.565334 0.580086 0.007726 0.004278
0 0.617736 0.584363 0.007726 0.004278
0 0.669802 0.588641 0.007726 0.004278
0 0.733960 0.590779 0.007726 0.004278
0 0.856231 0.592918 0.007726 0.004278
0 0.937857 0.592918 0.007726 0.004278
0 0.149143 0.798241 0.007726 0.004278
0 0.210279 0.796103 0.007726 0.004278
0 0.234128 0.793964 0.007726 0.004278
0 0.299966 0.791825 0.007726 0.004278
0 0.361102 0.793964 0.007726 0.004278
0 0.384951 0.796103 0.007726 0.004278
0 0.434330 0.793964 0.007726 0.004278
0 0.487403 0.796103 0.007726 0.004278
0 0.513940 0.798241 0.007726 0.004278
0 0.606651 0.798241 0.007726 0.004278
0 0.659725 0.796103 0.007726 0.004278
0 0.684918 0.793964 0.007726 0.004278
0 0.717501 0.789686 0.007726 0.004278
0 0.770574 0.791825 0.007726 0.004278
0 0.798119 0.796103 0.007726 0.004278
0 0.853544 0.798241 0.007726 0.004278
