0 0.163252 0.216968 0.009405 0.005466
0 0.312059 0.235504 0.009405 0.005466
0 0.349009 0.230276 0.009405 0.005466
0 0.415183 0.224810 0.009405 0.005466
0 0.597917 0.235504 0.009405 0.005466
0 0.597917 0.224810 0.009405 0.005466
0 0.707759 0.235504 0.009405 0.005466
0 0.707759 0.224810 0.009405 0.005466
0 0.780988 0.211740 0.009405 0.005466
0 0.780988 0.201283 0.009405 0.005466
0 0.811555 0.211740 0.009405 0.005466
0 0.811555 0.201283 0.009405 0.005466
0 0.872019 0.211740 0.009405 0.005466
0 0.872019 0.201283 0.009405 0.005466
0 0.911992 0.209125 0.009405 0.005466
0 0.903258 0.203897 0.009405 0.005466
0 0.911992 0.201283 0.009405 0.005466
0 0.155190 0.495960 0.009405 0.005466
0 0.155190 0.485266 0.009405 0.005466
0 0.237151 0.495960 0.009405 0.005466
0 0.237151 0.485266 0.009405 0.005466
0 0.431307 0.495960 0.009405 0.005466
0 0.431307 0.490732 0.009405 0.005466
0 0.470944 0.495960 0.009405 0.005466
0 0.470944 0.490732 0.009405 0.005466
0 0.550554 0.495960 0.009405 0.005466
0 0.550554 0.490732 0.009405 0.005466
0 0.590191 0.498574 0.009405 0.005466
0 0.590191 0.493346 0.009405 0.005466
0 0.699026 0.495960 0.009405 0.005466
0 0.699026 0.490732 0.009405 0.005466
0 0.851528 0.514259 0.009405 0.005466
0 0.163252 0.788260 0.009405 0.005466
0 0.341619 0.788260 0.009405 0.005466
0 0.341619 0.775190 0.009405 0.005466
0 0.439704 0.790875 0.009405 0.005466
0 0.439704 0.777804 0.009405 0.005466
0 0.483037 0.790875 0.009405 0.005466
0 0.483037 0.777804 0.009405 0.005466
0 0.526705 0.790875 0.009405 0.005466
0 0.526705 0.777804 0.009405 0.005466
0 0.718509 0.790875 0.009405 0.005466
0 0.718509 0.780418 0.009405 0.005466
0 0.769231 0.790875 0.009405 0.005466
0 0.769231 0.780418 0.009405 0.005466
0 0.840107 0.790875 0.009405 0.005466
0 0.840107 0.780418 0.009405 0.005466
0 0.415183 0.177281 0.009405 0.005466
0 0.415183 0.169202 0.009405 0.005466
0 0.443399 0.177281 0.009405 0.005466
0 0.443399 0.169202 0.009405 0.005466
0 0.499832 0.177281 0.009405 0.005466
0 0.499832 0.169202 0.009405 0.005466
0 0.528048 0.177281 0.009405 0.005466
0 0.528048 0.171816 0.009405 0.005466
0 0.556265 0.177281 0.009405 0.005466
0 0.556265 0.171816 0.009405 0.005466
0 0.597917 0.179895 0.009405 0.005466
0 0.597917 0.174667 0.009405 0.005466
0 0.625462 0.179895 0.009405 0.005466
0 0.625462 0.174667 0.009405 0.005466
0 0.680215 0.179895 0.009405 0.005466
0 0.680215 0.174667 0.009405 0.005466
0 0.735304 0.179895 0.009405 0.005466
0 0.735304 0.174667 0.009405 0.005466
0 0.780988 0.161359 0.009405 0.005466
0 0.155190 0.452471 0.009405 0.005466
0 0.237151 0.452471 0.009405 0.005466
0 0.163252 0.174667 0.009405 0.005466
0 0.163252 0.169202 0.009405 0.005466
0 0.163252 0.161359 0.009405 0.005466
0 0.200537 0.174667 0.009405 0.005466
0 0.200537 0.169202 0.009405 0.005466
0 0.200537 0.161359 0.009405 0.005466
0 0.274773 0.174667 0.009405 0.005466
0 0.274773 0.169202 0.009405 0.005466
0 0.274773 0.161359 0.009405 0.005466
0 0.312059 0.179895 0.009405 0.005466
0 0.312059 0.169202 0.009405 0.005466
0 0.312059 0.161359 0.009405 0.005466
0 0.415183 0.161359 0.009405 0.005466
0 0.471616 0.166587 0.009405 0.005466
0 0.528048 0.163973 0.009405 0.005466
0 0.597917 0.161359 0.009405 0.005466
0 0.707759 0.161359 0.009405 0.005466
0 0.780988 0.143061 0.009405 0.005466
0 0.841787 0.150903 0.009405 0.005466
0 0.911992 0.148289 0.009405 0.005466
0 0.934498 0.145675 0.009405 0.005466
0 0.957004 0.148289 0.009405 0.005466
0 0.155190 0.441778 0.009405 0.005466
0 0.237151 0.441778 0.009405 0.005466
0 0.431307 0.455086 0.009405 0.005466
0 0.440040 0.452471 0.009405 0.005466
0 0.470944 0.455086 0.009405 0.005466
0 0.480013 0.452471 0.009405 0.005466
0 0.550554 0.455086 0.009405 0.005466
0 0.559288 0.452471 0.009405 0.005466
0 0.590191 0.455086 0.009405 0.005466
0 0.598925 0.452471 0.009405 0.005466
0 0.699026 0.455086 0.009405 0.005466
0 0.707759 0.452471 0.009405 0.005466
0 0.851528 0.468156 0.009405 0.005466
0 0.851528 0.460314 0.009405 0.005466
0 0.851528 0.455086 0.009405 0.005466
0 0.915351 0.468156 0.009405 0.005466
0 0.915351 0.460314 0.009405 0.005466
0 0.915351 0.455086 0.009405 0.005466
0 0.163252 0.744297 0.009405 0.005466
0 0.163252 0.736454 0.009405 0.005466
0 0.163252 0.730989 0.009405 0.005466
0 0.203225 0.744297 0.009405 0.005466
0 0.203225 0.736454 0.009405 0.005466
0 0.203225 0.730989 0.009405 0.005466
0 0.301646 0.744297 0.009405 0.005466
0 0.301646 0.736454 0.009405 0.005466
0 0.301646 0.730989 0.009405 0.005466
0 0.341619 0.730989 0.009405 0.005466
0 0.341619 0.725760 0.009405 0.005466
0 0.439704 0.739068 0.009405 0.005466
0 0.439704 0.730989 0.009405 0.005466
0 0.439704 0.720532 0.009405 0.005466
0 0.483037 0.739068 0.009405 0.005466
0 0.483037 0.730989 0.009405 0.005466
0 0.483037 0.720532 0.009405 0.005466
0 0.526705 0.739068 0.009405 0.005466
0 0.526705 0.730989 0.009405 0.005466
0 0.526705 0.720532 0.009405 0.005466
0 0.718509 0.741683 0.009405 0.005466
0 0.718509 0.733603 0.009405 0.005466
0 0.718509 0.723146 0.009405 0.005466
0 0.769231 0.741683 0.009405 0.005466
0 0.769231 0.733603 0.009405 0.005466
0 0.769231 0.723146 0.009405 0.005466
0 0.840107 0.741683 0.009405 0.005466
0 0.840107 0.733603 0.009405 0.005466
0 0.840107 0.723146 0.009405 0.005466
0 0.163252 0.100285 0.009405 0.005466
0 0.200537 0.100285 0.009405 0.005466
0 0.237487 0.102899 0.009405 0.005466
0 0.274773 0.100285 0.009405 0.005466
0 0.312059 0.105513 0.009405 0.005466
0 0.372187 0.100285 0.009405 0.005466
0 0.415183 0.095057 0.009405 0.005466
0 0.597917 0.095057 0.009405 0.005466
0 0.196171 0.382842 0.009405 0.005466
0 0.237151 0.377614 0.009405 0.005466
0 0.318777 0.377614 0.009405 0.005466
0 0.349009 0.382842 0.009405 0.005466
0 0.379241 0.382842 0.009405 0.005466
0 0.431307 0.372386 0.009405 0.005466
0 0.510917 0.372386 0.009405 0.005466
0 0.550554 0.372386 0.009405 0.005466
0 0.590191 0.369772 0.009405 0.005466
0 0.619751 0.367158 0.009405 0.005466
0 0.648975 0.369772 0.009405 0.005466
0 0.699026 0.372386 0.009405 0.005466
0 0.755459 0.382842 0.009405 0.005466
0 0.788713 0.382842 0.009405 0.005466
0 0.851528 0.382842 0.009405 0.005466
0 0.890830 0.385456 0.009405 0.005466
0 0.940208 0.385456 0.009405 0.005466
0 0.163252 0.672291 0.009405 0.005466
0 0.228082 0.667063 0.009405 0.005466
0 0.262009 0.664449 0.009405 0.005466
0 0.381592 0.664449 0.009405 0.005466
0 0.439704 0.661835 0.009405 0.005466
0 0.570037 0.672291 0.009405 0.005466
0 0.613369 0.669677 0.009405 0.005466
0 0.656701 0.667063 0.009405 0.005466
0 0.718509 0.664449 0.009405 0.005466
0 0.800806 0.664449 0.009405 0.005466
0 0.840107 0.659221 0.009405 0.005466
0 0.909976 0.664449 0.009405 0.005466
