0 0.172993 0.224335 0.009405 0.005466
0 0.172993 0.213878 0.009405 0.005466
0 0.467921 0.216492 0.009405 0.005466
0 0.527041 0.211264 0.009405 0.005466
0 0.586161 0.216492 0.009405 0.005466
0 0.645280 0.211264 0.009405 0.005466
0 0.739335 0.226949 0.009405 0.005466
0 0.799127 0.216492 0.009405 0.005466
0 0.859254 0.226949 0.009405 0.005466
0 0.919382 0.216492 0.009405 0.005466
0 0.172321 0.439876 0.009405 0.005466
0 0.231105 0.434648 0.009405 0.005466
0 0.304333 0.442490 0.009405 0.005466
0 0.340947 0.434648 0.009405 0.005466
0 0.377561 0.445105 0.009405 0.005466
0 0.422237 0.434648 0.009405 0.005466
0 0.464562 0.447719 0.009405 0.005466
0 0.516627 0.434648 0.009405 0.005466
0 0.568693 0.452947 0.009405 0.005466
0 0.621095 0.437262 0.009405 0.005466
0 0.703057 0.452947 0.009405 0.005466
0 0.764528 0.439876 0.009405 0.005466
0 0.841115 0.452947 0.009405 0.005466
0 0.902586 0.442490 0.009405 0.005466
0 0.166947 0.688926 0.009405 0.005466
0 0.214310 0.681084 0.009405 0.005466
0 0.261673 0.688926 0.009405 0.005466
0 0.309036 0.670627 0.009405 0.005466
0 0.391669 0.688926 0.009405 0.005466
0 0.464226 0.673241 0.009405 0.005466
0 0.536446 0.688926 0.009405 0.005466
0 0.627141 0.675856 0.009405 0.005466
0 0.738663 0.688926 0.009405 0.005466
0 0.792073 0.678470 0.009405 0.005466
0 0.845818 0.688926 0.009405 0.005466
0 0.912664 0.678470 0.009405 0.005466
0 0.169298 0.920627 0.009405 0.005466
0 0.169298 0.902329 0.009405 0.005466
0 0.239167 0.902329 0.009405 0.005466
0 0.329862 0.891873 0.009405 0.005466
0 0.457172 0.910171 0.009405 0.005466
0 0.517971 0.902329 0.009405 0.005466
0 0.560632 0.910171 0.009405 0.005466
0 0.621431 0.902329 0.009405 0.005466
0 0.697682 0.928470 0.009405 0.005466
0 0.697682 0.910171 0.009405 0.005466
0 0.732953 0.923241 0.009405 0.005466
0 0.732953 0.904943 0.009405 0.005466
0 0.768223 0.928470 0.009405 0.005466
0 0.768223 0.910171 0.009405 0.005466
0 0.803158 0.923241 0.009405 0.005466
0 0.803158 0.904943 0.009405 0.005466
0 0.838428 0.925856 0.009405 0.005466
0 0.838428 0.907557 0.009405 0.005466
0 0.873698 0.920627 0.009405 0.005466
0 0.873698 0.902329 0.009405 0.005466
0 0.908969 0.925856 0.009405 0.005466
0 0.908969 0.907557 0.009405 0.005466
0 0.944239 0.920627 0.009405 0.005466
0 0.944239 0.902329 0.009405 0.005466
0 0.377561 0.432034 0.009405 0.005466
0 0.414175 0.432034 0.009405 0.005466
0 0.568693 0.434648 0.009405 0.005466
0 0.703057 0.432034 0.009405 0.005466
0 0.841115 0.429420 0.009405 0.005466
0 0.166947 0.662785 0.009405 0.005466
0 0.391669 0.665399 0.009405 0.005466
0 0.536446 0.662785 0.009405 0.005466
0 0.457172 0.897101 0.009405 0.005466
0 0.508902 0.899715 0.009405 0.005466
0 0.560632 0.897101 0.009405 0.005466
0 0.612361 0.899715 0.009405 0.005466
0 0.172993 0.169439 0.009405 0.005466
0 0.172993 0.164211 0.009405 0.005466
0 0.172993 0.151141 0.009405 0.005466
0 0.207256 0.169439 0.009405 0.005466
0 0.241182 0.169439 0.009405 0.005466
0 0.275445 0.169439 0.009405 0.005466
0 0.309708 0.169439 0.009405 0.005466
0 0.343635 0.169439 0.009405 0.005466
0 0.377897 0.169439 0.009405 0.005466
0 0.412160 0.169439 0.009405 0.005466
0 0.467921 0.177281 0.009405 0.005466
0 0.467921 0.169439 0.009405 0.005466
0 0.467921 0.158983 0.009405 0.005466
0 0.586161 0.179895 0.009405 0.005466
0 0.586161 0.169439 0.009405 0.005466
0 0.586161 0.161597 0.009405 0.005466
0 0.645280 0.164211 0.009405 0.005466
0 0.682230 0.166825 0.009405 0.005466
0 0.739335 0.179895 0.010749 0.005466
0 0.739335 0.169439 0.010749 0.005466
0 0.172321 0.400665 0.009405 0.005466
0 0.172321 0.392823 0.009405 0.005466
0 0.172321 0.382367 0.009405 0.005466
0 0.267719 0.403279 0.009405 0.005466
0 0.267719 0.384981 0.009405 0.005466
0 0.304333 0.405894 0.009405 0.005466
0 0.304333 0.387595 0.009405 0.005466
0 0.340947 0.405894 0.009405 0.005466
0 0.340947 0.387595 0.009405 0.005466
0 0.377561 0.390209 0.009405 0.005466
0 0.414175 0.390209 0.009405 0.005466
0 0.464562 0.392823 0.009405 0.005466
0 0.568693 0.392823 0.009405 0.005466
0 0.703057 0.392823 0.009405 0.005466
0 0.711790 0.390209 0.009405 0.005466
0 0.841115 0.392823 0.009405 0.005466
0 0.841115 0.387595 0.009405 0.005466
0 0.166947 0.628802 0.009405 0.005466
0 0.166947 0.620960 0.009405 0.005466
0 0.214310 0.631416 0.009405 0.005466
0 0.214310 0.613118 0.009405 0.005466
0 0.261673 0.628802 0.009405 0.005466
0 0.261673 0.610504 0.009405 0.005466
0 0.391669 0.628802 0.009405 0.005466
0 0.391669 0.623574 0.009405 0.005466
0 0.536446 0.628802 0.009405 0.005466
0 0.536446 0.620960 0.009405 0.005466
0 0.738663 0.636644 0.009405 0.005466
0 0.738663 0.628802 0.009405 0.005466
0 0.738663 0.618346 0.009405 0.005466
0 0.792073 0.631416 0.009405 0.005466
0 0.792073 0.613118 0.009405 0.005466
0 0.845818 0.628802 0.009405 0.005466
0 0.845818 0.610504 0.009405 0.005466
0 0.169298 0.855276 0.009405 0.005466
0 0.239167 0.863118 0.009405 0.005466
0 0.294928 0.855276 0.009405 0.005466
0 0.364797 0.863118 0.009405 0.005466
0 0.457172 0.855276 0.009405 0.005466
0 0.508902 0.857890 0.009405 0.005466
0 0.560632 0.855276 0.009405 0.005466
0 0.612361 0.857890 0.009405 0.005466
0 0.697682 0.897101 0.009405 0.005466
0 0.732953 0.855276 0.009405 0.005466
0 0.768223 0.897101 0.009405 0.005466
0 0.803158 0.855276 0.009405 0.005466
0 0.838428 0.894487 0.009405 0.005466
0 0.873698 0.855276 0.009405 0.005466
0 0.908969 0.894487 0.009405 0.005466
0 0.944239 0.855276 0.009405 0.005466
0 0.172993 0.105038 0.009405 0.005466
0 0.621095 0.338165 0.009405 0.005466
0 0.653678 0.338165 0.009405 0.005466
0 0.703057 0.335551 0.009405 0.005466
0 0.764528 0.335551 0.009405 0.005466
0 0.802822 0.335551 0.009405 0.005466
0 0.841115 0.332937 0.009405 0.005466
0 0.941216 0.332937 0.009405 0.005466
0 0.166947 0.553707 0.009405 0.005466
0 0.261673 0.558935 0.009405 0.005466
0 0.338932 0.558935 0.009405 0.005466
0 0.391669 0.556321 0.009405 0.005466
0 0.464226 0.556321 0.009405 0.005466
0 0.536446 0.553707 0.009405 0.005466
0 0.581794 0.553707 0.009405 0.005466
0 0.627141 0.553707 0.009405 0.005466
0 0.672489 0.553707 0.009405 0.005466
0 0.738663 0.551093 0.009405 0.005466
0 0.879073 0.561549 0.009405 0.005466
0 0.912664 0.561549 0.009405 0.005466
0 0.945919 0.551093 0.009405 0.005466
0 0.169298 0.787072 0.009405 0.005466
0 0.294928 0.787072 0.009405 0.005466
0 0.329862 0.789686 0.009405 0.005466
0 0.364797 0.792300 0.009405 0.005466
0 0.399395 0.794914 0.009405 0.005466
0 0.457172 0.797529 0.009405 0.005466
0 0.508902 0.797529 0.009405 0.005466
0 0.644945 0.797529 0.009405 0.005466
0 0.697682 0.797529 0.009405 0.005466
0 0.908969 0.797529 0.009405 0.005466
