0 0.207592 0.435124 0.007726 0.004515
0 0.331878 0.432747 0.007726 0.004515
0 0.435338 0.446055 0.007726 0.004515
0 0.556265 0.443916 0.007726 0.004515
0 0.556265 0.428470 0.007726 0.004515
0 0.298623 0.879990 0.007726 0.004515
0 0.785354 0.884268 0.007726 0.004515
0 0.120591 0.196293 0.007726 0.004515
0 0.145784 0.181084 0.007726 0.004515
0 0.164595 0.176568 0.007726 0.004515
0 0.189788 0.196293 0.007726 0.004515
0 0.233792 0.189876 0.007726 0.004515
0 0.254283 0.181084 0.007726 0.004515
0 0.267383 0.174430 0.007726 0.004515
0 0.288210 0.189876 0.007726 0.004515
0 0.326503 0.216017 0.007726 0.004515
0 0.326503 0.200808 0.007726 0.004515
0 0.350689 0.181084 0.007726 0.004515
0 0.365805 0.176568 0.007726 0.004515
0 0.389990 0.200808 0.007726 0.004515
0 0.425932 0.209601 0.007726 0.004515
0 0.425932 0.194154 0.007726 0.004515
0 0.443399 0.185361 0.007726 0.004515
0 0.460195 0.178945 0.007726 0.004515
0 0.481693 0.194154 0.007726 0.004515
0 0.515284 0.198669 0.007726 0.004515
0 0.532751 0.189876 0.007726 0.004515
0 0.549547 0.183222 0.007726 0.004515
0 0.571045 0.198669 0.007726 0.004515
0 0.620087 0.205086 0.007726 0.004515
0 0.643265 0.196293 0.007726 0.004515
0 0.659725 0.189876 0.007726 0.004515
0 0.688613 0.205086 0.007726 0.004515
0 0.731609 0.218394 0.007726 0.004515
0 0.756466 0.202947 0.007726 0.004515
0 0.772926 0.213878 0.007726 0.004515
0 0.797447 0.198669 0.007726 0.004515
0 0.838428 0.216017 0.007726 0.004515
0 0.864293 0.196293 0.007726 0.004515
0 0.880752 0.192015 0.007726 0.004515
0 0.906617 0.200808 0.007726 0.004515
0 0.106819 0.443916 0.007726 0.004515
0 0.125966 0.428470 0.007726 0.004515
0 0.142425 0.441540 0.007726 0.004515
0 0.161572 0.426331 0.007726 0.004515
0 0.197514 0.435124 0.007726 0.004515
0 0.232113 0.426331 0.007726 0.004515
0 0.248572 0.426331 0.007726 0.004515
0 0.272086 0.426331 0.007726 0.004515
0 0.321800 0.432985 0.007726 0.004515
0 0.356399 0.426331 0.007726 0.004515
0 0.372859 0.426331 0.007726 0.004515
0 0.396372 0.426331 0.007726 0.004515
0 0.435338 0.430608 0.007726 0.004515
0 0.461203 0.435124 0.007726 0.004515
0 0.477326 0.435124 0.007726 0.004515
0 0.503191 0.435124 0.007726 0.004515
0 0.546523 0.428470 0.007726 0.004515
0 0.581122 0.435124 0.007726 0.004515
0 0.598253 0.435124 0.007726 0.004515
0 0.625462 0.435124 0.007726 0.004515
0 0.661068 0.443916 0.007726 0.004515
0 0.661068 0.428470 0.007726 0.004515
0 0.756130 0.446055 0.007726 0.004515
0 0.756130 0.430608 0.007726 0.004515
0 0.844474 0.443916 0.007726 0.004515
0 0.844474 0.428470 0.007726 0.004515
0 0.106819 0.665399 0.007726 0.004515
0 0.106819 0.650190 0.007726 0.004515
0 0.219012 0.665399 0.007726 0.004515
0 0.219012 0.650190 0.007726 0.004515
0 0.262009 0.663260 0.007726 0.004515
0 0.262009 0.647814 0.007726 0.004515
0 0.331878 0.667538 0.007726 0.004515
0 0.331878 0.652329 0.007726 0.004515
0 0.433994 0.665399 0.007726 0.004515
0 0.433994 0.650190 0.007726 0.004515
0 0.550554 0.658745 0.007726 0.004515
0 0.659053 0.658745 0.007726 0.004515
0 0.659053 0.643536 0.007726 0.004515
0 0.754451 0.656606 0.007726 0.004515
0 0.754451 0.641397 0.007726 0.004515
0 0.841451 0.667538 0.007726 0.004515
0 0.841451 0.652329 0.007726 0.004515
0 0.881760 0.663260 0.007726 0.004515
0 0.881760 0.647814 0.007726 0.004515
0 0.106819 0.877852 0.007726 0.004515
0 0.106819 0.862405 0.007726 0.004515
0 0.126638 0.869059 0.007726 0.004515
0 0.139066 0.869059 0.007726 0.004515
0 0.158885 0.869059 0.007726 0.004515
0 0.185422 0.875475 0.007726 0.004515
0 0.213638 0.869059 0.007726 0.004515
0 0.231105 0.877852 0.007726 0.004515
0 0.258986 0.869059 0.007726 0.004515
0 0.287874 0.879990 0.007726 0.004515
0 0.324152 0.869059 0.007726 0.004515
0 0.338260 0.869059 0.007726 0.004515
0 0.361438 0.869059 0.007726 0.004515
0 0.389990 0.879990 0.007726 0.004515
0 0.415183 0.869059 0.007726 0.004515
0 0.430971 0.882129 0.007726 0.004515
0 0.456164 0.869059 0.007726 0.004515
0 0.485052 0.884268 0.007726 0.004515
0 0.504871 0.869059 0.007726 0.004515
0 0.517299 0.869059 0.007726 0.004515
0 0.537118 0.869059 0.007726 0.004515
0 0.570709 0.884268 0.007726 0.004515
0 0.601276 0.869059 0.007726 0.004515
0 0.620759 0.888783 0.007726 0.004515
0 0.651663 0.873337 0.007726 0.004515
0 0.682230 0.882129 0.007726 0.004515
0 0.704736 0.866920 0.007726 0.004515
0 0.718509 0.886644 0.007726 0.004515
0 0.741014 0.871198 0.007726 0.004515
0 0.774605 0.884268 0.007726 0.004515
0 0.810883 0.869059 0.007726 0.004515
0 0.825328 0.869059 0.007726 0.004515
0 0.848169 0.869059 0.007726 0.004515
0 0.884112 0.877852 0.007726 0.004515
0 0.884112 0.869059 0.007726 0.004515
0 0.123950 0.148289 0.007726 0.004515
0 0.131340 0.145913 0.007726 0.004515
0 0.326503 0.150428 0.007726 0.004515
0 0.326503 0.145913 0.007726 0.004515
0 0.515284 0.154705 0.007726 0.004515
0 0.515284 0.148289 0.007726 0.004515
0 0.724219 0.159221 0.007726 0.004515
0 0.731609 0.157082 0.007726 0.004515
0 0.135035 0.393536 0.007726 0.004515
0 0.142425 0.391160 0.007726 0.004515
0 0.142425 0.386882 0.007726 0.004515
0 0.477326 0.419677 0.007726 0.004515
0 0.542828 0.419677 0.007726 0.004515
0 0.682566 0.417538 0.007726 0.004515
0 0.720188 0.417538 0.007726 0.004515
0 0.867316 0.417538 0.007726 0.004515
0 0.906617 0.417538 0.007726 0.004515
0 0.130668 0.641397 0.007726 0.004515
0 0.154182 0.636882 0.007726 0.004515
0 0.178032 0.641397 0.007726 0.004515
0 0.178032 0.636882 0.007726 0.004515
0 0.373194 0.641397 0.007726 0.004515
0 0.106819 0.858127 0.007726 0.004515
0 0.106819 0.853612 0.007726 0.004515
0 0.185422 0.864544 0.007726 0.004515
0 0.185422 0.855989 0.007726 0.004515
0 0.192812 0.853612 0.007726 0.004515
0 0.231105 0.862405 0.007726 0.004515
0 0.231105 0.855989 0.007726 0.004515
0 0.238495 0.853612 0.007726 0.004515
0 0.287874 0.860266 0.007726 0.004515
0 0.287874 0.855989 0.007726 0.004515
0 0.295264 0.853612 0.007726 0.004515
0 0.389990 0.860266 0.007726 0.004515
0 0.389990 0.855989 0.007726 0.004515
0 0.397380 0.853612 0.007726 0.004515
0 0.430971 0.858127 0.007726 0.004515
0 0.430971 0.853612 0.007726 0.004515
0 0.485052 0.855989 0.007726 0.004515
0 0.570709 0.858127 0.007726 0.004515
0 0.620759 0.860266 0.007726 0.004515
0 0.628149 0.858127 0.007726 0.004515
0 0.620759 0.853612 0.007726 0.004515
0 0.682230 0.862405 0.007726 0.004515
0 0.682230 0.858127 0.007726 0.004515
0 0.718509 0.860266 0.007726 0.004515
0 0.774605 0.855989 0.007726 0.004515
0 0.781995 0.853612 0.007726 0.004515
0 0.774605 0.849335 0.007726 0.004515
0 0.884112 0.858127 0.007726 0.004515
0 0.120591 0.143774 0.007726 0.004515
0 0.120591 0.139496 0.007726 0.004515
0 0.164595 0.141635 0.007726 0.004515
0 0.164595 0.137357 0.007726 0.004515
0 0.233792 0.150428 0.007726 0.004515
0 0.233792 0.145913 0.007726 0.004515
0 0.233792 0.139496 0.007726 0.004515
0 0.233792 0.134981 0.007726 0.004515
0 0.326503 0.141635 0.007726 0.004515
0 0.326503 0.137357 0.007726 0.004515
0 0.365805 0.139496 0.007726 0.004515
0 0.365805 0.134981 0.007726 0.004515
0 0.389990 0.141635 0.007726 0.004515
0 0.389990 0.137357 0.007726 0.004515
0 0.425932 0.154705 0.007726 0.004515
0 0.425932 0.150428 0.007726 0.004515
0 0.425932 0.143774 0.007726 0.004515
0 0.425932 0.139496 0.007726 0.004515
0 0.515284 0.143774 0.007726 0.004515
0 0.515284 0.139496 0.007726 0.004515
0 0.549547 0.146150 0.007726 0.004515
0 0.549547 0.141635 0.007726 0.004515
0 0.571045 0.148289 0.007726 0.004515
0 0.571045 0.143774 0.007726 0.004515
0 0.620087 0.161359 0.007726 0.004515
0 0.620087 0.154705 0.007726 0.004515
0 0.620087 0.150428 0.007726 0.004515
0 0.620087 0.145913 0.007726 0.004515
0 0.734296 0.163498 0.007726 0.004515
0 0.734296 0.148289 0.007726 0.004515
0 0.772926 0.165637 0.007726 0.004515
0 0.772926 0.150428 0.007726 0.004515
0 0.797447 0.168013 0.007726 0.004515
0 0.797447 0.152567 0.007726 0.004515
0 0.838428 0.165637 0.007726 0.004515
0 0.838428 0.161359 0.007726 0.004515
0 0.838428 0.157082 0.007726 0.004515
0 0.838428 0.150428 0.007726 0.004515
0 0.106819 0.393536 0.007726 0.004515
0 0.106819 0.389021 0.007726 0.004515
0 0.106819 0.378089 0.007726 0.004515
0 0.142425 0.380228 0.007726 0.004515
0 0.161572 0.382605 0.007726 0.004515
0 0.197514 0.395675 0.007726 0.004515
0 0.197514 0.391160 0.007726 0.004515
0 0.197514 0.384743 0.007726 0.004515
0 0.197514 0.380228 0.007726 0.004515
0 0.321800 0.393536 0.007726 0.004515
0 0.329190 0.391160 0.007726 0.004515
0 0.321800 0.386882 0.007726 0.004515
0 0.321800 0.378089 0.007726 0.004515
0 0.435338 0.391160 0.007726 0.004515
0 0.435338 0.386882 0.007726 0.004515
0 0.442728 0.384743 0.007726 0.004515
0 0.435338 0.375951 0.007726 0.004515
0 0.477326 0.391160 0.007726 0.004515
0 0.477326 0.386882 0.007726 0.004515
0 0.484716 0.384743 0.007726 0.004515
0 0.542828 0.393536 0.007726 0.004515
0 0.542828 0.389021 0.007726 0.004515
0 0.542828 0.384743 0.007726 0.004515
0 0.682566 0.391160 0.007726 0.004515
0 0.682566 0.386882 0.007726 0.004515
0 0.699026 0.391160 0.007726 0.004515
0 0.699026 0.386882 0.007726 0.004515
0 0.699026 0.382605 0.007726 0.004515
0 0.720188 0.391160 0.007726 0.004515
0 0.720188 0.386882 0.007726 0.004515
0 0.774269 0.419677 0.007726 0.004515
0 0.774269 0.410884 0.007726 0.004515
0 0.785690 0.391160 0.007726 0.004515
0 0.785690 0.384743 0.007726 0.004515
0 0.803829 0.419677 0.007726 0.004515
0 0.803829 0.410884 0.007726 0.004515
0 0.867316 0.389021 0.007726 0.004515
0 0.867316 0.384743 0.007726 0.004515
0 0.883776 0.389021 0.007726 0.004515
0 0.883776 0.384743 0.007726 0.004515
0 0.891166 0.382605 0.007726 0.004515
0 0.906617 0.389021 0.007726 0.004515
0 0.906617 0.384743 0.007726 0.004515
0 0.130668 0.615019 0.007726 0.004515
0 0.130668 0.610741 0.007726 0.004515
0 0.154182 0.610741 0.007726 0.004515
0 0.154182 0.606226 0.007726 0.004515
0 0.178032 0.610741 0.007726 0.004515
0 0.245549 0.617158 0.007726 0.004515
0 0.245549 0.610741 0.007726 0.004515
0 0.245549 0.606226 0.007726 0.004515
0 0.296271 0.619534 0.007726 0.004515
0 0.296271 0.612880 0.007726 0.004515
0 0.296271 0.608603 0.007726 0.004515
0 0.356735 0.641397 0.007726 0.004515
0 0.356735 0.632605 0.007726 0.004515
0 0.373194 0.612880 0.007726 0.004515
0 0.373194 0.606226 0.007726 0.004515
0 0.398388 0.641397 0.007726 0.004515
0 0.398388 0.632605 0.007726 0.004515
0 0.457172 0.617158 0.007726 0.004515
0 0.464562 0.615019 0.007726 0.004515
0 0.457172 0.610741 0.007726 0.004515
0 0.478334 0.615019 0.007726 0.004515
0 0.478334 0.610741 0.007726 0.004515
0 0.478334 0.601949 0.007726 0.004515
0 0.501512 0.617158 0.007726 0.004515
0 0.508902 0.615019 0.007726 0.004515
0 0.501512 0.610741 0.007726 0.004515
0 0.573396 0.619534 0.007726 0.004515
0 0.573396 0.615019 0.007726 0.004515
0 0.573396 0.608603 0.007726 0.004515
0 0.589856 0.615019 0.007726 0.004515
0 0.589856 0.608603 0.007726 0.004515
0 0.589856 0.604087 0.007726 0.004515
0 0.618408 0.619534 0.007726 0.004515
0 0.618408 0.615019 0.007726 0.004515
0 0.618408 0.608603 0.007726 0.004515
0 0.679879 0.610741 0.007726 0.004515
0 0.679879 0.604087 0.007726 0.004515
0 0.696339 0.604087 0.007726 0.004515
0 0.696339 0.599810 0.007726 0.004515
0 0.717501 0.599810 0.007726 0.004515
0 0.717501 0.595295 0.007726 0.004515
0 0.775613 0.612880 0.007726 0.004515
0 0.775613 0.606226 0.007726 0.004515
0 0.791737 0.606226 0.007726 0.004515
0 0.791737 0.601949 0.007726 0.004515
0 0.812899 0.601949 0.007726 0.004515
0 0.812899 0.597433 0.007726 0.004515
0 0.866308 0.601949 0.007726 0.004515
0 0.866308 0.597433 0.007726 0.004515
0 0.881760 0.608603 0.007726 0.004515
0 0.881760 0.601949 0.007726 0.004515
0 0.906617 0.612880 0.007726 0.004515
0 0.906617 0.608603 0.007726 0.004515
0 0.106819 0.827471 0.007726 0.004515
0 0.106819 0.822956 0.007726 0.004515
0 0.185422 0.829610 0.007726 0.004515
0 0.231105 0.827471 0.007726 0.004515
0 0.287874 0.825333 0.007726 0.004515
0 0.389990 0.825333 0.007726 0.004515
0 0.430971 0.827471 0.007726 0.004515
0 0.430971 0.822956 0.007726 0.004515
0 0.485052 0.833888 0.007726 0.004515
0 0.485052 0.829610 0.007726 0.004515
0 0.485052 0.820817 0.007726 0.004515
0 0.570709 0.829610 0.007726 0.004515
0 0.570709 0.822956 0.007726 0.004515
0 0.620759 0.825333 0.007726 0.004515
0 0.682230 0.831749 0.007726 0.004515
0 0.682230 0.827471 0.007726 0.004515
0 0.718509 0.831749 0.007726 0.004515
0 0.718509 0.825333 0.007726 0.004515
0 0.774605 0.822956 0.007726 0.004515
0 0.825328 0.822956 0.007726 0.004515
0 0.848169 0.825333 0.007726 0.004515
0 0.884112 0.827471 0.007726 0.004515
0 0.233792 0.083175 0.007726 0.004515
0 0.326503 0.085314 0.007726 0.004515
0 0.365805 0.083175 0.007726 0.004515
0 0.389990 0.085314 0.007726 0.004515
0 0.425932 0.087452 0.007726 0.004515
0 0.515284 0.087452 0.007726 0.004515
0 0.549547 0.089591 0.007726 0.004515
0 0.571045 0.091730 0.007726 0.004515
0 0.620087 0.094106 0.007726 0.004515
0 0.197514 0.323432 0.007726 0.004515
0 0.248572 0.325570 0.007726 0.004515
0 0.272086 0.327709 0.007726 0.004515
0 0.321800 0.329848 0.007726 0.004515
0 0.372859 0.327709 0.007726 0.004515
0 0.396372 0.325570 0.007726 0.004515
0 0.435338 0.334363 0.007726 0.004515
0 0.477326 0.332224 0.007726 0.004515
0 0.503191 0.329848 0.007726 0.004515
0 0.546523 0.332224 0.007726 0.004515
0 0.598253 0.332224 0.007726 0.004515
0 0.661068 0.329848 0.007726 0.004515
0 0.699026 0.318916 0.007726 0.004515
0 0.756130 0.318916 0.007726 0.004515
0 0.844474 0.314639 0.007726 0.004515
0 0.883776 0.314639 0.007726 0.004515
0 0.906617 0.316778 0.007726 0.004515
0 0.106819 0.555371 0.007726 0.004515
0 0.154182 0.551093 0.007726 0.004515
0 0.219012 0.551093 0.007726 0.004515
0 0.262009 0.553232 0.007726 0.004515
0 0.296271 0.553232 0.007726 0.004515
0 0.331878 0.546816 0.007726 0.004515
0 0.433994 0.546816 0.007726 0.004515
0 0.478334 0.546816 0.007726 0.004515
0 0.501512 0.559886 0.007726 0.004515
0 0.550554 0.557747 0.007726 0.004515
0 0.659053 0.544439 0.007726 0.004515
0 0.754451 0.546816 0.007726 0.004515
0 0.841451 0.542300 0.007726 0.004515
0 0.106819 0.766160 0.007726 0.004515
0 0.139066 0.766160 0.007726 0.004515
