0 0.150487 0.195105 0.009405 0.005466
0 0.274437 0.195105 0.009405 0.005466
0 0.412496 0.192490 0.009405 0.005466
0 0.545852 0.192490 0.009405 0.005466
0 0.697346 0.202947 0.009405 0.005466
0 0.826671 0.184648 0.009405 0.005466
0 0.150487 0.433222 0.009405 0.005466
0 0.276117 0.430608 0.009405 0.005466
0 0.418206 0.440827 0.009405 0.005466
0 0.540141 0.422766 0.009405 0.005466
0 0.680215 0.440827 0.009405 0.005466
0 0.680215 0.422766 0.009405 0.005466
0 0.726234 0.430608 0.009405 0.005466
0 0.717501 0.425380 0.009405 0.005466
0 0.726234 0.422766 0.009405 0.005466
0 0.726234 0.417538 0.009405 0.005466
0 0.771918 0.430608 0.009405 0.005466
0 0.763184 0.425380 0.009405 0.005466
0 0.771918 0.422766 0.009405 0.005466
0 0.771918 0.417538 0.009405 0.005466
0 0.817938 0.440827 0.009405 0.005466
0 0.863957 0.430608 0.009405 0.005466
0 0.855223 0.425380 0.009405 0.005466
0 0.863957 0.422766 0.009405 0.005466
0 0.863957 0.417538 0.009405 0.005466
0 0.909641 0.430608 0.009405 0.005466
0 0.900907 0.425380 0.009405 0.005466
0 0.909641 0.422766 0.009405 0.005466
0 0.909641 0.417538 0.009405 0.005466
0 0.153174 0.680133 0.009405 0.005466
0 0.153174 0.661835 0.009405 0.005466
0 0.196171 0.669677 0.009405 0.005466
0 0.196171 0.661835 0.009405 0.005466
0 0.196171 0.656606 0.009405 0.005466
0 0.239167 0.669677 0.009405 0.005466
0 0.239167 0.661835 0.009405 0.005466
0 0.239167 0.656606 0.009405 0.005466
0 0.282163 0.680133 0.009405 0.005466
0 0.282163 0.661835 0.009405 0.005466
0 0.325495 0.669677 0.009405 0.005466
0 0.325495 0.661835 0.009405 0.005466
0 0.325495 0.656606 0.009405 0.005466
0 0.368492 0.669677 0.009405 0.005466
0 0.368492 0.661835 0.009405 0.005466
0 0.368492 0.656606 0.009405 0.005466
0 0.428284 0.669677 0.009405 0.005466
0 0.559960 0.651378 0.009405 0.005466
0 0.706416 0.661835 0.009405 0.005466
0 0.831038 0.661835 0.009405 0.005466
0 0.157205 0.882842 0.009405 0.005466
0 0.289217 0.882842 0.009405 0.005466
0 0.433658 0.893298 0.009405 0.005466
0 0.561303 0.875000 0.009405 0.005466
0 0.707759 0.901141 0.009405 0.005466
0 0.831710 0.882842 0.009405 0.005466
0 0.191804 0.153279 0.009405 0.005466
0 0.191804 0.148051 0.009405 0.005466
0 0.191804 0.142823 0.009405 0.005466
0 0.233121 0.153279 0.009405 0.005466
0 0.233121 0.148051 0.009405 0.005466
0 0.233121 0.142823 0.009405 0.005466
0 0.315418 0.161122 0.009405 0.005466
0 0.315418 0.153279 0.009405 0.005466
0 0.315418 0.148051 0.009405 0.005466
0 0.356735 0.161122 0.009405 0.005466
0 0.356735 0.153279 0.009405 0.005466
0 0.356735 0.148051 0.009405 0.005466
0 0.456836 0.153279 0.009405 0.005466
0 0.465569 0.150665 0.009405 0.005466
0 0.456836 0.145437 0.009405 0.005466
0 0.501512 0.153279 0.009405 0.005466
0 0.510245 0.150665 0.009405 0.005466
0 0.501512 0.145437 0.009405 0.005466
0 0.590527 0.153279 0.009405 0.005466
0 0.599261 0.150665 0.009405 0.005466
0 0.590527 0.145437 0.009405 0.005466
0 0.635203 0.153279 0.009405 0.005466
0 0.643937 0.150665 0.009405 0.005466
0 0.635203 0.145437 0.009405 0.005466
0 0.740343 0.155894 0.009405 0.005466
0 0.740343 0.150665 0.009405 0.005466
0 0.740343 0.142823 0.009405 0.005466
0 0.783339 0.155894 0.009405 0.005466
0 0.783339 0.150665 0.009405 0.005466
0 0.783339 0.142823 0.009405 0.005466
0 0.869667 0.155894 0.009405 0.005466
0 0.869667 0.150665 0.009405 0.005466
0 0.869667 0.142823 0.009405 0.005466
0 0.912664 0.155894 0.009405 0.005466
0 0.912664 0.150665 0.009405 0.005466
0 0.912664 0.142823 0.009405 0.005466
0 0.192476 0.391397 0.009405 0.005466
0 0.192476 0.386169 0.009405 0.005466
0 0.192476 0.378327 0.009405 0.005466
0 0.234128 0.391397 0.009405 0.005466
0 0.234128 0.386169 0.009405 0.005466
0 0.234128 0.378327 0.009405 0.005466
0 0.317770 0.391397 0.009405 0.005466
0 0.326839 0.388783 0.009405 0.005466
0 0.317770 0.383555 0.009405 0.005466
0 0.317770 0.378327 0.009405 0.005466
0 0.359758 0.391397 0.009405 0.005466
0 0.368492 0.388783 0.009405 0.005466
0 0.359758 0.383555 0.009405 0.005466
0 0.359758 0.378327 0.009405 0.005466
0 0.458851 0.394011 0.009405 0.005466
0 0.458851 0.388783 0.009405 0.005466
0 0.458851 0.380941 0.009405 0.005466
0 0.499496 0.394011 0.009405 0.005466
0 0.499496 0.388783 0.009405 0.005466
0 0.499496 0.380941 0.009405 0.005466
0 0.581122 0.394011 0.009405 0.005466
0 0.581122 0.388783 0.009405 0.005466
0 0.581122 0.380941 0.009405 0.005466
0 0.621767 0.394011 0.009405 0.005466
0 0.621767 0.388783 0.009405 0.005466
0 0.621767 0.380941 0.009405 0.005466
0 0.680215 0.367871 0.009405 0.005466
0 0.680215 0.349572 0.009405 0.005466
0 0.771918 0.370485 0.009405 0.005466
0 0.771918 0.352186 0.009405 0.005466
0 0.817938 0.378327 0.009405 0.005466
0 0.817938 0.360029 0.009405 0.005466
0 0.909641 0.375713 0.009405 0.005466
0 0.909641 0.357414 0.009405 0.005466
0 0.153174 0.607177 0.009405 0.005466
0 0.153174 0.588878 0.009405 0.005466
0 0.239167 0.609791 0.009405 0.005466
0 0.239167 0.591492 0.009405 0.005466
0 0.282163 0.609791 0.009405 0.005466
0 0.282163 0.591492 0.009405 0.005466
0 0.471952 0.622861 0.009405 0.005466
0 0.471952 0.617633 0.009405 0.005466
0 0.471952 0.612405 0.009405 0.005466
0 0.481021 0.609791 0.009405 0.005466
0 0.515956 0.622861 0.009405 0.005466
0 0.515956 0.617633 0.009405 0.005466
0 0.515956 0.612405 0.009405 0.005466
0 0.524689 0.609791 0.009405 0.005466
0 0.603964 0.622861 0.009405 0.005466
0 0.603964 0.617633 0.009405 0.005466
0 0.603964 0.612405 0.009405 0.005466
0 0.612697 0.609791 0.009405 0.005466
0 0.647968 0.622861 0.009405 0.005466
0 0.647968 0.617633 0.009405 0.005466
0 0.647968 0.612405 0.009405 0.005466
0 0.656701 0.609791 0.009405 0.005466
0 0.748069 0.628089 0.009405 0.005466
0 0.748069 0.620247 0.009405 0.005466
0 0.748069 0.615019 0.009405 0.005466
0 0.789721 0.628089 0.009405 0.005466
0 0.789721 0.620247 0.009405 0.005466
0 0.789721 0.615019 0.009405 0.005466
0 0.872691 0.628089 0.009405 0.005466
0 0.872691 0.620247 0.009405 0.005466
0 0.872691 0.615019 0.009405 0.005466
0 0.914007 0.628089 0.009405 0.005466
0 0.914007 0.620247 0.009405 0.005466
0 0.914007 0.615019 0.009405 0.005466
0 0.201209 0.843631 0.009405 0.005466
0 0.209943 0.841017 0.009405 0.005466
0 0.201209 0.835789 0.009405 0.005466
0 0.245213 0.843631 0.009405 0.005466
0 0.253947 0.841017 0.009405 0.005466
0 0.245213 0.835789 0.009405 0.005466
0 0.333221 0.843631 0.009405 0.005466
0 0.341955 0.841017 0.009405 0.005466
0 0.333221 0.835789 0.009405 0.005466
0 0.377225 0.843631 0.009405 0.005466
0 0.385959 0.841017 0.009405 0.005466
0 0.377225 0.835789 0.009405 0.005466
0 0.476318 0.846245 0.009405 0.005466
0 0.476318 0.841017 0.009405 0.005466
0 0.476318 0.833413 0.009405 0.005466
0 0.518643 0.846245 0.009405 0.005466
0 0.518643 0.841017 0.009405 0.005466
0 0.518643 0.833413 0.009405 0.005466
0 0.603628 0.846245 0.009405 0.005466
0 0.603628 0.841017 0.009405 0.005466
0 0.603628 0.833413 0.009405 0.005466
0 0.646288 0.846245 0.009405 0.005466
0 0.646288 0.841017 0.009405 0.005466
0 0.646288 0.833413 0.009405 0.005466
0 0.749076 0.846245 0.009405 0.005466
0 0.749076 0.841017 0.009405 0.005466
0 0.749076 0.833413 0.009405 0.005466
0 0.790393 0.846245 0.009405 0.005466
0 0.790393 0.841017 0.009405 0.005466
0 0.790393 0.833413 0.009405 0.005466
0 0.873027 0.843631 0.009405 0.005466
0 0.881760 0.841017 0.009405 0.005466
0 0.873027 0.830798 0.009405 0.005466
0 0.914343 0.843631 0.009405 0.005466
0 0.923077 0.841017 0.009405 0.005466
0 0.914343 0.830798 0.009405 0.005466
0 0.150487 0.080323 0.009405 0.005466
0 0.191804 0.082937 0.009405 0.005466
0 0.356735 0.082937 0.009405 0.005466
0 0.412496 0.085551 0.009405 0.005466
0 0.501512 0.080323 0.009405 0.005466
0 0.545852 0.075095 0.009405 0.005466
0 0.635203 0.069867 0.009405 0.005466
0 0.697346 0.069867 0.009405 0.005466
0 0.783339 0.072481 0.009405 0.005466
0 0.826671 0.077709 0.009405 0.005466
0 0.912664 0.082937 0.009405 0.005466
0 0.150487 0.309886 0.009405 0.005466
0 0.234128 0.296816 0.009405 0.005466
0 0.276117 0.299430 0.009405 0.005466
0 0.359758 0.302044 0.009405 0.005466
0 0.418206 0.302044 0.009405 0.005466
0 0.458851 0.304658 0.009405 0.005466
0 0.621767 0.304658 0.009405 0.005466
0 0.680215 0.304658 0.009405 0.005466
0 0.771918 0.304658 0.009405 0.005466
0 0.817938 0.304658 0.009405 0.005466
0 0.909641 0.304658 0.009405 0.005466
0 0.153174 0.542538 0.009405 0.005466
0 0.239167 0.542538 0.009405 0.005466
0 0.282163 0.542538 0.009405 0.005466
0 0.368492 0.547766 0.009405 0.005466
0 0.428284 0.550380 0.009405 0.005466
0 0.515956 0.552994 0.009405 0.005466
0 0.559960 0.550380 0.009405 0.005466
0 0.647968 0.539924 0.009405 0.005466
0 0.706416 0.539924 0.009405 0.005466
0 0.748069 0.542538 0.009405 0.005466
0 0.914007 0.542538 0.009405 0.005466
0 0.157205 0.774002 0.009405 0.005466
0 0.245213 0.768774 0.009405 0.005466
0 0.289217 0.763546 0.009405 0.005466
0 0.377225 0.758317 0.009405 0.005466
0 0.433658 0.758317 0.009405 0.005466
0 0.518643 0.760932 0.009405 0.005466
0 0.561303 0.766160 0.009405 0.005466
0 0.646288 0.771388 0.009405 0.005466
0 0.707759 0.779230 0.009405 0.005466
0 0.790393 0.771388 0.009405 0.005466
0 0.831710 0.766160 0.009405 0.005466
0 0.914343 0.768774 0.009405 0.005466
