0 0.597246 0.887833 0.009741 0.005703
0 0.597246 0.882605 0.009741 0.005703
0 0.621095 0.887833 0.009741 0.005703
0 0.621095 0.882605 0.009741 0.005703
0 0.668458 0.887833 0.009741 0.005703
0 0.668458 0.882605 0.009741 0.005703
0 0.716157 0.887833 0.009741 0.005703
0 0.716157 0.882605 0.009741 0.005703
0 0.761841 0.885219 0.009741 0.005703
0 0.761841 0.879990 0.009741 0.005703
0 0.797111 0.885219 0.009741 0.005703
0 0.797111 0.879990 0.009741 0.005703
0 0.860598 0.874525 0.009741 0.005703
0 0.860598 0.869297 0.009741 0.005703
0 0.892173 0.877376 0.009741 0.005703
0 0.892173 0.871911 0.009741 0.005703
0 0.924085 0.879990 0.009741 0.005703
0 0.924085 0.874525 0.009741 0.005703
0 0.377897 0.423954 0.010077 0.005703
0 0.377897 0.413498 0.010077 0.005703
0 0.377897 0.400190 0.010077 0.005703
0 0.516292 0.397576 0.009741 0.005703
0 0.516292 0.392348 0.009741 0.005703
0 0.572052 0.397576 0.009741 0.005703
0 0.572052 0.392348 0.009741 0.005703
0 0.642257 0.403042 0.009741 0.005703
0 0.642257 0.397576 0.009741 0.005703
0 0.666443 0.403042 0.009741 0.005703
0 0.666443 0.397576 0.009741 0.005703
0 0.714814 0.403042 0.009741 0.005703
0 0.714814 0.397576 0.009741 0.005703
0 0.763184 0.403042 0.009741 0.005703
0 0.763184 0.397576 0.009741 0.005703
0 0.808196 0.400190 0.009741 0.005703
0 0.808196 0.394962 0.009741 0.005703
0 0.832718 0.400190 0.009741 0.005703
0 0.832718 0.394962 0.009741 0.005703
0 0.882096 0.400190 0.009741 0.005703
0 0.882096 0.394962 0.009741 0.005703
0 0.931139 0.400190 0.009741 0.005703
0 0.931139 0.394962 0.009741 0.005703
0 0.153846 0.634030 0.009741 0.005703
0 0.153846 0.628802 0.009741 0.005703
0 0.176016 0.634030 0.009741 0.005703
0 0.176016 0.628802 0.009741 0.005703
0 0.220356 0.634030 0.009741 0.005703
0 0.220356 0.628802 0.009741 0.005703
0 0.250924 0.634030 0.009741 0.005703
0 0.250924 0.628802 0.009741 0.005703
0 0.273094 0.634030 0.009741 0.005703
0 0.273094 0.628802 0.009741 0.005703
0 0.328183 0.644487 0.009741 0.005703
0 0.328183 0.634030 0.009741 0.005703
0 0.328183 0.628802 0.009741 0.005703
0 0.429627 0.634030 0.009741 0.005703
0 0.429627 0.628802 0.009741 0.005703
0 0.459859 0.634030 0.009741 0.005703
0 0.459859 0.628802 0.009741 0.005703
0 0.497817 0.634030 0.009741 0.005703
0 0.497817 0.628802 0.009741 0.005703
0 0.542492 0.636644 0.009741 0.005703
0 0.542492 0.631416 0.009741 0.005703
0 0.565334 0.636644 0.009741 0.005703
0 0.565334 0.631416 0.009741 0.005703
0 0.612361 0.636644 0.009741 0.005703
0 0.612361 0.631416 0.009741 0.005703
0 0.659053 0.636644 0.009741 0.005703
0 0.659053 0.631416 0.009741 0.005703
0 0.695331 0.639259 0.009741 0.005703
0 0.695331 0.634030 0.009741 0.005703
0 0.714814 0.639259 0.009741 0.005703
0 0.714814 0.634030 0.009741 0.005703
0 0.753779 0.639259 0.009741 0.005703
0 0.753779 0.634030 0.009741 0.005703
0 0.792744 0.639259 0.009741 0.005703
0 0.792744 0.634030 0.009741 0.005703
0 0.823984 0.641873 0.009741 0.005703
0 0.823984 0.636644 0.009741 0.005703
0 0.845482 0.641873 0.009741 0.005703
0 0.845482 0.636644 0.009741 0.005703
0 0.889822 0.641873 0.009741 0.005703
0 0.889822 0.636644 0.009741 0.005703
0 0.934162 0.641873 0.009741 0.005703
0 0.934162 0.636644 0.009741 0.005703
0 0.145113 0.882605 0.009741 0.005703
0 0.145113 0.877376 0.009741 0.005703
0 0.190796 0.882605 0.009741 0.005703
0 0.190796 0.877376 0.009741 0.005703
0 0.257306 0.882605 0.009741 0.005703
0 0.257306 0.877376 0.009741 0.005703
0 0.356399 0.885219 0.009741 0.005703
0 0.356399 0.879990 0.009741 0.005703
0 0.394021 0.885219 0.009741 0.005703
0 0.394021 0.879990 0.009741 0.005703
0 0.469600 0.885219 0.009741 0.005703
0 0.469600 0.879990 0.009741 0.005703
0 0.547867 0.885219 0.009741 0.005703
0 0.547867 0.879990 0.009741 0.005703
0 0.597246 0.877376 0.009741 0.005703
0 0.644609 0.874525 0.009741 0.005703
0 0.692308 0.877376 0.009741 0.005703
0 0.892173 0.871911 0.009741 0.005703
0 0.377897 0.307034 0.010077 0.005703
0 0.377897 0.299192 0.010077 0.005703
0 0.472623 0.304420 0.010077 0.005703
0 0.642257 0.304420 0.009741 0.005703
0 0.690628 0.307034 0.010077 0.005703
0 0.808196 0.301806 0.009741 0.005703
0 0.857239 0.304420 0.010077 0.005703
0 0.153846 0.587690 0.009741 0.005703
0 0.198186 0.590304 0.009741 0.005703
0 0.250924 0.590304 0.009741 0.005703
0 0.429963 0.590304 0.010077 0.005703
0 0.542828 0.592918 0.010077 0.005703
0 0.695331 0.595770 0.010077 0.005703
0 0.823984 0.598384 0.010077 0.005703
0 0.145448 0.832700 0.010077 0.005703
0 0.200537 0.304420 0.009741 0.005703
0 0.240175 0.299192 0.009741 0.005703
0 0.288546 0.296340 0.009741 0.005703
0 0.322472 0.291112 0.009741 0.005703
0 0.345314 0.293726 0.009741 0.005703
0 0.377897 0.283270 0.009741 0.005703
0 0.414175 0.285884 0.009741 0.005703
0 0.460195 0.304420 0.009741 0.005703
0 0.516292 0.299192 0.009741 0.005703
0 0.572052 0.296340 0.009741 0.005703
0 0.642257 0.291112 0.009741 0.005703
0 0.714814 0.293726 0.009741 0.005703
0 0.738999 0.296340 0.009741 0.005703
0 0.808196 0.288498 0.009741 0.005703
0 0.882096 0.291112 0.009741 0.005703
0 0.906617 0.293726 0.009741 0.005703
0 0.153846 0.574620 0.010077 0.005703
0 0.250924 0.574620 0.009741 0.005703
0 0.273094 0.577234 0.009741 0.005703
0 0.287202 0.579848 0.009741 0.005703
0 0.328183 0.590304 0.009741 0.005703
0 0.328183 0.579848 0.009741 0.005703
0 0.328183 0.574620 0.009741 0.005703
0 0.328183 0.566778 0.009741 0.005703
0 0.429627 0.572006 0.009741 0.005703
0 0.479006 0.577234 0.009741 0.005703
0 0.497817 0.579848 0.009741 0.005703
0 0.542492 0.579848 0.009741 0.005703
0 0.588176 0.577234 0.009741 0.005703
0 0.636211 0.579848 0.009741 0.005703
0 0.695331 0.579848 0.009741 0.005703
0 0.753779 0.582462 0.009741 0.005703
0 0.773262 0.585076 0.009741 0.005703
0 0.823984 0.585076 0.009741 0.005703
0 0.866980 0.582462 0.009741 0.005703
0 0.912664 0.585076 0.009741 0.005703
0 0.145113 0.817015 0.009741 0.005703
0 0.224051 0.819629 0.009741 0.005703
0 0.257306 0.822243 0.009741 0.005703
0 0.356399 0.835314 0.009741 0.005703
0 0.356399 0.822243 0.009741 0.005703
0 0.356399 0.817015 0.009741 0.005703
0 0.431643 0.832700 0.009741 0.005703
0 0.431643 0.819629 0.009741 0.005703
0 0.431643 0.814163 0.009741 0.005703
0 0.507222 0.830086 0.009741 0.005703
0 0.507222 0.817015 0.009741 0.005703
0 0.507222 0.811549 0.009741 0.005703
0 0.597246 0.827471 0.010077 0.005703
0 0.597246 0.814163 0.010077 0.005703
0 0.597246 0.808935 0.010077 0.005703
0 0.692308 0.827471 0.009741 0.005703
0 0.692308 0.819629 0.009741 0.005703
0 0.761841 0.822243 0.009741 0.005703
0 0.761841 0.817015 0.009741 0.005703
0 0.828687 0.819629 0.009741 0.005703
0 0.828687 0.814163 0.009741 0.005703
0 0.892173 0.830086 0.009741 0.005703
0 0.892173 0.817015 0.009741 0.005703
0 0.892173 0.811549 0.009741 0.005703
0 0.460195 0.223622 0.009741 0.005703
0 0.516292 0.218394 0.009741 0.005703
0 0.572052 0.215779 0.009741 0.005703
0 0.642257 0.210314 0.009741 0.005703
0 0.714814 0.213165 0.009741 0.005703
0 0.738999 0.215779 0.009741 0.005703
0 0.808196 0.207700 0.009741 0.005703
0 0.882096 0.210314 0.009741 0.005703
0 0.906617 0.213165 0.009741 0.005703
0 0.153846 0.498099 0.010077 0.005703
0 0.328183 0.498099 0.009741 0.005703
0 0.588176 0.516397 0.009741 0.005703
0 0.636211 0.511169 0.009741 0.005703
0 0.695331 0.503327 0.009741 0.005703
0 0.734296 0.519011 0.010077 0.005703
0 0.866980 0.505941 0.009741 0.005703
0 0.912664 0.508555 0.009741 0.005703
0 0.145113 0.744772 0.009741 0.005703
0 0.224051 0.747624 0.009741 0.005703
0 0.257306 0.750238 0.009741 0.005703
0 0.282499 0.750238 0.009741 0.005703
0 0.310044 0.750238 0.009741 0.005703
0 0.356399 0.750238 0.009741 0.005703
0 0.394021 0.750238 0.009741 0.005703
0 0.431643 0.747624 0.009741 0.005703
0 0.507222 0.750238 0.009741 0.005703
0 0.547867 0.750238 0.009741 0.005703
0 0.597246 0.750238 0.010077 0.005703
0 0.692308 0.755466 0.009741 0.005703
0 0.761841 0.750238 0.009741 0.005703
0 0.797111 0.750238 0.009741 0.005703
0 0.828687 0.747624 0.009741 0.005703
0 0.892173 0.744772 0.009741 0.005703
