0 0.140074 0.214591 0.009405 0.005466
0 0.165939 0.217205 0.009405 0.005466
0 0.191804 0.214591 0.009405 0.005466
0 0.276789 0.214591 0.009405 0.005466
0 0.302654 0.217205 0.009405 0.005466
0 0.328519 0.214591 0.009405 0.005466
0 0.420894 0.214591 0.009405 0.005466
0 0.445415 0.217205 0.009405 0.005466
0 0.470272 0.214591 0.009405 0.005466
0 0.494793 0.233127 0.009405 0.005466
0 0.559288 0.214591 0.009405 0.005466
0 0.583809 0.217205 0.009405 0.005466
0 0.608666 0.214591 0.009405 0.005466
0 0.633188 0.233127 0.009405 0.005466
0 0.709103 0.214591 0.009405 0.005466
0 0.730937 0.217205 0.009405 0.005466
0 0.753107 0.214591 0.009405 0.005466
0 0.774941 0.233127 0.009405 0.005466
0 0.832382 0.214591 0.009405 0.005466
0 0.854216 0.217205 0.009405 0.005466
0 0.876386 0.214591 0.009405 0.005466
0 0.898556 0.233127 0.009405 0.005466
0 0.140074 0.446055 0.009405 0.005466
0 0.169634 0.435361 0.009405 0.005466
0 0.192812 0.422291 0.009405 0.005466
0 0.215989 0.375000 0.009405 0.005466
0 0.239167 0.380228 0.009405 0.005466
0 0.262345 0.393298 0.009405 0.005466
0 0.285522 0.446055 0.009405 0.005466
0 0.308700 0.435361 0.009405 0.005466
0 0.331878 0.422291 0.009405 0.005466
0 0.355055 0.372148 0.009405 0.005466
0 0.378233 0.380228 0.009405 0.005466
0 0.401411 0.390684 0.009405 0.005466
0 0.434330 0.446055 0.009405 0.005466
0 0.453813 0.435361 0.009405 0.005466
0 0.473295 0.422291 0.009405 0.005466
0 0.492778 0.369534 0.009405 0.005466
0 0.512597 0.380228 0.009405 0.005466
0 0.532079 0.388070 0.009405 0.005466
0 0.551562 0.446055 0.009405 0.005466
0 0.571045 0.435361 0.009405 0.005466
0 0.590863 0.422291 0.009405 0.005466
0 0.610346 0.369534 0.009405 0.005466
0 0.629829 0.380228 0.009405 0.005466
0 0.649647 0.388070 0.009405 0.005466
0 0.693987 0.448669 0.009405 0.005466
0 0.716157 0.435361 0.009405 0.005466
0 0.737655 0.422291 0.009405 0.005466
0 0.759489 0.369534 0.009405 0.005466
0 0.781323 0.380228 0.009405 0.005466
0 0.803158 0.388070 0.009405 0.005466
0 0.824656 0.448669 0.009405 0.005466
0 0.846490 0.435361 0.009405 0.005466
0 0.868324 0.422291 0.009405 0.005466
0 0.890158 0.366920 0.009405 0.005466
0 0.911992 0.380228 0.009405 0.005466
0 0.933826 0.385456 0.009405 0.005466
0 0.149143 0.682034 0.009405 0.005466
0 0.170642 0.668964 0.009405 0.005466
0 0.192140 0.658508 0.009405 0.005466
0 0.213638 0.589829 0.009405 0.005466
0 0.235136 0.597909 0.009405 0.005466
0 0.256634 0.608365 0.009405 0.005466
0 0.278132 0.682034 0.009405 0.005466
0 0.299631 0.668964 0.009405 0.005466
0 0.321129 0.658508 0.009405 0.005466
0 0.342627 0.605751 0.009405 0.005466
0 0.364125 0.616207 0.009405 0.005466
0 0.385287 0.626901 0.009405 0.005466
0 0.430299 0.682034 0.009405 0.005466
0 0.451461 0.668964 0.009405 0.005466
0 0.472288 0.655894 0.009405 0.005466
0 0.493114 0.626901 0.009405 0.005466
0 0.513940 0.621435 0.009405 0.005466
0 0.534767 0.613593 0.009405 0.005466
0 0.555929 0.682034 0.009405 0.005466
0 0.576755 0.668964 0.009405 0.005466
0 0.597581 0.655894 0.009405 0.005466
0 0.618408 0.626901 0.009405 0.005466
0 0.639570 0.621435 0.009405 0.005466
0 0.660396 0.613593 0.009405 0.005466
0 0.704736 0.682034 0.009405 0.005466
0 0.725563 0.666350 0.009405 0.005466
0 0.746725 0.661122 0.009405 0.005466
0 0.767551 0.624287 0.009405 0.005466
0 0.788378 0.618821 0.009405 0.005466
0 0.809204 0.610979 0.009405 0.005466
0 0.830366 0.682034 0.009405 0.005466
0 0.851192 0.666350 0.009405 0.005466
0 0.872019 0.661122 0.009405 0.005466
0 0.892845 0.624287 0.009405 0.005466
0 0.914007 0.618821 0.009405 0.005466
0 0.934834 0.610979 0.009405 0.005466
0 0.140074 0.900903 0.009405 0.005466
0 0.161236 0.887595 0.009405 0.005466
0 0.182398 0.874525 0.009405 0.005466
0 0.203561 0.845532 0.009405 0.005466
0 0.224723 0.840304 0.009405 0.005466
0 0.245885 0.832462 0.009405 0.005466
0 0.267047 0.900903 0.009405 0.005466
0 0.288210 0.887595 0.009405 0.005466
0 0.309372 0.874525 0.009405 0.005466
0 0.330534 0.845532 0.009405 0.005466
0 0.351696 0.840304 0.009405 0.005466
0 0.372859 0.832462 0.009405 0.005466
0 0.418206 0.898289 0.009405 0.005466
0 0.440040 0.890209 0.009405 0.005466
0 0.461874 0.879753 0.009405 0.005466
0 0.483373 0.848146 0.009405 0.005466
0 0.506550 0.842918 0.009405 0.005466
0 0.528384 0.832462 0.009405 0.005466
0 0.550218 0.898289 0.009405 0.005466
0 0.572052 0.890209 0.009405 0.005466
0 0.593886 0.879753 0.009405 0.005466
0 0.615721 0.848146 0.009405 0.005466
0 0.637219 0.842918 0.009405 0.005466
0 0.659053 0.832462 0.009405 0.005466
0 0.690628 0.895675 0.009405 0.005466
0 0.712798 0.884981 0.009405 0.005466
0 0.734968 0.877139 0.009405 0.005466
0 0.756802 0.848146 0.009405 0.005466
0 0.778972 0.837690 0.009405 0.005466
0 0.801142 0.835076 0.009405 0.005466
0 0.823312 0.895675 0.009405 0.005466
0 0.845146 0.884981 0.009405 0.005466
0 0.867316 0.877139 0.009405 0.005466
0 0.889486 0.848146 0.009405 0.005466
0 0.911656 0.837690 0.009405 0.005466
0 0.933490 0.835076 0.009405 0.005466
0 0.140074 0.159458 0.009405 0.005466
0 0.140074 0.153992 0.009405 0.005466
0 0.191804 0.156844 0.009405 0.005466
0 0.191804 0.151378 0.009405 0.005466
0 0.276789 0.162072 0.009405 0.005466
0 0.276789 0.156844 0.009405 0.005466
0 0.328519 0.159458 0.009405 0.005466
0 0.328519 0.153992 0.009405 0.005466
0 0.420894 0.153992 0.009405 0.005466
0 0.420894 0.148764 0.009405 0.005466
0 0.470272 0.151378 0.009405 0.005466
0 0.470272 0.146150 0.009405 0.005466
0 0.519651 0.153992 0.009405 0.005466
0 0.519651 0.148764 0.009405 0.005466
0 0.559288 0.156844 0.009405 0.005466
0 0.559288 0.151378 0.009405 0.005466
0 0.608666 0.153992 0.009405 0.005466
0 0.608666 0.148764 0.009405 0.005466
0 0.658045 0.156844 0.009405 0.005466
0 0.658045 0.151378 0.009405 0.005466
0 0.709103 0.159458 0.009405 0.005466
0 0.709103 0.153992 0.009405 0.005466
0 0.753107 0.156844 0.009405 0.005466
0 0.753107 0.151378 0.009405 0.005466
0 0.797111 0.153992 0.009405 0.005466
0 0.797111 0.148764 0.009405 0.005466
0 0.832382 0.156844 0.009405 0.005466
0 0.832382 0.151378 0.009405 0.005466
0 0.876386 0.153992 0.009405 0.005466
0 0.876386 0.148764 0.009405 0.005466
0 0.920390 0.159458 0.009405 0.005466
0 0.920390 0.153992 0.009405 0.005466
0 0.140074 0.403755 0.009405 0.005466
0 0.140074 0.398527 0.009405 0.005466
0 0.430299 0.626901 0.009405 0.005466
0 0.430299 0.621435 0.009405 0.005466
0 0.430299 0.613593 0.009405 0.005466
0 0.140074 0.080798 0.009405 0.005466
0 0.233121 0.083413 0.009405 0.005466
0 0.276789 0.088641 0.009405 0.005466
0 0.369835 0.080798 0.009405 0.005466
0 0.420894 0.075570 0.009405 0.005466
0 0.470272 0.078184 0.009405 0.005466
0 0.519651 0.080798 0.009405 0.005466
0 0.559288 0.078184 0.009405 0.005466
0 0.608666 0.080798 0.009405 0.005466
0 0.658045 0.083413 0.009405 0.005466
0 0.709103 0.088641 0.009405 0.005466
0 0.832382 0.086027 0.009405 0.005466
0 0.920390 0.091255 0.009405 0.005466
0 0.140074 0.322719 0.009405 0.005466
0 0.169634 0.322719 0.009405 0.005466
0 0.239167 0.322719 0.009405 0.005466
0 0.285522 0.320105 0.009405 0.005466
0 0.331878 0.322719 0.009405 0.005466
0 0.378233 0.320105 0.009405 0.005466
0 0.434330 0.317490 0.009405 0.005466
0 0.551562 0.317490 0.009405 0.005466
0 0.629829 0.317490 0.009405 0.005466
0 0.693987 0.317490 0.009405 0.005466
0 0.737655 0.322719 0.009405 0.005466
0 0.781323 0.317490 0.009405 0.005466
0 0.824656 0.314876 0.009405 0.005466
0 0.911992 0.314876 0.009405 0.005466
0 0.149143 0.530418 0.009405 0.005466
0 0.278132 0.530418 0.009405 0.005466
0 0.321129 0.538260 0.009405 0.005466
0 0.385287 0.538260 0.009405 0.005466
0 0.430299 0.535646 0.009405 0.005466
0 0.555929 0.533032 0.009405 0.005466
0 0.639570 0.530418 0.009405 0.005466
0 0.704736 0.533032 0.009405 0.005466
0 0.830366 0.540875 0.009405 0.005466
0 0.914007 0.540875 0.009405 0.005466
0 0.140074 0.763783 0.009405 0.005466
0 0.224723 0.771863 0.009405 0.005466
0 0.267047 0.763783 0.009405 0.005466
0 0.309372 0.761169 0.009405 0.005466
0 0.351696 0.758555 0.009405 0.005466
0 0.418206 0.761169 0.009405 0.005466
0 0.550218 0.763783 0.009405 0.005466
0 0.637219 0.763783 0.009405 0.005466
0 0.690628 0.766635 0.009405 0.005466
0 0.823312 0.766635 0.009405 0.005466
0 0.867316 0.761169 0.009405 0.005466
0 0.911656 0.755941 0.009405 0.005466
