0 0.459677 0.326919 0.009409 0.005464
0 0.752352 0.326919 0.009409 0.005464
0 0.266129 0.616061 0.009409 0.005464
0 0.530578 0.616061 0.009409 0.005464
0 0.781250 0.616061 0.009409 0.005464
0 0.169019 0.899263 0.009409 0.005464
0 0.190860 0.888810 0.009409 0.005464
0 0.213038 0.857211 0.009409 0.005464
0 0.234879 0.851984 0.009409 0.005464
0 0.257056 0.846519 0.009409 0.005464
0 0.327285 0.899263 0.009409 0.005464
0 0.505376 0.899263 0.009409 0.005464
0 0.776210 0.899263 0.009409 0.005464
0 0.237903 0.285341 0.009409 0.005464
0 0.264785 0.272274 0.009409 0.005464
0 0.292003 0.259206 0.009409 0.005464
0 0.319220 0.248515 0.009409 0.005464
0 0.360215 0.285341 0.009409 0.005464
0 0.385081 0.269660 0.009409 0.005464
0 0.409946 0.261820 0.009409 0.005464
0 0.434812 0.248515 0.009409 0.005464
0 0.539651 0.285341 0.009409 0.005464
0 0.564516 0.272274 0.009409 0.005464
0 0.589382 0.259206 0.009409 0.005464
0 0.614247 0.248515 0.009409 0.005464
0 0.652890 0.285341 0.009409 0.005464
0 0.677755 0.269660 0.009409 0.005464
0 0.702621 0.261820 0.009409 0.005464
0 0.727487 0.248515 0.009409 0.005464
0 0.832325 0.285341 0.009409 0.005464
0 0.857191 0.272274 0.009409 0.005464
0 0.882056 0.259206 0.009409 0.005464
0 0.906922 0.248515 0.009409 0.005464
0 0.171371 0.581611 0.009409 0.005464
0 0.195228 0.565930 0.009409 0.005464
0 0.218750 0.558090 0.009409 0.005464
0 0.242608 0.544785 0.009409 0.005464
0 0.342070 0.581611 0.009409 0.005464
0 0.365591 0.568544 0.009409 0.005464
0 0.389113 0.555476 0.009409 0.005464
0 0.412970 0.544785 0.009409 0.005464
0 0.453629 0.581611 0.009409 0.005464
0 0.472782 0.565930 0.009409 0.005464
0 0.491935 0.558090 0.009409 0.005464
0 0.511425 0.544785 0.009409 0.005464
0 0.592070 0.581611 0.009409 0.005464
0 0.611223 0.565930 0.009409 0.005464
0 0.630712 0.558090 0.009409 0.005464
0 0.649866 0.544785 0.009409 0.005464
0 0.697581 0.581611 0.009409 0.005464
0 0.718414 0.568544 0.009409 0.005464
0 0.739247 0.555476 0.009409 0.005464
0 0.760417 0.544785 0.009409 0.005464
0 0.848118 0.573770 0.009409 0.005464
0 0.868952 0.565930 0.009409 0.005464
0 0.890121 0.560703 0.009409 0.005464
0 0.910954 0.547398 0.009409 0.005464
0 0.169019 0.851984 0.009409 0.005464
0 0.213038 0.836066 0.009409 0.005464
0 0.257056 0.838679 0.009409 0.005464
0 0.292003 0.857211 0.009409 0.005464
0 0.292003 0.851984 0.009409 0.005464
0 0.292003 0.841292 0.009409 0.005464
0 0.327285 0.857211 0.009409 0.005464
0 0.336358 0.854597 0.009409 0.005464
0 0.327285 0.849133 0.009409 0.005464
0 0.362567 0.857211 0.009409 0.005464
0 0.362567 0.851984 0.009409 0.005464
0 0.362567 0.846519 0.009409 0.005464
0 0.417339 0.857211 0.009409 0.005464
0 0.439516 0.854597 0.009409 0.005464
0 0.461358 0.843906 0.009409 0.005464
0 0.483535 0.830839 0.009409 0.005464
0 0.575605 0.857211 0.009409 0.005464
0 0.597782 0.851984 0.009409 0.005464
0 0.619624 0.846519 0.009409 0.005464
0 0.641801 0.838679 0.009409 0.005464
0 0.689516 0.857211 0.009409 0.005464
0 0.711022 0.854597 0.009409 0.005464
0 0.732863 0.843906 0.009409 0.005464
0 0.754368 0.830839 0.009409 0.005464
0 0.845430 0.857211 0.009409 0.005464
0 0.866935 0.851984 0.009409 0.005464
0 0.888441 0.846519 0.009409 0.005464
0 0.910282 0.838679 0.009409 0.005464
0 0.832325 0.213828 0.009409 0.005464
0 0.171371 0.476123 0.009409 0.005464
0 0.266129 0.483963 0.009409 0.005464
0 0.304099 0.483963 0.009409 0.005464
0 0.342070 0.481349 0.009409 0.005464
0 0.389113 0.478736 0.009409 0.005464
0 0.453629 0.476123 0.009409 0.005464
0 0.530578 0.483963 0.009409 0.005464
0 0.697581 0.481349 0.009409 0.005464
0 0.739247 0.473509 0.009409 0.005464
0 0.781250 0.476123 0.009409 0.005464
0 0.814852 0.481349 0.009409 0.005464
0 0.848118 0.486576 0.009409 0.005464
0 0.890121 0.483963 0.009409 0.005464
0 0.169019 0.770492 0.009409 0.005464
0 0.417339 0.762651 0.009409 0.005464
0 0.461358 0.767878 0.009409 0.005464
0 0.505376 0.767878 0.009409 0.005464
0 0.575605 0.765265 0.009409 0.005464
0 0.689516 0.762651 0.009409 0.005464
0 0.732863 0.767878 0.009409 0.005464
0 0.776210 0.767878 0.009409 0.005464
0 0.845430 0.765265 0.009409 0.005464
