0 0.158213 0.233365 0.010077 0.005703
0 0.158213 0.213878 0.010077 0.005703
0 0.263016 0.238831 0.010077 0.005703
0 0.263016 0.219344 0.010077 0.005703
0 0.367484 0.241445 0.010077 0.005703
0 0.367484 0.222196 0.010077 0.005703
0 0.485052 0.213878 0.010077 0.005703
0 0.485052 0.202947 0.010077 0.005703
0 0.617064 0.213878 0.010077 0.005703
0 0.617064 0.202947 0.010077 0.005703
0 0.716157 0.213878 0.010077 0.005703
0 0.716157 0.202947 0.010077 0.005703
0 0.894861 0.233365 0.010077 0.005703
0 0.894861 0.227662 0.010077 0.005703
0 0.894861 0.222196 0.010077 0.005703
0 0.158213 0.455086 0.010077 0.005703
0 0.158213 0.449382 0.010077 0.005703
0 0.158213 0.441302 0.010077 0.005703
0 0.259993 0.452234 0.010077 0.005703
0 0.259993 0.443916 0.010077 0.005703
0 0.259993 0.438451 0.010077 0.005703
0 0.350689 0.455086 0.010077 0.005703
0 0.350689 0.449382 0.010077 0.005703
0 0.350689 0.441302 0.010077 0.005703
0 0.452469 0.460551 0.010077 0.005703
0 0.452469 0.455086 0.010077 0.005703
0 0.452469 0.449382 0.010077 0.005703
0 0.452469 0.441302 0.010077 0.005703
0 0.564327 0.468869 0.010077 0.005703
0 0.564327 0.463403 0.010077 0.005703
0 0.564327 0.455086 0.010077 0.005703
0 0.564327 0.449382 0.010077 0.005703
0 0.665099 0.463403 0.010077 0.005703
0 0.665099 0.457700 0.010077 0.005703
0 0.665099 0.452234 0.010077 0.005703
0 0.765872 0.466017 0.010077 0.005703
0 0.765872 0.460551 0.010077 0.005703
0 0.765872 0.452234 0.010077 0.005703
0 0.765872 0.446768 0.010077 0.005703
0 0.879073 0.452234 0.010077 0.005703
0 0.879073 0.446768 0.010077 0.005703
0 0.879073 0.441302 0.010077 0.005703
0 0.158213 0.687975 0.010077 0.005703
0 0.158213 0.676806 0.010077 0.005703
0 0.158213 0.668489 0.010077 0.005703
0 0.250588 0.668489 0.010077 0.005703
0 0.250588 0.663023 0.010077 0.005703
0 0.296607 0.671340 0.010077 0.005703
0 0.296607 0.665875 0.010077 0.005703
0 0.342963 0.668489 0.010077 0.005703
0 0.342963 0.663023 0.010077 0.005703
0 0.435338 0.668489 0.010077 0.005703
0 0.435338 0.663023 0.010077 0.005703
0 0.481357 0.665875 0.010077 0.005703
0 0.546523 0.685124 0.010077 0.005703
0 0.546523 0.665875 0.010077 0.005703
0 0.649647 0.690589 0.010077 0.005703
0 0.649647 0.671340 0.010077 0.005703
0 0.752435 0.693441 0.010077 0.005703
0 0.752435 0.674192 0.010077 0.005703
0 0.876722 0.685124 0.010077 0.005703
0 0.876722 0.665875 0.010077 0.005703
0 0.158213 0.899715 0.010077 0.005703
0 0.158213 0.888546 0.010077 0.005703
0 0.255626 0.894249 0.010077 0.005703
0 0.255626 0.888546 0.010077 0.005703
0 0.255626 0.880466 0.010077 0.005703
0 0.341955 0.885932 0.010077 0.005703
0 0.341955 0.874762 0.010077 0.005703
0 0.572052 0.885932 0.010077 0.005703
0 0.572052 0.874762 0.010077 0.005703
0 0.775949 0.885932 0.010077 0.005703
0 0.775949 0.874762 0.010077 0.005703
0 0.210615 0.183460 0.010077 0.005703
0 0.210615 0.177994 0.010077 0.005703
0 0.210615 0.164211 0.010077 0.005703
0 0.315082 0.189163 0.010077 0.005703
0 0.315082 0.183460 0.010077 0.005703
0 0.315082 0.169677 0.010077 0.005703
0 0.419550 0.191778 0.010077 0.005703
0 0.419550 0.183460 0.010077 0.005703
0 0.419550 0.172529 0.010077 0.005703
0 0.485052 0.150428 0.010077 0.005703
0 0.537454 0.150428 0.010077 0.005703
0 0.570037 0.153279 0.010077 0.005703
0 0.617064 0.150428 0.010077 0.005703
0 0.641921 0.158745 0.010077 0.005703
0 0.666779 0.164211 0.010077 0.005703
0 0.691300 0.158745 0.010077 0.005703
0 0.716157 0.153279 0.010077 0.005703
0 0.741014 0.161359 0.010077 0.005703
0 0.765872 0.167063 0.010077 0.005703
0 0.790729 0.161359 0.010077 0.005703
0 0.815586 0.169677 0.010077 0.005703
0 0.855223 0.169677 0.010077 0.005703
0 0.934834 0.189163 0.010077 0.005703
0 0.934834 0.183460 0.010077 0.005703
0 0.934834 0.177994 0.010077 0.005703
0 0.203561 0.410884 0.010077 0.005703
0 0.203561 0.405418 0.010077 0.005703
0 0.203561 0.397101 0.010077 0.005703
0 0.305341 0.408032 0.010077 0.005703
0 0.305341 0.399715 0.010077 0.005703
0 0.305341 0.394249 0.010077 0.005703
0 0.395700 0.410884 0.010077 0.005703
0 0.395700 0.405418 0.010077 0.005703
0 0.395700 0.397101 0.010077 0.005703
0 0.497481 0.410884 0.010077 0.005703
0 0.497481 0.405418 0.010077 0.005703
0 0.497481 0.397101 0.010077 0.005703
0 0.614713 0.410884 0.010077 0.005703
0 0.614713 0.399715 0.010077 0.005703
0 0.715485 0.413498 0.010077 0.005703
0 0.715485 0.408032 0.010077 0.005703
0 0.715485 0.399715 0.010077 0.005703
0 0.816258 0.416350 0.010077 0.005703
0 0.816258 0.408032 0.010077 0.005703
0 0.816258 0.397101 0.010077 0.005703
0 0.929459 0.408032 0.010077 0.005703
0 0.929459 0.402567 0.010077 0.005703
0 0.929459 0.397101 0.010077 0.005703
0 0.204568 0.638070 0.010077 0.005703
0 0.204568 0.632605 0.010077 0.005703
0 0.204568 0.624287 0.010077 0.005703
0 0.204568 0.618821 0.010077 0.005703
0 0.250588 0.632605 0.010077 0.005703
0 0.250588 0.624287 0.010077 0.005703
0 0.250588 0.618821 0.010077 0.005703
0 0.296607 0.627139 0.010077 0.005703
0 0.296607 0.621673 0.010077 0.005703
0 0.296607 0.615970 0.010077 0.005703
0 0.388982 0.632605 0.010077 0.005703
0 0.388982 0.624287 0.010077 0.005703
0 0.388982 0.618821 0.010077 0.005703
0 0.481357 0.635456 0.010077 0.005703
0 0.481357 0.629990 0.010077 0.005703
0 0.481357 0.621673 0.010077 0.005703
0 0.598253 0.635456 0.010077 0.005703
0 0.598253 0.627139 0.010077 0.005703
0 0.598253 0.615970 0.010077 0.005703
0 0.701041 0.640922 0.010077 0.005703
0 0.701041 0.632605 0.010077 0.005703
0 0.701041 0.621673 0.010077 0.005703
0 0.804165 0.638070 0.010077 0.005703
0 0.804165 0.632605 0.010077 0.005703
0 0.804165 0.624287 0.010077 0.005703
0 0.804165 0.618821 0.010077 0.005703
0 0.928116 0.635456 0.010077 0.005703
0 0.928116 0.624287 0.010077 0.005703
0 0.928116 0.615970 0.010077 0.005703
0 0.201545 0.850285 0.010077 0.005703
0 0.201545 0.844819 0.010077 0.005703
0 0.201545 0.839354 0.010077 0.005703
0 0.201545 0.831036 0.010077 0.005703
0 0.298623 0.844819 0.010077 0.005703
0 0.298623 0.839354 0.010077 0.005703
0 0.341955 0.836502 0.010077 0.005703
0 0.368828 0.833650 0.010077 0.005703
0 0.396036 0.831036 0.010077 0.005703
0 0.422909 0.828184 0.010077 0.005703
0 0.449782 0.825333 0.010077 0.005703
0 0.476990 0.831036 0.010077 0.005703
0 0.503863 0.836502 0.010077 0.005703
0 0.530736 0.831036 0.010077 0.005703
0 0.572052 0.828184 0.010077 0.005703
0 0.597581 0.833650 0.010077 0.005703
0 0.623111 0.839354 0.010077 0.005703
0 0.648640 0.833650 0.010077 0.005703
0 0.674169 0.828184 0.010077 0.005703
0 0.699698 0.833650 0.010077 0.005703
0 0.724891 0.839354 0.010077 0.005703
0 0.750420 0.833650 0.010077 0.005703
0 0.775949 0.836502 0.010077 0.005703
0 0.801478 0.833650 0.010077 0.005703
0 0.827007 0.831036 0.010077 0.005703
0 0.852536 0.828184 0.010077 0.005703
0 0.877729 0.825333 0.010077 0.005703
0 0.903258 0.831036 0.010077 0.005703
0 0.928787 0.836502 0.010077 0.005703
0 0.954316 0.831036 0.010077 0.005703
0 0.158213 0.094582 0.010077 0.005703
0 0.210615 0.100048 0.010077 0.005703
0 0.263016 0.102899 0.010077 0.005703
0 0.315082 0.105513 0.010077 0.005703
0 0.367484 0.102899 0.010077 0.005703
0 0.452469 0.113831 0.010077 0.005703
0 0.485052 0.113831 0.010077 0.005703
0 0.934834 0.108365 0.010077 0.005703
0 0.158213 0.332224 0.010077 0.005703
0 0.231777 0.332224 0.010077 0.005703
0 0.259993 0.329373 0.010077 0.005703
0 0.305341 0.334838 0.010077 0.005703
0 0.350689 0.332224 0.010077 0.005703
0 0.424253 0.340542 0.010077 0.005703
0 0.452469 0.340542 0.010077 0.005703
0 0.497481 0.332224 0.010077 0.005703
0 0.564327 0.326521 0.010077 0.005703
0 0.614713 0.329373 0.010077 0.005703
0 0.665099 0.332224 0.010077 0.005703
0 0.715485 0.334838 0.010077 0.005703
0 0.765872 0.332224 0.010077 0.005703
0 0.847497 0.343156 0.010077 0.005703
0 0.879073 0.343156 0.010077 0.005703
0 0.929459 0.332224 0.010077 0.005703
0 0.158213 0.553945 0.010077 0.005703
0 0.204568 0.556559 0.010077 0.005703
0 0.250588 0.553945 0.010077 0.005703
0 0.296607 0.551093 0.010077 0.005703
0 0.342963 0.553945 0.010077 0.005703
0 0.481357 0.556559 0.010077 0.005703
0 0.546523 0.551093 0.010077 0.005703
0 0.701041 0.556559 0.010077 0.005703
0 0.752435 0.553945 0.010077 0.005703
0 0.836412 0.556559 0.010077 0.005703
0 0.876722 0.553945 0.010077 0.005703
0 0.928116 0.551093 0.010077 0.005703
0 0.158213 0.773051 0.010077 0.005703
0 0.228418 0.792300 0.010077 0.005703
0 0.255626 0.792300 0.010077 0.005703
