0 0.175008 0.462452 0.010077 0.005703
0 0.713134 0.454135 0.011421 0.005941
0 0.156533 0.661835 0.010077 0.005703
0 0.157205 0.231702 0.011421 0.005941
0 0.559960 0.231702 0.010077 0.005703
0 0.656365 0.226236 0.010077 0.005703
0 0.756466 0.228850 0.010077 0.005703
0 0.856231 0.220532 0.010077 0.005703
0 0.156533 0.462452 0.010077 0.005703
0 0.250252 0.445817 0.010077 0.005703
0 0.284179 0.448669 0.010077 0.005703
0 0.344978 0.462452 0.010077 0.005703
0 0.431643 0.462452 0.010077 0.005703
0 0.503191 0.462452 0.010077 0.005703
0 0.503191 0.445817 0.010077 0.005703
0 0.572052 0.454135 0.010077 0.005703
0 0.572052 0.448669 0.010077 0.005703
0 0.637555 0.454135 0.010077 0.005703
0 0.713134 0.437500 0.010077 0.005703
0 0.803158 0.440352 0.010077 0.005703
0 0.834397 0.442966 0.010077 0.005703
0 0.924421 0.445817 0.010077 0.005703
0 0.156533 0.656369 0.010077 0.005703
0 0.243870 0.664686 0.010077 0.005703
0 0.302318 0.656369 0.010077 0.005703
0 0.331542 0.667300 0.010077 0.005703
0 0.389654 0.653517 0.010077 0.005703
0 0.418878 0.673004 0.010077 0.005703
0 0.484380 0.664686 0.010077 0.005703
0 0.534095 0.675618 0.010077 0.005703
0 0.639570 0.675618 0.010077 0.005703
0 0.712462 0.664686 0.010077 0.005703
0 0.745045 0.681321 0.010077 0.005703
0 0.850521 0.681321 0.010077 0.005703
0 0.850521 0.664686 0.010077 0.005703
0 0.156533 0.891160 0.010077 0.005703
0 0.156533 0.877376 0.010077 0.005703
0 0.456500 0.879990 0.010077 0.005703
0 0.526705 0.871911 0.010077 0.005703
0 0.576755 0.882842 0.010077 0.005703
0 0.674169 0.882842 0.010077 0.005703
0 0.738999 0.871911 0.010077 0.005703
0 0.768223 0.888308 0.010077 0.005703
0 0.861942 0.888308 0.010077 0.005703
0 0.861942 0.871911 0.010077 0.005703
0 0.157541 0.161835 0.010077 0.005703
0 0.185086 0.173004 0.010077 0.005703
0 0.212966 0.181321 0.010077 0.005703
0 0.255291 0.164686 0.010077 0.005703
0 0.283171 0.175856 0.010077 0.005703
0 0.323816 0.178470 0.010077 0.005703
0 0.351696 0.167538 0.010077 0.005703
0 0.379577 0.175856 0.010077 0.005703
0 0.420222 0.181321 0.010077 0.005703
0 0.448102 0.170152 0.010077 0.005703
0 0.475983 0.175856 0.010077 0.005703
0 0.516627 0.181321 0.010077 0.005703
0 0.559960 0.173004 0.010077 0.005703
0 0.588848 0.181321 0.010077 0.005703
0 0.617736 0.186787 0.010077 0.005703
0 0.656365 0.175856 0.010077 0.005703
0 0.685254 0.186787 0.010077 0.005703
0 0.727578 0.192253 0.010077 0.005703
0 0.756466 0.178470 0.010077 0.005703
0 0.785354 0.186787 0.010077 0.005703
0 0.827343 0.189639 0.010077 0.005703
0 0.856231 0.170152 0.010077 0.005703
0 0.885119 0.181321 0.010077 0.005703
0 0.927108 0.189639 0.010077 0.005703
0 0.177024 0.401616 0.010077 0.005703
0 0.197178 0.393298 0.010077 0.005703
0 0.217333 0.387833 0.010077 0.005703
0 0.237487 0.393298 0.010077 0.005703
0 0.264024 0.399002 0.010077 0.005703
0 0.304333 0.401616 0.010077 0.005703
0 0.324824 0.393298 0.010077 0.005703
0 0.344978 0.387833 0.010077 0.005703
0 0.365805 0.393298 0.010077 0.005703
0 0.390998 0.396150 0.010077 0.005703
0 0.431643 0.385219 0.010077 0.005703
0 0.452805 0.399002 0.010077 0.005703
0 0.481357 0.404468 0.010077 0.005703
0 0.503191 0.393298 0.010077 0.005703
0 0.524353 0.399002 0.010077 0.005703
0 0.550890 0.396150 0.010077 0.005703
0 0.572052 0.393298 0.010077 0.005703
0 0.593551 0.382367 0.010077 0.005703
0 0.614713 0.374049 0.010077 0.005703
0 0.637555 0.376901 0.010077 0.005703
0 0.658717 0.385219 0.010077 0.005703
0 0.679879 0.390684 0.010077 0.005703
0 0.732617 0.390684 0.010077 0.005703
0 0.752099 0.382367 0.010077 0.005703
0 0.771582 0.385219 0.010077 0.005703
0 0.790729 0.393298 0.010077 0.005703
0 0.853880 0.396150 0.010077 0.005703
0 0.873362 0.387833 0.010077 0.005703
0 0.892845 0.390684 0.010077 0.005703
0 0.912328 0.399002 0.010077 0.005703
0 0.185757 0.624049 0.010077 0.005703
0 0.214982 0.615970 0.010077 0.005703
0 0.243870 0.613118 0.010077 0.005703
0 0.273094 0.624049 0.010077 0.005703
0 0.331542 0.615970 0.010077 0.005703
0 0.360430 0.621435 0.010077 0.005703
0 0.418878 0.621435 0.010077 0.005703
0 0.447766 0.632367 0.010077 0.005703
0 0.566678 0.638070 0.010077 0.005703
0 0.607323 0.635219 0.010077 0.005703
0 0.639570 0.624049 0.010077 0.005703
0 0.672153 0.635219 0.010077 0.005703
0 0.777628 0.629753 0.010077 0.005703
0 0.817938 0.618584 0.010077 0.005703
0 0.850521 0.626901 0.010077 0.005703
0 0.883104 0.632367 0.010077 0.005703
0 0.923413 0.629753 0.010077 0.005703
0 0.156533 0.835789 0.010077 0.005703
0 0.187773 0.841492 0.010077 0.005703
0 0.229762 0.838641 0.010077 0.005703
0 0.261001 0.879990 0.010077 0.005703
0 0.292241 0.841492 0.010077 0.005703
0 0.331878 0.830323 0.010077 0.005703
0 0.362781 0.877376 0.010077 0.005703
0 0.394021 0.838641 0.010077 0.005703
0 0.425260 0.833175 0.010077 0.005703
0 0.456500 0.830323 0.010077 0.005703
0 0.487739 0.841492 0.010077 0.005703
0 0.605643 0.846958 0.010077 0.005703
0 0.645280 0.844106 0.010077 0.005703
0 0.674169 0.833175 0.010077 0.005703
0 0.703057 0.844106 0.010077 0.005703
0 0.797111 0.838641 0.010077 0.005703
0 0.833053 0.827709 0.010077 0.005703
0 0.861942 0.835789 0.010077 0.005703
0 0.890830 0.841492 0.010077 0.005703
0 0.927108 0.838641 0.010077 0.005703
0 0.157541 0.088641 0.010077 0.005703
0 0.225731 0.088641 0.010077 0.005703
0 0.255291 0.088641 0.010077 0.005703
0 0.303661 0.086027 0.010077 0.005703
0 0.351696 0.080561 0.010077 0.005703
0 0.400067 0.083175 0.010077 0.005703
0 0.448102 0.083175 0.010077 0.005703
0 0.496137 0.080561 0.010077 0.005703
0 0.559960 0.077709 0.010077 0.005703
0 0.630836 0.083175 0.010077 0.005703
0 0.656365 0.086027 0.010077 0.005703
0 0.706416 0.088641 0.010077 0.005703
0 0.756466 0.083175 0.010077 0.005703
0 0.806181 0.086027 0.010077 0.005703
0 0.856231 0.086027 0.010077 0.005703
0 0.905946 0.083175 0.010077 0.005703
0 0.156533 0.300380 0.010077 0.005703
0 0.250252 0.297529 0.010077 0.005703
0 0.284179 0.294914 0.010077 0.005703
0 0.378569 0.314163 0.010077 0.005703
0 0.431643 0.300380 0.010077 0.005703
0 0.467921 0.302994 0.010077 0.005703
0 0.503191 0.305846 0.010077 0.005703
0 0.537790 0.302994 0.010077 0.005703
0 0.572052 0.305846 0.010077 0.005703
0 0.713134 0.305846 0.010077 0.005703
0 0.418878 0.555846 0.010077 0.005703
0 0.466241 0.553232 0.010077 0.005703
0 0.534095 0.550380 0.010077 0.005703
0 0.586832 0.553232 0.010077 0.005703
0 0.639570 0.550380 0.010077 0.005703
0 0.692308 0.547529 0.010077 0.005703
0 0.745045 0.542063 0.010077 0.005703
0 0.797783 0.544914 0.010077 0.005703
0 0.850521 0.555846 0.010077 0.005703
0 0.903258 0.553232 0.010077 0.005703
0 0.156533 0.758080 0.010077 0.005703
0 0.209607 0.752614 0.010077 0.005703
0 0.261001 0.755466 0.010077 0.005703
0 0.311723 0.750000 0.010077 0.005703
0 0.362781 0.752614 0.010077 0.005703
0 0.456500 0.760932 0.010077 0.005703
0 0.507222 0.758080 0.010077 0.005703
0 0.576755 0.755466 0.010077 0.005703
0 0.626470 0.758080 0.010077 0.005703
0 0.674169 0.755466 0.010077 0.005703
0 0.721196 0.752614 0.010077 0.005703
0 0.768223 0.747148 0.010077 0.005703
0 0.814914 0.750000 0.010077 0.005703
0 0.861942 0.760932 0.010077 0.005703
0 0.908969 0.758080 0.010077 0.005703
