0 0.581122 0.442966 0.009405 0.005466
0 0.139066 0.221483 0.009405 0.005466
0 0.139066 0.208175 0.009405 0.005466
0 0.306349 0.229325 0.009405 0.005466
0 0.306349 0.216255 0.009405 0.005466
0 0.377561 0.226711 0.009405 0.005466
0 0.377561 0.216255 0.009405 0.005466
0 0.541149 0.237167 0.009405 0.005466
0 0.541149 0.218869 0.009405 0.005466
0 0.626806 0.247861 0.009405 0.005466
0 0.626806 0.229325 0.009405 0.005466
0 0.718173 0.218869 0.009405 0.005466
0 0.791065 0.205561 0.009405 0.005466
0 0.146792 0.448194 0.009405 0.005466
0 0.146792 0.437738 0.009405 0.005466
0 0.146792 0.429895 0.009405 0.005466
0 0.215317 0.445580 0.009405 0.005466
0 0.215317 0.429895 0.009405 0.005466
0 0.283843 0.442966 0.009405 0.005466
0 0.283843 0.429895 0.009405 0.005466
0 0.429963 0.440352 0.009405 0.005466
0 0.429963 0.429895 0.009405 0.005466
0 0.581122 0.424667 0.009405 0.005466
0 0.648304 0.419202 0.009405 0.005466
0 0.727578 0.471958 0.009405 0.005466
0 0.727578 0.453422 0.009405 0.005466
0 0.791065 0.435124 0.009405 0.005466
0 0.791065 0.429895 0.009405 0.005466
0 0.791065 0.421816 0.009405 0.005466
0 0.854216 0.435124 0.009405 0.005466
0 0.854216 0.429895 0.009405 0.005466
0 0.854216 0.421816 0.009405 0.005466
0 0.155862 0.663023 0.009405 0.005466
0 0.139738 0.660646 0.006718 0.003802
0 0.373194 0.671103 0.009405 0.005466
0 0.414847 0.671103 0.009405 0.005466
0 0.472623 0.681559 0.009405 0.005466
0 0.472623 0.671103 0.009405 0.005466
0 0.472623 0.663023 0.009405 0.005466
0 0.526033 0.678945 0.009405 0.005466
0 0.526033 0.663023 0.009405 0.005466
0 0.579442 0.676331 0.009405 0.005466
0 0.579442 0.663023 0.009405 0.005466
0 0.721196 0.673717 0.009405 0.005466
0 0.721196 0.660409 0.009405 0.005466
0 0.900571 0.692015 0.009405 0.005466
0 0.900571 0.673717 0.009405 0.005466
0 0.139066 0.919202 0.009405 0.005466
0 0.139066 0.900903 0.009405 0.005466
0 0.198186 0.890209 0.009405 0.005466
0 0.256970 0.877139 0.009405 0.005466
0 0.408801 0.900903 0.009405 0.005466
0 0.483037 0.890209 0.009405 0.005466
0 0.542828 0.877139 0.009405 0.005466
0 0.602284 0.908745 0.009405 0.005466
0 0.687941 0.900903 0.009405 0.005466
0 0.762177 0.890209 0.009405 0.005466
0 0.821633 0.877139 0.009405 0.005466
0 0.139066 0.164449 0.009405 0.005466
0 0.297279 0.167063 0.009405 0.005466
0 0.306349 0.164449 0.009405 0.005466
0 0.429963 0.386882 0.009405 0.005466
0 0.429963 0.381654 0.009405 0.005466
0 0.581122 0.379040 0.009405 0.005466
0 0.139066 0.156606 0.009405 0.005466
0 0.210615 0.159221 0.009405 0.005466
0 0.247565 0.156606 0.009405 0.005466
0 0.306349 0.153992 0.009405 0.005466
0 0.377561 0.169677 0.009405 0.005466
0 0.377561 0.164449 0.009405 0.005466
0 0.377561 0.151378 0.009405 0.005466
0 0.459187 0.151378 0.009405 0.005466
0 0.432986 0.153992 0.006718 0.003802
0 0.441384 0.151378 0.006718 0.003802
0 0.449446 0.148764 0.006718 0.003802
0 0.541149 0.143536 0.009405 0.005466
0 0.541149 0.138070 0.009405 0.005466
0 0.626806 0.140922 0.009405 0.005466
0 0.626806 0.135456 0.009405 0.005466
0 0.718173 0.138070 0.009405 0.005466
0 0.718173 0.130228 0.009405 0.005466
0 0.791065 0.140922 0.009405 0.005466
0 0.791065 0.135456 0.009405 0.005466
0 0.146792 0.394724 0.009405 0.005466
0 0.146792 0.384268 0.009405 0.005466
0 0.146792 0.376426 0.009405 0.005466
0 0.215317 0.392110 0.009405 0.005466
0 0.215317 0.384268 0.009405 0.005466
0 0.215317 0.373812 0.009405 0.005466
0 0.283843 0.384268 0.009405 0.005466
0 0.292576 0.381654 0.009405 0.005466
0 0.283843 0.371198 0.009405 0.005466
0 0.429963 0.368584 0.009405 0.005466
0 0.497145 0.373812 0.009405 0.005466
0 0.581122 0.373812 0.009405 0.005466
0 0.581122 0.365970 0.009405 0.005466
0 0.648304 0.376426 0.009405 0.005466
0 0.727578 0.381654 0.009405 0.005466
0 0.727578 0.373812 0.009405 0.005466
0 0.727578 0.368584 0.009405 0.005466
0 0.727578 0.363118 0.009405 0.005466
0 0.854216 0.386882 0.009405 0.005466
0 0.854216 0.381654 0.009405 0.005466
0 0.854216 0.373812 0.009405 0.005466
0 0.854216 0.368584 0.009405 0.005466
0 0.155862 0.625238 0.009405 0.005466
0 0.155862 0.620010 0.009405 0.005466
0 0.155862 0.611930 0.009405 0.005466
0 0.222707 0.627852 0.009405 0.005466
0 0.222707 0.620010 0.009405 0.005466
0 0.222707 0.614781 0.009405 0.005466
0 0.264360 0.627852 0.009405 0.005466
0 0.264360 0.620010 0.009405 0.005466
0 0.264360 0.614781 0.009405 0.005466
0 0.306349 0.625238 0.009405 0.005466
0 0.306349 0.620010 0.009405 0.005466
0 0.306349 0.611930 0.009405 0.005466
0 0.373194 0.627852 0.009405 0.005466
0 0.373194 0.620010 0.009405 0.005466
0 0.373194 0.614781 0.009405 0.005466
0 0.414847 0.627852 0.009405 0.005466
0 0.414847 0.620010 0.009405 0.005466
0 0.414847 0.614781 0.009405 0.005466
0 0.472623 0.630466 0.009405 0.005466
0 0.472623 0.620010 0.009405 0.005466
0 0.472623 0.611930 0.009405 0.005466
0 0.526033 0.627852 0.009405 0.005466
0 0.526033 0.620010 0.009405 0.005466
0 0.526033 0.609316 0.009405 0.005466
0 0.579442 0.620010 0.009405 0.005466
0 0.588512 0.617395 0.009405 0.005466
0 0.579442 0.606702 0.009405 0.005466
0 0.721196 0.596245 0.009405 0.005466
0 0.686933 0.609553 0.006718 0.003802
0 0.694995 0.601711 0.006718 0.003802
0 0.703057 0.596483 0.006718 0.003802
0 0.711119 0.591017 0.006718 0.003802
0 0.845146 0.630466 0.009405 0.005466
0 0.845146 0.625238 0.009405 0.005466
0 0.900571 0.630466 0.009405 0.005466
0 0.900571 0.622624 0.009405 0.005466
0 0.139066 0.853375 0.009405 0.005466
0 0.139066 0.840304 0.009405 0.005466
0 0.323480 0.821768 0.009405 0.005466
0 0.360430 0.819154 0.009405 0.005466
0 0.408801 0.821768 0.009405 0.005466
0 0.408801 0.816540 0.009405 0.005466
0 0.446087 0.819154 0.009405 0.005466
0 0.446087 0.811312 0.009405 0.005466
0 0.483037 0.821768 0.009405 0.005466
0 0.483037 0.816540 0.009405 0.005466
0 0.602284 0.821768 0.009405 0.005466
0 0.639234 0.819154 0.009405 0.005466
0 0.687941 0.821768 0.009405 0.005466
0 0.687941 0.816540 0.009405 0.005466
0 0.725227 0.819154 0.009405 0.005466
0 0.725227 0.811312 0.009405 0.005466
0 0.762177 0.821768 0.009405 0.005466
0 0.762177 0.816540 0.009405 0.005466
0 0.881424 0.821768 0.009405 0.005466
0 0.918374 0.819154 0.009405 0.005466
0 0.526033 0.522814 0.006718 0.003802
0 0.578099 0.520200 0.006718 0.003802
0 0.139066 0.088641 0.009405 0.005466
0 0.210615 0.091255 0.009405 0.005466
0 0.247565 0.088641 0.009405 0.005466
0 0.306349 0.086027 0.009405 0.005466
0 0.377561 0.083413 0.009405 0.005466
0 0.541149 0.088641 0.009405 0.005466
0 0.626806 0.086027 0.009405 0.005466
0 0.672489 0.086027 0.009405 0.005466
0 0.718173 0.080798 0.009405 0.005466
0 0.791065 0.086027 0.009405 0.005466
0 0.864293 0.091255 0.009405 0.005466
0 0.909976 0.088641 0.009405 0.005466
0 0.146792 0.308935 0.009405 0.005466
0 0.215317 0.306321 0.009405 0.005466
0 0.283843 0.303707 0.009405 0.005466
0 0.429963 0.301093 0.009405 0.005466
0 0.497145 0.306321 0.009405 0.005466
0 0.539133 0.301093 0.009405 0.005466
0 0.581122 0.298479 0.009405 0.005466
0 0.648304 0.308935 0.009405 0.005466
0 0.727578 0.295865 0.009405 0.005466
0 0.854216 0.301093 0.009405 0.005466
0 0.155862 0.525428 0.009405 0.005466
0 0.222707 0.528042 0.009405 0.005466
0 0.306349 0.525428 0.009405 0.005466
0 0.373194 0.528042 0.009405 0.005466
0 0.414847 0.528042 0.009405 0.005466
0 0.472623 0.525428 0.009405 0.005466
0 0.526033 0.512120 0.009405 0.005466
0 0.582466 0.530656 0.009405 0.005466
0 0.721196 0.528042 0.009405 0.005466
0 0.776285 0.528042 0.009405 0.005466
0 0.810883 0.522814 0.009405 0.005466
0 0.845146 0.528042 0.009405 0.005466
0 0.900571 0.530656 0.009405 0.005466
0 0.139066 0.769249 0.009405 0.005466
0 0.323480 0.769249 0.009405 0.005466
0 0.360430 0.766397 0.009405 0.005466
0 0.408801 0.763783 0.009405 0.005466
0 0.446087 0.758555 0.009405 0.005466
0 0.483037 0.763783 0.009405 0.005466
0 0.687941 0.763783 0.009405 0.005466
0 0.881424 0.769249 0.009405 0.005466
0 0.918374 0.766397 0.009405 0.005466
