0 0.691972 0.488593 0.007390 0.004278
0 0.711454 0.492871 0.007390 0.004278
0 0.774269 0.488593 0.007390 0.004278
0 0.793752 0.492871 0.007390 0.004278
0 0.862613 0.488593 0.007390 0.004278
0 0.881760 0.492871 0.007390 0.004278
0 0.939872 0.488593 0.007390 0.004278
0 0.959355 0.492871 0.007390 0.004278
0 0.193819 0.686074 0.007390 0.004278
0 0.216661 0.690352 0.007390 0.004278
0 0.293584 0.686074 0.007390 0.004278
0 0.316426 0.690352 0.007390 0.004278
0 0.404098 0.688213 0.007390 0.004278
0 0.426604 0.696530 0.007390 0.004278
0 0.449110 0.684173 0.007390 0.004278
0 0.471280 0.688213 0.007390 0.004278
0 0.514276 0.692490 0.007390 0.004278
0 0.536782 0.696530 0.007390 0.004278
0 0.619416 0.686074 0.007390 0.004278
0 0.641585 0.690352 0.007390 0.004278
0 0.708431 0.688213 0.007390 0.004278
0 0.730601 0.692490 0.007390 0.004278
0 0.825663 0.679895 0.007390 0.004278
0 0.825663 0.675856 0.007390 0.004278
0 0.851192 0.686074 0.007390 0.004278
0 0.927780 0.686074 0.007390 0.004278
0 0.927780 0.679895 0.007390 0.004278
0 0.952973 0.694392 0.007390 0.004278
0 0.172657 0.897338 0.007390 0.004278
0 0.172657 0.893298 0.007390 0.004278
0 0.188109 0.901616 0.007390 0.004278
0 0.227746 0.895437 0.007390 0.004278
0 0.234800 0.893298 0.007390 0.004278
0 0.250252 0.901616 0.007390 0.004278
0 0.308364 0.897338 0.007390 0.004278
0 0.308364 0.893298 0.007390 0.004278
0 0.324824 0.901616 0.007390 0.004278
0 0.374202 0.903755 0.007390 0.004278
0 0.374202 0.897338 0.007390 0.004278
0 0.390662 0.912072 0.007390 0.004278
0 0.471280 0.903755 0.007390 0.004278
0 0.471280 0.899477 0.007390 0.004278
0 0.498153 0.913973 0.007390 0.004278
0 0.570373 0.903755 0.007390 0.004278
0 0.570373 0.899477 0.007390 0.004278
0 0.594894 0.913973 0.007390 0.004278
0 0.665771 0.905656 0.007390 0.004278
0 0.665771 0.899477 0.007390 0.004278
0 0.681559 0.913973 0.007390 0.004278
0 0.738327 0.903755 0.007390 0.004278
0 0.738327 0.899477 0.007390 0.004278
0 0.754451 0.913973 0.007390 0.004278
0 0.834061 0.903755 0.007390 0.004278
0 0.834061 0.897338 0.007390 0.004278
0 0.861942 0.912072 0.007390 0.004278
0 0.932146 0.905656 0.007390 0.004278
0 0.932146 0.901616 0.007390 0.004278
0 0.932146 0.897338 0.007390 0.004278
0 0.956332 0.909933 0.007390 0.004278
0 0.202217 0.309886 0.007390 0.004278
0 0.227746 0.305846 0.007390 0.004278
0 0.252939 0.303707 0.007390 0.004278
0 0.278132 0.299667 0.007390 0.004278
0 0.303325 0.301568 0.007390 0.004278
0 0.328855 0.297529 0.007390 0.004278
0 0.362781 0.289211 0.007390 0.004278
0 0.386631 0.291350 0.007390 0.004278
0 0.410480 0.284933 0.007390 0.004278
0 0.434330 0.287072 0.007390 0.004278
0 0.458179 0.280894 0.007390 0.004278
0 0.482365 0.283032 0.007390 0.004278
0 0.516963 0.274715 0.007390 0.004278
0 0.541821 0.276616 0.007390 0.004278
0 0.566678 0.280894 0.007390 0.004278
0 0.591871 0.283032 0.007390 0.004278
0 0.616728 0.289211 0.007390 0.004278
0 0.641585 0.291350 0.007390 0.004278
0 0.675176 0.289211 0.007390 0.004278
0 0.699026 0.291350 0.007390 0.004278
0 0.722875 0.289211 0.007390 0.004278
0 0.747061 0.291350 0.007390 0.004278
0 0.770910 0.289211 0.007390 0.004278
0 0.794760 0.291350 0.007390 0.004278
0 0.829023 0.291350 0.007390 0.004278
0 0.854216 0.297529 0.007390 0.004278
0 0.879073 0.299667 0.007390 0.004278
0 0.903930 0.301568 0.007390 0.004278
0 0.928787 0.303707 0.007390 0.004278
0 0.953645 0.305846 0.007390 0.004278
0 0.143433 0.501188 0.007390 0.004278
0 0.163923 0.503089 0.007390 0.004278
0 0.184078 0.492871 0.007390 0.004278
0 0.204568 0.496911 0.007390 0.004278
0 0.225059 0.496911 0.007390 0.004278
0 0.245213 0.499049 0.007390 0.004278
0 0.274437 0.486454 0.007390 0.004278
0 0.292912 0.490732 0.007390 0.004278
0 0.311051 0.492871 0.007390 0.004278
0 0.329526 0.494772 0.007390 0.004278
0 0.347665 0.482414 0.007390 0.004278
0 0.366140 0.486454 0.007390 0.004278
0 0.393013 0.488593 0.007390 0.004278
0 0.411152 0.490732 0.007390 0.004278
0 0.429291 0.478137 0.007390 0.004278
0 0.447094 0.480276 0.007390 0.004278
0 0.465233 0.471958 0.007390 0.004278
0 0.504871 0.471958 0.007390 0.004278
0 0.526705 0.474097 0.007390 0.004278
0 0.540141 0.471958 0.007390 0.004278
0 0.553577 0.474097 0.007390 0.004278
0 0.575411 0.476236 0.007390 0.004278
0 0.653342 0.484553 0.007390 0.004278
0 0.653342 0.478137 0.007390 0.004278
0 0.653342 0.474097 0.007390 0.004278
0 0.672489 0.469819 0.007390 0.004278
0 0.735640 0.484553 0.007390 0.004278
0 0.735640 0.478137 0.007390 0.004278
0 0.735640 0.474097 0.007390 0.004278
0 0.755123 0.469819 0.007390 0.004278
0 0.823984 0.484553 0.007390 0.004278
0 0.823984 0.478137 0.007390 0.004278
0 0.823984 0.474097 0.007390 0.004278
0 0.843131 0.469819 0.007390 0.004278
0 0.901243 0.484553 0.007390 0.004278
0 0.901243 0.478137 0.007390 0.004278
0 0.901243 0.474097 0.007390 0.004278
0 0.920726 0.469819 0.007390 0.004278
0 0.147800 0.682034 0.007390 0.004278
0 0.147800 0.675856 0.007390 0.004278
0 0.147800 0.671578 0.007390 0.004278
0 0.170642 0.667538 0.007390 0.004278
0 0.239839 0.682034 0.007390 0.004278
0 0.239839 0.675856 0.007390 0.004278
0 0.239839 0.671578 0.007390 0.004278
0 0.262681 0.667538 0.007390 0.004278
0 0.359422 0.682034 0.007390 0.004278
0 0.359422 0.677757 0.007390 0.004278
0 0.359422 0.673717 0.007390 0.004278
0 0.381928 0.667538 0.007390 0.004278
0 0.404098 0.688213 0.007390 0.004278
0 0.449110 0.684173 0.007390 0.004278
0 0.487739 0.682034 0.007390 0.004278
0 0.504199 0.679895 0.007390 0.004278
0 0.514276 0.682034 0.007390 0.004278
0 0.536782 0.684173 0.007390 0.004278
0 0.574740 0.682034 0.007390 0.004278
0 0.574740 0.675856 0.007390 0.004278
0 0.574740 0.671578 0.007390 0.004278
0 0.597246 0.667538 0.007390 0.004278
0 0.663755 0.682034 0.007390 0.004278
0 0.663755 0.675856 0.007390 0.004278
0 0.663755 0.671578 0.007390 0.004278
0 0.686261 0.667538 0.007390 0.004278
0 0.774941 0.671578 0.007390 0.004278
0 0.774941 0.665399 0.007390 0.004278
0 0.774941 0.661122 0.007390 0.004278
0 0.800134 0.657082 0.007390 0.004278
0 0.876722 0.675856 0.007390 0.004278
0 0.876722 0.671578 0.007390 0.004278
0 0.876722 0.665399 0.007390 0.004278
0 0.902251 0.661122 0.007390 0.004278
0 0.141418 0.872861 0.007390 0.004278
0 0.141418 0.868821 0.007390 0.004278
0 0.156869 0.866683 0.007390 0.004278
0 0.203561 0.872861 0.007390 0.004278
0 0.203561 0.868821 0.007390 0.004278
0 0.219348 0.864544 0.007390 0.004278
0 0.275445 0.872861 0.007390 0.004278
0 0.275445 0.868821 0.007390 0.004278
0 0.291905 0.866683 0.007390 0.004278
0 0.341283 0.872861 0.007390 0.004278
0 0.341283 0.868821 0.007390 0.004278
0 0.357743 0.864544 0.007390 0.004278
0 0.424589 0.872861 0.007390 0.004278
0 0.424589 0.868821 0.007390 0.004278
0 0.447766 0.864544 0.007390 0.004278
0 0.523346 0.872861 0.007390 0.004278
0 0.523346 0.868821 0.007390 0.004278
0 0.546859 0.864544 0.007390 0.004278
0 0.633860 0.875000 0.007390 0.004278
0 0.633860 0.870722 0.007390 0.004278
0 0.649647 0.864544 0.007390 0.004278
0 0.706416 0.872861 0.007390 0.004278
0 0.706416 0.868821 0.007390 0.004278
0 0.722204 0.864544 0.007390 0.004278
0 0.789385 0.872861 0.007390 0.004278
0 0.789385 0.864544 0.007390 0.004278
0 0.796103 0.862405 0.007390 0.004278
0 0.811555 0.858365 0.007390 0.004278
0 0.887135 0.870722 0.007390 0.004278
0 0.887135 0.866683 0.007390 0.004278
0 0.887135 0.862405 0.007390 0.004278
0 0.909641 0.856226 0.007390 0.004278
0 0.770910 0.240257 0.007390 0.004278
0 0.829023 0.242158 0.007390 0.004278
0 0.879073 0.235979 0.007390 0.004278
0 0.903930 0.238118 0.007390 0.004278
0 0.928787 0.248574 0.007390 0.004278
0 0.953645 0.250475 0.007390 0.004278
0 0.143433 0.418726 0.007390 0.004278
0 0.225059 0.429183 0.007390 0.004278
0 0.596910 0.418726 0.007390 0.004278
0 0.653342 0.412548 0.007390 0.004278
0 0.711454 0.414686 0.007390 0.004278
0 0.723547 0.412548 0.007390 0.004278
0 0.735640 0.414686 0.007390 0.004278
0 0.793752 0.416587 0.007390 0.004278
0 0.823984 0.418726 0.007390 0.004278
0 0.881760 0.423004 0.007390 0.004278
0 0.901243 0.427044 0.007390 0.004278
0 0.939872 0.427044 0.007390 0.004278
0 0.959355 0.424905 0.007390 0.004278
0 0.147800 0.610504 0.007390 0.004278
0 0.170642 0.606226 0.007390 0.004278
0 0.193819 0.600048 0.007390 0.004278
0 0.239839 0.600048 0.007390 0.004278
0 0.262681 0.597909 0.007390 0.004278
0 0.277125 0.600048 0.007390 0.004278
0 0.293584 0.602186 0.007390 0.004278
0 0.316426 0.604087 0.007390 0.004278
0 0.359422 0.606226 0.007390 0.004278
0 0.574740 0.606226 0.007390 0.004278
0 0.641585 0.606226 0.007390 0.004278
0 0.663755 0.604087 0.007390 0.004278
0 0.686261 0.606226 0.007390 0.004278
0 0.730601 0.606226 0.007390 0.004278
0 0.774941 0.595770 0.007390 0.004278
0 0.927780 0.600048 0.007390 0.004278
0 0.952973 0.604087 0.007390 0.004278
0 0.141418 0.805846 0.007390 0.004278
0 0.424589 0.803707 0.007390 0.004278
0 0.471280 0.803707 0.007390 0.004278
0 0.498153 0.803707 0.007390 0.004278
0 0.523346 0.801568 0.007390 0.004278
0 0.570373 0.803707 0.007390 0.004278
0 0.594894 0.797529 0.007390 0.004278
0 0.633860 0.795390 0.007390 0.004278
0 0.681559 0.805846 0.007390 0.004278
0 0.706416 0.807985 0.007390 0.004278
0 0.722204 0.803707 0.007390 0.004278
0 0.789385 0.801568 0.007390 0.004278
0 0.834061 0.799667 0.007390 0.004278
0 0.861942 0.797529 0.007390 0.004278
0 0.887135 0.795390 0.007390 0.004278
0 0.932146 0.797529 0.007390 0.004278
0 0.956332 0.799667 0.007390 0.004278
