0 0.198522 0.344106 0.008398 0.004990
0 0.307356 0.334601 0.008398 0.004990
0 0.362781 0.320580 0.008398 0.004990
0 0.397716 0.322956 0.008398 0.004990
0 0.432314 0.329848 0.008398 0.004990
0 0.467249 0.327471 0.008398 0.004990
0 0.510581 0.329848 0.008398 0.004990
0 0.550554 0.334601 0.008398 0.004990
0 0.600605 0.327471 0.008398 0.004990
0 0.656030 0.344106 0.008398 0.004990
0 0.704736 0.344106 0.008398 0.004990
0 0.752771 0.334601 0.008398 0.004990
0 0.832382 0.344106 0.008398 0.004990
0 0.873362 0.341730 0.008398 0.004990
0 0.914343 0.341730 0.008398 0.004990
0 0.120255 0.601711 0.008398 0.004990
0 0.233456 0.594819 0.008398 0.004990
0 0.300974 0.585314 0.008398 0.004990
0 0.366812 0.571055 0.008398 0.004990
0 0.407793 0.573432 0.008398 0.004990
0 0.449110 0.580561 0.008398 0.004990
0 0.490427 0.578184 0.008398 0.004990
0 0.540141 0.580561 0.008398 0.004990
0 0.572388 0.585314 0.008398 0.004990
0 0.612361 0.578184 0.008398 0.004990
0 0.644609 0.594819 0.008398 0.004990
0 0.676856 0.590067 0.008398 0.004990
0 0.708767 0.594819 0.008398 0.004990
0 0.768223 0.587690 0.008398 0.004990
0 0.812563 0.592443 0.008398 0.004990
0 0.846154 0.585314 0.008398 0.004990
0 0.892173 0.601711 0.008398 0.004990
0 0.120255 0.843869 0.008398 0.004990
0 0.205576 0.834363 0.008398 0.004990
0 0.243198 0.834363 0.008398 0.004990
0 0.283171 0.834363 0.008398 0.004990
0 0.334901 0.834363 0.008398 0.004990
0 0.386967 0.843869 0.008398 0.004990
0 0.432986 0.839116 0.008398 0.004990
0 0.465233 0.834363 0.008398 0.004990
0 0.534431 0.850998 0.008398 0.004990
0 0.585825 0.834363 0.008398 0.004990
0 0.682230 0.834363 0.008398 0.004990
0 0.717165 0.827471 0.008398 0.004990
0 0.752099 0.825095 0.008398 0.004990
0 0.807860 0.841492 0.008398 0.004990
0 0.881424 0.834363 0.008398 0.004990
0 0.198522 0.301568 0.008398 0.004990
0 0.198522 0.296816 0.008398 0.004990
0 0.242526 0.301568 0.008398 0.004990
0 0.242526 0.296816 0.008398 0.004990
0 0.242526 0.289924 0.008398 0.004990
0 0.307356 0.301568 0.008398 0.004990
0 0.307356 0.296816 0.008398 0.004990
0 0.307356 0.289924 0.008398 0.004990
0 0.362781 0.296816 0.008398 0.004990
0 0.362781 0.292300 0.008398 0.004990
0 0.397716 0.296816 0.008398 0.004990
0 0.397716 0.289924 0.008398 0.004990
0 0.432314 0.296816 0.008398 0.004990
0 0.432314 0.292300 0.008398 0.004990
0 0.432314 0.287548 0.008398 0.004990
0 0.467249 0.296816 0.008398 0.004990
0 0.467249 0.289924 0.008398 0.004990
0 0.467249 0.285171 0.008398 0.004990
0 0.510581 0.296816 0.008398 0.004990
0 0.510581 0.287548 0.008398 0.004990
0 0.550554 0.287548 0.008398 0.004990
0 0.550554 0.282795 0.008398 0.004990
0 0.600605 0.289924 0.008398 0.004990
0 0.600605 0.285171 0.008398 0.004990
0 0.656030 0.296816 0.008398 0.004990
0 0.656030 0.289924 0.008398 0.004990
0 0.656030 0.285171 0.008398 0.004990
0 0.656030 0.280418 0.008398 0.004990
0 0.704736 0.296816 0.008398 0.004990
0 0.704736 0.289924 0.008398 0.004990
0 0.752771 0.303945 0.008398 0.004990
0 0.752771 0.296816 0.008398 0.004990
0 0.752771 0.292300 0.008398 0.004990
0 0.738663 0.294677 0.006046 0.003327
0 0.738663 0.289924 0.006046 0.003327
0 0.832382 0.301568 0.008398 0.004990
0 0.832382 0.294439 0.008398 0.004990
0 0.832382 0.289924 0.008398 0.004990
0 0.873362 0.296816 0.008398 0.004990
0 0.873362 0.292300 0.008398 0.004990
0 0.914343 0.299192 0.008398 0.004990
0 0.914343 0.294439 0.008398 0.004990
0 0.120255 0.547529 0.008398 0.004990
0 0.156198 0.545152 0.008398 0.004990
0 0.174337 0.547529 0.008398 0.004990
0 0.203897 0.549905 0.008398 0.004990
0 0.233456 0.552281 0.008398 0.004990
0 0.233456 0.547529 0.008398 0.004990
0 0.262681 0.552281 0.008398 0.004990
0 0.262681 0.547529 0.008398 0.004990
0 0.262681 0.540399 0.008398 0.004990
0 0.300974 0.547529 0.008398 0.004990
0 0.300974 0.540399 0.008398 0.004990
0 0.366812 0.547529 0.008398 0.004990
0 0.366812 0.542776 0.008398 0.004990
0 0.407793 0.547529 0.008398 0.004990
0 0.407793 0.540399 0.008398 0.004990
0 0.449110 0.547529 0.008398 0.004990
0 0.449110 0.542776 0.008398 0.004990
0 0.449110 0.538023 0.008398 0.004990
0 0.490427 0.547529 0.008398 0.004990
0 0.490427 0.540399 0.008398 0.004990
0 0.490427 0.535884 0.008398 0.004990
0 0.540141 0.542776 0.008398 0.004990
0 0.540141 0.538023 0.008398 0.004990
0 0.572388 0.538023 0.008398 0.004990
0 0.572388 0.533508 0.008398 0.004990
0 0.612361 0.540399 0.008398 0.004990
0 0.612361 0.535884 0.008398 0.004990
0 0.676856 0.547529 0.008398 0.004990
0 0.676856 0.540399 0.008398 0.004990
0 0.676856 0.535884 0.008398 0.004990
0 0.676856 0.531131 0.008398 0.004990
0 0.728922 0.547529 0.008398 0.004990
0 0.728922 0.540399 0.008398 0.004990
0 0.768223 0.549905 0.008398 0.004990
0 0.768223 0.545152 0.008398 0.004990
0 0.791737 0.545152 0.008398 0.004990
0 0.791737 0.538023 0.008398 0.004990
0 0.791737 0.533508 0.008398 0.004990
0 0.846154 0.547529 0.008398 0.004990
0 0.846154 0.540399 0.008398 0.004990
0 0.846154 0.535884 0.008398 0.004990
0 0.892173 0.542776 0.008398 0.004990
0 0.892173 0.538023 0.008398 0.004990
0 0.932818 0.552281 0.008398 0.004990
0 0.932818 0.547529 0.008398 0.004990
0 0.932818 0.540399 0.008398 0.004990
0 0.120255 0.801331 0.008398 0.004990
0 0.120255 0.796816 0.008398 0.004990
0 0.120255 0.789686 0.008398 0.004990
0 0.205576 0.796816 0.008398 0.004990
0 0.205576 0.792063 0.008398 0.004990
0 0.243198 0.794439 0.008398 0.004990
0 0.243198 0.789686 0.008398 0.004990
0 0.283171 0.792063 0.008398 0.004990
0 0.283171 0.787310 0.008398 0.004990
0 0.334901 0.792063 0.008398 0.004990
0 0.334901 0.787310 0.008398 0.004990
0 0.334901 0.780181 0.008398 0.004990
0 0.386967 0.789686 0.008398 0.004990
0 0.386967 0.784933 0.008398 0.004990
0 0.432986 0.789686 0.008398 0.004990
0 0.465233 0.792063 0.008398 0.004990
0 0.465233 0.787310 0.008398 0.004990
0 0.510917 0.796816 0.008398 0.004990
0 0.510917 0.792063 0.008398 0.004990
0 0.534431 0.808460 0.008398 0.004990
0 0.534431 0.803707 0.008398 0.004990
0 0.534431 0.796816 0.008398 0.004990
0 0.585825 0.796816 0.008398 0.004990
0 0.585825 0.792063 0.008398 0.004990
0 0.623111 0.794439 0.008398 0.004990
0 0.623111 0.789686 0.008398 0.004990
0 0.682230 0.792063 0.008398 0.004990
0 0.682230 0.787310 0.008398 0.004990
0 0.717165 0.789686 0.008398 0.004990
0 0.717165 0.784933 0.008398 0.004990
0 0.752099 0.796816 0.008398 0.004990
0 0.752099 0.792063 0.008398 0.004990
0 0.807860 0.798954 0.008398 0.004990
0 0.807860 0.794439 0.008398 0.004990
0 0.881424 0.808460 0.008398 0.004990
0 0.881424 0.803707 0.008398 0.004990
0 0.881424 0.796816 0.008398 0.004990
0 0.198522 0.234316 0.008398 0.004990
0 0.242526 0.227424 0.008398 0.004990
0 0.307356 0.227424 0.008398 0.004990
0 0.362781 0.229800 0.008398 0.004990
0 0.397716 0.227424 0.008398 0.004990
0 0.432314 0.225048 0.008398 0.004990
0 0.467249 0.222671 0.008398 0.004990
0 0.510581 0.225048 0.008398 0.004990
0 0.550554 0.222671 0.008398 0.004990
0 0.575747 0.220295 0.008398 0.004990
0 0.600605 0.222671 0.008398 0.004990
0 0.656030 0.217918 0.008398 0.004990
0 0.704736 0.227424 0.008398 0.004990
0 0.752771 0.229800 0.008398 0.004990
0 0.738663 0.227424 0.006046 0.003327
0 0.832382 0.227424 0.008398 0.004990
0 0.873362 0.229800 0.008398 0.004990
0 0.914343 0.231939 0.008398 0.004990
0 0.120255 0.483127 0.008398 0.004990
0 0.233456 0.483127 0.008398 0.004990
0 0.262681 0.475998 0.008398 0.004990
0 0.300974 0.475998 0.008398 0.004990
0 0.366812 0.478375 0.008398 0.004990
0 0.407793 0.475998 0.008398 0.004990
0 0.449110 0.473859 0.008398 0.004990
0 0.490427 0.471483 0.008398 0.004990
0 0.540141 0.473859 0.008398 0.004990
0 0.572388 0.471483 0.008398 0.004990
0 0.592543 0.469106 0.008398 0.004990
0 0.612361 0.471483 0.008398 0.004990
0 0.676856 0.466730 0.008398 0.004990
0 0.728922 0.475998 0.008398 0.004990
0 0.768223 0.480751 0.008398 0.004990
0 0.791737 0.469106 0.008398 0.004990
0 0.846154 0.471483 0.008398 0.004990
0 0.892173 0.473859 0.008398 0.004990
0 0.932818 0.475998 0.008398 0.004990
0 0.120255 0.726711 0.008398 0.004990
0 0.205576 0.729087 0.008398 0.004990
0 0.243198 0.726711 0.008398 0.004990
0 0.283171 0.724335 0.008398 0.004990
0 0.334901 0.717205 0.008398 0.004990
0 0.386967 0.721958 0.008398 0.004990
0 0.432986 0.726711 0.008398 0.004990
0 0.465233 0.724335 0.008398 0.004990
0 0.510917 0.729087 0.008398 0.004990
0 0.534431 0.733840 0.008398 0.004990
0 0.585825 0.729087 0.008398 0.004990
0 0.623111 0.726711 0.008398 0.004990
0 0.682230 0.724335 0.008398 0.004990
0 0.717165 0.721958 0.008398 0.004990
0 0.752099 0.729087 0.008398 0.004990
0 0.807860 0.731464 0.008398 0.004990
0 0.881424 0.733840 0.008398 0.004990
