0 0.879073 0.190114 0.006718 0.003802
0 0.879073 0.177281 0.006718 0.003802
0 0.402419 0.354563 0.006718 0.003802
0 0.465569 0.356464 0.006718 0.003802
0 0.422237 0.550143 0.006718 0.003802
0 0.527041 0.553945 0.006718 0.003802
0 0.602284 0.540875 0.006718 0.003802
0 0.930803 0.735504 0.006718 0.003802
0 0.930803 0.729800 0.006718 0.003802
0 0.151831 0.921578 0.006718 0.003802
0 0.151831 0.918013 0.006718 0.003802
0 0.151831 0.910409 0.006718 0.003802
0 0.138730 0.168013 0.006718 0.003802
0 0.138730 0.160646 0.006718 0.003802
0 0.241182 0.173479 0.006718 0.003802
0 0.241182 0.160646 0.006718 0.003802
0 0.354384 0.171578 0.006718 0.003802
0 0.354384 0.164211 0.006718 0.003802
0 0.458179 0.177281 0.006718 0.003802
0 0.458179 0.164211 0.006718 0.003802
0 0.575411 0.175380 0.007726 0.003802
0 0.575411 0.166112 0.007726 0.003802
0 0.799463 0.175380 0.006718 0.003802
0 0.839100 0.182747 0.006718 0.003802
0 0.879073 0.164211 0.006718 0.003802
0 0.928787 0.164211 0.006718 0.003802
0 0.131340 0.373099 0.006718 0.003802
0 0.131340 0.360266 0.006718 0.003802
0 0.257306 0.375000 0.006718 0.003802
0 0.257306 0.362167 0.006718 0.003802
0 0.370843 0.376901 0.006718 0.003802
0 0.370843 0.363831 0.006718 0.003802
0 0.433994 0.378802 0.006718 0.003802
0 0.433994 0.365732 0.006718 0.003802
0 0.516627 0.367633 0.006718 0.003802
0 0.505542 0.380466 0.004703 0.002614
0 0.629157 0.365732 0.006718 0.003802
0 0.773933 0.363831 0.006718 0.003802
0 0.816930 0.362167 0.006718 0.003802
0 0.871011 0.360266 0.006718 0.003802
0 0.924756 0.369534 0.006718 0.003802
0 0.129661 0.555846 0.006718 0.003802
0 0.172993 0.553945 0.006718 0.003802
0 0.224387 0.552044 0.006718 0.003802
0 0.244206 0.553945 0.006718 0.003802
0 0.287538 0.553945 0.006718 0.003802
0 0.364125 0.552044 0.006718 0.003802
0 0.422237 0.540875 0.006718 0.003802
0 0.527041 0.540875 0.006718 0.003802
0 0.602284 0.561312 0.006718 0.003802
0 0.602284 0.548241 0.006718 0.003802
0 0.768559 0.544677 0.006718 0.003802
0 0.798455 0.548479 0.006718 0.003802
0 0.841451 0.553945 0.006718 0.003802
0 0.841451 0.540875 0.006718 0.003802
0 0.902251 0.548479 0.006718 0.003802
0 0.902251 0.544677 0.006718 0.003802
0 0.842123 0.722433 0.006718 0.003802
0 0.930803 0.724335 0.006718 0.003802
0 0.930803 0.720532 0.006718 0.003802
0 0.143097 0.908745 0.006718 0.003802
0 0.378233 0.916112 0.006718 0.003802
0 0.367148 0.928945 0.004703 0.002614
0 0.469264 0.916112 0.006718 0.003802
0 0.603292 0.916112 0.006718 0.003802
0 0.592207 0.928945 0.004703 0.002614
0 0.694995 0.916112 0.006718 0.003802
0 0.793752 0.921578 0.006718 0.003802
0 0.896204 0.916112 0.006718 0.003802
0 0.773933 0.330561 0.006718 0.003802
0 0.816930 0.328660 0.006718 0.003802
0 0.871011 0.336264 0.006718 0.003802
0 0.135707 0.518774 0.006718 0.003802
0 0.244206 0.518774 0.006718 0.003802
0 0.287538 0.520675 0.006718 0.003802
0 0.129661 0.691065 0.006718 0.003802
0 0.186765 0.689163 0.006718 0.003802
0 0.245213 0.691065 0.006718 0.003802
0 0.302318 0.694629 0.006718 0.003802
0 0.369164 0.694629 0.006718 0.003802
0 0.426940 0.692728 0.006718 0.003802
0 0.480685 0.694629 0.006718 0.003802
0 0.534431 0.698432 0.006718 0.003802
0 0.598589 0.696530 0.006718 0.003802
0 0.657373 0.698432 0.006718 0.003802
0 0.715149 0.696530 0.006718 0.003802
0 0.774605 0.696530 0.006718 0.003802
0 0.842123 0.698432 0.006718 0.003802
0 0.138730 0.138308 0.006718 0.003802
0 0.138730 0.134743 0.006718 0.003802
0 0.175008 0.130941 0.006718 0.003802
0 0.191468 0.125475 0.006718 0.003802
0 0.208263 0.121673 0.006718 0.003802
0 0.224723 0.117871 0.006718 0.003802
0 0.241182 0.140209 0.006718 0.003802
0 0.241182 0.136407 0.006718 0.003802
0 0.277796 0.130941 0.006718 0.003802
0 0.294256 0.127139 0.006718 0.003802
0 0.310715 0.123574 0.006718 0.003802
0 0.327511 0.117871 0.006718 0.003802
0 0.354384 0.142110 0.006718 0.003802
0 0.354384 0.138308 0.006718 0.003802
0 0.390998 0.134743 0.006718 0.003802
0 0.407457 0.129040 0.006718 0.003802
0 0.424253 0.125475 0.006718 0.003802
0 0.440712 0.121673 0.006718 0.003802
0 0.458179 0.144011 0.006718 0.003802
0 0.458179 0.140209 0.006718 0.003802
0 0.494458 0.134743 0.006718 0.003802
0 0.511253 0.130941 0.006718 0.003802
0 0.527712 0.127139 0.006718 0.003802
0 0.544508 0.121673 0.006718 0.003802
0 0.575411 0.142110 0.007726 0.003802
0 0.582801 0.140209 0.007726 0.003802
0 0.799463 0.142110 0.006718 0.003802
0 0.805509 0.140209 0.006718 0.003802
0 0.879073 0.144011 0.006718 0.003802
0 0.879073 0.140209 0.006718 0.003802
0 0.928787 0.144011 0.006718 0.003802
0 0.928787 0.136407 0.006718 0.003802
0 0.131340 0.330561 0.006718 0.003802
0 0.131340 0.326996 0.006718 0.003802
0 0.194491 0.334363 0.006718 0.003802
0 0.194491 0.321293 0.006718 0.003802
0 0.300638 0.336264 0.006718 0.003802
0 0.300638 0.323194 0.006718 0.003802
0 0.370843 0.336264 0.006718 0.003802
0 0.370843 0.323194 0.006718 0.003802
0 0.402419 0.325095 0.006718 0.003802
0 0.465569 0.326996 0.006718 0.003802
0 0.516627 0.330561 0.006718 0.003802
0 0.523010 0.328660 0.006718 0.003802
0 0.629157 0.330561 0.006718 0.003802
0 0.629157 0.326996 0.006718 0.003802
0 0.690628 0.332462 0.006718 0.003802
0 0.690628 0.328660 0.006718 0.003802
0 0.773933 0.325095 0.006718 0.003802
0 0.871011 0.326996 0.006718 0.003802
0 0.924756 0.330561 0.006718 0.003802
0 0.129661 0.516873 0.006718 0.003802
0 0.172993 0.514971 0.006718 0.003802
0 0.224387 0.513070 0.006718 0.003802
0 0.244206 0.514971 0.006718 0.003802
0 0.287538 0.516873 0.006718 0.003802
0 0.364125 0.518774 0.006718 0.003802
0 0.364125 0.513070 0.006718 0.003802
0 0.422237 0.516873 0.006718 0.003802
0 0.422237 0.513070 0.006718 0.003802
0 0.527041 0.520675 0.006718 0.003802
0 0.527041 0.513070 0.006718 0.003802
0 0.602284 0.518774 0.006718 0.003802
0 0.602284 0.514971 0.006718 0.003802
0 0.631844 0.511407 0.006718 0.003802
0 0.631844 0.505703 0.006718 0.003802
0 0.631844 0.502139 0.006718 0.003802
0 0.679543 0.514971 0.006718 0.003802
0 0.679543 0.511407 0.006718 0.003802
0 0.679543 0.505703 0.006718 0.003802
0 0.709103 0.518774 0.006718 0.003802
0 0.709103 0.514971 0.006718 0.003802
0 0.709103 0.511407 0.006718 0.003802
0 0.738999 0.524240 0.006718 0.003802
0 0.738999 0.518774 0.006718 0.003802
0 0.738999 0.514971 0.006718 0.003802
0 0.768559 0.524240 0.006718 0.003802
0 0.768559 0.518774 0.006718 0.003802
0 0.798455 0.518774 0.006718 0.003802
0 0.798455 0.514971 0.006718 0.003802
0 0.798455 0.509506 0.006718 0.003802
0 0.841451 0.520675 0.006718 0.003802
0 0.841451 0.516873 0.006718 0.003802
0 0.841451 0.511407 0.006718 0.003802
0 0.902251 0.524240 0.006718 0.003802
0 0.902251 0.518774 0.006718 0.003802
0 0.143433 0.687262 0.006718 0.003802
0 0.158885 0.681797 0.006718 0.003802
0 0.172993 0.683460 0.006718 0.003802
0 0.201209 0.685361 0.006718 0.003802
0 0.215317 0.679895 0.006718 0.003802
0 0.231441 0.683460 0.006718 0.003802
0 0.259321 0.687262 0.006718 0.003802
0 0.273094 0.681797 0.006718 0.003802
0 0.286866 0.683460 0.006718 0.003802
0 0.316426 0.691065 0.006718 0.003802
0 0.330198 0.683460 0.006718 0.003802
0 0.344306 0.687262 0.006718 0.003802
0 0.383944 0.691065 0.006718 0.003802
0 0.396708 0.685361 0.006718 0.003802
0 0.412160 0.689163 0.006718 0.003802
0 0.440712 0.691065 0.006718 0.003802
0 0.454484 0.683460 0.006718 0.003802
0 0.467585 0.687262 0.006718 0.003802
0 0.495465 0.691065 0.006718 0.003802
0 0.508230 0.685361 0.006718 0.003802
0 0.521330 0.689163 0.006718 0.003802
0 0.547531 0.694629 0.006718 0.003802
0 0.560632 0.689163 0.006718 0.003802
0 0.573732 0.691065 0.006718 0.003802
0 0.614041 0.694629 0.006718 0.003802
0 0.628485 0.687262 0.006718 0.003802
0 0.642929 0.691065 0.006718 0.003802
0 0.671481 0.694629 0.006718 0.003802
0 0.685925 0.689163 0.006718 0.003802
0 0.700705 0.691065 0.006718 0.003802
0 0.730265 0.694629 0.006718 0.003802
0 0.744709 0.687262 0.006718 0.003802
0 0.759154 0.691065 0.006718 0.003802
0 0.789049 0.692728 0.006718 0.003802
0 0.804501 0.687262 0.006718 0.003802
0 0.819953 0.691065 0.006718 0.003802
0 0.842123 0.689163 0.006718 0.003802
0 0.842123 0.685361 0.006718 0.003802
0 0.856903 0.692728 0.006718 0.003802
0 0.871683 0.692728 0.006718 0.003802
0 0.886463 0.692728 0.006718 0.003802
0 0.901243 0.692728 0.006718 0.003802
0 0.916023 0.692728 0.006718 0.003802
0 0.930803 0.698432 0.006718 0.003802
0 0.930803 0.692728 0.006718 0.003802
0 0.948606 0.691065 0.006718 0.003802
0 0.143097 0.884506 0.006718 0.003802
0 0.143097 0.879040 0.006718 0.003802
0 0.398052 0.908745 0.006718 0.003802
0 0.417870 0.882842 0.006718 0.003802
0 0.417870 0.879040 0.006718 0.003802
0 0.437689 0.908745 0.006718 0.003802
0 0.469264 0.880941 0.006718 0.003802
0 0.469264 0.877139 0.006718 0.003802
0 0.497817 0.882842 0.006718 0.003802
0 0.497817 0.879040 0.006718 0.003802
0 0.526369 0.880941 0.006718 0.003802
0 0.526369 0.877139 0.006718 0.003802
0 0.554921 0.879040 0.006718 0.003802
0 0.554921 0.875238 0.006718 0.003802
0 0.603292 0.882842 0.006718 0.003802
0 0.603292 0.879040 0.006718 0.003802
0 0.622103 0.908745 0.006718 0.003802
0 0.640578 0.886407 0.006718 0.003802
0 0.640578 0.882842 0.006718 0.003802
0 0.659389 0.908745 0.006718 0.003802
0 0.694995 0.886407 0.006718 0.003802
0 0.694995 0.882842 0.006718 0.003802
0 0.715485 0.908745 0.006718 0.003802
0 0.735640 0.886407 0.006718 0.003802
0 0.735640 0.882842 0.006718 0.003802
0 0.756130 0.890209 0.006718 0.003802
0 0.756130 0.880941 0.006718 0.003802
0 0.793752 0.888308 0.006718 0.003802
0 0.793752 0.884506 0.006718 0.003802
0 0.813235 0.908745 0.006718 0.003802
0 0.832718 0.888308 0.006718 0.003802
0 0.832718 0.880941 0.006718 0.003802
0 0.852200 0.908745 0.006718 0.003802
0 0.896204 0.886407 0.006718 0.003802
0 0.896204 0.882842 0.006718 0.003802
0 0.916695 0.908745 0.006718 0.003802
0 0.937521 0.882842 0.006718 0.003802
0 0.958011 0.908745 0.006718 0.003802
0 0.138730 0.085551 0.006718 0.003802
0 0.208263 0.085551 0.006718 0.003802
0 0.241182 0.081749 0.006718 0.003802
0 0.277796 0.081749 0.006718 0.003802
0 0.354384 0.089354 0.006718 0.003802
0 0.390998 0.089354 0.006718 0.003802
0 0.440712 0.087452 0.006718 0.003802
0 0.458179 0.085551 0.006718 0.003802
0 0.494458 0.085551 0.006718 0.003802
0 0.575747 0.092918 0.006718 0.003802
0 0.624790 0.091017 0.006718 0.003802
0 0.668458 0.091017 0.006718 0.003802
0 0.690628 0.089354 0.006718 0.003802
0 0.739671 0.089354 0.006718 0.003802
0 0.799463 0.087452 0.006718 0.003802
0 0.839100 0.087452 0.006718 0.003802
0 0.879073 0.085551 0.006718 0.003802
0 0.131340 0.280181 0.006718 0.003802
0 0.162916 0.280181 0.006718 0.003802
0 0.194491 0.280181 0.006718 0.003802
0 0.233121 0.280181 0.006718 0.003802
0 0.257306 0.276378 0.006718 0.003802
0 0.300638 0.276378 0.006718 0.003802
0 0.339268 0.276378 0.006718 0.003802
0 0.370843 0.270913 0.006718 0.003802
0 0.433994 0.283745 0.006718 0.003802
0 0.516627 0.281844 0.006718 0.003802
0 0.562647 0.280181 0.006718 0.003802
0 0.595902 0.278279 0.006718 0.003802
0 0.629157 0.280181 0.006718 0.003802
0 0.669802 0.280181 0.006718 0.003802
0 0.690628 0.281844 0.006718 0.003802
0 0.724219 0.276378 0.006718 0.003802
0 0.773933 0.278279 0.006718 0.003802
0 0.844138 0.278279 0.006718 0.003802
0 0.871011 0.280181 0.006718 0.003802
0 0.897884 0.280181 0.006718 0.003802
0 0.924756 0.281844 0.006718 0.003802
0 0.951629 0.283745 0.006718 0.003802
0 0.129661 0.470532 0.006718 0.003802
0 0.172993 0.468631 0.006718 0.003802
0 0.204568 0.466730 0.006718 0.003802
0 0.244206 0.468631 0.006718 0.003802
0 0.287538 0.470532 0.006718 0.003802
0 0.319113 0.464829 0.006718 0.003802
0 0.364125 0.466730 0.006718 0.003802
0 0.422237 0.464829 0.006718 0.003802
0 0.451461 0.463165 0.006718 0.003802
0 0.480349 0.461264 0.006718 0.003802
0 0.527041 0.459363 0.006718 0.003802
0 0.555929 0.457462 0.006718 0.003802
0 0.602284 0.455561 0.006718 0.003802
0 0.679543 0.459363 0.006718 0.003802
0 0.709103 0.464829 0.006718 0.003802
0 0.738999 0.468631 0.006718 0.003802
0 0.768559 0.472433 0.006718 0.003802
0 0.798455 0.463165 0.006718 0.003802
0 0.787370 0.472196 0.004703 0.002614
0 0.841451 0.464829 0.006718 0.003802
0 0.902251 0.472433 0.006718 0.003802
0 0.203561 0.834601 0.006718 0.003802
0 0.242526 0.834601 0.006718 0.003802
0 0.271750 0.834601 0.006718 0.003802
0 0.300638 0.838165 0.006718 0.003802
0 0.329526 0.836502 0.006718 0.003802
0 0.378233 0.834601 0.006718 0.003802
0 0.437689 0.834601 0.006718 0.003802
0 0.469264 0.832700 0.006718 0.003802
0 0.497817 0.834601 0.006718 0.003802
0 0.526369 0.832700 0.006718 0.003802
0 0.554921 0.830798 0.006718 0.003802
0 0.603292 0.834601 0.006718 0.003802
0 0.640578 0.838165 0.006718 0.003802
0 0.694995 0.838165 0.006718 0.003802
0 0.756130 0.836502 0.006718 0.003802
0 0.793752 0.834601 0.006718 0.003802
0 0.832718 0.832700 0.006718 0.003802
0 0.820289 0.834363 0.004703 0.002614
0 0.825999 0.830798 0.004703 0.002614
0 0.864293 0.834601 0.006718 0.003802
0 0.896204 0.834601 0.006718 0.003802
0 0.937521 0.828897 0.006718 0.003802
