0 0.172993 0.248099 0.009741 0.005703
0 0.210279 0.237167 0.009741 0.005703
0 0.266376 0.248099 0.009741 0.005703
0 0.306685 0.237167 0.009741 0.005703
0 0.386295 0.248099 0.009741 0.005703
0 0.418542 0.237167 0.009741 0.005703
0 0.469600 0.248099 0.009741 0.005703
0 0.511925 0.237167 0.009741 0.005703
0 0.589184 0.248099 0.009741 0.005703
0 0.626470 0.237167 0.009741 0.005703
0 0.682566 0.248099 0.009741 0.005703
0 0.731609 0.237167 0.009741 0.005703
0 0.836412 0.248099 0.009741 0.005703
0 0.836412 0.229087 0.009741 0.005703
0 0.924756 0.250713 0.009741 0.005703
0 0.924756 0.231702 0.009741 0.005703
0 0.171985 0.489068 0.009741 0.005703
0 0.171985 0.470295 0.009741 0.005703
0 0.325831 0.475523 0.009741 0.005703
0 0.378905 0.454135 0.009741 0.005703
0 0.387974 0.451283 0.009741 0.005703
0 0.430635 0.475523 0.009741 0.005703
0 0.488075 0.454135 0.009741 0.005703
0 0.497145 0.451283 0.009741 0.005703
0 0.497145 0.446055 0.009741 0.005703
0 0.535438 0.475523 0.009741 0.005703
0 0.588512 0.454135 0.009741 0.005703
0 0.597581 0.451283 0.009741 0.005703
0 0.597581 0.446055 0.009741 0.005703
0 0.597581 0.440589 0.009741 0.005703
0 0.743366 0.494534 0.009741 0.005703
0 0.743366 0.475523 0.009741 0.005703
0 0.799127 0.421340 0.009741 0.005703
0 0.799127 0.416112 0.009741 0.005703
0 0.799127 0.410646 0.009741 0.005703
0 0.799127 0.405181 0.009741 0.005703
0 0.181727 0.682747 0.009741 0.005703
0 0.165939 0.685361 0.006718 0.003802
0 0.227746 0.690827 0.009741 0.005703
0 0.315754 0.680133 0.009741 0.005703
0 0.299966 0.682747 0.006718 0.003802
0 0.356399 0.690827 0.009741 0.005703
0 0.440376 0.682747 0.009741 0.005703
0 0.424253 0.685361 0.006718 0.003802
0 0.487068 0.690827 0.009741 0.005703
0 0.582130 0.677281 0.009741 0.005703
0 0.566006 0.679895 0.006718 0.003802
0 0.630836 0.680133 0.009741 0.005703
0 0.615049 0.682747 0.006718 0.003802
0 0.713806 0.682747 0.009741 0.005703
0 0.764864 0.693441 0.009741 0.005703
0 0.764864 0.682747 0.009741 0.005703
0 0.749076 0.685361 0.006718 0.003802
0 0.841451 0.701521 0.009741 0.005703
0 0.841451 0.682747 0.009741 0.005703
0 0.907625 0.693441 0.009741 0.005703
0 0.907625 0.682747 0.009741 0.005703
0 0.891502 0.685361 0.006718 0.003802
0 0.164931 0.922529 0.009741 0.005703
0 0.164931 0.903755 0.009741 0.005703
0 0.215989 0.906369 0.009741 0.005703
0 0.311723 0.892823 0.009741 0.005703
0 0.356399 0.895675 0.009741 0.005703
0 0.437353 0.898289 0.009741 0.005703
0 0.486732 0.908983 0.009741 0.005703
0 0.486732 0.898289 0.009741 0.005703
0 0.470944 0.900903 0.006718 0.003802
0 0.579442 0.917063 0.009741 0.005703
0 0.579442 0.898289 0.009741 0.005703
0 0.628821 0.908983 0.009741 0.005703
0 0.628821 0.898289 0.009741 0.005703
0 0.720860 0.917063 0.009741 0.005703
0 0.720860 0.898289 0.009741 0.005703
0 0.773933 0.898289 0.009741 0.005703
0 0.855559 0.911835 0.009741 0.005703
0 0.885119 0.900903 0.009741 0.005703
0 0.885119 0.892823 0.009741 0.005703
0 0.944575 0.900903 0.009741 0.005703
0 0.944575 0.892823 0.009741 0.005703
0 0.783675 0.674667 0.009741 0.005703
0 0.783675 0.669202 0.009741 0.005703
0 0.864965 0.677281 0.009741 0.005703
0 0.864965 0.672053 0.009741 0.005703
0 0.931139 0.674667 0.009741 0.005703
0 0.931139 0.669202 0.009741 0.005703
0 0.190460 0.898289 0.009741 0.005703
0 0.190460 0.892823 0.009741 0.005703
0 0.172993 0.180608 0.009741 0.005703
0 0.172993 0.175143 0.009741 0.005703
0 0.210279 0.167063 0.009741 0.005703
0 0.210279 0.161835 0.009741 0.005703
0 0.266376 0.172529 0.009741 0.005703
0 0.266376 0.167063 0.009741 0.005703
0 0.306685 0.177994 0.009741 0.005703
0 0.306685 0.172529 0.009741 0.005703
0 0.386295 0.183222 0.009741 0.005703
0 0.386295 0.177994 0.009741 0.005703
0 0.418542 0.169914 0.009741 0.005703
0 0.418542 0.164449 0.009741 0.005703
0 0.469600 0.175143 0.009741 0.005703
0 0.469600 0.169914 0.009741 0.005703
0 0.511925 0.180608 0.009741 0.005703
0 0.511925 0.175143 0.009741 0.005703
0 0.589184 0.186074 0.009741 0.005703
0 0.589184 0.180608 0.009741 0.005703
0 0.626470 0.172529 0.009741 0.005703
0 0.626470 0.167063 0.009741 0.005703
0 0.682566 0.177994 0.009741 0.005703
0 0.682566 0.172529 0.009741 0.005703
0 0.731609 0.183222 0.009741 0.005703
0 0.731609 0.177994 0.009741 0.005703
0 0.800134 0.191302 0.009741 0.005703
0 0.800134 0.180608 0.009741 0.005703
0 0.800134 0.175143 0.009741 0.005703
0 0.809204 0.172529 0.009741 0.005703
0 0.889150 0.188688 0.009741 0.005703
0 0.889150 0.180608 0.009741 0.005703
0 0.889150 0.175143 0.009741 0.005703
0 0.889150 0.169914 0.009741 0.005703
0 0.171985 0.416112 0.009741 0.005703
0 0.171985 0.410646 0.009741 0.005703
0 0.171985 0.405181 0.009741 0.005703
0 0.171985 0.397101 0.009741 0.005703
0 0.325831 0.426806 0.009741 0.005703
0 0.387974 0.410646 0.009741 0.005703
0 0.387974 0.405181 0.009741 0.005703
0 0.397044 0.402567 0.009741 0.005703
0 0.430635 0.426806 0.009741 0.005703
0 0.488075 0.405181 0.009741 0.005703
0 0.497145 0.402567 0.009741 0.005703
0 0.497145 0.397101 0.009741 0.005703
0 0.535438 0.426806 0.009741 0.005703
0 0.588512 0.405181 0.009741 0.005703
0 0.597581 0.402567 0.009741 0.005703
0 0.597581 0.397101 0.009741 0.005703
0 0.597581 0.391873 0.009741 0.005703
0 0.743366 0.426806 0.009741 0.005703
0 0.799127 0.405181 0.009741 0.005703
0 0.808196 0.402567 0.009741 0.005703
0 0.799127 0.397101 0.009741 0.005703
0 0.799127 0.391873 0.009741 0.005703
0 0.799127 0.386407 0.009741 0.005703
0 0.204568 0.647814 0.009741 0.005703
0 0.204568 0.639734 0.009741 0.005703
0 0.204568 0.634268 0.009741 0.005703
0 0.250588 0.647814 0.009741 0.005703
0 0.250588 0.639734 0.009741 0.005703
0 0.250588 0.634268 0.009741 0.005703
0 0.335909 0.647814 0.009741 0.005703
0 0.335909 0.639734 0.009741 0.005703
0 0.335909 0.631654 0.009741 0.005703
0 0.376554 0.647814 0.009741 0.005703
0 0.376554 0.639734 0.009741 0.005703
0 0.376554 0.631654 0.009741 0.005703
0 0.463890 0.647814 0.009741 0.005703
0 0.463890 0.639734 0.009741 0.005703
0 0.463890 0.634268 0.009741 0.005703
0 0.510581 0.647814 0.009741 0.005703
0 0.510581 0.639734 0.009741 0.005703
0 0.510581 0.634268 0.009741 0.005703
0 0.599933 0.647814 0.009741 0.005703
0 0.599933 0.639734 0.009741 0.005703
0 0.599933 0.628802 0.009741 0.005703
0 0.648975 0.647814 0.009741 0.005703
0 0.648975 0.639734 0.009741 0.005703
0 0.648975 0.631654 0.009741 0.005703
0 0.732953 0.647814 0.009741 0.005703
0 0.732953 0.639734 0.009741 0.005703
0 0.732953 0.634268 0.009741 0.005703
0 0.783675 0.642348 0.009741 0.005703
0 0.783675 0.636882 0.009741 0.005703
0 0.864965 0.639734 0.009741 0.005703
0 0.931139 0.642348 0.009741 0.005703
0 0.931139 0.636882 0.009741 0.005703
0 0.190460 0.860504 0.009741 0.005703
0 0.241518 0.868584 0.009741 0.005703
0 0.241518 0.863356 0.009741 0.005703
0 0.241518 0.855276 0.009741 0.005703
0 0.334229 0.863356 0.009741 0.005703
0 0.334229 0.855276 0.009741 0.005703
0 0.334229 0.844344 0.009741 0.005703
0 0.378905 0.863356 0.009741 0.005703
0 0.378905 0.855276 0.009741 0.005703
0 0.378905 0.847196 0.009741 0.005703
0 0.462210 0.863356 0.009741 0.005703
0 0.462210 0.855276 0.009741 0.005703
0 0.462210 0.849810 0.009741 0.005703
0 0.511589 0.865970 0.009741 0.005703
0 0.511589 0.860504 0.009741 0.005703
0 0.520658 0.857890 0.009741 0.005703
0 0.511589 0.852424 0.009741 0.005703
0 0.603964 0.868584 0.009741 0.005703
0 0.603964 0.863356 0.009741 0.005703
0 0.603964 0.855276 0.009741 0.005703
0 0.653342 0.865970 0.009741 0.005703
0 0.653342 0.860504 0.009741 0.005703
0 0.662412 0.857890 0.009741 0.005703
0 0.653342 0.852424 0.009741 0.005703
0 0.747397 0.868584 0.009741 0.005703
0 0.747397 0.863356 0.009741 0.005703
0 0.747397 0.855276 0.009741 0.005703
0 0.800806 0.868584 0.009741 0.005703
0 0.800806 0.863356 0.009741 0.005703
0 0.800806 0.855276 0.009741 0.005703
0 0.885119 0.863356 0.009741 0.005703
0 0.885119 0.852424 0.009741 0.005703
0 0.894189 0.849810 0.009741 0.005703
0 0.944575 0.863356 0.009741 0.005703
0 0.944575 0.852424 0.009741 0.005703
0 0.953645 0.849810 0.009741 0.005703
0 0.172993 0.101711 0.009741 0.005703
0 0.306685 0.098859 0.009741 0.005703
0 0.342291 0.098859 0.009741 0.005703
0 0.386295 0.090779 0.009741 0.005703
0 0.418542 0.101711 0.009741 0.005703
0 0.469600 0.101711 0.009741 0.005703
0 0.511925 0.098859 0.009741 0.005703
0 0.538126 0.096245 0.009741 0.005703
0 0.589184 0.093631 0.009741 0.005703
0 0.626470 0.104325 0.009741 0.005703
0 0.682566 0.104325 0.009741 0.005703
0 0.731609 0.101711 0.009741 0.005703
0 0.756130 0.098859 0.009741 0.005703
0 0.800134 0.098859 0.009741 0.005703
0 0.889150 0.096245 0.009741 0.005703
0 0.947262 0.096245 0.009741 0.005703
0 0.171985 0.325095 0.009741 0.005703
0 0.287538 0.325095 0.009741 0.005703
0 0.644609 0.335789 0.009741 0.005703
0 0.705408 0.314163 0.009741 0.005703
0 0.799127 0.314163 0.009741 0.005703
0 0.833725 0.314163 0.006718 0.003802
0 0.849849 0.319392 0.006718 0.003802
0 0.865972 0.324857 0.006718 0.003802
0 0.882096 0.330323 0.006718 0.003802
0 0.898220 0.332937 0.006718 0.003802
0 0.914343 0.335789 0.006718 0.003802
0 0.930803 0.338403 0.006718 0.003802
0 0.946926 0.343869 0.006718 0.003802
0 0.487068 0.576759 0.009741 0.005703
0 0.525361 0.574144 0.009741 0.005703
0 0.582130 0.571530 0.009741 0.005703
0 0.630836 0.568679 0.009741 0.005703
0 0.662748 0.566065 0.009741 0.005703
0 0.713806 0.563451 0.009741 0.005703
0 0.764864 0.560599 0.009741 0.005703
0 0.796103 0.557985 0.009741 0.005703
0 0.841451 0.563451 0.009741 0.005703
0 0.907625 0.560599 0.009741 0.005703
0 0.945919 0.557985 0.009741 0.005703
0 0.164931 0.778755 0.009741 0.005703
0 0.215989 0.786835 0.009741 0.005703
0 0.257642 0.783983 0.009741 0.005703
0 0.311723 0.781369 0.009741 0.005703
0 0.356399 0.778755 0.009741 0.005703
0 0.392677 0.775903 0.009741 0.005703
0 0.437353 0.773289 0.009741 0.005703
0 0.486732 0.770675 0.009741 0.005703
0 0.527377 0.775903 0.009741 0.005703
0 0.579442 0.773289 0.009741 0.005703
0 0.628821 0.770675 0.009741 0.005703
0 0.668794 0.775903 0.009741 0.005703
0 0.720860 0.773289 0.009741 0.005703
0 0.773933 0.773289 0.009741 0.005703
0 0.817266 0.770675 0.009741 0.005703
0 0.855559 0.767823 0.009741 0.005703
0 0.885119 0.781369 0.009741 0.005703
0 0.915015 0.778755 0.009741 0.005703
0 0.944575 0.775903 0.009741 0.005703
