0 0.232785 0.334363 0.010077 0.005703
0 0.232785 0.328897 0.010077 0.005703
0 0.338932 0.337215 0.010077 0.005703
0 0.338932 0.331511 0.010077 0.005703
0 0.417870 0.334363 0.010077 0.005703
0 0.417870 0.328897 0.010077 0.005703
0 0.524017 0.337215 0.010077 0.005703
0 0.524017 0.326046 0.010077 0.005703
0 0.592543 0.334363 0.010077 0.005703
0 0.592543 0.328897 0.010077 0.005703
0 0.635539 0.331511 0.010077 0.005703
0 0.678871 0.328897 0.010077 0.005703
0 0.762513 0.328897 0.010077 0.005703
0 0.839436 0.326046 0.010077 0.005703
0 0.874706 0.328897 0.010077 0.005703
0 0.909641 0.328897 0.010077 0.005703
0 0.944575 0.331511 0.010077 0.005703
0 0.167618 0.615019 0.010077 0.005703
0 0.437353 0.612167 0.010077 0.005703
0 0.485724 0.615019 0.010077 0.005703
0 0.556937 0.617871 0.010077 0.005703
0 0.874034 0.606702 0.010077 0.005703
0 0.167618 0.891397 0.010077 0.005703
0 0.592207 0.913498 0.010077 0.005703
0 0.678200 0.910646 0.010077 0.005703
0 0.786026 0.908032 0.010077 0.005703
0 0.925764 0.902567 0.010077 0.005703
0 0.592543 0.286835 0.010077 0.005703
0 0.762513 0.286835 0.010077 0.005703
0 0.839436 0.286835 0.010077 0.005703
0 0.909641 0.289686 0.010077 0.005703
0 0.592207 0.850285 0.010077 0.005703
0 0.678200 0.853137 0.010077 0.005703
0 0.786026 0.855989 0.010077 0.005703
0 0.232785 0.286835 0.010077 0.005703
0 0.232785 0.275903 0.010077 0.005703
0 0.338932 0.286835 0.010077 0.005703
0 0.338932 0.278517 0.010077 0.005703
0 0.417870 0.286835 0.010077 0.005703
0 0.417870 0.275903 0.010077 0.005703
0 0.524017 0.286835 0.010077 0.005703
0 0.524017 0.278517 0.010077 0.005703
0 0.592543 0.275903 0.010077 0.005703
0 0.635539 0.273051 0.010077 0.005703
0 0.678871 0.281369 0.010077 0.005703
0 0.762513 0.281369 0.010077 0.005703
0 0.839436 0.278517 0.010077 0.005703
0 0.874706 0.281369 0.010077 0.005703
0 0.909641 0.281369 0.010077 0.005703
0 0.944575 0.284221 0.010077 0.005703
0 0.167618 0.584601 0.010077 0.005703
0 0.167618 0.576283 0.010077 0.005703
0 0.437353 0.581987 0.010077 0.005703
0 0.485724 0.584601 0.010077 0.005703
0 0.556937 0.587452 0.010077 0.005703
0 0.556937 0.579135 0.010077 0.005703
0 0.874034 0.579135 0.010077 0.005703
0 0.874034 0.573669 0.010077 0.005703
0 0.167618 0.853137 0.010077 0.005703
0 0.167618 0.844819 0.010077 0.005703
0 0.592207 0.850285 0.010077 0.005703
0 0.786026 0.850285 0.010077 0.005703
0 0.925764 0.844819 0.010077 0.005703
0 0.602956 0.767586 0.007054 0.004040
0 0.731945 0.770437 0.007054 0.004040
0 0.803829 0.773051 0.007054 0.004040
0 0.872019 0.775903 0.007054 0.004040
0 0.909641 0.210076 0.010077 0.005703
0 0.944575 0.207224 0.010077 0.005703
0 0.167618 0.489781 0.010077 0.005703
0 0.215653 0.492633 0.010077 0.005703
0 0.264024 0.495247 0.010077 0.005703
0 0.312059 0.498099 0.010077 0.005703
0 0.360430 0.500951 0.010077 0.005703
0 0.437353 0.498099 0.010077 0.005703
0 0.485724 0.495247 0.010077 0.005703
0 0.556937 0.492633 0.010077 0.005703
0 0.610010 0.495247 0.010077 0.005703
0 0.662748 0.498099 0.010077 0.005703
0 0.715485 0.500951 0.010077 0.005703
0 0.768559 0.492633 0.010077 0.005703
0 0.821297 0.503565 0.010077 0.005703
0 0.874034 0.489781 0.010077 0.005703
0 0.926772 0.487167 0.010077 0.005703
0 0.167618 0.764971 0.010077 0.005703
0 0.220692 0.767823 0.010077 0.005703
0 0.273430 0.770437 0.010077 0.005703
0 0.326503 0.773289 0.010077 0.005703
0 0.379577 0.775903 0.010077 0.005703
0 0.464226 0.773289 0.010077 0.005703
0 0.517299 0.770437 0.010077 0.005703
0 0.592207 0.767823 0.010077 0.005703
0 0.678200 0.770437 0.010077 0.005703
0 0.786026 0.773289 0.010077 0.005703
0 0.925764 0.775903 0.010077 0.005703
