0 0.595230 0.374049 0.007390 0.004278
0 0.805845 0.367871 0.007390 0.004278
0 0.920054 0.367871 0.007390 0.004278
0 0.148472 0.553470 0.007390 0.004278
0 0.300302 0.553470 0.007390 0.004278
0 0.386631 0.555371 0.007390 0.004278
0 0.504535 0.555371 0.007390 0.004278
0 0.576083 0.555371 0.007390 0.004278
0 0.799798 0.555371 0.007390 0.004278
0 0.918374 0.555371 0.007390 0.004278
0 0.139738 0.726236 0.007390 0.004278
0 0.275109 0.736454 0.007390 0.004278
0 0.357407 0.734316 0.007390 0.004278
0 0.485724 0.734316 0.007390 0.004278
0 0.562311 0.732414 0.007390 0.004278
0 0.693987 0.734316 0.007390 0.004278
0 0.780316 0.736454 0.007390 0.004278
0 0.846490 0.734316 0.007390 0.004278
0 0.912664 0.734316 0.007390 0.004278
0 0.139738 0.917063 0.007390 0.004278
0 0.243870 0.917063 0.007390 0.004278
0 0.319449 0.911122 0.007390 0.004278
0 0.392341 0.911122 0.007390 0.004278
0 0.413168 0.911122 0.007390 0.004278
0 0.438361 0.908983 0.007390 0.004278
0 0.462882 0.907082 0.007390 0.004278
0 0.518307 0.907082 0.007390 0.004278
0 0.571045 0.904943 0.007390 0.004278
0 0.139738 0.180371 0.007390 0.004278
0 0.286194 0.178232 0.007390 0.004278
0 0.371515 0.176331 0.007390 0.004278
0 0.483373 0.176331 0.007390 0.004278
0 0.546187 0.176331 0.007390 0.004278
0 0.552906 0.174192 0.007390 0.004278
0 0.703057 0.176331 0.007390 0.004278
0 0.709775 0.174192 0.007390 0.004278
0 0.801478 0.178232 0.007390 0.004278
0 0.801478 0.174192 0.007390 0.004278
0 0.918374 0.178232 0.007390 0.004278
0 0.139738 0.361930 0.007390 0.004278
0 0.281491 0.361930 0.007390 0.004278
0 0.372187 0.359791 0.007390 0.004278
0 0.441720 0.363831 0.007390 0.004278
0 0.511253 0.361930 0.007390 0.004278
0 0.545852 0.375951 0.007390 0.004278
0 0.658045 0.363831 0.007390 0.004278
0 0.721196 0.361930 0.007390 0.004278
0 0.805845 0.363831 0.007390 0.004278
0 0.862949 0.363831 0.007390 0.004278
0 0.920054 0.363831 0.007390 0.004278
0 0.148472 0.545390 0.007390 0.004278
0 0.386631 0.545390 0.007390 0.004278
0 0.445751 0.545390 0.007390 0.004278
0 0.504535 0.545390 0.007390 0.004278
0 0.576083 0.543251 0.007390 0.004278
0 0.653006 0.543251 0.007390 0.004278
0 0.719516 0.543251 0.007390 0.004278
0 0.799798 0.543251 0.007390 0.004278
0 0.918374 0.543251 0.007390 0.004278
0 0.139738 0.722196 0.007390 0.004278
0 0.207592 0.722196 0.007390 0.004278
0 0.275109 0.722196 0.007390 0.004278
0 0.357407 0.726236 0.007390 0.004278
0 0.485724 0.724335 0.007390 0.004278
0 0.562311 0.722196 0.007390 0.004278
0 0.628149 0.724335 0.007390 0.004278
0 0.661068 0.722196 0.007390 0.004278
0 0.693987 0.724335 0.007390 0.004278
0 0.780316 0.726236 0.007390 0.004278
0 0.912664 0.724335 0.007390 0.004278
0 0.139738 0.907082 0.007390 0.004278
0 0.191804 0.907082 0.007390 0.004278
0 0.243870 0.908983 0.007390 0.004278
0 0.269735 0.904943 0.007390 0.004278
0 0.319449 0.907082 0.007390 0.004278
0 0.392341 0.903042 0.007390 0.004278
0 0.413168 0.903042 0.007390 0.004278
0 0.462882 0.903042 0.007390 0.004278
0 0.518307 0.903042 0.007390 0.004278
0 0.571045 0.900903 0.007390 0.004278
0 0.638898 0.904943 0.007390 0.004278
0 0.692308 0.903042 0.007390 0.004278
0 0.733624 0.917063 0.007390 0.004278
0 0.759825 0.917063 0.007390 0.004278
0 0.791401 0.917063 0.007390 0.004278
0 0.818273 0.911122 0.007390 0.004278
0 0.844810 0.917063 0.007390 0.004278
0 0.871683 0.921103 0.007390 0.004278
0 0.913671 0.925143 0.007390 0.004278
0 0.913671 0.917063 0.007390 0.004278
0 0.913671 0.911122 0.007390 0.004278
0 0.392341 0.862643 0.007390 0.004278
0 0.413168 0.862643 0.007390 0.004278
0 0.462882 0.862643 0.007390 0.004278
0 0.518307 0.862643 0.007390 0.004278
0 0.571045 0.862643 0.007390 0.004278
0 0.632180 0.862643 0.007390 0.004278
0 0.638898 0.860504 0.007390 0.004278
0 0.157205 0.152567 0.007390 0.004278
0 0.174672 0.146625 0.007390 0.004278
0 0.192140 0.142586 0.007390 0.004278
0 0.216325 0.138546 0.007390 0.004278
0 0.233792 0.142586 0.007390 0.004278
0 0.251260 0.146625 0.007390 0.004278
0 0.268727 0.152567 0.007390 0.004278
0 0.303661 0.140447 0.007390 0.004278
0 0.321129 0.148527 0.007390 0.004278
0 0.338596 0.152567 0.007390 0.004278
0 0.385623 0.152567 0.007390 0.004278
0 0.399395 0.146625 0.007390 0.004278
0 0.413504 0.142586 0.007390 0.004278
0 0.427612 0.138546 0.007390 0.004278
0 0.441384 0.142586 0.007390 0.004278
0 0.455492 0.146625 0.007390 0.004278
0 0.469264 0.152567 0.007390 0.004278
0 0.497481 0.152567 0.007390 0.004278
0 0.511253 0.146625 0.007390 0.004278
0 0.525361 0.142586 0.007390 0.004278
0 0.570373 0.150665 0.007390 0.004278
0 0.588176 0.146625 0.007390 0.004278
0 0.605643 0.140447 0.007390 0.004278
0 0.657037 0.140447 0.007390 0.004278
0 0.674505 0.146625 0.007390 0.004278
0 0.692308 0.150665 0.007390 0.004278
0 0.727578 0.150665 0.007390 0.004278
0 0.745045 0.146625 0.007390 0.004278
0 0.762849 0.140447 0.007390 0.004278
0 0.816258 0.148527 0.007390 0.004278
0 0.830702 0.140447 0.007390 0.004278
0 0.845482 0.134506 0.007390 0.004278
0 0.859926 0.134506 0.007390 0.004278
0 0.874706 0.140447 0.007390 0.004278
0 0.889150 0.144487 0.007390 0.004278
0 0.903930 0.148527 0.007390 0.004278
0 0.933154 0.148527 0.007390 0.004278
0 0.948270 0.140447 0.007390 0.004278
0 0.962714 0.134506 0.007390 0.004278
0 0.139738 0.314876 0.007390 0.004278
0 0.156198 0.318916 0.007390 0.004278
0 0.172657 0.325095 0.007390 0.004278
0 0.188781 0.329135 0.007390 0.004278
0 0.215989 0.314876 0.007390 0.004278
0 0.232449 0.318916 0.007390 0.004278
0 0.248572 0.325095 0.007390 0.004278
0 0.265032 0.329135 0.007390 0.004278
0 0.297951 0.325095 0.007390 0.004278
0 0.314746 0.322956 0.007390 0.004278
0 0.331206 0.314876 0.007390 0.004278
0 0.389654 0.325095 0.007390 0.004278
0 0.407121 0.321055 0.007390 0.004278
0 0.424253 0.317015 0.007390 0.004278
0 0.459187 0.331036 0.007390 0.004278
0 0.476654 0.325095 0.007390 0.004278
0 0.493786 0.317015 0.007390 0.004278
0 0.511253 0.329135 0.007390 0.004278
0 0.528720 0.322956 0.007390 0.004278
0 0.545852 0.329135 0.007390 0.004278
0 0.563319 0.333175 0.007390 0.004278
0 0.611018 0.335076 0.007390 0.004278
0 0.626806 0.325095 0.007390 0.004278
0 0.642593 0.317015 0.007390 0.004278
0 0.673833 0.331036 0.007390 0.004278
0 0.689620 0.325095 0.007390 0.004278
0 0.705408 0.317015 0.007390 0.004278
0 0.736648 0.331036 0.007390 0.004278
0 0.752435 0.326996 0.007390 0.004278
0 0.768223 0.317015 0.007390 0.004278
0 0.820289 0.317015 0.007390 0.004278
0 0.834397 0.325095 0.007390 0.004278
0 0.848841 0.331036 0.007390 0.004278
0 0.877393 0.317015 0.007390 0.004278
0 0.891502 0.325095 0.007390 0.004278
0 0.905610 0.331036 0.007390 0.004278
0 0.934162 0.317015 0.007390 0.004278
0 0.948606 0.325095 0.007390 0.004278
0 0.962714 0.331036 0.007390 0.004278
0 0.167282 0.504040 0.007390 0.004278
0 0.186093 0.509981 0.007390 0.004278
0 0.204904 0.518061 0.007390 0.004278
0 0.243870 0.504040 0.007390 0.004278
0 0.262681 0.509981 0.007390 0.004278
0 0.281491 0.518061 0.007390 0.004278
0 0.319113 0.504040 0.007390 0.004278
0 0.337924 0.509981 0.007390 0.004278
0 0.356735 0.518061 0.007390 0.004278
0 0.401411 0.516160 0.007390 0.004278
0 0.416191 0.509981 0.007390 0.004278
0 0.430971 0.501901 0.007390 0.004278
0 0.460531 0.516160 0.007390 0.004278
0 0.475311 0.509981 0.007390 0.004278
0 0.489755 0.501901 0.007390 0.004278
0 0.519315 0.516160 0.007390 0.004278
0 0.534095 0.509981 0.007390 0.004278
0 0.548875 0.501901 0.007390 0.004278
0 0.592879 0.509981 0.007390 0.004278
0 0.609338 0.505941 0.007390 0.004278
0 0.626134 0.500000 0.007390 0.004278
0 0.669802 0.509981 0.007390 0.004278
0 0.686261 0.505941 0.007390 0.004278
0 0.703057 0.500000 0.007390 0.004278
0 0.736312 0.509981 0.007390 0.004278
0 0.753107 0.505941 0.007390 0.004278
0 0.769567 0.500000 0.007390 0.004278
0 0.814578 0.512120 0.007390 0.004278
0 0.829358 0.508080 0.007390 0.004278
0 0.844138 0.504040 0.007390 0.004278
0 0.858918 0.500000 0.007390 0.004278
0 0.874034 0.504040 0.007390 0.004278
0 0.888814 0.508080 0.007390 0.004278
0 0.903594 0.512120 0.007390 0.004278
0 0.933154 0.512120 0.007390 0.004278
0 0.947934 0.508080 0.007390 0.004278
0 0.962714 0.501901 0.007390 0.004278
0 0.156533 0.690589 0.007390 0.004278
0 0.173665 0.682510 0.007390 0.004278
0 0.190460 0.676331 0.007390 0.004278
0 0.224387 0.696530 0.007390 0.004278
0 0.241182 0.690589 0.007390 0.004278
0 0.258314 0.682510 0.007390 0.004278
0 0.292241 0.696530 0.007390 0.004278
0 0.309036 0.690589 0.007390 0.004278
0 0.325831 0.682510 0.007390 0.004278
0 0.373194 0.694629 0.007390 0.004278
0 0.389318 0.690589 0.007390 0.004278
0 0.405442 0.680371 0.007390 0.004278
0 0.437689 0.694629 0.007390 0.004278
0 0.453477 0.690589 0.007390 0.004278
0 0.469600 0.680371 0.007390 0.004278
0 0.501847 0.694629 0.007390 0.004278
0 0.517971 0.690589 0.007390 0.004278
0 0.533759 0.680371 0.007390 0.004278
0 0.580450 0.696530 0.007390 0.004278
0 0.595230 0.690589 0.007390 0.004278
0 0.611690 0.682510 0.007390 0.004278
0 0.644609 0.696530 0.007390 0.004278
0 0.661068 0.690589 0.007390 0.004278
0 0.677528 0.682510 0.007390 0.004278
0 0.710447 0.696530 0.007390 0.004278
0 0.726906 0.692490 0.007390 0.004278
0 0.743366 0.682510 0.007390 0.004278
0 0.797111 0.696530 0.007390 0.004278
0 0.813571 0.690589 0.007390 0.004278
0 0.830030 0.682510 0.007390 0.004278
0 0.862949 0.694629 0.007390 0.004278
0 0.879745 0.690589 0.007390 0.004278
0 0.896204 0.680371 0.007390 0.004278
0 0.929123 0.694629 0.007390 0.004278
0 0.945583 0.690589 0.007390 0.004278
0 0.962378 0.680371 0.007390 0.004278
0 0.154182 0.868584 0.007390 0.004278
0 0.165603 0.862643 0.007390 0.004278
0 0.178703 0.854563 0.007390 0.004278
0 0.204904 0.868584 0.007390 0.004278
0 0.217669 0.862643 0.007390 0.004278
0 0.230769 0.854563 0.007390 0.004278
0 0.256634 0.868584 0.007390 0.004278
0 0.269735 0.864544 0.007390 0.004278
0 0.282835 0.854563 0.007390 0.004278
0 0.333893 0.868584 0.007390 0.004278
0 0.345650 0.862643 0.007390 0.004278
0 0.358415 0.858603 0.007390 0.004278
0 0.371515 0.862643 0.007390 0.004278
0 0.392341 0.858603 0.007390 0.004278
0 0.413168 0.858603 0.007390 0.004278
0 0.438361 0.856464 0.007390 0.004278
0 0.462882 0.854563 0.007390 0.004278
0 0.497145 0.854563 0.007390 0.004278
0 0.518307 0.848384 0.007390 0.004278
0 0.544508 0.850523 0.007390 0.004278
0 0.571045 0.852424 0.007390 0.004278
0 0.608666 0.852424 0.007390 0.004278
0 0.638898 0.850523 0.007390 0.004278
0 0.667786 0.852424 0.007390 0.004278
0 0.692308 0.862643 0.007390 0.004278
0 0.692308 0.858603 0.007390 0.004278
0 0.692308 0.854563 0.007390 0.004278
0 0.733624 0.868584 0.007390 0.004278
0 0.733624 0.862643 0.007390 0.004278
0 0.733624 0.858603 0.007390 0.004278
0 0.759825 0.870722 0.007390 0.004278
0 0.759825 0.864544 0.007390 0.004278
0 0.759825 0.858603 0.007390 0.004278
0 0.791401 0.870722 0.007390 0.004278
0 0.791401 0.864544 0.007390 0.004278
0 0.791401 0.860504 0.007390 0.004278
0 0.818273 0.872624 0.007390 0.004278
0 0.818273 0.868584 0.007390 0.004278
0 0.818273 0.862643 0.007390 0.004278
0 0.844810 0.872624 0.007390 0.004278
0 0.844810 0.868584 0.007390 0.004278
0 0.844810 0.862643 0.007390 0.004278
0 0.871683 0.872624 0.007390 0.004278
0 0.871683 0.868584 0.007390 0.004278
0 0.871683 0.862643 0.007390 0.004278
0 0.913671 0.872624 0.007390 0.004278
0 0.913671 0.868584 0.007390 0.004278
0 0.913671 0.862643 0.007390 0.004278
0 0.139738 0.084838 0.007390 0.004278
0 0.192140 0.084838 0.007390 0.004278
0 0.216325 0.084838 0.007390 0.004278
0 0.251260 0.078660 0.007390 0.004278
0 0.286194 0.080798 0.007390 0.004278
0 0.321129 0.084838 0.007390 0.004278
0 0.371515 0.078660 0.007390 0.004278
0 0.427612 0.084838 0.007390 0.004278
0 0.511253 0.084838 0.007390 0.004278
0 0.552906 0.082700 0.007390 0.004278
0 0.605643 0.082700 0.007390 0.004278
0 0.639234 0.080798 0.007390 0.004278
0 0.674505 0.082700 0.007390 0.004278
0 0.709775 0.084838 0.007390 0.004278
0 0.745045 0.086740 0.007390 0.004278
0 0.801478 0.080798 0.007390 0.004278
0 0.948270 0.080798 0.007390 0.004278
0 0.139738 0.258793 0.007390 0.004278
0 0.188781 0.258793 0.007390 0.004278
0 0.215989 0.258793 0.007390 0.004278
0 0.248572 0.258793 0.007390 0.004278
0 0.281491 0.260694 0.007390 0.004278
0 0.314746 0.262833 0.007390 0.004278
0 0.372187 0.264734 0.007390 0.004278
0 0.441720 0.272814 0.007390 0.004278
0 0.476654 0.272814 0.007390 0.004278
0 0.511253 0.264734 0.007390 0.004278
0 0.545852 0.266873 0.007390 0.004278
0 0.595230 0.268774 0.007390 0.004278
0 0.626806 0.268774 0.007390 0.004278
0 0.658045 0.268774 0.007390 0.004278
0 0.752435 0.270913 0.007390 0.004278
0 0.805845 0.272814 0.007390 0.004278
0 0.948606 0.272814 0.007390 0.004278
0 0.148472 0.454373 0.007390 0.004278
0 0.204904 0.454373 0.007390 0.004278
0 0.225059 0.456274 0.007390 0.004278
0 0.262681 0.458413 0.007390 0.004278
0 0.300302 0.460314 0.007390 0.004278
0 0.337924 0.458413 0.007390 0.004278
0 0.386631 0.454373 0.007390 0.004278
0 0.445751 0.450333 0.007390 0.004278
0 0.534095 0.450333 0.007390 0.004278
0 0.576083 0.448194 0.007390 0.004278
0 0.626134 0.448194 0.007390 0.004278
0 0.653006 0.446293 0.007390 0.004278
0 0.686261 0.448194 0.007390 0.004278
0 0.719516 0.446293 0.007390 0.004278
0 0.753107 0.444154 0.007390 0.004278
0 0.799798 0.442253 0.007390 0.004278
0 0.918374 0.450333 0.007390 0.004278
0 0.139738 0.621673 0.007390 0.004278
0 0.173665 0.625713 0.007390 0.004278
0 0.207592 0.627614 0.007390 0.004278
0 0.241182 0.625713 0.007390 0.004278
0 0.275109 0.623574 0.007390 0.004278
0 0.309036 0.625713 0.007390 0.004278
0 0.357407 0.625713 0.007390 0.004278
0 0.421565 0.629753 0.007390 0.004278
0 0.453477 0.625713 0.007390 0.004278
0 0.485724 0.627614 0.007390 0.004278
0 0.517971 0.629753 0.007390 0.004278
0 0.562311 0.631654 0.007390 0.004278
0 0.628149 0.633793 0.007390 0.004278
0 0.661068 0.631654 0.007390 0.004278
0 0.693987 0.629753 0.007390 0.004278
0 0.726906 0.631654 0.007390 0.004278
0 0.780316 0.625713 0.007390 0.004278
0 0.879745 0.625713 0.007390 0.004278
0 0.912664 0.627614 0.007390 0.004278
0 0.945583 0.629753 0.007390 0.004278
0 0.139738 0.808698 0.007390 0.004278
0 0.217669 0.810599 0.007390 0.004278
0 0.243870 0.810599 0.007390 0.004278
0 0.269735 0.814639 0.007390 0.004278
0 0.319449 0.816778 0.007390 0.004278
