0 0.330198 0.642823 0.010077 0.005703
0 0.363117 0.640209 0.010077 0.005703
0 0.737319 0.667776 0.011421 0.005941
0 0.164259 0.889971 0.011421 0.005941
0 0.850185 0.868108 0.010077 0.005703
0 0.875378 0.870722 0.010077 0.005703
0 0.156533 0.203897 0.010077 0.005703
0 0.267383 0.206511 0.010077 0.005703
0 0.377897 0.209363 0.010077 0.005703
0 0.488747 0.223146 0.010077 0.005703
0 0.584817 0.234316 0.010077 0.005703
0 0.584817 0.223146 0.010077 0.005703
0 0.156533 0.432985 0.010077 0.005703
0 0.259993 0.430133 0.010077 0.005703
0 0.313739 0.427281 0.010077 0.005703
0 0.369499 0.421816 0.010077 0.005703
0 0.422237 0.424667 0.010077 0.005703
0 0.474975 0.427281 0.010077 0.005703
0 0.474975 0.418964 0.010077 0.005703
0 0.612697 0.430133 0.010077 0.005703
0 0.669466 0.421816 0.010077 0.005703
0 0.706752 0.424667 0.010077 0.005703
0 0.823312 0.427281 0.010077 0.005703
0 0.903594 0.452234 0.010077 0.005703
0 0.156533 0.659458 0.010077 0.005703
0 0.194491 0.659458 0.010077 0.005703
0 0.241518 0.637357 0.010077 0.005703
0 0.241518 0.631892 0.010077 0.005703
0 0.241518 0.623574 0.010077 0.005703
0 0.279476 0.640209 0.010077 0.005703
0 0.279476 0.631892 0.010077 0.005703
0 0.279476 0.626426 0.010077 0.005703
0 0.330198 0.634743 0.010077 0.005703
0 0.330198 0.629040 0.010077 0.005703
0 0.396036 0.640209 0.010077 0.005703
0 0.396036 0.631892 0.010077 0.005703
0 0.396036 0.626426 0.010077 0.005703
0 0.428955 0.645675 0.010077 0.005703
0 0.428955 0.640209 0.010077 0.005703
0 0.428955 0.631892 0.010077 0.005703
0 0.477998 0.678707 0.011421 0.005941
0 0.477998 0.659458 0.011421 0.005941
0 0.664763 0.676093 0.010077 0.005703
0 0.664763 0.656844 0.010077 0.005703
0 0.792073 0.651141 0.010077 0.005703
0 0.846490 0.653992 0.010077 0.005703
0 0.901243 0.656844 0.010077 0.005703
0 0.164595 0.881892 0.010077 0.005703
0 0.276789 0.879040 0.010077 0.005703
0 0.404098 0.870722 0.010077 0.005703
0 0.456500 0.873574 0.010077 0.005703
0 0.465905 0.870722 0.010077 0.005703
0 0.508902 0.876426 0.010077 0.005703
0 0.508902 0.870722 0.010077 0.005703
0 0.561303 0.879040 0.010077 0.005703
0 0.561303 0.870722 0.010077 0.005703
0 0.626806 0.884506 0.010077 0.005703
0 0.626806 0.870722 0.010077 0.005703
0 0.654686 0.881892 0.010077 0.005703
0 0.654686 0.868108 0.010077 0.005703
0 0.682902 0.856939 0.010077 0.005703
0 0.739671 0.856939 0.010077 0.005703
0 0.792744 0.879040 0.010077 0.005703
0 0.792744 0.868108 0.010077 0.005703
0 0.792744 0.859791 0.010077 0.005703
0 0.847162 0.879040 0.010077 0.005703
0 0.847162 0.859791 0.010077 0.005703
0 0.903594 0.909458 0.010077 0.005703
0 0.903594 0.890209 0.010077 0.005703
0 0.488747 0.177519 0.010077 0.005703
0 0.584817 0.180371 0.010077 0.005703
0 0.682566 0.182985 0.010077 0.005703
0 0.682566 0.177519 0.010077 0.005703
0 0.780316 0.180371 0.010077 0.005703
0 0.780316 0.174667 0.010077 0.005703
0 0.669466 0.383080 0.010077 0.005703
0 0.156533 0.645675 0.010077 0.005703
0 0.156533 0.637357 0.010077 0.005703
0 0.194491 0.645675 0.010077 0.005703
0 0.194491 0.637357 0.010077 0.005703
0 0.330198 0.594106 0.010077 0.005703
0 0.363117 0.591492 0.010077 0.005703
0 0.737319 0.599810 0.010077 0.005703
0 0.755459 0.642823 0.010077 0.005703
0 0.773598 0.637357 0.010077 0.005703
0 0.792073 0.596958 0.010077 0.005703
0 0.810212 0.610741 0.010077 0.005703
0 0.828351 0.599810 0.010077 0.005703
0 0.846490 0.591492 0.010077 0.005703
0 0.864965 0.610741 0.010077 0.005703
0 0.883104 0.599810 0.010077 0.005703
0 0.901243 0.594106 0.010077 0.005703
0 0.919382 0.613593 0.010077 0.005703
0 0.937857 0.599810 0.010077 0.005703
0 0.164595 0.793489 0.010077 0.005703
0 0.183070 0.809886 0.010077 0.005703
0 0.201881 0.804420 0.010077 0.005703
0 0.220692 0.796103 0.010077 0.005703
0 0.239503 0.809886 0.010077 0.005703
0 0.257978 0.804420 0.010077 0.005703
0 0.276789 0.804420 0.010077 0.005703
0 0.295600 0.818203 0.010077 0.005703
0 0.314410 0.812738 0.010077 0.005703
0 0.332885 0.807272 0.010077 0.005703
0 0.357743 0.821055 0.010077 0.005703
0 0.376218 0.812738 0.010077 0.005703
0 0.404098 0.804420 0.010077 0.005703
0 0.421565 0.823669 0.010077 0.005703
0 0.439033 0.809886 0.010077 0.005703
0 0.456500 0.798954 0.010077 0.005703
0 0.473967 0.818203 0.010077 0.005703
0 0.491434 0.804420 0.010077 0.005703
0 0.508902 0.790637 0.010077 0.005703
0 0.526369 0.809886 0.010077 0.005703
0 0.543836 0.804420 0.010077 0.005703
0 0.561303 0.785171 0.010077 0.005703
0 0.578771 0.804420 0.010077 0.005703
0 0.596238 0.790637 0.010077 0.005703
0 0.903594 0.870722 0.010077 0.005703
0 0.190796 0.166587 0.010077 0.005703
0 0.233121 0.160884 0.010077 0.005703
0 0.301310 0.169202 0.010077 0.005703
0 0.343970 0.163736 0.010077 0.005703
0 0.412160 0.166587 0.010077 0.005703
0 0.454820 0.155418 0.010077 0.005703
0 0.488747 0.172053 0.010077 0.005703
0 0.530400 0.169202 0.010077 0.005703
0 0.584817 0.166587 0.010077 0.005703
0 0.174337 0.388546 0.010077 0.005703
0 0.192140 0.380228 0.010077 0.005703
0 0.210279 0.374762 0.010077 0.005703
0 0.277796 0.388546 0.010077 0.005703
0 0.295600 0.380228 0.010077 0.005703
0 0.313739 0.369297 0.010077 0.005703
0 0.369499 0.363831 0.010077 0.005703
0 0.387303 0.380228 0.010077 0.005703
0 0.404770 0.374762 0.010077 0.005703
0 0.422237 0.366445 0.010077 0.005703
0 0.440040 0.380228 0.010077 0.005703
0 0.457508 0.374762 0.010077 0.005703
0 0.474975 0.369297 0.010077 0.005703
0 0.474975 0.360979 0.010077 0.005703
0 0.612697 0.371911 0.010077 0.005703
0 0.631508 0.383080 0.010077 0.005703
0 0.650655 0.377614 0.010077 0.005703
0 0.669466 0.374762 0.010077 0.005703
0 0.706752 0.377614 0.010077 0.005703
0 0.823312 0.388546 0.010077 0.005703
0 0.823312 0.380228 0.010077 0.005703
0 0.823312 0.369297 0.010077 0.005703
0 0.863285 0.391397 0.010077 0.005703
0 0.872691 0.388546 0.010077 0.005703
0 0.863285 0.377614 0.010077 0.005703
0 0.928787 0.394011 0.010077 0.005703
0 0.928787 0.388546 0.010077 0.005703
0 0.928787 0.380228 0.010077 0.005703
0 0.156533 0.599810 0.010077 0.005703
0 0.194491 0.602424 0.010077 0.005703
0 0.241518 0.588641 0.010077 0.005703
0 0.241518 0.583175 0.010077 0.005703
0 0.241518 0.574857 0.010077 0.005703
0 0.279476 0.591492 0.010077 0.005703
0 0.279476 0.583175 0.010077 0.005703
0 0.279476 0.577709 0.010077 0.005703
0 0.330198 0.585789 0.010077 0.005703
0 0.330198 0.580323 0.010077 0.005703
0 0.396036 0.591492 0.010077 0.005703
0 0.396036 0.583175 0.010077 0.005703
0 0.396036 0.577709 0.010077 0.005703
0 0.428955 0.596958 0.010077 0.005703
0 0.428955 0.591492 0.010077 0.005703
0 0.428955 0.583175 0.010077 0.005703
0 0.477998 0.602424 0.010077 0.005703
0 0.477998 0.594106 0.010077 0.005703
0 0.477998 0.588641 0.010077 0.005703
0 0.530400 0.605276 0.010077 0.005703
0 0.530400 0.591492 0.010077 0.005703
0 0.530400 0.585789 0.010077 0.005703
0 0.664763 0.610741 0.010077 0.005703
0 0.664763 0.602424 0.010077 0.005703
0 0.737319 0.599810 0.010077 0.005703
0 0.792073 0.596958 0.010077 0.005703
0 0.846490 0.591492 0.010077 0.005703
0 0.901243 0.594106 0.010077 0.005703
0 0.164595 0.793489 0.010077 0.005703
0 0.220692 0.796103 0.010077 0.005703
0 0.276789 0.804420 0.010077 0.005703
0 0.332885 0.807272 0.010077 0.005703
0 0.404098 0.804420 0.010077 0.005703
0 0.456500 0.798954 0.010077 0.005703
0 0.508902 0.790637 0.010077 0.005703
0 0.561303 0.785171 0.010077 0.005703
0 0.626806 0.798954 0.010077 0.005703
0 0.626806 0.785171 0.010077 0.005703
0 0.626806 0.779468 0.010077 0.005703
0 0.654686 0.801568 0.010077 0.005703
0 0.654686 0.787785 0.010077 0.005703
0 0.654686 0.782319 0.010077 0.005703
0 0.682902 0.796103 0.010077 0.005703
0 0.682902 0.776854 0.010077 0.005703
0 0.739671 0.796103 0.010077 0.005703
0 0.739671 0.776854 0.010077 0.005703
0 0.792744 0.812738 0.010077 0.005703
0 0.792744 0.801568 0.010077 0.005703
0 0.792744 0.793489 0.010077 0.005703
0 0.847162 0.812738 0.010077 0.005703
0 0.847162 0.801568 0.010077 0.005703
0 0.847162 0.793489 0.010077 0.005703
0 0.875378 0.809886 0.010077 0.005703
0 0.875378 0.804420 0.010077 0.005703
0 0.875378 0.790637 0.010077 0.005703
0 0.903594 0.809886 0.010077 0.005703
0 0.156533 0.088641 0.010077 0.005703
0 0.211958 0.091492 0.010077 0.005703
0 0.267383 0.088641 0.010077 0.005703
0 0.322808 0.086027 0.010077 0.005703
0 0.377897 0.080561 0.010077 0.005703
0 0.433322 0.083175 0.010077 0.005703
0 0.488747 0.094344 0.010077 0.005703
0 0.530400 0.091492 0.010077 0.005703
0 0.584817 0.088641 0.010077 0.005703
0 0.633524 0.083175 0.010077 0.005703
0 0.682566 0.086027 0.010077 0.005703
0 0.731273 0.080561 0.010077 0.005703
0 0.780316 0.083175 0.010077 0.005703
0 0.858247 0.094344 0.010077 0.005703
0 0.906953 0.091492 0.010077 0.005703
0 0.156533 0.299192 0.010077 0.005703
0 0.234128 0.299192 0.010077 0.005703
0 0.259993 0.296340 0.010077 0.005703
0 0.313739 0.293489 0.010077 0.005703
0 0.369499 0.288023 0.010077 0.005703
0 0.422237 0.290875 0.010077 0.005703
0 0.509237 0.293489 0.010077 0.005703
0 0.535102 0.290875 0.010077 0.005703
0 0.575411 0.293489 0.010077 0.005703
0 0.612697 0.296340 0.010077 0.005703
0 0.669466 0.288023 0.010077 0.005703
0 0.732281 0.301806 0.010077 0.005703
0 0.783339 0.301806 0.010077 0.005703
0 0.823312 0.304658 0.010077 0.005703
0 0.903594 0.301806 0.010077 0.005703
0 0.928787 0.299192 0.010077 0.005703
0 0.156533 0.514259 0.010077 0.005703
0 0.279476 0.514259 0.010077 0.005703
0 0.330198 0.511644 0.010077 0.005703
0 0.396036 0.508793 0.010077 0.005703
0 0.477998 0.503327 0.010077 0.005703
0 0.562983 0.505941 0.010077 0.005703
0 0.634531 0.519724 0.010077 0.005703
0 0.694659 0.522576 0.010077 0.005703
0 0.737319 0.525190 0.011421 0.005941
0 0.164595 0.738118 0.010077 0.005703
