0 0.202889 0.287072 0.014444 0.005703
0 0.305677 0.287072 0.010077 0.005703
0 0.305677 0.278992 0.010077 0.005703
0 0.346994 0.287072 0.009741 0.005703
0 0.372859 0.287072 0.009741 0.005703
0 0.412160 0.287072 0.014444 0.005703
0 0.641921 0.278992 0.014444 0.005703
0 0.799127 0.278992 0.014444 0.005703
0 0.138058 0.587215 0.014444 0.005703
0 0.308364 0.587215 0.014444 0.005703
0 0.529728 0.595295 0.009741 0.005703
0 0.529728 0.584601 0.009741 0.005703
0 0.637219 0.595295 0.009741 0.005703
0 0.637219 0.584601 0.009741 0.005703
0 0.783675 0.595295 0.009741 0.005703
0 0.783675 0.584601 0.009741 0.005703
0 0.910312 0.595295 0.009741 0.005703
0 0.311723 0.879990 0.009741 0.005703
0 0.342291 0.882605 0.009741 0.005703
0 0.790729 0.879990 0.009741 0.005703
0 0.832046 0.879990 0.010077 0.005703
0 0.914679 0.879990 0.009741 0.005703
0 0.203225 0.276378 0.010077 0.005703
0 0.244541 0.276378 0.009741 0.005703
0 0.270742 0.281606 0.009741 0.005703
0 0.412496 0.278992 0.009741 0.005703
0 0.449782 0.273764 0.009741 0.005703
0 0.468928 0.276378 0.009741 0.005703
0 0.499496 0.281606 0.009741 0.005703
0 0.539133 0.287072 0.010077 0.005703
0 0.580786 0.268536 0.010077 0.005703
0 0.580786 0.258080 0.010077 0.005703
0 0.678200 0.268536 0.010077 0.005703
0 0.662748 0.271150 0.006718 0.004040
0 0.749748 0.268536 0.009741 0.005703
0 0.836077 0.268536 0.010077 0.005703
0 0.820961 0.271150 0.006718 0.004040
0 0.919046 0.268536 0.009741 0.005703
0 0.172993 0.576759 0.010077 0.005703
0 0.157541 0.579373 0.006718 0.004040
0 0.255962 0.576759 0.009741 0.005703
0 0.343635 0.576759 0.010077 0.005703
0 0.328183 0.579373 0.006718 0.004040
0 0.403426 0.576759 0.009741 0.005703
0 0.476654 0.576759 0.010077 0.005703
0 0.476654 0.566302 0.010077 0.005703
0 0.605307 0.576759 0.010077 0.005703
0 0.605307 0.568916 0.010077 0.005703
0 0.686597 0.576759 0.010077 0.005703
0 0.686597 0.566302 0.010077 0.005703
0 0.878065 0.584601 0.010077 0.005703
0 0.878065 0.568916 0.010077 0.005703
0 0.151495 0.879990 0.010077 0.005703
0 0.262681 0.879990 0.009741 0.005703
0 0.311723 0.879990 0.009741 0.005703
0 0.392005 0.885219 0.009741 0.005703
0 0.392005 0.879990 0.009741 0.005703
0 0.444743 0.887833 0.009741 0.005703
0 0.444743 0.879990 0.009741 0.005703
0 0.497817 0.890447 0.009741 0.005703
0 0.497817 0.877376 0.009741 0.005703
0 0.550890 0.893061 0.009741 0.005703
0 0.550890 0.885219 0.009741 0.005703
0 0.550890 0.874525 0.009741 0.005703
0 0.619416 0.895675 0.009741 0.005703
0 0.619416 0.885219 0.009741 0.005703
0 0.619416 0.871911 0.009741 0.005703
0 0.655022 0.879990 0.009741 0.005703
0 0.655022 0.871911 0.009741 0.005703
0 0.699698 0.882605 0.009741 0.005703
0 0.699698 0.866683 0.009741 0.005703
0 0.735640 0.882605 0.009741 0.005703
0 0.735640 0.871911 0.009741 0.005703
0 0.790729 0.871911 0.010077 0.005703
0 0.873362 0.866683 0.010077 0.005703
0 0.308700 0.511644 0.010077 0.005703
0 0.308700 0.506416 0.010077 0.005703
0 0.370171 0.511644 0.009741 0.005703
0 0.370171 0.506416 0.009741 0.005703
0 0.386631 0.511644 0.009741 0.005703
0 0.386631 0.506416 0.009741 0.005703
0 0.403426 0.511644 0.009741 0.005703
0 0.403426 0.506416 0.009741 0.005703
0 0.476654 0.511644 0.010077 0.005703
0 0.605307 0.511644 0.010077 0.005703
0 0.686597 0.511644 0.010077 0.005703
0 0.878065 0.509030 0.010077 0.005703
0 0.200537 0.815589 0.009741 0.005703
0 0.231105 0.818203 0.009741 0.005703
0 0.655022 0.820817 0.009741 0.005703
0 0.799798 0.818203 0.009741 0.005703
0 0.832046 0.820817 0.009741 0.005703
0 0.873362 0.812975 0.009741 0.005703
0 0.914679 0.815589 0.009741 0.005703
0 0.580786 0.211977 0.010077 0.005703
0 0.580786 0.201521 0.010077 0.005703
0 0.565334 0.193441 0.006718 0.004040
0 0.642257 0.217205 0.010077 0.005703
0 0.642257 0.211977 0.010077 0.005703
0 0.642257 0.204135 0.010077 0.005703
0 0.713806 0.219819 0.009741 0.005703
0 0.713806 0.211977 0.009741 0.005703
0 0.713806 0.206749 0.009741 0.005703
0 0.749748 0.219819 0.009741 0.005703
0 0.749748 0.211977 0.009741 0.005703
0 0.749748 0.206749 0.009741 0.005703
0 0.799463 0.217205 0.010077 0.005703
0 0.799463 0.211977 0.010077 0.005703
0 0.799463 0.204135 0.010077 0.005703
0 0.873027 0.219819 0.009741 0.005703
0 0.873027 0.211977 0.009741 0.005703
0 0.873027 0.206749 0.009741 0.005703
0 0.895868 0.219819 0.009741 0.005703
0 0.895868 0.211977 0.009741 0.005703
0 0.895868 0.206749 0.009741 0.005703
0 0.919046 0.219819 0.009741 0.005703
0 0.919046 0.211977 0.009741 0.005703
0 0.919046 0.206749 0.009741 0.005703
0 0.138058 0.511644 0.010077 0.005703
0 0.138058 0.506416 0.010077 0.005703
0 0.138058 0.498574 0.010077 0.005703
0 0.222372 0.514259 0.009741 0.005703
0 0.222372 0.506416 0.009741 0.005703
0 0.222372 0.501188 0.009741 0.005703
0 0.255962 0.514259 0.009741 0.005703
0 0.255962 0.506416 0.009741 0.005703
0 0.255962 0.501188 0.009741 0.005703
0 0.308364 0.498574 0.014444 0.005703
0 0.476654 0.501188 0.009741 0.005703
0 0.500168 0.498574 0.009741 0.005703
0 0.514948 0.495960 0.009741 0.005703
0 0.529728 0.498574 0.009741 0.005703
0 0.557608 0.501188 0.009741 0.005703
0 0.605307 0.503802 0.009741 0.005703
0 0.621431 0.506416 0.009741 0.005703
0 0.637219 0.503802 0.009741 0.005703
0 0.686597 0.501188 0.009741 0.005703
0 0.725899 0.498574 0.009741 0.005703
0 0.751092 0.495960 0.009741 0.005703
0 0.783675 0.498574 0.009741 0.005703
0 0.822976 0.501188 0.009741 0.005703
0 0.878065 0.503802 0.009741 0.005703
0 0.894189 0.506416 0.009741 0.005703
0 0.910312 0.503802 0.009741 0.005703
0 0.151495 0.815589 0.009741 0.005703
0 0.200537 0.815589 0.009741 0.005703
0 0.262681 0.820817 0.009741 0.005703
0 0.262681 0.812975 0.009741 0.005703
0 0.311723 0.823432 0.009741 0.005703
0 0.311723 0.810361 0.009741 0.005703
0 0.392005 0.820817 0.009741 0.005703
0 0.392005 0.807747 0.009741 0.005703
0 0.444743 0.818203 0.009741 0.005703
0 0.444743 0.810361 0.009741 0.005703
0 0.444743 0.805133 0.009741 0.005703
0 0.497817 0.812975 0.009741 0.005703
0 0.497817 0.807747 0.009741 0.005703
0 0.497817 0.802281 0.009741 0.005703
0 0.474639 0.799667 0.006718 0.004040
0 0.550890 0.815589 0.009741 0.005703
0 0.550890 0.807747 0.009741 0.005703
0 0.550890 0.802281 0.009741 0.005703
0 0.550890 0.797053 0.009741 0.005703
0 0.619416 0.812975 0.009741 0.005703
0 0.619416 0.807747 0.009741 0.005703
0 0.619416 0.802281 0.009741 0.005703
0 0.619416 0.794439 0.009741 0.005703
0 0.655022 0.812975 0.009741 0.005703
0 0.677528 0.810361 0.009741 0.005703
0 0.699698 0.812975 0.009741 0.005703
0 0.699698 0.807747 0.009741 0.005703
0 0.735640 0.820817 0.009741 0.005703
0 0.735640 0.812975 0.009741 0.005703
0 0.790729 0.815589 0.010077 0.005703
0 0.873362 0.807747 0.010077 0.005703
0 0.873362 0.802281 0.010077 0.005703
0 0.617736 0.724572 0.007054 0.004040
0 0.642257 0.133555 0.010077 0.005703
0 0.713806 0.130941 0.009741 0.005703
0 0.749748 0.136169 0.009741 0.005703
0 0.799463 0.133555 0.010077 0.005703
0 0.873027 0.141397 0.009741 0.005703
0 0.919046 0.141397 0.009741 0.005703
0 0.138058 0.421578 0.009741 0.005703
0 0.194155 0.416350 0.009741 0.005703
0 0.222372 0.418964 0.009741 0.005703
0 0.255962 0.424192 0.009741 0.005703
0 0.308700 0.429658 0.010077 0.005703
0 0.476654 0.418964 0.009741 0.005703
0 0.529728 0.418964 0.009741 0.005703
0 0.557608 0.418964 0.009741 0.005703
0 0.605307 0.416350 0.010077 0.005703
0 0.686597 0.418964 0.009741 0.005703
0 0.725899 0.418964 0.009741 0.005703
0 0.751092 0.418964 0.009741 0.005703
0 0.783675 0.418964 0.009741 0.005703
0 0.822976 0.418964 0.009741 0.005703
0 0.878065 0.413736 0.010077 0.005703
0 0.151495 0.737880 0.009741 0.005703
0 0.200537 0.737880 0.009741 0.005703
0 0.231105 0.737880 0.009741 0.005703
0 0.262681 0.735266 0.009741 0.005703
0 0.311723 0.732414 0.009741 0.005703
0 0.392005 0.729800 0.009741 0.005703
0 0.444743 0.727186 0.009741 0.005703
0 0.497817 0.724572 0.009741 0.005703
0 0.550890 0.729800 0.009741 0.005703
0 0.619416 0.716730 0.010077 0.005703
0 0.735640 0.735266 0.009741 0.005703
0 0.790729 0.737880 0.009741 0.005703
0 0.832046 0.737880 0.009741 0.005703
0 0.873362 0.724572 0.009741 0.005703
0 0.914679 0.729800 0.009741 0.005703
