0 0.118240 0.215542 0.010749 0.005466
0 0.447766 0.215542 0.009405 0.005466
0 0.666107 0.215542 0.010749 0.005466
0 0.118240 0.205086 0.009405 0.005466
0 0.276117 0.205086 0.009405 0.005466
0 0.315418 0.197243 0.009405 0.005466
0 0.394357 0.197243 0.009405 0.005466
0 0.447766 0.202471 0.009405 0.005466
0 0.666107 0.202471 0.009405 0.005466
0 0.803158 0.202471 0.009405 0.005466
0 0.841451 0.197243 0.009405 0.005466
0 0.917702 0.197243 0.009405 0.005466
0 0.118576 0.444154 0.010749 0.005466
0 0.108163 0.428470 0.010749 0.005466
0 0.118576 0.426093 0.010749 0.005466
0 0.356063 0.444392 0.009405 0.005466
0 0.396372 0.433935 0.009405 0.005466
0 0.436681 0.426093 0.009405 0.005466
0 0.476990 0.420865 0.009405 0.005466
0 0.557272 0.379278 0.009405 0.005466
0 0.597581 0.387120 0.009405 0.005466
0 0.637890 0.392348 0.009405 0.005466
0 0.691972 0.444392 0.009405 0.005466
0 0.725227 0.433935 0.009405 0.005466
0 0.758146 0.426093 0.009405 0.005466
0 0.791065 0.420865 0.009405 0.005466
0 0.856903 0.379278 0.009405 0.005466
0 0.889822 0.387120 0.009405 0.005466
0 0.922741 0.392348 0.009405 0.005466
0 0.115553 0.675618 0.009405 0.005466
0 0.157541 0.662548 0.009405 0.005466
0 0.199194 0.654705 0.009405 0.005466
0 0.241182 0.649477 0.009405 0.005466
0 0.282835 0.639021 0.009405 0.005466
0 0.464226 0.673004 0.009405 0.005466
0 0.493114 0.662548 0.009405 0.005466
0 0.522338 0.654705 0.009405 0.005466
0 0.551226 0.649477 0.009405 0.005466
0 0.580450 0.639021 0.009405 0.005466
0 0.638562 0.654705 0.009405 0.005466
0 0.713470 0.646863 0.009405 0.005466
0 0.825663 0.649477 0.009405 0.005466
0 0.834397 0.646863 0.009405 0.005466
0 0.117904 0.872386 0.009405 0.005466
0 0.117904 0.867158 0.009405 0.005466
0 0.251931 0.877614 0.009405 0.005466
0 0.251931 0.867158 0.009405 0.005466
0 0.400739 0.885456 0.009405 0.005466
0 0.432650 0.875000 0.009405 0.005466
0 0.464898 0.867158 0.009405 0.005466
0 0.669130 0.890684 0.009405 0.005466
0 0.704736 0.880228 0.009405 0.005466
0 0.740679 0.877614 0.009405 0.005466
0 0.776621 0.867158 0.009405 0.005466
0 0.812227 0.885456 0.009405 0.005466
0 0.848169 0.869772 0.009405 0.005466
0 0.884112 0.861930 0.009405 0.005466
0 0.919718 0.856702 0.009405 0.005466
0 0.580450 0.600523 0.009405 0.005466
0 0.669130 0.820342 0.009405 0.005466
0 0.812227 0.828184 0.009405 0.005466
0 0.118240 0.168726 0.009405 0.005466
0 0.118240 0.155656 0.009405 0.005466
0 0.157541 0.171340 0.009405 0.005466
0 0.157541 0.158270 0.009405 0.005466
0 0.197178 0.166112 0.009405 0.005466
0 0.197178 0.153042 0.009405 0.005466
0 0.236480 0.168726 0.009405 0.005466
0 0.236480 0.155656 0.009405 0.005466
0 0.276117 0.160884 0.009405 0.005466
0 0.276117 0.147814 0.009405 0.005466
0 0.355055 0.163498 0.009405 0.005466
0 0.355055 0.150428 0.009405 0.005466
0 0.394357 0.160884 0.009405 0.005466
0 0.394357 0.147814 0.009405 0.005466
0 0.447766 0.150428 0.009405 0.005466
0 0.473295 0.166112 0.009405 0.005466
0 0.498824 0.160884 0.009405 0.005466
0 0.524017 0.166112 0.009405 0.005466
0 0.549547 0.153042 0.009405 0.005466
0 0.575076 0.160884 0.009405 0.005466
0 0.600605 0.142586 0.009405 0.005466
0 0.625798 0.147814 0.009405 0.005466
0 0.666107 0.166112 0.009405 0.005466
0 0.666107 0.153042 0.009405 0.005466
0 0.727242 0.168726 0.009405 0.005466
0 0.727242 0.155656 0.009405 0.005466
0 0.765200 0.166112 0.009405 0.005466
0 0.765200 0.153042 0.009405 0.005466
0 0.803158 0.163498 0.009405 0.005466
0 0.803158 0.150428 0.009405 0.005466
0 0.841451 0.166112 0.009405 0.005466
0 0.841451 0.153042 0.009405 0.005466
0 0.879409 0.158270 0.009405 0.005466
0 0.879409 0.145200 0.009405 0.005466
0 0.917702 0.160884 0.009405 0.005466
0 0.917702 0.147814 0.009405 0.005466
0 0.118576 0.389734 0.009405 0.005466
0 0.118576 0.376663 0.009405 0.005466
0 0.146456 0.389734 0.009405 0.005466
0 0.174337 0.376663 0.009405 0.005466
0 0.202217 0.381892 0.009405 0.005466
0 0.230433 0.371435 0.009405 0.005466
0 0.258314 0.376663 0.009405 0.005466
0 0.286194 0.363593 0.009405 0.005466
0 0.314410 0.371435 0.009405 0.005466
0 0.356063 0.381892 0.009405 0.005466
0 0.396372 0.379278 0.009405 0.005466
0 0.436681 0.376663 0.009405 0.005466
0 0.476990 0.371435 0.009405 0.005466
0 0.517299 0.374049 0.009405 0.005466
0 0.597581 0.376663 0.009405 0.005466
0 0.637890 0.379278 0.009405 0.005466
0 0.691972 0.381892 0.009405 0.005466
0 0.691972 0.376663 0.009405 0.005466
0 0.725227 0.379278 0.009405 0.005466
0 0.725227 0.374049 0.009405 0.005466
0 0.758146 0.376663 0.009405 0.005466
0 0.758146 0.371435 0.009405 0.005466
0 0.791065 0.371435 0.009405 0.005466
0 0.791065 0.366207 0.009405 0.005466
0 0.823984 0.374049 0.009405 0.005466
0 0.823984 0.368821 0.009405 0.005466
0 0.889822 0.376663 0.009405 0.005466
0 0.889822 0.371435 0.009405 0.005466
0 0.922741 0.379278 0.009405 0.005466
0 0.922741 0.374049 0.009405 0.005466
0 0.115553 0.605751 0.009405 0.005466
0 0.115553 0.600523 0.009405 0.005466
0 0.157541 0.603137 0.009405 0.005466
0 0.157541 0.597909 0.009405 0.005466
0 0.199194 0.600523 0.009405 0.005466
0 0.199194 0.595295 0.009405 0.005466
0 0.282835 0.595295 0.009405 0.005466
0 0.282835 0.590067 0.009405 0.005466
0 0.324824 0.597909 0.009405 0.005466
0 0.324824 0.592681 0.009405 0.005466
0 0.366476 0.600523 0.009405 0.005466
0 0.366476 0.595295 0.009405 0.005466
0 0.408465 0.603137 0.009405 0.005466
0 0.408465 0.597909 0.009405 0.005466
0 0.464226 0.605751 0.009405 0.005466
0 0.464226 0.600523 0.009405 0.005466
0 0.493114 0.603137 0.009405 0.005466
0 0.493114 0.597909 0.009405 0.005466
0 0.522338 0.600523 0.009405 0.005466
0 0.522338 0.595295 0.009405 0.005466
0 0.551226 0.584838 0.009405 0.005466
0 0.580450 0.587452 0.009405 0.005466
0 0.609338 0.590067 0.009405 0.005466
0 0.638562 0.592681 0.009405 0.005466
0 0.667450 0.595295 0.009405 0.005466
0 0.743702 0.610979 0.009405 0.005466
0 0.773933 0.605751 0.009405 0.005466
0 0.804165 0.597909 0.009405 0.005466
0 0.864629 0.610979 0.009405 0.005466
0 0.895197 0.605751 0.009405 0.005466
0 0.925428 0.597909 0.009405 0.005466
0 0.151159 0.838403 0.009405 0.005466
0 0.184750 0.830798 0.009405 0.005466
0 0.218341 0.825570 0.009405 0.005466
0 0.285522 0.841017 0.009405 0.005466
0 0.319113 0.830798 0.009405 0.005466
0 0.352704 0.828184 0.009405 0.005466
0 0.496809 0.838403 0.009405 0.005466
0 0.529056 0.833413 0.009405 0.005466
0 0.560967 0.825570 0.009405 0.005466
0 0.593215 0.820342 0.009405 0.005466
0 0.625126 0.815114 0.009405 0.005466
0 0.704736 0.807272 0.009405 0.005466
0 0.704736 0.802044 0.009405 0.005466
0 0.740679 0.809886 0.009405 0.005466
0 0.740679 0.804658 0.009405 0.005466
0 0.776621 0.812500 0.009405 0.005466
0 0.776621 0.807272 0.009405 0.005466
0 0.848169 0.815114 0.009405 0.005466
0 0.848169 0.809886 0.009405 0.005466
0 0.884112 0.817728 0.009405 0.005466
0 0.884112 0.812500 0.009405 0.005466
0 0.919718 0.820342 0.009405 0.005466
0 0.919718 0.815114 0.009405 0.005466
0 0.118240 0.082937 0.009405 0.005466
0 0.157541 0.085551 0.009405 0.005466
0 0.197178 0.080323 0.009405 0.005466
0 0.236480 0.082937 0.009405 0.005466
0 0.276117 0.075095 0.009405 0.005466
0 0.355055 0.077709 0.009405 0.005466
0 0.394357 0.075095 0.009405 0.005466
0 0.447766 0.077709 0.009405 0.005466
0 0.549547 0.080323 0.009405 0.005466
0 0.666107 0.080323 0.009405 0.005466
0 0.727242 0.082937 0.009405 0.005466
0 0.765200 0.080323 0.009405 0.005466
0 0.803158 0.077709 0.009405 0.005466
0 0.841451 0.080323 0.009405 0.005466
0 0.879409 0.072481 0.009405 0.005466
0 0.917702 0.075095 0.009405 0.005466
0 0.118576 0.302994 0.009405 0.005466
0 0.230433 0.303232 0.009405 0.005466
0 0.356063 0.303232 0.009405 0.005466
0 0.396372 0.300618 0.009405 0.005466
0 0.436681 0.298004 0.009405 0.005466
0 0.476990 0.292776 0.009405 0.005466
0 0.517299 0.295390 0.009405 0.005466
0 0.597581 0.298004 0.009405 0.005466
0 0.637890 0.300618 0.009405 0.005466
0 0.691972 0.302994 0.009405 0.005466
0 0.823984 0.300618 0.009405 0.005466
0 0.115553 0.531844 0.009405 0.005466
0 0.157541 0.529230 0.009405 0.005466
0 0.199194 0.526616 0.009405 0.005466
0 0.282835 0.521388 0.009405 0.005466
0 0.324824 0.524002 0.009405 0.005466
0 0.366476 0.526616 0.009405 0.005466
0 0.408465 0.529230 0.009405 0.005466
0 0.464226 0.526616 0.010749 0.005466
0 0.713470 0.524002 0.009405 0.005466
0 0.773933 0.526616 0.009405 0.005466
0 0.804165 0.524002 0.009405 0.005466
0 0.834397 0.529230 0.009405 0.005466
0 0.117904 0.757842 0.009405 0.005466
0 0.184750 0.757842 0.009405 0.005466
0 0.251931 0.755228 0.009405 0.005466
0 0.319113 0.752614 0.009405 0.005466
0 0.400739 0.757842 0.010749 0.005466
