0 0.189452 0.352186 0.009070 0.005228
0 0.276789 0.342205 0.009070 0.005228
0 0.350353 0.352186 0.009070 0.005228
0 0.444407 0.342205 0.009070 0.005228
0 0.547867 0.352186 0.009070 0.005228
0 0.667786 0.342205 0.009070 0.005228
0 0.775949 0.352186 0.009070 0.005228
0 0.885119 0.342205 0.009070 0.005228
0 0.175008 0.576283 0.009070 0.005228
0 0.175008 0.566302 0.009070 0.005228
0 0.175008 0.561312 0.009070 0.005228
0 0.284851 0.576283 0.009070 0.005228
0 0.284851 0.566302 0.009070 0.005228
0 0.284851 0.561312 0.009070 0.005228
0 0.350017 0.645913 0.009070 0.005228
0 0.486732 0.635932 0.009070 0.005228
0 0.604636 0.633317 0.009070 0.005228
0 0.760833 0.625713 0.009070 0.005228
0 0.760833 0.620722 0.009070 0.005228
0 0.760833 0.610504 0.009070 0.005228
0 0.803493 0.645913 0.009070 0.005228
0 0.803493 0.638308 0.009070 0.005228
0 0.850185 0.620722 0.009070 0.005228
0 0.926100 0.620722 0.009070 0.005228
0 0.121935 0.902329 0.009070 0.005228
0 0.240846 0.874525 0.009070 0.005228
0 0.366140 0.884506 0.009070 0.005228
0 0.471952 0.874525 0.009070 0.005228
0 0.611018 0.849097 0.009070 0.005228
0 0.611018 0.839116 0.009070 0.005228
0 0.611018 0.834125 0.009070 0.005228
0 0.711454 0.849097 0.009070 0.005228
0 0.711454 0.839116 0.009070 0.005228
0 0.711454 0.834125 0.009070 0.005228
0 0.753443 0.887120 0.009070 0.005228
0 0.803493 0.563688 0.009070 0.005228
0 0.224387 0.306797 0.009070 0.005228
0 0.241854 0.316778 0.009070 0.005228
0 0.256298 0.301806 0.009070 0.005228
0 0.317434 0.316778 0.009070 0.005228
0 0.317434 0.306797 0.009070 0.005228
0 0.317434 0.301806 0.009070 0.005228
0 0.389654 0.306797 0.009070 0.005228
0 0.407121 0.316778 0.009070 0.005228
0 0.421565 0.301806 0.009070 0.005228
0 0.503191 0.316778 0.009070 0.005228
0 0.503191 0.306797 0.009070 0.005228
0 0.503191 0.301806 0.009070 0.005228
0 0.592879 0.306797 0.009070 0.005228
0 0.610346 0.316778 0.009070 0.005228
0 0.625462 0.301806 0.009070 0.005228
0 0.719852 0.316778 0.009070 0.005228
0 0.719852 0.306797 0.009070 0.005228
0 0.719852 0.301806 0.009070 0.005228
0 0.815250 0.306797 0.009070 0.005228
0 0.832382 0.316778 0.009070 0.005228
0 0.847162 0.301806 0.009070 0.005228
0 0.930803 0.316778 0.009070 0.005228
0 0.930803 0.306797 0.009070 0.005228
0 0.930803 0.301806 0.009070 0.005228
0 0.119583 0.553707 0.009070 0.005228
0 0.175008 0.553707 0.009070 0.005228
0 0.209607 0.543489 0.009070 0.005228
0 0.411824 0.571293 0.009070 0.005228
0 0.433322 0.576283 0.009070 0.005228
0 0.450789 0.563688 0.009070 0.005228
0 0.558280 0.576283 0.009070 0.005228
0 0.558280 0.571293 0.009070 0.005228
0 0.558280 0.563688 0.009070 0.005228
0 0.655358 0.578897 0.009070 0.005228
0 0.676856 0.583888 0.009070 0.005228
0 0.694323 0.568679 0.009070 0.005228
0 0.723547 0.561312 0.009070 0.005228
0 0.803493 0.558698 0.009070 0.005228
0 0.879409 0.556084 0.009070 0.005228
0 0.121935 0.826521 0.009070 0.005228
0 0.175008 0.839116 0.009070 0.005228
0 0.192812 0.849097 0.009070 0.005228
0 0.210279 0.834125 0.009070 0.005228
0 0.318105 0.849097 0.009070 0.005228
0 0.318105 0.839116 0.009070 0.005228
0 0.318105 0.834125 0.009070 0.005228
0 0.410816 0.839116 0.009070 0.005228
0 0.428619 0.849097 0.009070 0.005228
0 0.446087 0.834125 0.009070 0.005228
0 0.524017 0.849097 0.009070 0.005228
0 0.524017 0.839116 0.009070 0.005228
0 0.524017 0.834125 0.009070 0.005228
0 0.558280 0.826521 0.009070 0.005228
0 0.611018 0.826521 0.009070 0.005228
0 0.637219 0.816302 0.009070 0.005228
0 0.753443 0.839116 0.009070 0.005228
0 0.817266 0.854325 0.009070 0.005228
0 0.817266 0.841730 0.009070 0.005228
0 0.851864 0.844106 0.009070 0.005228
0 0.920726 0.856702 0.009070 0.005228
0 0.920726 0.846721 0.009070 0.005228
0 0.244206 0.477899 0.006382 0.003565
0 0.467249 0.236454 0.009070 0.005228
0 0.503191 0.236454 0.009070 0.005228
0 0.547867 0.236454 0.009070 0.005228
0 0.592879 0.236454 0.009070 0.005228
0 0.625462 0.236454 0.009070 0.005228
0 0.667786 0.236454 0.009070 0.005228
0 0.719852 0.236454 0.009070 0.005228
0 0.775949 0.226236 0.009070 0.005228
0 0.847162 0.226236 0.009070 0.005228
0 0.885119 0.226236 0.009070 0.005228
0 0.119583 0.477899 0.009070 0.005228
0 0.284851 0.477899 0.009070 0.005228
0 0.350017 0.480513 0.009070 0.005228
0 0.411824 0.480513 0.009070 0.005228
0 0.450789 0.480513 0.009070 0.005228
0 0.486732 0.480513 0.009070 0.005228
0 0.558280 0.480513 0.009070 0.005228
0 0.604636 0.485504 0.009070 0.005228
0 0.803493 0.485504 0.009070 0.005228
0 0.879409 0.483127 0.009070 0.005228
0 0.926100 0.485504 0.009070 0.005228
0 0.121935 0.766635 0.009070 0.005228
0 0.210279 0.766635 0.009070 0.005228
0 0.240846 0.766635 0.009070 0.005228
0 0.293584 0.766635 0.009070 0.005228
0 0.318105 0.766635 0.009070 0.005228
0 0.366140 0.756654 0.009070 0.005228
0 0.446087 0.756654 0.009070 0.005228
0 0.471952 0.756654 0.009070 0.005228
0 0.558280 0.756654 0.009070 0.005228
0 0.680215 0.756654 0.009070 0.005228
0 0.711454 0.756654 0.009070 0.005228
0 0.753443 0.751426 0.009070 0.005228
0 0.795432 0.751426 0.009070 0.005228
0 0.817266 0.751426 0.009070 0.005228
0 0.851864 0.754040 0.009070 0.005228
0 0.886127 0.751426 0.009070 0.005228
0 0.920726 0.756654 0.009070 0.005228
