0 0.132348 0.254753 0.009741 0.005703
0 0.156198 0.252139 0.009741 0.005703
0 0.182398 0.249287 0.009741 0.005703
0 0.220020 0.252139 0.009741 0.005703
0 0.243198 0.249287 0.009741 0.005703
0 0.266711 0.246673 0.009741 0.005703
0 0.765200 0.246673 0.009741 0.005703
0 0.791737 0.244059 0.009741 0.005703
0 0.817938 0.241207 0.009741 0.005703
0 0.844474 0.244059 0.009741 0.005703
0 0.870675 0.246673 0.009741 0.005703
0 0.913336 0.254753 0.009741 0.005703
0 0.125966 0.456511 0.009741 0.005703
0 0.157877 0.453897 0.009741 0.005703
0 0.190124 0.451283 0.009741 0.005703
0 0.222372 0.453897 0.009741 0.005703
0 0.254283 0.456511 0.009741 0.005703
0 0.305677 0.464591 0.009741 0.005703
0 0.378569 0.456511 0.009741 0.005703
0 0.405778 0.453897 0.009741 0.005703
0 0.433322 0.451283 0.009741 0.005703
0 0.460531 0.453897 0.009741 0.005703
0 0.487739 0.456511 0.009741 0.005703
0 0.531743 0.464591 0.009741 0.005703
0 0.589856 0.456511 0.009741 0.005703
0 0.616056 0.453897 0.009741 0.005703
0 0.642593 0.451283 0.009741 0.005703
0 0.669130 0.453897 0.009741 0.005703
0 0.695331 0.456511 0.009741 0.005703
0 0.737655 0.464591 0.009741 0.005703
0 0.792073 0.443203 0.009741 0.005703
0 0.837420 0.448432 0.009741 0.005703
0 0.919382 0.464591 0.009741 0.005703
0 0.123278 0.675856 0.009741 0.005703
0 0.165939 0.678707 0.009741 0.005703
0 0.208935 0.681321 0.009741 0.005703
0 0.251596 0.689401 0.009741 0.005703
0 0.572388 0.713641 0.009741 0.005703
0 0.753779 0.713641 0.009741 0.005703
0 0.138058 0.884030 0.009741 0.005703
0 0.198858 0.884030 0.009741 0.005703
0 0.259657 0.884030 0.009741 0.005703
0 0.331542 0.884030 0.009741 0.005703
0 0.391334 0.884030 0.009741 0.005703
0 0.446758 0.884030 0.009741 0.005703
0 0.522002 0.897576 0.009741 0.005703
0 0.587504 0.897576 0.009741 0.005703
0 0.653678 0.897576 0.009741 0.005703
0 0.740679 0.884030 0.009741 0.005703
0 0.812227 0.884030 0.009741 0.005703
0 0.883776 0.884030 0.009741 0.005703
0 0.132348 0.235979 0.009741 0.005703
0 0.182398 0.235979 0.009741 0.005703
0 0.220020 0.235979 0.009741 0.005703
0 0.266711 0.235979 0.009741 0.005703
0 0.318441 0.254753 0.009741 0.005703
0 0.318441 0.235979 0.009741 0.005703
0 0.369164 0.262833 0.009741 0.005703
0 0.369164 0.244059 0.009741 0.005703
0 0.419886 0.254753 0.009741 0.005703
0 0.419886 0.235979 0.009741 0.005703
0 0.445079 0.252139 0.009741 0.005703
0 0.445079 0.233127 0.009741 0.005703
0 0.470272 0.249287 0.009741 0.005703
0 0.470272 0.230513 0.009741 0.005703
0 0.495465 0.253565 0.009741 0.005703
0 0.495465 0.233127 0.009741 0.005703
0 0.533759 0.254753 0.009741 0.005703
0 0.533759 0.235979 0.009741 0.005703
0 0.594222 0.262833 0.009741 0.005703
0 0.594222 0.244059 0.009741 0.005703
0 0.644945 0.254753 0.009741 0.005703
0 0.644945 0.235979 0.009741 0.005703
0 0.693651 0.254753 0.009741 0.005703
0 0.693651 0.235979 0.009741 0.005703
0 0.765200 0.235979 0.009741 0.005703
0 0.817938 0.235979 0.009741 0.005703
0 0.870675 0.235979 0.009741 0.005703
0 0.913336 0.235979 0.009741 0.005703
0 0.125966 0.445817 0.009741 0.005703
0 0.190124 0.445817 0.009741 0.005703
0 0.254283 0.445817 0.009741 0.005703
0 0.305677 0.445817 0.009741 0.005703
0 0.378569 0.443203 0.009741 0.005703
0 0.433322 0.445817 0.009741 0.005703
0 0.487739 0.445817 0.009741 0.005703
0 0.531743 0.445817 0.009741 0.005703
0 0.589856 0.443203 0.009741 0.005703
0 0.642593 0.445817 0.009741 0.005703
0 0.695331 0.445817 0.009741 0.005703
0 0.737655 0.445817 0.009741 0.005703
0 0.792073 0.437738 0.009741 0.005703
0 0.814914 0.435124 0.009741 0.005703
0 0.837420 0.432272 0.009741 0.005703
0 0.860262 0.435124 0.009741 0.005703
0 0.883104 0.437738 0.009741 0.005703
0 0.919382 0.445817 0.009741 0.005703
0 0.123278 0.675856 0.009741 0.005703
0 0.144441 0.673241 0.009741 0.005703
0 0.165939 0.670627 0.009741 0.005703
0 0.187437 0.673241 0.009741 0.005703
0 0.208935 0.675856 0.009741 0.005703
0 0.230097 0.673241 0.009741 0.005703
0 0.251596 0.670627 0.009741 0.005703
0 0.283171 0.678707 0.009741 0.005703
0 0.321465 0.711027 0.009741 0.005703
0 0.321465 0.692015 0.009741 0.005703
0 0.379913 0.708175 0.009741 0.005703
0 0.379913 0.689401 0.009741 0.005703
0 0.445415 0.705561 0.009741 0.005703
0 0.445415 0.686787 0.009741 0.005703
0 0.492442 0.702947 0.009741 0.005703
0 0.492442 0.683935 0.009741 0.005703
0 0.572388 0.694867 0.009741 0.005703
0 0.626470 0.694867 0.009741 0.005703
0 0.687605 0.694867 0.009741 0.005703
0 0.753779 0.694867 0.009741 0.005703
0 0.817938 0.694867 0.009741 0.005703
0 0.879409 0.694867 0.009741 0.005703
0 0.138058 0.875951 0.009741 0.005703
0 0.138058 0.870722 0.009741 0.005703
0 0.331542 0.875951 0.009741 0.005703
0 0.331542 0.870722 0.009741 0.005703
0 0.522002 0.892110 0.009741 0.005703
0 0.522002 0.886882 0.009741 0.005703
0 0.740679 0.878802 0.009741 0.005703
0 0.740679 0.873337 0.009741 0.005703
0 0.132348 0.170865 0.009741 0.005703
0 0.156198 0.168013 0.009741 0.005703
0 0.182398 0.165399 0.009741 0.005703
0 0.220020 0.168013 0.009741 0.005703
0 0.243198 0.165399 0.009741 0.005703
0 0.266711 0.162785 0.009741 0.005703
0 0.318441 0.170865 0.009741 0.005703
0 0.318441 0.157319 0.009741 0.005703
0 0.343970 0.168013 0.009741 0.005703
0 0.343970 0.154705 0.009741 0.005703
0 0.369164 0.165399 0.009741 0.005703
0 0.369164 0.151854 0.009741 0.005703
0 0.394357 0.168013 0.009741 0.005703
0 0.394357 0.154705 0.009741 0.005703
0 0.419886 0.170865 0.009741 0.005703
0 0.445079 0.168013 0.009741 0.005703
0 0.470272 0.165399 0.009741 0.005703
0 0.495465 0.168013 0.009741 0.005703
0 0.533759 0.157319 0.009741 0.005703
0 0.594222 0.159933 0.009741 0.005703
0 0.644945 0.170865 0.009741 0.005703
0 0.693651 0.170865 0.009741 0.005703
0 0.765200 0.181559 0.009741 0.005703
0 0.791737 0.178945 0.009741 0.005703
0 0.817938 0.176093 0.009741 0.005703
0 0.844474 0.178945 0.009741 0.005703
0 0.870675 0.181559 0.009741 0.005703
0 0.913336 0.189639 0.009741 0.005703
0 0.125966 0.384506 0.009741 0.005703
0 0.157877 0.381892 0.009741 0.005703
0 0.190124 0.379040 0.009741 0.005703
0 0.222372 0.381892 0.009741 0.005703
0 0.254283 0.384506 0.009741 0.005703
0 0.305677 0.392586 0.009741 0.005703
0 0.378569 0.384506 0.009741 0.005703
0 0.405778 0.381892 0.009741 0.005703
0 0.433322 0.379040 0.009741 0.005703
0 0.460531 0.381892 0.009741 0.005703
0 0.487739 0.384506 0.009741 0.005703
0 0.531743 0.392586 0.009741 0.005703
0 0.589856 0.384506 0.009741 0.005703
0 0.616056 0.381892 0.009741 0.005703
0 0.642593 0.379040 0.009741 0.005703
0 0.669130 0.381892 0.009741 0.005703
0 0.695331 0.384506 0.009741 0.005703
0 0.737655 0.392586 0.009741 0.005703
0 0.792073 0.384506 0.009741 0.005703
0 0.814914 0.381892 0.009741 0.005703
0 0.837420 0.379040 0.009741 0.005703
0 0.860262 0.381892 0.009741 0.005703
0 0.883104 0.384506 0.009741 0.005703
0 0.919382 0.392586 0.009741 0.005703
0 0.123278 0.614544 0.009741 0.005703
0 0.144441 0.611692 0.009741 0.005703
0 0.165939 0.609078 0.009741 0.005703
0 0.187437 0.611692 0.009741 0.005703
0 0.208935 0.614544 0.009741 0.005703
0 0.230097 0.611692 0.009741 0.005703
0 0.251596 0.609078 0.009741 0.005703
0 0.283171 0.617158 0.009741 0.005703
0 0.379913 0.600998 0.009741 0.005703
0 0.132348 0.157319 0.009741 0.005703
0 0.182398 0.157319 0.009741 0.005703
0 0.220020 0.157319 0.009741 0.005703
0 0.266711 0.157319 0.009741 0.005703
0 0.318441 0.157319 0.009741 0.005703
0 0.372187 0.159933 0.009741 0.005703
0 0.419886 0.157319 0.009741 0.005703
0 0.470272 0.159933 0.009741 0.005703
0 0.545852 0.170865 0.009741 0.005703
0 0.545852 0.157319 0.009741 0.005703
0 0.569701 0.168013 0.009741 0.005703
0 0.569701 0.154705 0.009741 0.005703
0 0.597246 0.165399 0.009741 0.005703
0 0.597246 0.151854 0.009741 0.005703
0 0.620423 0.168013 0.009741 0.005703
0 0.620423 0.154705 0.009741 0.005703
0 0.644945 0.157319 0.009741 0.005703
0 0.669130 0.165399 0.009741 0.005703
0 0.693651 0.162785 0.009741 0.005703
0 0.718173 0.159933 0.009741 0.005703
0 0.768559 0.189639 0.009741 0.005703
0 0.768559 0.170865 0.009741 0.005703
0 0.821297 0.189639 0.009741 0.005703
0 0.821297 0.170865 0.009741 0.005703
0 0.874034 0.189639 0.009741 0.005703
0 0.874034 0.170865 0.009741 0.005703
0 0.913336 0.189639 0.009741 0.005703
0 0.913336 0.170865 0.009741 0.005703
0 0.128989 0.392586 0.009741 0.005703
0 0.128989 0.373812 0.009741 0.005703
0 0.193147 0.392586 0.009741 0.005703
0 0.193147 0.373812 0.009741 0.005703
0 0.257306 0.392586 0.009741 0.005703
0 0.257306 0.373812 0.009741 0.005703
0 0.305677 0.392586 0.009741 0.005703
0 0.305677 0.373812 0.009741 0.005703
0 0.381592 0.389971 0.009741 0.005703
0 0.381592 0.370960 0.009741 0.005703
0 0.436345 0.392586 0.009741 0.005703
0 0.436345 0.373812 0.009741 0.005703
0 0.491098 0.392586 0.009741 0.005703
0 0.491098 0.373812 0.009741 0.005703
0 0.531743 0.392586 0.009741 0.005703
0 0.531743 0.373812 0.009741 0.005703
0 0.592879 0.389971 0.009741 0.005703
0 0.592879 0.370960 0.009741 0.005703
0 0.645616 0.392586 0.009741 0.005703
0 0.645616 0.373812 0.009741 0.005703
0 0.698690 0.392586 0.009741 0.005703
0 0.698690 0.373812 0.009741 0.005703
0 0.737655 0.392586 0.009741 0.005703
0 0.737655 0.373812 0.009741 0.005703
0 0.792073 0.376426 0.009741 0.005703
0 0.840779 0.389971 0.009741 0.005703
0 0.840779 0.370960 0.009741 0.005703
0 0.919382 0.373812 0.009741 0.005703
0 0.126302 0.622624 0.009741 0.005703
0 0.126302 0.603612 0.009741 0.005703
0 0.168962 0.622624 0.009741 0.005703
0 0.168962 0.603612 0.009741 0.005703
0 0.211958 0.619772 0.009741 0.005703
0 0.211958 0.600998 0.009741 0.005703
0 0.254619 0.622624 0.009741 0.005703
0 0.254619 0.603612 0.009741 0.005703
0 0.321465 0.625238 0.009741 0.005703
0 0.321465 0.614544 0.009741 0.005703
0 0.321465 0.606464 0.009741 0.005703
0 0.379913 0.582224 0.009741 0.005703
0 0.405442 0.590304 0.009741 0.005703
0 0.445415 0.600998 0.009741 0.005703
0 0.445415 0.587452 0.009741 0.005703
0 0.492442 0.603612 0.009741 0.005703
0 0.492442 0.590304 0.009741 0.005703
0 0.590191 0.600998 0.009741 0.005703
0 0.608331 0.598384 0.009741 0.005703
0 0.626470 0.595532 0.009741 0.005703
0 0.649311 0.592918 0.009741 0.005703
0 0.667450 0.590304 0.009741 0.005703
0 0.687605 0.587452 0.009741 0.005703
0 0.705744 0.582224 0.009741 0.005703
0 0.723883 0.579373 0.009741 0.005703
0 0.753779 0.576759 0.009741 0.005703
0 0.773933 0.582224 0.009741 0.005703
0 0.795432 0.587452 0.009741 0.005703
0 0.817938 0.592918 0.009741 0.005703
0 0.838428 0.587452 0.009741 0.005703
0 0.858918 0.582224 0.009741 0.005703
0 0.879409 0.576759 0.009741 0.005703
0 0.899899 0.582224 0.009741 0.005703
0 0.920390 0.587452 0.009741 0.005703
0 0.158213 0.830323 0.009741 0.005703
0 0.178367 0.827709 0.009741 0.005703
0 0.198858 0.824857 0.009741 0.005703
0 0.219012 0.819629 0.009741 0.005703
0 0.239167 0.816778 0.009741 0.005703
0 0.259657 0.814163 0.009741 0.005703
0 0.282163 0.811549 0.009741 0.005703
0 0.302318 0.808698 0.009741 0.005703
0 0.331542 0.806084 0.009741 0.005703
0 0.354384 0.811549 0.009741 0.005703
0 0.372859 0.814163 0.009741 0.005703
0 0.391334 0.819629 0.009741 0.005703
0 0.409809 0.814163 0.009741 0.005703
0 0.428284 0.811549 0.009741 0.005703
0 0.446758 0.806084 0.009741 0.005703
0 0.465233 0.811549 0.009741 0.005703
0 0.483708 0.814163 0.009741 0.005703
0 0.543836 0.811549 0.009741 0.005703
0 0.565670 0.808698 0.009741 0.005703
0 0.587504 0.806084 0.009741 0.005703
0 0.610010 0.803470 0.009741 0.005703
0 0.631844 0.800618 0.009741 0.005703
0 0.653678 0.798004 0.009741 0.005703
0 0.675512 0.792538 0.009741 0.005703
0 0.697346 0.789924 0.009741 0.005703
0 0.740679 0.787310 0.009741 0.005703
0 0.764528 0.792538 0.009741 0.005703
0 0.788378 0.798004 0.009741 0.005703
0 0.812227 0.803470 0.009741 0.005703
0 0.836077 0.798004 0.009741 0.005703
0 0.859926 0.792538 0.009741 0.005703
0 0.883776 0.787310 0.009741 0.005703
0 0.907961 0.792538 0.009741 0.005703
0 0.931811 0.798004 0.009741 0.005703
0 0.165939 0.522101 0.009741 0.005703
0 0.208935 0.524715 0.009741 0.005703
0 0.251596 0.527567 0.009741 0.005703
0 0.132348 0.071293 0.009741 0.005703
0 0.182398 0.071293 0.009741 0.005703
0 0.266711 0.081987 0.009741 0.005703
0 0.318441 0.071293 0.009741 0.005703
0 0.343970 0.068679 0.009741 0.005703
0 0.369164 0.065827 0.009741 0.005703
0 0.394357 0.068679 0.009741 0.005703
0 0.419886 0.071293 0.009741 0.005703
0 0.470272 0.079373 0.009741 0.005703
0 0.533759 0.071293 0.009741 0.005703
0 0.569701 0.068679 0.009741 0.005703
0 0.594222 0.065827 0.009741 0.005703
0 0.620423 0.068679 0.009741 0.005703
0 0.644945 0.071293 0.009741 0.005703
0 0.669130 0.073907 0.009741 0.005703
0 0.693651 0.076759 0.009741 0.005703
0 0.718173 0.079373 0.009741 0.005703
0 0.765200 0.081987 0.009741 0.005703
0 0.791737 0.079373 0.009741 0.005703
0 0.817938 0.076759 0.009741 0.005703
0 0.844474 0.079373 0.009741 0.005703
0 0.870675 0.081987 0.009741 0.005703
0 0.913336 0.090067 0.009741 0.005703
0 0.125966 0.309411 0.009741 0.005703
0 0.157877 0.306797 0.009741 0.005703
0 0.190124 0.303945 0.009741 0.005703
0 0.222372 0.301331 0.009741 0.005703
0 0.254283 0.303945 0.009741 0.005703
0 0.305677 0.306797 0.009741 0.005703
0 0.378569 0.309411 0.009741 0.005703
0 0.531743 0.298717 0.009741 0.005703
0 0.589856 0.301331 0.009741 0.005703
0 0.642593 0.298717 0.009741 0.005703
0 0.695331 0.290637 0.009741 0.005703
0 0.737655 0.309411 0.009741 0.005703
0 0.792073 0.301331 0.009741 0.005703
0 0.837420 0.303945 0.009741 0.005703
0 0.919382 0.306797 0.009741 0.005703
0 0.123278 0.519487 0.009741 0.005703
0 0.165939 0.508555 0.009741 0.005703
0 0.208935 0.495010 0.009741 0.005703
0 0.251596 0.503089 0.009741 0.005703
0 0.321465 0.500475 0.009741 0.005703
0 0.346994 0.511169 0.009741 0.005703
0 0.405442 0.508555 0.009741 0.005703
0 0.445415 0.511407 0.009741 0.005703
0 0.468928 0.514021 0.009741 0.005703
0 0.515620 0.516635 0.009741 0.005703
0 0.572388 0.519487 0.009741 0.005703
