0 0.530400 0.892823 0.011085 0.005466
0 0.723883 0.893061 0.009405 0.005466
0 0.158549 0.207462 0.009405 0.005466
0 0.283843 0.207462 0.009405 0.005466
0 0.334229 0.210076 0.009405 0.005466
0 0.449782 0.207462 0.009405 0.005466
0 0.449782 0.197006 0.009405 0.005466
0 0.481693 0.207462 0.009405 0.005466
0 0.481693 0.197006 0.009405 0.005466
0 0.578099 0.207462 0.009405 0.005466
0 0.578099 0.197006 0.009405 0.005466
0 0.610346 0.207462 0.009405 0.005466
0 0.610346 0.197006 0.009405 0.005466
0 0.730601 0.204848 0.009405 0.005466
0 0.730601 0.197006 0.009405 0.005466
0 0.764528 0.204848 0.009405 0.005466
0 0.764528 0.197006 0.009405 0.005466
0 0.179375 0.432747 0.009405 0.005466
0 0.179375 0.422053 0.009405 0.005466
0 0.214982 0.432747 0.009405 0.005466
0 0.214982 0.422053 0.009405 0.005466
0 0.321800 0.432747 0.009405 0.005466
0 0.321800 0.422053 0.009405 0.005466
0 0.357407 0.432747 0.009405 0.005466
0 0.357407 0.422053 0.009405 0.005466
0 0.478670 0.430133 0.009405 0.005466
0 0.478670 0.422053 0.009405 0.005466
0 0.745045 0.414211 0.009405 0.005466
0 0.745045 0.408983 0.009405 0.005466
0 0.805173 0.414211 0.009405 0.005466
0 0.805173 0.408983 0.009405 0.005466
0 0.865301 0.414211 0.009405 0.005466
0 0.865301 0.408983 0.009405 0.005466
0 0.925428 0.414211 0.009405 0.005466
0 0.925428 0.408983 0.009405 0.005466
0 0.167282 0.666825 0.009405 0.005466
0 0.167282 0.658983 0.009405 0.005466
0 0.214310 0.666825 0.009405 0.005466
0 0.214310 0.658983 0.009405 0.005466
0 0.261001 0.666825 0.009405 0.005466
0 0.261001 0.656131 0.009405 0.005466
0 0.308028 0.666825 0.009405 0.005466
0 0.308028 0.656131 0.009405 0.005466
0 0.342963 0.687738 0.009405 0.005466
0 0.342963 0.669439 0.009405 0.005466
0 0.586161 0.687738 0.009405 0.005466
0 0.586161 0.669439 0.009405 0.005466
0 0.744709 0.687738 0.009405 0.005466
0 0.744709 0.669439 0.009405 0.005466
0 0.881760 0.602662 0.009405 0.005466
0 0.881760 0.597433 0.009405 0.005466
0 0.881760 0.589354 0.009405 0.005466
0 0.157541 0.829848 0.009405 0.005466
0 0.157541 0.824382 0.009405 0.005466
0 0.157541 0.813926 0.009405 0.005466
0 0.222707 0.900903 0.009405 0.005466
0 0.222707 0.882367 0.009405 0.005466
0 0.336580 0.893061 0.009405 0.005466
0 0.336580 0.882367 0.009405 0.005466
0 0.320457 0.911597 0.006718 0.003802
0 0.441384 0.893061 0.009405 0.005466
0 0.441384 0.879753 0.009405 0.005466
0 0.635203 0.879753 0.009405 0.005466
0 0.723883 0.882367 0.009405 0.005466
0 0.786698 0.893061 0.009405 0.005466
0 0.786698 0.882367 0.009405 0.005466
0 0.786698 0.874525 0.009405 0.005466
0 0.847833 0.893061 0.009405 0.005466
0 0.847833 0.882367 0.009405 0.005466
0 0.847833 0.874525 0.009405 0.005466
0 0.745045 0.360504 0.009405 0.005466
0 0.805173 0.360504 0.009405 0.005466
0 0.865301 0.360504 0.009405 0.005466
0 0.925428 0.360504 0.009405 0.005466
0 0.167282 0.605276 0.009405 0.005466
0 0.214310 0.605276 0.009405 0.005466
0 0.261001 0.605276 0.009405 0.005466
0 0.308028 0.605276 0.009405 0.005466
0 0.479006 0.607890 0.009405 0.005466
0 0.479006 0.602662 0.009405 0.005466
0 0.656030 0.602662 0.009405 0.005466
0 0.664763 0.600048 0.009405 0.005466
0 0.158549 0.144249 0.009405 0.005466
0 0.158549 0.139021 0.009405 0.005466
0 0.189788 0.141635 0.009405 0.005466
0 0.189788 0.136407 0.009405 0.005466
0 0.221364 0.144249 0.009405 0.005466
0 0.221364 0.139021 0.009405 0.005466
0 0.252603 0.141635 0.009405 0.005466
0 0.252603 0.136407 0.009405 0.005466
0 0.283843 0.144249 0.009405 0.005466
0 0.283843 0.139021 0.009405 0.005466
0 0.449782 0.160171 0.009405 0.005466
0 0.449782 0.154705 0.009405 0.005466
0 0.481693 0.160171 0.009405 0.005466
0 0.481693 0.154705 0.009405 0.005466
0 0.578099 0.160171 0.009405 0.005466
0 0.578099 0.152091 0.009405 0.005466
0 0.610346 0.160171 0.009405 0.005466
0 0.610346 0.152091 0.009405 0.005466
0 0.730601 0.157557 0.009405 0.005466
0 0.739335 0.154705 0.009405 0.005466
0 0.764528 0.157557 0.009405 0.005466
0 0.773598 0.154705 0.009405 0.005466
0 0.179375 0.365732 0.009405 0.005466
0 0.179375 0.360504 0.009405 0.005466
0 0.214982 0.365732 0.009405 0.005466
0 0.214982 0.360504 0.009405 0.005466
0 0.321800 0.365732 0.009405 0.005466
0 0.321800 0.357890 0.009405 0.005466
0 0.357407 0.365732 0.009405 0.005466
0 0.357407 0.357890 0.009405 0.005466
0 0.478670 0.363118 0.009405 0.005466
0 0.487403 0.360504 0.009405 0.005466
0 0.513940 0.341968 0.009405 0.005466
0 0.715149 0.347196 0.009405 0.005466
0 0.775277 0.349810 0.009405 0.005466
0 0.835405 0.344582 0.009405 0.005466
0 0.895532 0.347196 0.009405 0.005466
0 0.143769 0.594582 0.009405 0.005466
0 0.190796 0.597433 0.009405 0.005466
0 0.237487 0.591968 0.009405 0.005466
0 0.284515 0.594582 0.009405 0.005466
0 0.470272 0.600048 0.009405 0.005466
0 0.470272 0.594582 0.009405 0.005466
0 0.470272 0.589354 0.009405 0.005466
0 0.664763 0.594582 0.009405 0.005466
0 0.664763 0.589354 0.009405 0.005466
0 0.664763 0.581511 0.009405 0.005466
0 0.881760 0.584125 0.009405 0.005466
0 0.881760 0.578897 0.009405 0.005466
0 0.881760 0.571055 0.009405 0.005466
0 0.146456 0.811312 0.009405 0.005466
0 0.146456 0.800856 0.009405 0.005466
0 0.146456 0.792776 0.009405 0.005466
0 0.336580 0.840304 0.009405 0.005466
0 0.336580 0.835076 0.009405 0.005466
0 0.362781 0.837690 0.009405 0.005466
0 0.362781 0.832462 0.009405 0.005466
0 0.388982 0.840304 0.009405 0.005466
0 0.388982 0.835076 0.009405 0.005466
0 0.415183 0.837690 0.009405 0.005466
0 0.415183 0.832462 0.009405 0.005466
0 0.441384 0.835076 0.009405 0.005466
0 0.441384 0.829848 0.009405 0.005466
0 0.492778 0.837690 0.009405 0.005466
0 0.492778 0.832462 0.009405 0.005466
0 0.530400 0.840304 0.009405 0.005466
0 0.530400 0.835076 0.009405 0.005466
0 0.556601 0.837690 0.009405 0.005466
0 0.556601 0.832462 0.009405 0.005466
0 0.582801 0.840304 0.009405 0.005466
0 0.582801 0.835076 0.009405 0.005466
0 0.609002 0.837690 0.009405 0.005466
0 0.609002 0.832462 0.009405 0.005466
0 0.635203 0.835076 0.009405 0.005466
0 0.635203 0.829848 0.009405 0.005466
0 0.686261 0.837690 0.009405 0.005466
0 0.686261 0.832462 0.009405 0.005466
0 0.723883 0.840304 0.009405 0.005466
0 0.723883 0.835076 0.009405 0.005466
0 0.786698 0.835076 0.009405 0.005466
0 0.786698 0.829848 0.009405 0.005466
0 0.786698 0.816540 0.009405 0.005466
0 0.847833 0.835076 0.009405 0.005466
0 0.847833 0.829848 0.009405 0.005466
0 0.847833 0.821768 0.009405 0.005466
0 0.365469 0.091255 0.009405 0.005466
0 0.417534 0.091255 0.009405 0.005466
0 0.513940 0.088641 0.009405 0.005466
0 0.546187 0.088641 0.009405 0.005466
0 0.642593 0.083413 0.009405 0.005466
0 0.696339 0.083413 0.009405 0.005466
0 0.798791 0.086027 0.009405 0.005466
0 0.832718 0.072956 0.009405 0.005466
0 0.887471 0.091255 0.009405 0.005466
0 0.143769 0.290399 0.009405 0.005466
0 0.250588 0.287785 0.009405 0.005466
0 0.286194 0.287785 0.009405 0.005466
0 0.357407 0.287785 0.009405 0.005466
0 0.393013 0.282557 0.009405 0.005466
0 0.443063 0.282557 0.009405 0.005466
0 0.478670 0.285171 0.009405 0.005466
0 0.513940 0.271863 0.009405 0.005466
0 0.570709 0.271863 0.009405 0.005466
0 0.641585 0.290399 0.009405 0.005466
0 0.715149 0.277329 0.009405 0.005466
0 0.775277 0.279943 0.009405 0.005466
0 0.835405 0.274477 0.009405 0.005466
0 0.895532 0.277329 0.009405 0.005466
0 0.143769 0.512833 0.009405 0.005466
0 0.190796 0.515684 0.009405 0.005466
0 0.237487 0.510219 0.009405 0.005466
0 0.284515 0.512833 0.009405 0.005466
0 0.371851 0.520913 0.009405 0.005466
0 0.401075 0.520913 0.009405 0.005466
0 0.436681 0.520913 0.009405 0.005466
0 0.470272 0.518298 0.009405 0.005466
0 0.545516 0.518298 0.009405 0.005466
0 0.586161 0.512833 0.009405 0.005466
0 0.641921 0.512833 0.009405 0.005466
0 0.664763 0.507605 0.009405 0.005466
0 0.778636 0.518298 0.009405 0.005466
0 0.812227 0.520913 0.009405 0.005466
0 0.847833 0.518298 0.009405 0.005466
0 0.881760 0.520913 0.009405 0.005466
0 0.146456 0.765447 0.009405 0.005466
0 0.184750 0.765447 0.009405 0.005466
0 0.261001 0.765447 0.009405 0.005466
0 0.284851 0.765447 0.009405 0.005466
0 0.336580 0.765447 0.011085 0.005466
