0 0.127309 0.296340 0.006718 0.003802
0 0.407793 0.309173 0.006718 0.003802
0 0.449110 0.307510 0.006718 0.003802
0 0.518979 0.298241 0.006718 0.003802
0 0.576083 0.301806 0.006718 0.003802
0 0.626134 0.307510 0.006718 0.003802
0 0.698018 0.307510 0.006718 0.003802
0 0.803493 0.301806 0.006718 0.003802
0 0.245213 0.601711 0.006718 0.003802
0 0.283843 0.607177 0.006718 0.003802
0 0.352368 0.605513 0.006718 0.003802
0 0.408465 0.605513 0.006718 0.003802
0 0.453477 0.607177 0.006718 0.003802
0 0.534431 0.605513 0.006718 0.003802
0 0.584145 0.601711 0.006718 0.003802
0 0.625126 0.607177 0.006718 0.003802
0 0.693315 0.605513 0.006718 0.003802
0 0.924421 0.605513 0.006718 0.003802
0 0.123950 0.904705 0.006718 0.003802
0 0.264024 0.904705 0.006718 0.003802
0 0.412496 0.904705 0.006718 0.003802
0 0.552570 0.904705 0.006718 0.003802
0 0.697346 0.904705 0.006718 0.003802
0 0.836077 0.904705 0.006718 0.003802
0 0.127309 0.292538 0.006718 0.003802
0 0.407793 0.292538 0.006718 0.003802
0 0.449110 0.294439 0.006718 0.003802
0 0.518979 0.288973 0.006718 0.003802
0 0.626134 0.288973 0.006718 0.003802
0 0.698018 0.294439 0.006718 0.003802
0 0.756802 0.296340 0.006718 0.003802
0 0.803493 0.298241 0.006718 0.003802
0 0.245213 0.597909 0.006718 0.003802
0 0.283843 0.599810 0.006718 0.003802
0 0.352368 0.601711 0.006718 0.003802
0 0.584145 0.597909 0.006718 0.003802
0 0.625126 0.599810 0.006718 0.003802
0 0.693315 0.601711 0.006718 0.003802
0 0.123950 0.897338 0.006718 0.003802
0 0.264024 0.897338 0.006718 0.003802
0 0.412496 0.897338 0.006718 0.003802
0 0.552570 0.897338 0.006718 0.003802
0 0.656701 0.884506 0.006718 0.003802
0 0.697346 0.880703 0.006718 0.003802
0 0.762849 0.884506 0.006718 0.003802
0 0.836077 0.884506 0.006718 0.003802
0 0.127309 0.257605 0.006718 0.003802
0 0.407793 0.257605 0.006718 0.003802
0 0.449110 0.259268 0.006718 0.003802
0 0.518979 0.259268 0.006718 0.003802
0 0.626134 0.259268 0.006718 0.003802
0 0.698018 0.261169 0.006718 0.003802
0 0.803493 0.263070 0.006718 0.003802
0 0.245213 0.568679 0.006718 0.003802
0 0.283843 0.566778 0.006718 0.003802
0 0.352368 0.568679 0.006718 0.003802
0 0.584145 0.568679 0.006718 0.003802
0 0.625126 0.566778 0.006718 0.003802
0 0.693315 0.568679 0.006718 0.003802
0 0.749748 0.568679 0.006718 0.003802
0 0.796439 0.570580 0.006718 0.003802
0 0.875714 0.568679 0.006718 0.003802
0 0.924421 0.568679 0.006718 0.003802
0 0.123950 0.865970 0.006718 0.003802
0 0.264024 0.865970 0.006718 0.003802
0 0.412496 0.865970 0.006718 0.003802
0 0.552570 0.865970 0.006718 0.003802
0 0.697346 0.865970 0.006718 0.003802
0 0.836077 0.865970 0.006718 0.003802
0 0.127309 0.257605 0.006718 0.003802
0 0.374874 0.862405 0.006718 0.003802
0 0.412496 0.858603 0.006718 0.003802
0 0.477998 0.862405 0.006718 0.003802
0 0.127309 0.220770 0.006718 0.003802
0 0.407793 0.220770 0.006718 0.003802
0 0.449110 0.218869 0.006718 0.003802
0 0.518979 0.209601 0.006718 0.003802
0 0.576083 0.213403 0.006718 0.003802
0 0.626134 0.218869 0.006718 0.003802
0 0.698018 0.218869 0.006718 0.003802
0 0.803493 0.213403 0.006718 0.003802
0 0.245213 0.514496 0.006718 0.003802
0 0.283843 0.519962 0.006718 0.003802
0 0.352368 0.518061 0.006718 0.003802
0 0.408465 0.518061 0.006718 0.003802
0 0.453477 0.519962 0.006718 0.003802
0 0.534431 0.518061 0.006718 0.003802
0 0.584145 0.514496 0.006718 0.003802
0 0.625126 0.519962 0.006718 0.003802
0 0.693315 0.518061 0.006718 0.003802
0 0.924421 0.518061 0.006718 0.003802
0 0.123950 0.820580 0.006718 0.003802
0 0.264024 0.820580 0.006718 0.003802
0 0.412496 0.820580 0.006718 0.003802
0 0.552570 0.820580 0.006718 0.003802
0 0.697346 0.820580 0.006718 0.003802
0 0.836077 0.820580 0.006718 0.003802
0 0.127309 0.161359 0.006718 0.003802
0 0.407793 0.161359 0.006718 0.003802
0 0.449110 0.163260 0.006718 0.003802
0 0.518979 0.157795 0.006718 0.003802
0 0.626134 0.157795 0.006718 0.003802
0 0.698018 0.163260 0.006718 0.003802
0 0.756802 0.165162 0.006718 0.003802
0 0.803493 0.167063 0.006718 0.003802
0 0.245213 0.474335 0.006718 0.003802
0 0.283843 0.475998 0.006718 0.003802
0 0.352368 0.477899 0.006718 0.003802
0 0.584145 0.474335 0.006718 0.003802
0 0.625126 0.475998 0.006718 0.003802
0 0.693315 0.477899 0.006718 0.003802
0 0.924421 0.481702 0.006718 0.003802
0 0.123950 0.780656 0.006718 0.003802
0 0.264024 0.780656 0.006718 0.003802
0 0.412496 0.780656 0.006718 0.003802
0 0.552570 0.780656 0.006718 0.003802
0 0.656701 0.767823 0.006718 0.003802
0 0.697346 0.764021 0.006718 0.003802
0 0.762849 0.767823 0.006718 0.003802
0 0.836077 0.767823 0.006718 0.003802
0 0.127309 0.111217 0.006718 0.003802
0 0.407793 0.111217 0.006718 0.003802
0 0.449110 0.113118 0.006718 0.003802
0 0.518979 0.113118 0.006718 0.003802
0 0.626134 0.113118 0.006718 0.003802
0 0.698018 0.115019 0.006718 0.003802
0 0.803493 0.116920 0.006718 0.003802
0 0.245213 0.431321 0.006718 0.003802
0 0.283843 0.429420 0.006718 0.003802
0 0.352368 0.431321 0.006718 0.003802
0 0.584145 0.431321 0.006718 0.003802
0 0.625126 0.429420 0.006718 0.003802
0 0.693315 0.431321 0.006718 0.003802
0 0.749748 0.431321 0.006718 0.003802
0 0.796439 0.433222 0.006718 0.003802
0 0.875714 0.431321 0.006718 0.003802
0 0.924421 0.431321 0.006718 0.003802
0 0.123950 0.734791 0.006718 0.003802
0 0.264024 0.734791 0.006718 0.003802
0 0.412496 0.734791 0.006718 0.003802
0 0.552570 0.734791 0.006718 0.003802
0 0.697346 0.734791 0.006718 0.003802
0 0.836077 0.734791 0.006718 0.003802
0 0.127309 0.072481 0.006718 0.003802
0 0.374874 0.692253 0.006718 0.003802
0 0.412496 0.688451 0.006718 0.003802
0 0.477998 0.692253 0.006718 0.003802
