0 0.129997 0.414211 0.007726 0.004515
0 0.180383 0.416350 0.007726 0.004515
0 0.230769 0.418726 0.007726 0.004515
0 0.280820 0.420865 0.007726 0.004515
0 0.341283 0.418726 0.007726 0.004515
0 0.487068 0.418726 0.007726 0.004515
0 0.543500 0.416350 0.007726 0.004515
0 0.647632 0.416350 0.007726 0.004515
0 0.766544 0.414211 0.007726 0.004515
0 0.905274 0.414211 0.007726 0.004515
0 0.116224 0.885219 0.007726 0.004515
0 0.167282 0.889496 0.007726 0.004515
0 0.218677 0.887357 0.007726 0.004515
0 0.269735 0.885219 0.007726 0.004515
0 0.330870 0.882842 0.007726 0.004515
0 0.367484 0.882842 0.007726 0.004515
0 0.404098 0.880703 0.007726 0.004515
0 0.492778 0.878565 0.007726 0.004515
0 0.571045 0.876426 0.007726 0.004515
0 0.665099 0.874287 0.007726 0.004515
0 0.734632 0.874287 0.007726 0.004515
0 0.827007 0.882842 0.009070 0.004515
0 0.129997 0.405418 0.007726 0.004515
0 0.230769 0.403279 0.007726 0.004515
0 0.341283 0.394487 0.007726 0.004515
0 0.367148 0.396625 0.007726 0.004515
0 0.393349 0.399002 0.007726 0.004515
0 0.419214 0.401141 0.007726 0.004515
0 0.445415 0.403279 0.007726 0.004515
0 0.487068 0.405418 0.007726 0.004515
0 0.543500 0.407557 0.007726 0.004515
0 0.595566 0.399002 0.007726 0.004515
0 0.647632 0.401141 0.007726 0.004515
0 0.699698 0.403279 0.007726 0.004515
0 0.766544 0.405418 0.007726 0.004515
0 0.806181 0.394487 0.007726 0.004515
0 0.831038 0.396625 0.007726 0.004515
0 0.855895 0.399002 0.007726 0.004515
0 0.930131 0.401141 0.007726 0.004515
0 0.116224 0.876426 0.007726 0.004515
0 0.167282 0.867633 0.007726 0.004515
0 0.218677 0.869772 0.007726 0.004515
0 0.269735 0.871911 0.007726 0.004515
0 0.330870 0.874287 0.007726 0.004515
0 0.367484 0.863356 0.007726 0.004515
0 0.440376 0.865494 0.007726 0.004515
0 0.492778 0.869772 0.007726 0.004515
0 0.532079 0.867633 0.007726 0.004515
0 0.610346 0.865494 0.007726 0.004515
0 0.665099 0.863356 0.007726 0.004515
0 0.734632 0.865494 0.007726 0.004515
0 0.827007 0.867633 0.009070 0.004515
0 0.144441 0.360979 0.007726 0.004515
0 0.180383 0.363356 0.007726 0.004515
0 0.230769 0.365494 0.007726 0.004515
0 0.280820 0.367633 0.007726 0.004515
0 0.280820 0.360979 0.007726 0.004515
0 0.353712 0.352186 0.007726 0.004515
0 0.393349 0.354563 0.007726 0.004515
0 0.419214 0.356702 0.007726 0.004515
0 0.445415 0.358840 0.007726 0.004515
0 0.487068 0.360979 0.007726 0.004515
0 0.543500 0.363356 0.007726 0.004515
0 0.595566 0.354563 0.007726 0.004515
0 0.647632 0.356702 0.007726 0.004515
0 0.699698 0.358840 0.007726 0.004515
0 0.766544 0.360979 0.007726 0.004515
0 0.806181 0.350048 0.007726 0.004515
0 0.831038 0.352186 0.007726 0.004515
0 0.855895 0.354563 0.007726 0.004515
0 0.880417 0.352186 0.007726 0.004515
0 0.905274 0.354563 0.007726 0.004515
0 0.930131 0.356702 0.007726 0.004515
0 0.116224 0.839591 0.007726 0.004515
0 0.167282 0.830798 0.007726 0.004515
0 0.218677 0.832937 0.007726 0.004515
0 0.269735 0.835076 0.007726 0.004515
0 0.330870 0.837215 0.007726 0.004515
0 0.367484 0.828660 0.007726 0.004515
0 0.404098 0.830798 0.007726 0.004515
0 0.492778 0.832937 0.007726 0.004515
0 0.571045 0.830798 0.007726 0.004515
0 0.665099 0.832937 0.007726 0.004515
0 0.734632 0.835076 0.007726 0.004515
0 0.827007 0.837215 0.009070 0.004515
0 0.129997 0.360979 0.007726 0.004515
0 0.280820 0.352186 0.007726 0.004515
0 0.341283 0.350048 0.007726 0.004515
0 0.487068 0.350048 0.007726 0.004515
0 0.543500 0.347909 0.007726 0.004515
0 0.647632 0.347909 0.007726 0.004515
0 0.766544 0.345770 0.007726 0.004515
0 0.905274 0.345770 0.007726 0.004515
0 0.116224 0.824144 0.007726 0.004515
0 0.269735 0.824144 0.007726 0.004515
0 0.330870 0.822006 0.007726 0.004515
0 0.367484 0.817728 0.007726 0.004515
0 0.440376 0.819867 0.007726 0.004515
0 0.492778 0.819867 0.007726 0.004515
0 0.532079 0.822006 0.007726 0.004515
0 0.610346 0.824144 0.007726 0.004515
0 0.665099 0.826283 0.007726 0.004515
0 0.734632 0.828660 0.007726 0.004515
0 0.827007 0.826283 0.009070 0.004515
0 0.129997 0.284696 0.007726 0.004515
0 0.180383 0.286835 0.007726 0.004515
0 0.230769 0.289211 0.007726 0.004515
0 0.280820 0.291350 0.007726 0.004515
0 0.341283 0.289211 0.007726 0.004515
0 0.487068 0.289211 0.007726 0.004515
0 0.543500 0.286835 0.007726 0.004515
0 0.647632 0.286835 0.007726 0.004515
0 0.766544 0.284696 0.007726 0.004515
0 0.905274 0.284696 0.007726 0.004515
0 0.116224 0.759030 0.007726 0.004515
0 0.167282 0.763546 0.007726 0.004515
0 0.218677 0.761169 0.007726 0.004515
0 0.269735 0.759030 0.007726 0.004515
0 0.330870 0.756892 0.007726 0.004515
0 0.367484 0.756892 0.007726 0.004515
0 0.404098 0.754753 0.007726 0.004515
0 0.492778 0.752614 0.007726 0.004515
0 0.571045 0.750238 0.007726 0.004515
0 0.665099 0.748099 0.007726 0.004515
0 0.734632 0.748099 0.007726 0.004515
0 0.827007 0.756892 0.009070 0.004515
0 0.129997 0.217443 0.007726 0.004515
0 0.230769 0.215304 0.007726 0.004515
0 0.280820 0.206511 0.007726 0.004515
0 0.341283 0.206511 0.007726 0.004515
0 0.367148 0.208650 0.007726 0.004515
0 0.393349 0.210789 0.007726 0.004515
0 0.419214 0.213165 0.007726 0.004515
0 0.445415 0.215304 0.007726 0.004515
0 0.487068 0.217443 0.007726 0.004515
0 0.543500 0.219582 0.007726 0.004515
0 0.595566 0.210789 0.007726 0.004515
0 0.647632 0.213165 0.007726 0.004515
0 0.699698 0.215304 0.007726 0.004515
0 0.766544 0.217443 0.007726 0.004515
0 0.806181 0.206511 0.007726 0.004515
0 0.831038 0.208650 0.007726 0.004515
0 0.855895 0.210789 0.007726 0.004515
0 0.930131 0.213165 0.007726 0.004515
0 0.116224 0.686549 0.007726 0.004515
0 0.167282 0.677757 0.007726 0.004515
0 0.218677 0.679895 0.007726 0.004515
0 0.269735 0.682034 0.007726 0.004515
0 0.330870 0.684411 0.007726 0.004515
0 0.367484 0.673479 0.007726 0.004515
0 0.440376 0.675618 0.007726 0.004515
0 0.492778 0.679895 0.007726 0.004515
0 0.532079 0.677757 0.007726 0.004515
0 0.610346 0.675618 0.007726 0.004515
0 0.665099 0.673479 0.007726 0.004515
0 0.734632 0.675618 0.007726 0.004515
0 0.827007 0.677757 0.009070 0.004515
0 0.571045 0.610266 0.007726 0.004515
0 0.610346 0.605989 0.007726 0.004515
0 0.129997 0.146150 0.007726 0.004515
0 0.180383 0.148289 0.007726 0.004515
0 0.230769 0.150428 0.007726 0.004515
0 0.280820 0.152567 0.007726 0.004515
0 0.341283 0.137357 0.007726 0.004515
0 0.393349 0.139496 0.007726 0.004515
0 0.419214 0.141635 0.007726 0.004515
0 0.445415 0.144011 0.007726 0.004515
0 0.487068 0.146150 0.007726 0.004515
0 0.543500 0.148289 0.007726 0.004515
0 0.595566 0.139496 0.007726 0.004515
0 0.647632 0.141635 0.007726 0.004515
0 0.699698 0.144011 0.007726 0.004515
0 0.766544 0.146150 0.007726 0.004515
0 0.806181 0.135219 0.007726 0.004515
0 0.831038 0.137357 0.007726 0.004515
0 0.855895 0.139496 0.007726 0.004515
0 0.880417 0.137357 0.007726 0.004515
0 0.905274 0.139496 0.007726 0.004515
0 0.930131 0.141635 0.007726 0.004515
0 0.116224 0.614781 0.007726 0.004515
0 0.167282 0.605989 0.007726 0.004515
0 0.218677 0.608127 0.007726 0.004515
0 0.269735 0.610266 0.007726 0.004515
0 0.330870 0.612405 0.007726 0.004515
0 0.367484 0.603850 0.007726 0.004515
0 0.404098 0.605989 0.007726 0.004515
0 0.492778 0.608127 0.007726 0.004515
0 0.571045 0.605989 0.007726 0.004515
0 0.665099 0.608127 0.007726 0.004515
0 0.734632 0.610266 0.007726 0.004515
0 0.827007 0.612405 0.009070 0.004515
0 0.129997 0.083650 0.007726 0.004515
0 0.280820 0.075095 0.007726 0.004515
0 0.341283 0.072719 0.007726 0.004515
0 0.487068 0.072719 0.007726 0.004515
0 0.543500 0.070580 0.007726 0.004515
0 0.647632 0.070580 0.007726 0.004515
0 0.766544 0.068441 0.007726 0.004515
0 0.905274 0.068441 0.007726 0.004515
0 0.116224 0.529705 0.007726 0.004515
0 0.269735 0.529705 0.007726 0.004515
0 0.330870 0.527567 0.007726 0.004515
0 0.367484 0.523051 0.007726 0.004515
0 0.440376 0.525190 0.007726 0.004515
0 0.492778 0.525190 0.007726 0.004515
0 0.532079 0.527567 0.007726 0.004515
0 0.610346 0.529705 0.007726 0.004515
0 0.665099 0.531844 0.007726 0.004515
0 0.734632 0.533983 0.007726 0.004515
0 0.827007 0.531844 0.009070 0.004515
