0 0.119583 0.201996 0.008398 0.004753
0 0.119583 0.195105 0.008398 0.004753
0 0.119583 0.190352 0.008398 0.004753
0 0.119583 0.185837 0.008398 0.004753
0 0.225395 0.201996 0.008398 0.004753
0 0.225395 0.192728 0.008398 0.004753
0 0.364461 0.195105 0.008398 0.004753
0 0.458179 0.190352 0.008398 0.004753
0 0.458179 0.185837 0.008398 0.004753
0 0.458179 0.178945 0.008398 0.004753
0 0.505207 0.190352 0.008398 0.004753
0 0.505207 0.185837 0.008398 0.004753
0 0.505207 0.178945 0.008398 0.004753
0 0.599261 0.195105 0.008398 0.004753
0 0.669466 0.197243 0.008398 0.004753
0 0.764864 0.190352 0.008398 0.004753
0 0.764864 0.185837 0.008398 0.004753
0 0.764864 0.178945 0.008398 0.004753
0 0.812563 0.190352 0.008398 0.004753
0 0.812563 0.185837 0.008398 0.004753
0 0.812563 0.178945 0.008398 0.004753
0 0.907625 0.197243 0.008398 0.004753
0 0.117904 0.420152 0.008398 0.004753
0 0.197850 0.415399 0.008398 0.004753
0 0.205576 0.413260 0.008398 0.004753
0 0.205576 0.408508 0.008398 0.004753
0 0.241518 0.415399 0.008398 0.004753
0 0.249244 0.413260 0.008398 0.004753
0 0.249244 0.408508 0.008398 0.004753
0 0.336580 0.420152 0.008398 0.004753
0 0.392677 0.429183 0.008398 0.004753
0 0.477662 0.415399 0.008398 0.004753
0 0.485388 0.413260 0.008398 0.004753
0 0.485388 0.408508 0.008398 0.004753
0 0.524017 0.415399 0.008398 0.004753
0 0.531743 0.413260 0.008398 0.004753
0 0.531743 0.408508 0.008398 0.004753
0 0.624790 0.429183 0.008398 0.004753
0 0.685590 0.422291 0.008398 0.004753
0 0.775277 0.413260 0.008398 0.004753
0 0.775277 0.406369 0.008398 0.004753
0 0.775277 0.401616 0.008398 0.004753
0 0.820289 0.413260 0.008398 0.004753
0 0.820289 0.406369 0.008398 0.004753
0 0.820289 0.401616 0.008398 0.004753
0 0.910312 0.422291 0.008398 0.004753
0 0.112193 0.647576 0.008398 0.004753
0 0.200873 0.636169 0.008398 0.004753
0 0.200873 0.631654 0.008398 0.004753
0 0.200873 0.626901 0.008398 0.004753
0 0.245213 0.636169 0.008398 0.004753
0 0.245213 0.631654 0.008398 0.004753
0 0.245213 0.626901 0.008398 0.004753
0 0.333893 0.647576 0.008398 0.004753
0 0.390662 0.649952 0.008398 0.004753
0 0.487068 0.638546 0.008398 0.004753
0 0.487068 0.633793 0.008398 0.004753
0 0.487068 0.626901 0.008398 0.004753
0 0.535102 0.638546 0.008398 0.004753
0 0.535102 0.633793 0.008398 0.004753
0 0.535102 0.626901 0.008398 0.004753
0 0.631508 0.649952 0.008398 0.004753
0 0.692308 0.649952 0.008398 0.004753
0 0.778300 0.643061 0.008398 0.004753
0 0.778300 0.638546 0.008398 0.004753
0 0.778300 0.631654 0.008398 0.004753
0 0.821297 0.643061 0.008398 0.004753
0 0.821297 0.638546 0.008398 0.004753
0 0.821297 0.631654 0.008398 0.004753
0 0.906953 0.649952 0.008398 0.004753
0 0.112193 0.872624 0.008398 0.004753
0 0.258986 0.868108 0.008398 0.004753
0 0.258986 0.861217 0.008398 0.004753
0 0.258986 0.856702 0.008398 0.004753
0 0.258986 0.851949 0.008398 0.004753
0 0.418878 0.868108 0.008398 0.004753
0 0.418878 0.861217 0.008398 0.004753
0 0.418878 0.856702 0.008398 0.004753
0 0.418878 0.851949 0.008398 0.004753
0 0.676856 0.898051 0.008398 0.004753
0 0.676856 0.881892 0.008398 0.004753
0 0.815922 0.872624 0.008398 0.004753
0 0.815922 0.865732 0.008398 0.004753
0 0.815922 0.861217 0.008398 0.004753
0 0.815922 0.856702 0.008398 0.004753
0 0.119583 0.135219 0.008398 0.004753
0 0.225395 0.153755 0.008398 0.004753
0 0.233121 0.151378 0.008398 0.004753
0 0.225395 0.146863 0.008398 0.004753
0 0.364461 0.123812 0.008398 0.004753
0 0.387974 0.121435 0.008398 0.004753
0 0.411152 0.123812 0.008398 0.004753
0 0.434666 0.126188 0.008398 0.004753
0 0.458179 0.128327 0.008398 0.004753
0 0.481693 0.126188 0.008398 0.004753
0 0.505207 0.128327 0.008398 0.004753
0 0.528720 0.130703 0.008398 0.004753
0 0.552234 0.128327 0.008398 0.004753
0 0.575747 0.126188 0.008398 0.004753
0 0.599261 0.123812 0.008398 0.004753
0 0.622775 0.121435 0.008398 0.004753
0 0.669466 0.123812 0.008398 0.004753
0 0.693315 0.121435 0.008398 0.004753
0 0.717165 0.123812 0.008398 0.004753
0 0.741014 0.126188 0.008398 0.004753
0 0.764864 0.128327 0.008398 0.004753
0 0.788713 0.126188 0.008398 0.004753
0 0.812563 0.128327 0.008398 0.004753
0 0.836077 0.130703 0.008398 0.004753
0 0.859926 0.133080 0.008398 0.004753
0 0.883776 0.130703 0.008398 0.004753
0 0.907625 0.133080 0.008398 0.004753
0 0.931475 0.135219 0.008398 0.004753
0 0.117904 0.358127 0.008398 0.004753
0 0.139738 0.355751 0.008398 0.004753
0 0.161572 0.358127 0.008398 0.004753
0 0.183742 0.360266 0.008398 0.004753
0 0.205576 0.362643 0.008398 0.004753
0 0.227410 0.360266 0.008398 0.004753
0 0.249244 0.362643 0.008398 0.004753
0 0.271078 0.360266 0.008398 0.004753
0 0.292912 0.362643 0.008398 0.004753
0 0.314746 0.365019 0.008398 0.004753
0 0.336580 0.369534 0.008398 0.004753
0 0.358415 0.367158 0.008398 0.004753
0 0.392677 0.365019 0.008398 0.004753
0 0.415855 0.362643 0.008398 0.004753
0 0.439033 0.365019 0.008398 0.004753
0 0.462210 0.362643 0.008398 0.004753
0 0.485388 0.360266 0.008398 0.004753
0 0.508566 0.355751 0.008398 0.004753
0 0.531743 0.358127 0.008398 0.004753
0 0.554921 0.355751 0.008398 0.004753
0 0.578435 0.358127 0.008398 0.004753
0 0.601612 0.355751 0.008398 0.004753
0 0.624790 0.353375 0.008398 0.004753
0 0.647968 0.348859 0.008398 0.004753
0 0.685590 0.351236 0.008398 0.004753
0 0.708095 0.348859 0.008398 0.004753
0 0.730265 0.351236 0.008398 0.004753
0 0.752771 0.353375 0.008398 0.004753
0 0.775277 0.355751 0.008398 0.004753
0 0.797783 0.353375 0.008398 0.004753
0 0.820289 0.355751 0.008398 0.004753
0 0.842795 0.358127 0.008398 0.004753
0 0.865301 0.355751 0.008398 0.004753
0 0.887807 0.353375 0.008398 0.004753
0 0.910312 0.351236 0.008398 0.004753
0 0.932818 0.348859 0.008398 0.004753
0 0.112193 0.576521 0.008398 0.004753
0 0.134363 0.574144 0.008398 0.004753
0 0.156533 0.576521 0.008398 0.004753
0 0.178703 0.578660 0.008398 0.004753
0 0.200873 0.581036 0.008398 0.004753
0 0.223043 0.578660 0.008398 0.004753
0 0.245213 0.581036 0.008398 0.004753
0 0.267383 0.583413 0.008398 0.004753
0 0.289553 0.581036 0.008398 0.004753
0 0.311723 0.578660 0.008398 0.004753
0 0.333893 0.576521 0.008398 0.004753
0 0.356063 0.574144 0.008398 0.004753
0 0.390662 0.571768 0.008398 0.004753
0 0.414511 0.569629 0.008398 0.004753
0 0.438697 0.571768 0.008398 0.004753
0 0.462882 0.574144 0.008398 0.004753
0 0.487068 0.576521 0.008398 0.004753
0 0.510917 0.574144 0.008398 0.004753
0 0.535102 0.576521 0.008398 0.004753
0 0.559288 0.581036 0.008398 0.004753
0 0.583473 0.583413 0.008398 0.004753
0 0.607323 0.581036 0.008398 0.004753
0 0.631508 0.583413 0.008398 0.004753
0 0.655694 0.587928 0.008398 0.004753
0 0.692308 0.587928 0.008398 0.004753
0 0.713806 0.585551 0.008398 0.004753
0 0.735304 0.587928 0.008398 0.004753
0 0.756802 0.590304 0.008398 0.004753
0 0.778300 0.592443 0.008398 0.004753
0 0.799798 0.590304 0.008398 0.004753
0 0.821297 0.587928 0.008398 0.004753
0 0.842459 0.585551 0.008398 0.004753
0 0.863957 0.583413 0.008398 0.004753
0 0.885455 0.581036 0.008398 0.004753
0 0.906953 0.578660 0.008398 0.004753
0 0.928451 0.576521 0.008398 0.004753
0 0.112193 0.794677 0.008398 0.004753
0 0.136715 0.792300 0.008398 0.004753
0 0.160900 0.794677 0.008398 0.004753
0 0.185422 0.796816 0.008398 0.004753
0 0.209943 0.799192 0.008398 0.004753
0 0.234464 0.796816 0.008398 0.004753
0 0.258986 0.799192 0.008398 0.004753
0 0.283507 0.801568 0.008398 0.004753
0 0.308028 0.803707 0.008398 0.004753
0 0.332214 0.801568 0.008398 0.004753
0 0.356735 0.803707 0.008398 0.004753
0 0.381256 0.803707 0.008398 0.004753
0 0.418878 0.806084 0.008398 0.004753
0 0.676856 0.794677 0.008398 0.004753
0 0.700034 0.792300 0.008398 0.004753
0 0.723211 0.794677 0.008398 0.004753
0 0.746389 0.796816 0.008398 0.004753
0 0.769567 0.799192 0.008398 0.004753
0 0.792744 0.796816 0.008398 0.004753
0 0.815922 0.799192 0.008398 0.004753
0 0.839100 0.803707 0.008398 0.004753
0 0.862277 0.806084 0.008398 0.004753
0 0.885455 0.803707 0.008398 0.004753
0 0.908633 0.806084 0.008398 0.004753
0 0.932146 0.808460 0.008398 0.004753
0 0.119583 0.077234 0.008398 0.004753
0 0.225395 0.077234 0.008398 0.004753
0 0.266376 0.072481 0.008398 0.004753
0 0.307020 0.079373 0.008398 0.004753
0 0.364461 0.081749 0.008398 0.004753
0 0.552234 0.081749 0.008398 0.004753
0 0.599261 0.081749 0.008398 0.004753
0 0.669466 0.081749 0.008398 0.004753
0 0.764864 0.081749 0.008398 0.004753
0 0.812563 0.081749 0.008398 0.004753
0 0.859926 0.081749 0.008398 0.004753
0 0.907625 0.081749 0.008398 0.004753
0 0.117904 0.300618 0.008398 0.004753
0 0.249244 0.300618 0.008398 0.004753
0 0.336580 0.300618 0.008398 0.004753
0 0.392677 0.300618 0.008398 0.004753
0 0.439033 0.307510 0.008398 0.004753
0 0.485388 0.305133 0.008398 0.004753
0 0.531743 0.302994 0.008398 0.004753
0 0.578435 0.298241 0.008398 0.004753
0 0.647968 0.300618 0.008398 0.004753
0 0.685590 0.300618 0.008398 0.004753
0 0.820289 0.300618 0.008398 0.004753
0 0.865301 0.300618 0.008398 0.004753
0 0.910312 0.300618 0.008398 0.004753
0 0.112193 0.518774 0.008398 0.004753
0 0.245213 0.518774 0.008398 0.004753
0 0.289553 0.518774 0.008398 0.004753
0 0.333893 0.518774 0.008398 0.004753
0 0.390662 0.516397 0.008398 0.004753
0 0.535102 0.516397 0.008398 0.004753
0 0.631508 0.516397 0.008398 0.004753
0 0.692308 0.514021 0.008398 0.004753
0 0.735304 0.520913 0.008398 0.004753
0 0.778300 0.518774 0.008398 0.004753
0 0.821297 0.516397 0.008398 0.004753
0 0.863957 0.511882 0.008398 0.004753
0 0.928451 0.514021 0.008398 0.004753
0 0.112193 0.739544 0.008398 0.004753
0 0.418878 0.739544 0.008398 0.004753
0 0.534095 0.739544 0.008398 0.004753
0 0.578435 0.741683 0.008398 0.004753
0 0.622775 0.744059 0.008398 0.004753
0 0.676856 0.744059 0.008398 0.004753
