0 0.101444 0.413260 0.006718 0.003802
0 0.101444 0.400428 0.006718 0.003802
0 0.123614 0.393061 0.006718 0.003802
0 0.123614 0.387357 0.006718 0.003802
0 0.145784 0.393061 0.006718 0.003802
0 0.145784 0.387357 0.006718 0.003802
0 0.167618 0.393061 0.006718 0.003802
0 0.167618 0.387357 0.006718 0.003802
0 0.189788 0.393061 0.006718 0.003802
0 0.189788 0.387357 0.006718 0.003802
0 0.211958 0.393061 0.006718 0.003802
0 0.211958 0.387357 0.006718 0.003802
0 0.689285 0.411597 0.006718 0.003802
0 0.689285 0.398527 0.006718 0.003802
0 0.710447 0.385456 0.006718 0.003802
0 0.731945 0.385456 0.006718 0.003802
0 0.753107 0.385456 0.006718 0.003802
0 0.774269 0.385456 0.006718 0.003802
0 0.795432 0.385456 0.006718 0.003802
0 0.101444 0.570817 0.006718 0.003802
0 0.125966 0.557985 0.006718 0.003802
0 0.125966 0.550380 0.006718 0.003802
0 0.150151 0.557985 0.006718 0.003802
0 0.150151 0.550380 0.006718 0.003802
0 0.174337 0.557985 0.006718 0.003802
0 0.174337 0.550380 0.006718 0.003802
0 0.198858 0.557985 0.006718 0.003802
0 0.198858 0.550380 0.006718 0.003802
0 0.223043 0.557985 0.006718 0.003802
0 0.223043 0.550380 0.006718 0.003802
0 0.830702 0.578184 0.006718 0.003802
0 0.830702 0.565352 0.006718 0.003802
0 0.851192 0.552281 0.006718 0.003802
0 0.872019 0.552281 0.006718 0.003802
0 0.892509 0.552281 0.006718 0.003802
0 0.913336 0.552281 0.006718 0.003802
0 0.934162 0.552281 0.006718 0.003802
0 0.388982 0.727424 0.006718 0.003802
0 0.412160 0.714354 0.006718 0.003802
0 0.435338 0.714354 0.006718 0.003802
0 0.458851 0.714354 0.006718 0.003802
0 0.482029 0.714354 0.006718 0.003802
0 0.505207 0.714354 0.006718 0.003802
0 0.144105 0.228612 0.006718 0.003802
0 0.172657 0.243346 0.006718 0.003802
0 0.189788 0.237880 0.006718 0.003802
0 0.189788 0.234078 0.006718 0.003802
0 0.216661 0.243346 0.006718 0.003802
0 0.251596 0.250713 0.006718 0.003802
0 0.268055 0.243346 0.006718 0.003802
0 0.284515 0.237880 0.006718 0.003802
0 0.284515 0.234078 0.006718 0.003802
0 0.317434 0.243346 0.006718 0.003802
0 0.366140 0.250713 0.006718 0.003802
0 0.382264 0.241445 0.006718 0.003802
0 0.398388 0.237880 0.006718 0.003802
0 0.398388 0.232177 0.006718 0.003802
0 0.430635 0.241445 0.006718 0.003802
0 0.470944 0.250713 0.006718 0.003802
0 0.489083 0.241445 0.006718 0.003802
0 0.507222 0.237880 0.006718 0.003802
0 0.507222 0.232177 0.006718 0.003802
0 0.543500 0.241445 0.006718 0.003802
0 0.587840 0.250713 0.006718 0.003802
0 0.604300 0.243346 0.006718 0.003802
0 0.620759 0.237880 0.006718 0.003802
0 0.620759 0.234078 0.006718 0.003802
0 0.653678 0.243346 0.006718 0.003802
0 0.694659 0.250713 0.006718 0.003802
0 0.715485 0.245247 0.006718 0.003802
0 0.736648 0.241445 0.006718 0.003802
0 0.736648 0.234078 0.006718 0.003802
0 0.778300 0.245247 0.006718 0.003802
0 0.829358 0.250713 0.006718 0.003802
0 0.848841 0.245247 0.006718 0.003802
0 0.868324 0.243346 0.006718 0.003802
0 0.868324 0.239781 0.006718 0.003802
0 0.868324 0.235979 0.006718 0.003802
0 0.913000 0.243346 0.006718 0.003802
0 0.101444 0.413260 0.006718 0.003802
0 0.101444 0.400428 0.006718 0.003802
0 0.241854 0.393061 0.006718 0.003802
0 0.241854 0.387357 0.006718 0.003802
0 0.264024 0.393061 0.006718 0.003802
0 0.264024 0.387357 0.006718 0.003802
0 0.286194 0.393061 0.006718 0.003802
0 0.286194 0.387357 0.006718 0.003802
0 0.308028 0.393061 0.006718 0.003802
0 0.308028 0.387357 0.006718 0.003802
0 0.330198 0.393061 0.006718 0.003802
0 0.330198 0.387357 0.006718 0.003802
0 0.352368 0.393061 0.006718 0.003802
0 0.352368 0.387357 0.006718 0.003802
0 0.383944 0.393061 0.006718 0.003802
0 0.383944 0.387357 0.006718 0.003802
0 0.408129 0.393061 0.006718 0.003802
0 0.408129 0.387357 0.006718 0.003802
0 0.431979 0.393061 0.006718 0.003802
0 0.431979 0.387357 0.006718 0.003802
0 0.455828 0.393061 0.006718 0.003802
0 0.455828 0.387357 0.006718 0.003802
0 0.480013 0.393061 0.006718 0.003802
0 0.480013 0.387357 0.006718 0.003802
0 0.506214 0.393061 0.006718 0.003802
0 0.506214 0.387357 0.006718 0.003802
0 0.538462 0.393061 0.006718 0.003802
0 0.538462 0.387357 0.006718 0.003802
0 0.562311 0.393061 0.006718 0.003802
0 0.562311 0.387357 0.006718 0.003802
0 0.586161 0.393061 0.006718 0.003802
0 0.586161 0.387357 0.006718 0.003802
0 0.610010 0.393061 0.006718 0.003802
0 0.610010 0.387357 0.006718 0.003802
0 0.633860 0.393061 0.006718 0.003802
0 0.633860 0.387357 0.006718 0.003802
0 0.657709 0.393061 0.006718 0.003802
0 0.657709 0.387357 0.006718 0.003802
0 0.689285 0.411597 0.006718 0.003802
0 0.689285 0.398527 0.006718 0.003802
0 0.830702 0.385456 0.006718 0.003802
0 0.851192 0.385456 0.006718 0.003802
0 0.872019 0.385456 0.006718 0.003802
0 0.892845 0.385456 0.006718 0.003802
0 0.913336 0.385456 0.006718 0.003802
0 0.934162 0.385456 0.006718 0.003802
0 0.101444 0.570817 0.006718 0.003802
0 0.264024 0.557985 0.006718 0.003802
0 0.264024 0.552281 0.006718 0.003802
0 0.285522 0.557985 0.006718 0.003802
0 0.285522 0.552281 0.006718 0.003802
0 0.307020 0.557985 0.006718 0.003802
0 0.307020 0.552281 0.006718 0.003802
0 0.328519 0.557985 0.006718 0.003802
0 0.328519 0.552281 0.006718 0.003802
0 0.350017 0.557985 0.006718 0.003802
0 0.350017 0.552281 0.006718 0.003802
0 0.371179 0.557985 0.006718 0.003802
0 0.371179 0.552281 0.006718 0.003802
0 0.400739 0.557985 0.006718 0.003802
0 0.426940 0.557985 0.006718 0.003802
0 0.452805 0.557985 0.006718 0.003802
0 0.479006 0.557985 0.006718 0.003802
0 0.504871 0.557985 0.006718 0.003802
0 0.531072 0.557985 0.006718 0.003802
0 0.564998 0.578184 0.006718 0.003802
0 0.564998 0.565352 0.006718 0.003802
0 0.583809 0.557985 0.006718 0.003802
0 0.583809 0.552281 0.006718 0.003802
0 0.602956 0.557985 0.006718 0.003802
0 0.602956 0.552281 0.006718 0.003802
0 0.629829 0.561549 0.006718 0.003802
0 0.648640 0.561549 0.006718 0.003802
0 0.667450 0.561549 0.006718 0.003802
0 0.694323 0.570817 0.006718 0.003802
0 0.694323 0.557985 0.006718 0.003802
0 0.714142 0.544914 0.006718 0.003802
0 0.733624 0.544914 0.006718 0.003802
0 0.753107 0.544914 0.006718 0.003802
0 0.830702 0.578184 0.006718 0.003802
0 0.830702 0.565352 0.006718 0.003802
0 0.101444 0.716255 0.006718 0.003802
0 0.101444 0.710789 0.006718 0.003802
0 0.124622 0.716255 0.006718 0.003802
0 0.124622 0.710789 0.006718 0.003802
0 0.147464 0.716255 0.006718 0.003802
0 0.147464 0.710789 0.006718 0.003802
0 0.170642 0.716255 0.006718 0.003802
0 0.170642 0.710789 0.006718 0.003802
0 0.193819 0.716255 0.006718 0.003802
0 0.193819 0.710789 0.006718 0.003802
0 0.216661 0.716255 0.006718 0.003802
0 0.216661 0.710789 0.006718 0.003802
0 0.247901 0.716255 0.006718 0.003802
0 0.247901 0.710789 0.006718 0.003802
0 0.270071 0.716255 0.006718 0.003802
0 0.270071 0.710789 0.006718 0.003802
0 0.292241 0.716255 0.006718 0.003802
0 0.292241 0.710789 0.006718 0.003802
0 0.314410 0.716255 0.006718 0.003802
0 0.314410 0.710789 0.006718 0.003802
0 0.336580 0.716255 0.006718 0.003802
0 0.336580 0.710789 0.006718 0.003802
0 0.358750 0.716255 0.006718 0.003802
0 0.358750 0.710789 0.006718 0.003802
0 0.388982 0.727424 0.006718 0.003802
0 0.537454 0.714354 0.006718 0.003802
0 0.556937 0.714354 0.006718 0.003802
0 0.576083 0.714354 0.006718 0.003802
0 0.595566 0.714354 0.006718 0.003802
0 0.614713 0.714354 0.006718 0.003802
0 0.634195 0.714354 0.006718 0.003802
0 0.665771 0.734791 0.006718 0.003802
0 0.665771 0.721958 0.006718 0.003802
0 0.688949 0.721958 0.006718 0.003802
0 0.688949 0.712690 0.006718 0.003802
0 0.712462 0.721958 0.006718 0.003802
0 0.712462 0.712690 0.006718 0.003802
0 0.735976 0.721958 0.006718 0.003802
0 0.735976 0.712690 0.006718 0.003802
0 0.759489 0.721958 0.006718 0.003802
0 0.759489 0.712690 0.006718 0.003802
0 0.783003 0.721958 0.006718 0.003802
0 0.783003 0.712690 0.006718 0.003802
0 0.817266 0.721958 0.006718 0.003802
0 0.817266 0.712690 0.006718 0.003802
0 0.840107 0.721958 0.006718 0.003802
0 0.840107 0.712690 0.006718 0.003802
0 0.862949 0.721958 0.006718 0.003802
0 0.862949 0.712690 0.006718 0.003802
0 0.885791 0.721958 0.006718 0.003802
0 0.885791 0.712690 0.006718 0.003802
0 0.908969 0.721958 0.006718 0.003802
0 0.908969 0.712690 0.006718 0.003802
0 0.931811 0.721958 0.006718 0.003802
0 0.931811 0.712690 0.006718 0.003802
0 0.106147 0.886169 0.006718 0.003802
0 0.106147 0.878802 0.006718 0.003802
0 0.128653 0.886169 0.006718 0.003802
0 0.128653 0.878802 0.006718 0.003802
0 0.151159 0.886169 0.006718 0.003802
0 0.151159 0.878802 0.006718 0.003802
0 0.173329 0.886169 0.006718 0.003802
0 0.173329 0.878802 0.006718 0.003802
0 0.195835 0.886169 0.006718 0.003802
0 0.195835 0.878802 0.006718 0.003802
0 0.218341 0.886169 0.006718 0.003802
0 0.218341 0.878802 0.006718 0.003802
0 0.248908 0.893536 0.006718 0.003802
0 0.267719 0.880703 0.006718 0.003802
0 0.286194 0.880703 0.006718 0.003802
0 0.305005 0.880703 0.006718 0.003802
0 0.323816 0.880703 0.006718 0.003802
0 0.342627 0.880703 0.006718 0.003802
0 0.372187 0.897338 0.006718 0.003802
0 0.372187 0.884268 0.006718 0.003802
0 0.397044 0.876901 0.006718 0.003802
0 0.397044 0.871435 0.006718 0.003802
0 0.421565 0.876901 0.006718 0.003802
0 0.421565 0.871435 0.006718 0.003802
0 0.446423 0.876901 0.006718 0.003802
0 0.446423 0.871435 0.006718 0.003802
0 0.471280 0.876901 0.006718 0.003802
0 0.471280 0.871435 0.006718 0.003802
0 0.496137 0.876901 0.006718 0.003802
0 0.496137 0.871435 0.006718 0.003802
0 0.531743 0.902804 0.006718 0.003802
0 0.531743 0.889971 0.006718 0.003802
0 0.551226 0.876901 0.006718 0.003802
0 0.570709 0.876901 0.006718 0.003802
0 0.589856 0.876901 0.006718 0.003802
0 0.609338 0.876901 0.006718 0.003802
0 0.628821 0.876901 0.006718 0.003802
0 0.659053 0.897338 0.006718 0.003802
0 0.659053 0.884268 0.006718 0.003802
0 0.687269 0.876901 0.006718 0.003802
0 0.687269 0.871435 0.006718 0.003802
0 0.715149 0.876901 0.006718 0.003802
0 0.715149 0.871435 0.006718 0.003802
0 0.743366 0.876901 0.006718 0.003802
0 0.743366 0.871435 0.006718 0.003802
0 0.771246 0.876901 0.006718 0.003802
0 0.771246 0.871435 0.006718 0.003802
0 0.799463 0.876901 0.006718 0.003802
0 0.799463 0.871435 0.006718 0.003802
0 0.838428 0.889971 0.006718 0.003802
0 0.857911 0.876901 0.006718 0.003802
0 0.877057 0.876901 0.006718 0.003802
0 0.896540 0.876901 0.006718 0.003802
0 0.916023 0.876901 0.006718 0.003802
0 0.935170 0.876901 0.006718 0.003802
0 0.123614 0.366920 0.006718 0.003802
0 0.123614 0.363356 0.006718 0.003802
0 0.123614 0.357652 0.006718 0.003802
0 0.145784 0.366920 0.006718 0.003802
0 0.145784 0.363356 0.006718 0.003802
0 0.145784 0.357652 0.006718 0.003802
0 0.167618 0.366920 0.006718 0.003802
0 0.167618 0.363356 0.006718 0.003802
0 0.167618 0.357652 0.006718 0.003802
0 0.189788 0.366920 0.006718 0.003802
0 0.189788 0.363356 0.006718 0.003802
0 0.189788 0.357652 0.006718 0.003802
0 0.211958 0.366920 0.006718 0.003802
0 0.211958 0.363356 0.006718 0.003802
0 0.211958 0.357652 0.006718 0.003802
0 0.300974 0.191540 0.006718 0.003802
0 0.317434 0.185837 0.006718 0.003802
0 0.333893 0.182272 0.006718 0.003802
0 0.366140 0.180371 0.006718 0.003802
0 0.382264 0.189639 0.006718 0.003802
0 0.398388 0.184173 0.006718 0.003802
0 0.414511 0.185837 0.006718 0.003802
0 0.430635 0.189639 0.006718 0.003802
0 0.446758 0.193441 0.006718 0.003802
0 0.470944 0.184173 0.006718 0.003802
0 0.507222 0.184173 0.006718 0.003802
0 0.525361 0.193441 0.006718 0.003802
0 0.543500 0.189639 0.006718 0.003802
0 0.561639 0.185837 0.006718 0.003802
0 0.587840 0.182272 0.006718 0.003802
0 0.604300 0.191540 0.006718 0.003802
0 0.620759 0.184173 0.006718 0.003802
0 0.637219 0.185837 0.006718 0.003802
0 0.653678 0.191540 0.006718 0.003802
0 0.670138 0.195105 0.006718 0.003802
0 0.694659 0.185837 0.006718 0.003802
0 0.736648 0.185837 0.006718 0.003802
0 0.757474 0.185837 0.006718 0.003802
0 0.744709 0.185837 0.004703 0.002614
0 0.750420 0.183935 0.004703 0.002614
0 0.778300 0.187738 0.006718 0.003802
0 0.799463 0.189639 0.006718 0.003802
0 0.829358 0.189639 0.006718 0.003802
0 0.868324 0.191540 0.006718 0.003802
0 0.893517 0.189639 0.006718 0.003802
0 0.880752 0.189639 0.004703 0.002614
0 0.886463 0.187738 0.004703 0.002614
0 0.913000 0.191540 0.006718 0.003802
0 0.932482 0.193441 0.006718 0.003802
0 0.101444 0.354087 0.006718 0.003802
0 0.241854 0.366920 0.006718 0.003802
0 0.241854 0.363356 0.006718 0.003802
0 0.241854 0.357652 0.006718 0.003802
0 0.264024 0.366920 0.006718 0.003802
0 0.264024 0.363356 0.006718 0.003802
0 0.264024 0.357652 0.006718 0.003802
0 0.286194 0.366920 0.006718 0.003802
0 0.286194 0.363356 0.006718 0.003802
0 0.286194 0.357652 0.006718 0.003802
0 0.308028 0.366920 0.006718 0.003802
0 0.308028 0.363356 0.006718 0.003802
0 0.308028 0.357652 0.006718 0.003802
0 0.330198 0.366920 0.006718 0.003802
0 0.330198 0.363356 0.006718 0.003802
0 0.330198 0.357652 0.006718 0.003802
0 0.352368 0.366920 0.006718 0.003802
0 0.352368 0.363356 0.006718 0.003802
0 0.352368 0.357652 0.006718 0.003802
0 0.383944 0.366920 0.006718 0.003802
0 0.383944 0.363356 0.006718 0.003802
0 0.383944 0.357652 0.006718 0.003802
0 0.408129 0.366920 0.006718 0.003802
0 0.408129 0.363356 0.006718 0.003802
0 0.408129 0.357652 0.006718 0.003802
0 0.431979 0.366920 0.006718 0.003802
0 0.431979 0.363356 0.006718 0.003802
0 0.431979 0.357652 0.006718 0.003802
0 0.455828 0.366920 0.006718 0.003802
0 0.455828 0.363356 0.006718 0.003802
0 0.455828 0.357652 0.006718 0.003802
0 0.480013 0.366920 0.006718 0.003802
0 0.480013 0.363356 0.006718 0.003802
0 0.480013 0.357652 0.006718 0.003802
0 0.506214 0.366920 0.006718 0.003802
0 0.506214 0.363356 0.006718 0.003802
0 0.506214 0.357652 0.006718 0.003802
0 0.538462 0.366920 0.006718 0.003802
0 0.538462 0.363356 0.006718 0.003802
0 0.538462 0.357652 0.006718 0.003802
0 0.562311 0.366920 0.006718 0.003802
0 0.562311 0.363356 0.006718 0.003802
0 0.562311 0.357652 0.006718 0.003802
0 0.586161 0.366920 0.006718 0.003802
0 0.586161 0.363356 0.006718 0.003802
0 0.586161 0.357652 0.006718 0.003802
0 0.610010 0.366920 0.006718 0.003802
0 0.610010 0.363356 0.006718 0.003802
0 0.610010 0.357652 0.006718 0.003802
0 0.633860 0.366920 0.006718 0.003802
0 0.633860 0.363356 0.006718 0.003802
0 0.633860 0.357652 0.006718 0.003802
0 0.657709 0.366920 0.006718 0.003802
0 0.657709 0.363356 0.006718 0.003802
0 0.657709 0.357652 0.006718 0.003802
0 0.710447 0.365257 0.006718 0.003802
0 0.710447 0.361454 0.006718 0.003802
0 0.710447 0.357652 0.006718 0.003802
0 0.731945 0.365257 0.006718 0.003802
0 0.731945 0.361454 0.006718 0.003802
0 0.731945 0.357652 0.006718 0.003802
0 0.753107 0.365257 0.006718 0.003802
0 0.753107 0.361454 0.006718 0.003802
0 0.753107 0.357652 0.006718 0.003802
0 0.774269 0.365257 0.006718 0.003802
0 0.774269 0.361454 0.006718 0.003802
0 0.774269 0.357652 0.006718 0.003802
0 0.795432 0.365257 0.006718 0.003802
0 0.795432 0.361454 0.006718 0.003802
0 0.795432 0.357652 0.006718 0.003802
0 0.830702 0.365257 0.006718 0.003802
0 0.830702 0.361454 0.006718 0.003802
0 0.830702 0.357652 0.006718 0.003802
0 0.851192 0.365257 0.006718 0.003802
0 0.851192 0.361454 0.006718 0.003802
0 0.851192 0.357652 0.006718 0.003802
0 0.872019 0.365257 0.006718 0.003802
0 0.872019 0.361454 0.006718 0.003802
0 0.872019 0.357652 0.006718 0.003802
0 0.892845 0.365257 0.006718 0.003802
0 0.892845 0.361454 0.006718 0.003802
0 0.892845 0.357652 0.006718 0.003802
0 0.913336 0.365257 0.006718 0.003802
0 0.913336 0.361454 0.006718 0.003802
0 0.913336 0.357652 0.006718 0.003802
0 0.934162 0.365257 0.006718 0.003802
0 0.934162 0.361454 0.006718 0.003802
0 0.934162 0.357652 0.006718 0.003802
0 0.125966 0.530181 0.006718 0.003802
0 0.132012 0.528279 0.006718 0.003802
0 0.125966 0.524477 0.006718 0.003802
0 0.150151 0.530181 0.006718 0.003802
0 0.156198 0.528279 0.006718 0.003802
0 0.150151 0.524477 0.006718 0.003802
0 0.174337 0.530181 0.006718 0.003802
0 0.180719 0.528279 0.006718 0.003802
0 0.174337 0.524477 0.006718 0.003802
0 0.198858 0.530181 0.006718 0.003802
0 0.204904 0.528279 0.006718 0.003802
0 0.198858 0.524477 0.006718 0.003802
0 0.223043 0.530181 0.006718 0.003802
0 0.229090 0.528279 0.006718 0.003802
0 0.223043 0.524477 0.006718 0.003802
0 0.264024 0.531844 0.006718 0.003802
0 0.264024 0.528279 0.006718 0.003802
0 0.264024 0.522814 0.006718 0.003802
0 0.285522 0.531844 0.006718 0.003802
0 0.285522 0.528279 0.006718 0.003802
0 0.285522 0.522814 0.006718 0.003802
0 0.307020 0.531844 0.006718 0.003802
0 0.307020 0.528279 0.006718 0.003802
0 0.307020 0.522814 0.006718 0.003802
0 0.328519 0.531844 0.006718 0.003802
0 0.328519 0.528279 0.006718 0.003802
0 0.328519 0.522814 0.006718 0.003802
0 0.350017 0.531844 0.006718 0.003802
0 0.350017 0.528279 0.006718 0.003802
0 0.350017 0.522814 0.006718 0.003802
0 0.371179 0.531844 0.006718 0.003802
0 0.371179 0.528279 0.006718 0.003802
0 0.371179 0.522814 0.006718 0.003802
0 0.400739 0.530181 0.006718 0.003802
0 0.407121 0.528279 0.006718 0.003802
0 0.400739 0.524477 0.006718 0.003802
0 0.426940 0.530181 0.006718 0.003802
0 0.432986 0.528279 0.006718 0.003802
0 0.426940 0.524477 0.006718 0.003802
0 0.452805 0.530181 0.006718 0.003802
0 0.459187 0.528279 0.006718 0.003802
0 0.452805 0.524477 0.006718 0.003802
0 0.479006 0.530181 0.006718 0.003802
0 0.485052 0.528279 0.006718 0.003802
0 0.479006 0.524477 0.006718 0.003802
0 0.504871 0.530181 0.006718 0.003802
0 0.511253 0.528279 0.006718 0.003802
0 0.504871 0.524477 0.006718 0.003802
0 0.531072 0.530181 0.006718 0.003802
0 0.537118 0.528279 0.006718 0.003802
0 0.531072 0.524477 0.006718 0.003802
0 0.583809 0.531844 0.006718 0.003802
0 0.583809 0.528279 0.006718 0.003802
0 0.583809 0.522814 0.006718 0.003802
0 0.602956 0.531844 0.006718 0.003802
0 0.602956 0.528279 0.006718 0.003802
0 0.602956 0.522814 0.006718 0.003802
0 0.629829 0.519011 0.006718 0.003802
0 0.629829 0.515209 0.006718 0.003802
0 0.629829 0.505941 0.006718 0.003802
0 0.648640 0.519011 0.006718 0.003802
0 0.648640 0.515209 0.006718 0.003802
0 0.648640 0.507842 0.006718 0.003802
0 0.667450 0.519011 0.006718 0.003802
0 0.667450 0.515209 0.006718 0.003802
0 0.667450 0.509743 0.006718 0.003802
0 0.694323 0.520913 0.006718 0.003802
0 0.694323 0.515209 0.006718 0.003802
0 0.694323 0.511644 0.006718 0.003802
0 0.714142 0.522814 0.006718 0.003802
0 0.714142 0.517110 0.006718 0.003802
0 0.714142 0.513546 0.006718 0.003802
0 0.733624 0.524477 0.006718 0.003802
0 0.733624 0.520913 0.006718 0.003802
0 0.733624 0.515209 0.006718 0.003802
0 0.753107 0.526378 0.006718 0.003802
0 0.753107 0.522814 0.006718 0.003802
0 0.753107 0.517110 0.006718 0.003802
0 0.772926 0.528279 0.006718 0.003802
0 0.772926 0.524477 0.006718 0.003802
0 0.772926 0.519011 0.006718 0.003802
0 0.792408 0.530181 0.006718 0.003802
0 0.798455 0.528279 0.006718 0.003802
0 0.792408 0.524477 0.006718 0.003802
0 0.792408 0.520913 0.006718 0.003802
0 0.830702 0.531844 0.006718 0.003802
0 0.830702 0.528279 0.006718 0.003802
0 0.830702 0.522814 0.006718 0.003802
0 0.851192 0.531844 0.006718 0.003802
0 0.851192 0.528279 0.006718 0.003802
0 0.851192 0.522814 0.006718 0.003802
0 0.872019 0.531844 0.006718 0.003802
0 0.872019 0.528279 0.006718 0.003802
0 0.872019 0.522814 0.006718 0.003802
0 0.892509 0.531844 0.006718 0.003802
0 0.892509 0.528279 0.006718 0.003802
0 0.892509 0.522814 0.006718 0.003802
0 0.913336 0.531844 0.006718 0.003802
0 0.913336 0.528279 0.006718 0.003802
0 0.913336 0.522814 0.006718 0.003802
0 0.934162 0.531844 0.006718 0.003802
0 0.934162 0.528279 0.006718 0.003802
0 0.934162 0.522814 0.006718 0.003802
0 0.101444 0.690352 0.006718 0.003802
0 0.101444 0.686549 0.006718 0.003802
0 0.101444 0.681084 0.006718 0.003802
0 0.124622 0.690352 0.006718 0.003802
0 0.124622 0.686549 0.006718 0.003802
0 0.124622 0.681084 0.006718 0.003802
0 0.147464 0.690352 0.006718 0.003802
0 0.147464 0.686549 0.006718 0.003802
0 0.147464 0.681084 0.006718 0.003802
0 0.170642 0.690352 0.006718 0.003802
0 0.170642 0.686549 0.006718 0.003802
0 0.170642 0.681084 0.006718 0.003802
0 0.193819 0.690352 0.006718 0.003802
0 0.193819 0.686549 0.006718 0.003802
0 0.193819 0.681084 0.006718 0.003802
0 0.216661 0.690352 0.006718 0.003802
0 0.216661 0.686549 0.006718 0.003802
0 0.216661 0.681084 0.006718 0.003802
0 0.247901 0.690352 0.006718 0.003802
0 0.247901 0.686549 0.006718 0.003802
0 0.247901 0.681084 0.006718 0.003802
0 0.270071 0.690352 0.006718 0.003802
0 0.270071 0.686549 0.006718 0.003802
0 0.270071 0.681084 0.006718 0.003802
0 0.292241 0.690352 0.006718 0.003802
0 0.292241 0.686549 0.006718 0.003802
0 0.292241 0.681084 0.006718 0.003802
0 0.314410 0.690352 0.006718 0.003802
0 0.314410 0.686549 0.006718 0.003802
0 0.314410 0.681084 0.006718 0.003802
0 0.336580 0.690352 0.006718 0.003802
0 0.336580 0.686549 0.006718 0.003802
0 0.336580 0.681084 0.006718 0.003802
0 0.358750 0.690352 0.006718 0.003802
0 0.358750 0.686549 0.006718 0.003802
0 0.358750 0.681084 0.006718 0.003802
0 0.412160 0.686549 0.006718 0.003802
0 0.412160 0.679183 0.006718 0.003802
0 0.418542 0.677281 0.006718 0.003802
0 0.435338 0.686549 0.006718 0.003802
0 0.435338 0.679183 0.006718 0.003802
0 0.441720 0.677281 0.006718 0.003802
0 0.458851 0.686549 0.006718 0.003802
0 0.458851 0.679183 0.006718 0.003802
0 0.464898 0.677281 0.006718 0.003802
0 0.482029 0.686549 0.006718 0.003802
0 0.482029 0.679183 0.006718 0.003802
0 0.488411 0.677281 0.006718 0.003802
0 0.505207 0.686549 0.006718 0.003802
0 0.505207 0.679183 0.006718 0.003802
0 0.511589 0.677281 0.006718 0.003802
0 0.537454 0.684886 0.006718 0.003802
0 0.537454 0.681084 0.006718 0.003802
0 0.537454 0.677281 0.006718 0.003802
0 0.556937 0.684886 0.006718 0.003802
0 0.556937 0.681084 0.006718 0.003802
0 0.556937 0.677281 0.006718 0.003802
0 0.576083 0.684886 0.006718 0.003802
0 0.576083 0.681084 0.006718 0.003802
0 0.576083 0.677281 0.006718 0.003802
0 0.595566 0.684886 0.006718 0.003802
0 0.595566 0.681084 0.006718 0.003802
0 0.595566 0.677281 0.006718 0.003802
0 0.614713 0.686549 0.006718 0.003802
0 0.614713 0.681084 0.006718 0.003802
0 0.614713 0.677281 0.006718 0.003802
0 0.634195 0.686549 0.006718 0.003802
0 0.634195 0.681084 0.006718 0.003802
0 0.634195 0.677281 0.006718 0.003802
0 0.688949 0.692253 0.006718 0.003802
0 0.688949 0.686549 0.006718 0.003802
0 0.688949 0.679183 0.006718 0.003802
0 0.712462 0.692253 0.006718 0.003802
0 0.712462 0.686549 0.006718 0.003802
0 0.712462 0.679183 0.006718 0.003802
0 0.735976 0.692253 0.006718 0.003802
0 0.735976 0.686549 0.006718 0.003802
0 0.735976 0.679183 0.006718 0.003802
0 0.759489 0.690352 0.006718 0.003802
0 0.759489 0.686549 0.006718 0.003802
0 0.759489 0.681084 0.006718 0.003802
0 0.783003 0.690352 0.006718 0.003802
0 0.783003 0.686549 0.006718 0.003802
0 0.783003 0.681084 0.006718 0.003802
0 0.817266 0.692253 0.006718 0.003802
0 0.817266 0.686549 0.006718 0.003802
0 0.817266 0.679183 0.006718 0.003802
0 0.840107 0.692253 0.006718 0.003802
0 0.840107 0.686549 0.006718 0.003802
0 0.840107 0.679183 0.006718 0.003802
0 0.862949 0.692253 0.006718 0.003802
0 0.862949 0.686549 0.006718 0.003802
0 0.862949 0.679183 0.006718 0.003802
0 0.885791 0.692253 0.006718 0.003802
0 0.885791 0.686549 0.006718 0.003802
0 0.885791 0.679183 0.006718 0.003802
0 0.908969 0.692253 0.006718 0.003802
0 0.908969 0.686549 0.006718 0.003802
0 0.908969 0.679183 0.006718 0.003802
0 0.931811 0.692253 0.006718 0.003802
0 0.931811 0.686549 0.006718 0.003802
0 0.931811 0.679183 0.006718 0.003802
0 0.106147 0.856702 0.006718 0.003802
0 0.106147 0.850998 0.006718 0.003802
0 0.106147 0.845532 0.006718 0.003802
0 0.128653 0.856702 0.006718 0.003802
0 0.128653 0.850998 0.006718 0.003802
0 0.128653 0.845532 0.006718 0.003802
0 0.151159 0.856702 0.006718 0.003802
0 0.151159 0.850998 0.006718 0.003802
0 0.151159 0.845532 0.006718 0.003802
0 0.173329 0.856702 0.006718 0.003802
0 0.173329 0.852899 0.006718 0.003802
0 0.173329 0.845532 0.006718 0.003802
0 0.195835 0.856702 0.006718 0.003802
0 0.202217 0.854800 0.006718 0.003802
0 0.195835 0.845532 0.006718 0.003802
0 0.218341 0.856702 0.006718 0.003802
0 0.218341 0.852899 0.006718 0.003802
0 0.218341 0.845532 0.006718 0.003802
0 0.267719 0.856702 0.006718 0.003802
0 0.267719 0.850998 0.006718 0.003802
0 0.267719 0.847433 0.006718 0.003802
0 0.286194 0.856702 0.006718 0.003802
0 0.286194 0.850998 0.006718 0.003802
0 0.286194 0.847433 0.006718 0.003802
0 0.305005 0.856702 0.006718 0.003802
0 0.305005 0.850998 0.006718 0.003802
0 0.305005 0.847433 0.006718 0.003802
0 0.323816 0.856702 0.006718 0.003802
0 0.323816 0.850998 0.006718 0.003802
0 0.323816 0.847433 0.006718 0.003802
0 0.342627 0.856702 0.006718 0.003802
0 0.342627 0.850998 0.006718 0.003802
0 0.342627 0.847433 0.006718 0.003802
0 0.397044 0.850998 0.006718 0.003802
0 0.397044 0.847433 0.006718 0.003802
0 0.397044 0.838165 0.006718 0.003802
0 0.421565 0.850998 0.006718 0.003802
0 0.421565 0.847433 0.006718 0.003802
0 0.421565 0.839829 0.006718 0.003802
0 0.446423 0.850998 0.006718 0.003802
0 0.446423 0.847433 0.006718 0.003802
0 0.446423 0.841730 0.006718 0.003802
0 0.471280 0.850998 0.006718 0.003802
0 0.471280 0.847433 0.006718 0.003802
0 0.471280 0.843631 0.006718 0.003802
0 0.496137 0.850998 0.006718 0.003802
0 0.496137 0.847433 0.006718 0.003802
0 0.496137 0.841730 0.006718 0.003802
0 0.551226 0.849097 0.006718 0.003802
0 0.551226 0.843631 0.006718 0.003802
0 0.551226 0.836264 0.006718 0.003802
0 0.570709 0.849097 0.006718 0.003802
0 0.570709 0.843631 0.006718 0.003802
0 0.570709 0.838165 0.006718 0.003802
0 0.589856 0.849097 0.006718 0.003802
0 0.589856 0.843631 0.006718 0.003802
0 0.589856 0.839829 0.006718 0.003802
0 0.609338 0.849097 0.006718 0.003802
0 0.609338 0.843631 0.006718 0.003802
0 0.615721 0.841730 0.006718 0.003802
0 0.628821 0.849097 0.006718 0.003802
0 0.628821 0.843631 0.006718 0.003802
0 0.628821 0.839829 0.006718 0.003802
0 0.687269 0.850998 0.006718 0.003802
0 0.687269 0.847433 0.006718 0.003802
0 0.687269 0.838165 0.006718 0.003802
0 0.715149 0.850998 0.006718 0.003802
0 0.715149 0.847433 0.006718 0.003802
0 0.715149 0.839829 0.006718 0.003802
0 0.743366 0.850998 0.006718 0.003802
0 0.743366 0.847433 0.006718 0.003802
0 0.743366 0.841730 0.006718 0.003802
0 0.771246 0.850998 0.006718 0.003802
0 0.771246 0.847433 0.006718 0.003802
0 0.771246 0.843631 0.006718 0.003802
0 0.799463 0.850998 0.006718 0.003802
0 0.799463 0.847433 0.006718 0.003802
0 0.799463 0.841730 0.006718 0.003802
0 0.857911 0.849097 0.006718 0.003802
0 0.857911 0.843631 0.006718 0.003802
0 0.857911 0.836264 0.006718 0.003802
0 0.877057 0.849097 0.006718 0.003802
0 0.877057 0.843631 0.006718 0.003802
0 0.877057 0.838165 0.006718 0.003802
0 0.896540 0.849097 0.006718 0.003802
0 0.896540 0.843631 0.006718 0.003802
0 0.896540 0.839829 0.006718 0.003802
0 0.916023 0.849097 0.006718 0.003802
0 0.916023 0.843631 0.006718 0.003802
0 0.922069 0.841730 0.006718 0.003802
0 0.935170 0.849097 0.006718 0.003802
0 0.935170 0.843631 0.006718 0.003802
0 0.935170 0.839829 0.006718 0.003802
0 0.211958 0.320580 0.006718 0.003802
0 0.241854 0.315114 0.006718 0.003802
0 0.330198 0.315114 0.006718 0.003802
0 0.352368 0.313213 0.006718 0.003802
0 0.383944 0.311312 0.006718 0.003802
0 0.480013 0.311312 0.006718 0.003802
0 0.506214 0.309411 0.006718 0.003802
0 0.538462 0.307510 0.006718 0.003802
0 0.633860 0.307510 0.006718 0.003802
0 0.657709 0.302044 0.006718 0.003802
0 0.689285 0.302044 0.006718 0.003802
0 0.830702 0.313213 0.006718 0.003802
0 0.101444 0.468394 0.006718 0.003802
0 0.198858 0.470057 0.006718 0.003802
0 0.238159 0.471958 0.006718 0.003802
0 0.264024 0.473859 0.006718 0.003802
0 0.328519 0.479325 0.006718 0.003802
0 0.350017 0.473859 0.006718 0.003802
0 0.371179 0.470057 0.006718 0.003802
0 0.400739 0.466492 0.006718 0.003802
0 0.479006 0.464591 0.006718 0.003802
0 0.467585 0.462690 0.004703 0.002614
0 0.504871 0.466492 0.006718 0.003802
0 0.531072 0.468394 0.006718 0.003802
0 0.564998 0.470057 0.006718 0.003802
0 0.602956 0.470057 0.006718 0.003802
0 0.792408 0.479325 0.006718 0.003802
0 0.830702 0.473859 0.006718 0.003802
0 0.913336 0.473859 0.006718 0.003802
0 0.934162 0.471958 0.006718 0.003802
0 0.101444 0.635219 0.006718 0.003802
0 0.170642 0.635219 0.006718 0.003802
0 0.193819 0.635219 0.006718 0.003802
0 0.216661 0.633317 0.006718 0.003802
0 0.247901 0.631416 0.006718 0.003802
0 0.336580 0.631416 0.006718 0.003802
0 0.358750 0.625951 0.006718 0.003802
0 0.388982 0.625951 0.006718 0.003802
0 0.482029 0.625951 0.006718 0.003802
0 0.505207 0.627614 0.006718 0.003802
0 0.537454 0.629515 0.006718 0.003802
0 0.665771 0.627614 0.006718 0.003802
0 0.735976 0.631416 0.006718 0.003802
0 0.759489 0.635219 0.006718 0.003802
0 0.783003 0.638783 0.006718 0.003802
0 0.817266 0.636882 0.006718 0.003802
0 0.908969 0.631416 0.006718 0.003802
0 0.931811 0.629515 0.006718 0.003802
0 0.106147 0.789686 0.006718 0.003802
0 0.173329 0.791587 0.006718 0.003802
0 0.195835 0.793489 0.006718 0.003802
0 0.218341 0.791587 0.006718 0.003802
0 0.248908 0.789686 0.006718 0.003802
0 0.372187 0.789686 0.006718 0.003802
0 0.397044 0.789686 0.006718 0.003802
0 0.421565 0.789686 0.006718 0.003802
0 0.471280 0.788023 0.006718 0.003802
0 0.496137 0.788023 0.006718 0.003802
0 0.531743 0.786122 0.006718 0.003802
0 0.659053 0.786122 0.006718 0.003802
0 0.687269 0.789686 0.006718 0.003802
0 0.715149 0.784221 0.006718 0.003802
0 0.743366 0.786122 0.006718 0.003802
0 0.771246 0.788023 0.006718 0.003802
0 0.799463 0.789686 0.006718 0.003802
0 0.838428 0.793489 0.006718 0.003802
0 0.877057 0.791587 0.006718 0.003802
