0 0.111186 0.200808 0.007726 0.004515
0 0.111186 0.185361 0.007726 0.004515
0 0.292912 0.194154 0.007726 0.004515
0 0.367820 0.187500 0.007726 0.004515
0 0.462210 0.185361 0.007726 0.004515
0 0.539805 0.200808 0.007726 0.004515
0 0.630501 0.194154 0.007726 0.004515
0 0.774941 0.211740 0.007726 0.004515
0 0.774941 0.196293 0.007726 0.004515
0 0.117568 0.384030 0.007726 0.004515
0 0.117568 0.368584 0.007726 0.004515
0 0.286866 0.381892 0.007726 0.004515
0 0.286866 0.366445 0.007726 0.004515
0 0.369164 0.390684 0.007726 0.004515
0 0.369164 0.375238 0.007726 0.004515
0 0.453477 0.384030 0.007726 0.004515
0 0.453477 0.368584 0.007726 0.004515
0 0.608666 0.379753 0.007726 0.004515
0 0.608666 0.364306 0.007726 0.004515
0 0.793416 0.388308 0.007726 0.004515
0 0.793416 0.373099 0.007726 0.004515
0 0.121935 0.560361 0.007726 0.004515
0 0.121935 0.544914 0.007726 0.004515
0 0.275445 0.562500 0.007726 0.004515
0 0.275445 0.547291 0.007726 0.004515
0 0.416863 0.562500 0.007726 0.004515
0 0.416863 0.547291 0.007726 0.004515
0 0.513268 0.564639 0.007726 0.004515
0 0.513268 0.549430 0.007726 0.004515
0 0.619416 0.566778 0.007726 0.004515
0 0.619416 0.551568 0.007726 0.004515
0 0.709439 0.569154 0.007726 0.004515
0 0.709439 0.553707 0.007726 0.004515
0 0.815922 0.562500 0.007726 0.004515
0 0.815922 0.547291 0.007726 0.004515
0 0.885455 0.562500 0.007726 0.004515
0 0.109170 0.731939 0.007726 0.004515
0 0.320121 0.738593 0.007726 0.004515
0 0.357743 0.723146 0.007726 0.004515
0 0.444071 0.738593 0.007726 0.004515
0 0.444071 0.723146 0.007726 0.004515
0 0.645952 0.723146 0.007726 0.004515
0 0.718509 0.738593 0.007726 0.004515
0 0.803493 0.731939 0.007726 0.004515
0 0.111186 0.888783 0.007726 0.004515
0 0.277125 0.912785 0.007726 0.004515
0 0.277125 0.897338 0.007726 0.004515
0 0.345314 0.910646 0.007726 0.004515
0 0.345314 0.895200 0.007726 0.004515
0 0.400067 0.910646 0.007726 0.004515
0 0.467585 0.919202 0.007726 0.004515
0 0.467585 0.903992 0.007726 0.004515
0 0.509909 0.903992 0.007726 0.004515
0 0.536110 0.888783 0.007726 0.004515
0 0.570037 0.903992 0.007726 0.004515
0 0.595566 0.888783 0.007726 0.004515
0 0.621431 0.903992 0.007726 0.004515
0 0.646960 0.888783 0.007726 0.004515
0 0.679879 0.903992 0.007726 0.004515
0 0.772926 0.903992 0.007726 0.004515
0 0.772926 0.895200 0.007726 0.004515
0 0.772926 0.888783 0.007726 0.004515
0 0.865972 0.919202 0.007726 0.004515
0 0.865972 0.903992 0.007726 0.004515
0 0.152167 0.124049 0.007726 0.004515
0 0.192812 0.126188 0.007726 0.004515
0 0.233792 0.126188 0.007726 0.004515
0 0.292912 0.128565 0.007726 0.004515
0 0.330534 0.132842 0.007726 0.004515
0 0.367820 0.130703 0.007726 0.004515
0 0.405106 0.121911 0.007726 0.004515
0 0.462210 0.128565 0.007726 0.004515
0 0.462210 0.124049 0.007726 0.004515
0 0.539805 0.126188 0.007726 0.004515
0 0.539805 0.119772 0.007726 0.004515
0 0.630501 0.128565 0.007726 0.004515
0 0.630501 0.117633 0.007726 0.004515
0 0.819953 0.134981 0.007726 0.004515
0 0.819953 0.130703 0.007726 0.004515
0 0.819953 0.121911 0.007726 0.004515
0 0.864965 0.134981 0.007726 0.004515
0 0.864965 0.130703 0.007726 0.004515
0 0.864965 0.121911 0.007726 0.004515
0 0.909976 0.134981 0.007726 0.004515
0 0.909976 0.130703 0.007726 0.004515
0 0.909976 0.121911 0.007726 0.004515
0 0.165939 0.313926 0.007726 0.004515
0 0.165939 0.307510 0.007726 0.004515
0 0.165939 0.302994 0.007726 0.004515
0 0.201881 0.313926 0.007726 0.004515
0 0.201881 0.307510 0.007726 0.004515
0 0.201881 0.302994 0.007726 0.004515
0 0.238159 0.313926 0.007726 0.004515
0 0.238159 0.307510 0.007726 0.004515
0 0.238159 0.302994 0.007726 0.004515
0 0.333557 0.313926 0.007726 0.004515
0 0.333557 0.309648 0.007726 0.004515
0 0.333557 0.300856 0.007726 0.004515
0 0.369164 0.313926 0.007726 0.004515
0 0.369164 0.309648 0.007726 0.004515
0 0.369164 0.300856 0.007726 0.004515
0 0.405106 0.313926 0.007726 0.004515
0 0.405106 0.309648 0.007726 0.004515
0 0.405106 0.300856 0.007726 0.004515
0 0.489755 0.313926 0.007726 0.004515
0 0.489755 0.307510 0.007726 0.004515
0 0.489755 0.302994 0.007726 0.004515
0 0.525697 0.313926 0.007726 0.004515
0 0.525697 0.307510 0.007726 0.004515
0 0.525697 0.302994 0.007726 0.004515
0 0.561639 0.313926 0.007726 0.004515
0 0.561639 0.307510 0.007726 0.004515
0 0.561639 0.302994 0.007726 0.004515
0 0.651999 0.313926 0.007726 0.004515
0 0.644609 0.305133 0.007726 0.004515
0 0.651999 0.302994 0.007726 0.004515
0 0.695667 0.313926 0.007726 0.004515
0 0.688277 0.305133 0.007726 0.004515
0 0.695667 0.302994 0.007726 0.004515
0 0.739335 0.313926 0.007726 0.004515
0 0.731945 0.305133 0.007726 0.004515
0 0.739335 0.302994 0.007726 0.004515
0 0.833725 0.311787 0.007726 0.004515
0 0.833725 0.307510 0.007726 0.004515
0 0.833725 0.302994 0.007726 0.004515
0 0.874034 0.311787 0.007726 0.004515
0 0.874034 0.307510 0.007726 0.004515
0 0.874034 0.302994 0.007726 0.004515
0 0.914679 0.311787 0.007726 0.004515
0 0.914679 0.307510 0.007726 0.004515
0 0.914679 0.302994 0.007726 0.004515
0 0.114545 0.494534 0.007726 0.004515
0 0.121935 0.492395 0.007726 0.004515
0 0.121935 0.488118 0.007726 0.004515
0 0.275445 0.496911 0.007726 0.004515
0 0.275445 0.492395 0.007726 0.004515
0 0.275445 0.485979 0.007726 0.004515
0 0.457843 0.488118 0.007726 0.004515
0 0.465233 0.485979 0.007726 0.004515
0 0.465233 0.481464 0.007726 0.004515
0 0.561303 0.492395 0.007726 0.004515
0 0.561303 0.485979 0.007726 0.004515
0 0.561303 0.481464 0.007726 0.004515
0 0.664427 0.494534 0.007726 0.004515
0 0.664427 0.485979 0.007726 0.004515
0 0.664427 0.479325 0.007726 0.004515
0 0.709439 0.492395 0.007726 0.004515
0 0.709439 0.488118 0.007726 0.004515
0 0.709439 0.479325 0.007726 0.004515
0 0.815922 0.490257 0.007726 0.004515
0 0.815922 0.485979 0.007726 0.004515
0 0.815922 0.479325 0.007726 0.004515
0 0.878065 0.488118 0.007726 0.004515
0 0.885455 0.485979 0.007726 0.004515
0 0.885455 0.481464 0.007726 0.004515
0 0.109170 0.666350 0.007726 0.004515
0 0.109170 0.661835 0.007726 0.004515
0 0.109170 0.655418 0.007726 0.004515
0 0.226402 0.677281 0.007726 0.004515
0 0.226402 0.672766 0.007726 0.004515
0 0.226402 0.666350 0.007726 0.004515
0 0.282499 0.679420 0.007726 0.004515
0 0.282499 0.675143 0.007726 0.004515
0 0.282499 0.668489 0.007726 0.004515
0 0.395700 0.681559 0.007726 0.004515
0 0.395700 0.677281 0.007726 0.004515
0 0.395700 0.670627 0.007726 0.004515
0 0.444071 0.683935 0.007726 0.004515
0 0.444071 0.679420 0.007726 0.004515
0 0.444071 0.672766 0.007726 0.004515
0 0.490427 0.686074 0.007726 0.004515
0 0.490427 0.681559 0.007726 0.004515
0 0.490427 0.675143 0.007726 0.004515
0 0.536782 0.688213 0.007726 0.004515
0 0.536782 0.681559 0.007726 0.004515
0 0.536782 0.677281 0.007726 0.004515
0 0.583137 0.686074 0.007726 0.004515
0 0.583137 0.681559 0.007726 0.004515
0 0.583137 0.675143 0.007726 0.004515
0 0.645952 0.688213 0.007726 0.004515
0 0.645952 0.681559 0.007726 0.004515
0 0.645952 0.677281 0.007726 0.004515
0 0.718509 0.690352 0.007726 0.004515
0 0.718509 0.683935 0.007726 0.004515
0 0.718509 0.679420 0.007726 0.004515
0 0.803493 0.692490 0.007726 0.004515
0 0.803493 0.688213 0.007726 0.004515
0 0.803493 0.681559 0.007726 0.004515
0 0.879073 0.686074 0.007726 0.004515
0 0.879073 0.681559 0.007726 0.004515
0 0.111186 0.860266 0.007726 0.004515
0 0.111186 0.855751 0.007726 0.004515
0 0.158885 0.862405 0.007726 0.004515
0 0.158885 0.858127 0.007726 0.004515
0 0.221364 0.864544 0.007726 0.004515
0 0.221364 0.860266 0.007726 0.004515
0 0.277125 0.864544 0.007726 0.004515
0 0.277125 0.858127 0.007726 0.004515
0 0.277125 0.853612 0.007726 0.004515
0 0.345314 0.864544 0.007726 0.004515
0 0.345314 0.860266 0.007726 0.004515
0 0.345314 0.853612 0.007726 0.004515
0 0.400067 0.862405 0.007726 0.004515
0 0.407457 0.860266 0.007726 0.004515
0 0.400067 0.855751 0.007726 0.004515
0 0.467585 0.864544 0.007726 0.004515
0 0.467585 0.860266 0.007726 0.004515
0 0.467585 0.853612 0.007726 0.004515
0 0.509909 0.846958 0.007726 0.004515
0 0.509909 0.842681 0.007726 0.004515
0 0.509909 0.838403 0.007726 0.004515
0 0.570037 0.849335 0.007726 0.004515
0 0.570037 0.844819 0.007726 0.004515
0 0.570037 0.838403 0.007726 0.004515
0 0.621431 0.851473 0.007726 0.004515
0 0.621431 0.846958 0.007726 0.004515
0 0.621431 0.838403 0.007726 0.004515
0 0.679879 0.853612 0.007726 0.004515
0 0.679879 0.849335 0.007726 0.004515
0 0.679879 0.838403 0.007726 0.004515
0 0.772926 0.849335 0.007726 0.004515
0 0.772926 0.844819 0.007726 0.004515
0 0.772926 0.838403 0.007726 0.004515
0 0.772926 0.833888 0.007726 0.004515
0 0.865972 0.869059 0.007726 0.004515
0 0.865972 0.864544 0.007726 0.004515
0 0.865972 0.860266 0.007726 0.004515
0 0.865972 0.853612 0.007726 0.004515
0 0.755794 0.424192 0.005375 0.003089
0 0.817266 0.430608 0.005375 0.003089
0 0.886799 0.430608 0.005375 0.003089
0 0.111186 0.086027 0.007726 0.004515
0 0.152167 0.086027 0.007726 0.004515
0 0.192812 0.083650 0.007726 0.004515
0 0.233792 0.081511 0.007726 0.004515
0 0.292912 0.079373 0.007726 0.004515
0 0.330534 0.079373 0.007726 0.004515
0 0.367820 0.070580 0.007726 0.004515
0 0.428284 0.072719 0.007726 0.004515
0 0.462210 0.075095 0.007726 0.004515
0 0.501176 0.075095 0.007726 0.004515
0 0.539805 0.077234 0.007726 0.004515
0 0.578771 0.077234 0.007726 0.004515
0 0.630501 0.079373 0.007726 0.004515
0 0.721532 0.079373 0.007726 0.004515
0 0.774941 0.079373 0.007726 0.004515
0 0.819953 0.081511 0.007726 0.004515
0 0.864965 0.081511 0.007726 0.004515
0 0.909976 0.083650 0.007726 0.004515
0 0.117568 0.267110 0.007726 0.004515
0 0.143433 0.262833 0.007726 0.004515
0 0.238159 0.256179 0.007726 0.004515
0 0.286866 0.258317 0.007726 0.004515
0 0.311051 0.264971 0.007726 0.004515
0 0.405106 0.260456 0.007726 0.004515
0 0.453477 0.262833 0.007726 0.004515
0 0.561639 0.256179 0.007726 0.004515
0 0.608666 0.256179 0.007726 0.004515
0 0.651999 0.258317 0.007726 0.004515
0 0.695667 0.256179 0.007726 0.004515
0 0.739335 0.258317 0.007726 0.004515
0 0.793416 0.258317 0.007726 0.004515
0 0.833725 0.260456 0.007726 0.004515
0 0.874034 0.260456 0.007726 0.004515
0 0.914679 0.260456 0.007726 0.004515
0 0.121935 0.439401 0.007726 0.004515
0 0.192140 0.437262 0.007726 0.004515
0 0.275445 0.437262 0.007726 0.004515
0 0.369164 0.437262 0.007726 0.004515
0 0.416863 0.439401 0.007726 0.004515
0 0.465233 0.437262 0.007726 0.004515
0 0.513268 0.435124 0.007726 0.004515
0 0.561303 0.432985 0.007726 0.004515
0 0.619416 0.432985 0.007726 0.004515
0 0.664427 0.430608 0.007726 0.004515
0 0.709439 0.426331 0.007726 0.004515
0 0.754451 0.428470 0.007726 0.004515
0 0.815922 0.437262 0.007726 0.004515
0 0.885455 0.441778 0.007726 0.004515
0 0.109170 0.622386 0.007726 0.004515
0 0.226402 0.606939 0.007726 0.004515
0 0.282499 0.609316 0.007726 0.004515
0 0.395700 0.611454 0.007726 0.004515
0 0.444071 0.613593 0.007726 0.004515
0 0.490427 0.615732 0.007726 0.004515
0 0.536782 0.617871 0.007726 0.004515
0 0.583137 0.615732 0.007726 0.004515
0 0.645952 0.617871 0.007726 0.004515
0 0.718509 0.620247 0.007726 0.004515
0 0.803493 0.622386 0.007726 0.004515
0 0.879073 0.611454 0.007726 0.004515
0 0.111186 0.789686 0.007726 0.004515
0 0.158885 0.791825 0.007726 0.004515
0 0.221364 0.793964 0.007726 0.004515
0 0.277125 0.787548 0.007726 0.004515
0 0.345314 0.789686 0.007726 0.004515
0 0.400067 0.800618 0.007726 0.004515
0 0.400067 0.785171 0.007726 0.004515
0 0.467585 0.798479 0.007726 0.004515
0 0.467585 0.783032 0.007726 0.004515
