0 0.459523 0.874525 0.009405 0.005466
0 0.493786 0.869297 0.009405 0.005466
0 0.493786 0.861454 0.009405 0.005466
0 0.530736 0.869297 0.009405 0.005466
0 0.530736 0.861454 0.009405 0.005466
0 0.565334 0.869297 0.009405 0.005466
0 0.565334 0.861454 0.009405 0.005466
0 0.603292 0.871911 0.009405 0.005466
0 0.603292 0.866683 0.009405 0.005466
0 0.637555 0.869297 0.009405 0.005466
0 0.637555 0.864068 0.009405 0.005466
0 0.671817 0.866683 0.009405 0.005466
0 0.671817 0.861454 0.009405 0.005466
0 0.143433 0.201996 0.009405 0.005466
0 0.190124 0.201996 0.009405 0.005466
0 0.248908 0.201996 0.009405 0.005466
0 0.295600 0.201996 0.009405 0.005466
0 0.342627 0.201996 0.009405 0.005466
0 0.389654 0.201996 0.009405 0.005466
0 0.436345 0.201996 0.009405 0.005466
0 0.483373 0.201996 0.009405 0.005466
0 0.552234 0.212452 0.009405 0.005466
0 0.605307 0.212452 0.009405 0.005466
0 0.671481 0.212452 0.009405 0.005466
0 0.724219 0.212452 0.009405 0.005466
0 0.777293 0.209838 0.009405 0.005466
0 0.830030 0.209838 0.009405 0.005466
0 0.882768 0.228137 0.009405 0.005466
0 0.882768 0.209838 0.009405 0.005466
0 0.128989 0.464116 0.009405 0.005466
0 0.183070 0.464116 0.009405 0.005466
0 0.237487 0.471958 0.009405 0.005466
0 0.291569 0.471958 0.009405 0.005466
0 0.345986 0.469344 0.009405 0.005466
0 0.400067 0.469344 0.009405 0.005466
0 0.454484 0.477424 0.009405 0.005466
0 0.508902 0.477424 0.009405 0.005466
0 0.582801 0.474810 0.009405 0.005466
0 0.628149 0.480038 0.009405 0.005466
0 0.684582 0.471958 0.009405 0.005466
0 0.729594 0.471958 0.009405 0.005466
0 0.774941 0.482652 0.009405 0.005466
0 0.819953 0.482652 0.009405 0.005466
0 0.865301 0.482652 0.009405 0.005466
0 0.910312 0.482652 0.009405 0.005466
0 0.128989 0.687738 0.009405 0.005466
0 0.163923 0.687738 0.009405 0.005466
0 0.199194 0.687738 0.009405 0.005466
0 0.234128 0.687738 0.009405 0.005466
0 0.269063 0.687738 0.009405 0.005466
0 0.304333 0.687738 0.009405 0.005466
0 0.339268 0.687738 0.009405 0.005466
0 0.419886 0.679658 0.009405 0.005466
0 0.455492 0.684886 0.009405 0.005466
0 0.492778 0.677044 0.009405 0.005466
0 0.522338 0.695580 0.009405 0.005466
0 0.552234 0.687738 0.009405 0.005466
0 0.581794 0.687738 0.009405 0.005466
0 0.611354 0.687738 0.009405 0.005466
0 0.641250 0.687738 0.009405 0.005466
0 0.689285 0.687738 0.009405 0.005466
0 0.724219 0.687738 0.009405 0.005466
0 0.759154 0.687738 0.009405 0.005466
0 0.794424 0.687738 0.009405 0.005466
0 0.829358 0.687738 0.009405 0.005466
0 0.864629 0.687738 0.009405 0.005466
0 0.899563 0.687738 0.009405 0.005466
0 0.143433 0.882367 0.009405 0.005466
0 0.181055 0.887595 0.009405 0.005466
0 0.221364 0.879753 0.009405 0.005466
0 0.253611 0.879753 0.009405 0.005466
0 0.289553 0.890209 0.009405 0.005466
0 0.289553 0.871911 0.009405 0.005466
0 0.329862 0.871911 0.009405 0.005466
0 0.329862 0.866683 0.009405 0.005466
0 0.370171 0.871911 0.009405 0.005466
0 0.370171 0.866683 0.009405 0.005466
0 0.410480 0.871911 0.009405 0.005466
0 0.410480 0.866683 0.009405 0.005466
0 0.459523 0.874525 0.009405 0.005466
0 0.751764 0.882367 0.009405 0.005466
0 0.751764 0.877139 0.009405 0.005466
0 0.751764 0.869297 0.009405 0.005466
0 0.821968 0.879753 0.009405 0.005466
0 0.821968 0.871911 0.009405 0.005466
0 0.821968 0.866683 0.009405 0.005466
0 0.848505 0.879753 0.009405 0.005466
0 0.848505 0.869297 0.009405 0.005466
0 0.875378 0.890209 0.009405 0.005466
0 0.875378 0.871911 0.009405 0.005466
0 0.751764 0.834125 0.009405 0.005466
0 0.143433 0.162785 0.009405 0.005466
0 0.143433 0.157557 0.009405 0.005466
0 0.190124 0.162785 0.009405 0.005466
0 0.190124 0.157557 0.009405 0.005466
0 0.248908 0.160171 0.009405 0.005466
0 0.248908 0.152329 0.009405 0.005466
0 0.295600 0.160171 0.009405 0.005466
0 0.295600 0.154943 0.009405 0.005466
0 0.342627 0.162785 0.009405 0.005466
0 0.342627 0.157557 0.009405 0.005466
0 0.389654 0.162785 0.009405 0.005466
0 0.389654 0.157557 0.009405 0.005466
0 0.436345 0.162785 0.009405 0.005466
0 0.436345 0.157557 0.009405 0.005466
0 0.483373 0.162785 0.009405 0.005466
0 0.483373 0.157557 0.009405 0.005466
0 0.552234 0.168013 0.009405 0.005466
0 0.552234 0.154943 0.009405 0.005466
0 0.605307 0.168013 0.009405 0.005466
0 0.605307 0.154943 0.009405 0.005466
0 0.671481 0.165399 0.009405 0.005466
0 0.671481 0.154943 0.009405 0.005466
0 0.671481 0.147101 0.009405 0.005466
0 0.724219 0.165399 0.009405 0.005466
0 0.724219 0.154943 0.009405 0.005466
0 0.724219 0.149715 0.009405 0.005466
0 0.777293 0.157557 0.009405 0.005466
0 0.777293 0.152329 0.009405 0.005466
0 0.830030 0.157557 0.009405 0.005466
0 0.830030 0.152329 0.009405 0.005466
0 0.830030 0.147101 0.009405 0.005466
0 0.882768 0.157557 0.009405 0.005466
0 0.882768 0.152329 0.009405 0.005466
0 0.882768 0.139021 0.009405 0.005466
0 0.128989 0.428232 0.009405 0.005466
0 0.128989 0.420152 0.009405 0.005466
0 0.128989 0.414924 0.009405 0.005466
0 0.183070 0.428232 0.009405 0.005466
0 0.183070 0.420152 0.009405 0.005466
0 0.183070 0.414924 0.009405 0.005466
0 0.237487 0.433460 0.009405 0.005466
0 0.237487 0.423004 0.009405 0.005466
0 0.237487 0.417538 0.009405 0.005466
0 0.291569 0.433460 0.009405 0.005466
0 0.291569 0.423004 0.009405 0.005466
0 0.291569 0.417538 0.009405 0.005466
0 0.345986 0.433460 0.009405 0.005466
0 0.345986 0.420152 0.009405 0.005466
0 0.400067 0.433460 0.009405 0.005466
0 0.400067 0.420152 0.009405 0.005466
0 0.454484 0.438688 0.009405 0.005466
0 0.454484 0.428232 0.009405 0.005466
0 0.454484 0.423004 0.009405 0.005466
0 0.508902 0.438688 0.009405 0.005466
0 0.508902 0.428232 0.009405 0.005466
0 0.508902 0.423004 0.009405 0.005466
0 0.582801 0.438688 0.009405 0.005466
0 0.582801 0.425618 0.009405 0.005466
0 0.628149 0.430846 0.009405 0.005466
0 0.628149 0.417538 0.009405 0.005466
0 0.684582 0.433460 0.009405 0.005466
0 0.684582 0.420152 0.009405 0.005466
0 0.729594 0.436074 0.009405 0.005466
0 0.729594 0.423004 0.009405 0.005466
0 0.774941 0.433460 0.009405 0.005466
0 0.774941 0.420152 0.009405 0.005466
0 0.819953 0.433460 0.009405 0.005466
0 0.819953 0.428232 0.009405 0.005466
0 0.865301 0.433460 0.009405 0.005466
0 0.865301 0.428232 0.009405 0.005466
0 0.910312 0.433460 0.009405 0.005466
0 0.910312 0.428232 0.009405 0.005466
0 0.128989 0.637595 0.009405 0.005466
0 0.128989 0.632367 0.009405 0.005466
0 0.163923 0.637595 0.009405 0.005466
0 0.163923 0.632367 0.009405 0.005466
0 0.199194 0.642823 0.009405 0.005466
0 0.199194 0.637595 0.009405 0.005466
0 0.199194 0.629753 0.009405 0.005466
0 0.234128 0.642823 0.009405 0.005466
0 0.234128 0.637595 0.009405 0.005466
0 0.234128 0.629753 0.009405 0.005466
0 0.269063 0.645437 0.009405 0.005466
0 0.269063 0.640209 0.009405 0.005466
0 0.269063 0.627139 0.009405 0.005466
0 0.304333 0.640209 0.009405 0.005466
0 0.304333 0.634981 0.009405 0.005466
0 0.304333 0.627139 0.009405 0.005466
0 0.339268 0.640209 0.009405 0.005466
0 0.339268 0.634981 0.009405 0.005466
0 0.339268 0.629753 0.009405 0.005466
0 0.419886 0.642823 0.009405 0.005466
0 0.419886 0.632367 0.009405 0.005466
0 0.455492 0.637595 0.009405 0.005466
0 0.455492 0.632367 0.009405 0.005466
0 0.492778 0.640209 0.009405 0.005466
0 0.492778 0.634981 0.009405 0.005466
0 0.522338 0.642823 0.009405 0.005466
0 0.522338 0.637595 0.009405 0.005466
0 0.522338 0.629753 0.009405 0.005466
0 0.552234 0.640209 0.009405 0.005466
0 0.552234 0.627139 0.009405 0.005466
0 0.581794 0.640209 0.009405 0.005466
0 0.581794 0.634981 0.009405 0.005466
0 0.611354 0.640209 0.009405 0.005466
0 0.611354 0.634981 0.009405 0.005466
0 0.641250 0.640209 0.009405 0.005466
0 0.641250 0.634981 0.009405 0.005466
0 0.689285 0.637595 0.009405 0.005466
0 0.689285 0.632367 0.009405 0.005466
0 0.724219 0.637595 0.009405 0.005466
0 0.724219 0.632367 0.009405 0.005466
0 0.759154 0.642823 0.009405 0.005466
0 0.759154 0.637595 0.009405 0.005466
0 0.759154 0.629753 0.009405 0.005466
0 0.794424 0.642823 0.009405 0.005466
0 0.794424 0.637595 0.009405 0.005466
0 0.794424 0.629753 0.009405 0.005466
0 0.829358 0.645437 0.009405 0.005466
0 0.829358 0.640209 0.009405 0.005466
0 0.829358 0.627139 0.009405 0.005466
0 0.864629 0.640209 0.009405 0.005466
0 0.864629 0.634981 0.009405 0.005466
0 0.864629 0.627139 0.009405 0.005466
0 0.899563 0.640209 0.009405 0.005466
0 0.899563 0.634981 0.009405 0.005466
0 0.899563 0.629753 0.009405 0.005466
0 0.143433 0.844582 0.009405 0.005466
0 0.143433 0.834125 0.009405 0.005466
0 0.181055 0.839354 0.009405 0.005466
0 0.181055 0.834125 0.009405 0.005466
0 0.221364 0.841968 0.009405 0.005466
0 0.221364 0.836740 0.009405 0.005466
0 0.253611 0.844582 0.009405 0.005466
0 0.253611 0.839354 0.009405 0.005466
0 0.262345 0.836740 0.009405 0.005466
0 0.253611 0.831511 0.009405 0.005466
0 0.289553 0.828897 0.009405 0.005466
0 0.273766 0.826283 0.006718 0.003802
0 0.309708 0.831511 0.009405 0.005466
0 0.329862 0.828897 0.009405 0.005466
0 0.350017 0.826046 0.009405 0.005466
0 0.370171 0.823432 0.009405 0.005466
0 0.390326 0.820817 0.009405 0.005466
0 0.410480 0.818203 0.009405 0.005466
0 0.430635 0.815589 0.009405 0.005466
0 0.459523 0.815589 0.009405 0.005466
0 0.476654 0.818203 0.009405 0.005466
0 0.493786 0.818203 0.009405 0.005466
0 0.513604 0.820817 0.009405 0.005466
0 0.530736 0.820817 0.009405 0.005466
0 0.547867 0.818203 0.009405 0.005466
0 0.565334 0.818203 0.009405 0.005466
0 0.586161 0.820817 0.009405 0.005466
0 0.603292 0.820817 0.009405 0.005466
0 0.620423 0.823432 0.009405 0.005466
0 0.637555 0.823432 0.009405 0.005466
0 0.654686 0.826046 0.009405 0.005466
0 0.671817 0.826046 0.009405 0.005466
0 0.688949 0.828897 0.009405 0.005466
0 0.706080 0.831511 0.009405 0.005466
0 0.723211 0.828897 0.009405 0.005466
0 0.751764 0.823432 0.009405 0.005466
0 0.768559 0.826046 0.009405 0.005466
0 0.788378 0.828897 0.009405 0.005466
0 0.805173 0.826046 0.009405 0.005466
0 0.821968 0.836740 0.009405 0.005466
0 0.848505 0.820817 0.009405 0.005466
0 0.848505 0.812975 0.009405 0.005466
0 0.875378 0.823432 0.009405 0.005466
0 0.875378 0.810361 0.009405 0.005466
0 0.143433 0.075570 0.009405 0.005466
0 0.127645 0.072956 0.006718 0.003802
0 0.190124 0.078184 0.009405 0.005466
0 0.219684 0.080798 0.009405 0.005466
0 0.248908 0.083413 0.009405 0.005466
0 0.295600 0.086027 0.009405 0.005466
0 0.342627 0.088641 0.009405 0.005466
0 0.389654 0.080798 0.009405 0.005466
0 0.552234 0.086027 0.009405 0.005466
0 0.605307 0.083413 0.009405 0.005466
0 0.638226 0.080798 0.009405 0.005466
0 0.671481 0.078184 0.009405 0.005466
0 0.724219 0.080798 0.009405 0.005466
0 0.777293 0.083413 0.009405 0.005466
0 0.830030 0.078184 0.009405 0.005466
0 0.882768 0.070342 0.009405 0.005466
0 0.128989 0.344819 0.009405 0.005466
0 0.156198 0.347433 0.009405 0.005466
0 0.183070 0.344819 0.009405 0.005466
0 0.210279 0.347433 0.009405 0.005466
0 0.237487 0.347433 0.009405 0.005466
0 0.264696 0.350048 0.009405 0.005466
0 0.291569 0.347433 0.009405 0.005466
0 0.318777 0.350048 0.009405 0.005466
0 0.345986 0.350048 0.009405 0.005466
0 0.373194 0.352662 0.009405 0.005466
0 0.400067 0.350048 0.009405 0.005466
0 0.427276 0.352662 0.009405 0.005466
0 0.454484 0.352662 0.009405 0.005466
0 0.481693 0.355276 0.009405 0.005466
0 0.508902 0.352662 0.009405 0.005466
0 0.535774 0.355276 0.009405 0.005466
0 0.582801 0.357890 0.009405 0.005466
0 0.628149 0.347433 0.009405 0.005466
0 0.656365 0.350048 0.009405 0.005466
0 0.684582 0.352662 0.009405 0.005466
0 0.729594 0.355276 0.009405 0.005466
0 0.774941 0.352662 0.009405 0.005466
0 0.128989 0.560124 0.009405 0.005466
0 0.163923 0.567966 0.009405 0.005466
0 0.199194 0.565352 0.009405 0.005466
0 0.234128 0.570580 0.009405 0.005466
0 0.269063 0.562738 0.009405 0.005466
0 0.304333 0.557510 0.009405 0.005466
0 0.339268 0.552281 0.009405 0.005466
0 0.419886 0.554895 0.009405 0.005466
0 0.404098 0.552281 0.006718 0.003802
0 0.455492 0.557510 0.009405 0.005466
0 0.474303 0.560124 0.009405 0.005466
0 0.492778 0.562738 0.009405 0.005466
0 0.522338 0.565352 0.009405 0.005466
0 0.552234 0.562738 0.009405 0.005466
0 0.641250 0.562738 0.009405 0.005466
0 0.689285 0.560124 0.009405 0.005466
0 0.724219 0.567966 0.009405 0.005466
0 0.759154 0.565352 0.009405 0.005466
0 0.794424 0.570580 0.009405 0.005466
0 0.829358 0.562738 0.009405 0.005466
0 0.864629 0.557510 0.009405 0.005466
0 0.899563 0.552281 0.009405 0.005466
0 0.143433 0.759743 0.009405 0.005466
0 0.127645 0.757367 0.006718 0.003802
0 0.181055 0.762357 0.009405 0.005466
0 0.201209 0.765209 0.009405 0.005466
0 0.221364 0.767823 0.009405 0.005466
0 0.253611 0.770437 0.009405 0.005466
0 0.289553 0.767823 0.009405 0.005466
0 0.127645 0.291825 0.006718 0.003802
0 0.181727 0.293726 0.006718 0.003802
0 0.236144 0.293726 0.006718 0.003802
0 0.263352 0.295627 0.006718 0.003802
0 0.290225 0.295627 0.006718 0.003802
0 0.344642 0.295627 0.006718 0.003802
0 0.398724 0.297291 0.006718 0.003802
0 0.453141 0.297291 0.006718 0.003802
0 0.507558 0.299192 0.006718 0.003802
