0 0.439368 0.677994 0.008398 0.004753
0 0.571381 0.687262 0.008398 0.004753
0 0.780316 0.687262 0.008398 0.004753
0 0.120927 0.900428 0.008398 0.004753
0 0.295936 0.904943 0.008398 0.004753
0 0.445751 0.904943 0.008398 0.004753
0 0.623446 0.904943 0.008398 0.004753
0 0.779644 0.904943 0.008398 0.004753
0 0.131004 0.213403 0.008398 0.004753
0 0.131004 0.201759 0.008398 0.004753
0 0.131004 0.192728 0.008398 0.004753
0 0.221364 0.190352 0.008398 0.004753
0 0.261673 0.187975 0.008398 0.004753
0 0.326839 0.224810 0.008398 0.004753
0 0.326839 0.217918 0.008398 0.004753
0 0.326839 0.213403 0.008398 0.004753
0 0.423581 0.224810 0.008398 0.004753
0 0.423581 0.217918 0.008398 0.004753
0 0.423581 0.213403 0.008398 0.004753
0 0.534767 0.224810 0.008398 0.004753
0 0.534767 0.217918 0.008398 0.004753
0 0.534767 0.213403 0.008398 0.004753
0 0.636883 0.224810 0.008398 0.004753
0 0.644609 0.222433 0.008398 0.004753
0 0.636883 0.217918 0.008398 0.004753
0 0.636883 0.213403 0.008398 0.004753
0 0.768895 0.224810 0.008398 0.004753
0 0.776621 0.222433 0.008398 0.004753
0 0.768895 0.217918 0.008398 0.004753
0 0.768895 0.213403 0.008398 0.004753
0 0.820625 0.229325 0.008398 0.004753
0 0.861942 0.213403 0.008398 0.004753
0 0.861942 0.208650 0.008398 0.004753
0 0.887807 0.222433 0.008398 0.004753
0 0.913671 0.222433 0.008398 0.004753
0 0.128989 0.444867 0.008398 0.004753
0 0.136715 0.442728 0.008398 0.004753
0 0.136715 0.437975 0.008398 0.004753
0 0.160900 0.458650 0.008398 0.004753
0 0.199194 0.458650 0.008398 0.004753
0 0.258986 0.433460 0.008398 0.004753
0 0.266711 0.431084 0.008398 0.004753
0 0.282499 0.433460 0.008398 0.004753
0 0.290225 0.431084 0.008398 0.004753
0 0.305677 0.433460 0.008398 0.004753
0 0.313403 0.431084 0.008398 0.004753
0 0.342963 0.433460 0.008398 0.004753
0 0.350689 0.431084 0.008398 0.004753
0 0.366140 0.433460 0.008398 0.004753
0 0.373866 0.431084 0.008398 0.004753
0 0.389318 0.433460 0.008398 0.004753
0 0.397044 0.431084 0.008398 0.004753
0 0.454484 0.435837 0.008398 0.004753
0 0.454484 0.431084 0.008398 0.004753
0 0.474639 0.435837 0.008398 0.004753
0 0.474639 0.431084 0.008398 0.004753
0 0.494793 0.435837 0.008398 0.004753
0 0.494793 0.431084 0.008398 0.004753
0 0.527377 0.435837 0.008398 0.004753
0 0.527377 0.431084 0.008398 0.004753
0 0.547531 0.435837 0.008398 0.004753
0 0.547531 0.431084 0.008398 0.004753
0 0.567686 0.435837 0.008398 0.004753
0 0.567686 0.431084 0.008398 0.004753
0 0.626134 0.463403 0.008398 0.004753
0 0.626134 0.454135 0.008398 0.004753
0 0.644945 0.463403 0.008398 0.004753
0 0.644945 0.454135 0.008398 0.004753
0 0.663420 0.463403 0.008398 0.004753
0 0.663420 0.454135 0.008398 0.004753
0 0.693315 0.463403 0.008398 0.004753
0 0.693315 0.454135 0.008398 0.004753
0 0.711790 0.463403 0.008398 0.004753
0 0.711790 0.454135 0.008398 0.004753
0 0.730601 0.463403 0.008398 0.004753
0 0.730601 0.454135 0.008398 0.004753
0 0.789049 0.461027 0.008398 0.004753
0 0.796775 0.458650 0.008398 0.004753
0 0.789049 0.454135 0.008398 0.004753
0 0.812899 0.461027 0.008398 0.004753
0 0.820625 0.458650 0.008398 0.004753
0 0.812899 0.454135 0.008398 0.004753
0 0.837084 0.461027 0.008398 0.004753
0 0.844810 0.458650 0.008398 0.004753
0 0.837084 0.454135 0.008398 0.004753
0 0.875378 0.461027 0.008398 0.004753
0 0.875378 0.456511 0.008398 0.004753
0 0.913671 0.461027 0.008398 0.004753
0 0.913671 0.456511 0.008398 0.004753
0 0.118912 0.661835 0.008398 0.004753
0 0.140746 0.666587 0.008398 0.004753
0 0.162580 0.668726 0.008398 0.004753
0 0.184414 0.671103 0.008398 0.004753
0 0.206248 0.666587 0.008398 0.004753
0 0.228082 0.671103 0.008398 0.004753
0 0.249580 0.675618 0.008398 0.004753
0 0.271414 0.677994 0.008398 0.004753
0 0.305677 0.680371 0.008398 0.004753
0 0.305677 0.671103 0.008398 0.004753
0 0.387639 0.680371 0.008398 0.004753
0 0.387639 0.671103 0.008398 0.004753
0 0.439368 0.671103 0.008398 0.004753
0 0.495129 0.673479 0.008398 0.004753
0 0.560967 0.687262 0.008398 0.004753
0 0.592879 0.675618 0.008398 0.004753
0 0.621095 0.675618 0.008398 0.004753
0 0.666779 0.675618 0.008398 0.004753
0 0.695331 0.675618 0.008398 0.004753
0 0.723547 0.675618 0.008398 0.004753
0 0.780316 0.675618 0.008398 0.004753
0 0.804837 0.677994 0.008398 0.004753
0 0.829023 0.677994 0.008398 0.004753
0 0.867652 0.677994 0.008398 0.004753
0 0.892173 0.680371 0.008398 0.004753
0 0.916359 0.680371 0.008398 0.004753
0 0.120927 0.893536 0.008398 0.004753
0 0.143769 0.893536 0.008398 0.004753
0 0.166947 0.893536 0.008398 0.004753
0 0.203561 0.893536 0.008398 0.004753
0 0.226402 0.895913 0.008398 0.004753
0 0.249580 0.895913 0.008398 0.004753
0 0.295936 0.895913 0.008398 0.004753
0 0.316762 0.895913 0.008398 0.004753
0 0.337252 0.895913 0.008398 0.004753
0 0.445751 0.895913 0.008398 0.004753
0 0.470608 0.895913 0.008398 0.004753
0 0.495129 0.895913 0.008398 0.004753
0 0.623446 0.895913 0.008398 0.004753
0 0.644609 0.895913 0.008398 0.004753
0 0.665771 0.895913 0.008398 0.004753
0 0.779644 0.895913 0.008398 0.004753
0 0.805173 0.895913 0.008398 0.004753
0 0.831038 0.895913 0.008398 0.004753
0 0.560967 0.634030 0.008398 0.004753
0 0.666779 0.634030 0.008398 0.004753
0 0.780316 0.634030 0.008398 0.004753
0 0.867652 0.634030 0.008398 0.004753
0 0.872355 0.854563 0.008398 0.004753
0 0.872355 0.847671 0.008398 0.004753
0 0.131004 0.160646 0.008398 0.004753
0 0.131004 0.144487 0.008398 0.004753
0 0.156198 0.153755 0.008398 0.004753
0 0.181055 0.153755 0.008398 0.004753
0 0.221364 0.158270 0.008398 0.004753
0 0.221364 0.142110 0.008398 0.004753
0 0.261673 0.155894 0.008398 0.004753
0 0.261673 0.139971 0.008398 0.004753
0 0.326839 0.153755 0.008398 0.004753
0 0.326839 0.137595 0.008398 0.004753
0 0.353712 0.149002 0.008398 0.004753
0 0.380584 0.149002 0.008398 0.004753
0 0.423581 0.153755 0.008398 0.004753
0 0.423581 0.137595 0.008398 0.004753
0 0.450453 0.146863 0.008398 0.004753
0 0.477326 0.146863 0.008398 0.004753
0 0.534767 0.153755 0.008398 0.004753
0 0.534767 0.137595 0.008398 0.004753
0 0.563319 0.149002 0.008398 0.004753
0 0.591535 0.149002 0.008398 0.004753
0 0.636883 0.146863 0.008398 0.004753
0 0.636883 0.130703 0.008398 0.004753
0 0.665099 0.137595 0.008398 0.004753
0 0.693651 0.137595 0.008398 0.004753
0 0.768895 0.146863 0.008398 0.004753
0 0.768895 0.130703 0.008398 0.004753
0 0.794760 0.137595 0.008398 0.004753
0 0.820625 0.137595 0.008398 0.004753
0 0.861942 0.137595 0.008398 0.004753
0 0.861942 0.130703 0.008398 0.004753
0 0.861942 0.121435 0.008398 0.004753
0 0.136715 0.379040 0.008398 0.004753
0 0.136715 0.372148 0.008398 0.004753
0 0.136715 0.363118 0.008398 0.004753
0 0.266711 0.399715 0.008398 0.004753
0 0.266711 0.388308 0.008398 0.004753
0 0.290225 0.399715 0.008398 0.004753
0 0.290225 0.388308 0.008398 0.004753
0 0.313403 0.399715 0.008398 0.004753
0 0.313403 0.388308 0.008398 0.004753
0 0.350689 0.399715 0.008398 0.004753
0 0.350689 0.388308 0.008398 0.004753
0 0.373866 0.399715 0.008398 0.004753
0 0.373866 0.388308 0.008398 0.004753
0 0.397044 0.399715 0.008398 0.004753
0 0.397044 0.388308 0.008398 0.004753
0 0.454484 0.397576 0.008398 0.004753
0 0.454484 0.388308 0.008398 0.004753
0 0.474639 0.397576 0.008398 0.004753
0 0.474639 0.388308 0.008398 0.004753
0 0.494793 0.397576 0.008398 0.004753
0 0.494793 0.388308 0.008398 0.004753
0 0.527377 0.397576 0.008398 0.004753
0 0.527377 0.388308 0.008398 0.004753
0 0.547531 0.397576 0.008398 0.004753
0 0.547531 0.388308 0.008398 0.004753
0 0.567686 0.397576 0.008398 0.004753
0 0.567686 0.388308 0.008398 0.004753
0 0.626134 0.397576 0.008398 0.004753
0 0.626134 0.388308 0.008398 0.004753
0 0.644945 0.397576 0.008398 0.004753
0 0.644945 0.388308 0.008398 0.004753
0 0.663420 0.397576 0.008398 0.004753
0 0.663420 0.388308 0.008398 0.004753
0 0.693315 0.397576 0.008398 0.004753
0 0.693315 0.388308 0.008398 0.004753
0 0.711790 0.397576 0.008398 0.004753
0 0.711790 0.388308 0.008398 0.004753
0 0.730601 0.397576 0.008398 0.004753
0 0.730601 0.388308 0.008398 0.004753
0 0.789049 0.395200 0.008398 0.004753
0 0.789049 0.383793 0.008398 0.004753
0 0.812899 0.395200 0.008398 0.004753
0 0.812899 0.383793 0.008398 0.004753
0 0.837084 0.395200 0.008398 0.004753
0 0.837084 0.383793 0.008398 0.004753
0 0.875378 0.397576 0.008398 0.004753
0 0.875378 0.385932 0.008398 0.004753
0 0.913671 0.397576 0.008398 0.004753
0 0.913671 0.383793 0.008398 0.004753
0 0.118912 0.622386 0.008398 0.004753
0 0.118912 0.617871 0.008398 0.004753
0 0.118912 0.613356 0.008398 0.004753
0 0.305677 0.634030 0.008398 0.004753
0 0.305677 0.622386 0.008398 0.004753
0 0.387639 0.634030 0.008398 0.004753
0 0.387639 0.622386 0.008398 0.004753
0 0.439368 0.636169 0.008398 0.004753
0 0.439368 0.631654 0.008398 0.004753
0 0.447094 0.629278 0.008398 0.004753
0 0.560967 0.627139 0.008398 0.004753
0 0.621095 0.624762 0.008398 0.004753
0 0.666779 0.622386 0.008398 0.004753
0 0.723547 0.620247 0.008398 0.004753
0 0.780316 0.617871 0.008398 0.004753
0 0.829023 0.622386 0.008398 0.004753
0 0.867652 0.617871 0.008398 0.004753
0 0.916359 0.622386 0.008398 0.004753
0 0.120927 0.863593 0.008398 0.004753
0 0.120927 0.852186 0.008398 0.004753
0 0.120927 0.847671 0.008398 0.004753
0 0.203561 0.863593 0.008398 0.004753
0 0.203561 0.854563 0.008398 0.004753
0 0.203561 0.847671 0.008398 0.004753
0 0.295936 0.863593 0.008398 0.004753
0 0.295936 0.852186 0.008398 0.004753
0 0.295936 0.847671 0.008398 0.004753
0 0.370171 0.856702 0.008398 0.004753
0 0.370171 0.847671 0.008398 0.004753
0 0.370171 0.842918 0.008398 0.004753
0 0.403090 0.854563 0.008398 0.004753
0 0.403090 0.847671 0.008398 0.004753
0 0.403090 0.842918 0.008398 0.004753
0 0.445751 0.852186 0.008398 0.004753
0 0.445751 0.847671 0.008398 0.004753
0 0.445751 0.842918 0.008398 0.004753
0 0.495129 0.845295 0.008398 0.004753
0 0.534431 0.842918 0.008398 0.004753
0 0.574068 0.840779 0.008398 0.004753
0 0.623446 0.849810 0.008398 0.004753
0 0.623446 0.842918 0.008398 0.004753
0 0.623446 0.838403 0.008398 0.004753
0 0.699362 0.849810 0.008398 0.004753
0 0.699362 0.842918 0.008398 0.004753
0 0.699362 0.838403 0.008398 0.004753
0 0.779644 0.854563 0.008398 0.004753
0 0.779644 0.847671 0.008398 0.004753
0 0.779644 0.838403 0.008398 0.004753
0 0.872355 0.838403 0.008398 0.004753
0 0.913671 0.840779 0.008398 0.004753
0 0.454484 0.289211 0.008398 0.004753
0 0.494793 0.291587 0.008398 0.004753
0 0.560967 0.534458 0.008398 0.004753
0 0.621095 0.532319 0.008398 0.004753
0 0.120927 0.765209 0.008398 0.004753
0 0.166947 0.763070 0.008398 0.004753
0 0.445751 0.760694 0.008398 0.004753
0 0.495129 0.758317 0.008398 0.004753
0 0.779644 0.760694 0.008398 0.004753
0 0.831038 0.758317 0.008398 0.004753
0 0.131004 0.084125 0.008398 0.004753
0 0.221364 0.081749 0.008398 0.004753
0 0.261673 0.079373 0.008398 0.004753
0 0.326839 0.077234 0.008398 0.004753
0 0.423581 0.077234 0.008398 0.004753
0 0.477326 0.077234 0.008398 0.004753
0 0.534767 0.077234 0.008398 0.004753
0 0.636883 0.070342 0.008398 0.004753
0 0.693651 0.070342 0.008398 0.004753
0 0.768895 0.070342 0.008398 0.004753
0 0.136715 0.284458 0.008398 0.004753
0 0.266711 0.284696 0.008398 0.004753
0 0.313403 0.286835 0.008398 0.004753
0 0.350689 0.289211 0.008398 0.004753
0 0.397044 0.291587 0.008398 0.004753
0 0.454484 0.289211 0.008398 0.004753
0 0.494793 0.291587 0.008398 0.004753
0 0.527377 0.293726 0.008398 0.004753
0 0.567686 0.289211 0.008398 0.004753
0 0.626134 0.284696 0.008398 0.004753
0 0.693315 0.282319 0.008398 0.004753
0 0.730601 0.284696 0.008398 0.004753
0 0.789049 0.279943 0.008398 0.004753
0 0.875378 0.282319 0.008398 0.004753
0 0.913671 0.279943 0.008398 0.004753
0 0.118912 0.520675 0.008398 0.004753
0 0.560967 0.534458 0.008398 0.004753
0 0.621095 0.532319 0.008398 0.004753
0 0.666779 0.529943 0.008398 0.004753
0 0.723547 0.527567 0.008398 0.004753
0 0.780316 0.525428 0.008398 0.004753
0 0.829023 0.529943 0.008398 0.004753
0 0.867652 0.525428 0.008398 0.004753
0 0.916359 0.529943 0.008398 0.004753
0 0.120927 0.765209 0.008398 0.004753
0 0.166947 0.763070 0.008398 0.004753
0 0.203561 0.760694 0.008398 0.004753
0 0.249580 0.758317 0.008398 0.004753
0 0.295936 0.756179 0.008398 0.004753
0 0.337252 0.760694 0.008398 0.004753
0 0.370171 0.756179 0.008398 0.004753
0 0.445751 0.760694 0.008398 0.004753
0 0.495129 0.758317 0.008398 0.004753
0 0.534431 0.756179 0.008398 0.004753
0 0.574068 0.753802 0.008398 0.004753
0 0.623446 0.751426 0.008398 0.004753
0 0.665771 0.756179 0.008398 0.004753
0 0.699362 0.751426 0.008398 0.004753
0 0.733289 0.756179 0.008398 0.004753
0 0.779644 0.760694 0.008398 0.004753
0 0.831038 0.758317 0.008398 0.004753
0 0.872355 0.756179 0.008398 0.004753
0 0.913671 0.753802 0.008398 0.004753
