0 0.101444 0.227186 0.008398 0.004990
0 0.165267 0.217681 0.008398 0.004990
0 0.189788 0.201283 0.008398 0.004990
0 0.229090 0.217681 0.008398 0.004990
0 0.282499 0.227186 0.008398 0.004990
0 0.336245 0.210551 0.008398 0.004990
0 0.356735 0.194154 0.008398 0.004990
0 0.396708 0.210551 0.008398 0.004990
0 0.455156 0.220057 0.008398 0.004990
0 0.506550 0.210551 0.008398 0.004990
0 0.526033 0.194154 0.008398 0.004990
0 0.557944 0.210551 0.008398 0.004990
0 0.619416 0.220057 0.008398 0.004990
0 0.682902 0.208175 0.008398 0.004990
0 0.702721 0.191778 0.008398 0.004990
0 0.731273 0.208175 0.008398 0.004990
0 0.791401 0.217681 0.008398 0.004990
0 0.845482 0.208175 0.008398 0.004990
0 0.866308 0.191778 0.008398 0.004990
0 0.899563 0.208175 0.008398 0.004990
0 0.101444 0.443441 0.008398 0.004990
0 0.159893 0.431797 0.008398 0.004990
0 0.178032 0.415162 0.008398 0.004990
0 0.204568 0.431797 0.008398 0.004990
0 0.249916 0.441065 0.008398 0.004990
0 0.322808 0.424667 0.008398 0.004990
0 0.340947 0.422291 0.008398 0.004990
0 0.359086 0.419914 0.008398 0.004990
0 0.377561 0.417538 0.008398 0.004990
0 0.409473 0.415162 0.008398 0.004990
0 0.562311 0.452947 0.008398 0.004990
0 0.630836 0.443441 0.008398 0.004990
0 0.659053 0.427044 0.008398 0.004990
0 0.699698 0.443441 0.008398 0.004990
0 0.778972 0.452947 0.008398 0.004990
0 0.827679 0.443441 0.008398 0.004990
0 0.852536 0.427044 0.008398 0.004990
0 0.892509 0.443441 0.008398 0.004990
0 0.101444 0.678707 0.008398 0.004990
0 0.161908 0.669202 0.008398 0.004990
0 0.193483 0.652804 0.008398 0.004990
0 0.228754 0.669202 0.008398 0.004990
0 0.299966 0.678707 0.008398 0.004990
0 0.341283 0.662310 0.008398 0.004990
0 0.357071 0.645675 0.008398 0.004990
0 0.382264 0.662310 0.008398 0.004990
0 0.449782 0.671578 0.008398 0.004990
0 0.515284 0.659933 0.008398 0.004990
0 0.540477 0.655181 0.008398 0.004990
0 0.540477 0.650428 0.008398 0.004990
0 0.633860 0.669202 0.008398 0.004990
0 0.680551 0.657557 0.008398 0.004990
0 0.698354 0.652804 0.008398 0.004990
0 0.698354 0.645675 0.008398 0.004990
0 0.782667 0.669202 0.008398 0.004990
0 0.844474 0.652804 0.008398 0.004990
0 0.101444 0.908983 0.008398 0.004990
0 0.101444 0.899477 0.008398 0.004990
0 0.146120 0.892348 0.008398 0.004990
0 0.168962 0.875951 0.008398 0.004990
0 0.253947 0.901854 0.008398 0.004990
0 0.336580 0.873574 0.008398 0.004990
0 0.421565 0.899477 0.008398 0.004990
0 0.502519 0.875951 0.008398 0.004990
0 0.606315 0.899477 0.008398 0.004990
0 0.707088 0.883080 0.008398 0.004990
0 0.817602 0.908983 0.008398 0.004990
0 0.858582 0.899477 0.008398 0.004990
0 0.879745 0.883080 0.008398 0.004990
0 0.913336 0.899477 0.008398 0.004990
0 0.101444 0.154705 0.008398 0.004990
0 0.101444 0.149952 0.008398 0.004990
0 0.140746 0.157082 0.008398 0.004990
0 0.140746 0.152329 0.008398 0.004990
0 0.189788 0.164211 0.008398 0.004990
0 0.189788 0.159458 0.008398 0.004990
0 0.229090 0.159458 0.008398 0.004990
0 0.229090 0.154705 0.008398 0.004990
0 0.282499 0.161835 0.008398 0.004990
0 0.282499 0.157082 0.008398 0.004990
0 0.396708 0.161835 0.008398 0.004990
0 0.396708 0.157082 0.008398 0.004990
0 0.455156 0.157082 0.008398 0.004990
0 0.455156 0.152329 0.008398 0.004990
0 0.486732 0.159458 0.008398 0.004990
0 0.486732 0.154705 0.008398 0.004990
0 0.557944 0.161835 0.008398 0.004990
0 0.557944 0.157082 0.008398 0.004990
0 0.619416 0.157082 0.008398 0.004990
0 0.619416 0.152329 0.008398 0.004990
0 0.663084 0.159458 0.008398 0.004990
0 0.663084 0.154705 0.008398 0.004990
0 0.731273 0.159458 0.008398 0.004990
0 0.731273 0.154705 0.008398 0.004990
0 0.791401 0.154705 0.008398 0.004990
0 0.791401 0.149952 0.008398 0.004990
0 0.824656 0.157082 0.008398 0.004990
0 0.824656 0.152329 0.008398 0.004990
0 0.899563 0.159458 0.008398 0.004990
0 0.899563 0.154705 0.008398 0.004990
0 0.101444 0.383317 0.008398 0.004990
0 0.101444 0.378565 0.008398 0.004990
0 0.141753 0.385694 0.008398 0.004990
0 0.141753 0.380941 0.008398 0.004990
0 0.204568 0.385694 0.008398 0.004990
0 0.204568 0.380941 0.008398 0.004990
0 0.222707 0.376426 0.008398 0.004990
0 0.249916 0.378565 0.008398 0.004990
0 0.268055 0.380941 0.008398 0.004990
0 0.286194 0.383317 0.008398 0.004990
0 0.304669 0.390447 0.008398 0.004990
0 0.322808 0.383317 0.008398 0.004990
0 0.340947 0.380941 0.008398 0.004990
0 0.359086 0.378565 0.008398 0.004990
0 0.377561 0.376426 0.008398 0.004990
0 0.409473 0.374049 0.008398 0.004990
0 0.562311 0.390447 0.008398 0.004990
0 0.562311 0.385694 0.008398 0.004990
0 0.630836 0.390447 0.008398 0.004990
0 0.630836 0.385694 0.008398 0.004990
0 0.659053 0.383317 0.008398 0.004990
0 0.659053 0.378565 0.008398 0.004990
0 0.778972 0.385694 0.008398 0.004990
0 0.778972 0.380941 0.008398 0.004990
0 0.101444 0.622148 0.008398 0.004990
0 0.101444 0.617395 0.008398 0.004990
0 0.193483 0.617395 0.008398 0.004990
0 0.193483 0.612643 0.008398 0.004990
0 0.299966 0.619772 0.008398 0.004990
0 0.299966 0.615019 0.008398 0.004990
0 0.540477 0.622148 0.008398 0.004990
0 0.540477 0.612643 0.008398 0.004990
0 0.698354 0.619772 0.008398 0.004990
0 0.698354 0.615019 0.008398 0.004990
0 0.864293 0.622148 0.008398 0.004990
0 0.864293 0.617395 0.008398 0.004990
0 0.168962 0.849097 0.008398 0.004990
0 0.168962 0.844344 0.008398 0.004990
0 0.205912 0.844344 0.008398 0.004990
0 0.205912 0.832700 0.008398 0.004990
0 0.253947 0.839829 0.008398 0.004990
0 0.253947 0.827947 0.008398 0.004990
0 0.290561 0.841968 0.008398 0.004990
0 0.290561 0.830323 0.008398 0.004990
0 0.336580 0.846721 0.008398 0.004990
0 0.336580 0.841968 0.008398 0.004990
0 0.373194 0.846721 0.008398 0.004990
0 0.373194 0.835076 0.008398 0.004990
0 0.421565 0.841968 0.008398 0.004990
0 0.421565 0.830323 0.008398 0.004990
0 0.457508 0.844344 0.008398 0.004990
0 0.457508 0.832700 0.008398 0.004990
0 0.502519 0.849097 0.008398 0.004990
0 0.502519 0.844344 0.008398 0.004990
0 0.606315 0.846721 0.008398 0.004990
0 0.606315 0.841968 0.008398 0.004990
0 0.707088 0.846721 0.008398 0.004990
0 0.707088 0.839829 0.008398 0.004990
0 0.817602 0.849097 0.008398 0.004990
0 0.817602 0.837452 0.008398 0.004990
0 0.913336 0.849097 0.008398 0.004990
0 0.913336 0.844344 0.008398 0.004990
0 0.934162 0.837452 0.008398 0.004990
0 0.101444 0.073432 0.008398 0.004990
0 0.140746 0.075808 0.008398 0.004990
0 0.165267 0.080561 0.008398 0.004990
0 0.189788 0.082937 0.008398 0.004990
0 0.229090 0.078184 0.008398 0.004990
0 0.282499 0.078184 0.008398 0.004990
0 0.315418 0.080561 0.008398 0.004990
0 0.396708 0.080561 0.008398 0.004990
0 0.422909 0.075808 0.008398 0.004990
0 0.455156 0.075808 0.008398 0.004990
0 0.486732 0.078184 0.008398 0.004990
0 0.557944 0.080561 0.008398 0.004990
0 0.587168 0.075808 0.008398 0.004990
0 0.619416 0.075808 0.008398 0.004990
0 0.633860 0.073432 0.008398 0.004990
0 0.648640 0.075808 0.008398 0.004990
0 0.663084 0.078184 0.008398 0.004990
0 0.731273 0.078184 0.008398 0.004990
0 0.757138 0.073432 0.008398 0.004990
0 0.791401 0.073432 0.008398 0.004990
0 0.824656 0.075808 0.008398 0.004990
0 0.899563 0.078184 0.008398 0.004990
0 0.931475 0.073432 0.008398 0.004990
0 0.101444 0.314163 0.008398 0.004990
0 0.114881 0.311787 0.008398 0.004990
0 0.128317 0.314163 0.008398 0.004990
0 0.141753 0.316540 0.008398 0.004990
0 0.249916 0.314163 0.008398 0.004990
0 0.322808 0.318916 0.008398 0.004990
0 0.409473 0.309411 0.008398 0.004990
0 0.489419 0.325808 0.008398 0.004990
0 0.514948 0.323432 0.008398 0.004990
0 0.562311 0.321293 0.008398 0.004990
0 0.602956 0.321293 0.008398 0.004990
0 0.630836 0.321293 0.008398 0.004990
0 0.659053 0.314163 0.008398 0.004990
0 0.699698 0.314163 0.008398 0.004990
0 0.720524 0.311787 0.008398 0.004990
0 0.741350 0.314163 0.008398 0.004990
0 0.778972 0.316540 0.008398 0.004990
0 0.892509 0.328184 0.008398 0.004990
0 0.924756 0.325808 0.008398 0.004990
0 0.101444 0.549430 0.008398 0.004990
0 0.136715 0.549430 0.008398 0.004990
0 0.161908 0.547053 0.008398 0.004990
0 0.193483 0.544677 0.008398 0.004990
0 0.228754 0.544677 0.008398 0.004990
0 0.246893 0.542300 0.008398 0.004990
0 0.265032 0.544677 0.008398 0.004990
0 0.299966 0.547053 0.008398 0.004990
0 0.382264 0.547053 0.008398 0.004990
0 0.404098 0.535171 0.008398 0.004990
0 0.449782 0.535171 0.008398 0.004990
0 0.490091 0.537548 0.008398 0.004990
0 0.515284 0.542300 0.008398 0.004990
0 0.540477 0.544677 0.008398 0.004990
0 0.580786 0.537548 0.008398 0.004990
0 0.633860 0.537548 0.008398 0.004990
0 0.662412 0.539924 0.008398 0.004990
0 0.727242 0.547053 0.008398 0.004990
0 0.750420 0.539924 0.008398 0.004990
0 0.782667 0.539924 0.008398 0.004990
0 0.802486 0.542300 0.008398 0.004990
0 0.822304 0.544677 0.008398 0.004990
0 0.844474 0.547053 0.008398 0.004990
0 0.864293 0.544677 0.008398 0.004990
0 0.883776 0.542300 0.008398 0.004990
0 0.903594 0.539924 0.008398 0.004990
0 0.935170 0.537548 0.008398 0.004990
0 0.101444 0.760932 0.008398 0.004990
0 0.205912 0.760932 0.008398 0.004990
0 0.253947 0.756179 0.008398 0.004990
0 0.290561 0.758555 0.008398 0.004990
0 0.313739 0.763308 0.008398 0.004990
0 0.336580 0.770437 0.008398 0.004990
0 0.373194 0.763308 0.008398 0.004990
0 0.421565 0.758555 0.008398 0.004990
0 0.457508 0.760932 0.008398 0.004990
0 0.480013 0.765684 0.008398 0.004990
0 0.502519 0.772814 0.008398 0.004990
0 0.545180 0.772814 0.008398 0.004990
0 0.571045 0.765684 0.008398 0.004990
0 0.606315 0.770437 0.008398 0.004990
0 0.650991 0.770437 0.008398 0.004990
0 0.679207 0.765684 0.008398 0.004990
0 0.707088 0.768061 0.008398 0.004990
0 0.751764 0.768061 0.008398 0.004990
0 0.779644 0.763308 0.008398 0.004990
0 0.817602 0.765684 0.008398 0.004990
0 0.879745 0.765684 0.008398 0.004990
