0 0.150151 0.286359 0.010749 0.006179
0 0.150151 0.274477 0.010749 0.006179
0 0.289553 0.286359 0.010749 0.006179
0 0.289553 0.274477 0.010749 0.006179
0 0.446087 0.307034 0.010749 0.006179
0 0.446087 0.286359 0.010749 0.006179
0 0.860934 0.580323 0.010749 0.006179
0 0.860934 0.565352 0.010749 0.006179
0 0.860934 0.559411 0.010749 0.006179
0 0.833053 0.600998 0.007390 0.004278
0 0.205912 0.890922 0.010749 0.006179
0 0.205912 0.879040 0.010749 0.006179
0 0.278468 0.911835 0.010749 0.006179
0 0.278468 0.890922 0.010749 0.006179
0 0.363789 0.890922 0.010749 0.006179
0 0.363789 0.879040 0.010749 0.006179
0 0.474975 0.890922 0.010749 0.006179
0 0.474975 0.870247 0.010749 0.006179
0 0.587168 0.890922 0.010749 0.006179
0 0.587168 0.870247 0.010749 0.006179
0 0.705408 0.911835 0.010749 0.006179
0 0.705408 0.890922 0.010749 0.006179
0 0.764528 0.890922 0.010749 0.006179
0 0.764528 0.879040 0.010749 0.006179
0 0.736648 0.911835 0.007390 0.004278
0 0.861270 0.890922 0.010749 0.006179
0 0.861270 0.879040 0.010749 0.006179
0 0.833389 0.911835 0.007390 0.004278
0 0.150151 0.232890 0.010749 0.006179
0 0.150151 0.226949 0.010749 0.006179
0 0.150151 0.221008 0.010749 0.006179
0 0.289553 0.235741 0.010749 0.006179
0 0.289553 0.229800 0.010749 0.006179
0 0.299295 0.226949 0.010749 0.006179
0 0.446087 0.232890 0.010749 0.006179
0 0.446087 0.226949 0.010749 0.006179
0 0.446087 0.217918 0.010749 0.006179
0 0.446087 0.211977 0.010749 0.006179
0 0.860934 0.523764 0.010749 0.006179
0 0.860934 0.517823 0.010749 0.006179
0 0.860934 0.511882 0.010749 0.006179
0 0.871011 0.509030 0.010749 0.006179
0 0.860934 0.503089 0.010749 0.006179
0 0.205912 0.828184 0.010749 0.006179
0 0.215989 0.825333 0.010749 0.006179
0 0.205912 0.813451 0.010749 0.006179
0 0.278468 0.831274 0.010749 0.006179
0 0.278468 0.825333 0.010749 0.006179
0 0.278468 0.816302 0.010749 0.006179
0 0.278468 0.810361 0.010749 0.006179
0 0.363789 0.831274 0.010749 0.006179
0 0.363789 0.825333 0.010749 0.006179
0 0.363789 0.816302 0.010749 0.006179
0 0.474975 0.828184 0.010749 0.006179
0 0.474975 0.822243 0.010749 0.006179
0 0.474975 0.816302 0.010749 0.006179
0 0.587168 0.828184 0.010749 0.006179
0 0.587168 0.822243 0.010749 0.006179
0 0.587168 0.816302 0.010749 0.006179
0 0.597246 0.813451 0.010749 0.006179
0 0.705408 0.831274 0.010749 0.006179
0 0.705408 0.825333 0.010749 0.006179
0 0.705408 0.816302 0.010749 0.006179
0 0.705408 0.810361 0.010749 0.006179
0 0.764528 0.831274 0.010749 0.006179
0 0.764528 0.825333 0.010749 0.006179
0 0.764528 0.816302 0.010749 0.006179
0 0.764528 0.810361 0.010749 0.006179
0 0.861270 0.831274 0.010749 0.006179
0 0.861270 0.825333 0.010749 0.006179
0 0.861270 0.816302 0.010749 0.006179
0 0.861270 0.810361 0.010749 0.006179
0 0.148472 0.149002 0.007390 0.004278
0 0.377225 0.149002 0.007390 0.004278
0 0.444407 0.134506 0.007390 0.004278
0 0.484380 0.134506 0.007390 0.004278
0 0.509237 0.136644 0.007390 0.004278
0 0.534095 0.138546 0.007390 0.004278
0 0.559288 0.140684 0.007390 0.004278
0 0.584145 0.142823 0.007390 0.004278
0 0.609002 0.144962 0.007390 0.004278
0 0.633860 0.146863 0.007390 0.004278
0 0.658717 0.149002 0.007390 0.004278
0 0.683910 0.151141 0.007390 0.004278
0 0.708767 0.153279 0.007390 0.004278
0 0.749412 0.155181 0.007390 0.004278
0 0.797447 0.153279 0.007390 0.004278
0 0.867316 0.153279 0.007390 0.004278
0 0.889150 0.151141 0.007390 0.004278
0 0.910984 0.146863 0.007390 0.004278
0 0.932818 0.149002 0.007390 0.004278
0 0.137723 0.445105 0.007390 0.004278
0 0.170306 0.447243 0.007390 0.004278
0 0.190460 0.442966 0.007390 0.004278
0 0.210615 0.438926 0.007390 0.004278
0 0.231105 0.432510 0.007390 0.004278
0 0.251260 0.428470 0.007390 0.004278
0 0.283507 0.430608 0.007390 0.004278
0 0.316090 0.432510 0.007390 0.004278
0 0.388982 0.451283 0.007390 0.004278
0 0.408129 0.447243 0.007390 0.004278
0 0.427612 0.442966 0.007390 0.004278
0 0.446758 0.436787 0.007390 0.004278
0 0.465905 0.432510 0.007390 0.004278
0 0.496473 0.434648 0.007390 0.004278
0 0.527377 0.436787 0.007390 0.004278
0 0.598589 0.455561 0.007390 0.004278
0 0.617736 0.451283 0.007390 0.004278
0 0.636883 0.447243 0.007390 0.004278
0 0.655694 0.440827 0.007390 0.004278
0 0.674840 0.436787 0.007390 0.004278
0 0.705408 0.438926 0.007390 0.004278
0 0.735976 0.440827 0.007390 0.004278
0 0.776621 0.445105 0.007390 0.004278
0 0.859254 0.445105 0.007390 0.004278
0 0.890830 0.442966 0.007390 0.004278
0 0.922741 0.440827 0.007390 0.004278
0 0.137723 0.747386 0.007390 0.004278
0 0.158549 0.749525 0.007390 0.004278
0 0.179375 0.751663 0.007390 0.004278
0 0.204232 0.753802 0.007390 0.004278
0 0.247901 0.753565 0.005039 0.002852
0 0.241518 0.755703 0.005039 0.002852
0 0.276789 0.751663 0.007390 0.004278
0 0.316426 0.762120 0.007390 0.004278
0 0.331542 0.755703 0.007390 0.004278
0 0.346994 0.751663 0.007390 0.004278
0 0.362110 0.753802 0.007390 0.004278
0 0.377225 0.755703 0.007390 0.004278
0 0.392341 0.751663 0.007390 0.004278
0 0.407793 0.747386 0.007390 0.004278
0 0.423917 0.743346 0.007390 0.004278
0 0.439368 0.741207 0.007390 0.004278
0 0.473295 0.745485 0.007390 0.004278
0 0.489755 0.747386 0.007390 0.004278
0 0.506214 0.749525 0.007390 0.004278
0 0.522674 0.745485 0.007390 0.004278
0 0.539133 0.741207 0.007390 0.004278
0 0.558280 0.737167 0.007390 0.004278
0 0.585489 0.739068 0.007390 0.004278
0 0.571045 0.739068 0.005039 0.002852
0 0.577427 0.736930 0.005039 0.002852
0 0.601948 0.741207 0.007390 0.004278
0 0.618408 0.739068 0.007390 0.004278
0 0.634867 0.737167 0.007390 0.004278
0 0.651327 0.735029 0.007390 0.004278
0 0.668122 0.730751 0.007390 0.004278
0 0.703729 0.726711 0.007390 0.004278
0 0.859590 0.726711 0.007390 0.004278
0 0.150151 0.072243 0.010749 0.006179
0 0.189788 0.072243 0.010749 0.006179
0 0.214646 0.075095 0.010749 0.006179
0 0.239503 0.078184 0.010749 0.006179
0 0.264696 0.081036 0.010749 0.006179
0 0.289553 0.075095 0.010749 0.006179
0 0.314410 0.078184 0.010749 0.006179
0 0.339268 0.081036 0.010749 0.006179
0 0.378905 0.081036 0.010749 0.006179
0 0.446087 0.066302 0.010749 0.006179
0 0.486060 0.066302 0.010749 0.006179
0 0.510917 0.069154 0.010749 0.006179
0 0.535774 0.072243 0.010749 0.006179
0 0.560967 0.075095 0.010749 0.006179
0 0.585825 0.078184 0.010749 0.006179
0 0.610682 0.081036 0.010749 0.006179
0 0.635539 0.084125 0.010749 0.006179
0 0.660396 0.086977 0.010749 0.006179
0 0.685590 0.090067 0.010749 0.006179
0 0.710447 0.092918 0.010749 0.006179
0 0.751092 0.096008 0.010749 0.006179
0 0.799127 0.092918 0.010749 0.006179
0 0.868996 0.092918 0.010749 0.006179
0 0.890830 0.090067 0.010749 0.006179
0 0.912664 0.084125 0.010749 0.006179
0 0.934498 0.086977 0.010749 0.006179
0 0.139402 0.386407 0.010749 0.006179
0 0.171985 0.389496 0.010749 0.006179
0 0.192140 0.383555 0.010749 0.006179
0 0.212294 0.377614 0.010749 0.006179
0 0.232785 0.368584 0.010749 0.006179
0 0.252939 0.362643 0.010749 0.006179
0 0.285186 0.365732 0.010749 0.006179
0 0.317770 0.368584 0.010749 0.006179
0 0.390662 0.395437 0.010749 0.006179
0 0.409809 0.389496 0.010749 0.006179
0 0.429291 0.383555 0.010749 0.006179
0 0.448438 0.374525 0.010749 0.006179
0 0.467585 0.368584 0.010749 0.006179
0 0.498153 0.371673 0.010749 0.006179
0 0.529056 0.374525 0.010749 0.006179
0 0.600269 0.401378 0.010749 0.006179
0 0.619416 0.395437 0.010749 0.006179
0 0.638562 0.389496 0.010749 0.006179
0 0.657373 0.380466 0.010749 0.006179
0 0.676520 0.374525 0.010749 0.006179
0 0.707088 0.377614 0.010749 0.006179
0 0.737655 0.380466 0.010749 0.006179
0 0.778300 0.386407 0.010749 0.006179
0 0.860934 0.386407 0.010749 0.006179
0 0.892509 0.383555 0.010749 0.006179
0 0.924421 0.380466 0.010749 0.006179
0 0.139402 0.677519 0.010749 0.006179
0 0.160228 0.680371 0.010749 0.006179
0 0.181055 0.662548 0.010749 0.006179
0 0.205912 0.665637 0.010749 0.006179
0 0.244206 0.665637 0.007390 0.004278
0 0.235136 0.668489 0.007390 0.004278
0 0.278468 0.662548 0.010749 0.006179
0 0.474975 0.662548 0.010749 0.006179
0 0.705408 0.662548 0.010749 0.006179
0 0.764528 0.662548 0.010749 0.006179
