0 0.298287 0.479087 0.009070 0.005228
0 0.339604 0.471483 0.009070 0.005228
0 0.365469 0.474097 0.009070 0.005228
0 0.391334 0.476473 0.009070 0.005228
0 0.466577 0.474097 0.009070 0.005228
0 0.497145 0.476473 0.009070 0.005228
0 0.528048 0.479087 0.009070 0.005228
0 0.591871 0.476473 0.009070 0.005228
0 0.622775 0.479087 0.009070 0.005228
0 0.653342 0.481464 0.009070 0.005228
0 0.734968 0.479087 0.009070 0.005228
0 0.763520 0.481464 0.009070 0.005228
0 0.792073 0.484078 0.009070 0.005228
0 0.820625 0.486692 0.009070 0.005228
0 0.852872 0.489068 0.009070 0.005228
0 0.898556 0.471483 0.009070 0.005228
0 0.126638 0.882129 0.009070 0.005228
0 0.177360 0.892110 0.009070 0.005228
0 0.230433 0.894724 0.009070 0.005228
0 0.271078 0.894724 0.009070 0.005228
0 0.356399 0.887120 0.009070 0.005228
0 0.394693 0.887120 0.009070 0.005228
0 0.432986 0.887120 0.009070 0.005228
0 0.480685 0.884506 0.009070 0.005228
0 0.504535 0.887120 0.009070 0.005228
0 0.545180 0.889734 0.009070 0.005228
0 0.586161 0.887120 0.009070 0.005228
0 0.605979 0.889734 0.009070 0.005228
0 0.636883 0.892110 0.010413 0.005228
0 0.732281 0.894724 0.009070 0.005228
0 0.824992 0.892110 0.009070 0.005228
0 0.859590 0.889734 0.009070 0.005228
0 0.907961 0.887120 0.009070 0.005228
0 0.931475 0.889734 0.009070 0.005228
0 0.298287 0.468869 0.009070 0.005228
0 0.339604 0.466492 0.009070 0.005228
0 0.365469 0.468869 0.009070 0.005228
0 0.391334 0.471483 0.009070 0.005228
0 0.466577 0.468869 0.009070 0.005228
0 0.497145 0.471483 0.009070 0.005228
0 0.528048 0.474097 0.009070 0.005228
0 0.591871 0.471483 0.009070 0.005228
0 0.622775 0.466492 0.009070 0.005228
0 0.653342 0.468869 0.009070 0.005228
0 0.684246 0.471483 0.009070 0.005228
0 0.734968 0.474097 0.009070 0.005228
0 0.792073 0.476473 0.009070 0.005228
0 0.820625 0.474097 0.009070 0.005228
0 0.852872 0.471483 0.010413 0.005228
0 0.126638 0.876901 0.009070 0.005228
0 0.202889 0.879515 0.009070 0.005228
0 0.230433 0.882129 0.009070 0.005228
0 0.271078 0.884506 0.009070 0.005228
0 0.356399 0.882129 0.009070 0.005228
0 0.394693 0.876901 0.009070 0.005228
0 0.432986 0.874525 0.009070 0.005228
0 0.480685 0.871911 0.009070 0.005228
0 0.504535 0.874525 0.009070 0.005228
0 0.545180 0.876901 0.009070 0.005228
0 0.586161 0.874525 0.009070 0.005228
0 0.605979 0.876901 0.009070 0.005228
0 0.636883 0.879515 0.009070 0.005228
0 0.676184 0.882129 0.009070 0.005228
0 0.696003 0.879515 0.009070 0.005228
0 0.732281 0.876901 0.009070 0.005228
0 0.766879 0.874525 0.009070 0.005228
0 0.801478 0.871911 0.009070 0.005228
0 0.824992 0.869534 0.009070 0.005228
0 0.859590 0.866920 0.009070 0.005228
0 0.907961 0.869534 0.009070 0.005228
0 0.298287 0.433460 0.009070 0.005228
0 0.339604 0.438688 0.009070 0.005228
0 0.391334 0.436074 0.009070 0.005228
0 0.466577 0.441065 0.009070 0.005228
0 0.528048 0.438688 0.009070 0.005228
0 0.591871 0.443679 0.009070 0.005228
0 0.653342 0.436074 0.009070 0.005228
0 0.734968 0.438451 0.010413 0.005228
0 0.852872 0.438688 0.009070 0.005228
0 0.898556 0.433698 0.009070 0.005228
0 0.926772 0.436074 0.009070 0.005228
0 0.126638 0.828660 0.009070 0.005228
0 0.152167 0.831036 0.009070 0.005228
0 0.177360 0.831036 0.009070 0.005228
0 0.230433 0.831036 0.009070 0.005228
0 0.271078 0.833650 0.009070 0.005228
0 0.356399 0.831036 0.009070 0.005228
0 0.394693 0.831036 0.009070 0.005228
0 0.432986 0.828660 0.009070 0.005228
0 0.504535 0.828660 0.009070 0.005228
0 0.545180 0.828422 0.010413 0.005228
0 0.636883 0.828422 0.010413 0.005228
0 0.732281 0.828660 0.009070 0.005228
0 0.801478 0.821055 0.009070 0.005228
0 0.859590 0.821055 0.009070 0.005228
0 0.883440 0.823432 0.009070 0.005228
0 0.907961 0.826046 0.009070 0.005228
0 0.298287 0.420865 0.009070 0.005228
0 0.339604 0.426093 0.009070 0.005228
0 0.417199 0.423479 0.009070 0.005228
0 0.466577 0.428470 0.009070 0.005228
0 0.558616 0.426093 0.009070 0.005228
0 0.591871 0.431084 0.009070 0.005228
0 0.653342 0.428470 0.009070 0.005228
0 0.734968 0.428470 0.009070 0.005228
0 0.763520 0.433698 0.009070 0.005228
0 0.792073 0.431084 0.009070 0.005228
0 0.820625 0.428470 0.009070 0.005228
0 0.852872 0.426093 0.009070 0.005228
0 0.926772 0.426093 0.009070 0.005228
0 0.126638 0.821055 0.009070 0.005228
0 0.177360 0.813451 0.009070 0.005228
0 0.230433 0.821055 0.009070 0.005228
0 0.271078 0.821055 0.009070 0.005228
0 0.356399 0.821055 0.009070 0.005228
0 0.394693 0.826046 0.009070 0.005228
0 0.432986 0.823432 0.009070 0.005228
0 0.456836 0.821055 0.009070 0.005228
0 0.480685 0.826046 0.009070 0.005228
0 0.504535 0.823432 0.009070 0.005228
0 0.545180 0.821055 0.009070 0.005228
0 0.564998 0.818441 0.009070 0.005228
0 0.586161 0.823432 0.009070 0.005228
0 0.605979 0.821055 0.009070 0.005228
0 0.636883 0.818441 0.009070 0.005228
0 0.656701 0.815827 0.009070 0.005228
0 0.676184 0.821055 0.009070 0.005228
0 0.696003 0.818441 0.009070 0.005228
0 0.732281 0.815827 0.009070 0.005228
0 0.766879 0.813451 0.009070 0.005228
0 0.801478 0.810837 0.010413 0.005228
0 0.907961 0.821055 0.009070 0.005228
0 0.298287 0.363593 0.009070 0.005228
0 0.339604 0.356226 0.009070 0.005228
0 0.365469 0.358603 0.009070 0.005228
0 0.391334 0.361217 0.009070 0.005228
0 0.466577 0.358603 0.009070 0.005228
0 0.497145 0.361217 0.009070 0.005228
0 0.528048 0.363593 0.009070 0.005228
0 0.591871 0.361217 0.009070 0.005228
0 0.622775 0.363831 0.009070 0.005228
0 0.653342 0.366207 0.009070 0.005228
0 0.734968 0.363831 0.009070 0.005228
0 0.763520 0.366207 0.009070 0.005228
0 0.792073 0.368821 0.009070 0.005228
0 0.820625 0.371198 0.009070 0.005228
0 0.852872 0.373812 0.009070 0.005228
0 0.898556 0.356226 0.009070 0.005228
0 0.126638 0.749049 0.009070 0.005228
0 0.177360 0.759268 0.009070 0.005228
0 0.230433 0.761644 0.009070 0.005228
0 0.271078 0.761644 0.009070 0.005228
0 0.356399 0.754040 0.009070 0.005228
0 0.394693 0.754040 0.009070 0.005228
0 0.432986 0.754040 0.009070 0.005228
0 0.480685 0.751663 0.009070 0.005228
0 0.504535 0.754040 0.009070 0.005228
0 0.545180 0.756654 0.009070 0.005228
0 0.586161 0.754040 0.009070 0.005228
0 0.605979 0.756654 0.009070 0.005228
0 0.636883 0.759268 0.009070 0.005228
0 0.676184 0.759268 0.009070 0.005228
0 0.732281 0.761644 0.009070 0.005228
0 0.824992 0.759268 0.009070 0.005228
0 0.859590 0.756654 0.009070 0.005228
0 0.907961 0.754040 0.009070 0.005228
0 0.931475 0.756654 0.009070 0.005228
0 0.298287 0.294677 0.009070 0.005228
0 0.339604 0.292063 0.009070 0.005228
0 0.365469 0.294677 0.009070 0.005228
0 0.391334 0.297053 0.009070 0.005228
0 0.466577 0.294677 0.009070 0.005228
0 0.497145 0.297053 0.009070 0.005228
0 0.528048 0.299667 0.009070 0.005228
0 0.591871 0.297053 0.009070 0.005228
0 0.622775 0.292063 0.009070 0.005228
0 0.653342 0.294677 0.009070 0.005228
0 0.684246 0.297053 0.009070 0.005228
0 0.734968 0.299667 0.009070 0.005228
0 0.792073 0.302044 0.009070 0.005228
0 0.820625 0.299667 0.009070 0.005228
0 0.852872 0.297053 0.009070 0.005228
0 0.926772 0.297053 0.009070 0.005228
0 0.126638 0.690352 0.009070 0.005228
0 0.202889 0.692728 0.009070 0.005228
0 0.230433 0.695342 0.009070 0.005228
0 0.271078 0.697956 0.009070 0.005228
0 0.356399 0.695342 0.009070 0.005228
0 0.394693 0.690352 0.009070 0.005228
0 0.432986 0.687738 0.009070 0.005228
0 0.480685 0.685361 0.009070 0.005228
0 0.504535 0.687738 0.009070 0.005228
0 0.545180 0.690352 0.009070 0.005228
0 0.586161 0.687738 0.009070 0.005228
0 0.605979 0.690352 0.009070 0.005228
0 0.636883 0.692728 0.009070 0.005228
0 0.676184 0.695342 0.009070 0.005228
0 0.696003 0.692728 0.009070 0.005228
0 0.732281 0.690352 0.009070 0.005228
0 0.766879 0.687738 0.009070 0.005228
0 0.801478 0.685361 0.009070 0.005228
0 0.824992 0.682747 0.009070 0.005228
0 0.859590 0.680133 0.009070 0.005228
0 0.907961 0.682747 0.009070 0.005228
0 0.298287 0.226236 0.009070 0.005228
0 0.339604 0.231464 0.009070 0.005228
0 0.391334 0.228850 0.009070 0.005228
0 0.466577 0.233840 0.009070 0.005228
0 0.528048 0.231464 0.009070 0.005228
0 0.591871 0.236454 0.009070 0.005228
0 0.653342 0.228850 0.009070 0.005228
0 0.734968 0.231464 0.009070 0.005228
0 0.792073 0.231464 0.009070 0.005228
0 0.852872 0.231464 0.009070 0.005228
0 0.898556 0.226236 0.009070 0.005228
0 0.926772 0.228850 0.009070 0.005228
0 0.126638 0.624525 0.009070 0.005228
0 0.152167 0.626901 0.009070 0.005228
0 0.177360 0.626901 0.009070 0.005228
0 0.230433 0.626901 0.009070 0.005228
0 0.271078 0.629515 0.009070 0.005228
0 0.356399 0.626901 0.009070 0.005228
0 0.394693 0.626901 0.009070 0.005228
0 0.432986 0.624525 0.009070 0.005228
0 0.504535 0.624525 0.009070 0.005228
0 0.545180 0.624525 0.009070 0.005228
0 0.605979 0.624525 0.009070 0.005228
0 0.636883 0.624525 0.009070 0.005228
0 0.676184 0.624525 0.009070 0.005228
0 0.732281 0.624525 0.009070 0.005228
0 0.766879 0.624525 0.009070 0.005228
0 0.801478 0.616920 0.009070 0.005228
0 0.859590 0.616920 0.009070 0.005228
0 0.883440 0.619297 0.009070 0.005228
0 0.907961 0.621911 0.009070 0.005228
0 0.298287 0.144724 0.009070 0.005228
0 0.339604 0.149715 0.009070 0.005228
0 0.417199 0.147101 0.009070 0.005228
0 0.466577 0.152329 0.009070 0.005228
0 0.558616 0.149715 0.009070 0.005228
0 0.591871 0.154705 0.009070 0.005228
0 0.653342 0.152329 0.009070 0.005228
0 0.734968 0.152329 0.009070 0.005228
0 0.763520 0.157319 0.009070 0.005228
0 0.792073 0.154705 0.009070 0.005228
0 0.820625 0.152329 0.009070 0.005228
0 0.852872 0.149715 0.009070 0.005228
0 0.926772 0.149715 0.009070 0.005228
0 0.126638 0.548717 0.009070 0.005228
0 0.177360 0.541350 0.009070 0.005228
0 0.230433 0.548717 0.009070 0.005228
0 0.296271 0.548954 0.009070 0.005228
0 0.356399 0.548717 0.009070 0.005228
0 0.394693 0.553945 0.009070 0.005228
0 0.432986 0.551331 0.009070 0.005228
0 0.456836 0.548954 0.009070 0.005228
0 0.480685 0.553945 0.009070 0.005228
0 0.504535 0.551331 0.009070 0.005228
0 0.545180 0.548954 0.009070 0.005228
0 0.564998 0.546340 0.009070 0.005228
0 0.586161 0.551331 0.009070 0.005228
0 0.605979 0.548954 0.009070 0.005228
0 0.636883 0.546340 0.009070 0.005228
0 0.656701 0.543726 0.009070 0.005228
0 0.676184 0.548954 0.009070 0.005228
0 0.696003 0.546340 0.009070 0.005228
0 0.732281 0.543726 0.009070 0.005228
0 0.766879 0.541350 0.009070 0.005228
0 0.801478 0.538736 0.010413 0.005228
0 0.907961 0.548717 0.009070 0.005228
