0 0.125966 0.215067 0.009070 0.005228
0 0.175008 0.215067 0.009070 0.005228
0 0.229090 0.212690 0.009070 0.005228
0 0.278132 0.212690 0.009070 0.005228
0 0.327511 0.210076 0.009070 0.005228
0 0.376554 0.210076 0.009070 0.005228
0 0.425596 0.210076 0.009070 0.005228
0 0.474975 0.210076 0.009070 0.005228
0 0.542157 0.210076 0.009070 0.005228
0 0.591199 0.215067 0.009070 0.005228
0 0.645952 0.212690 0.009070 0.005228
0 0.709439 0.222671 0.009070 0.005228
0 0.758482 0.210076 0.009070 0.005228
0 0.807860 0.215067 0.009070 0.005228
0 0.856903 0.210076 0.009070 0.005228
0 0.906281 0.215067 0.009070 0.005228
0 0.125966 0.447243 0.009070 0.005228
0 0.178032 0.452471 0.009070 0.005228
0 0.238495 0.449857 0.009070 0.005228
0 0.290561 0.459838 0.009070 0.005228
0 0.346658 0.447243 0.009070 0.005228
0 0.398724 0.447243 0.009070 0.005228
0 0.450789 0.447243 0.009070 0.005228
0 0.502855 0.447243 0.009070 0.005228
0 0.563319 0.444867 0.009070 0.005228
0 0.612361 0.457462 0.009070 0.005228
0 0.661404 0.449857 0.009070 0.005228
0 0.710111 0.459838 0.009070 0.005228
0 0.759154 0.447243 0.009070 0.005228
0 0.808196 0.452471 0.009070 0.005228
0 0.857239 0.447243 0.009070 0.005228
0 0.906281 0.452471 0.009070 0.005228
0 0.125966 0.677044 0.009070 0.005228
0 0.177024 0.689639 0.009070 0.005228
0 0.228418 0.682034 0.009070 0.005228
0 0.279476 0.692253 0.009070 0.005228
0 0.330870 0.679420 0.009070 0.005228
0 0.381928 0.684648 0.009070 0.005228
0 0.432986 0.677044 0.009070 0.005228
0 0.484380 0.689639 0.009070 0.005228
0 0.543836 0.679420 0.009070 0.005228
0 0.595230 0.684648 0.009070 0.005228
0 0.646624 0.682034 0.009070 0.005228
0 0.698354 0.692253 0.009070 0.005228
0 0.749748 0.684648 0.009070 0.005228
0 0.801142 0.684648 0.009070 0.005228
0 0.852536 0.684648 0.009070 0.005228
0 0.903930 0.684648 0.009070 0.005228
0 0.128653 0.899715 0.009070 0.005228
0 0.182734 0.899715 0.009070 0.005228
0 0.236816 0.897101 0.009070 0.005228
0 0.290897 0.897101 0.009070 0.005228
0 0.344642 0.894724 0.009070 0.005228
0 0.398724 0.894724 0.009070 0.005228
0 0.452805 0.894724 0.009070 0.005228
0 0.506886 0.894724 0.009070 0.005228
0 0.572052 0.894724 0.009070 0.005228
0 0.626134 0.899715 0.009070 0.005228
0 0.680551 0.897101 0.009070 0.005228
0 0.734632 0.907319 0.009070 0.005228
0 0.788713 0.899715 0.009070 0.005228
0 0.843131 0.899715 0.009070 0.005228
0 0.897212 0.899715 0.009070 0.005228
0 0.150487 0.152091 0.009070 0.005228
0 0.132012 0.134268 0.006382 0.003565
0 0.138394 0.139259 0.006382 0.003565
0 0.144777 0.144249 0.006382 0.003565
0 0.199866 0.152091 0.009070 0.005228
0 0.181391 0.134268 0.006382 0.003565
0 0.187773 0.139259 0.006382 0.003565
0 0.194155 0.144249 0.006382 0.003565
0 0.253611 0.152091 0.009070 0.005228
0 0.235136 0.134268 0.006382 0.003565
0 0.241518 0.136644 0.006382 0.003565
0 0.247901 0.141873 0.006382 0.003565
0 0.302654 0.152091 0.009070 0.005228
0 0.284179 0.134268 0.006382 0.003565
0 0.290561 0.136644 0.006382 0.003565
0 0.297279 0.141873 0.006382 0.003565
0 0.352032 0.152091 0.009070 0.005228
0 0.333557 0.134268 0.006382 0.003565
0 0.339940 0.139259 0.006382 0.003565
0 0.346322 0.144249 0.006382 0.003565
0 0.401075 0.152091 0.009070 0.005228
0 0.382600 0.134268 0.006382 0.003565
0 0.388982 0.139259 0.006382 0.003565
0 0.395364 0.144249 0.006382 0.003565
0 0.450453 0.152091 0.009070 0.005228
0 0.431979 0.134268 0.006382 0.003565
0 0.438361 0.139259 0.006382 0.003565
0 0.444743 0.144249 0.006382 0.003565
0 0.499496 0.152091 0.009070 0.005228
0 0.481021 0.134268 0.006382 0.003565
0 0.487403 0.139259 0.006382 0.003565
0 0.493786 0.144249 0.006382 0.003565
0 0.566678 0.152091 0.009070 0.005228
0 0.548203 0.134268 0.006382 0.003565
0 0.554585 0.139259 0.006382 0.003565
0 0.560967 0.144249 0.006382 0.003565
0 0.615721 0.152091 0.009070 0.005228
0 0.597246 0.134268 0.006382 0.003565
0 0.603628 0.139259 0.006382 0.003565
0 0.610346 0.144249 0.006382 0.003565
0 0.684582 0.152091 0.009070 0.005228
0 0.666107 0.134268 0.006382 0.003565
0 0.672825 0.136644 0.006382 0.003565
0 0.679207 0.141873 0.006382 0.003565
0 0.733960 0.152091 0.009070 0.005228
0 0.715485 0.134268 0.006382 0.003565
0 0.721868 0.136644 0.006382 0.003565
0 0.728250 0.141873 0.006382 0.003565
0 0.783003 0.152091 0.009070 0.005228
0 0.764528 0.134268 0.006382 0.003565
0 0.771246 0.139259 0.006382 0.003565
0 0.777628 0.144249 0.006382 0.003565
0 0.832382 0.152091 0.009070 0.005228
0 0.813907 0.134268 0.006382 0.003565
0 0.820289 0.139259 0.006382 0.003565
0 0.826671 0.144249 0.006382 0.003565
0 0.881424 0.152091 0.009070 0.005228
0 0.862949 0.134268 0.006382 0.003565
0 0.869667 0.139259 0.006382 0.003565
0 0.876050 0.144249 0.006382 0.003565
0 0.930803 0.152091 0.009070 0.005228
0 0.912328 0.134268 0.006382 0.003565
0 0.918710 0.139259 0.006382 0.003565
0 0.925092 0.144249 0.006382 0.003565
0 0.151831 0.384981 0.009070 0.005228
0 0.133356 0.367158 0.006382 0.003565
0 0.140074 0.372148 0.006382 0.003565
0 0.146456 0.377139 0.006382 0.003565
0 0.203897 0.384981 0.009070 0.005228
0 0.185422 0.367158 0.006382 0.003565
0 0.191804 0.372148 0.006382 0.003565
0 0.198522 0.377139 0.006382 0.003565
0 0.264360 0.384981 0.009070 0.005228
0 0.245885 0.367158 0.006382 0.003565
0 0.252267 0.369534 0.006382 0.003565
0 0.258986 0.374525 0.006382 0.003565
0 0.316426 0.384981 0.009070 0.005228
0 0.297951 0.367158 0.006382 0.003565
0 0.304333 0.369534 0.006382 0.003565
0 0.310715 0.374525 0.006382 0.003565
0 0.372859 0.384981 0.009070 0.005228
0 0.354384 0.367158 0.006382 0.003565
0 0.360766 0.372148 0.006382 0.003565
0 0.367148 0.377139 0.006382 0.003565
0 0.424589 0.384981 0.009070 0.005228
0 0.406449 0.367158 0.006382 0.003565
0 0.412832 0.372148 0.006382 0.003565
0 0.419214 0.377139 0.006382 0.003565
0 0.476654 0.384981 0.009070 0.005228
0 0.458179 0.367158 0.006382 0.003565
0 0.464562 0.372148 0.006382 0.003565
0 0.471280 0.377139 0.006382 0.003565
0 0.528720 0.384981 0.009070 0.005228
0 0.510245 0.367158 0.006382 0.003565
0 0.516627 0.372148 0.006382 0.003565
0 0.523010 0.377139 0.006382 0.003565
0 0.587840 0.382367 0.009070 0.005228
0 0.569365 0.364544 0.006382 0.003565
0 0.575747 0.369534 0.006382 0.003565
0 0.582130 0.377139 0.006382 0.003565
0 0.636883 0.382367 0.009070 0.005228
0 0.618408 0.364544 0.006382 0.003565
0 0.624790 0.369534 0.006382 0.003565
0 0.631172 0.377139 0.006382 0.003565
0 0.685590 0.384981 0.009070 0.005228
0 0.667450 0.367158 0.006382 0.003565
0 0.673833 0.369534 0.006382 0.003565
0 0.680215 0.374525 0.006382 0.003565
0 0.734632 0.384981 0.009070 0.005228
0 0.716157 0.367158 0.006382 0.003565
0 0.722875 0.369534 0.006382 0.003565
0 0.729258 0.374525 0.006382 0.003565
0 0.783675 0.384981 0.009070 0.005228
0 0.765200 0.367158 0.006382 0.003565
0 0.771918 0.372148 0.006382 0.003565
0 0.778300 0.377139 0.006382 0.003565
0 0.832718 0.384981 0.009070 0.005228
0 0.814243 0.367158 0.006382 0.003565
0 0.820625 0.372148 0.006382 0.003565
0 0.827343 0.377139 0.006382 0.003565
0 0.881760 0.384981 0.009070 0.005228
0 0.863285 0.367158 0.006382 0.003565
0 0.869667 0.372148 0.006382 0.003565
0 0.876386 0.377139 0.006382 0.003565
0 0.930803 0.384981 0.009070 0.005228
0 0.912328 0.367158 0.006382 0.003565
0 0.918710 0.372148 0.006382 0.003565
0 0.925092 0.377139 0.006382 0.003565
0 0.151495 0.616920 0.009070 0.005228
0 0.133020 0.599097 0.006382 0.003565
0 0.139402 0.604325 0.006382 0.003565
0 0.145784 0.611692 0.006382 0.003565
0 0.202889 0.616920 0.009070 0.005228
0 0.184414 0.599097 0.006382 0.003565
0 0.190796 0.604325 0.006382 0.003565
0 0.197178 0.611692 0.006382 0.003565
0 0.253947 0.619534 0.009070 0.005228
0 0.235472 0.601711 0.006382 0.003565
0 0.241854 0.604325 0.006382 0.003565
0 0.248236 0.609316 0.006382 0.003565
0 0.305005 0.619534 0.009070 0.005228
0 0.286530 0.601711 0.006382 0.003565
0 0.293248 0.604325 0.006382 0.003565
0 0.299631 0.609316 0.006382 0.003565
0 0.356399 0.619534 0.009070 0.005228
0 0.337924 0.601711 0.006382 0.003565
0 0.344306 0.606702 0.006382 0.003565
0 0.350689 0.611692 0.006382 0.003565
0 0.407457 0.619534 0.009070 0.005228
0 0.388982 0.601711 0.006382 0.003565
0 0.395364 0.606702 0.006382 0.003565
0 0.401747 0.611692 0.006382 0.003565
0 0.458851 0.616920 0.009070 0.005228
0 0.440376 0.599097 0.006382 0.003565
0 0.446758 0.604325 0.006382 0.003565
0 0.453141 0.611692 0.006382 0.003565
0 0.509909 0.616920 0.009070 0.005228
0 0.491434 0.599097 0.006382 0.003565
0 0.497817 0.604325 0.006382 0.003565
0 0.504199 0.611692 0.006382 0.003565
0 0.569701 0.619534 0.009070 0.005228
0 0.551226 0.601711 0.006382 0.003565
0 0.557608 0.606702 0.006382 0.003565
0 0.563991 0.611692 0.006382 0.003565
0 0.621095 0.619534 0.009070 0.005228
0 0.602620 0.601711 0.006382 0.003565
0 0.609002 0.606702 0.006382 0.003565
0 0.615385 0.611692 0.006382 0.003565
0 0.672489 0.619534 0.009070 0.005228
0 0.654014 0.601711 0.006382 0.003565
0 0.660396 0.604325 0.006382 0.003565
0 0.666779 0.609316 0.006382 0.003565
0 0.723883 0.619534 0.009070 0.005228
0 0.705408 0.601711 0.006382 0.003565
0 0.711790 0.604325 0.006382 0.003565
0 0.718173 0.609316 0.006382 0.003565
0 0.775277 0.619534 0.009070 0.005228
0 0.756802 0.601711 0.006382 0.003565
0 0.763184 0.606702 0.006382 0.003565
0 0.769567 0.611692 0.006382 0.003565
0 0.826671 0.619534 0.009070 0.005228
0 0.808196 0.601711 0.006382 0.003565
0 0.814914 0.606702 0.006382 0.003565
0 0.821297 0.611692 0.006382 0.003565
0 0.878065 0.619534 0.009070 0.005228
0 0.859926 0.601711 0.006382 0.003565
0 0.866308 0.606702 0.006382 0.003565
0 0.872691 0.611692 0.006382 0.003565
0 0.929795 0.619534 0.009070 0.005228
0 0.911320 0.601711 0.006382 0.003565
0 0.917702 0.606702 0.006382 0.003565
0 0.924085 0.611692 0.006382 0.003565
0 0.155862 0.836502 0.009070 0.005228
0 0.137387 0.818679 0.006382 0.003565
0 0.143769 0.823907 0.006382 0.003565
0 0.150151 0.828897 0.006382 0.003565
0 0.209943 0.836502 0.009070 0.005228
0 0.191468 0.818679 0.006382 0.003565
0 0.197850 0.823907 0.006382 0.003565
0 0.204232 0.828897 0.006382 0.003565
0 0.263688 0.836502 0.009070 0.005228
0 0.245213 0.818679 0.006382 0.003565
0 0.251596 0.821293 0.006382 0.003565
0 0.258314 0.826283 0.006382 0.003565
0 0.317770 0.836502 0.009070 0.005228
0 0.299295 0.818679 0.006382 0.003565
0 0.305677 0.821293 0.006382 0.003565
0 0.312059 0.826283 0.006382 0.003565
0 0.371851 0.836502 0.009070 0.005228
0 0.353376 0.818679 0.006382 0.003565
0 0.359758 0.823907 0.006382 0.003565
0 0.366140 0.828897 0.006382 0.003565
0 0.425932 0.836502 0.009070 0.005228
0 0.407457 0.818679 0.006382 0.003565
0 0.413839 0.823907 0.006382 0.003565
0 0.420222 0.828897 0.006382 0.003565
0 0.479678 0.836502 0.009070 0.005228
0 0.461203 0.818679 0.006382 0.003565
0 0.467585 0.823907 0.006382 0.003565
0 0.474303 0.828897 0.006382 0.003565
0 0.533759 0.836502 0.009070 0.005228
0 0.515284 0.818679 0.006382 0.003565
0 0.521666 0.823907 0.006382 0.003565
0 0.528048 0.828897 0.006382 0.003565
0 0.599261 0.836502 0.009070 0.005228
0 0.580786 0.818679 0.006382 0.003565
0 0.587168 0.823907 0.006382 0.003565
0 0.593551 0.828897 0.006382 0.003565
0 0.653342 0.836502 0.009070 0.005228
0 0.634867 0.818679 0.006382 0.003565
0 0.641250 0.823907 0.006382 0.003565
0 0.647632 0.828897 0.006382 0.003565
0 0.707424 0.836502 0.009070 0.005228
0 0.688949 0.818679 0.006382 0.003565
0 0.695331 0.821293 0.006382 0.003565
0 0.702049 0.826283 0.006382 0.003565
0 0.761841 0.836502 0.009070 0.005228
0 0.743366 0.818679 0.006382 0.003565
0 0.749748 0.821293 0.006382 0.003565
0 0.756130 0.826283 0.006382 0.003565
0 0.815922 0.836502 0.009070 0.005228
0 0.797447 0.818679 0.006382 0.003565
0 0.803829 0.823907 0.006382 0.003565
0 0.810212 0.828897 0.006382 0.003565
0 0.870003 0.836502 0.009070 0.005228
0 0.851528 0.818679 0.006382 0.003565
0 0.858247 0.823907 0.006382 0.003565
0 0.864629 0.828897 0.006382 0.003565
0 0.924421 0.836502 0.009070 0.005228
0 0.905946 0.818679 0.006382 0.003565
0 0.912328 0.823907 0.006382 0.003565
0 0.918710 0.828897 0.006382 0.003565
0 0.125966 0.086502 0.009070 0.005228
0 0.199866 0.086502 0.009070 0.005228
0 0.229090 0.089116 0.009070 0.005228
0 0.302654 0.089116 0.009070 0.005228
0 0.327511 0.091492 0.009070 0.005228
0 0.376554 0.081511 0.009070 0.005228
0 0.425596 0.081511 0.009070 0.005228
0 0.499496 0.081511 0.009070 0.005228
0 0.542157 0.081511 0.009070 0.005228
0 0.615721 0.081511 0.009070 0.005228
0 0.645952 0.081511 0.009070 0.005228
0 0.684582 0.089116 0.009070 0.005228
0 0.758482 0.084125 0.009070 0.005228
0 0.783003 0.086502 0.009070 0.005228
0 0.906281 0.086502 0.009070 0.005228
0 0.125966 0.319154 0.009070 0.005228
0 0.203897 0.319154 0.009070 0.005228
0 0.238495 0.316778 0.009070 0.005228
0 0.316426 0.316778 0.009070 0.005228
0 0.346658 0.314163 0.009070 0.005228
0 0.424589 0.306559 0.009070 0.005228
0 0.450789 0.306559 0.009070 0.005228
0 0.528720 0.306559 0.009070 0.005228
0 0.563319 0.306559 0.009070 0.005228
0 0.612361 0.311549 0.009070 0.005228
0 0.661404 0.309173 0.009070 0.005228
0 0.710111 0.314163 0.009070 0.005228
0 0.759154 0.314163 0.009070 0.005228
0 0.783675 0.306559 0.009070 0.005228
0 0.857239 0.314163 0.009070 0.005228
0 0.881760 0.306559 0.009070 0.005228
0 0.125966 0.543726 0.009070 0.005228
0 0.177024 0.548717 0.009070 0.005228
0 0.228418 0.546340 0.009070 0.005228
0 0.279476 0.551331 0.009070 0.005228
0 0.330870 0.551331 0.009070 0.005228
0 0.356399 0.538736 0.009070 0.005228
0 0.432986 0.543726 0.009070 0.005228
0 0.458851 0.548717 0.009070 0.005228
0 0.543836 0.551331 0.009070 0.005228
0 0.595230 0.556321 0.009070 0.005228
0 0.646624 0.558935 0.009070 0.005228
0 0.698354 0.551331 0.009070 0.005228
0 0.749748 0.556321 0.009070 0.005228
0 0.775277 0.561312 0.009070 0.005228
