0 0.113873 0.187262 0.009405 0.005466
0 0.180047 0.189876 0.009405 0.005466
0 0.262345 0.192490 0.009405 0.005466
0 0.451461 0.195105 0.009405 0.005466
0 0.568693 0.200570 0.009405 0.005466
0 0.642257 0.203184 0.009405 0.005466
0 0.727578 0.205798 0.009405 0.005466
0 0.854216 0.200570 0.009405 0.005466
0 0.904938 0.205798 0.009405 0.005466
0 0.145113 0.650903 0.009405 0.005466
0 0.211287 0.653517 0.009405 0.005466
0 0.294256 0.666825 0.009405 0.005466
0 0.454148 0.669439 0.009405 0.005466
0 0.559288 0.664211 0.009405 0.005466
0 0.153846 0.893061 0.009405 0.005466
0 0.325831 0.895675 0.009405 0.005466
0 0.113873 0.182034 0.009405 0.005466
0 0.262345 0.184648 0.009405 0.005466
0 0.451461 0.182034 0.009405 0.005466
0 0.510245 0.184648 0.009405 0.005466
0 0.568693 0.187262 0.009405 0.005466
0 0.642257 0.189876 0.009405 0.005466
0 0.727578 0.195342 0.009405 0.005466
0 0.791065 0.192490 0.009405 0.005466
0 0.854216 0.189876 0.009405 0.005466
0 0.904938 0.192490 0.009405 0.005466
0 0.109842 0.440352 0.009405 0.005466
0 0.109842 0.429895 0.009405 0.005466
0 0.409137 0.458888 0.009405 0.005466
0 0.409137 0.440352 0.009405 0.005466
0 0.602956 0.437738 0.009405 0.005466
0 0.611690 0.435124 0.009405 0.005466
0 0.719516 0.440352 0.009405 0.005466
0 0.719516 0.435124 0.009405 0.005466
0 0.828687 0.432510 0.009405 0.005466
0 0.828687 0.422053 0.009405 0.005466
0 0.828687 0.413973 0.009405 0.005466
0 0.145113 0.645675 0.009405 0.005466
0 0.294256 0.656369 0.009405 0.005466
0 0.360430 0.653517 0.009405 0.005466
0 0.454148 0.650903 0.011085 0.005466
0 0.678200 0.661597 0.009405 0.005466
0 0.678200 0.650903 0.009405 0.005466
0 0.813571 0.664211 0.009405 0.005466
0 0.813571 0.650903 0.009405 0.005466
0 0.153846 0.882367 0.009405 0.005466
0 0.268391 0.884981 0.009405 0.005466
0 0.415183 0.898289 0.009405 0.005466
0 0.415183 0.884981 0.009405 0.005466
0 0.558952 0.900903 0.009405 0.005466
0 0.558952 0.887595 0.009405 0.005466
0 0.616392 0.906131 0.009405 0.005466
0 0.616392 0.882367 0.009405 0.005466
0 0.705072 0.903517 0.009405 0.005466
0 0.705072 0.884981 0.009405 0.005466
0 0.451461 0.146863 0.011085 0.005466
0 0.727578 0.152091 0.011085 0.005466
0 0.294256 0.619297 0.009405 0.005466
0 0.294256 0.600998 0.009405 0.005466
0 0.454148 0.616683 0.009405 0.005466
0 0.568021 0.611454 0.009405 0.005466
0 0.678200 0.614068 0.009405 0.005466
0 0.813571 0.616683 0.009405 0.005466
0 0.813571 0.608840 0.009405 0.005466
0 0.153846 0.845532 0.011085 0.005466
0 0.415183 0.845532 0.011085 0.005466
0 0.113873 0.146863 0.009405 0.005466
0 0.113873 0.133793 0.009405 0.005466
0 0.262345 0.149477 0.009405 0.005466
0 0.262345 0.139021 0.009405 0.005466
0 0.271078 0.136407 0.009405 0.005466
0 0.451461 0.139021 0.009405 0.005466
0 0.510245 0.141635 0.009405 0.005466
0 0.568693 0.144249 0.009405 0.005466
0 0.642257 0.136407 0.009405 0.005466
0 0.727578 0.141635 0.009405 0.005466
0 0.791065 0.144249 0.009405 0.005466
0 0.854216 0.146863 0.009405 0.005466
0 0.109842 0.392348 0.009405 0.005466
0 0.109842 0.379278 0.009405 0.005466
0 0.173665 0.389734 0.009405 0.005466
0 0.173665 0.384506 0.009405 0.005466
0 0.173665 0.376663 0.009405 0.005466
0 0.237823 0.387120 0.009405 0.005466
0 0.237823 0.381892 0.009405 0.005466
0 0.237823 0.374049 0.009405 0.005466
0 0.317434 0.384506 0.009405 0.005466
0 0.317434 0.379278 0.009405 0.005466
0 0.317434 0.371435 0.009405 0.005466
0 0.409137 0.381892 0.009405 0.005466
0 0.409137 0.376663 0.009405 0.005466
0 0.409137 0.368584 0.009405 0.005466
0 0.465569 0.379278 0.009405 0.005466
0 0.465569 0.374049 0.009405 0.005466
0 0.465569 0.365970 0.009405 0.005466
0 0.521666 0.376663 0.009405 0.005466
0 0.521666 0.371435 0.009405 0.005466
0 0.521666 0.363356 0.009405 0.005466
0 0.602956 0.374049 0.009405 0.005466
0 0.602956 0.368584 0.009405 0.005466
0 0.602956 0.360741 0.009405 0.005466
0 0.719516 0.374049 0.009405 0.005466
0 0.719516 0.365970 0.009405 0.005466
0 0.719516 0.360741 0.009405 0.005466
0 0.828687 0.384506 0.009405 0.005466
0 0.828687 0.379278 0.009405 0.005466
0 0.828687 0.371435 0.009405 0.005466
0 0.828687 0.365970 0.009405 0.005466
0 0.145113 0.616683 0.009405 0.005466
0 0.145113 0.608840 0.009405 0.005466
0 0.145113 0.603612 0.009405 0.005466
0 0.145113 0.598384 0.009405 0.005466
0 0.297279 0.608840 0.009405 0.005466
0 0.360430 0.611454 0.009405 0.005466
0 0.454148 0.600998 0.009405 0.005466
0 0.506550 0.603612 0.009405 0.005466
0 0.559288 0.608840 0.009405 0.005466
0 0.611690 0.598384 0.009405 0.005466
0 0.678200 0.598384 0.009405 0.005466
0 0.734968 0.600998 0.009405 0.005466
0 0.813571 0.598384 0.009405 0.005466
0 0.884447 0.603612 0.009405 0.005466
0 0.153846 0.835076 0.009405 0.005466
0 0.211287 0.832462 0.009405 0.005466
0 0.268391 0.837690 0.009405 0.005466
0 0.325831 0.835076 0.009405 0.005466
0 0.415183 0.832462 0.009405 0.005466
0 0.487068 0.829848 0.009405 0.005466
0 0.558952 0.826996 0.009405 0.005466
0 0.616392 0.832462 0.009405 0.005466
0 0.705072 0.850760 0.009405 0.005466
0 0.705072 0.837690 0.009405 0.005466
0 0.760833 0.848146 0.009405 0.005466
0 0.760833 0.835076 0.009405 0.005466
0 0.816594 0.845532 0.009405 0.005466
0 0.816594 0.832462 0.009405 0.005466
0 0.886127 0.842918 0.009405 0.005466
0 0.886127 0.829848 0.009405 0.005466
0 0.113873 0.072956 0.009405 0.005466
0 0.180047 0.072956 0.009405 0.005466
0 0.221028 0.072956 0.009405 0.005466
0 0.262345 0.070342 0.009405 0.005466
0 0.303325 0.070342 0.009405 0.005466
0 0.352032 0.072956 0.009405 0.005466
0 0.393349 0.070342 0.009405 0.005466
0 0.451461 0.067728 0.009405 0.005466
0 0.605643 0.086027 0.009405 0.005466
0 0.642257 0.083413 0.009405 0.005466
0 0.678871 0.080798 0.009405 0.005466
0 0.727578 0.075570 0.009405 0.005466
0 0.759154 0.080798 0.009405 0.005466
0 0.791065 0.083413 0.009405 0.005466
0 0.822640 0.080798 0.009405 0.005466
0 0.854216 0.086027 0.009405 0.005466
0 0.109842 0.316778 0.009405 0.005466
0 0.277461 0.316778 0.009405 0.005466
0 0.317434 0.316778 0.009405 0.005466
0 0.357407 0.316778 0.009405 0.005466
0 0.409137 0.316778 0.009405 0.005466
0 0.556937 0.316778 0.009405 0.005466
0 0.602956 0.316778 0.009405 0.005466
0 0.638226 0.316778 0.009405 0.005466
0 0.719516 0.316778 0.009405 0.005466
0 0.892173 0.303707 0.009405 0.005466
0 0.145113 0.533032 0.009405 0.005466
0 0.211287 0.538260 0.009405 0.005466
0 0.252939 0.538260 0.009405 0.005466
0 0.294256 0.543726 0.009405 0.005466
0 0.360430 0.546340 0.009405 0.005466
0 0.402083 0.546340 0.009405 0.005466
0 0.454148 0.551568 0.009405 0.005466
0 0.559288 0.551568 0.009405 0.005466
0 0.611690 0.533032 0.009405 0.005466
0 0.678200 0.530418 0.009405 0.005466
0 0.777964 0.530418 0.009405 0.005466
0 0.813571 0.533032 0.009405 0.005466
0 0.849177 0.533032 0.009405 0.005466
0 0.884447 0.533032 0.009405 0.005466
0 0.920054 0.530418 0.009405 0.005466
0 0.153846 0.762120 0.009405 0.005466
0 0.211287 0.764734 0.009405 0.005466
0 0.325831 0.764734 0.009405 0.005466
0 0.364461 0.764734 0.009405 0.005466
0 0.415183 0.764734 0.009405 0.005466
0 0.451125 0.769962 0.009405 0.005466
0 0.487068 0.775190 0.009405 0.005466
0 0.523010 0.772576 0.009405 0.005466
0 0.558952 0.769962 0.009405 0.005466
0 0.616392 0.777804 0.009405 0.005466
0 0.652335 0.777804 0.009405 0.005466
0 0.705072 0.780656 0.009405 0.005466
0 0.851192 0.780656 0.009405 0.005466
0 0.886127 0.780656 0.009405 0.005466
0 0.920726 0.780656 0.009405 0.005466
