0 0.110178 0.380941 0.007726 0.004515
0 0.165939 0.389734 0.007726 0.004515
0 0.293248 0.389734 0.007726 0.004515
0 0.441048 0.394011 0.007726 0.004515
0 0.527712 0.394011 0.007726 0.004515
0 0.570709 0.396150 0.007726 0.004515
0 0.657373 0.398527 0.007726 0.004515
0 0.716493 0.400665 0.007726 0.004515
0 0.789721 0.402804 0.007726 0.004515
0 0.835741 0.404943 0.007726 0.004515
0 0.872355 0.396150 0.007726 0.004515
0 0.908969 0.394011 0.007726 0.004515
0 0.931811 0.391873 0.007726 0.004515
0 0.110178 0.839829 0.007726 0.004515
0 0.151159 0.842205 0.007726 0.004515
0 0.202553 0.844344 0.007726 0.004515
0 0.254283 0.846483 0.007726 0.004515
0 0.336580 0.831274 0.007726 0.004515
0 0.399395 0.839829 0.007726 0.004515
0 0.439368 0.842205 0.007726 0.004515
0 0.479342 0.844344 0.007726 0.004515
0 0.519651 0.846483 0.007726 0.004515
0 0.599597 0.846483 0.007726 0.004515
0 0.660396 0.846483 0.007726 0.004515
0 0.762513 0.846483 0.007726 0.004515
0 0.818945 0.848622 0.007726 0.004515
0 0.909641 0.833413 0.007726 0.004515
0 0.110178 0.380941 0.007726 0.004515
0 0.165939 0.380941 0.007726 0.004515
0 0.250588 0.389734 0.007726 0.004515
0 0.250588 0.383080 0.007726 0.004515
0 0.293248 0.383080 0.007726 0.004515
0 0.377897 0.391873 0.007726 0.004515
0 0.377897 0.383080 0.007726 0.004515
0 0.441048 0.385219 0.007726 0.004515
0 0.484380 0.387595 0.007726 0.004515
0 0.527712 0.387595 0.007726 0.004515
0 0.570709 0.385219 0.007726 0.004515
0 0.614041 0.387595 0.007726 0.004515
0 0.716493 0.389734 0.007726 0.004515
0 0.789721 0.383080 0.007726 0.004515
0 0.835741 0.385219 0.007726 0.004515
0 0.908969 0.387595 0.007726 0.004515
0 0.110178 0.839829 0.007726 0.004515
0 0.151159 0.837690 0.007726 0.004515
0 0.202553 0.839829 0.007726 0.004515
0 0.254283 0.837690 0.007726 0.004515
0 0.336580 0.831274 0.007726 0.004515
0 0.399395 0.831274 0.007726 0.004515
0 0.479342 0.833413 0.007726 0.004515
0 0.519651 0.833413 0.007726 0.004515
0 0.599597 0.835551 0.007726 0.004515
0 0.660396 0.835551 0.007726 0.004515
0 0.762513 0.839829 0.007726 0.004515
0 0.818945 0.833413 0.007726 0.004515
0 0.864293 0.831274 0.007726 0.004515
0 0.909641 0.828897 0.007726 0.004515
0 0.110178 0.337215 0.007726 0.004515
0 0.165939 0.330561 0.007726 0.004515
0 0.208263 0.332700 0.007726 0.004515
0 0.250588 0.334838 0.007726 0.004515
0 0.293248 0.334838 0.007726 0.004515
0 0.377897 0.337215 0.007726 0.004515
0 0.441048 0.337215 0.007726 0.004515
0 0.484380 0.339354 0.007726 0.004515
0 0.527712 0.339354 0.007726 0.004515
0 0.570709 0.337215 0.007726 0.004515
0 0.716493 0.337215 0.007726 0.004515
0 0.789721 0.339354 0.007726 0.004515
0 0.835741 0.337215 0.007726 0.004515
0 0.908969 0.337215 0.007726 0.004515
0 0.110178 0.791350 0.007726 0.004515
0 0.202553 0.784696 0.007726 0.004515
0 0.254283 0.784696 0.007726 0.004515
0 0.295264 0.786835 0.007726 0.004515
0 0.336580 0.791350 0.007726 0.004515
0 0.399395 0.784696 0.007726 0.004515
0 0.479342 0.784696 0.007726 0.004515
0 0.519651 0.786835 0.007726 0.004515
0 0.599597 0.786835 0.007726 0.004515
0 0.667786 0.786835 0.007726 0.004515
0 0.762513 0.786835 0.007726 0.004515
0 0.818945 0.788973 0.007726 0.004515
0 0.864293 0.786835 0.007726 0.004515
0 0.909641 0.784696 0.007726 0.004515
0 0.110178 0.337215 0.007726 0.004515
0 0.133356 0.330561 0.007726 0.004515
0 0.165939 0.326283 0.007726 0.004515
0 0.250588 0.323907 0.007726 0.004515
0 0.293248 0.326283 0.007726 0.004515
0 0.335573 0.328422 0.007726 0.004515
0 0.377897 0.326283 0.007726 0.004515
0 0.404434 0.328422 0.007726 0.004515
0 0.441048 0.330561 0.007726 0.004515
0 0.527712 0.330561 0.007726 0.004515
0 0.570709 0.330561 0.007726 0.004515
0 0.614041 0.332700 0.007726 0.004515
0 0.716493 0.330561 0.007726 0.004515
0 0.753107 0.337215 0.007726 0.004515
0 0.789721 0.334838 0.007726 0.004515
0 0.812563 0.332700 0.007726 0.004515
0 0.835741 0.330561 0.007726 0.004515
0 0.908969 0.328422 0.007726 0.004515
0 0.110178 0.780418 0.007726 0.004515
0 0.177024 0.782557 0.007726 0.004515
0 0.202553 0.780418 0.007726 0.004515
0 0.228418 0.778042 0.007726 0.004515
0 0.254283 0.775903 0.007726 0.004515
0 0.336580 0.791350 0.007726 0.004515
0 0.362110 0.784696 0.007726 0.004515
0 0.399395 0.780418 0.007726 0.004515
0 0.479342 0.778042 0.007726 0.004515
0 0.519651 0.780418 0.007726 0.004515
0 0.559624 0.782557 0.007726 0.004515
0 0.599597 0.780418 0.007726 0.004515
0 0.624790 0.782557 0.007726 0.004515
0 0.660396 0.784696 0.007726 0.004515
0 0.705744 0.782557 0.007726 0.004515
0 0.733960 0.780418 0.007726 0.004515
0 0.762513 0.778042 0.007726 0.004515
0 0.790729 0.775903 0.007726 0.004515
0 0.818945 0.773764 0.007726 0.004515
0 0.909641 0.773764 0.007726 0.004515
0 0.110178 0.259268 0.007726 0.004515
0 0.165939 0.268061 0.007726 0.004515
0 0.250588 0.268061 0.007726 0.004515
0 0.293248 0.268061 0.007726 0.004515
0 0.377897 0.270200 0.007726 0.004515
0 0.441048 0.272338 0.007726 0.004515
0 0.527712 0.272338 0.007726 0.004515
0 0.570709 0.274715 0.007726 0.004515
0 0.657373 0.276854 0.007726 0.004515
0 0.716493 0.278992 0.007726 0.004515
0 0.789721 0.281131 0.007726 0.004515
0 0.835741 0.283508 0.007726 0.004515
0 0.872355 0.274715 0.007726 0.004515
0 0.908969 0.272338 0.007726 0.004515
0 0.931811 0.270200 0.007726 0.004515
0 0.110178 0.716017 0.007726 0.004515
0 0.151159 0.718156 0.007726 0.004515
0 0.202553 0.720295 0.007726 0.004515
0 0.254283 0.722433 0.007726 0.004515
0 0.336580 0.707224 0.007726 0.004515
0 0.399395 0.716017 0.007726 0.004515
0 0.439368 0.718156 0.007726 0.004515
0 0.479342 0.720295 0.007726 0.004515
0 0.519651 0.722433 0.007726 0.004515
0 0.599597 0.722433 0.007726 0.004515
0 0.660396 0.722433 0.007726 0.004515
0 0.762513 0.722433 0.007726 0.004515
0 0.818945 0.724810 0.007726 0.004515
0 0.909641 0.709363 0.007726 0.004515
0 0.110178 0.204848 0.007726 0.004515
0 0.165939 0.204848 0.007726 0.004515
0 0.250588 0.206987 0.007726 0.004515
0 0.293248 0.206987 0.007726 0.004515
0 0.377897 0.206987 0.007726 0.004515
0 0.441048 0.209363 0.007726 0.004515
0 0.484380 0.211502 0.007726 0.004515
0 0.527712 0.211502 0.007726 0.004515
0 0.570709 0.209363 0.007726 0.004515
0 0.614041 0.211502 0.007726 0.004515
0 0.716493 0.213641 0.007726 0.004515
0 0.789721 0.206987 0.007726 0.004515
0 0.835741 0.209363 0.007726 0.004515
0 0.908969 0.211502 0.007726 0.004515
0 0.110178 0.661122 0.007726 0.004515
0 0.151159 0.658745 0.007726 0.004515
0 0.202553 0.661122 0.007726 0.004515
0 0.254283 0.658745 0.007726 0.004515
0 0.336580 0.652329 0.007726 0.004515
0 0.399395 0.652329 0.007726 0.004515
0 0.479342 0.654468 0.007726 0.004515
0 0.519651 0.654468 0.007726 0.004515
0 0.599597 0.656606 0.007726 0.004515
0 0.660396 0.656606 0.007726 0.004515
0 0.762513 0.661122 0.007726 0.004515
0 0.818945 0.654468 0.007726 0.004515
0 0.864293 0.652329 0.007726 0.004515
0 0.909641 0.650190 0.007726 0.004515
0 0.110178 0.150190 0.007726 0.004515
0 0.165939 0.143774 0.007726 0.004515
0 0.208263 0.145913 0.007726 0.004515
0 0.250588 0.148051 0.007726 0.004515
0 0.293248 0.148051 0.007726 0.004515
0 0.377897 0.150190 0.007726 0.004515
0 0.441048 0.150190 0.007726 0.004515
0 0.484380 0.152329 0.007726 0.004515
0 0.527712 0.152329 0.007726 0.004515
0 0.570709 0.150190 0.007726 0.004515
0 0.716493 0.150190 0.007726 0.004515
0 0.789721 0.152329 0.007726 0.004515
0 0.835741 0.150190 0.007726 0.004515
0 0.908969 0.150190 0.007726 0.004515
0 0.110178 0.601473 0.007726 0.004515
0 0.202553 0.595057 0.007726 0.004515
0 0.254283 0.595057 0.007726 0.004515
0 0.295264 0.597196 0.007726 0.004515
0 0.336580 0.601473 0.007726 0.004515
0 0.399395 0.595057 0.007726 0.004515
0 0.479342 0.595057 0.007726 0.004515
0 0.519651 0.597196 0.007726 0.004515
0 0.599597 0.597196 0.007726 0.004515
0 0.660396 0.597196 0.007726 0.004515
0 0.762513 0.597196 0.007726 0.004515
0 0.818945 0.599335 0.007726 0.004515
0 0.864293 0.597196 0.007726 0.004515
0 0.909641 0.595057 0.007726 0.004515
0 0.110178 0.083650 0.007726 0.004515
0 0.133356 0.077234 0.007726 0.004515
0 0.165939 0.072719 0.007726 0.004515
0 0.250588 0.070580 0.007726 0.004515
0 0.293248 0.072719 0.007726 0.004515
0 0.335573 0.075095 0.007726 0.004515
0 0.377897 0.072719 0.007726 0.004515
0 0.404434 0.075095 0.007726 0.004515
0 0.441048 0.077234 0.007726 0.004515
0 0.527712 0.077234 0.007726 0.004515
0 0.570709 0.077234 0.007726 0.004515
0 0.614041 0.079373 0.007726 0.004515
0 0.716493 0.077234 0.007726 0.004515
0 0.753107 0.083650 0.007726 0.004515
0 0.789721 0.081511 0.007726 0.004515
0 0.812563 0.079373 0.007726 0.004515
0 0.835741 0.077234 0.007726 0.004515
0 0.908969 0.075095 0.007726 0.004515
0 0.110178 0.523289 0.007726 0.004515
0 0.177024 0.525428 0.007726 0.004515
0 0.202553 0.523289 0.007726 0.004515
0 0.228418 0.520913 0.007726 0.004515
0 0.254283 0.518774 0.007726 0.004515
0 0.336580 0.534221 0.007726 0.004515
0 0.362110 0.527567 0.007726 0.004515
0 0.399395 0.523289 0.007726 0.004515
0 0.479342 0.520913 0.007726 0.004515
0 0.519651 0.523289 0.007726 0.004515
0 0.559624 0.525428 0.007726 0.004515
0 0.599597 0.523289 0.007726 0.004515
0 0.624790 0.525428 0.007726 0.004515
0 0.660396 0.527567 0.007726 0.004515
0 0.705744 0.525428 0.007726 0.004515
0 0.733960 0.523289 0.007726 0.004515
0 0.762513 0.520913 0.007726 0.004515
0 0.790729 0.518774 0.007726 0.004515
0 0.818945 0.516635 0.007726 0.004515
0 0.909641 0.516635 0.007726 0.004515
