0 0.131340 0.230513 0.011085 0.005466
0 0.155862 0.431321 0.009405 0.005466
0 0.209943 0.431321 0.009405 0.005466
0 0.264024 0.431321 0.009405 0.005466
0 0.318105 0.431321 0.009405 0.005466
0 0.463218 0.693916 0.009405 0.005466
0 0.463218 0.675380 0.009405 0.005466
0 0.523010 0.691302 0.009405 0.005466
0 0.523010 0.672766 0.009405 0.005466
0 0.597917 0.688688 0.009405 0.005466
0 0.597917 0.670152 0.009405 0.005466
0 0.726234 0.699144 0.011085 0.005466
0 0.726234 0.680608 0.011085 0.005466
0 0.140410 0.865019 0.009405 0.005466
0 0.162916 0.872861 0.009405 0.005466
0 0.185422 0.862405 0.009405 0.005466
0 0.207927 0.872861 0.009405 0.005466
0 0.230433 0.859791 0.009405 0.005466
0 0.253275 0.872861 0.009405 0.005466
0 0.275781 0.865019 0.009405 0.005466
0 0.298287 0.872861 0.009405 0.005466
0 0.332214 0.883555 0.009405 0.005466
0 0.357407 0.891397 0.009405 0.005466
0 0.382936 0.880941 0.009405 0.005466
0 0.408129 0.891397 0.009405 0.005466
0 0.433658 0.883555 0.009405 0.005466
0 0.459187 0.891397 0.009405 0.005466
0 0.567686 0.883555 0.009405 0.005466
0 0.593215 0.891397 0.009405 0.005466
0 0.618408 0.880941 0.009405 0.005466
0 0.643937 0.891397 0.009405 0.005466
0 0.669130 0.883555 0.009405 0.005466
0 0.694659 0.891397 0.009405 0.005466
0 0.803493 0.883555 0.009405 0.005466
0 0.827007 0.891397 0.009405 0.005466
0 0.850521 0.880941 0.009405 0.005466
0 0.873698 0.891397 0.009405 0.005466
0 0.897212 0.909696 0.009405 0.005466
0 0.897212 0.891397 0.009405 0.005466
0 0.131676 0.217443 0.009405 0.005466
0 0.160900 0.211977 0.009405 0.005466
0 0.190124 0.220057 0.009405 0.005466
0 0.219348 0.211977 0.009405 0.005466
0 0.248572 0.222671 0.009405 0.005466
0 0.278132 0.211977 0.009405 0.005466
0 0.314746 0.211977 0.009405 0.005466
0 0.396708 0.166825 0.009405 0.005466
0 0.463890 0.161359 0.009405 0.005466
0 0.463890 0.156131 0.009405 0.005466
0 0.497481 0.163973 0.009405 0.005466
0 0.497481 0.158745 0.009405 0.005466
0 0.531072 0.166825 0.009405 0.005466
0 0.531072 0.161359 0.009405 0.005466
0 0.606987 0.169439 0.009405 0.005466
0 0.606987 0.163973 0.009405 0.005466
0 0.640578 0.166825 0.009405 0.005466
0 0.640578 0.161359 0.009405 0.005466
0 0.699698 0.163973 0.009405 0.005466
0 0.779308 0.166825 0.009405 0.005466
0 0.858582 0.169439 0.009405 0.005466
0 0.898556 0.172053 0.009405 0.005466
0 0.155862 0.423241 0.009405 0.005466
0 0.182734 0.418013 0.009405 0.005466
0 0.209943 0.420627 0.009405 0.005466
0 0.237151 0.425856 0.009405 0.005466
0 0.264024 0.423241 0.009405 0.005466
0 0.291233 0.418013 0.009405 0.005466
0 0.318105 0.420627 0.009405 0.005466
0 0.345314 0.425856 0.009405 0.005466
0 0.400067 0.389021 0.009405 0.005466
0 0.471952 0.381179 0.009405 0.005466
0 0.524353 0.383793 0.009405 0.005466
0 0.544508 0.386407 0.009405 0.005466
0 0.619416 0.383793 0.009405 0.005466
0 0.708767 0.381179 0.009405 0.005466
0 0.779308 0.391635 0.009405 0.005466
0 0.779308 0.381179 0.009405 0.005466
0 0.827679 0.383793 0.009405 0.005466
0 0.907289 0.394249 0.009405 0.005466
0 0.907289 0.383793 0.009405 0.005466
0 0.128989 0.607177 0.009405 0.005466
0 0.230769 0.617633 0.009405 0.005466
0 0.230769 0.607177 0.009405 0.005466
0 0.285522 0.615019 0.009405 0.005466
0 0.285522 0.609791 0.009405 0.005466
0 0.364797 0.667538 0.009405 0.005466
0 0.364797 0.657082 0.009405 0.005466
0 0.463218 0.662310 0.009405 0.005466
0 0.597917 0.659696 0.009405 0.005466
0 0.726570 0.662310 0.009405 0.005466
0 0.753779 0.662310 0.009405 0.005466
0 0.781323 0.659696 0.009405 0.005466
0 0.808868 0.662310 0.009405 0.005466
0 0.845818 0.657082 0.009405 0.005466
0 0.873362 0.662310 0.009405 0.005466
0 0.900907 0.654468 0.009405 0.005466
0 0.928116 0.662310 0.009405 0.005466
0 0.140410 0.854563 0.009405 0.005466
0 0.230433 0.854563 0.009405 0.005466
0 0.332214 0.872861 0.011085 0.005466
0 0.567686 0.872861 0.011085 0.005466
0 0.803493 0.872861 0.009405 0.005466
0 0.131676 0.172053 0.009405 0.005466
0 0.160900 0.161359 0.009405 0.005466
0 0.190124 0.174667 0.009405 0.005466
0 0.248572 0.177281 0.009405 0.005466
0 0.296271 0.174667 0.009405 0.005466
0 0.314746 0.172053 0.009405 0.005466
0 0.332885 0.169439 0.009405 0.005466
0 0.351360 0.166825 0.009405 0.005466
0 0.369499 0.163973 0.009405 0.005466
0 0.726234 0.601949 0.011085 0.005466
0 0.140410 0.808460 0.009405 0.005466
0 0.230433 0.811074 0.009405 0.005466
0 0.275781 0.808460 0.009405 0.005466
0 0.332214 0.829610 0.009405 0.005466
0 0.382936 0.826996 0.009405 0.005466
0 0.433658 0.829610 0.009405 0.005466
0 0.474975 0.826996 0.009405 0.005466
0 0.491770 0.824382 0.009405 0.005466
0 0.507558 0.821768 0.009405 0.005466
0 0.523346 0.818916 0.009405 0.005466
0 0.539133 0.816302 0.009405 0.005466
0 0.567686 0.829610 0.009405 0.005466
0 0.618408 0.826996 0.009405 0.005466
0 0.669130 0.829610 0.009405 0.005466
0 0.710447 0.826996 0.009405 0.005466
0 0.727242 0.824382 0.009405 0.005466
0 0.743030 0.821768 0.009405 0.005466
0 0.758818 0.818916 0.009405 0.005466
0 0.774941 0.816302 0.009405 0.005466
0 0.803493 0.829610 0.009405 0.005466
0 0.850521 0.826996 0.009405 0.005466
0 0.897212 0.880941 0.009405 0.005466
0 0.897212 0.872861 0.009405 0.005466
0 0.131340 0.161359 0.011085 0.005466
0 0.141753 0.158745 0.011085 0.005466
0 0.396708 0.161359 0.009405 0.005466
0 0.463890 0.150903 0.009405 0.005466
0 0.531072 0.153517 0.009405 0.005466
0 0.564662 0.156131 0.009405 0.005466
0 0.585825 0.158745 0.009405 0.005466
0 0.606987 0.156131 0.009405 0.005466
0 0.699698 0.158745 0.009405 0.005466
0 0.699698 0.153517 0.009405 0.005466
0 0.779308 0.161359 0.009405 0.005466
0 0.779308 0.153517 0.009405 0.005466
0 0.858582 0.161359 0.009405 0.005466
0 0.858582 0.156131 0.009405 0.005466
0 0.898556 0.163973 0.009405 0.005466
0 0.898556 0.158745 0.009405 0.005466
0 0.155862 0.394249 0.009405 0.005466
0 0.155862 0.386407 0.009405 0.005466
0 0.182734 0.389021 0.009405 0.005466
0 0.182734 0.381179 0.009405 0.005466
0 0.209943 0.391635 0.009405 0.005466
0 0.209943 0.383793 0.009405 0.005466
0 0.237151 0.389021 0.009405 0.005466
0 0.237151 0.378565 0.009405 0.005466
0 0.264024 0.394249 0.009405 0.005466
0 0.264024 0.386407 0.009405 0.005466
0 0.291233 0.389021 0.009405 0.005466
0 0.291233 0.381179 0.009405 0.005466
0 0.318105 0.391635 0.009405 0.005466
0 0.318105 0.383793 0.009405 0.005466
0 0.345314 0.389021 0.009405 0.005466
0 0.345314 0.378565 0.009405 0.005466
0 0.400067 0.378565 0.009405 0.005466
0 0.439704 0.378565 0.009405 0.005466
0 0.471952 0.375951 0.009405 0.005466
0 0.504199 0.375951 0.009405 0.005466
0 0.544508 0.373337 0.009405 0.005466
0 0.577091 0.373337 0.009405 0.005466
0 0.597246 0.375951 0.009405 0.005466
0 0.619416 0.378565 0.009405 0.005466
0 0.639570 0.375951 0.009405 0.005466
0 0.659725 0.373337 0.009405 0.005466
0 0.708767 0.375951 0.009405 0.005466
0 0.708767 0.370722 0.009405 0.005466
0 0.779308 0.375951 0.009405 0.005466
0 0.779308 0.368108 0.009405 0.005466
0 0.827679 0.378565 0.009405 0.005466
0 0.827679 0.373337 0.009405 0.005466
0 0.907289 0.378565 0.009405 0.005466
0 0.907289 0.370722 0.009405 0.005466
0 0.128989 0.601949 0.009405 0.005466
0 0.128989 0.596721 0.009405 0.005466
0 0.230769 0.601949 0.009405 0.005466
0 0.230769 0.594106 0.009405 0.005466
0 0.285522 0.604563 0.009405 0.005466
0 0.285522 0.596721 0.009405 0.005466
0 0.364797 0.607177 0.009405 0.005466
0 0.364797 0.601949 0.009405 0.005466
0 0.463218 0.609791 0.009405 0.005466
0 0.523010 0.607177 0.009405 0.005466
0 0.597917 0.604563 0.009405 0.005466
0 0.726570 0.583413 0.009405 0.005466
0 0.781323 0.586027 0.009405 0.005466
0 0.808868 0.583413 0.009405 0.005466
0 0.825999 0.586027 0.009405 0.005466
0 0.845818 0.586027 0.009405 0.005466
0 0.873362 0.583413 0.009405 0.005466
0 0.900907 0.588641 0.009405 0.005466
0 0.140410 0.800618 0.009405 0.005466
0 0.162916 0.795390 0.009405 0.005466
0 0.185422 0.803232 0.009405 0.005466
0 0.230433 0.805846 0.009405 0.005466
0 0.253275 0.795390 0.009405 0.005466
0 0.275781 0.800618 0.009405 0.005466
0 0.332214 0.813688 0.011085 0.005466
0 0.342291 0.811074 0.011085 0.005466
0 0.567686 0.813688 0.011085 0.005466
0 0.578099 0.811074 0.011085 0.005466
0 0.803493 0.813688 0.009405 0.005466
0 0.812227 0.811074 0.009405 0.005466
0 0.897212 0.826996 0.009405 0.005466
0 0.430299 0.086027 0.009405 0.005466
0 0.463890 0.075570 0.009405 0.005466
0 0.497481 0.075570 0.009405 0.005466
0 0.531072 0.078184 0.009405 0.005466
0 0.564662 0.080798 0.009405 0.005466
0 0.585825 0.083413 0.009405 0.005466
0 0.606987 0.080798 0.009405 0.005466
0 0.699698 0.078184 0.009405 0.005466
0 0.739671 0.078184 0.009405 0.005466
0 0.779308 0.078184 0.009405 0.005466
0 0.818945 0.083413 0.009405 0.005466
0 0.858582 0.080798 0.009405 0.005466
0 0.898556 0.078184 0.009405 0.005466
0 0.155862 0.297766 0.009405 0.005466
0 0.264024 0.297766 0.006718 0.003802
0 0.400067 0.305608 0.009405 0.005466
0 0.439704 0.305608 0.009405 0.005466
0 0.471952 0.302994 0.009405 0.005466
0 0.504199 0.302994 0.009405 0.005466
0 0.544508 0.300380 0.009405 0.005466
0 0.577091 0.300380 0.009405 0.005466
0 0.619416 0.305608 0.009405 0.005466
0 0.708767 0.297766 0.009405 0.005466
0 0.744038 0.297766 0.009405 0.005466
0 0.779308 0.295152 0.009405 0.005466
0 0.828015 0.300380 0.006718 0.003802
0 0.862949 0.300380 0.009405 0.005466
0 0.885119 0.300380 0.009405 0.005466
0 0.907289 0.297766 0.009405 0.005466
0 0.128989 0.509030 0.009405 0.005466
0 0.153846 0.514259 0.009405 0.005466
0 0.178703 0.514259 0.009405 0.005466
0 0.203225 0.514259 0.009405 0.005466
0 0.230769 0.511644 0.009405 0.005466
0 0.285522 0.514259 0.009405 0.005466
0 0.325160 0.514259 0.009405 0.005466
0 0.364797 0.519487 0.009405 0.005466
0 0.404434 0.519487 0.009405 0.005466
0 0.463218 0.509030 0.009405 0.005466
0 0.523010 0.511644 0.009405 0.005466
0 0.560632 0.514259 0.009405 0.005466
0 0.597917 0.516873 0.009405 0.005466
0 0.670810 0.519487 0.009405 0.005466
0 0.726570 0.519487 0.009405 0.005466
0 0.845818 0.519487 0.006718 0.003802
