0 0.126973 0.229800 0.008398 0.004990
0 0.126973 0.220295 0.008398 0.004990
0 0.262009 0.229800 0.008398 0.004990
0 0.262009 0.220295 0.008398 0.004990
0 0.356063 0.229800 0.008398 0.004990
0 0.525025 0.229800 0.008398 0.004990
0 0.560967 0.229800 0.008398 0.004990
0 0.579778 0.225048 0.008398 0.004990
0 0.628821 0.225048 0.008398 0.004990
0 0.846154 0.225048 0.008398 0.004990
0 0.115888 0.460551 0.008398 0.004990
0 0.259993 0.460551 0.008398 0.004990
0 0.337924 0.460551 0.008398 0.004990
0 0.418878 0.458175 0.008398 0.004990
0 0.418878 0.448669 0.008398 0.004990
0 0.555593 0.458175 0.008398 0.004990
0 0.555593 0.448669 0.008398 0.004990
0 0.646624 0.455798 0.008398 0.004990
0 0.646624 0.446293 0.008398 0.004990
0 0.763184 0.465304 0.008398 0.004990
0 0.763184 0.455798 0.008398 0.004990
0 0.891166 0.465304 0.008398 0.004990
0 0.891166 0.455798 0.008398 0.004990
0 0.120255 0.679895 0.008398 0.004990
0 0.120255 0.670390 0.008398 0.004990
0 0.258986 0.679895 0.008398 0.004990
0 0.258986 0.670390 0.008398 0.004990
0 0.331206 0.679895 0.008398 0.004990
0 0.331206 0.672766 0.008398 0.004990
0 0.323480 0.663498 0.008398 0.004990
0 0.473631 0.679895 0.008398 0.004990
0 0.473631 0.672766 0.008398 0.004990
0 0.548539 0.679895 0.008398 0.004990
0 0.548539 0.670390 0.008398 0.004990
0 0.665099 0.679895 0.008398 0.004990
0 0.733289 0.679895 0.008398 0.004990
0 0.145448 0.878327 0.008398 0.004990
0 0.177360 0.880703 0.008398 0.004990
0 0.209607 0.883080 0.008398 0.004990
0 0.292576 0.883080 0.008398 0.004990
0 0.343970 0.880703 0.008398 0.004990
0 0.385959 0.892348 0.008398 0.004990
0 0.487068 0.908983 0.008398 0.004990
0 0.487068 0.892348 0.008398 0.004990
0 0.566006 0.901854 0.008398 0.004990
0 0.709103 0.901854 0.008398 0.004990
0 0.793416 0.901854 0.008398 0.004990
0 0.886799 0.901854 0.008398 0.004990
0 0.126973 0.208413 0.008398 0.004990
0 0.262009 0.206036 0.008398 0.004990
0 0.356063 0.220295 0.008398 0.004990
0 0.356063 0.208413 0.008398 0.004990
0 0.440712 0.208413 0.008398 0.004990
0 0.476654 0.220295 0.008398 0.004990
0 0.495129 0.213165 0.008398 0.004990
0 0.525025 0.220295 0.008398 0.004990
0 0.628821 0.208413 0.008398 0.004990
0 0.665099 0.210789 0.008398 0.004990
0 0.701377 0.215542 0.008398 0.004990
0 0.737655 0.208413 0.008398 0.004990
0 0.115888 0.448669 0.008398 0.004990
0 0.197850 0.451046 0.008398 0.004990
0 0.337924 0.451046 0.008398 0.004990
0 0.418878 0.443916 0.008398 0.004990
0 0.481693 0.443916 0.008398 0.004990
0 0.508902 0.443916 0.008398 0.004990
0 0.522674 0.437025 0.008398 0.004990
0 0.555593 0.443916 0.008398 0.004990
0 0.654014 0.448669 0.008398 0.004990
0 0.713134 0.451046 0.008398 0.004990
0 0.763184 0.443916 0.008398 0.004990
0 0.891166 0.443916 0.008398 0.004990
0 0.120255 0.658745 0.008398 0.004990
0 0.258986 0.658745 0.008398 0.004990
0 0.331206 0.661122 0.008398 0.004990
0 0.473631 0.661122 0.008398 0.004990
0 0.507894 0.672766 0.008398 0.004990
0 0.548539 0.656369 0.008398 0.004990
0 0.665099 0.670390 0.008398 0.004990
0 0.733289 0.670390 0.008398 0.004990
0 0.113537 0.875951 0.008398 0.004990
0 0.209607 0.873574 0.008398 0.004990
0 0.260665 0.873574 0.008398 0.004990
0 0.292576 0.875951 0.008398 0.004990
0 0.343970 0.880703 0.008398 0.004990
0 0.385959 0.887595 0.008398 0.004990
0 0.385959 0.878327 0.008398 0.004990
0 0.487068 0.887833 0.008398 0.004990
0 0.487068 0.878327 0.008398 0.004990
0 0.566006 0.892348 0.008398 0.004990
0 0.566006 0.880703 0.008398 0.004990
0 0.709103 0.892348 0.008398 0.004990
0 0.740007 0.892348 0.008398 0.004990
0 0.755459 0.885456 0.008398 0.004990
0 0.793416 0.892348 0.008398 0.004990
0 0.886799 0.892348 0.008398 0.004990
0 0.126973 0.161359 0.008398 0.004990
0 0.262009 0.163736 0.008398 0.004990
0 0.356063 0.161359 0.008398 0.004990
0 0.392341 0.168251 0.008398 0.004990
0 0.410816 0.161359 0.008398 0.004990
0 0.440712 0.168251 0.008398 0.004990
0 0.628821 0.168251 0.008398 0.004990
0 0.620759 0.158983 0.008398 0.004990
0 0.628821 0.156606 0.008398 0.004990
0 0.846154 0.168251 0.008398 0.004990
0 0.838428 0.158983 0.008398 0.004990
0 0.846154 0.156606 0.008398 0.004990
0 0.115888 0.410646 0.008398 0.004990
0 0.115888 0.406131 0.008398 0.004990
0 0.197850 0.413023 0.008398 0.004990
0 0.197850 0.408270 0.008398 0.004990
0 0.337924 0.413023 0.008398 0.004990
0 0.337924 0.408508 0.008398 0.004990
0 0.418878 0.406131 0.008398 0.004990
0 0.555593 0.406131 0.008398 0.004990
0 0.646624 0.408508 0.008398 0.004990
0 0.713134 0.408508 0.008398 0.004990
0 0.763184 0.401378 0.008398 0.004990
0 0.827007 0.401378 0.008398 0.004990
0 0.854552 0.408508 0.008398 0.004990
0 0.868660 0.401378 0.008398 0.004990
0 0.891166 0.408508 0.008398 0.004990
0 0.120255 0.621198 0.008398 0.004990
0 0.189788 0.621198 0.008398 0.004990
0 0.219348 0.625713 0.008398 0.004990
0 0.234800 0.621198 0.008398 0.004990
0 0.258986 0.625713 0.008398 0.004990
0 0.331206 0.618821 0.008398 0.004990
0 0.548539 0.625713 0.008398 0.004990
0 0.606987 0.625713 0.008398 0.004990
0 0.733289 0.618821 0.008398 0.004990
0 0.761505 0.623574 0.008398 0.004990
0 0.788042 0.625713 0.008398 0.004990
0 0.817602 0.628089 0.008398 0.004990
0 0.886463 0.625713 0.008398 0.004990
0 0.113537 0.834363 0.008398 0.004990
0 0.217333 0.831987 0.008398 0.004990
0 0.292576 0.824857 0.008398 0.004990
0 0.343970 0.827234 0.008398 0.004990
0 0.385959 0.839116 0.008398 0.004990
0 0.487068 0.839116 0.008398 0.004990
0 0.566006 0.839116 0.008398 0.004990
0 0.566006 0.831987 0.008398 0.004990
0 0.637555 0.839116 0.008398 0.004990
0 0.668122 0.839116 0.008398 0.004990
0 0.683910 0.831987 0.008398 0.004990
0 0.709103 0.839116 0.008398 0.004990
0 0.793416 0.887833 0.008398 0.004990
0 0.793416 0.883080 0.008398 0.004990
0 0.840107 0.885456 0.008398 0.004990
0 0.840107 0.880703 0.008398 0.004990
0 0.886799 0.885456 0.008398 0.004990
0 0.886799 0.880703 0.008398 0.004990
0 0.126973 0.144724 0.008398 0.004990
0 0.163923 0.151854 0.008398 0.004990
0 0.183070 0.144724 0.008398 0.004990
0 0.213302 0.151854 0.008398 0.004990
0 0.262009 0.151854 0.008398 0.004990
0 0.262009 0.147101 0.008398 0.004990
0 0.298959 0.151854 0.008398 0.004990
0 0.317770 0.147101 0.008398 0.004990
0 0.356063 0.151854 0.008398 0.004990
0 0.810212 0.163736 0.008398 0.004990
0 0.846154 0.147101 0.008398 0.004990
0 0.115888 0.394249 0.008398 0.004990
0 0.197850 0.396625 0.008398 0.004990
0 0.224387 0.403755 0.008398 0.004990
0 0.238159 0.396625 0.008398 0.004990
0 0.259993 0.387120 0.008398 0.004990
0 0.286866 0.396625 0.008398 0.004990
0 0.300302 0.387120 0.008398 0.004990
0 0.337924 0.396625 0.008398 0.004990
0 0.418878 0.389496 0.008398 0.004990
0 0.445751 0.396625 0.008398 0.004990
0 0.459859 0.389496 0.008398 0.004990
0 0.481693 0.396625 0.008398 0.004990
0 0.555593 0.396625 0.008398 0.004990
0 0.646624 0.391873 0.008398 0.004990
0 0.675176 0.399002 0.008398 0.004990
0 0.689620 0.389496 0.008398 0.004990
0 0.713134 0.408508 0.008398 0.004990
0 0.763184 0.384743 0.008398 0.004990
0 0.790729 0.391873 0.008398 0.004990
0 0.804501 0.384743 0.008398 0.004990
0 0.827007 0.391873 0.008398 0.004990
0 0.120255 0.604563 0.008398 0.004990
0 0.150151 0.609316 0.008398 0.004990
0 0.165267 0.604563 0.008398 0.004990
0 0.189788 0.609316 0.008398 0.004990
0 0.334229 0.623574 0.008398 0.004990
0 0.334229 0.606939 0.008398 0.004990
0 0.361774 0.611692 0.008398 0.004990
0 0.377561 0.606939 0.008398 0.004990
0 0.402419 0.623574 0.008398 0.004990
0 0.432986 0.628089 0.008398 0.004990
0 0.448438 0.623574 0.008398 0.004990
0 0.473631 0.635219 0.008398 0.004990
0 0.548539 0.609316 0.008398 0.004990
0 0.573396 0.616445 0.008398 0.004990
0 0.586496 0.609316 0.008398 0.004990
0 0.631844 0.661122 0.008398 0.004990
0 0.644609 0.653992 0.008398 0.004990
0 0.733289 0.614068 0.008398 0.004990
0 0.761505 0.611692 0.008398 0.004990
0 0.788042 0.609316 0.008398 0.004990
0 0.817602 0.618821 0.008398 0.004990
0 0.817602 0.614068 0.008398 0.004990
0 0.817602 0.606939 0.008398 0.004990
0 0.886463 0.621198 0.008398 0.004990
0 0.886463 0.611692 0.008398 0.004990
0 0.894189 0.609316 0.008398 0.004990
0 0.113537 0.827234 0.008398 0.004990
0 0.145448 0.824857 0.008398 0.004990
0 0.177360 0.822481 0.008398 0.004990
0 0.209607 0.829610 0.008398 0.004990
0 0.209607 0.824857 0.008398 0.004990
0 0.209607 0.815352 0.008398 0.004990
0 0.302654 0.834363 0.008398 0.004990
0 0.302654 0.829610 0.008398 0.004990
0 0.302654 0.822481 0.008398 0.004990
0 0.385959 0.829610 0.008398 0.004990
0 0.385959 0.822481 0.008398 0.004990
0 0.487068 0.829610 0.008398 0.004990
0 0.487068 0.822481 0.008398 0.004990
0 0.566006 0.822481 0.008398 0.004990
0 0.596574 0.822481 0.008398 0.004990
0 0.612361 0.815352 0.008398 0.004990
0 0.637555 0.822481 0.008398 0.004990
0 0.793416 0.875951 0.008398 0.004990
0 0.886799 0.875951 0.008398 0.004990
0 0.115888 0.303232 0.008398 0.004990
0 0.147128 0.310124 0.008398 0.004990
0 0.555593 0.305608 0.008398 0.004990
0 0.586832 0.307985 0.008398 0.004990
0 0.906617 0.293726 0.008398 0.004990
0 0.932818 0.293726 0.008398 0.004990
0 0.120255 0.531606 0.008398 0.004990
0 0.258986 0.531606 0.008398 0.004990
0 0.341955 0.533983 0.008398 0.004990
0 0.886463 0.536359 0.008398 0.004990
0 0.126973 0.073432 0.008398 0.004990
0 0.262009 0.073432 0.008398 0.004990
0 0.356063 0.073432 0.008398 0.004990
0 0.628821 0.078184 0.008398 0.004990
0 0.737655 0.078184 0.008398 0.004990
0 0.773933 0.080561 0.008398 0.004990
0 0.810212 0.085314 0.008398 0.004990
0 0.846154 0.078184 0.008398 0.004990
0 0.882432 0.078184 0.008398 0.004990
0 0.918710 0.078184 0.008398 0.004990
0 0.115888 0.303232 0.008398 0.004990
0 0.147128 0.310124 0.008398 0.004990
0 0.169634 0.303232 0.008398 0.004990
0 0.197850 0.305608 0.008398 0.004990
0 0.259993 0.305608 0.008398 0.004990
0 0.337924 0.305608 0.008398 0.004990
0 0.365133 0.305608 0.008398 0.004990
0 0.387303 0.305608 0.008398 0.004990
0 0.418878 0.298479 0.008398 0.004990
0 0.481693 0.305608 0.008398 0.004990
0 0.555593 0.305608 0.008398 0.004990
0 0.586832 0.307985 0.008398 0.004990
0 0.613705 0.305608 0.008398 0.004990
0 0.646624 0.300856 0.008398 0.004990
0 0.763184 0.293726 0.008398 0.004990
0 0.892509 0.293726 0.006046 0.003327
0 0.120255 0.531606 0.008398 0.004990
0 0.258986 0.531606 0.008398 0.004990
0 0.292576 0.531606 0.008398 0.004990
0 0.332885 0.533983 0.006046 0.003327
0 0.404098 0.533983 0.006046 0.003327
0 0.450118 0.533983 0.006046 0.003327
0 0.473631 0.533983 0.008398 0.004990
0 0.507894 0.533983 0.008398 0.004990
0 0.548539 0.536359 0.008398 0.004990
0 0.665099 0.536359 0.008398 0.004990
0 0.733289 0.541112 0.008398 0.004990
0 0.761505 0.538736 0.008398 0.004990
0 0.788042 0.536359 0.008398 0.004990
0 0.817602 0.533983 0.008398 0.004990
0 0.930131 0.536359 0.006046 0.003327
0 0.113537 0.755703 0.008398 0.004990
0 0.145448 0.753327 0.008398 0.004990
0 0.177360 0.750951 0.008398 0.004990
0 0.209607 0.744059 0.008398 0.004990
0 0.292576 0.750951 0.008398 0.004990
0 0.343970 0.755703 0.008398 0.004990
0 0.385959 0.750951 0.008398 0.004990
0 0.436681 0.741683 0.008398 0.004990
0 0.487068 0.741683 0.008398 0.004990
0 0.528384 0.750951 0.008398 0.004990
0 0.566006 0.750951 0.008398 0.004990
0 0.709103 0.750951 0.008398 0.004990
0 0.793416 0.750951 0.008398 0.004990
