0 0.735976 0.314163 0.007726 0.004278
0 0.120927 0.153992 0.007726 0.004278
0 0.160564 0.158270 0.007726 0.004278
0 0.200537 0.153992 0.007726 0.004278
0 0.240175 0.158270 0.007726 0.004278
0 0.289553 0.151854 0.007726 0.004278
0 0.324152 0.158270 0.007726 0.004278
0 0.367148 0.151854 0.007726 0.004278
0 0.401747 0.158270 0.007726 0.004278
0 0.447766 0.153992 0.007726 0.004278
0 0.486732 0.158270 0.007726 0.004278
0 0.535438 0.153992 0.007726 0.004278
0 0.574404 0.158270 0.007726 0.004278
0 0.622439 0.151854 0.007726 0.004278
0 0.656701 0.158270 0.007726 0.004278
0 0.700034 0.151854 0.007726 0.004278
0 0.734296 0.158270 0.007726 0.004278
0 0.783003 0.153992 0.007726 0.004278
0 0.825999 0.158270 0.007726 0.004278
0 0.868996 0.153992 0.007726 0.004278
0 0.911992 0.158270 0.007726 0.004278
0 0.118912 0.314163 0.007726 0.004278
0 0.186093 0.343631 0.007726 0.004278
0 0.186093 0.328897 0.007726 0.004278
0 0.219348 0.343631 0.007726 0.004278
0 0.219348 0.328897 0.007726 0.004278
0 0.262345 0.343631 0.007726 0.004278
0 0.262345 0.328897 0.007726 0.004278
0 0.346322 0.343631 0.007726 0.004278
0 0.346322 0.328897 0.007726 0.004278
0 0.383608 0.343631 0.007726 0.004278
0 0.383608 0.328897 0.007726 0.004278
0 0.430299 0.343631 0.007726 0.004278
0 0.430299 0.328897 0.007726 0.004278
0 0.510581 0.343631 0.007726 0.004278
0 0.510581 0.328897 0.007726 0.004278
0 0.546187 0.343631 0.007726 0.004278
0 0.546187 0.328897 0.007726 0.004278
0 0.600269 0.343631 0.007726 0.004278
0 0.600269 0.328897 0.007726 0.004278
0 0.693987 0.343631 0.007726 0.004278
0 0.693987 0.328897 0.007726 0.004278
0 0.735976 0.343631 0.007726 0.004278
0 0.735976 0.328897 0.007726 0.004278
0 0.794760 0.337452 0.007726 0.004278
0 0.794760 0.322719 0.007726 0.004278
0 0.869332 0.337452 0.007726 0.004278
0 0.869332 0.322719 0.007726 0.004278
0 0.906953 0.337452 0.007726 0.004278
0 0.906953 0.322719 0.007726 0.004278
0 0.794760 0.318441 0.007726 0.004278
0 0.869332 0.288973 0.007726 0.004278
0 0.906953 0.278517 0.007726 0.004278
0 0.120927 0.126663 0.007726 0.004278
0 0.160564 0.124525 0.007726 0.004278
0 0.200537 0.126663 0.007726 0.004278
0 0.240175 0.124525 0.007726 0.004278
0 0.289553 0.128802 0.007726 0.004278
0 0.324152 0.124525 0.007726 0.004278
0 0.367148 0.128802 0.007726 0.004278
0 0.401747 0.124525 0.007726 0.004278
0 0.447766 0.126663 0.007726 0.004278
0 0.486732 0.124525 0.007726 0.004278
0 0.535438 0.126663 0.007726 0.004278
0 0.574404 0.124525 0.007726 0.004278
0 0.622439 0.128802 0.007726 0.004278
0 0.656701 0.124525 0.007726 0.004278
0 0.700034 0.128802 0.007726 0.004278
0 0.734296 0.124525 0.007726 0.004278
0 0.783003 0.126663 0.007726 0.004278
0 0.825999 0.124525 0.007726 0.004278
0 0.868996 0.126663 0.007726 0.004278
0 0.911992 0.124525 0.007726 0.004278
0 0.118912 0.291112 0.007726 0.004278
0 0.186093 0.276378 0.007726 0.004278
0 0.186093 0.272101 0.007726 0.004278
0 0.219348 0.278517 0.007726 0.004278
0 0.219348 0.274240 0.007726 0.004278
0 0.262345 0.280656 0.007726 0.004278
0 0.262345 0.276378 0.007726 0.004278
0 0.346322 0.280656 0.007726 0.004278
0 0.346322 0.276378 0.007726 0.004278
0 0.383608 0.282557 0.007726 0.004278
0 0.383608 0.278517 0.007726 0.004278
0 0.430299 0.284696 0.007726 0.004278
0 0.430299 0.280656 0.007726 0.004278
0 0.510581 0.284696 0.007726 0.004278
0 0.510581 0.280656 0.007726 0.004278
0 0.546187 0.286835 0.007726 0.004278
0 0.546187 0.282557 0.007726 0.004278
0 0.600269 0.288973 0.007726 0.004278
0 0.600269 0.284696 0.007726 0.004278
0 0.693987 0.288973 0.007726 0.004278
0 0.693987 0.284696 0.007726 0.004278
0 0.735976 0.286835 0.007726 0.004278
0 0.794760 0.288973 0.007726 0.004278
0 0.869332 0.288973 0.007726 0.004278
0 0.906953 0.274240 0.007726 0.004278
0 0.537454 0.885932 0.007726 0.004278
0 0.612361 0.888070 0.007726 0.004278
0 0.597581 0.885932 0.005375 0.003089
0 0.639234 0.889971 0.007726 0.004278
0 0.120927 0.071293 0.007726 0.004278
0 0.160564 0.079848 0.007726 0.004278
0 0.200537 0.079848 0.007726 0.004278
0 0.240175 0.071293 0.007726 0.004278
0 0.289553 0.073432 0.007726 0.004278
0 0.324152 0.079848 0.007726 0.004278
0 0.367148 0.067253 0.007726 0.004278
0 0.401747 0.069154 0.007726 0.004278
0 0.447766 0.071293 0.007726 0.004278
0 0.486732 0.071293 0.007726 0.004278
0 0.473967 0.069154 0.005375 0.003089
0 0.510917 0.073432 0.007726 0.004278
0 0.535438 0.071293 0.007726 0.004278
0 0.574404 0.065114 0.007726 0.004278
0 0.622439 0.069154 0.007726 0.004278
0 0.656701 0.069154 0.007726 0.004278
0 0.700034 0.079848 0.007726 0.004278
0 0.734296 0.069154 0.007726 0.004278
0 0.783003 0.071293 0.007726 0.004278
0 0.825999 0.079848 0.007726 0.004278
0 0.868996 0.079848 0.007726 0.004278
0 0.911992 0.071293 0.007726 0.004278
0 0.118912 0.225998 0.007726 0.004278
0 0.186093 0.217681 0.007726 0.004278
0 0.219348 0.219582 0.007726 0.004278
0 0.262345 0.221721 0.007726 0.004278
0 0.299631 0.217681 0.007726 0.004278
0 0.323144 0.219582 0.007726 0.004278
0 0.346322 0.221721 0.007726 0.004278
0 0.383608 0.223859 0.007726 0.004278
0 0.430299 0.225998 0.007726 0.004278
0 0.465905 0.221721 0.007726 0.004278
0 0.488075 0.223859 0.007726 0.004278
0 0.510581 0.225998 0.007726 0.004278
0 0.546187 0.228137 0.007726 0.004278
0 0.600269 0.230276 0.007726 0.004278
0 0.641921 0.225998 0.007726 0.004278
0 0.668122 0.228137 0.007726 0.004278
0 0.693987 0.230276 0.007726 0.004278
0 0.735976 0.232414 0.007726 0.004278
0 0.794760 0.234316 0.007726 0.004278
0 0.869332 0.234316 0.007726 0.004278
0 0.906953 0.219582 0.007726 0.004278
0 0.198186 0.381892 0.007726 0.004278
0 0.232449 0.384030 0.007726 0.004278
0 0.284515 0.386169 0.007726 0.004278
0 0.316090 0.386169 0.007726 0.004278
0 0.303325 0.384030 0.005375 0.003089
0 0.339268 0.388308 0.007726 0.004278
0 0.358750 0.386169 0.007726 0.004278
0 0.390326 0.379753 0.007726 0.004278
0 0.440040 0.384030 0.007726 0.004278
0 0.493450 0.394487 0.007726 0.004278
0 0.519987 0.384030 0.007726 0.004278
0 0.570037 0.386169 0.007726 0.004278
0 0.598253 0.394487 0.007726 0.004278
0 0.626134 0.394487 0.007726 0.004278
0 0.654350 0.386169 0.007726 0.004278
0 0.692308 0.388308 0.007726 0.004278
0 0.723547 0.394487 0.007726 0.004278
0 0.762849 0.381892 0.007726 0.004278
0 0.794424 0.384030 0.007726 0.004278
0 0.833389 0.386169 0.007726 0.004278
0 0.861942 0.386169 0.007726 0.004278
0 0.849177 0.384030 0.005375 0.003089
0 0.879745 0.388308 0.007726 0.004278
0 0.897548 0.386169 0.007726 0.004278
0 0.926436 0.379753 0.007726 0.004278
0 0.113537 0.447481 0.007726 0.004278
0 0.140746 0.447481 0.007726 0.004278
0 0.174337 0.458175 0.007726 0.004278
0 0.202553 0.447481 0.007726 0.004278
0 0.240175 0.449620 0.007726 0.004278
0 0.267719 0.458175 0.007726 0.004278
0 0.294928 0.458175 0.007726 0.004278
0 0.322136 0.449620 0.007726 0.004278
0 0.363789 0.451759 0.007726 0.004278
0 0.417534 0.443441 0.007726 0.004278
0 0.447766 0.445580 0.007726 0.004278
0 0.481693 0.447481 0.007726 0.004278
0 0.503527 0.443441 0.007726 0.004278
0 0.517299 0.445580 0.007726 0.004278
0 0.530736 0.447481 0.007726 0.004278
0 0.552570 0.449620 0.007726 0.004278
0 0.587168 0.451759 0.007726 0.004278
0 0.615385 0.447481 0.007726 0.004278
0 0.632852 0.449620 0.007726 0.004278
0 0.650319 0.451759 0.007726 0.004278
0 0.678200 0.453897 0.007726 0.004278
0 0.717165 0.456036 0.007726 0.004278
0 0.742694 0.451759 0.007726 0.004278
0 0.758482 0.453897 0.007726 0.004278
0 0.774269 0.456036 0.007726 0.004278
0 0.799463 0.458175 0.007726 0.004278
0 0.843802 0.460314 0.007726 0.004278
0 0.892845 0.460314 0.007726 0.004278
0 0.919718 0.445580 0.007726 0.004278
0 0.198186 0.509030 0.007726 0.004278
0 0.228418 0.511169 0.007726 0.004278
0 0.269399 0.513308 0.007726 0.004278
0 0.307692 0.513308 0.007726 0.004278
0 0.294928 0.511169 0.005375 0.003089
0 0.331542 0.515209 0.007726 0.004278
0 0.355391 0.513308 0.007726 0.004278
0 0.393685 0.506892 0.007726 0.004278
0 0.447094 0.511169 0.007726 0.004278
0 0.502183 0.521625 0.007726 0.004278
0 0.529728 0.511169 0.007726 0.004278
0 0.574068 0.513308 0.007726 0.004278
0 0.604971 0.521625 0.007726 0.004278
0 0.636211 0.521625 0.007726 0.004278
0 0.667115 0.513308 0.007726 0.004278
0 0.707424 0.515209 0.007726 0.004278
0 0.733960 0.521625 0.007726 0.004278
0 0.767215 0.509030 0.007726 0.004278
0 0.793752 0.511169 0.007726 0.004278
0 0.831710 0.513308 0.007726 0.004278
0 0.860598 0.513308 0.007726 0.004278
0 0.848169 0.511169 0.005375 0.003089
0 0.878737 0.515209 0.007726 0.004278
0 0.896876 0.513308 0.007726 0.004278
0 0.925764 0.506892 0.007726 0.004278
0 0.113537 0.574620 0.007726 0.004278
0 0.140074 0.574620 0.007726 0.004278
0 0.172993 0.585076 0.007726 0.004278
0 0.199530 0.574620 0.007726 0.004278
0 0.237151 0.576759 0.007726 0.004278
0 0.266376 0.585076 0.007726 0.004278
0 0.295600 0.585076 0.007726 0.004278
0 0.324824 0.576759 0.007726 0.004278
0 0.367820 0.578897 0.007726 0.004278
0 0.414511 0.570342 0.007726 0.004278
0 0.437689 0.572481 0.007726 0.004278
0 0.468928 0.574620 0.007726 0.004278
0 0.491770 0.570342 0.007726 0.004278
0 0.505878 0.572481 0.007726 0.004278
0 0.519987 0.574620 0.007726 0.004278
0 0.542828 0.576759 0.007726 0.004278
0 0.581122 0.578897 0.007726 0.004278
0 0.607659 0.574620 0.007726 0.004278
0 0.624118 0.576759 0.007726 0.004278
0 0.640914 0.578897 0.007726 0.004278
0 0.667115 0.581036 0.007726 0.004278
0 0.704736 0.582937 0.007726 0.004278
0 0.731945 0.578897 0.007726 0.004278
0 0.749076 0.581036 0.007726 0.004278
0 0.765872 0.582937 0.007726 0.004278
0 0.793080 0.585076 0.007726 0.004278
0 0.838428 0.587215 0.007726 0.004278
0 0.891166 0.587215 0.007726 0.004278
0 0.918038 0.572481 0.007726 0.004278
0 0.198186 0.635932 0.007726 0.004278
0 0.227074 0.638070 0.007726 0.004278
0 0.273766 0.640209 0.007726 0.004278
0 0.306349 0.640209 0.007726 0.004278
0 0.293920 0.638070 0.005375 0.003089
0 0.324152 0.642348 0.007726 0.004278
0 0.340947 0.640209 0.007726 0.004278
0 0.367820 0.634030 0.007726 0.004278
0 0.414175 0.638070 0.007726 0.004278
0 0.471280 0.648764 0.007726 0.004278
0 0.507558 0.638070 0.007726 0.004278
0 0.552906 0.640209 0.007726 0.004278
0 0.585489 0.648764 0.007726 0.004278
0 0.617064 0.648764 0.007726 0.004278
0 0.648975 0.640209 0.007726 0.004278
0 0.690628 0.642348 0.007726 0.004278
0 0.717165 0.648764 0.007726 0.004278
0 0.750084 0.635932 0.007726 0.004278
0 0.776285 0.638070 0.007726 0.004278
0 0.820961 0.640209 0.007726 0.004278
0 0.852200 0.640209 0.007726 0.004278
0 0.839772 0.638070 0.005375 0.003089
0 0.872019 0.642348 0.007726 0.004278
0 0.891502 0.640209 0.007726 0.004278
0 0.923413 0.634030 0.007726 0.004278
0 0.113537 0.701759 0.007726 0.004278
0 0.152167 0.701759 0.007726 0.004278
0 0.199866 0.712215 0.007726 0.004278
0 0.238159 0.701759 0.007726 0.004278
0 0.285858 0.703660 0.007726 0.004278
0 0.325495 0.712215 0.007726 0.004278
0 0.365133 0.712215 0.007726 0.004278
0 0.404770 0.703660 0.007726 0.004278
0 0.454820 0.705798 0.007726 0.004278
0 0.523346 0.697481 0.007726 0.004278
0 0.557608 0.699620 0.007726 0.004278
0 0.608666 0.701759 0.007726 0.004278
0 0.649311 0.697481 0.007726 0.004278
0 0.674840 0.699620 0.007726 0.004278
0 0.700369 0.701759 0.007726 0.004278
0 0.741014 0.703660 0.007726 0.004278
0 0.792073 0.705798 0.007726 0.004278
0 0.830366 0.701759 0.007726 0.004278
0 0.854216 0.703660 0.007726 0.004278
0 0.878401 0.705798 0.007726 0.004278
0 0.916695 0.707937 0.007726 0.004278
0 0.113537 0.773527 0.007726 0.004278
0 0.144441 0.769249 0.007726 0.004278
0 0.163588 0.771388 0.007726 0.004278
0 0.183070 0.773527 0.007726 0.004278
0 0.213638 0.775665 0.007726 0.004278
0 0.258986 0.777804 0.007726 0.004278
0 0.313739 0.777804 0.007726 0.004278
0 0.341283 0.763070 0.007726 0.004278
0 0.387974 0.763070 0.007726 0.004278
0 0.419214 0.765209 0.007726 0.004278
0 0.439033 0.767348 0.007726 0.004278
0 0.458515 0.769249 0.007726 0.004278
0 0.489755 0.767348 0.007726 0.004278
0 0.538126 0.769249 0.007726 0.004278
0 0.606651 0.771388 0.007726 0.004278
0 0.640914 0.767348 0.007726 0.004278
0 0.687941 0.769249 0.007726 0.004278
0 0.719180 0.771388 0.007726 0.004278
0 0.706416 0.769249 0.005375 0.003089
0 0.738663 0.773527 0.007726 0.004278
0 0.758146 0.771388 0.007726 0.004278
0 0.789385 0.769249 0.007726 0.004278
0 0.832046 0.773527 0.007726 0.004278
0 0.860934 0.777804 0.007726 0.004278
0 0.897212 0.777804 0.007726 0.004278
0 0.926100 0.763070 0.007726 0.004278
0 0.113537 0.826521 0.007726 0.004278
0 0.147464 0.828660 0.007726 0.004278
0 0.168626 0.830798 0.007726 0.004278
0 0.189788 0.832937 0.007726 0.004278
0 0.223715 0.830798 0.007726 0.004278
0 0.268055 0.828660 0.007726 0.004278
0 0.301310 0.828660 0.007726 0.004278
0 0.342963 0.830798 0.007726 0.004278
0 0.376218 0.828660 0.007726 0.004278
0 0.420558 0.832937 0.007726 0.004278
0 0.455828 0.828660 0.007726 0.004278
0 0.477662 0.830798 0.007726 0.004278
0 0.499496 0.832937 0.007726 0.004278
0 0.534767 0.835076 0.007726 0.004278
0 0.588176 0.836977 0.007726 0.004278
0 0.643265 0.832937 0.007726 0.004278
0 0.704400 0.824382 0.007726 0.004278
0 0.760833 0.832937 0.007726 0.004278
0 0.822640 0.826521 0.007726 0.004278
0 0.888814 0.832937 0.007726 0.004278
0 0.921733 0.832937 0.007726 0.004278
0 0.113537 0.892110 0.007726 0.004278
0 0.148472 0.892110 0.007726 0.004278
0 0.183070 0.896388 0.007726 0.004278
0 0.217669 0.896388 0.007726 0.004278
0 0.263688 0.894249 0.007726 0.004278
0 0.298287 0.896388 0.007726 0.004278
0 0.341619 0.896388 0.007726 0.004278
0 0.406114 0.888070 0.007726 0.004278
0 0.469600 0.896388 0.007726 0.004278
0 0.537454 0.881654 0.007726 0.004278
0 0.605307 0.885932 0.007726 0.004278
0 0.592543 0.881654 0.005375 0.003089
0 0.689956 0.896388 0.007726 0.004278
0 0.725563 0.889971 0.007726 0.004278
0 0.760833 0.888070 0.007726 0.004278
0 0.796439 0.888070 0.007726 0.004278
0 0.818609 0.885932 0.007726 0.004278
0 0.859254 0.889971 0.007726 0.004278
