0 0.327847 0.202234 0.008734 0.004990
0 0.327847 0.185361 0.008734 0.004990
0 0.537118 0.202234 0.008734 0.004990
0 0.537118 0.185361 0.008734 0.004990
0 0.751092 0.209601 0.008734 0.004990
0 0.751092 0.192490 0.008734 0.004990
0 0.132012 0.427994 0.008734 0.004990
0 0.132012 0.410884 0.008734 0.004990
0 0.343970 0.410884 0.008734 0.004990
0 0.441720 0.410884 0.008734 0.004990
0 0.554921 0.403755 0.008734 0.004990
0 0.767887 0.401378 0.008734 0.004990
0 0.861606 0.398764 0.008734 0.004990
0 0.129661 0.635694 0.008734 0.004990
0 0.223379 0.635694 0.008734 0.004990
0 0.328519 0.647814 0.008734 0.004990
0 0.554921 0.647814 0.008734 0.004990
0 0.754451 0.640684 0.008734 0.004990
0 0.854887 0.638308 0.008734 0.004990
0 0.905274 0.640684 0.008734 0.004990
0 0.132012 0.888546 0.008734 0.004990
0 0.349009 0.871673 0.008734 0.004990
0 0.444743 0.871673 0.008734 0.004990
0 0.492442 0.869059 0.008734 0.004990
0 0.552234 0.869059 0.008734 0.004990
0 0.646624 0.871673 0.008734 0.004990
0 0.752771 0.876426 0.008734 0.004990
0 0.132012 0.145675 0.008734 0.004990
0 0.154182 0.153042 0.008734 0.004990
0 0.176352 0.145675 0.008734 0.004990
0 0.198858 0.140922 0.008734 0.004990
0 0.221028 0.135932 0.008734 0.004990
0 0.243198 0.140922 0.008734 0.004990
0 0.265368 0.145675 0.008734 0.004990
0 0.287538 0.153042 0.008734 0.004990
0 0.327847 0.140922 0.008734 0.004990
0 0.327847 0.135932 0.008734 0.004990
0 0.352368 0.153042 0.008734 0.004990
0 0.377225 0.145675 0.008734 0.004990
0 0.377225 0.140922 0.008734 0.004990
0 0.401747 0.153042 0.008734 0.004990
0 0.426604 0.148289 0.008734 0.004990
0 0.426604 0.143298 0.008734 0.004990
0 0.451461 0.153042 0.008734 0.004990
0 0.475983 0.143298 0.008734 0.004990
0 0.475983 0.138546 0.008734 0.004990
0 0.500840 0.153042 0.008734 0.004990
0 0.537118 0.145675 0.008734 0.004990
0 0.537118 0.140922 0.008734 0.004990
0 0.561639 0.153042 0.008734 0.004990
0 0.586496 0.145675 0.008734 0.004990
0 0.586496 0.140922 0.008734 0.004990
0 0.611018 0.153042 0.008734 0.004990
0 0.635539 0.145675 0.008734 0.004990
0 0.635539 0.140922 0.008734 0.004990
0 0.660396 0.153042 0.008734 0.004990
0 0.684918 0.145675 0.008734 0.004990
0 0.684918 0.140922 0.008734 0.004990
0 0.709439 0.153042 0.008734 0.004990
0 0.751092 0.148289 0.008734 0.004990
0 0.751092 0.143298 0.008734 0.004990
0 0.776621 0.153042 0.008734 0.004990
0 0.802150 0.145675 0.008734 0.004990
0 0.802150 0.140922 0.008734 0.004990
0 0.827679 0.153042 0.008734 0.004990
0 0.853208 0.143298 0.008734 0.004990
0 0.853208 0.138546 0.008734 0.004990
0 0.878737 0.153042 0.008734 0.004990
0 0.904266 0.148289 0.008734 0.004990
0 0.904266 0.135932 0.008734 0.004990
0 0.929795 0.153042 0.008734 0.004990
0 0.132012 0.372148 0.008734 0.004990
0 0.132012 0.367158 0.008734 0.004990
0 0.156533 0.379278 0.008734 0.004990
0 0.180719 0.372148 0.008734 0.004990
0 0.180719 0.367158 0.008734 0.004990
0 0.205240 0.379278 0.008734 0.004990
0 0.229426 0.372148 0.008734 0.004990
0 0.229426 0.367158 0.008734 0.004990
0 0.253947 0.379278 0.008734 0.004990
0 0.278132 0.372148 0.008734 0.004990
0 0.278132 0.367158 0.008734 0.004990
0 0.302654 0.379278 0.008734 0.004990
0 0.343970 0.372148 0.008734 0.004990
0 0.343970 0.367158 0.008734 0.004990
0 0.368492 0.379278 0.008734 0.004990
0 0.393013 0.372148 0.008734 0.004990
0 0.393013 0.367158 0.008734 0.004990
0 0.417199 0.379278 0.008734 0.004990
0 0.441720 0.374525 0.008734 0.004990
0 0.441720 0.367158 0.008734 0.004990
0 0.465905 0.379278 0.008734 0.004990
0 0.490427 0.374525 0.008734 0.004990
0 0.490427 0.367158 0.008734 0.004990
0 0.514612 0.379278 0.008734 0.004990
0 0.554921 0.376901 0.008734 0.004990
0 0.554921 0.364781 0.008734 0.004990
0 0.579442 0.372148 0.008734 0.004990
0 0.603628 0.376901 0.008734 0.004990
0 0.603628 0.364781 0.008734 0.004990
0 0.628149 0.372148 0.008734 0.004990
0 0.652335 0.376901 0.008734 0.004990
0 0.652335 0.364781 0.008734 0.004990
0 0.676856 0.372148 0.008734 0.004990
0 0.701041 0.376901 0.008734 0.004990
0 0.701041 0.364781 0.008734 0.004990
0 0.725563 0.372148 0.008734 0.004990
0 0.767887 0.367158 0.008734 0.004990
0 0.791401 0.372148 0.008734 0.004990
0 0.814914 0.367158 0.008734 0.004990
0 0.838428 0.362405 0.008734 0.004990
0 0.861606 0.364781 0.008734 0.004990
0 0.885119 0.372148 0.008734 0.004990
0 0.908633 0.367158 0.008734 0.004990
0 0.932146 0.364781 0.008734 0.004990
0 0.129661 0.596721 0.008734 0.004990
0 0.153174 0.604087 0.008734 0.004990
0 0.176352 0.609078 0.008734 0.004990
0 0.199866 0.604087 0.008734 0.004990
0 0.223379 0.596721 0.008734 0.004990
0 0.246557 0.604087 0.008734 0.004990
0 0.270071 0.609078 0.008734 0.004990
0 0.293248 0.596721 0.008734 0.004990
0 0.328519 0.599335 0.008734 0.004990
0 0.328519 0.594344 0.008734 0.004990
0 0.354048 0.609078 0.008734 0.004990
0 0.383944 0.606464 0.008734 0.004990
0 0.383944 0.601711 0.008734 0.004990
0 0.409473 0.609078 0.008734 0.004990
0 0.435338 0.604087 0.008734 0.004990
0 0.435338 0.599335 0.008734 0.004990
0 0.460867 0.609078 0.008734 0.004990
0 0.486732 0.601711 0.008734 0.004990
0 0.486732 0.596721 0.008734 0.004990
0 0.512261 0.609078 0.008734 0.004990
0 0.554921 0.604087 0.008734 0.004990
0 0.554921 0.591968 0.008734 0.004990
0 0.578099 0.609078 0.008734 0.004990
0 0.600941 0.604087 0.008734 0.004990
0 0.624118 0.609078 0.008734 0.004990
0 0.646960 0.599335 0.008734 0.004990
0 0.646960 0.594344 0.008734 0.004990
0 0.670138 0.609078 0.008734 0.004990
0 0.692980 0.604087 0.008734 0.004990
0 0.716157 0.609078 0.008734 0.004990
0 0.754451 0.601711 0.008734 0.004990
0 0.754451 0.596721 0.008734 0.004990
0 0.779644 0.609078 0.008734 0.004990
0 0.804837 0.601711 0.008734 0.004990
0 0.804837 0.596721 0.008734 0.004990
0 0.829694 0.609078 0.008734 0.004990
0 0.854887 0.611454 0.008734 0.004990
0 0.854887 0.604087 0.008734 0.004990
0 0.880081 0.609078 0.008734 0.004990
0 0.905274 0.613831 0.008734 0.004990
0 0.905274 0.601711 0.008734 0.004990
0 0.930467 0.609078 0.008734 0.004990
0 0.132012 0.853612 0.008734 0.004990
0 0.132012 0.841492 0.008734 0.004990
0 0.157877 0.851236 0.008734 0.004990
0 0.183406 0.853612 0.008734 0.004990
0 0.209271 0.851236 0.008734 0.004990
0 0.234800 0.853612 0.008734 0.004990
0 0.260665 0.851236 0.008734 0.004990
0 0.286194 0.853612 0.008734 0.004990
0 0.312059 0.851236 0.008734 0.004990
0 0.349009 0.824382 0.008734 0.004990
0 0.373194 0.841492 0.008734 0.004990
0 0.397044 0.829135 0.008734 0.004990
0 0.420894 0.841492 0.008734 0.004990
0 0.444743 0.834125 0.008734 0.004990
0 0.468593 0.841492 0.008734 0.004990
0 0.492442 0.831749 0.008734 0.004990
0 0.516292 0.838878 0.008734 0.004990
0 0.552234 0.831749 0.008734 0.004990
0 0.575747 0.838878 0.008734 0.004990
0 0.599261 0.831749 0.008734 0.004990
0 0.622775 0.838878 0.008734 0.004990
0 0.646624 0.834125 0.008734 0.004990
0 0.670138 0.841492 0.008734 0.004990
0 0.693651 0.846245 0.008734 0.004990
0 0.717165 0.841492 0.008734 0.004990
0 0.752771 0.843869 0.008734 0.004990
0 0.752771 0.838878 0.008734 0.004990
0 0.777964 0.853612 0.008734 0.004990
0 0.803493 0.843869 0.008734 0.004990
0 0.803493 0.838878 0.008734 0.004990
0 0.828687 0.853612 0.008734 0.004990
0 0.854216 0.848622 0.008734 0.004990
0 0.854216 0.843869 0.008734 0.004990
0 0.879409 0.853612 0.008734 0.004990
0 0.904602 0.848622 0.008734 0.004990
0 0.904602 0.843869 0.008734 0.004990
0 0.930131 0.853612 0.008734 0.004990
0 0.265368 0.081987 0.008734 0.004990
0 0.327847 0.081987 0.008734 0.004990
0 0.377225 0.086977 0.008734 0.004990
0 0.426604 0.089354 0.008734 0.004990
0 0.475983 0.084363 0.008734 0.004990
0 0.537118 0.086977 0.008734 0.004990
0 0.586496 0.086977 0.008734 0.004990
0 0.684918 0.086977 0.008734 0.004990
0 0.751092 0.089354 0.008734 0.004990
0 0.802150 0.086977 0.008734 0.004990
0 0.853208 0.084363 0.008734 0.004990
0 0.904266 0.081987 0.008734 0.004990
0 0.132012 0.316065 0.008734 0.004990
0 0.278132 0.311312 0.008734 0.004990
0 0.343970 0.311312 0.008734 0.004990
0 0.393013 0.311312 0.008734 0.004990
0 0.441720 0.303945 0.008734 0.004990
0 0.490427 0.311312 0.008734 0.004990
0 0.554921 0.306321 0.008734 0.004990
0 0.603628 0.308698 0.008734 0.004990
0 0.701041 0.308698 0.008734 0.004990
0 0.767887 0.311312 0.008734 0.004990
0 0.814914 0.311312 0.008734 0.004990
0 0.861606 0.313688 0.008734 0.004990
0 0.908633 0.313688 0.008734 0.004990
0 0.129661 0.536835 0.008734 0.004990
0 0.270071 0.536835 0.008734 0.004990
0 0.328519 0.534458 0.008734 0.004990
0 0.383944 0.541825 0.008734 0.004990
0 0.435338 0.539449 0.008734 0.004990
0 0.486732 0.536835 0.008734 0.004990
0 0.554921 0.532082 0.008734 0.004990
0 0.646960 0.534458 0.008734 0.004990
0 0.692980 0.534458 0.008734 0.004990
0 0.754451 0.536835 0.008734 0.004990
0 0.804837 0.536835 0.008734 0.004990
0 0.854887 0.544202 0.008734 0.004990
0 0.905274 0.541825 0.008734 0.004990
0 0.132012 0.773764 0.008734 0.004990
0 0.286194 0.756892 0.008734 0.004990
0 0.349009 0.756892 0.008734 0.004990
0 0.397044 0.761644 0.008734 0.004990
0 0.444743 0.766635 0.008734 0.004990
0 0.492442 0.764021 0.008734 0.004990
0 0.552234 0.764021 0.008734 0.004990
0 0.646624 0.766635 0.008734 0.004990
0 0.693651 0.773764 0.008734 0.004990
0 0.752771 0.771388 0.008734 0.004990
0 0.803493 0.771388 0.008734 0.004990
0 0.854216 0.776378 0.008734 0.004990
0 0.904602 0.776378 0.008734 0.004990
