0 0.759154 0.266160 0.008398 0.004990
0 0.857239 0.266160 0.008398 0.004990
0 0.121263 0.273289 0.008398 0.004990
0 0.121263 0.261407 0.008398 0.004990
0 0.121263 0.256654 0.008398 0.004990
0 0.219348 0.273289 0.008398 0.004990
0 0.219348 0.259030 0.008398 0.004990
0 0.219348 0.254278 0.008398 0.004990
0 0.328183 0.273289 0.008398 0.004990
0 0.328183 0.261407 0.008398 0.004990
0 0.328183 0.256654 0.008398 0.004990
0 0.479678 0.278517 0.008398 0.004990
0 0.479678 0.266160 0.008398 0.004990
0 0.547531 0.275665 0.008398 0.004990
0 0.547531 0.266160 0.008398 0.004990
0 0.639570 0.273289 0.008398 0.004990
0 0.639570 0.259030 0.008398 0.004990
0 0.759154 0.256654 0.008398 0.004990
0 0.808196 0.254278 0.008398 0.004990
0 0.857239 0.256654 0.008398 0.004990
0 0.906281 0.254278 0.008398 0.004990
0 0.121263 0.573907 0.008398 0.004990
0 0.220020 0.578660 0.008398 0.004990
0 0.220020 0.573907 0.008398 0.004990
0 0.329526 0.585789 0.008398 0.004990
0 0.329526 0.573907 0.008398 0.004990
0 0.482365 0.585789 0.008398 0.004990
0 0.482365 0.581036 0.008398 0.004990
0 0.550554 0.583413 0.008398 0.004990
0 0.550554 0.578660 0.008398 0.004990
0 0.634195 0.597433 0.008398 0.004990
0 0.634195 0.583413 0.008398 0.004990
0 0.756802 0.606939 0.008398 0.004990
0 0.756802 0.597433 0.008398 0.004990
0 0.756802 0.585789 0.008398 0.004990
0 0.836748 0.585789 0.008398 0.004990
0 0.864965 0.590542 0.008398 0.004990
0 0.909976 0.592681 0.008398 0.004990
0 0.120591 0.897101 0.008398 0.004990
0 0.155862 0.901854 0.008398 0.004990
0 0.173665 0.901854 0.008398 0.004990
0 0.202553 0.899477 0.008398 0.004990
0 0.241518 0.911359 0.008398 0.004990
0 0.241518 0.901854 0.008398 0.004990
0 0.361102 0.887833 0.008398 0.004990
0 0.361102 0.878327 0.008398 0.004990
0 0.459187 0.897101 0.008398 0.004990
0 0.501847 0.906606 0.008398 0.004990
0 0.501847 0.897101 0.008398 0.004990
0 0.690964 0.901854 0.008398 0.004990
0 0.690964 0.892348 0.008398 0.004990
0 0.760833 0.923004 0.008398 0.004990
0 0.760833 0.906606 0.008398 0.004990
0 0.853880 0.923004 0.008398 0.004990
0 0.853880 0.906606 0.008398 0.004990
0 0.121263 0.219106 0.008398 0.004990
0 0.121263 0.209838 0.008398 0.004990
0 0.121263 0.202709 0.008398 0.004990
0 0.219348 0.219106 0.008398 0.004990
0 0.219348 0.212215 0.008398 0.004990
0 0.219348 0.202709 0.008398 0.004990
0 0.328183 0.219106 0.008398 0.004990
0 0.328183 0.209838 0.008398 0.004990
0 0.328183 0.202709 0.008398 0.004990
0 0.479678 0.226236 0.008398 0.004990
0 0.479678 0.219106 0.008398 0.004990
0 0.547531 0.223859 0.008398 0.004990
0 0.547531 0.219106 0.008398 0.004990
0 0.639570 0.221483 0.008398 0.004990
0 0.639570 0.216968 0.008398 0.004990
0 0.689285 0.209838 0.008398 0.004990
0 0.759154 0.214591 0.008398 0.004990
0 0.759154 0.202709 0.008398 0.004990
0 0.808196 0.212215 0.008398 0.004990
0 0.857239 0.214591 0.008398 0.004990
0 0.857239 0.202709 0.008398 0.004990
0 0.906281 0.212215 0.008398 0.004990
0 0.121263 0.537548 0.008398 0.004990
0 0.121263 0.533032 0.008398 0.004990
0 0.121263 0.525903 0.008398 0.004990
0 0.121263 0.521150 0.008398 0.004990
0 0.220020 0.535171 0.008398 0.004990
0 0.220020 0.525903 0.008398 0.004990
0 0.220020 0.518774 0.008398 0.004990
0 0.329526 0.533032 0.008398 0.004990
0 0.329526 0.525903 0.008398 0.004990
0 0.329526 0.521150 0.008398 0.004990
0 0.329526 0.516397 0.008398 0.004990
0 0.482365 0.542300 0.008398 0.004990
0 0.482365 0.533032 0.008398 0.004990
0 0.482365 0.525903 0.008398 0.004990
0 0.550554 0.542300 0.008398 0.004990
0 0.558280 0.539924 0.008398 0.004990
0 0.550554 0.530656 0.008398 0.004990
0 0.550554 0.525903 0.008398 0.004990
0 0.634195 0.544677 0.008398 0.004990
0 0.634195 0.533032 0.008398 0.004990
0 0.708095 0.533032 0.008398 0.004990
0 0.708095 0.516397 0.008398 0.004990
0 0.756802 0.530656 0.008398 0.004990
0 0.756802 0.514021 0.008398 0.004990
0 0.836748 0.509268 0.008398 0.004990
0 0.864965 0.514021 0.008398 0.004990
0 0.909976 0.516397 0.008398 0.004990
0 0.120591 0.831036 0.008398 0.004990
0 0.155862 0.835789 0.008398 0.004990
0 0.173665 0.835789 0.008398 0.004990
0 0.202553 0.833413 0.008398 0.004990
0 0.241518 0.845295 0.008398 0.004990
0 0.241518 0.840542 0.008398 0.004990
0 0.241518 0.831036 0.008398 0.004990
0 0.266711 0.835789 0.008398 0.004990
0 0.317098 0.840542 0.008398 0.004990
0 0.361102 0.852424 0.008398 0.004990
0 0.361102 0.845295 0.008398 0.004990
0 0.361102 0.835789 0.008398 0.004990
0 0.394021 0.840542 0.008398 0.004990
0 0.459187 0.861692 0.008398 0.004990
0 0.459187 0.854800 0.008398 0.004990
0 0.501847 0.864068 0.008398 0.004990
0 0.501847 0.852424 0.008398 0.004990
0 0.690964 0.835789 0.008398 0.004990
0 0.690964 0.831036 0.008398 0.004990
0 0.690964 0.819392 0.008398 0.004990
0 0.760833 0.835789 0.008398 0.004990
0 0.760833 0.831036 0.008398 0.004990
0 0.760833 0.819392 0.008398 0.004990
0 0.853880 0.835789 0.008398 0.004990
0 0.853880 0.831036 0.008398 0.004990
0 0.853880 0.819392 0.008398 0.004990
0 0.121263 0.146863 0.008398 0.004990
0 0.170306 0.151616 0.008398 0.004990
0 0.219348 0.156369 0.008398 0.004990
0 0.268391 0.149240 0.008398 0.004990
0 0.328183 0.151616 0.008398 0.004990
0 0.393013 0.156369 0.008398 0.004990
0 0.426268 0.156369 0.008398 0.004990
0 0.479678 0.156369 0.008398 0.004990
0 0.547531 0.160884 0.008398 0.004990
0 0.608331 0.160884 0.008398 0.004990
0 0.639570 0.158508 0.008398 0.004990
0 0.689285 0.158508 0.008398 0.004990
0 0.759154 0.151616 0.008398 0.004990
0 0.808196 0.149240 0.008398 0.004990
0 0.857239 0.151616 0.008398 0.004990
0 0.906281 0.149240 0.008398 0.004990
0 0.121263 0.466730 0.008398 0.004990
0 0.170642 0.471483 0.008398 0.004990
0 0.220020 0.476236 0.008398 0.004990
0 0.269399 0.469106 0.008398 0.004990
0 0.329526 0.471483 0.008398 0.004990
0 0.395029 0.476236 0.008398 0.004990
0 0.428619 0.476236 0.008398 0.004990
0 0.482365 0.476236 0.008398 0.004990
0 0.550554 0.480989 0.008398 0.004990
0 0.605979 0.480989 0.008398 0.004990
0 0.634195 0.478612 0.008398 0.004990
0 0.679879 0.478612 0.008398 0.004990
0 0.756802 0.466730 0.008398 0.004990
0 0.801814 0.471483 0.008398 0.004990
0 0.361102 0.775190 0.008398 0.004990
0 0.394021 0.779943 0.008398 0.004990
0 0.501847 0.782082 0.008398 0.004990
0 0.567686 0.786835 0.008398 0.004990
0 0.627813 0.786835 0.008398 0.004990
0 0.121263 0.066540 0.008398 0.004990
0 0.170306 0.071055 0.008398 0.004990
0 0.219348 0.071055 0.008398 0.004990
0 0.268391 0.075808 0.008398 0.004990
0 0.328183 0.078184 0.008398 0.004990
0 0.393013 0.082937 0.008398 0.004990
0 0.426268 0.082937 0.008398 0.004990
0 0.479678 0.087690 0.008398 0.004990
0 0.547531 0.085314 0.008398 0.004990
0 0.608331 0.082937 0.008398 0.004990
0 0.639570 0.085314 0.008398 0.004990
0 0.689285 0.078184 0.008398 0.004990
0 0.759154 0.071055 0.008398 0.004990
0 0.808196 0.075808 0.008398 0.004990
0 0.857239 0.071055 0.008398 0.004990
0 0.906281 0.075808 0.008398 0.004990
0 0.121263 0.386407 0.008398 0.004990
0 0.170642 0.391160 0.008398 0.004990
0 0.220020 0.391160 0.008398 0.004990
0 0.269399 0.395913 0.008398 0.004990
0 0.329526 0.398289 0.008398 0.004990
0 0.395029 0.402804 0.008398 0.004990
0 0.428619 0.402804 0.008398 0.004990
0 0.482365 0.407557 0.008398 0.004990
0 0.550554 0.405181 0.008398 0.004990
0 0.605979 0.402804 0.008398 0.004990
0 0.634195 0.405181 0.008398 0.004990
0 0.679879 0.398289 0.008398 0.004990
0 0.756802 0.386407 0.008398 0.004990
0 0.801814 0.391160 0.008398 0.004990
0 0.501847 0.710551 0.008398 0.004990
0 0.567686 0.715304 0.008398 0.004990
0 0.627813 0.715304 0.008398 0.004990
