0 0.137051 0.211264 0.008398 0.004990
0 0.194155 0.194867 0.008398 0.004990
0 0.299631 0.204373 0.008398 0.004990
0 0.299631 0.194867 0.008398 0.004990
0 0.389990 0.204373 0.008398 0.004990
0 0.389990 0.194867 0.008398 0.004990
0 0.450118 0.204373 0.008398 0.004990
0 0.450118 0.194867 0.008398 0.004990
0 0.548203 0.211264 0.008398 0.004990
0 0.548203 0.194867 0.008398 0.004990
0 0.606315 0.204373 0.008398 0.004990
0 0.606315 0.194867 0.008398 0.004990
0 0.727578 0.211264 0.008398 0.004990
0 0.727578 0.194867 0.008398 0.004990
0 0.798791 0.204373 0.008398 0.004990
0 0.798791 0.194867 0.008398 0.004990
0 0.910312 0.211264 0.008398 0.004990
0 0.910312 0.194867 0.008398 0.004990
0 0.134699 0.375000 0.008398 0.004990
0 0.134699 0.367871 0.008398 0.004990
0 0.225395 0.384506 0.008398 0.004990
0 0.225395 0.367871 0.008398 0.004990
0 0.292912 0.375000 0.008398 0.004990
0 0.292912 0.367871 0.008398 0.004990
0 0.402083 0.384506 0.008398 0.004990
0 0.402083 0.367871 0.008398 0.004990
0 0.461538 0.372624 0.008398 0.004990
0 0.461538 0.367871 0.008398 0.004990
0 0.584817 0.384506 0.008398 0.004990
0 0.584817 0.367871 0.008398 0.004990
0 0.649311 0.372624 0.008398 0.004990
0 0.649311 0.365494 0.008398 0.004990
0 0.750084 0.382129 0.008398 0.004990
0 0.750084 0.365494 0.008398 0.004990
0 0.797111 0.375000 0.008398 0.004990
0 0.797111 0.365494 0.008398 0.004990
0 0.898892 0.377376 0.008398 0.004990
0 0.898892 0.365494 0.008398 0.004990
0 0.137051 0.558460 0.008398 0.004990
0 0.137051 0.546816 0.008398 0.004990
0 0.231777 0.563213 0.008398 0.004990
0 0.231777 0.546816 0.008398 0.004990
0 0.289217 0.556321 0.008398 0.004990
0 0.289217 0.546816 0.008398 0.004990
0 0.390662 0.563213 0.008398 0.004990
0 0.390662 0.546816 0.008398 0.004990
0 0.461538 0.556321 0.008398 0.004990
0 0.461538 0.539686 0.008398 0.004990
0 0.568357 0.563213 0.008398 0.004990
0 0.568357 0.546816 0.008398 0.004990
0 0.627477 0.560837 0.008398 0.004990
0 0.627477 0.544439 0.008398 0.004990
0 0.734296 0.567966 0.008398 0.004990
0 0.734296 0.551568 0.008398 0.004990
0 0.807524 0.560837 0.008398 0.004990
0 0.807524 0.544439 0.008398 0.004990
0 0.914679 0.567966 0.008398 0.004990
0 0.914679 0.551568 0.008398 0.004990
0 0.137051 0.752139 0.008398 0.004990
0 0.137051 0.735741 0.008398 0.004990
0 0.258314 0.735741 0.008398 0.004990
0 0.258314 0.719106 0.008398 0.004990
0 0.328855 0.745010 0.008398 0.004990
0 0.328855 0.728612 0.008398 0.004990
0 0.461203 0.752139 0.008398 0.004990
0 0.461203 0.735741 0.008398 0.004990
0 0.544508 0.752139 0.008398 0.004990
0 0.544508 0.735741 0.008398 0.004990
0 0.611354 0.747386 0.008398 0.004990
0 0.611354 0.730989 0.008398 0.004990
0 0.686261 0.747386 0.008398 0.004990
0 0.686261 0.730989 0.008398 0.004990
0 0.740343 0.745010 0.008398 0.004990
0 0.740343 0.728612 0.008398 0.004990
0 0.820961 0.745010 0.008398 0.004990
0 0.820961 0.728612 0.008398 0.004990
0 0.866644 0.738118 0.008398 0.004990
0 0.866644 0.728612 0.008398 0.004990
0 0.921061 0.745010 0.008398 0.004990
0 0.921061 0.728612 0.008398 0.004990
0 0.137051 0.904230 0.008398 0.004990
0 0.137051 0.894724 0.008398 0.004990
0 0.271750 0.911359 0.008398 0.004990
0 0.271750 0.894724 0.008398 0.004990
0 0.356735 0.904230 0.008398 0.004990
0 0.356735 0.894724 0.008398 0.004990
0 0.493114 0.911359 0.008398 0.004990
0 0.493114 0.894724 0.008398 0.004990
0 0.561639 0.904230 0.008398 0.004990
0 0.561639 0.894724 0.008398 0.004990
0 0.701377 0.911359 0.008398 0.004990
0 0.701377 0.894724 0.008398 0.004990
0 0.771246 0.904230 0.008398 0.004990
0 0.771246 0.894724 0.008398 0.004990
0 0.880752 0.904230 0.008398 0.004990
0 0.880752 0.894724 0.008398 0.004990
0 0.137051 0.157082 0.008398 0.004990
0 0.137051 0.147814 0.008398 0.004990
0 0.194155 0.157082 0.008398 0.004990
0 0.194155 0.147814 0.008398 0.004990
0 0.299631 0.133555 0.008398 0.004990
0 0.299631 0.128802 0.008398 0.004990
0 0.339604 0.140684 0.008398 0.004990
0 0.339604 0.131179 0.008398 0.004990
0 0.364797 0.145437 0.008398 0.004990
0 0.364797 0.133555 0.008398 0.004990
0 0.389990 0.140684 0.008398 0.004990
0 0.389990 0.131179 0.008398 0.004990
0 0.414847 0.133555 0.008398 0.004990
0 0.414847 0.128802 0.008398 0.004990
0 0.450118 0.128802 0.008398 0.004990
0 0.450118 0.124049 0.008398 0.004990
0 0.487403 0.126426 0.008398 0.004990
0 0.487403 0.121673 0.008398 0.004990
0 0.506550 0.128802 0.008398 0.004990
0 0.506550 0.124049 0.008398 0.004990
0 0.606315 0.149952 0.008398 0.004990
0 0.606315 0.145437 0.008398 0.004990
0 0.666779 0.157082 0.008398 0.004990
0 0.666779 0.147814 0.008398 0.004990
0 0.697346 0.161835 0.008398 0.004990
0 0.697346 0.149952 0.008398 0.004990
0 0.727578 0.157082 0.008398 0.004990
0 0.727578 0.147814 0.008398 0.004990
0 0.758146 0.149952 0.008398 0.004990
0 0.758146 0.145437 0.008398 0.004990
0 0.798791 0.145437 0.008398 0.004990
0 0.798791 0.140684 0.008398 0.004990
0 0.838764 0.143061 0.008398 0.004990
0 0.838764 0.138308 0.008398 0.004990
0 0.865301 0.145437 0.008398 0.004990
0 0.865301 0.140684 0.008398 0.004990
0 0.134699 0.320817 0.008398 0.004990
0 0.134699 0.316065 0.008398 0.004990
0 0.175008 0.327947 0.008398 0.004990
0 0.175008 0.318441 0.008398 0.004990
0 0.200202 0.332462 0.008398 0.004990
0 0.200202 0.320817 0.008398 0.004990
0 0.225395 0.327947 0.008398 0.004990
0 0.225395 0.318441 0.008398 0.004990
0 0.250588 0.320817 0.008398 0.004990
0 0.250588 0.316065 0.008398 0.004990
0 0.292912 0.316065 0.008398 0.004990
0 0.292912 0.311312 0.008398 0.004990
0 0.330534 0.313688 0.008398 0.004990
0 0.330534 0.308935 0.008398 0.004990
0 0.359758 0.316065 0.008398 0.004990
0 0.359758 0.311312 0.008398 0.004990
0 0.461538 0.323194 0.008398 0.004990
0 0.461538 0.313688 0.008398 0.004990
0 0.507558 0.306559 0.008398 0.004990
0 0.533087 0.323194 0.008398 0.004990
0 0.533087 0.313688 0.008398 0.004990
0 0.584817 0.323194 0.008398 0.004990
0 0.584817 0.313688 0.008398 0.004990
0 0.649311 0.323194 0.008398 0.004990
0 0.649311 0.313688 0.008398 0.004990
0 0.683574 0.311312 0.008398 0.004990
0 0.711790 0.323194 0.008398 0.004990
0 0.711790 0.313688 0.008398 0.004990
0 0.797111 0.320817 0.008398 0.004990
0 0.797111 0.316065 0.008398 0.004990
0 0.842459 0.327947 0.008398 0.004990
0 0.842459 0.318441 0.008398 0.004990
0 0.870675 0.332462 0.008398 0.004990
0 0.870675 0.320817 0.008398 0.004990
0 0.898892 0.327947 0.008398 0.004990
0 0.898892 0.318441 0.008398 0.004990
0 0.926772 0.320817 0.008398 0.004990
0 0.926772 0.316065 0.008398 0.004990
0 0.137051 0.495960 0.008398 0.004990
0 0.137051 0.491207 0.008398 0.004990
0 0.171313 0.507605 0.008398 0.004990
0 0.171313 0.500475 0.008398 0.004990
0 0.193147 0.495960 0.008398 0.004990
0 0.193147 0.491207 0.008398 0.004990
0 0.289217 0.498099 0.008398 0.004990
0 0.289217 0.493584 0.008398 0.004990
0 0.314746 0.498099 0.008398 0.004990
0 0.314746 0.493584 0.008398 0.004990
0 0.314746 0.481702 0.008398 0.004990
0 0.339940 0.500475 0.008398 0.004990
0 0.339940 0.493584 0.008398 0.004990
0 0.339940 0.484078 0.008398 0.004990
0 0.365469 0.498099 0.008398 0.004990
0 0.365469 0.493584 0.008398 0.004990
0 0.365469 0.481702 0.008398 0.004990
0 0.390662 0.500475 0.008398 0.004990
0 0.390662 0.493584 0.008398 0.004990
0 0.390662 0.484078 0.008398 0.004990
0 0.416191 0.502852 0.008398 0.004990
0 0.416191 0.493584 0.008398 0.004990
0 0.416191 0.486454 0.008398 0.004990
0 0.461538 0.505228 0.008398 0.004990
0 0.461538 0.493584 0.008398 0.004990
0 0.461538 0.488831 0.008398 0.004990
0 0.497481 0.509981 0.008398 0.004990
0 0.497481 0.498099 0.008398 0.004990
0 0.497481 0.493584 0.008398 0.004990
0 0.527712 0.505228 0.008398 0.004990
0 0.527712 0.493584 0.008398 0.004990
0 0.527712 0.488831 0.008398 0.004990
0 0.627477 0.509981 0.008398 0.004990
0 0.627477 0.498099 0.008398 0.004990
0 0.627477 0.493584 0.008398 0.004990
0 0.654350 0.500475 0.008398 0.004990
0 0.654350 0.495960 0.008398 0.004990
0 0.654350 0.484078 0.008398 0.004990
0 0.680887 0.502852 0.008398 0.004990
0 0.680887 0.498099 0.008398 0.004990
0 0.680887 0.486454 0.008398 0.004990
0 0.707424 0.500475 0.008398 0.004990
0 0.707424 0.495960 0.008398 0.004990
0 0.707424 0.484078 0.008398 0.004990
0 0.734296 0.502852 0.008398 0.004990
0 0.734296 0.498099 0.008398 0.004990
0 0.734296 0.486454 0.008398 0.004990
0 0.760833 0.505228 0.008398 0.004990
0 0.760833 0.500475 0.008398 0.004990
0 0.760833 0.488831 0.008398 0.004990
0 0.807524 0.502852 0.008398 0.004990
0 0.807524 0.498099 0.008398 0.004990
0 0.807524 0.486454 0.008398 0.004990
0 0.843467 0.509981 0.008398 0.004990
0 0.843467 0.498099 0.008398 0.004990
0 0.843467 0.493584 0.008398 0.004990
0 0.874034 0.502852 0.008398 0.004990
0 0.874034 0.498099 0.008398 0.004990
0 0.874034 0.486454 0.008398 0.004990
0 0.137051 0.684886 0.008398 0.004990
0 0.137051 0.677757 0.008398 0.004990
0 0.137051 0.673004 0.008398 0.004990
0 0.258314 0.684886 0.008398 0.004990
0 0.258314 0.680133 0.008398 0.004990
0 0.258314 0.673004 0.008398 0.004990
0 0.328855 0.689401 0.008398 0.004990
0 0.328855 0.682510 0.008398 0.004990
0 0.328855 0.673004 0.008398 0.004990
0 0.461203 0.677757 0.008398 0.004990
0 0.461203 0.673004 0.008398 0.004990
0 0.498153 0.684886 0.008398 0.004990
0 0.498153 0.675380 0.008398 0.004990
0 0.521330 0.689639 0.008398 0.004990
0 0.521330 0.677757 0.008398 0.004990
0 0.544508 0.684886 0.008398 0.004990
0 0.544508 0.675380 0.008398 0.004990
0 0.567686 0.677757 0.008398 0.004990
0 0.567686 0.673004 0.008398 0.004990
0 0.611354 0.677757 0.008398 0.004990
0 0.611354 0.673004 0.008398 0.004990
0 0.644609 0.684886 0.008398 0.004990
0 0.644609 0.675380 0.008398 0.004990
0 0.665435 0.689639 0.008398 0.004990
0 0.665435 0.677757 0.008398 0.004990
0 0.686261 0.684886 0.008398 0.004990
0 0.686261 0.675380 0.008398 0.004990
0 0.707088 0.677757 0.008398 0.004990
0 0.707088 0.673004 0.008398 0.004990
0 0.740343 0.689639 0.008398 0.004990
0 0.740343 0.677757 0.008398 0.004990
0 0.740343 0.673004 0.008398 0.004990
0 0.776285 0.689639 0.008398 0.004990
0 0.776285 0.684886 0.008398 0.004990
0 0.776285 0.673004 0.008398 0.004990
0 0.798455 0.687262 0.008398 0.004990
0 0.798455 0.682510 0.008398 0.004990
0 0.798455 0.670627 0.008398 0.004990
0 0.820961 0.689639 0.008398 0.004990
0 0.820961 0.684886 0.008398 0.004990
0 0.820961 0.673004 0.008398 0.004990
0 0.866644 0.691778 0.008398 0.004990
0 0.866644 0.680133 0.008398 0.004990
0 0.866644 0.675380 0.008398 0.004990
0 0.921061 0.691778 0.008398 0.004990
0 0.921061 0.680133 0.008398 0.004990
0 0.921061 0.675380 0.008398 0.004990
0 0.137051 0.849097 0.008398 0.004990
0 0.137051 0.844344 0.008398 0.004990
0 0.196842 0.856226 0.008398 0.004990
0 0.196842 0.846721 0.008398 0.004990
0 0.234128 0.860979 0.008398 0.004990
0 0.234128 0.849097 0.008398 0.004990
0 0.271750 0.856226 0.008398 0.004990
0 0.271750 0.846721 0.008398 0.004990
0 0.309036 0.849097 0.008398 0.004990
0 0.309036 0.844344 0.008398 0.004990
0 0.356735 0.844344 0.008398 0.004990
0 0.356735 0.839591 0.008398 0.004990
0 0.408465 0.841968 0.008398 0.004990
0 0.408465 0.837215 0.008398 0.004990
0 0.434666 0.844344 0.008398 0.004990
0 0.434666 0.839591 0.008398 0.004990
0 0.561639 0.827947 0.008398 0.004990
0 0.561639 0.823194 0.008398 0.004990
0 0.614713 0.825570 0.008398 0.004990
0 0.614713 0.820817 0.008398 0.004990
0 0.641585 0.827947 0.008398 0.004990
0 0.641585 0.823194 0.008398 0.004990
0 0.771246 0.860979 0.008398 0.004990
0 0.771246 0.849097 0.008398 0.004990
0 0.771246 0.844344 0.008398 0.004990
0 0.880752 0.860979 0.008398 0.004990
0 0.880752 0.849097 0.008398 0.004990
0 0.880752 0.844344 0.008398 0.004990
0 0.137051 0.075808 0.008398 0.004990
0 0.606315 0.080561 0.008398 0.004990
0 0.636547 0.080561 0.008398 0.004990
0 0.666779 0.082937 0.008398 0.004990
0 0.697346 0.085314 0.008398 0.004990
0 0.727578 0.082937 0.008398 0.004990
0 0.758146 0.080561 0.008398 0.004990
0 0.798791 0.075808 0.008398 0.004990
0 0.838764 0.073432 0.008398 0.004990
0 0.865301 0.075808 0.008398 0.004990
0 0.134699 0.258793 0.008398 0.004990
0 0.175008 0.261169 0.008398 0.004990
0 0.200202 0.263546 0.008398 0.004990
0 0.225395 0.261169 0.008398 0.004990
0 0.250588 0.258793 0.008398 0.004990
0 0.292912 0.254040 0.008398 0.004990
0 0.330534 0.251663 0.008398 0.004990
0 0.359758 0.254040 0.008398 0.004990
0 0.461538 0.256416 0.008398 0.004990
0 0.507558 0.249287 0.008398 0.004990
0 0.533087 0.256416 0.008398 0.004990
0 0.584817 0.256416 0.008398 0.004990
0 0.649311 0.256416 0.008398 0.004990
0 0.683574 0.254040 0.008398 0.004990
0 0.711790 0.261169 0.008398 0.004990
0 0.797111 0.258793 0.008398 0.004990
0 0.842459 0.261169 0.008398 0.004990
0 0.870675 0.263546 0.008398 0.004990
0 0.898892 0.261169 0.008398 0.004990
0 0.926772 0.258793 0.008398 0.004990
0 0.137051 0.431797 0.008398 0.004990
0 0.171313 0.441302 0.008398 0.004990
0 0.193147 0.431797 0.008398 0.004990
0 0.289217 0.434173 0.008398 0.004990
0 0.339940 0.434173 0.008398 0.004990
0 0.390662 0.434173 0.008398 0.004990
0 0.416191 0.434173 0.008398 0.004990
0 0.461538 0.434173 0.008398 0.004990
0 0.497481 0.429420 0.008398 0.004990
0 0.527712 0.434173 0.008398 0.004990
0 0.627477 0.434173 0.008398 0.004990
0 0.680887 0.434173 0.008398 0.004990
0 0.734296 0.434173 0.008398 0.004990
0 0.760833 0.434173 0.008398 0.004990
0 0.807524 0.434173 0.008398 0.004990
0 0.843467 0.427044 0.008398 0.004990
0 0.874034 0.434173 0.008398 0.004990
0 0.137051 0.610741 0.008398 0.004990
0 0.167282 0.610741 0.008398 0.004990
0 0.197514 0.610741 0.008398 0.004990
0 0.227746 0.610741 0.008398 0.004990
0 0.258314 0.608365 0.008398 0.004990
0 0.288546 0.605989 0.008398 0.004990
0 0.328855 0.605989 0.008398 0.004990
0 0.368828 0.615494 0.008398 0.004990
0 0.408801 0.615494 0.008398 0.004990
0 0.461203 0.605989 0.008398 0.004990
0 0.498153 0.605989 0.008398 0.004990
0 0.567686 0.605989 0.008398 0.004990
0 0.611354 0.598859 0.008398 0.004990
0 0.686261 0.601236 0.008398 0.004990
0 0.740343 0.603612 0.008398 0.004990
0 0.776285 0.605989 0.008398 0.004990
0 0.798455 0.603612 0.008398 0.004990
0 0.820961 0.605989 0.008398 0.004990
0 0.866644 0.608365 0.008398 0.004990
