0 0.845818 0.063688 0.006046 0.003565
0 0.107155 0.454373 0.006046 0.003565
0 0.107155 0.747386 0.006046 0.003565
0 0.182062 0.063688 0.006046 0.003565
0 0.208935 0.068916 0.006046 0.003565
0 0.228418 0.063688 0.006046 0.003565
0 0.247565 0.062025 0.006046 0.003565
0 0.267047 0.060361 0.006046 0.003565
0 0.286530 0.062025 0.006046 0.003565
0 0.276117 0.060361 0.004031 0.002376
0 0.310044 0.063688 0.006046 0.003565
0 0.332550 0.062025 0.006046 0.003565
0 0.363789 0.068916 0.006046 0.003565
0 0.382264 0.062025 0.006046 0.003565
0 0.397716 0.060361 0.006046 0.003565
0 0.415183 0.058698 0.006046 0.003565
0 0.432650 0.060361 0.006046 0.003565
0 0.422237 0.058698 0.004031 0.002376
0 0.448438 0.062025 0.006046 0.003565
0 0.474303 0.060361 0.006046 0.003565
0 0.505542 0.060361 0.006046 0.003565
0 0.523682 0.058698 0.006046 0.003565
0 0.542828 0.057034 0.006046 0.003565
0 0.563655 0.057034 0.006046 0.003565
0 0.587168 0.062025 0.006046 0.003565
0 0.612026 0.060361 0.006046 0.003565
0 0.635203 0.058698 0.006046 0.003565
0 0.670474 0.058698 0.006046 0.003565
0 0.701041 0.063688 0.006046 0.003565
0 0.719180 0.062025 0.006046 0.003565
0 0.737319 0.060361 0.006046 0.003565
0 0.755123 0.060361 0.006046 0.003565
0 0.773262 0.062025 0.006046 0.003565
0 0.793752 0.067015 0.006046 0.003565
0 0.815922 0.065352 0.006046 0.003565
0 0.838428 0.063688 0.006046 0.003565
0 0.860934 0.065352 0.006046 0.003565
0 0.868996 0.063688 0.006046 0.003565
0 0.877057 0.062025 0.006046 0.003565
0 0.885119 0.063688 0.006046 0.003565
0 0.892845 0.065352 0.006046 0.003565
0 0.900907 0.067015 0.006046 0.003565
0 0.910984 0.068916 0.006046 0.003565
0 0.099429 0.161359 0.006046 0.003565
0 0.141418 0.166587 0.006046 0.003565
0 0.162580 0.161359 0.006046 0.003565
0 0.183406 0.159696 0.006046 0.003565
0 0.204232 0.158032 0.006046 0.003565
0 0.225395 0.159696 0.006046 0.003565
0 0.214982 0.158032 0.004031 0.002376
0 0.246221 0.161359 0.006046 0.003565
0 0.284515 0.159696 0.006046 0.003565
0 0.327847 0.166587 0.006046 0.003565
0 0.349345 0.159696 0.006046 0.003565
0 0.371515 0.158032 0.006046 0.003565
0 0.393349 0.156369 0.006046 0.003565
0 0.414847 0.158032 0.006046 0.003565
0 0.404434 0.156369 0.004031 0.002376
0 0.436345 0.159696 0.006046 0.003565
0 0.470608 0.158032 0.006046 0.003565
0 0.507894 0.158032 0.006046 0.003565
0 0.529056 0.156369 0.006046 0.003565
0 0.551898 0.154705 0.006046 0.003565
0 0.574740 0.154705 0.006046 0.003565
0 0.602620 0.159696 0.006046 0.003565
0 0.617064 0.158032 0.006046 0.003565
0 0.639906 0.156369 0.006046 0.003565
0 0.673161 0.156369 0.006046 0.003565
0 0.707424 0.161359 0.006046 0.003565
0 0.725227 0.159696 0.006046 0.003565
0 0.746389 0.158032 0.006046 0.003565
0 0.767551 0.158032 0.006046 0.003565
0 0.788378 0.159696 0.006046 0.003565
0 0.809540 0.161359 0.006046 0.003565
0 0.830702 0.159696 0.006046 0.003565
0 0.858247 0.158032 0.006046 0.003565
0 0.894861 0.169914 0.006046 0.003565
0 0.099429 0.262595 0.006046 0.003565
0 0.125294 0.259030 0.006046 0.003565
0 0.150151 0.255703 0.006046 0.003565
0 0.199866 0.259030 0.006046 0.003565
0 0.224723 0.262595 0.006046 0.003565
0 0.249580 0.267586 0.006046 0.003565
0 0.315082 0.265922 0.006046 0.003565
0 0.304669 0.264259 0.004031 0.002376
0 0.339604 0.267586 0.006046 0.003565
0 0.364461 0.255703 0.006046 0.003565
0 0.389318 0.267586 0.006046 0.003565
0 0.414175 0.265922 0.006046 0.003565
0 0.403762 0.264259 0.004031 0.002376
0 0.439033 0.267586 0.006046 0.003565
0 0.463554 0.255703 0.006046 0.003565
0 0.488411 0.267586 0.006046 0.003565
0 0.525361 0.262595 0.006046 0.003565
0 0.549211 0.259030 0.006046 0.003565
0 0.573396 0.255703 0.006046 0.003565
0 0.621767 0.259030 0.006046 0.003565
0 0.645952 0.262595 0.006046 0.003565
0 0.669802 0.267586 0.006046 0.003565
0 0.727914 0.265922 0.006046 0.003565
0 0.755123 0.267586 0.006046 0.003565
0 0.781995 0.255703 0.006046 0.003565
0 0.809204 0.267586 0.006046 0.003565
0 0.836412 0.260694 0.006046 0.003565
0 0.863621 0.259030 0.006046 0.003565
0 0.890830 0.262595 0.006046 0.003565
0 0.924756 0.250713 0.006046 0.003565
0 0.914343 0.262595 0.004031 0.002376
0 0.182062 0.356702 0.006046 0.003565
0 0.226067 0.361930 0.006046 0.003565
0 0.247901 0.356702 0.006046 0.003565
0 0.269735 0.355038 0.006046 0.003565
0 0.291569 0.353375 0.006046 0.003565
0 0.313403 0.355038 0.006046 0.003565
0 0.302990 0.353375 0.004031 0.002376
0 0.339940 0.356702 0.006046 0.003565
0 0.364797 0.355038 0.006046 0.003565
0 0.407121 0.361930 0.006046 0.003565
0 0.428284 0.355038 0.006046 0.003565
0 0.449446 0.353375 0.006046 0.003565
0 0.470608 0.351711 0.006046 0.003565
0 0.491770 0.353375 0.006046 0.003565
0 0.481357 0.351711 0.004031 0.002376
0 0.512932 0.355038 0.006046 0.003565
0 0.543836 0.353375 0.006046 0.003565
0 0.583473 0.353375 0.006046 0.003565
0 0.601948 0.351711 0.006046 0.003565
0 0.626470 0.350048 0.006046 0.003565
0 0.650991 0.350048 0.006046 0.003565
0 0.680551 0.355038 0.006046 0.003565
0 0.703057 0.353375 0.006046 0.003565
0 0.732953 0.351711 0.006046 0.003565
0 0.762177 0.351711 0.006046 0.003565
0 0.798791 0.356702 0.006046 0.003565
0 0.814243 0.355038 0.006046 0.003565
0 0.841787 0.353375 0.006046 0.003565
0 0.863957 0.353375 0.006046 0.003565
0 0.886463 0.355038 0.006046 0.003565
0 0.909305 0.360266 0.006046 0.003565
0 0.931811 0.358365 0.006046 0.003565
0 0.099429 0.454373 0.006046 0.003565
0 0.122271 0.456036 0.006046 0.003565
0 0.133020 0.454373 0.006046 0.003565
0 0.143433 0.452709 0.006046 0.003565
0 0.154182 0.454373 0.006046 0.003565
0 0.164931 0.456036 0.006046 0.003565
0 0.175680 0.457937 0.006046 0.003565
0 0.186093 0.459601 0.006046 0.003565
0 0.257642 0.454373 0.006046 0.003565
0 0.291569 0.459601 0.006046 0.003565
0 0.312731 0.454373 0.006046 0.003565
0 0.333893 0.452709 0.006046 0.003565
0 0.355055 0.451046 0.006046 0.003565
0 0.376218 0.452709 0.006046 0.003565
0 0.365805 0.451046 0.004031 0.002376
0 0.397380 0.454373 0.006046 0.003565
0 0.427276 0.452709 0.006046 0.003565
0 0.468593 0.459601 0.006046 0.003565
0 0.489083 0.452709 0.006046 0.003565
0 0.509909 0.451046 0.006046 0.003565
0 0.530400 0.449382 0.006046 0.003565
0 0.551226 0.451046 0.006046 0.003565
0 0.540813 0.449382 0.004031 0.002376
0 0.576419 0.452709 0.006046 0.003565
0 0.598925 0.451046 0.006046 0.003565
0 0.633188 0.451046 0.006046 0.003565
0 0.651327 0.449382 0.006046 0.003565
0 0.672153 0.447719 0.006046 0.003565
0 0.692980 0.447719 0.006046 0.003565
0 0.718509 0.452709 0.006046 0.003565
0 0.734632 0.451046 0.006046 0.003565
0 0.760161 0.449382 0.006046 0.003565
0 0.787034 0.449382 0.006046 0.003565
0 0.819281 0.454373 0.006046 0.003565
0 0.831710 0.452709 0.006046 0.003565
0 0.851864 0.451046 0.006046 0.003565
0 0.871683 0.451046 0.006046 0.003565
0 0.891837 0.452709 0.006046 0.003565
0 0.911656 0.454373 0.006046 0.003565
0 0.931811 0.452709 0.006046 0.003565
0 0.099429 0.548717 0.006046 0.003565
0 0.136379 0.560599 0.006046 0.003565
0 0.203897 0.555608 0.006046 0.003565
0 0.224387 0.552044 0.006046 0.003565
0 0.244877 0.548717 0.006046 0.003565
0 0.285858 0.552044 0.006046 0.003565
0 0.306349 0.555608 0.006046 0.003565
0 0.326839 0.560599 0.006046 0.003565
0 0.383608 0.558935 0.006046 0.003565
0 0.373194 0.557272 0.004031 0.002376
0 0.406785 0.560599 0.006046 0.003565
0 0.429963 0.548717 0.006046 0.003565
0 0.452805 0.560599 0.006046 0.003565
0 0.475983 0.558935 0.006046 0.003565
0 0.465569 0.557272 0.004031 0.002376
0 0.499160 0.560599 0.006046 0.003565
0 0.522338 0.548717 0.006046 0.003565
0 0.545516 0.560599 0.006046 0.003565
0 0.577091 0.555608 0.006046 0.003565
0 0.596574 0.552044 0.006046 0.003565
0 0.616392 0.548717 0.006046 0.003565
0 0.655694 0.552044 0.006046 0.003565
0 0.675512 0.555608 0.006046 0.003565
0 0.696339 0.560599 0.006046 0.003565
0 0.751428 0.558935 0.006046 0.003565
0 0.741350 0.557272 0.004031 0.002376
0 0.775613 0.560599 0.006046 0.003565
0 0.799463 0.548717 0.006046 0.003565
0 0.823648 0.560599 0.006046 0.003565
0 0.847497 0.553945 0.006046 0.003565
0 0.871683 0.552044 0.006046 0.003565
0 0.895868 0.555608 0.006046 0.003565
0 0.927780 0.543726 0.006046 0.003565
0 0.917366 0.555608 0.004031 0.002376
0 0.182062 0.649715 0.006046 0.003565
0 0.214982 0.654943 0.006046 0.003565
0 0.238831 0.649715 0.006046 0.003565
0 0.262681 0.648051 0.006046 0.003565
0 0.286530 0.646388 0.006046 0.003565
0 0.310715 0.648051 0.006046 0.003565
0 0.300302 0.646625 0.004031 0.002376
0 0.339604 0.649715 0.006046 0.003565
0 0.368156 0.648051 0.006046 0.003565
0 0.413168 0.654943 0.006046 0.003565
0 0.435673 0.648051 0.006046 0.003565
0 0.458179 0.646388 0.006046 0.003565
0 0.480685 0.644724 0.006046 0.003565
0 0.503191 0.646388 0.006046 0.003565
0 0.492778 0.644724 0.004031 0.002376
0 0.525697 0.648051 0.006046 0.003565
0 0.561303 0.646388 0.006046 0.003565
0 0.599933 0.646388 0.006046 0.003565
0 0.615049 0.644724 0.006046 0.003565
0 0.638898 0.643061 0.006046 0.003565
0 0.662412 0.643061 0.006046 0.003565
0 0.691636 0.648051 0.006046 0.003565
0 0.712798 0.646388 0.006046 0.003565
0 0.736648 0.644724 0.006046 0.003565
0 0.770910 0.644724 0.006046 0.003565
0 0.807188 0.649715 0.006046 0.003565
0 0.821297 0.648051 0.006046 0.003565
0 0.843802 0.646388 0.006046 0.003565
0 0.865972 0.646388 0.006046 0.003565
0 0.888478 0.648051 0.006046 0.003565
0 0.910984 0.653279 0.006046 0.003565
0 0.938193 0.651616 0.006046 0.003565
0 0.099429 0.747386 0.006046 0.003565
0 0.122271 0.749287 0.006046 0.003565
0 0.132684 0.747386 0.006046 0.003565
0 0.143433 0.745722 0.006046 0.003565
0 0.153846 0.747386 0.006046 0.003565
0 0.164595 0.749287 0.006046 0.003565
0 0.175344 0.750951 0.006046 0.003565
0 0.185757 0.752614 0.006046 0.003565
0 0.256634 0.747386 0.006046 0.003565
0 0.289889 0.752614 0.006046 0.003565
0 0.310380 0.747386 0.006046 0.003565
0 0.331206 0.745722 0.006046 0.003565
0 0.352032 0.744059 0.006046 0.003565
0 0.372859 0.745722 0.006046 0.003565
0 0.362445 0.744297 0.004031 0.002376
0 0.393685 0.747386 0.006046 0.003565
0 0.428284 0.745722 0.006046 0.003565
0 0.467921 0.752614 0.006046 0.003565
0 0.487739 0.745722 0.006046 0.003565
0 0.507558 0.744059 0.006046 0.003565
0 0.527377 0.742395 0.006046 0.003565
0 0.547195 0.744059 0.006046 0.003565
0 0.536782 0.742395 0.004031 0.002376
0 0.571381 0.745722 0.006046 0.003565
0 0.602284 0.744059 0.006046 0.003565
0 0.635875 0.744059 0.006046 0.003565
0 0.648975 0.742395 0.006046 0.003565
0 0.669802 0.740732 0.006046 0.003565
0 0.690292 0.740732 0.006046 0.003565
0 0.715821 0.745722 0.006046 0.003565
0 0.733289 0.744059 0.006046 0.003565
0 0.753779 0.742395 0.006046 0.003565
0 0.784347 0.742395 0.006046 0.003565
0 0.822976 0.747386 0.006046 0.003565
0 0.842123 0.745722 0.006046 0.003565
0 0.858247 0.744059 0.006046 0.003565
0 0.877057 0.744059 0.006046 0.003565
0 0.896540 0.745722 0.006046 0.003565
0 0.884783 0.745960 0.004031 0.002376
0 0.889822 0.744297 0.004031 0.002376
0 0.915687 0.747386 0.006046 0.003565
0 0.935170 0.745722 0.006046 0.003565
0 0.099429 0.841730 0.006046 0.003565
0 0.137051 0.853612 0.006046 0.003565
0 0.204904 0.848622 0.006046 0.003565
0 0.224387 0.845057 0.006046 0.003565
0 0.243870 0.841730 0.006046 0.003565
0 0.282835 0.845057 0.006046 0.003565
0 0.302318 0.848622 0.006046 0.003565
0 0.321800 0.853612 0.006046 0.003565
0 0.376889 0.851949 0.006046 0.003565
0 0.366476 0.850285 0.004031 0.002376
0 0.399731 0.853612 0.006046 0.003565
0 0.422573 0.841730 0.006046 0.003565
0 0.445415 0.853612 0.006046 0.003565
0 0.468257 0.851949 0.006046 0.003565
0 0.457843 0.850285 0.004031 0.002376
0 0.491098 0.853612 0.006046 0.003565
0 0.513940 0.841730 0.006046 0.003565
0 0.536782 0.853612 0.006046 0.003565
0 0.571716 0.848622 0.006046 0.003565
0 0.591199 0.845057 0.006046 0.003565
0 0.610682 0.841730 0.006046 0.003565
0 0.649983 0.845057 0.006046 0.003565
0 0.669466 0.848622 0.006046 0.003565
0 0.688949 0.853612 0.006046 0.003565
0 0.744374 0.851949 0.006046 0.003565
0 0.733960 0.850285 0.004031 0.002376
0 0.769231 0.853612 0.006046 0.003565
0 0.794424 0.841730 0.006046 0.003565
0 0.819281 0.853612 0.006046 0.003565
0 0.844138 0.846958 0.006046 0.003565
0 0.869332 0.845057 0.006046 0.003565
0 0.894189 0.848622 0.006046 0.003565
0 0.926772 0.836740 0.006046 0.003565
0 0.916359 0.848622 0.004031 0.002376
