0 0.231105 0.219344 0.008062 0.004753
0 0.254283 0.214829 0.008062 0.004753
0 0.277461 0.210314 0.008062 0.004753
0 0.300974 0.203660 0.008062 0.004753
0 0.324152 0.210314 0.008062 0.004753
0 0.347330 0.214829 0.008062 0.004753
0 0.378233 0.217205 0.008062 0.004753
0 0.401411 0.212690 0.008062 0.004753
0 0.424924 0.210314 0.008062 0.004753
0 0.448102 0.205798 0.008062 0.004753
0 0.471280 0.210314 0.008062 0.004753
0 0.494793 0.212690 0.008062 0.004753
0 0.525697 0.226236 0.008062 0.004753
0 0.548875 0.212690 0.008062 0.004753
0 0.572052 0.210314 0.008062 0.004753
0 0.595230 0.205798 0.008062 0.004753
0 0.618744 0.210314 0.008062 0.004753
0 0.641921 0.212690 0.008062 0.004753
0 0.672825 0.219344 0.008062 0.004753
0 0.696003 0.214829 0.008062 0.004753
0 0.719180 0.210314 0.008062 0.004753
0 0.742694 0.203660 0.008062 0.004753
0 0.765872 0.210314 0.008062 0.004753
0 0.789049 0.214829 0.008062 0.004753
0 0.819953 0.224097 0.008062 0.004753
0 0.842459 0.219344 0.008062 0.004753
0 0.864965 0.214829 0.008062 0.004753
0 0.887471 0.208175 0.008062 0.004753
0 0.909976 0.214829 0.008062 0.004753
0 0.932482 0.219344 0.008062 0.004753
0 0.131676 0.394249 0.008062 0.004753
0 0.150487 0.389734 0.008062 0.004753
0 0.169298 0.382842 0.008062 0.004753
0 0.188109 0.378327 0.008062 0.004753
0 0.206920 0.382842 0.008062 0.004753
0 0.225731 0.389734 0.008062 0.004753
0 0.252267 0.391873 0.008062 0.004753
0 0.401747 0.401141 0.008062 0.004753
0 0.401747 0.385219 0.008062 0.004753
0 0.546187 0.398764 0.008062 0.004753
0 0.546187 0.382842 0.008062 0.004753
0 0.690964 0.407795 0.008062 0.004753
0 0.690964 0.391873 0.008062 0.004753
0 0.833053 0.401141 0.008062 0.004753
0 0.833053 0.385219 0.008062 0.004753
0 0.133692 0.570580 0.008062 0.004753
0 0.133692 0.554658 0.008062 0.004753
0 0.297279 0.575095 0.008062 0.004753
0 0.297279 0.559173 0.008062 0.004753
0 0.476990 0.575095 0.008062 0.004753
0 0.476990 0.559173 0.008062 0.004753
0 0.632516 0.572956 0.008062 0.004753
0 0.632516 0.557034 0.008062 0.004753
0 0.801814 0.566065 0.008062 0.004753
0 0.801814 0.550143 0.008062 0.004753
0 0.131676 0.730513 0.008062 0.004753
0 0.131676 0.714591 0.008062 0.004753
0 0.310715 0.739781 0.008062 0.004753
0 0.310715 0.723859 0.008062 0.004753
0 0.472959 0.737405 0.008062 0.004753
0 0.472959 0.721483 0.008062 0.004753
0 0.643265 0.739781 0.008062 0.004753
0 0.643265 0.723859 0.008062 0.004753
0 0.808532 0.737405 0.008062 0.004753
0 0.808532 0.721483 0.008062 0.004753
0 0.133692 0.912072 0.008062 0.004753
0 0.133692 0.896150 0.008062 0.004753
0 0.304669 0.905418 0.008062 0.004753
0 0.304669 0.889496 0.008062 0.004753
0 0.469600 0.907557 0.008062 0.004753
0 0.469600 0.891635 0.008062 0.004753
0 0.630836 0.905418 0.008062 0.004753
0 0.630836 0.889496 0.008062 0.004753
0 0.799798 0.905418 0.008062 0.004753
0 0.799798 0.889496 0.008062 0.004753
0 0.185086 0.178470 0.008062 0.004753
0 0.231105 0.178470 0.008062 0.004753
0 0.277461 0.176331 0.008062 0.004753
0 0.324152 0.176331 0.008062 0.004753
0 0.378233 0.171816 0.008062 0.004753
0 0.471280 0.173954 0.008062 0.004753
0 0.525697 0.173954 0.008062 0.004753
0 0.572052 0.180846 0.008062 0.004753
0 0.618744 0.176331 0.008062 0.004753
0 0.672825 0.178470 0.008062 0.004753
0 0.819953 0.182985 0.008062 0.004753
0 0.864965 0.180846 0.008062 0.004753
0 0.909976 0.178470 0.008062 0.004753
0 0.131676 0.339354 0.008062 0.004753
0 0.206920 0.341492 0.008062 0.004753
0 0.274101 0.350760 0.008062 0.004753
0 0.274101 0.339354 0.008062 0.004753
0 0.296271 0.352899 0.008062 0.004753
0 0.296271 0.341492 0.008062 0.004753
0 0.318105 0.355276 0.008062 0.004753
0 0.318105 0.343869 0.008062 0.004753
0 0.339940 0.357414 0.008062 0.004753
0 0.339940 0.350760 0.008062 0.004753
0 0.339940 0.346245 0.008062 0.004753
0 0.366812 0.348384 0.008062 0.004753
0 0.422573 0.359791 0.008062 0.004753
0 0.443399 0.355276 0.008062 0.004753
0 0.463890 0.348384 0.008062 0.004753
0 0.484716 0.355276 0.008062 0.004753
0 0.505542 0.359791 0.008062 0.004753
0 0.567350 0.357414 0.008062 0.004753
0 0.588512 0.355276 0.008062 0.004753
0 0.609674 0.350760 0.008062 0.004753
0 0.630836 0.355276 0.008062 0.004753
0 0.652335 0.357414 0.008062 0.004753
0 0.711790 0.357414 0.008062 0.004753
0 0.732953 0.355276 0.008062 0.004753
0 0.754115 0.350760 0.008062 0.004753
0 0.775277 0.355276 0.008062 0.004753
0 0.796439 0.357414 0.008062 0.004753
0 0.853544 0.359791 0.008062 0.004753
0 0.873698 0.355276 0.008062 0.004753
0 0.894189 0.348384 0.008062 0.004753
0 0.914343 0.355276 0.008062 0.004753
0 0.934834 0.359791 0.008062 0.004753
0 0.158549 0.525190 0.008062 0.004753
0 0.183406 0.518298 0.008062 0.004753
0 0.208263 0.513783 0.008062 0.004753
0 0.232785 0.518298 0.008062 0.004753
0 0.257642 0.525190 0.008062 0.004753
0 0.324824 0.522814 0.008062 0.004753
0 0.352368 0.518298 0.008062 0.004753
0 0.379913 0.511407 0.008062 0.004753
0 0.407457 0.518298 0.008062 0.004753
0 0.435002 0.522814 0.008062 0.004753
0 0.500168 0.518298 0.008062 0.004753
0 0.523682 0.513783 0.008062 0.004753
0 0.546859 0.511407 0.008062 0.004753
0 0.570037 0.513783 0.008062 0.004753
0 0.593215 0.518298 0.008062 0.004753
0 0.658045 0.522814 0.008062 0.004753
0 0.683574 0.520675 0.008062 0.004753
0 0.709103 0.516160 0.008062 0.004753
0 0.734632 0.520675 0.008062 0.004753
0 0.760161 0.522814 0.008062 0.004753
0 0.827343 0.525190 0.008062 0.004753
0 0.852872 0.520675 0.008062 0.004753
0 0.878401 0.513783 0.008062 0.004753
0 0.903930 0.520675 0.008062 0.004753
0 0.929459 0.525190 0.008062 0.004753
0 0.157541 0.689639 0.008062 0.004753
0 0.183742 0.687500 0.008062 0.004753
0 0.209943 0.682747 0.008062 0.004753
0 0.235808 0.687500 0.008062 0.004753
0 0.262009 0.689639 0.008062 0.004753
0 0.335573 0.689639 0.008062 0.004753
0 0.360094 0.682747 0.008062 0.004753
0 0.384615 0.678232 0.008062 0.004753
0 0.409473 0.682747 0.008062 0.004753
0 0.433994 0.689639 0.008062 0.004753
0 0.498824 0.692015 0.008062 0.004753
0 0.524353 0.685124 0.008062 0.004753
0 0.550218 0.680608 0.008062 0.004753
0 0.575747 0.685124 0.008062 0.004753
0 0.601276 0.692015 0.008062 0.004753
0 0.668458 0.692015 0.008062 0.004753
0 0.693651 0.687500 0.008062 0.004753
0 0.718509 0.680608 0.008062 0.004753
0 0.743702 0.687500 0.008062 0.004753
0 0.768895 0.692015 0.008062 0.004753
0 0.833053 0.689639 0.008062 0.004753
0 0.857239 0.680608 0.008062 0.004753
0 0.881760 0.678232 0.008062 0.004753
0 0.906281 0.680608 0.008062 0.004753
0 0.930803 0.689639 0.008062 0.004753
0 0.159221 0.862167 0.008062 0.004753
0 0.184414 0.855276 0.008062 0.004753
0 0.209607 0.850760 0.008062 0.004753
0 0.234800 0.855276 0.008062 0.004753
0 0.260329 0.862167 0.008062 0.004753
0 0.329526 0.864306 0.008062 0.004753
0 0.354048 0.859791 0.008062 0.004753
0 0.378905 0.853137 0.008062 0.004753
0 0.403762 0.859791 0.008062 0.004753
0 0.428619 0.864306 0.008062 0.004753
0 0.493786 0.859791 0.008062 0.004753
0 0.517971 0.850760 0.008062 0.004753
0 0.542492 0.843869 0.008062 0.004753
0 0.566678 0.850760 0.008062 0.004753
0 0.591199 0.859791 0.008062 0.004753
0 0.656701 0.859791 0.008062 0.004753
0 0.682230 0.853137 0.008062 0.004753
0 0.707759 0.848384 0.008062 0.004753
0 0.733624 0.853137 0.008062 0.004753
0 0.759154 0.859791 0.008062 0.004753
0 0.825663 0.857652 0.008062 0.004753
0 0.851528 0.848384 0.008062 0.004753
0 0.877393 0.841730 0.008062 0.004753
0 0.903258 0.848384 0.008062 0.004753
0 0.929123 0.857652 0.008062 0.004753
0 0.401747 0.295865 0.008062 0.004753
0 0.443399 0.293489 0.008062 0.004753
0 0.484716 0.293489 0.008062 0.004753
0 0.546187 0.288973 0.008062 0.004753
0 0.588512 0.291350 0.008062 0.004753
0 0.630836 0.291350 0.008062 0.004753
0 0.690964 0.291350 0.008062 0.004753
0 0.732953 0.298004 0.008062 0.004753
0 0.775277 0.293489 0.008062 0.004753
0 0.833053 0.295865 0.008062 0.004753
0 0.133692 0.466017 0.008062 0.004753
0 0.183406 0.463878 0.008062 0.004753
0 0.232785 0.461502 0.008062 0.004753
0 0.297279 0.461502 0.008062 0.004753
0 0.352368 0.463878 0.008062 0.004753
0 0.407457 0.463878 0.008062 0.004753
0 0.476990 0.466017 0.008062 0.004753
0 0.523682 0.463878 0.008062 0.004753
0 0.570037 0.461502 0.008062 0.004753
0 0.632516 0.463878 0.008062 0.004753
0 0.734632 0.463878 0.008062 0.004753
0 0.801814 0.461502 0.008062 0.004753
0 0.852872 0.459125 0.008062 0.004753
0 0.903930 0.459125 0.008062 0.004753
0 0.131676 0.619772 0.008062 0.004753
0 0.183742 0.621911 0.008062 0.004753
0 0.262009 0.621911 0.008062 0.004753
0 0.310715 0.621911 0.008062 0.004753
0 0.360094 0.619772 0.008062 0.004753
0 0.409473 0.617395 0.008062 0.004753
0 0.472959 0.615257 0.008062 0.004753
0 0.575747 0.615257 0.008062 0.004753
0 0.643265 0.615257 0.008062 0.004753
0 0.693651 0.621911 0.008062 0.004753
0 0.743702 0.626426 0.008062 0.004753
0 0.808532 0.626426 0.008062 0.004753
0 0.857239 0.628802 0.008062 0.004753
0 0.930803 0.628802 0.008062 0.004753
0 0.133692 0.795627 0.008062 0.004753
0 0.184414 0.793251 0.008062 0.004753
0 0.234800 0.795627 0.008062 0.004753
0 0.304669 0.797766 0.008062 0.004753
0 0.469600 0.795627 0.008062 0.004753
0 0.517971 0.788736 0.008062 0.004753
0 0.591199 0.788736 0.008062 0.004753
0 0.630836 0.793251 0.008062 0.004753
0 0.682230 0.793251 0.008062 0.004753
0 0.733624 0.793251 0.008062 0.004753
0 0.799798 0.793251 0.008062 0.004753
0 0.851528 0.786597 0.008062 0.004753
0 0.929123 0.788736 0.008062 0.004753
