0 0.149143 0.209838 0.009405 0.005466
0 0.149143 0.191540 0.009405 0.005466
0 0.176688 0.209838 0.009405 0.005466
0 0.176688 0.191540 0.009405 0.005466
0 0.204568 0.209838 0.009405 0.005466
0 0.204568 0.191540 0.009405 0.005466
0 0.232113 0.209838 0.009405 0.005466
0 0.232113 0.191540 0.009405 0.005466
0 0.259657 0.209838 0.009405 0.005466
0 0.259657 0.191540 0.009405 0.005466
0 0.464898 0.207224 0.009405 0.005466
0 0.464898 0.188688 0.009405 0.005466
0 0.487739 0.207224 0.009405 0.005466
0 0.487739 0.188688 0.009405 0.005466
0 0.510581 0.207224 0.009405 0.005466
0 0.510581 0.188688 0.009405 0.005466
0 0.533087 0.207224 0.009405 0.005466
0 0.533087 0.188688 0.009405 0.005466
0 0.555929 0.207224 0.009405 0.005466
0 0.555929 0.188688 0.009405 0.005466
0 0.727914 0.191540 0.009405 0.005466
0 0.750420 0.191540 0.009405 0.005466
0 0.772590 0.191540 0.009405 0.005466
0 0.794760 0.191540 0.009405 0.005466
0 0.817266 0.191540 0.009405 0.005466
0 0.149479 0.422291 0.009405 0.005466
0 0.172321 0.422291 0.009405 0.005466
0 0.194827 0.422291 0.009405 0.005466
0 0.217333 0.422291 0.009405 0.005466
0 0.240175 0.422291 0.009405 0.005466
0 0.456164 0.424905 0.009405 0.005466
0 0.595902 0.424905 0.009405 0.005466
0 0.677864 0.424905 0.009405 0.005466
0 0.929795 0.438213 0.009405 0.005466
0 0.929795 0.419677 0.009405 0.005466
0 0.123950 0.664686 0.009405 0.005466
0 0.123950 0.646388 0.009405 0.005466
0 0.200202 0.677994 0.009405 0.005466
0 0.200202 0.659458 0.009405 0.005466
0 0.341619 0.670152 0.009405 0.005466
0 0.341619 0.651616 0.009405 0.005466
0 0.488411 0.680608 0.009405 0.005466
0 0.488411 0.662072 0.009405 0.005466
0 0.624454 0.672766 0.009405 0.005466
0 0.624454 0.654230 0.009405 0.005466
0 0.729258 0.670152 0.009405 0.005466
0 0.729258 0.651616 0.009405 0.005466
0 0.749412 0.670152 0.009405 0.005466
0 0.749412 0.651616 0.009405 0.005466
0 0.769567 0.670152 0.009405 0.005466
0 0.769567 0.651616 0.009405 0.005466
0 0.789385 0.670152 0.009405 0.005466
0 0.789385 0.651616 0.009405 0.005466
0 0.809540 0.670152 0.009405 0.005466
0 0.809540 0.651616 0.009405 0.005466
0 0.849513 0.677994 0.009405 0.005466
0 0.849513 0.659458 0.009405 0.005466
0 0.869332 0.677994 0.009405 0.005466
0 0.869332 0.659458 0.009405 0.005466
0 0.893853 0.677994 0.009405 0.005466
0 0.893853 0.659458 0.009405 0.005466
0 0.914007 0.677994 0.009405 0.005466
0 0.914007 0.659458 0.009405 0.005466
0 0.933826 0.677994 0.009405 0.005466
0 0.933826 0.659458 0.009405 0.005466
0 0.147800 0.908745 0.009405 0.005466
0 0.147800 0.890209 0.009405 0.005466
0 0.173665 0.908745 0.009405 0.005466
0 0.173665 0.890209 0.009405 0.005466
0 0.199866 0.908745 0.009405 0.005466
0 0.199866 0.890209 0.009405 0.005466
0 0.226067 0.908745 0.009405 0.005466
0 0.226067 0.890209 0.009405 0.005466
0 0.252267 0.908745 0.009405 0.005466
0 0.252267 0.890209 0.009405 0.005466
0 0.283507 0.908745 0.009405 0.005466
0 0.283507 0.890209 0.009405 0.005466
0 0.531072 0.906131 0.009405 0.005466
0 0.531072 0.887595 0.009405 0.005466
0 0.674840 0.869297 0.009405 0.005466
0 0.674840 0.861454 0.009405 0.005466
0 0.717165 0.864068 0.009405 0.005466
0 0.749748 0.861454 0.009405 0.005466
0 0.905610 0.916587 0.009405 0.005466
0 0.727914 0.157082 0.009405 0.005466
0 0.727914 0.151854 0.009405 0.005466
0 0.750420 0.157082 0.009405 0.005466
0 0.750420 0.151854 0.009405 0.005466
0 0.772590 0.157082 0.009405 0.005466
0 0.772590 0.151854 0.009405 0.005466
0 0.794760 0.157082 0.009405 0.005466
0 0.794760 0.151854 0.009405 0.005466
0 0.817266 0.157082 0.009405 0.005466
0 0.817266 0.151854 0.009405 0.005466
0 0.149479 0.385456 0.009405 0.005466
0 0.149479 0.375000 0.009405 0.005466
0 0.172321 0.385456 0.009405 0.005466
0 0.172321 0.375000 0.009405 0.005466
0 0.194827 0.385456 0.009405 0.005466
0 0.194827 0.375000 0.009405 0.005466
0 0.217333 0.385456 0.009405 0.005466
0 0.217333 0.375000 0.009405 0.005466
0 0.240175 0.385456 0.009405 0.005466
0 0.240175 0.375000 0.009405 0.005466
0 0.149143 0.162548 0.009405 0.005466
0 0.149143 0.154468 0.009405 0.005466
0 0.149143 0.144011 0.009405 0.005466
0 0.176688 0.162548 0.009405 0.005466
0 0.176688 0.154468 0.009405 0.005466
0 0.176688 0.144011 0.009405 0.005466
0 0.204568 0.162548 0.009405 0.005466
0 0.204568 0.154468 0.009405 0.005466
0 0.204568 0.144011 0.009405 0.005466
0 0.232113 0.162548 0.009405 0.005466
0 0.232113 0.154468 0.009405 0.005466
0 0.232113 0.144011 0.009405 0.005466
0 0.259657 0.162548 0.009405 0.005466
0 0.259657 0.154468 0.009405 0.005466
0 0.259657 0.144011 0.009405 0.005466
0 0.464898 0.157082 0.009405 0.005466
0 0.464898 0.151854 0.009405 0.005466
0 0.464898 0.144011 0.009405 0.005466
0 0.487739 0.157082 0.009405 0.005466
0 0.487739 0.151854 0.009405 0.005466
0 0.487739 0.144011 0.009405 0.005466
0 0.510581 0.157082 0.009405 0.005466
0 0.510581 0.151854 0.009405 0.005466
0 0.510581 0.144011 0.009405 0.005466
0 0.533087 0.157082 0.009405 0.005466
0 0.533087 0.151854 0.009405 0.005466
0 0.533087 0.144011 0.009405 0.005466
0 0.555929 0.157082 0.009405 0.005466
0 0.555929 0.151854 0.009405 0.005466
0 0.555929 0.144011 0.009405 0.005466
0 0.637890 0.144011 0.009405 0.005466
0 0.705744 0.144011 0.009405 0.005466
0 0.897548 0.141397 0.009405 0.005466
0 0.121599 0.372386 0.009405 0.005466
0 0.262681 0.372386 0.009405 0.005466
0 0.324488 0.375000 0.009405 0.005466
0 0.333557 0.372386 0.009405 0.005466
0 0.387974 0.375000 0.009405 0.005466
0 0.387974 0.369772 0.009405 0.005466
0 0.410816 0.382842 0.009405 0.005466
0 0.410816 0.375000 0.009405 0.005466
0 0.410816 0.369772 0.009405 0.005466
0 0.433658 0.382842 0.009405 0.005466
0 0.433658 0.375000 0.009405 0.005466
0 0.433658 0.369772 0.009405 0.005466
0 0.456164 0.382842 0.009405 0.005466
0 0.456164 0.375000 0.009405 0.005466
0 0.456164 0.369772 0.009405 0.005466
0 0.479006 0.382842 0.009405 0.005466
0 0.479006 0.375000 0.009405 0.005466
0 0.479006 0.369772 0.009405 0.005466
0 0.501512 0.382842 0.009405 0.005466
0 0.501512 0.375000 0.009405 0.005466
0 0.501512 0.369772 0.009405 0.005466
0 0.527712 0.382842 0.009405 0.005466
0 0.527712 0.375000 0.009405 0.005466
0 0.527712 0.369772 0.009405 0.005466
0 0.550554 0.382842 0.009405 0.005466
0 0.550554 0.375000 0.009405 0.005466
0 0.550554 0.369772 0.009405 0.005466
0 0.573396 0.382842 0.009405 0.005466
0 0.573396 0.375000 0.009405 0.005466
0 0.573396 0.369772 0.009405 0.005466
0 0.595902 0.382842 0.009405 0.005466
0 0.595902 0.375000 0.009405 0.005466
0 0.595902 0.369772 0.009405 0.005466
0 0.618744 0.382842 0.009405 0.005466
0 0.618744 0.375000 0.009405 0.005466
0 0.618744 0.369772 0.009405 0.005466
0 0.641250 0.382842 0.009405 0.005466
0 0.641250 0.375000 0.009405 0.005466
0 0.641250 0.369772 0.009405 0.005466
0 0.677864 0.380228 0.009405 0.005466
0 0.677864 0.375000 0.009405 0.005466
0 0.700705 0.380228 0.009405 0.005466
0 0.700705 0.375000 0.009405 0.005466
0 0.723547 0.380228 0.009405 0.005466
0 0.723547 0.375000 0.009405 0.005466
0 0.746389 0.380228 0.009405 0.005466
0 0.746389 0.375000 0.009405 0.005466
0 0.769567 0.380228 0.009405 0.005466
0 0.769567 0.372386 0.009405 0.005466
0 0.792408 0.380228 0.009405 0.005466
0 0.792408 0.375000 0.009405 0.005466
0 0.792408 0.367158 0.009405 0.005466
0 0.815250 0.382842 0.009405 0.005466
0 0.815250 0.375000 0.009405 0.005466
0 0.824320 0.372386 0.009405 0.005466
0 0.815250 0.367158 0.009405 0.005466
0 0.838092 0.382842 0.009405 0.005466
0 0.838092 0.375000 0.009405 0.005466
0 0.847162 0.372386 0.009405 0.005466
0 0.838092 0.367158 0.009405 0.005466
0 0.861270 0.382842 0.009405 0.005466
0 0.861270 0.375000 0.009405 0.005466
0 0.870003 0.372386 0.009405 0.005466
0 0.861270 0.367158 0.009405 0.005466
0 0.884112 0.382842 0.009405 0.005466
0 0.884112 0.377614 0.009405 0.005466
0 0.884112 0.367158 0.009405 0.005466
0 0.906953 0.380228 0.009405 0.005466
0 0.929795 0.382842 0.009405 0.005466
0 0.929795 0.372386 0.009405 0.005466
0 0.929795 0.367158 0.009405 0.005466
0 0.123950 0.609553 0.009405 0.005466
0 0.123950 0.599097 0.009405 0.005466
0 0.133020 0.596483 0.009405 0.005466
0 0.145448 0.609553 0.009405 0.005466
0 0.145448 0.599097 0.009405 0.005466
0 0.154182 0.596483 0.009405 0.005466
0 0.166947 0.609553 0.009405 0.005466
0 0.166947 0.599097 0.009405 0.005466
0 0.175680 0.596483 0.009405 0.005466
0 0.200202 0.614781 0.009405 0.005466
0 0.200202 0.609553 0.009405 0.005466
0 0.200202 0.601711 0.009405 0.005466
0 0.221700 0.614781 0.009405 0.005466
0 0.221700 0.609553 0.009405 0.005466
0 0.221700 0.601711 0.009405 0.005466
0 0.243198 0.614781 0.009405 0.005466
0 0.243198 0.609553 0.009405 0.005466
0 0.243198 0.601711 0.009405 0.005466
0 0.266376 0.614781 0.009405 0.005466
0 0.266376 0.609553 0.009405 0.005466
0 0.266376 0.599097 0.009405 0.005466
0 0.287874 0.614781 0.009405 0.005466
0 0.287874 0.609553 0.009405 0.005466
0 0.287874 0.599097 0.009405 0.005466
0 0.309036 0.614781 0.009405 0.005466
0 0.309036 0.609553 0.009405 0.005466
0 0.309036 0.599097 0.009405 0.005466
0 0.341619 0.614781 0.009405 0.005466
0 0.341619 0.609553 0.009405 0.005466
0 0.341619 0.601711 0.009405 0.005466
0 0.362781 0.614781 0.009405 0.005466
0 0.362781 0.609553 0.009405 0.005466
0 0.362781 0.601711 0.009405 0.005466
0 0.384279 0.614781 0.009405 0.005466
0 0.384279 0.609553 0.009405 0.005466
0 0.384279 0.601711 0.009405 0.005466
0 0.423581 0.612167 0.009405 0.005466
0 0.423581 0.601711 0.009405 0.005466
0 0.432314 0.599097 0.009405 0.005466
0 0.445079 0.612167 0.009405 0.005466
0 0.445079 0.601711 0.009405 0.005466
0 0.453813 0.599097 0.009405 0.005466
0 0.466577 0.612167 0.009405 0.005466
0 0.466577 0.601711 0.009405 0.005466
0 0.475647 0.599097 0.009405 0.005466
0 0.488411 0.612167 0.009405 0.005466
0 0.488411 0.606939 0.009405 0.005466
0 0.488411 0.601711 0.009405 0.005466
0 0.509909 0.612167 0.009405 0.005466
0 0.509909 0.606939 0.009405 0.005466
0 0.509909 0.601711 0.009405 0.005466
0 0.531743 0.612167 0.009405 0.005466
0 0.531743 0.606939 0.009405 0.005466
0 0.531743 0.601711 0.009405 0.005466
0 0.559288 0.612167 0.009405 0.005466
0 0.559288 0.601711 0.009405 0.005466
0 0.568357 0.599097 0.009405 0.005466
0 0.581122 0.612167 0.009405 0.005466
0 0.581122 0.601711 0.009405 0.005466
0 0.589856 0.599097 0.009405 0.005466
0 0.602620 0.612167 0.009405 0.005466
0 0.602620 0.601711 0.009405 0.005466
0 0.611690 0.599097 0.009405 0.005466
0 0.624454 0.612167 0.009405 0.005466
0 0.624454 0.604325 0.009405 0.005466
0 0.624454 0.599097 0.009405 0.005466
0 0.645952 0.612167 0.009405 0.005466
0 0.645952 0.604325 0.009405 0.005466
0 0.645952 0.599097 0.009405 0.005466
0 0.667450 0.612167 0.009405 0.005466
0 0.667450 0.604325 0.009405 0.005466
0 0.667450 0.599097 0.009405 0.005466
0 0.729258 0.620010 0.009405 0.005466
0 0.729258 0.612167 0.009405 0.005466
0 0.729258 0.601711 0.009405 0.005466
0 0.749412 0.620010 0.009405 0.005466
0 0.749412 0.612167 0.009405 0.005466
0 0.749412 0.601711 0.009405 0.005466
0 0.769567 0.620010 0.009405 0.005466
0 0.769567 0.612167 0.009405 0.005466
0 0.769567 0.601711 0.009405 0.005466
0 0.789385 0.620010 0.009405 0.005466
0 0.789385 0.612167 0.009405 0.005466
0 0.789385 0.601711 0.009405 0.005466
0 0.809540 0.620010 0.009405 0.005466
0 0.809540 0.612167 0.009405 0.005466
0 0.809540 0.601711 0.009405 0.005466
0 0.849513 0.620010 0.009405 0.005466
0 0.849513 0.609553 0.009405 0.005466
0 0.849513 0.604325 0.009405 0.005466
0 0.869332 0.620010 0.009405 0.005466
0 0.869332 0.609553 0.009405 0.005466
0 0.869332 0.604325 0.009405 0.005466
0 0.893853 0.617395 0.009405 0.005466
0 0.893853 0.609553 0.009405 0.005466
0 0.893853 0.604325 0.009405 0.005466
0 0.914007 0.620010 0.009405 0.005466
0 0.914007 0.609553 0.009405 0.005466
0 0.914007 0.604325 0.009405 0.005466
0 0.933826 0.620010 0.009405 0.005466
0 0.933826 0.609553 0.009405 0.005466
0 0.933826 0.604325 0.009405 0.005466
0 0.147800 0.852424 0.009405 0.005466
0 0.147800 0.841968 0.009405 0.005466
0 0.156533 0.839354 0.009405 0.005466
0 0.173665 0.852424 0.009405 0.005466
0 0.173665 0.841968 0.009405 0.005466
0 0.182734 0.839354 0.009405 0.005466
0 0.199866 0.852424 0.009405 0.005466
0 0.199866 0.844582 0.009405 0.005466
0 0.199866 0.839354 0.009405 0.005466
0 0.226067 0.852424 0.009405 0.005466
0 0.226067 0.844582 0.009405 0.005466
0 0.226067 0.839354 0.009405 0.005466
0 0.252267 0.852424 0.009405 0.005466
0 0.252267 0.844582 0.009405 0.005466
0 0.252267 0.839354 0.009405 0.005466
0 0.283507 0.852424 0.009405 0.005466
0 0.283507 0.847196 0.009405 0.005466
0 0.283507 0.839354 0.009405 0.005466
0 0.509909 0.847196 0.009405 0.005466
0 0.509909 0.841968 0.009405 0.005466
0 0.531072 0.847196 0.009405 0.005466
0 0.531072 0.841968 0.009405 0.005466
0 0.531072 0.834125 0.009405 0.005466
0 0.552234 0.847196 0.009405 0.005466
0 0.552234 0.841968 0.009405 0.005466
0 0.552234 0.831511 0.009405 0.005466
0 0.574404 0.847196 0.009405 0.005466
0 0.574404 0.841968 0.009405 0.005466
0 0.574404 0.831511 0.009405 0.005466
0 0.595566 0.841968 0.009405 0.005466
0 0.595566 0.834125 0.009405 0.005466
0 0.595566 0.828660 0.009405 0.005466
0 0.617064 0.841968 0.009405 0.005466
0 0.617064 0.834125 0.009405 0.005466
0 0.617064 0.826046 0.009405 0.005466
0 0.638226 0.841968 0.009405 0.005466
0 0.638226 0.834125 0.009405 0.005466
0 0.638226 0.826046 0.009405 0.005466
0 0.674840 0.831511 0.009405 0.005466
0 0.665771 0.826046 0.009405 0.005466
0 0.674840 0.823432 0.009405 0.005466
0 0.696003 0.820817 0.009405 0.005466
0 0.717165 0.831511 0.009405 0.005466
0 0.708431 0.826046 0.009405 0.005466
0 0.717165 0.823432 0.009405 0.005466
0 0.749748 0.828660 0.009405 0.005466
0 0.749748 0.823432 0.009405 0.005466
0 0.766208 0.828660 0.009405 0.005466
0 0.766208 0.820817 0.009405 0.005466
0 0.783003 0.828660 0.009405 0.005466
0 0.783003 0.818203 0.009405 0.005466
0 0.799463 0.828660 0.009405 0.005466
0 0.799463 0.823432 0.009405 0.005466
0 0.799463 0.815589 0.009405 0.005466
0 0.815922 0.828660 0.009405 0.005466
0 0.815922 0.823432 0.009405 0.005466
0 0.815922 0.812975 0.009405 0.005466
0 0.839436 0.826046 0.009405 0.005466
0 0.839436 0.820817 0.009405 0.005466
0 0.839436 0.812975 0.009405 0.005466
0 0.855895 0.823432 0.009405 0.005466
0 0.855895 0.815589 0.009405 0.005466
0 0.855895 0.810361 0.009405 0.005466
0 0.121599 0.070342 0.009405 0.005466
0 0.204568 0.075570 0.009405 0.005466
0 0.259657 0.078184 0.009405 0.005466
0 0.291233 0.080798 0.009405 0.005466
0 0.344978 0.070342 0.009405 0.005466
0 0.389318 0.070342 0.009405 0.005466
0 0.442392 0.070342 0.009405 0.005466
0 0.578771 0.088641 0.009405 0.005466
0 0.324488 0.313213 0.009405 0.005466
0 0.387974 0.302757 0.009405 0.005466
0 0.456164 0.302757 0.009405 0.005466
0 0.501512 0.302757 0.009405 0.005466
0 0.527712 0.302757 0.009405 0.005466
0 0.595902 0.302757 0.009405 0.005466
0 0.641250 0.302757 0.009405 0.005466
0 0.677864 0.294914 0.009405 0.005466
0 0.746389 0.294914 0.009405 0.005466
0 0.769567 0.297529 0.009405 0.005466
0 0.792408 0.300143 0.009405 0.005466
0 0.815250 0.302757 0.009405 0.005466
0 0.884112 0.302757 0.009405 0.005466
0 0.929795 0.302757 0.009405 0.005466
0 0.123950 0.538973 0.009405 0.005466
0 0.200202 0.538973 0.009405 0.005466
0 0.221700 0.541587 0.009405 0.005466
0 0.243198 0.544202 0.009405 0.005466
0 0.266376 0.538973 0.009405 0.005466
0 0.341619 0.538973 0.009405 0.005466
0 0.423581 0.541587 0.009405 0.005466
0 0.488411 0.538973 0.009405 0.005466
0 0.531743 0.541587 0.009405 0.005466
0 0.559288 0.533745 0.009405 0.005466
0 0.667450 0.533745 0.009405 0.005466
0 0.709103 0.525903 0.009405 0.005466
0 0.769567 0.528517 0.009405 0.005466
0 0.809540 0.531131 0.009405 0.005466
0 0.829358 0.533745 0.009405 0.005466
0 0.893853 0.533745 0.009405 0.005466
0 0.933826 0.533745 0.009405 0.005466
0 0.121599 0.754990 0.009405 0.005466
0 0.199866 0.754990 0.009405 0.005466
0 0.226067 0.773527 0.009405 0.005466
0 0.252267 0.770913 0.009405 0.005466
0 0.283507 0.768298 0.009405 0.005466
0 0.335909 0.768298 0.009405 0.005466
0 0.361774 0.768298 0.009405 0.005466
0 0.392005 0.770913 0.009405 0.005466
0 0.422909 0.773527 0.009405 0.005466
0 0.475983 0.763070 0.009405 0.005466
0 0.531072 0.763070 0.009405 0.005466
0 0.574404 0.763070 0.009405 0.005466
0 0.595566 0.762833 0.009405 0.005466
0 0.749748 0.763070 0.009405 0.005466
0 0.799463 0.763070 0.009405 0.005466
