0 0.125966 0.215067 0.009070 0.005228
0 0.194155 0.215067 0.009070 0.005228
0 0.240846 0.215067 0.009070 0.005228
0 0.286530 0.212690 0.009070 0.005228
0 0.332214 0.212690 0.009070 0.005228
0 0.388982 0.210076 0.009070 0.005228
0 0.434666 0.210076 0.009070 0.005228
0 0.480349 0.210076 0.009070 0.005228
0 0.526033 0.210076 0.009070 0.005228
0 0.586832 0.210076 0.009070 0.005228
0 0.633524 0.215067 0.009070 0.005228
0 0.679207 0.212690 0.009070 0.005228
0 0.724555 0.222671 0.009070 0.005228
0 0.770238 0.210076 0.009070 0.005228
0 0.818609 0.215067 0.009070 0.005228
0 0.864293 0.210076 0.009070 0.005228
0 0.909641 0.215067 0.009070 0.005228
0 0.125966 0.426093 0.009070 0.005228
0 0.175344 0.431084 0.009070 0.005228
0 0.225059 0.428707 0.009070 0.005228
0 0.274437 0.438688 0.009070 0.005228
0 0.324152 0.426093 0.009070 0.005228
0 0.373530 0.431084 0.009070 0.005228
0 0.426268 0.423717 0.009070 0.005228
0 0.475647 0.436312 0.009070 0.005228
0 0.540141 0.426093 0.009070 0.005228
0 0.592543 0.431084 0.009070 0.005228
0 0.643265 0.428707 0.009070 0.005228
0 0.693987 0.438688 0.009070 0.005228
0 0.748069 0.426093 0.009070 0.005228
0 0.802822 0.431084 0.009070 0.005228
0 0.853880 0.426093 0.009070 0.005228
0 0.904602 0.431084 0.009070 0.005228
0 0.128317 0.674192 0.009070 0.005228
0 0.176016 0.668964 0.009070 0.005228
0 0.223715 0.663973 0.009070 0.005228
0 0.271078 0.656369 0.009070 0.005228
0 0.318777 0.674192 0.009070 0.005228
0 0.366140 0.668964 0.009070 0.005228
0 0.413839 0.663973 0.009070 0.005228
0 0.461203 0.656369 0.009070 0.005228
0 0.532751 0.674192 0.009070 0.005228
0 0.582466 0.668964 0.009070 0.005228
0 0.632516 0.663973 0.009070 0.005228
0 0.696003 0.656369 0.009070 0.005228
0 0.746053 0.681559 0.009070 0.005228
0 0.805845 0.676568 0.009070 0.005228
0 0.855559 0.671578 0.009070 0.005228
0 0.905610 0.663973 0.009070 0.005228
0 0.128317 0.904705 0.009070 0.005228
0 0.180383 0.899715 0.009070 0.005228
0 0.232449 0.894724 0.009070 0.005228
0 0.285186 0.887120 0.009070 0.005228
0 0.336916 0.904705 0.009070 0.005228
0 0.388982 0.899715 0.009070 0.005228
0 0.441048 0.894724 0.009070 0.005228
0 0.492778 0.887120 0.009070 0.005228
0 0.570373 0.904705 0.009070 0.005228
0 0.624790 0.899715 0.009070 0.005228
0 0.679207 0.894724 0.009070 0.005228
0 0.733624 0.887120 0.009070 0.005228
0 0.788042 0.904705 0.009070 0.005228
0 0.875042 0.902329 0.009070 0.005228
0 0.152503 0.152091 0.009070 0.005228
0 0.134028 0.134268 0.006382 0.003565
0 0.140410 0.139259 0.006382 0.003565
0 0.146792 0.144249 0.006382 0.003565
0 0.218005 0.152091 0.009070 0.005228
0 0.199530 0.134268 0.006382 0.003565
0 0.206248 0.139259 0.006382 0.003565
0 0.212630 0.144249 0.006382 0.003565
0 0.263688 0.152091 0.009070 0.005228
0 0.245213 0.134268 0.006382 0.003565
0 0.251931 0.139259 0.006382 0.003565
0 0.258314 0.144249 0.006382 0.003565
0 0.309372 0.152091 0.009070 0.005228
0 0.290897 0.134268 0.006382 0.003565
0 0.297279 0.136644 0.006382 0.003565
0 0.303997 0.141873 0.006382 0.003565
0 0.355055 0.152091 0.009070 0.005228
0 0.336580 0.134268 0.006382 0.003565
0 0.342963 0.136644 0.006382 0.003565
0 0.349681 0.141873 0.006382 0.003565
0 0.411824 0.152091 0.009070 0.005228
0 0.393349 0.134268 0.006382 0.003565
0 0.399731 0.139259 0.006382 0.003565
0 0.406114 0.144249 0.006382 0.003565
0 0.457508 0.152091 0.009070 0.005228
0 0.439033 0.134268 0.006382 0.003565
0 0.445415 0.139259 0.006382 0.003565
0 0.451797 0.144249 0.006382 0.003565
0 0.503191 0.152091 0.009070 0.005228
0 0.484716 0.134268 0.006382 0.003565
0 0.491098 0.139259 0.006382 0.003565
0 0.497481 0.144249 0.006382 0.003565
0 0.548875 0.152091 0.009070 0.005228
0 0.530400 0.134268 0.006382 0.003565
0 0.536782 0.139259 0.006382 0.003565
0 0.543164 0.144249 0.006382 0.003565
0 0.610682 0.152091 0.009070 0.005228
0 0.592207 0.134268 0.006382 0.003565
0 0.598589 0.139259 0.006382 0.003565
0 0.604971 0.144249 0.006382 0.003565
0 0.656365 0.152091 0.009070 0.005228
0 0.637890 0.134268 0.006382 0.003565
0 0.644273 0.139259 0.006382 0.003565
0 0.650655 0.144249 0.006382 0.003565
0 0.702049 0.152091 0.009070 0.005228
0 0.683574 0.134268 0.006382 0.003565
0 0.689956 0.136644 0.006382 0.003565
0 0.696339 0.141873 0.006382 0.003565
0 0.747397 0.152091 0.009070 0.005228
0 0.728922 0.134268 0.006382 0.003565
0 0.735304 0.136644 0.006382 0.003565
0 0.742022 0.141873 0.006382 0.003565
0 0.795768 0.152091 0.009070 0.005228
0 0.777293 0.134268 0.006382 0.003565
0 0.783675 0.139259 0.006382 0.003565
0 0.790057 0.144249 0.006382 0.003565
0 0.841451 0.152091 0.009070 0.005228
0 0.822976 0.134268 0.006382 0.003565
0 0.829358 0.139259 0.006382 0.003565
0 0.835741 0.144249 0.006382 0.003565
0 0.887135 0.152091 0.009070 0.005228
0 0.868660 0.134268 0.006382 0.003565
0 0.875042 0.139259 0.006382 0.003565
0 0.881424 0.144249 0.006382 0.003565
0 0.932482 0.152091 0.009070 0.005228
0 0.914007 0.134268 0.006382 0.003565
0 0.920390 0.139259 0.006382 0.003565
0 0.927108 0.144249 0.006382 0.003565
0 0.150823 0.368108 0.009070 0.005228
0 0.132348 0.350285 0.006382 0.003565
0 0.138730 0.355276 0.006382 0.003565
0 0.145113 0.360266 0.006382 0.003565
0 0.200202 0.368108 0.009070 0.005228
0 0.181727 0.350285 0.006382 0.003565
0 0.188109 0.355276 0.006382 0.003565
0 0.194491 0.360266 0.006382 0.003565
0 0.249916 0.368108 0.009070 0.005228
0 0.231441 0.350285 0.006382 0.003565
0 0.237823 0.352662 0.006382 0.003565
0 0.244206 0.357890 0.006382 0.003565
0 0.299295 0.368108 0.009070 0.005228
0 0.280820 0.350285 0.006382 0.003565
0 0.287202 0.352662 0.006382 0.003565
0 0.293584 0.357890 0.006382 0.003565
0 0.348673 0.368108 0.009070 0.005228
0 0.330198 0.350285 0.006382 0.003565
0 0.336916 0.355276 0.006382 0.003565
0 0.343299 0.360266 0.006382 0.003565
0 0.398388 0.368108 0.009070 0.005228
0 0.379913 0.350285 0.006382 0.003565
0 0.386295 0.355276 0.006382 0.003565
0 0.392677 0.360266 0.006382 0.003565
0 0.451125 0.365494 0.009070 0.005228
0 0.432650 0.347671 0.006382 0.003565
0 0.439033 0.352662 0.006382 0.003565
0 0.445415 0.360266 0.006382 0.003565
0 0.500504 0.365494 0.009070 0.005228
0 0.482029 0.347671 0.006382 0.003565
0 0.488411 0.352662 0.006382 0.003565
0 0.494793 0.360266 0.006382 0.003565
0 0.567014 0.368108 0.009070 0.005228
0 0.548539 0.350285 0.006382 0.003565
0 0.554921 0.355276 0.006382 0.003565
0 0.561303 0.360266 0.006382 0.003565
0 0.617736 0.368108 0.009070 0.005228
0 0.599597 0.350285 0.006382 0.003565
0 0.605979 0.355276 0.006382 0.003565
0 0.612361 0.360266 0.006382 0.003565
0 0.668794 0.368108 0.009070 0.005228
0 0.650319 0.350285 0.006382 0.003565
0 0.656701 0.352662 0.006382 0.003565
0 0.663084 0.357890 0.006382 0.003565
0 0.719516 0.368108 0.009070 0.005228
0 0.701041 0.350285 0.006382 0.003565
0 0.707424 0.352662 0.006382 0.003565
0 0.713806 0.357890 0.006382 0.003565
0 0.777628 0.368108 0.009070 0.005228
0 0.759154 0.350285 0.006382 0.003565
0 0.765536 0.355276 0.006382 0.003565
0 0.771918 0.360266 0.006382 0.003565
0 0.828351 0.368108 0.009070 0.005228
0 0.809876 0.350285 0.006382 0.003565
0 0.816258 0.355276 0.006382 0.003565
0 0.822640 0.360266 0.006382 0.003565
0 0.879073 0.368108 0.009070 0.005228
0 0.860598 0.350285 0.006382 0.003565
0 0.866980 0.355276 0.006382 0.003565
0 0.873362 0.360266 0.006382 0.003565
0 0.930131 0.368108 0.009070 0.005228
0 0.911656 0.350285 0.006382 0.003565
0 0.918038 0.355276 0.006382 0.003565
0 0.924421 0.360266 0.006382 0.003565
0 0.152167 0.596483 0.009070 0.005228
0 0.135035 0.586264 0.006382 0.003565
0 0.142761 0.591255 0.006382 0.003565
0 0.199866 0.596483 0.009070 0.005228
0 0.182398 0.586264 0.006382 0.003565
0 0.190124 0.591255 0.006382 0.003565
0 0.247229 0.591492 0.009070 0.005228
0 0.230097 0.578660 0.006382 0.003565
0 0.237823 0.586264 0.006382 0.003565
0 0.294928 0.591492 0.009070 0.005228
0 0.277461 0.578660 0.006382 0.003565
0 0.285186 0.586264 0.006382 0.003565
0 0.342627 0.586502 0.009070 0.005228
0 0.325160 0.573669 0.006382 0.003565
0 0.332885 0.578660 0.006382 0.003565
0 0.389990 0.586502 0.009070 0.005228
0 0.372523 0.573669 0.006382 0.003565
0 0.380249 0.578660 0.006382 0.003565
0 0.437689 0.596483 0.009070 0.005228
0 0.420222 0.586264 0.006382 0.003565
0 0.427948 0.591255 0.006382 0.003565
0 0.485052 0.596483 0.009070 0.005228
0 0.467585 0.586264 0.006382 0.003565
0 0.475647 0.591255 0.006382 0.003565
0 0.557608 0.591492 0.009070 0.005228
0 0.540141 0.578660 0.006382 0.003565
0 0.547867 0.586264 0.006382 0.003565
0 0.607323 0.591492 0.009070 0.005228
0 0.590191 0.578660 0.006382 0.003565
0 0.597917 0.586264 0.006382 0.003565
0 0.671145 0.586502 0.009070 0.005228
0 0.653678 0.573669 0.006382 0.003565
0 0.661404 0.578660 0.006382 0.003565
0 0.721196 0.586502 0.009070 0.005228
0 0.703729 0.573669 0.006382 0.003565
0 0.711454 0.578660 0.006382 0.003565
0 0.780988 0.588878 0.009070 0.005228
0 0.745717 0.576046 0.006382 0.003565
0 0.763520 0.581274 0.006382 0.003565
0 0.771246 0.586264 0.006382 0.003565
0 0.830702 0.588878 0.009070 0.005228
0 0.805509 0.576046 0.006382 0.003565
0 0.813235 0.581274 0.006382 0.003565
0 0.820961 0.586264 0.006382 0.003565
0 0.880752 0.588878 0.009070 0.005228
0 0.855559 0.576046 0.006382 0.003565
0 0.863285 0.581274 0.006382 0.003565
0 0.871011 0.586264 0.006382 0.003565
0 0.930467 0.588878 0.009070 0.005228
0 0.905274 0.576046 0.006382 0.003565
0 0.913000 0.581274 0.006382 0.003565
0 0.920726 0.586264 0.006382 0.003565
0 0.154518 0.822243 0.009070 0.005228
0 0.137051 0.809411 0.006382 0.003565
0 0.144777 0.814401 0.006382 0.003565
0 0.206248 0.822243 0.009070 0.005228
0 0.189117 0.809411 0.006382 0.003565
0 0.196842 0.814401 0.006382 0.003565
0 0.259321 0.827234 0.009070 0.005228
0 0.241854 0.814401 0.006382 0.003565
0 0.249580 0.822006 0.006382 0.003565
0 0.311051 0.827234 0.009070 0.005228
0 0.293584 0.814401 0.006382 0.003565
0 0.301310 0.822006 0.006382 0.003565
0 0.363117 0.832224 0.009070 0.005228
0 0.345650 0.822006 0.006382 0.003565
0 0.353376 0.826996 0.006382 0.003565
0 0.414847 0.832224 0.009070 0.005228
0 0.397716 0.822006 0.006382 0.003565
0 0.405442 0.826996 0.006382 0.003565
0 0.466913 0.822243 0.009070 0.005228
0 0.449446 0.809411 0.006382 0.003565
0 0.457172 0.814401 0.006382 0.003565
0 0.518643 0.822243 0.009070 0.005228
0 0.501512 0.809411 0.006382 0.003565
0 0.509237 0.814401 0.006382 0.003565
0 0.597581 0.827234 0.009070 0.005228
0 0.580114 0.814401 0.006382 0.003565
0 0.587840 0.822006 0.006382 0.003565
0 0.651999 0.827234 0.009070 0.005228
0 0.634531 0.814401 0.006382 0.003565
0 0.642257 0.822006 0.006382 0.003565
0 0.706416 0.822243 0.009070 0.005228
0 0.688949 0.809411 0.006382 0.003565
0 0.696675 0.814401 0.006382 0.003565
0 0.760833 0.824620 0.009070 0.005228
0 0.725563 0.812025 0.006382 0.003565
0 0.743366 0.817015 0.006382 0.003565
0 0.751428 0.822006 0.006382 0.003565
0 0.788042 0.827234 0.009070 0.005228
0 0.788042 0.822243 0.009070 0.005228
0 0.788042 0.814639 0.009070 0.005228
0 0.875042 0.834838 0.009070 0.005228
0 0.875042 0.824620 0.009070 0.005228
0 0.866644 0.819629 0.009070 0.005228
0 0.875042 0.817015 0.009070 0.005228
0 0.125966 0.086502 0.009070 0.005228
0 0.194155 0.086502 0.009070 0.005228
0 0.218005 0.086502 0.009070 0.005228
0 0.240846 0.086502 0.009070 0.005228
0 0.286530 0.089116 0.009070 0.005228
0 0.355055 0.091492 0.009070 0.005228
0 0.388982 0.091492 0.009070 0.005228
0 0.434666 0.081511 0.009070 0.005228
0 0.480349 0.081511 0.009070 0.005228
0 0.526033 0.081511 0.009070 0.005228
0 0.586832 0.081511 0.009070 0.005228
0 0.610682 0.081511 0.009070 0.005228
0 0.633524 0.081511 0.009070 0.005228
0 0.679207 0.081511 0.009070 0.005228
0 0.724555 0.089116 0.009070 0.005228
0 0.770238 0.084125 0.009070 0.005228
0 0.795768 0.086502 0.009070 0.005228
0 0.909641 0.086502 0.009070 0.005228
0 0.125966 0.299430 0.009070 0.005228
0 0.150823 0.299430 0.009070 0.005228
0 0.175344 0.299430 0.009070 0.005228
0 0.225059 0.296816 0.009070 0.005228
0 0.274437 0.296816 0.009070 0.005228
0 0.324152 0.294202 0.009070 0.005228
0 0.398388 0.294202 0.009070 0.005228
0 0.426268 0.291825 0.009070 0.005228
0 0.475647 0.291825 0.009070 0.005228
0 0.540141 0.294202 0.009070 0.005228
0 0.567014 0.299430 0.009070 0.005228
0 0.643265 0.294202 0.009070 0.005228
0 0.719516 0.296816 0.009070 0.005228
0 0.748069 0.296816 0.009070 0.005228
0 0.777628 0.299430 0.009070 0.005228
0 0.904602 0.299430 0.009070 0.005228
0 0.128317 0.515447 0.009070 0.005228
0 0.176016 0.515447 0.009070 0.005228
0 0.223715 0.515447 0.009070 0.005228
0 0.271078 0.515447 0.009070 0.005228
0 0.318777 0.515447 0.009070 0.005228
0 0.366140 0.515447 0.009070 0.005228
0 0.413839 0.515447 0.009070 0.005228
0 0.485052 0.515447 0.009070 0.005228
0 0.532751 0.515447 0.009070 0.005228
0 0.582466 0.507842 0.009070 0.005228
0 0.632516 0.507842 0.009070 0.005228
0 0.671145 0.502852 0.009070 0.005228
0 0.746053 0.502852 0.009070 0.005228
0 0.780988 0.505228 0.009070 0.005228
0 0.905610 0.515447 0.009070 0.005228
0 0.128317 0.753089 0.009070 0.005228
0 0.206248 0.753089 0.009070 0.005228
0 0.232449 0.753089 0.009070 0.005228
0 0.259321 0.753089 0.009070 0.005228
0 0.336916 0.753089 0.009070 0.005228
0 0.388982 0.753089 0.009070 0.005228
0 0.441048 0.753089 0.009070 0.005228
0 0.518643 0.753089 0.009070 0.005228
0 0.570373 0.753089 0.009070 0.005228
0 0.624790 0.745722 0.009070 0.005228
0 0.679207 0.740494 0.009070 0.005228
0 0.760833 0.743108 0.009070 0.005228
0 0.788042 0.743108 0.009070 0.005228
0 0.821968 0.745722 0.009070 0.005228
0 0.875042 0.748099 0.009070 0.005228
0 0.928116 0.750713 0.009070 0.005228
