0 0.402083 0.430133 0.009405 0.005466
0 0.438697 0.424905 0.009405 0.005466
0 0.438697 0.417063 0.009405 0.005466
0 0.476990 0.424905 0.009405 0.005466
0 0.476990 0.417063 0.009405 0.005466
0 0.513604 0.424905 0.009405 0.005466
0 0.513604 0.417063 0.009405 0.005466
0 0.552906 0.427519 0.009405 0.005466
0 0.552906 0.422291 0.009405 0.005466
0 0.589856 0.424905 0.009405 0.005466
0 0.589856 0.419677 0.009405 0.005466
0 0.626470 0.422291 0.009405 0.005466
0 0.626470 0.417063 0.009405 0.005466
0 0.143433 0.203422 0.009405 0.005466
0 0.143433 0.197956 0.009405 0.005466
0 0.170306 0.203422 0.009405 0.005466
0 0.170306 0.197956 0.009405 0.005466
0 0.214646 0.203422 0.009405 0.005466
0 0.214646 0.195342 0.009405 0.005466
0 0.241854 0.203422 0.009405 0.005466
0 0.241854 0.195342 0.009405 0.005466
0 0.275445 0.203422 0.009405 0.005466
0 0.275445 0.197956 0.009405 0.005466
0 0.310715 0.203422 0.009405 0.005466
0 0.310715 0.197956 0.009405 0.005466
0 0.337588 0.203422 0.009405 0.005466
0 0.337588 0.197956 0.009405 0.005466
0 0.364797 0.203422 0.009405 0.005466
0 0.364797 0.197956 0.009405 0.005466
0 0.403090 0.213878 0.009405 0.005466
0 0.403090 0.203422 0.009405 0.005466
0 0.403090 0.195342 0.009405 0.005466
0 0.430635 0.213878 0.009405 0.005466
0 0.430635 0.203422 0.009405 0.005466
0 0.430635 0.195342 0.009405 0.005466
0 0.465233 0.213878 0.009405 0.005466
0 0.465233 0.200808 0.009405 0.005466
0 0.492778 0.213878 0.009405 0.005466
0 0.492778 0.200808 0.009405 0.005466
0 0.520322 0.211264 0.009405 0.005466
0 0.520322 0.200808 0.009405 0.005466
0 0.560296 0.211264 0.009405 0.005466
0 0.560296 0.200808 0.009405 0.005466
0 0.589856 0.229563 0.009405 0.005466
0 0.589856 0.211264 0.009405 0.005466
0 0.669802 0.203422 0.009405 0.005466
0 0.669802 0.197956 0.009405 0.005466
0 0.702049 0.203422 0.009405 0.005466
0 0.702049 0.197956 0.009405 0.005466
0 0.749748 0.203422 0.009405 0.005466
0 0.749748 0.195342 0.009405 0.005466
0 0.782331 0.203422 0.009405 0.005466
0 0.782331 0.195342 0.009405 0.005466
0 0.822976 0.203422 0.009405 0.005466
0 0.822976 0.197956 0.009405 0.005466
0 0.857911 0.203422 0.009405 0.005466
0 0.857911 0.197956 0.009405 0.005466
0 0.890494 0.203422 0.009405 0.005466
0 0.890494 0.197956 0.009405 0.005466
0 0.923077 0.226949 0.009405 0.005466
0 0.923077 0.208650 0.009405 0.005466
0 0.131676 0.438213 0.009405 0.005466
0 0.172657 0.443441 0.009405 0.005466
0 0.212630 0.435599 0.009405 0.005466
0 0.244877 0.435599 0.009405 0.005466
0 0.276789 0.446055 0.009405 0.005466
0 0.402083 0.430133 0.009405 0.005466
0 0.711454 0.438213 0.009405 0.005466
0 0.711454 0.432985 0.009405 0.005466
0 0.711454 0.424905 0.009405 0.005466
0 0.787370 0.435599 0.009405 0.005466
0 0.787370 0.427519 0.009405 0.005466
0 0.787370 0.422291 0.009405 0.005466
0 0.817266 0.435599 0.009405 0.005466
0 0.817266 0.424905 0.009405 0.005466
0 0.847162 0.446055 0.009405 0.005466
0 0.847162 0.427519 0.009405 0.005466
0 0.131676 0.636882 0.009405 0.005466
0 0.183406 0.636882 0.009405 0.005466
0 0.235136 0.639496 0.009405 0.005466
0 0.286866 0.639496 0.009405 0.005466
0 0.338596 0.636882 0.009405 0.005466
0 0.539133 0.642348 0.009405 0.005466
0 0.593886 0.642348 0.009405 0.005466
0 0.648640 0.644962 0.009405 0.005466
0 0.703729 0.644962 0.009405 0.005466
0 0.758482 0.642348 0.009405 0.005466
0 0.900907 0.647576 0.009405 0.005466
0 0.138394 0.871911 0.009405 0.005466
0 0.188445 0.871911 0.009405 0.005466
0 0.238495 0.871911 0.009405 0.005466
0 0.288546 0.871911 0.009405 0.005466
0 0.351360 0.874525 0.009405 0.005466
0 0.401411 0.874525 0.009405 0.005466
0 0.451797 0.874525 0.009405 0.005466
0 0.501847 0.874525 0.009405 0.005466
0 0.566342 0.877139 0.009405 0.005466
0 0.620423 0.877139 0.009405 0.005466
0 0.674505 0.887595 0.009405 0.005466
0 0.728586 0.887595 0.009405 0.005466
0 0.782667 0.879753 0.009405 0.005466
0 0.825999 0.879753 0.009405 0.005466
0 0.869332 0.879753 0.009405 0.005466
0 0.912328 0.877139 0.009405 0.005466
0 0.711454 0.390684 0.009405 0.005466
0 0.143433 0.159458 0.009405 0.005466
0 0.143433 0.146150 0.009405 0.005466
0 0.127645 0.143774 0.006718 0.003802
0 0.170306 0.149002 0.009405 0.005466
0 0.187437 0.151616 0.009405 0.005466
0 0.214646 0.151616 0.009405 0.005466
0 0.198858 0.149002 0.006718 0.003802
0 0.241854 0.154230 0.009405 0.005466
0 0.258650 0.156844 0.009405 0.005466
0 0.275445 0.159458 0.009405 0.005466
0 0.310715 0.151616 0.009405 0.005466
0 0.403090 0.156844 0.009405 0.005466
0 0.430635 0.154230 0.009405 0.005466
0 0.448102 0.151616 0.009405 0.005466
0 0.465233 0.156844 0.009405 0.005466
0 0.465233 0.149002 0.009405 0.005466
0 0.492778 0.156844 0.009405 0.005466
0 0.492778 0.151616 0.009405 0.005466
0 0.520322 0.159458 0.009405 0.005466
0 0.520322 0.154230 0.009405 0.005466
0 0.560296 0.159458 0.009405 0.005466
0 0.560296 0.154230 0.009405 0.005466
0 0.560296 0.149002 0.009405 0.005466
0 0.589856 0.159458 0.009405 0.005466
0 0.589856 0.154230 0.009405 0.005466
0 0.589856 0.140922 0.009405 0.005466
0 0.669802 0.159458 0.009405 0.005466
0 0.669802 0.146150 0.009405 0.005466
0 0.654014 0.143774 0.006718 0.003802
0 0.702049 0.149002 0.009405 0.005466
0 0.722539 0.151616 0.009405 0.005466
0 0.749748 0.151616 0.009405 0.005466
0 0.733960 0.149002 0.006718 0.003802
0 0.782331 0.154230 0.009405 0.005466
0 0.802822 0.156844 0.009405 0.005466
0 0.822976 0.159458 0.009405 0.005466
0 0.857911 0.151616 0.009405 0.005466
0 0.923077 0.164686 0.009405 0.005466
0 0.923077 0.156844 0.009405 0.005466
0 0.923077 0.151616 0.009405 0.005466
0 0.131676 0.401378 0.009405 0.005466
0 0.131676 0.390684 0.009405 0.005466
0 0.131676 0.382842 0.009405 0.005466
0 0.172657 0.395913 0.009405 0.005466
0 0.172657 0.390684 0.009405 0.005466
0 0.172657 0.382842 0.009405 0.005466
0 0.212630 0.398527 0.009405 0.005466
0 0.212630 0.393298 0.009405 0.005466
0 0.244877 0.401378 0.009405 0.005466
0 0.244877 0.395913 0.009405 0.005466
0 0.253611 0.393298 0.009405 0.005466
0 0.244877 0.388070 0.009405 0.005466
0 0.276789 0.398527 0.009405 0.005466
0 0.276789 0.385456 0.009405 0.005466
0 0.353040 0.380228 0.009405 0.005466
0 0.373194 0.372386 0.009405 0.005466
0 0.402083 0.372386 0.009405 0.005466
0 0.420222 0.375000 0.009405 0.005466
0 0.438697 0.375000 0.009405 0.005466
0 0.458515 0.377614 0.009405 0.005466
0 0.476990 0.377614 0.009405 0.005466
0 0.495465 0.375000 0.009405 0.005466
0 0.513604 0.375000 0.009405 0.005466
0 0.534767 0.377614 0.009405 0.005466
0 0.552906 0.377614 0.009405 0.005466
0 0.571381 0.380228 0.009405 0.005466
0 0.589856 0.380228 0.009405 0.005466
0 0.607995 0.382842 0.009405 0.005466
0 0.626470 0.382842 0.009405 0.005466
0 0.644945 0.385456 0.009405 0.005466
0 0.663084 0.388070 0.009405 0.005466
0 0.681559 0.385456 0.009405 0.005466
0 0.711454 0.380228 0.009405 0.005466
0 0.729929 0.382842 0.009405 0.005466
0 0.750084 0.385456 0.009405 0.005466
0 0.768559 0.382842 0.009405 0.005466
0 0.787370 0.393298 0.009405 0.005466
0 0.817266 0.395913 0.009405 0.005466
0 0.817266 0.388070 0.009405 0.005466
0 0.847162 0.395913 0.009405 0.005466
0 0.847162 0.382842 0.009405 0.005466
0 0.888478 0.398527 0.009405 0.005466
0 0.888478 0.385456 0.009405 0.005466
0 0.131676 0.607890 0.009405 0.005466
0 0.131676 0.602662 0.009405 0.005466
0 0.183406 0.607890 0.009405 0.005466
0 0.183406 0.602662 0.009405 0.005466
0 0.235136 0.610741 0.009405 0.005466
0 0.235136 0.605276 0.009405 0.005466
0 0.243870 0.602662 0.009405 0.005466
0 0.286866 0.610741 0.009405 0.005466
0 0.286866 0.605276 0.009405 0.005466
0 0.295600 0.602662 0.009405 0.005466
0 0.338596 0.607890 0.009405 0.005466
0 0.338596 0.602662 0.009405 0.005466
0 0.409809 0.594819 0.009405 0.005466
0 0.539133 0.613356 0.009405 0.005466
0 0.539133 0.607890 0.009405 0.005466
0 0.593886 0.613356 0.009405 0.005466
0 0.593886 0.607890 0.009405 0.005466
0 0.648640 0.615970 0.009405 0.005466
0 0.648640 0.610741 0.009405 0.005466
0 0.657709 0.607890 0.009405 0.005466
0 0.703729 0.615970 0.009405 0.005466
0 0.703729 0.610741 0.009405 0.005466
0 0.712462 0.607890 0.009405 0.005466
0 0.758482 0.613356 0.009405 0.005466
0 0.758482 0.607890 0.009405 0.005466
0 0.846154 0.600048 0.009405 0.005466
0 0.900907 0.618584 0.009405 0.005466
0 0.900907 0.613356 0.009405 0.005466
0 0.909641 0.610741 0.009405 0.005466
0 0.138394 0.845532 0.009405 0.005466
0 0.138394 0.840304 0.009405 0.005466
0 0.138394 0.835076 0.009405 0.005466
0 0.188445 0.845532 0.009405 0.005466
0 0.188445 0.840304 0.009405 0.005466
0 0.188445 0.835076 0.009405 0.005466
0 0.238495 0.845532 0.009405 0.005466
0 0.238495 0.840304 0.009405 0.005466
0 0.238495 0.835076 0.009405 0.005466
0 0.288546 0.845532 0.009405 0.005466
0 0.288546 0.840304 0.009405 0.005466
0 0.288546 0.835076 0.009405 0.005466
0 0.351360 0.845532 0.009405 0.005466
0 0.351360 0.837690 0.009405 0.005466
0 0.401411 0.845532 0.009405 0.005466
0 0.401411 0.837690 0.009405 0.005466
0 0.451797 0.845532 0.009405 0.005466
0 0.451797 0.837690 0.009405 0.005466
0 0.501847 0.845532 0.009405 0.005466
0 0.501847 0.837690 0.009405 0.005466
0 0.566342 0.845532 0.009405 0.005466
0 0.566342 0.840304 0.009405 0.005466
0 0.620423 0.845532 0.009405 0.005466
0 0.620423 0.840304 0.009405 0.005466
0 0.674505 0.845532 0.009405 0.005466
0 0.674505 0.840304 0.009405 0.005466
0 0.674505 0.835076 0.009405 0.005466
0 0.728586 0.845532 0.009405 0.005466
0 0.728586 0.840304 0.009405 0.005466
0 0.728586 0.835076 0.009405 0.005466
0 0.782667 0.845532 0.009405 0.005466
0 0.782667 0.837690 0.009405 0.005466
0 0.782667 0.832462 0.009405 0.005466
0 0.825999 0.845532 0.009405 0.005466
0 0.825999 0.837690 0.009405 0.005466
0 0.825999 0.832462 0.009405 0.005466
0 0.869332 0.845532 0.009405 0.005466
0 0.869332 0.837690 0.009405 0.005466
0 0.869332 0.832462 0.009405 0.005466
0 0.912328 0.845532 0.009405 0.005466
0 0.912328 0.840304 0.009405 0.005466
0 0.912328 0.829848 0.009405 0.005466
0 0.275445 0.088641 0.009405 0.005466
0 0.310715 0.080798 0.009405 0.005466
0 0.520322 0.083413 0.009405 0.005466
0 0.560296 0.078184 0.009405 0.005466
0 0.589856 0.070342 0.009405 0.005466
0 0.669802 0.075570 0.009405 0.005466
0 0.654014 0.075570 0.006718 0.003802
0 0.702049 0.078184 0.009405 0.005466
0 0.722539 0.080798 0.009405 0.005466
0 0.749748 0.080798 0.009405 0.005466
0 0.733960 0.078184 0.006718 0.003802
0 0.782331 0.083413 0.009405 0.005466
0 0.802822 0.086027 0.009405 0.005466
0 0.822976 0.088641 0.009405 0.005466
0 0.857911 0.080798 0.009405 0.005466
0 0.923077 0.080798 0.009405 0.005466
0 0.131676 0.316065 0.009405 0.005466
0 0.151495 0.318679 0.009405 0.005466
0 0.172657 0.321293 0.009405 0.005466
0 0.192812 0.318679 0.009405 0.005466
0 0.212630 0.329135 0.009405 0.005466
0 0.244877 0.323907 0.009405 0.005466
0 0.276789 0.321293 0.009405 0.005466
0 0.918374 0.323907 0.009405 0.005466
0 0.936849 0.321293 0.009405 0.005466
0 0.131676 0.543013 0.009405 0.005466
0 0.183406 0.543013 0.009405 0.005466
0 0.235136 0.543013 0.009405 0.005466
0 0.286866 0.543013 0.009405 0.005466
0 0.338596 0.543013 0.009405 0.005466
0 0.409809 0.535171 0.009405 0.005466
0 0.461538 0.553470 0.009405 0.005466
0 0.494122 0.550856 0.009405 0.005466
0 0.539133 0.548241 0.009405 0.005466
0 0.593886 0.548241 0.009405 0.005466
0 0.648640 0.548241 0.009405 0.005466
0 0.703729 0.548241 0.009405 0.005466
0 0.758482 0.548241 0.009405 0.005466
0 0.846154 0.540399 0.009405 0.005466
0 0.900907 0.550856 0.009405 0.005466
0 0.138394 0.770675 0.009405 0.005466
0 0.188445 0.770675 0.009405 0.005466
0 0.238495 0.770675 0.009405 0.005466
0 0.288546 0.768061 0.009405 0.005466
0 0.320121 0.765447 0.009405 0.005466
0 0.351360 0.760219 0.009405 0.005466
0 0.401411 0.762833 0.009405 0.005466
0 0.501847 0.773527 0.009405 0.005466
0 0.566342 0.776141 0.009405 0.005466
0 0.593551 0.773527 0.009405 0.005466
0 0.620423 0.770675 0.009405 0.005466
0 0.647632 0.768061 0.009405 0.005466
0 0.674505 0.765447 0.009405 0.005466
0 0.701713 0.762833 0.009405 0.005466
0 0.728586 0.760219 0.009405 0.005466
0 0.755794 0.762833 0.009405 0.005466
0 0.782667 0.765447 0.009405 0.005466
0 0.825999 0.768061 0.009405 0.005466
0 0.912328 0.765447 0.009405 0.005466
