0 0.872355 0.196768 0.009405 0.005466
0 0.662412 0.446293 0.009405 0.005466
0 0.686933 0.666350 0.009405 0.005466
0 0.722204 0.684648 0.009405 0.005466
0 0.158885 0.199382 0.009405 0.005466
0 0.259657 0.209838 0.009405 0.005466
0 0.259657 0.199382 0.009405 0.005466
0 0.378233 0.196768 0.009405 0.005466
0 0.469936 0.209838 0.009405 0.005466
0 0.469936 0.201996 0.009405 0.005466
0 0.581458 0.199382 0.009405 0.005466
0 0.664091 0.222909 0.009405 0.005466
0 0.664091 0.193916 0.009405 0.005466
0 0.771246 0.215067 0.009405 0.005466
0 0.771246 0.204610 0.009405 0.005466
0 0.863621 0.193916 0.009405 0.005466
0 0.909641 0.191302 0.009405 0.005466
0 0.151159 0.443679 0.009405 0.005466
0 0.151159 0.432985 0.009405 0.005466
0 0.151159 0.425143 0.009405 0.005466
0 0.242526 0.454135 0.009405 0.005466
0 0.242526 0.435599 0.009405 0.005466
0 0.348673 0.446293 0.009405 0.005466
0 0.348673 0.432985 0.009405 0.005466
0 0.446758 0.446293 0.009405 0.005466
0 0.446758 0.432985 0.009405 0.005466
0 0.446758 0.427757 0.009405 0.005466
0 0.575411 0.446293 0.009405 0.005466
0 0.575411 0.430371 0.009405 0.005466
0 0.662412 0.425143 0.009405 0.005466
0 0.706080 0.427757 0.009405 0.005466
0 0.778636 0.475285 0.009405 0.005466
0 0.778636 0.456749 0.009405 0.005466
0 0.820289 0.438451 0.009405 0.005466
0 0.820289 0.427757 0.009405 0.005466
0 0.861942 0.396150 0.009405 0.005466
0 0.861942 0.385694 0.009405 0.005466
0 0.903594 0.398764 0.009405 0.005466
0 0.903594 0.390922 0.009405 0.005466
0 0.903594 0.385694 0.009405 0.005466
0 0.153846 0.621435 0.009405 0.005466
0 0.153846 0.608365 0.009405 0.005466
0 0.291569 0.650428 0.009405 0.005466
0 0.291569 0.642586 0.009405 0.005466
0 0.291569 0.637357 0.009405 0.005466
0 0.360430 0.653042 0.009405 0.005466
0 0.360430 0.639971 0.009405 0.005466
0 0.492442 0.660884 0.009405 0.005466
0 0.492442 0.653042 0.009405 0.005466
0 0.492442 0.647814 0.009405 0.005466
0 0.556265 0.663736 0.009405 0.005466
0 0.556265 0.650428 0.009405 0.005466
0 0.615721 0.674192 0.009405 0.005466
0 0.674840 0.666350 0.009405 0.005466
0 0.781323 0.676806 0.009405 0.005466
0 0.781323 0.666350 0.009405 0.005466
0 0.868324 0.684648 0.009405 0.005466
0 0.868324 0.666350 0.009405 0.005466
0 0.153846 0.903517 0.009405 0.005466
0 0.153846 0.893061 0.009405 0.005466
0 0.270742 0.911359 0.009405 0.005466
0 0.270742 0.893061 0.009405 0.005466
0 0.418206 0.903517 0.009405 0.005466
0 0.418206 0.884981 0.009405 0.005466
0 0.545516 0.911359 0.009405 0.005466
0 0.545516 0.893061 0.009405 0.005466
0 0.683910 0.900903 0.009405 0.005466
0 0.683910 0.882367 0.009405 0.005466
0 0.811891 0.911359 0.009405 0.005466
0 0.811891 0.893061 0.009405 0.005466
0 0.863621 0.157082 0.009405 0.005466
0 0.158885 0.165162 0.009405 0.005466
0 0.158885 0.159696 0.009405 0.005466
0 0.158885 0.151854 0.009405 0.005466
0 0.209271 0.159696 0.009405 0.005466
0 0.209271 0.151854 0.009405 0.005466
0 0.218005 0.149240 0.009405 0.005466
0 0.259657 0.167776 0.009405 0.005466
0 0.259657 0.162310 0.009405 0.005466
0 0.259657 0.151854 0.009405 0.005466
0 0.310044 0.162310 0.009405 0.005466
0 0.310044 0.151854 0.009405 0.005466
0 0.318777 0.149240 0.009405 0.005466
0 0.378233 0.167776 0.009405 0.005466
0 0.378233 0.159696 0.009405 0.005466
0 0.423917 0.159696 0.009405 0.005466
0 0.423917 0.154468 0.009405 0.005466
0 0.423917 0.149240 0.009405 0.005466
0 0.469936 0.167776 0.009405 0.005466
0 0.469936 0.162310 0.009405 0.005466
0 0.469936 0.154468 0.009405 0.005466
0 0.515620 0.162310 0.009405 0.005466
0 0.515620 0.154468 0.009405 0.005466
0 0.515620 0.149240 0.009405 0.005466
0 0.581458 0.167776 0.009405 0.005466
0 0.581458 0.162310 0.009405 0.005466
0 0.581458 0.151854 0.009405 0.005466
0 0.622775 0.162310 0.009405 0.005466
0 0.622775 0.151854 0.009405 0.005466
0 0.631508 0.149240 0.009405 0.005466
0 0.664091 0.165162 0.009405 0.005466
0 0.664091 0.157082 0.009405 0.005466
0 0.705408 0.157082 0.009405 0.005466
0 0.705408 0.151854 0.009405 0.005466
0 0.705408 0.146625 0.009405 0.005466
0 0.771246 0.167776 0.009405 0.005466
0 0.771246 0.157082 0.009405 0.005466
0 0.817602 0.157082 0.009405 0.005466
0 0.826335 0.154468 0.009405 0.005466
0 0.817602 0.149240 0.009405 0.005466
0 0.863621 0.146625 0.009405 0.005466
0 0.909641 0.144011 0.009405 0.005466
0 0.151159 0.396150 0.009405 0.005466
0 0.151159 0.390922 0.009405 0.005466
0 0.151159 0.383080 0.009405 0.005466
0 0.196842 0.390922 0.009405 0.005466
0 0.196842 0.383080 0.009405 0.005466
0 0.196842 0.377852 0.009405 0.005466
0 0.242526 0.406844 0.009405 0.005466
0 0.242526 0.396150 0.009405 0.005466
0 0.242526 0.390922 0.009405 0.005466
0 0.287874 0.396150 0.009405 0.005466
0 0.287874 0.390922 0.009405 0.005466
0 0.296943 0.388308 0.009405 0.005466
0 0.348673 0.403992 0.009405 0.005466
0 0.348673 0.396150 0.009405 0.005466
0 0.348673 0.390922 0.009405 0.005466
0 0.397716 0.396150 0.009405 0.005466
0 0.397716 0.390922 0.009405 0.005466
0 0.397716 0.385694 0.009405 0.005466
0 0.446758 0.398764 0.009405 0.005466
0 0.455492 0.396150 0.009405 0.005466
0 0.446758 0.390922 0.009405 0.005466
0 0.495801 0.396150 0.009405 0.005466
0 0.495801 0.390922 0.009405 0.005466
0 0.495801 0.380466 0.009405 0.005466
0 0.575411 0.401378 0.009405 0.005466
0 0.575411 0.393536 0.009405 0.005466
0 0.575411 0.388308 0.009405 0.005466
0 0.619080 0.393536 0.009405 0.005466
0 0.619080 0.388308 0.009405 0.005466
0 0.619080 0.383080 0.009405 0.005466
0 0.662412 0.396150 0.009405 0.005466
0 0.662412 0.388308 0.009405 0.005466
0 0.662412 0.377852 0.009405 0.005466
0 0.706080 0.398764 0.009405 0.005466
0 0.706080 0.388308 0.009405 0.005466
0 0.706080 0.380466 0.009405 0.005466
0 0.820289 0.390922 0.009405 0.005466
0 0.820289 0.377852 0.009405 0.005466
0 0.861942 0.372386 0.009405 0.005466
0 0.861942 0.359316 0.009405 0.005466
0 0.903594 0.375238 0.009405 0.005466
0 0.912664 0.372386 0.009405 0.005466
0 0.929795 0.356702 0.009405 0.005466
0 0.153846 0.597671 0.009405 0.005466
0 0.153846 0.589829 0.009405 0.005466
0 0.153846 0.579373 0.009405 0.005466
0 0.199866 0.584601 0.009405 0.005466
0 0.245885 0.589829 0.009405 0.005466
0 0.282835 0.603137 0.009405 0.005466
0 0.291569 0.600523 0.009405 0.005466
0 0.320457 0.584601 0.009405 0.005466
0 0.360430 0.605751 0.009405 0.005466
0 0.360430 0.597671 0.009405 0.005466
0 0.360430 0.587215 0.009405 0.005466
0 0.404434 0.592443 0.009405 0.005466
0 0.448438 0.597671 0.009405 0.005466
0 0.492442 0.613593 0.009405 0.005466
0 0.501512 0.610979 0.009405 0.005466
0 0.519987 0.595057 0.009405 0.005466
0 0.556265 0.616207 0.009405 0.005466
0 0.556265 0.608365 0.009405 0.005466
0 0.556265 0.597671 0.009405 0.005466
0 0.585825 0.603137 0.009405 0.005466
0 0.615721 0.605751 0.009405 0.005466
0 0.645280 0.608365 0.009405 0.005466
0 0.674840 0.624049 0.009405 0.005466
0 0.674840 0.618821 0.009405 0.005466
0 0.674840 0.610979 0.009405 0.005466
0 0.722204 0.626663 0.009405 0.005466
0 0.722204 0.618821 0.009405 0.005466
0 0.722204 0.613593 0.009405 0.005466
0 0.781323 0.629278 0.009405 0.005466
0 0.781323 0.616207 0.009405 0.005466
0 0.824992 0.616207 0.009405 0.005466
0 0.824992 0.610979 0.009405 0.005466
0 0.824992 0.605751 0.009405 0.005466
0 0.868324 0.624049 0.009405 0.005466
0 0.868324 0.616207 0.009405 0.005466
0 0.868324 0.610979 0.009405 0.005466
0 0.911992 0.616207 0.009405 0.005466
0 0.911992 0.610979 0.009405 0.005466
0 0.911992 0.605751 0.009405 0.005466
0 0.153846 0.850760 0.009405 0.005466
0 0.153846 0.842918 0.009405 0.005466
0 0.153846 0.837690 0.009405 0.005466
0 0.212294 0.842918 0.009405 0.005466
0 0.212294 0.837690 0.009405 0.005466
0 0.212294 0.832462 0.009405 0.005466
0 0.270742 0.850760 0.009405 0.005466
0 0.270742 0.842918 0.009405 0.005466
0 0.270742 0.837690 0.009405 0.005466
0 0.329190 0.842918 0.009405 0.005466
0 0.329190 0.837690 0.009405 0.005466
0 0.329190 0.832462 0.009405 0.005466
0 0.418206 0.850760 0.009405 0.005466
0 0.418206 0.842918 0.009405 0.005466
0 0.418206 0.837690 0.009405 0.005466
0 0.481693 0.842918 0.009405 0.005466
0 0.481693 0.837690 0.009405 0.005466
0 0.481693 0.832462 0.009405 0.005466
0 0.545516 0.850760 0.009405 0.005466
0 0.545516 0.842918 0.009405 0.005466
0 0.545516 0.837690 0.009405 0.005466
0 0.609002 0.842918 0.009405 0.005466
0 0.609002 0.837690 0.009405 0.005466
0 0.609002 0.832462 0.009405 0.005466
0 0.683910 0.850760 0.009405 0.005466
0 0.683910 0.845532 0.009405 0.005466
0 0.683910 0.835076 0.009405 0.005466
0 0.748069 0.845532 0.009405 0.005466
0 0.748069 0.835076 0.009405 0.005466
0 0.756802 0.832462 0.009405 0.005466
0 0.811891 0.848146 0.009405 0.005466
0 0.811891 0.842918 0.009405 0.005466
0 0.811891 0.835076 0.009405 0.005466
0 0.875714 0.842918 0.009405 0.005466
0 0.875714 0.835076 0.009405 0.005466
0 0.875714 0.829848 0.009405 0.005466
0 0.158885 0.086027 0.009405 0.005466
0 0.209271 0.083413 0.009405 0.005466
0 0.259657 0.080798 0.009405 0.005466
0 0.310044 0.078184 0.009405 0.005466
0 0.378233 0.080798 0.009405 0.005466
0 0.423917 0.083413 0.009405 0.005466
0 0.469936 0.086027 0.009405 0.005466
0 0.515620 0.088641 0.009405 0.005466
0 0.581458 0.086027 0.009405 0.005466
0 0.622775 0.086027 0.009405 0.005466
0 0.664091 0.072956 0.009405 0.005466
0 0.730937 0.086027 0.009405 0.005466
0 0.771246 0.086027 0.009405 0.005466
0 0.817602 0.088641 0.009405 0.005466
0 0.863621 0.080798 0.009405 0.005466
0 0.909641 0.078184 0.009405 0.005466
0 0.151159 0.306084 0.009405 0.005466
0 0.196842 0.306084 0.009405 0.005466
0 0.242526 0.308698 0.009405 0.005466
0 0.287874 0.306084 0.009405 0.005466
0 0.348673 0.300856 0.009405 0.005466
0 0.397716 0.313926 0.009405 0.005466
0 0.495801 0.311312 0.009405 0.005466
0 0.528384 0.308698 0.009405 0.005466
0 0.575411 0.311312 0.009405 0.005466
0 0.619080 0.303470 0.009405 0.005466
0 0.662412 0.298241 0.009405 0.005466
0 0.733289 0.308698 0.009405 0.005466
0 0.778636 0.303470 0.009405 0.005466
0 0.820289 0.306084 0.009405 0.005466
0 0.329190 0.775665 0.009405 0.005466
0 0.365805 0.773051 0.009405 0.005466
0 0.418206 0.770437 0.009405 0.005466
0 0.481693 0.767823 0.009405 0.005466
0 0.545516 0.765209 0.009405 0.005466
0 0.609002 0.762595 0.009405 0.005466
0 0.683910 0.765209 0.009405 0.005466
0 0.748069 0.759743 0.009405 0.005466
0 0.811891 0.762595 0.009405 0.005466
0 0.875714 0.762595 0.009405 0.005466
0 0.915687 0.767823 0.009405 0.005466
