0 0.139402 0.220770 0.010749 0.006179
0 0.272086 0.262357 0.010749 0.006179
0 0.272086 0.235741 0.010749 0.006179
0 0.429963 0.253565 0.010749 0.006179
0 0.429963 0.241683 0.010749 0.006179
0 0.469264 0.253565 0.010749 0.006179
0 0.469264 0.241683 0.010749 0.006179
0 0.508230 0.253565 0.010749 0.006179
0 0.508230 0.241683 0.010749 0.006179
0 0.547531 0.253565 0.010749 0.006179
0 0.547531 0.232652 0.010749 0.006179
0 0.586496 0.253565 0.010749 0.006179
0 0.586496 0.232652 0.010749 0.006179
0 0.625798 0.253565 0.010749 0.006179
0 0.625798 0.232652 0.010749 0.006179
0 0.682902 0.244534 0.010749 0.006179
0 0.682902 0.232652 0.010749 0.006179
0 0.724219 0.244534 0.010749 0.006179
0 0.724219 0.232652 0.010749 0.006179
0 0.765872 0.244534 0.010749 0.006179
0 0.765872 0.232652 0.010749 0.006179
0 0.831710 0.265447 0.010749 0.006179
0 0.831710 0.244534 0.010749 0.006179
0 0.148136 0.588878 0.010749 0.006179
0 0.148136 0.568203 0.010749 0.006179
0 0.185757 0.518774 0.010749 0.006179
0 0.185757 0.495010 0.010749 0.006179
0 0.223379 0.518774 0.010749 0.006179
0 0.223379 0.495010 0.010749 0.006179
0 0.261001 0.547291 0.010749 0.006179
0 0.261001 0.529468 0.010749 0.006179
0 0.298623 0.547291 0.010749 0.006179
0 0.298623 0.529468 0.010749 0.006179
0 0.336245 0.547291 0.010749 0.006179
0 0.411824 0.568203 0.010749 0.006179
0 0.411824 0.562262 0.010749 0.006179
0 0.453813 0.568203 0.010749 0.006179
0 0.453813 0.562262 0.010749 0.006179
0 0.495465 0.568203 0.010749 0.006179
0 0.495465 0.562262 0.010749 0.006179
0 0.547531 0.571055 0.010749 0.006179
0 0.547531 0.559173 0.010749 0.006179
0 0.589184 0.571055 0.010749 0.006179
0 0.589184 0.559173 0.010749 0.006179
0 0.630836 0.571055 0.010749 0.006179
0 0.630836 0.559173 0.010749 0.006179
0 0.712462 0.576996 0.010749 0.006179
0 0.712462 0.559173 0.010749 0.006179
0 0.762177 0.576996 0.010749 0.006179
0 0.762177 0.559173 0.010749 0.006179
0 0.811555 0.576996 0.010749 0.006179
0 0.811555 0.559173 0.010749 0.006179
0 0.873027 0.568203 0.010749 0.006179
0 0.873027 0.562262 0.010749 0.006179
0 0.142425 0.856939 0.010749 0.006179
0 0.187773 0.853850 0.010749 0.006179
0 0.233456 0.853850 0.010749 0.006179
0 0.261673 0.859791 0.010749 0.006179
0 0.290225 0.898527 0.010749 0.006179
0 0.290225 0.877614 0.010749 0.006179
0 0.459859 0.910409 0.010749 0.006179
0 0.459859 0.889496 0.010749 0.006179
0 0.489083 0.889496 0.010749 0.006179
0 0.504871 0.877614 0.010749 0.006179
0 0.529056 0.868821 0.010749 0.006179
0 0.552906 0.862880 0.010749 0.006179
0 0.577091 0.856939 0.010749 0.006179
0 0.786362 0.883555 0.010749 0.006179
0 0.786362 0.871673 0.010749 0.006179
0 0.786362 0.862880 0.010749 0.006179
0 0.786362 0.856939 0.010749 0.006179
0 0.290225 0.793964 0.010749 0.006179
0 0.386631 0.796816 0.010749 0.006179
0 0.459859 0.802757 0.010749 0.006179
0 0.552906 0.799905 0.010749 0.006179
0 0.600941 0.799905 0.010749 0.006179
0 0.625126 0.793964 0.010749 0.006179
0 0.648975 0.788023 0.010749 0.006179
0 0.673161 0.778992 0.010749 0.006179
0 0.697010 0.773051 0.010749 0.006179
0 0.721196 0.767110 0.010749 0.006179
0 0.139402 0.183698 0.010749 0.006179
0 0.139402 0.174667 0.010749 0.006179
0 0.183742 0.183698 0.010749 0.006179
0 0.183742 0.174667 0.010749 0.006179
0 0.228082 0.183698 0.010749 0.006179
0 0.228082 0.174667 0.010749 0.006179
0 0.272086 0.192490 0.010749 0.006179
0 0.272086 0.174667 0.010749 0.006179
0 0.316426 0.192490 0.010749 0.006179
0 0.316426 0.174667 0.010749 0.006179
0 0.360430 0.192490 0.010749 0.006179
0 0.360430 0.177757 0.010749 0.006179
0 0.429963 0.195580 0.010749 0.006179
0 0.429963 0.189639 0.010749 0.006179
0 0.469264 0.195580 0.010749 0.006179
0 0.469264 0.189639 0.010749 0.006179
0 0.479006 0.186549 0.010749 0.006179
0 0.508230 0.195580 0.010749 0.006179
0 0.508230 0.189639 0.010749 0.006179
0 0.508230 0.183698 0.010749 0.006179
0 0.547531 0.195580 0.010749 0.006179
0 0.547531 0.189639 0.010749 0.006179
0 0.547531 0.180608 0.010749 0.006179
0 0.586496 0.195580 0.010749 0.006179
0 0.586496 0.189639 0.010749 0.006179
0 0.586496 0.177757 0.010749 0.006179
0 0.625798 0.195580 0.010749 0.006179
0 0.625798 0.189639 0.010749 0.006179
0 0.625798 0.174667 0.010749 0.006179
0 0.682902 0.195580 0.010749 0.006179
0 0.682902 0.183698 0.010749 0.006179
0 0.692980 0.180608 0.010749 0.006179
0 0.724219 0.195580 0.010749 0.006179
0 0.724219 0.183698 0.010749 0.006179
0 0.734296 0.180608 0.010749 0.006179
0 0.765872 0.195580 0.010749 0.006179
0 0.765872 0.183698 0.010749 0.006179
0 0.775949 0.180608 0.010749 0.006179
0 0.831710 0.195580 0.010749 0.006179
0 0.831710 0.186549 0.010749 0.006179
0 0.831710 0.177757 0.010749 0.006179
0 0.873027 0.195580 0.010749 0.006179
0 0.873027 0.186549 0.010749 0.006179
0 0.873027 0.177757 0.010749 0.006179
0 0.914679 0.195580 0.010749 0.006179
0 0.914679 0.186549 0.010749 0.006179
0 0.914679 0.174667 0.010749 0.006179
0 0.148136 0.506892 0.010749 0.006179
0 0.148136 0.500951 0.010749 0.006179
0 0.148136 0.492158 0.010749 0.006179
0 0.148136 0.486217 0.010749 0.006179
0 0.185757 0.486217 0.010749 0.006179
0 0.185757 0.480276 0.010749 0.006179
0 0.185757 0.468394 0.010749 0.006179
0 0.223379 0.489068 0.010749 0.006179
0 0.223379 0.480276 0.010749 0.006179
0 0.223379 0.474335 0.010749 0.006179
0 0.261001 0.495010 0.010749 0.006179
0 0.271078 0.492158 0.010749 0.006179
0 0.261001 0.480276 0.010749 0.006179
0 0.298623 0.498099 0.010749 0.006179
0 0.298623 0.492158 0.010749 0.006179
0 0.298623 0.483127 0.010749 0.006179
0 0.336245 0.500951 0.010749 0.006179
0 0.336245 0.492158 0.010749 0.006179
0 0.336245 0.486217 0.010749 0.006179
0 0.411824 0.489068 0.010749 0.006179
0 0.411824 0.477186 0.010749 0.006179
0 0.411824 0.468394 0.010749 0.006179
0 0.453813 0.489068 0.010749 0.006179
0 0.453813 0.477186 0.010749 0.006179
0 0.453813 0.468394 0.010749 0.006179
0 0.495465 0.489068 0.010749 0.006179
0 0.495465 0.477186 0.010749 0.006179
0 0.495465 0.468394 0.010749 0.006179
0 0.547531 0.489068 0.010749 0.006179
0 0.547531 0.480276 0.010749 0.006179
0 0.547531 0.474335 0.010749 0.006179
0 0.589184 0.489068 0.010749 0.006179
0 0.589184 0.480276 0.010749 0.006179
0 0.589184 0.474335 0.010749 0.006179
0 0.630836 0.489068 0.010749 0.006179
0 0.630836 0.480276 0.010749 0.006179
0 0.630836 0.474335 0.010749 0.006179
0 0.712462 0.492158 0.010749 0.006179
0 0.712462 0.486217 0.010749 0.006179
0 0.712462 0.480276 0.010749 0.006179
0 0.712462 0.471245 0.010749 0.006179
0 0.762177 0.492158 0.010749 0.006179
0 0.762177 0.486217 0.010749 0.006179
0 0.762177 0.480276 0.010749 0.006179
0 0.762177 0.471245 0.010749 0.006179
0 0.811555 0.492158 0.010749 0.006179
0 0.811555 0.486217 0.010749 0.006179
0 0.811555 0.480276 0.010749 0.006179
0 0.811555 0.471245 0.010749 0.006179
0 0.873027 0.492158 0.010749 0.006179
0 0.873027 0.483127 0.010749 0.006179
0 0.873027 0.477186 0.010749 0.006179
0 0.142425 0.799905 0.010749 0.006179
0 0.142425 0.793964 0.010749 0.006179
0 0.187773 0.799905 0.010749 0.006179
0 0.187773 0.790875 0.010749 0.006179
0 0.233456 0.799905 0.010749 0.006179
0 0.243534 0.796816 0.010749 0.006179
0 0.233456 0.790875 0.010749 0.006179
0 0.293584 0.811787 0.010749 0.006179
0 0.293584 0.802757 0.010749 0.006179
0 0.293584 0.788023 0.010749 0.006179
0 0.463218 0.814639 0.010749 0.006179
0 0.463218 0.808698 0.010749 0.006179
0 0.463218 0.793964 0.010749 0.006179
0 0.786362 0.773051 0.010749 0.006179
0 0.786362 0.767110 0.010749 0.006179
0 0.786362 0.758317 0.010749 0.006179
0 0.786362 0.752376 0.010749 0.006179
0 0.139402 0.086977 0.010749 0.006179
0 0.183742 0.086977 0.010749 0.006179
0 0.228082 0.086977 0.010749 0.006179
0 0.272086 0.086977 0.010749 0.006179
0 0.360430 0.090067 0.010749 0.006179
0 0.429963 0.101711 0.010749 0.006179
0 0.682902 0.092918 0.010749 0.006179
0 0.765872 0.092918 0.010749 0.006179
0 0.796439 0.092918 0.010749 0.006179
0 0.831710 0.090067 0.010749 0.006179
0 0.914679 0.086977 0.010749 0.006179
0 0.148136 0.384743 0.010749 0.006179
0 0.411824 0.387833 0.010749 0.006179
0 0.495465 0.387833 0.010749 0.006179
0 0.521330 0.387833 0.010749 0.006179
0 0.547531 0.393774 0.010749 0.006179
0 0.630836 0.393774 0.010749 0.006179
0 0.657037 0.393774 0.010749 0.006179
0 0.712462 0.390684 0.010749 0.006179
0 0.811555 0.390684 0.010749 0.006179
0 0.842459 0.390684 0.010749 0.006179
0 0.873027 0.396625 0.010749 0.006179
0 0.290225 0.708413 0.010749 0.006179
0 0.345650 0.708413 0.010749 0.006179
0 0.386631 0.708413 0.010749 0.006179
0 0.459859 0.693441 0.010749 0.006179
0 0.786362 0.693441 0.010749 0.006179
