0 0.696675 0.361217 0.009405 0.005466
0 0.116896 0.639734 0.009405 0.005466
0 0.388982 0.634506 0.009405 0.005466
0 0.659053 0.639734 0.009405 0.005466
0 0.260329 0.297291 0.009405 0.005466
0 0.260329 0.286835 0.009405 0.005466
0 0.388646 0.302519 0.009405 0.005466
0 0.489083 0.302519 0.009405 0.005466
0 0.489083 0.297291 0.009405 0.005466
0 0.737991 0.353375 0.009405 0.005466
0 0.822304 0.350523 0.009405 0.005466
0 0.873027 0.347909 0.009405 0.005466
0 0.161572 0.631892 0.009405 0.005466
0 0.229762 0.629278 0.009405 0.005466
0 0.288210 0.626426 0.009405 0.005466
0 0.432650 0.626426 0.009405 0.005466
0 0.499496 0.623812 0.009405 0.005466
0 0.556265 0.621198 0.009405 0.005466
0 0.719180 0.631892 0.009405 0.005466
0 0.788713 0.629278 0.009405 0.005466
0 0.847833 0.626426 0.009405 0.005466
0 0.135035 0.887595 0.011085 0.005466
0 0.135035 0.877139 0.011085 0.005466
0 0.135035 0.871911 0.011085 0.005466
0 0.450453 0.864068 0.009405 0.005466
0 0.484380 0.866683 0.009405 0.005466
0 0.517971 0.871911 0.009405 0.005466
0 0.551562 0.866683 0.009405 0.005466
0 0.719852 0.869297 0.009405 0.005466
0 0.753779 0.871911 0.009405 0.005466
0 0.787370 0.877139 0.009405 0.005466
0 0.820961 0.871911 0.009405 0.005466
0 0.489083 0.289449 0.009405 0.005466
0 0.696675 0.286835 0.009405 0.005466
0 0.116896 0.573669 0.009405 0.005466
0 0.388982 0.568203 0.009405 0.005466
0 0.659053 0.573669 0.009405 0.005466
0 0.135035 0.840304 0.011085 0.005466
0 0.176688 0.260456 0.009405 0.005466
0 0.211622 0.263070 0.009405 0.005466
0 0.260329 0.273527 0.009405 0.005466
0 0.388646 0.292063 0.009405 0.005466
0 0.388646 0.286835 0.009405 0.005466
0 0.388646 0.278755 0.009405 0.005466
0 0.453141 0.276378 0.006718 0.003802
0 0.434666 0.278992 0.006718 0.003802
0 0.359758 0.273764 0.006718 0.003802
0 0.367820 0.276378 0.006718 0.003802
0 0.489083 0.270913 0.009405 0.005466
0 0.543500 0.273527 0.009405 0.005466
0 0.737991 0.278755 0.009405 0.005466
0 0.763856 0.276141 0.009405 0.005466
0 0.796439 0.278755 0.009405 0.005466
0 0.822304 0.281606 0.009405 0.005466
0 0.914343 0.284221 0.009405 0.005466
0 0.161572 0.565589 0.009405 0.005466
0 0.184078 0.562975 0.009405 0.005466
0 0.206920 0.565589 0.009405 0.005466
0 0.229762 0.568203 0.009405 0.005466
0 0.332550 0.570817 0.009405 0.005466
0 0.432650 0.560361 0.009405 0.005466
0 0.454820 0.557747 0.009405 0.005466
0 0.476990 0.560361 0.009405 0.005466
0 0.499496 0.562975 0.009405 0.005466
0 0.599597 0.565589 0.009405 0.005466
0 0.719180 0.565589 0.009405 0.005466
0 0.742358 0.562975 0.009405 0.005466
0 0.765536 0.565589 0.009405 0.005466
0 0.788713 0.568203 0.009405 0.005466
0 0.135035 0.824382 0.009405 0.005466
0 0.256298 0.835076 0.009405 0.005466
0 0.416863 0.840304 0.009405 0.005466
0 0.416863 0.835076 0.009405 0.005466
0 0.416863 0.829848 0.009405 0.005466
0 0.450453 0.840304 0.009405 0.005466
0 0.450453 0.835076 0.009405 0.005466
0 0.450453 0.829848 0.009405 0.005466
0 0.484380 0.840304 0.009405 0.005466
0 0.484380 0.835076 0.009405 0.005466
0 0.484380 0.829848 0.009405 0.005466
0 0.517971 0.840304 0.009405 0.005466
0 0.517971 0.835076 0.009405 0.005466
0 0.517971 0.829848 0.009405 0.005466
0 0.551562 0.840304 0.009405 0.005466
0 0.551562 0.835076 0.009405 0.005466
0 0.551562 0.829848 0.009405 0.005466
0 0.585153 0.840304 0.009405 0.005466
0 0.585153 0.835076 0.009405 0.005466
0 0.585153 0.829848 0.009405 0.005466
0 0.619080 0.840304 0.009405 0.005466
0 0.619080 0.835076 0.009405 0.005466
0 0.619080 0.829848 0.009405 0.005466
0 0.652670 0.840304 0.009405 0.005466
0 0.652670 0.835076 0.009405 0.005466
0 0.652670 0.829848 0.009405 0.005466
0 0.686261 0.842918 0.009405 0.005466
0 0.694995 0.840304 0.009405 0.005466
0 0.686261 0.835076 0.009405 0.005466
0 0.719852 0.842918 0.009405 0.005466
0 0.728922 0.840304 0.009405 0.005466
0 0.719852 0.835076 0.009405 0.005466
0 0.753779 0.842918 0.009405 0.005466
0 0.762513 0.840304 0.009405 0.005466
0 0.753779 0.835076 0.009405 0.005466
0 0.787370 0.842918 0.009405 0.005466
0 0.796103 0.840304 0.009405 0.005466
0 0.787370 0.835076 0.009405 0.005466
0 0.820961 0.842918 0.009405 0.005466
0 0.829694 0.840304 0.009405 0.005466
0 0.820961 0.835076 0.009405 0.005466
0 0.854552 0.842918 0.009405 0.005466
0 0.863621 0.840304 0.009405 0.005466
0 0.854552 0.835076 0.009405 0.005466
0 0.888478 0.842918 0.009405 0.005466
0 0.897212 0.840304 0.009405 0.005466
0 0.888478 0.835076 0.009405 0.005466
0 0.922069 0.842918 0.009405 0.005466
0 0.930803 0.840304 0.009405 0.005466
0 0.922069 0.835076 0.009405 0.005466
0 0.645280 0.203660 0.009405 0.005466
0 0.696675 0.198194 0.009405 0.005466
0 0.779980 0.198194 0.009405 0.005466
0 0.822304 0.198194 0.009405 0.005466
0 0.116896 0.490494 0.006718 0.003802
0 0.332550 0.490257 0.009405 0.005466
0 0.388982 0.485029 0.009405 0.005466
0 0.432650 0.485029 0.009405 0.005466
0 0.499496 0.479800 0.009405 0.005466
0 0.599597 0.490257 0.009405 0.005466
0 0.659053 0.490257 0.009405 0.005466
0 0.696003 0.490257 0.009405 0.005466
0 0.742358 0.490257 0.009405 0.005466
0 0.788713 0.490257 0.009405 0.005466
0 0.847833 0.490257 0.009405 0.005466
0 0.892845 0.485029 0.009405 0.005466
0 0.135035 0.758317 0.009405 0.005466
0 0.332550 0.769011 0.006718 0.003802
0 0.888478 0.763546 0.009405 0.005466
0 0.922069 0.760932 0.009405 0.005466
