0 0.729929 0.889734 0.008398 0.004753
0 0.112193 0.207700 0.008398 0.004753
0 0.201545 0.198669 0.008398 0.004753
0 0.201545 0.191778 0.008398 0.004753
0 0.201545 0.187025 0.008398 0.004753
0 0.246221 0.198669 0.008398 0.004753
0 0.246221 0.191778 0.008398 0.004753
0 0.246221 0.187025 0.008398 0.004753
0 0.335909 0.214591 0.008398 0.004753
0 0.390998 0.205561 0.008398 0.004753
0 0.475983 0.198669 0.008398 0.004753
0 0.475983 0.193916 0.008398 0.004753
0 0.475983 0.184886 0.008398 0.004753
0 0.518643 0.198669 0.008398 0.004753
0 0.518643 0.193916 0.008398 0.004753
0 0.518643 0.184886 0.008398 0.004753
0 0.603628 0.214591 0.008398 0.004753
0 0.657373 0.207700 0.008398 0.004753
0 0.756802 0.198669 0.008398 0.004753
0 0.756802 0.191778 0.008398 0.004753
0 0.756802 0.187025 0.008398 0.004753
0 0.806181 0.216968 0.008398 0.004753
0 0.905610 0.200808 0.008398 0.004753
0 0.905610 0.196293 0.008398 0.004753
0 0.905610 0.187025 0.008398 0.004753
0 0.112193 0.432747 0.008398 0.004753
0 0.202553 0.423479 0.008398 0.004753
0 0.202553 0.416587 0.008398 0.004753
0 0.202553 0.412072 0.008398 0.004753
0 0.247901 0.423479 0.008398 0.004753
0 0.247901 0.416587 0.008398 0.004753
0 0.247901 0.412072 0.008398 0.004753
0 0.338260 0.423479 0.008398 0.004753
0 0.338260 0.416587 0.008398 0.004753
0 0.338260 0.412072 0.008398 0.004753
0 0.393685 0.430371 0.008398 0.004753
0 0.480685 0.421103 0.008398 0.004753
0 0.480685 0.416587 0.008398 0.004753
0 0.480685 0.409696 0.008398 0.004753
0 0.524017 0.427994 0.008398 0.004753
0 0.610682 0.423479 0.008398 0.004753
0 0.610682 0.416587 0.008398 0.004753
0 0.610682 0.412072 0.008398 0.004753
0 0.664427 0.430371 0.008398 0.004753
0 0.760161 0.444154 0.008398 0.004753
0 0.767887 0.441778 0.008398 0.004753
0 0.760161 0.432747 0.008398 0.004753
0 0.809876 0.423479 0.008398 0.004753
0 0.908633 0.446530 0.008398 0.004753
0 0.908633 0.441778 0.008398 0.004753
0 0.908633 0.434886 0.008398 0.004753
0 0.112193 0.651141 0.008398 0.004753
0 0.178703 0.646625 0.008398 0.004753
0 0.178703 0.641873 0.008398 0.004753
0 0.178703 0.634981 0.008398 0.004753
0 0.211958 0.646625 0.008398 0.004753
0 0.211958 0.641873 0.008398 0.004753
0 0.211958 0.634981 0.008398 0.004753
0 0.278468 0.651141 0.008398 0.004753
0 0.326839 0.653517 0.008398 0.004753
0 0.326839 0.646625 0.008398 0.004753
0 0.326839 0.641873 0.008398 0.004753
0 0.326839 0.637357 0.008398 0.004753
0 0.408465 0.653517 0.008398 0.004753
0 0.408465 0.644249 0.008398 0.004753
0 0.522338 0.646625 0.008398 0.004753
0 0.598589 0.664924 0.008398 0.004753
0 0.598589 0.658032 0.008398 0.004753
0 0.598589 0.653517 0.008398 0.004753
0 0.632180 0.664924 0.008398 0.004753
0 0.632180 0.658032 0.008398 0.004753
0 0.632180 0.653517 0.008398 0.004753
0 0.705744 0.653517 0.008398 0.004753
0 0.747061 0.644249 0.008398 0.004753
0 0.820289 0.664924 0.008398 0.004753
0 0.820289 0.660409 0.008398 0.004753
0 0.820289 0.651141 0.008398 0.004753
0 0.852200 0.664924 0.008398 0.004753
0 0.852200 0.660409 0.008398 0.004753
0 0.852200 0.651141 0.008398 0.004753
0 0.923077 0.653517 0.008398 0.004753
0 0.112193 0.885219 0.008398 0.004753
0 0.196842 0.869059 0.008398 0.004753
0 0.196842 0.864544 0.008398 0.004753
0 0.268055 0.869059 0.008398 0.004753
0 0.275781 0.866920 0.008398 0.004753
0 0.344978 0.869059 0.008398 0.004753
0 0.344978 0.864544 0.008398 0.004753
0 0.518643 0.885219 0.008398 0.004753
0 0.455828 0.878327 0.005710 0.003327
0 0.551226 0.882842 0.008398 0.004753
0 0.583809 0.878327 0.008398 0.004753
0 0.616056 0.880703 0.008398 0.004753
0 0.648640 0.875951 0.008398 0.004753
0 0.680887 0.882842 0.008398 0.004753
0 0.729929 0.885219 0.008398 0.004753
0 0.766879 0.882842 0.008398 0.004753
0 0.803829 0.878327 0.008398 0.004753
0 0.840779 0.880703 0.008398 0.004753
0 0.878065 0.875951 0.008398 0.004753
0 0.915015 0.882842 0.008398 0.004753
0 0.344978 0.825570 0.008398 0.004753
0 0.344978 0.820817 0.008398 0.004753
0 0.112193 0.136644 0.008398 0.004753
0 0.134363 0.134268 0.008398 0.004753
0 0.156869 0.136644 0.008398 0.004753
0 0.179375 0.138783 0.008398 0.004753
0 0.201545 0.141160 0.008398 0.004753
0 0.224051 0.138783 0.008398 0.004753
0 0.246221 0.141160 0.008398 0.004753
0 0.268727 0.138783 0.008398 0.004753
0 0.291233 0.141160 0.008398 0.004753
0 0.313403 0.145675 0.008398 0.004753
0 0.335909 0.148051 0.008398 0.004753
0 0.358079 0.145675 0.008398 0.004753
0 0.390998 0.143536 0.008398 0.004753
0 0.412160 0.141160 0.008398 0.004753
0 0.433658 0.143536 0.008398 0.004753
0 0.454820 0.141160 0.008398 0.004753
0 0.475983 0.138783 0.008398 0.004753
0 0.497481 0.136644 0.008398 0.004753
0 0.518643 0.134268 0.008398 0.004753
0 0.539805 0.131892 0.008398 0.004753
0 0.560967 0.134268 0.008398 0.004753
0 0.582466 0.129753 0.008398 0.004753
0 0.603628 0.131892 0.008398 0.004753
0 0.624790 0.134268 0.008398 0.004753
0 0.657373 0.136644 0.008398 0.004753
0 0.682230 0.134268 0.008398 0.004753
0 0.707088 0.136644 0.008398 0.004753
0 0.731945 0.138783 0.008398 0.004753
0 0.756802 0.141160 0.008398 0.004753
0 0.781323 0.138783 0.008398 0.004753
0 0.806181 0.125000 0.008398 0.004753
0 0.831038 0.127376 0.008398 0.004753
0 0.855895 0.129753 0.008398 0.004753
0 0.880752 0.131892 0.008398 0.004753
0 0.905610 0.134268 0.008398 0.004753
0 0.930467 0.136644 0.008398 0.004753
0 0.112193 0.361454 0.008398 0.004753
0 0.134699 0.359078 0.008398 0.004753
0 0.157205 0.361454 0.008398 0.004753
0 0.180047 0.363831 0.008398 0.004753
0 0.202553 0.365970 0.008398 0.004753
0 0.225059 0.363831 0.008398 0.004753
0 0.247901 0.361454 0.008398 0.004753
0 0.270406 0.359078 0.008398 0.004753
0 0.292912 0.361454 0.008398 0.004753
0 0.315418 0.363831 0.008398 0.004753
0 0.338260 0.365970 0.008398 0.004753
0 0.360766 0.361454 0.008398 0.004753
0 0.393685 0.354563 0.008398 0.004753
0 0.415519 0.352186 0.008398 0.004753
0 0.437353 0.354563 0.008398 0.004753
0 0.458851 0.356939 0.008398 0.004753
0 0.480685 0.359078 0.008398 0.004753
0 0.502183 0.354563 0.008398 0.004753
0 0.524017 0.356939 0.008398 0.004753
0 0.545852 0.354563 0.008398 0.004753
0 0.567350 0.356939 0.008398 0.004753
0 0.589184 0.359078 0.008398 0.004753
0 0.610682 0.361454 0.008398 0.004753
0 0.632516 0.356939 0.008398 0.004753
0 0.664427 0.359078 0.008398 0.004753
0 0.686261 0.356939 0.008398 0.004753
0 0.707759 0.359078 0.008398 0.004753
0 0.729594 0.361454 0.008398 0.004753
0 0.760161 0.363831 0.008398 0.004753
0 0.781659 0.361454 0.008398 0.004753
0 0.809876 0.363831 0.008398 0.004753
0 0.831710 0.361454 0.008398 0.004753
0 0.853544 0.363831 0.008398 0.004753
0 0.875042 0.365970 0.008398 0.004753
0 0.908633 0.368346 0.008398 0.004753
0 0.930131 0.365970 0.008398 0.004753
0 0.112193 0.591492 0.008398 0.004753
0 0.128653 0.589116 0.008398 0.004753
0 0.145448 0.591492 0.008398 0.004753
0 0.161908 0.593631 0.008398 0.004753
0 0.178703 0.596008 0.008398 0.004753
0 0.195163 0.593631 0.008398 0.004753
0 0.211958 0.596008 0.008398 0.004753
0 0.228754 0.598384 0.008398 0.004753
0 0.245213 0.596008 0.008398 0.004753
0 0.262009 0.593631 0.008398 0.004753
0 0.278468 0.591492 0.008398 0.004753
0 0.295264 0.589116 0.008398 0.004753
0 0.326839 0.586740 0.008398 0.004753
0 0.408465 0.605276 0.008398 0.004753
0 0.416191 0.602899 0.008398 0.004753
0 0.408465 0.598384 0.008398 0.004753
0 0.522338 0.575333 0.008398 0.004753
0 0.539133 0.572956 0.008398 0.004753
0 0.556265 0.575333 0.008398 0.004753
0 0.573060 0.577709 0.008398 0.004753
0 0.598589 0.579848 0.008398 0.004753
0 0.615385 0.577709 0.008398 0.004753
0 0.632180 0.579848 0.008398 0.004753
0 0.648975 0.577709 0.008398 0.004753
0 0.665771 0.579848 0.008398 0.004753
0 0.682566 0.584601 0.008398 0.004753
0 0.705744 0.586740 0.008398 0.004753
0 0.722875 0.584601 0.008398 0.004753
0 0.747061 0.582224 0.008398 0.004753
0 0.763184 0.579848 0.008398 0.004753
0 0.779308 0.582224 0.008398 0.004753
0 0.795432 0.579848 0.008398 0.004753
0 0.820289 0.577709 0.008398 0.004753
0 0.836412 0.575333 0.008398 0.004753
0 0.852200 0.589116 0.008398 0.004753
0 0.868324 0.586740 0.008398 0.004753
0 0.884447 0.589116 0.008398 0.004753
0 0.900571 0.586740 0.008398 0.004753
0 0.923077 0.584601 0.008398 0.004753
0 0.939201 0.582224 0.008398 0.004753
0 0.112193 0.802519 0.008398 0.004753
0 0.196842 0.825570 0.008398 0.004753
0 0.196842 0.818679 0.008398 0.004753
0 0.275781 0.827709 0.008398 0.004753
0 0.275781 0.818679 0.008398 0.004753
0 0.344978 0.816302 0.008398 0.004753
0 0.402083 0.818679 0.008398 0.004753
0 0.518643 0.818679 0.008398 0.004753
0 0.518643 0.811787 0.008398 0.004753
0 0.551226 0.816302 0.008398 0.004753
0 0.551226 0.809411 0.008398 0.004753
0 0.583809 0.811787 0.008398 0.004753
0 0.583809 0.804895 0.008398 0.004753
0 0.616056 0.811787 0.008398 0.004753
0 0.616056 0.807034 0.008398 0.004753
0 0.648640 0.809411 0.008398 0.004753
0 0.648640 0.802519 0.008398 0.004753
0 0.680887 0.816302 0.008398 0.004753
0 0.680887 0.809411 0.008398 0.004753
0 0.729929 0.818679 0.008398 0.004753
0 0.729929 0.811787 0.008398 0.004753
0 0.766879 0.816302 0.008398 0.004753
0 0.766879 0.809411 0.008398 0.004753
0 0.803829 0.811787 0.008398 0.004753
0 0.803829 0.804895 0.008398 0.004753
0 0.840779 0.811787 0.008398 0.004753
0 0.840779 0.807034 0.008398 0.004753
0 0.878065 0.809411 0.008398 0.004753
0 0.878065 0.802519 0.008398 0.004753
0 0.915015 0.816302 0.008398 0.004753
0 0.915015 0.809411 0.008398 0.004753
0 0.112193 0.067966 0.008398 0.004753
0 0.201545 0.070342 0.008398 0.004753
0 0.246221 0.072481 0.008398 0.004753
0 0.291233 0.074857 0.008398 0.004753
0 0.335909 0.077234 0.008398 0.004753
0 0.390998 0.074857 0.008398 0.004753
0 0.475983 0.077234 0.008398 0.004753
0 0.518643 0.079373 0.008398 0.004753
0 0.603628 0.079373 0.008398 0.004753
0 0.657373 0.079373 0.008398 0.004753
0 0.707088 0.077234 0.008398 0.004753
0 0.756802 0.074857 0.008398 0.004753
0 0.806181 0.077234 0.008398 0.004753
0 0.855895 0.074857 0.008398 0.004753
0 0.905610 0.072481 0.008398 0.004753
0 0.112193 0.310837 0.008398 0.004753
0 0.247901 0.294914 0.008398 0.004753
0 0.393685 0.297053 0.008398 0.004753
0 0.524017 0.299430 0.008398 0.004753
0 0.664427 0.301806 0.008398 0.004753
0 0.809876 0.306321 0.008398 0.004753
0 0.853544 0.308698 0.008398 0.004753
0 0.908633 0.310837 0.008398 0.004753
0 0.112193 0.528992 0.008398 0.004753
0 0.326839 0.528992 0.008398 0.004753
0 0.408465 0.528992 0.008398 0.004753
0 0.440040 0.524477 0.008398 0.004753
0 0.471280 0.531369 0.008398 0.004753
0 0.522338 0.533508 0.008398 0.004753
0 0.518643 0.749762 0.008398 0.004753
0 0.583809 0.749762 0.008398 0.004753
0 0.616056 0.749762 0.008398 0.004753
0 0.680887 0.749762 0.008398 0.004753
0 0.729929 0.749762 0.008398 0.004753
0 0.766879 0.749762 0.008398 0.004753
0 0.803829 0.749762 0.008398 0.004753
0 0.840779 0.749762 0.008398 0.004753
0 0.915015 0.749762 0.008398 0.004753
