0 0.606987 0.669914 0.010749 0.006179
0 0.778636 0.654943 0.010749 0.006179
0 0.868996 0.660884 0.010749 0.006179
0 0.150823 0.896863 0.010749 0.006179
0 0.351025 0.882129 0.010749 0.006179
0 0.472288 0.888070 0.010749 0.006179
0 0.203561 0.235029 0.010749 0.006179
0 0.203561 0.214354 0.010749 0.006179
0 0.268727 0.235029 0.010749 0.006179
0 0.268727 0.214354 0.010749 0.006179
0 0.337588 0.235029 0.010749 0.006179
0 0.337588 0.214354 0.010749 0.006179
0 0.386295 0.235029 0.010749 0.006179
0 0.386295 0.214354 0.010749 0.006179
0 0.476654 0.235029 0.010749 0.006179
0 0.476654 0.214354 0.010749 0.006179
0 0.532415 0.235029 0.010749 0.006179
0 0.532415 0.214354 0.010749 0.006179
0 0.588176 0.235029 0.010749 0.006179
0 0.588176 0.214354 0.010749 0.006179
0 0.643937 0.235029 0.010749 0.006179
0 0.643937 0.214354 0.010749 0.006179
0 0.732281 0.238118 0.010749 0.006179
0 0.732281 0.217205 0.010749 0.006179
0 0.784347 0.238118 0.010749 0.006179
0 0.784347 0.217205 0.010749 0.006179
0 0.836412 0.235029 0.010749 0.006179
0 0.836412 0.214354 0.010749 0.006179
0 0.888142 0.235029 0.010749 0.006179
0 0.888142 0.214354 0.010749 0.006179
0 0.143769 0.439876 0.010749 0.006179
0 0.143769 0.427994 0.010749 0.006179
0 0.217333 0.439876 0.010749 0.006179
0 0.217333 0.427994 0.010749 0.006179
0 0.290897 0.439876 0.010749 0.006179
0 0.290897 0.427994 0.010749 0.006179
0 0.349681 0.439876 0.010749 0.006179
0 0.349681 0.427994 0.010749 0.006179
0 0.454820 0.451759 0.010749 0.006179
0 0.454820 0.431084 0.010749 0.006179
0 0.515284 0.451759 0.010749 0.006179
0 0.515284 0.431084 0.010749 0.006179
0 0.590863 0.451759 0.010749 0.006179
0 0.590863 0.431084 0.010749 0.006179
0 0.651327 0.451759 0.010749 0.006179
0 0.651327 0.431084 0.010749 0.006179
0 0.740007 0.457700 0.010749 0.006179
0 0.740007 0.437025 0.010749 0.006179
0 0.795432 0.457700 0.010749 0.006179
0 0.795432 0.437025 0.010749 0.006179
0 0.851192 0.467918 0.010749 0.006179
0 0.851192 0.445817 0.010749 0.006179
0 0.153846 0.684648 0.010749 0.006179
0 0.153846 0.663973 0.010749 0.006179
0 0.201881 0.681797 0.010749 0.006179
0 0.201881 0.660884 0.010749 0.006179
0 0.258986 0.678707 0.010749 0.006179
0 0.258986 0.658032 0.010749 0.006179
0 0.306685 0.675856 0.010749 0.006179
0 0.306685 0.654943 0.010749 0.006179
0 0.371179 0.672766 0.010749 0.006179
0 0.371179 0.652091 0.010749 0.006179
0 0.426940 0.672766 0.010749 0.006179
0 0.426940 0.652091 0.010749 0.006179
0 0.491098 0.663973 0.010749 0.006179
0 0.491098 0.652091 0.010749 0.006179
0 0.606987 0.649002 0.010749 0.006179
0 0.778636 0.649002 0.010749 0.006179
0 0.150823 0.876188 0.010749 0.006179
0 0.351025 0.876188 0.010749 0.006179
0 0.590191 0.882129 0.010749 0.006179
0 0.626470 0.879040 0.010749 0.006179
0 0.662748 0.876188 0.010749 0.006179
0 0.767551 0.873099 0.010749 0.006179
0 0.814578 0.870247 0.010749 0.006179
0 0.861942 0.867158 0.010749 0.006179
0 0.203561 0.175618 0.010749 0.006179
0 0.203561 0.166825 0.010749 0.006179
0 0.203561 0.160884 0.010749 0.006179
0 0.268727 0.175618 0.010749 0.006179
0 0.268727 0.166825 0.010749 0.006179
0 0.268727 0.160884 0.010749 0.006179
0 0.337588 0.175618 0.010749 0.006179
0 0.337588 0.166825 0.010749 0.006179
0 0.337588 0.160884 0.010749 0.006179
0 0.386295 0.175618 0.010749 0.006179
0 0.386295 0.166825 0.010749 0.006179
0 0.386295 0.160884 0.010749 0.006179
0 0.476654 0.175618 0.010749 0.006179
0 0.476654 0.166825 0.010749 0.006179
0 0.476654 0.160884 0.010749 0.006179
0 0.532415 0.175618 0.010749 0.006179
0 0.532415 0.166825 0.010749 0.006179
0 0.532415 0.160884 0.010749 0.006179
0 0.588176 0.175618 0.010749 0.006179
0 0.588176 0.166825 0.010749 0.006179
0 0.588176 0.160884 0.010749 0.006179
0 0.643937 0.175618 0.010749 0.006179
0 0.643937 0.166825 0.010749 0.006179
0 0.643937 0.160884 0.010749 0.006179
0 0.732281 0.175618 0.010749 0.006179
0 0.732281 0.163736 0.010749 0.006179
0 0.732281 0.157795 0.010749 0.006179
0 0.784347 0.175618 0.010749 0.006179
0 0.784347 0.163736 0.010749 0.006179
0 0.784347 0.157795 0.010749 0.006179
0 0.836412 0.175618 0.010749 0.006179
0 0.836412 0.166825 0.010749 0.006179
0 0.836412 0.160884 0.010749 0.006179
0 0.888142 0.175618 0.010749 0.006179
0 0.888142 0.166825 0.010749 0.006179
0 0.888142 0.160884 0.010749 0.006179
0 0.143769 0.392348 0.010749 0.006179
0 0.143769 0.386407 0.010749 0.006179
0 0.143769 0.380466 0.010749 0.006179
0 0.217333 0.392348 0.010749 0.006179
0 0.217333 0.386407 0.010749 0.006179
0 0.217333 0.380466 0.010749 0.006179
0 0.290897 0.392348 0.010749 0.006179
0 0.290897 0.386407 0.010749 0.006179
0 0.290897 0.380466 0.010749 0.006179
0 0.349681 0.392348 0.010749 0.006179
0 0.349681 0.386407 0.010749 0.006179
0 0.349681 0.380466 0.010749 0.006179
0 0.454820 0.392348 0.010749 0.006179
0 0.454820 0.383555 0.010749 0.006179
0 0.454820 0.377614 0.010749 0.006179
0 0.515284 0.392348 0.010749 0.006179
0 0.515284 0.383555 0.010749 0.006179
0 0.515284 0.377614 0.010749 0.006179
0 0.590863 0.392348 0.010749 0.006179
0 0.590863 0.383555 0.010749 0.006179
0 0.590863 0.377614 0.010749 0.006179
0 0.651327 0.392348 0.010749 0.006179
0 0.651327 0.383555 0.010749 0.006179
0 0.651327 0.377614 0.010749 0.006179
0 0.740007 0.389496 0.010749 0.006179
0 0.740007 0.383555 0.010749 0.006179
0 0.740007 0.377614 0.010749 0.006179
0 0.795432 0.389496 0.010749 0.006179
0 0.795432 0.383555 0.010749 0.006179
0 0.795432 0.377614 0.010749 0.006179
0 0.851192 0.392348 0.010749 0.006179
0 0.851192 0.386407 0.010749 0.006179
0 0.851192 0.377614 0.010749 0.006179
0 0.153846 0.604563 0.010749 0.006179
0 0.153846 0.589591 0.010749 0.006179
0 0.201881 0.607414 0.010749 0.006179
0 0.201881 0.592681 0.010749 0.006179
0 0.258986 0.604563 0.010749 0.006179
0 0.258986 0.595532 0.010749 0.006179
0 0.306685 0.607414 0.010749 0.006179
0 0.306685 0.592681 0.010749 0.006179
0 0.371179 0.607414 0.010749 0.006179
0 0.371179 0.598622 0.010749 0.006179
0 0.426940 0.607414 0.010749 0.006179
0 0.426940 0.598622 0.010749 0.006179
0 0.491098 0.610504 0.010749 0.006179
0 0.491098 0.595532 0.010749 0.006179
0 0.626470 0.610504 0.010749 0.006179
0 0.645952 0.604563 0.010749 0.006179
0 0.665435 0.601473 0.010749 0.006179
0 0.690292 0.595532 0.010749 0.006179
0 0.709439 0.601473 0.010749 0.006179
0 0.728922 0.604563 0.010749 0.006179
0 0.748404 0.610504 0.010749 0.006179
0 0.804165 0.613356 0.010749 0.006179
0 0.825663 0.607414 0.010749 0.006179
0 0.847162 0.601473 0.010749 0.006179
0 0.868996 0.592681 0.010749 0.006179
0 0.890494 0.601473 0.010749 0.006179
0 0.911992 0.607414 0.010749 0.006179
0 0.934498 0.613356 0.010749 0.006179
0 0.174337 0.837452 0.010749 0.006179
0 0.197850 0.831511 0.010749 0.006179
0 0.221364 0.828660 0.010749 0.006179
0 0.246221 0.822719 0.010749 0.006179
0 0.269735 0.828660 0.010749 0.006179
0 0.293248 0.831511 0.010749 0.006179
0 0.316762 0.837452 0.010749 0.006179
0 0.381256 0.840542 0.010749 0.006179
0 0.411488 0.834601 0.010749 0.006179
0 0.441720 0.828660 0.010749 0.006179
0 0.472288 0.819629 0.010749 0.006179
0 0.590191 0.834601 0.010749 0.006179
0 0.590191 0.828660 0.010749 0.006179
0 0.626470 0.834601 0.010749 0.006179
0 0.626470 0.825570 0.010749 0.006179
0 0.662748 0.834601 0.010749 0.006179
0 0.662748 0.822719 0.010749 0.006179
0 0.767551 0.834601 0.010749 0.006179
0 0.767551 0.819629 0.010749 0.006179
0 0.814578 0.834601 0.010749 0.006179
0 0.814578 0.816778 0.010749 0.006179
0 0.861942 0.834601 0.010749 0.006179
0 0.861942 0.813688 0.010749 0.006179
0 0.141082 0.096008 0.010749 0.006179
0 0.161908 0.092918 0.010749 0.006179
0 0.203561 0.090067 0.010749 0.006179
0 0.237823 0.092918 0.010749 0.006179
0 0.268727 0.090067 0.010749 0.006179
0 0.299295 0.086977 0.010749 0.006179
0 0.337588 0.090067 0.010749 0.006179
0 0.386295 0.086977 0.010749 0.006179
0 0.416527 0.084125 0.010749 0.006179
0 0.476654 0.081036 0.010749 0.006179
0 0.532415 0.096008 0.010749 0.006179
0 0.588176 0.090067 0.010749 0.006179
0 0.678535 0.090067 0.010749 0.006179
0 0.732281 0.090067 0.010749 0.006179
0 0.784347 0.092918 0.010749 0.006179
0 0.836412 0.092918 0.010749 0.006179
0 0.888142 0.096008 0.010749 0.006179
0 0.923749 0.096008 0.010749 0.006179
0 0.143769 0.310837 0.010749 0.006179
0 0.180719 0.313688 0.010749 0.006179
0 0.217333 0.307747 0.010749 0.006179
0 0.253947 0.310837 0.010749 0.006179
0 0.290897 0.313688 0.010749 0.006179
0 0.349681 0.310837 0.010749 0.006179
0 0.388982 0.307747 0.010749 0.006179
0 0.454820 0.304895 0.010749 0.006179
0 0.515284 0.301806 0.010749 0.006179
0 0.553242 0.298954 0.010749 0.006179
0 0.590863 0.295865 0.010749 0.006179
0 0.651327 0.295865 0.010749 0.006179
0 0.689285 0.295865 0.010749 0.006179
0 0.740007 0.295865 0.010749 0.006179
0 0.767887 0.298954 0.010749 0.006179
0 0.795432 0.295865 0.010749 0.006179
0 0.823312 0.293013 0.010749 0.006179
0 0.851192 0.289924 0.010749 0.006179
0 0.923749 0.289924 0.010749 0.006179
0 0.153846 0.506654 0.010749 0.006179
0 0.177696 0.509743 0.010749 0.006179
0 0.201881 0.509743 0.010749 0.006179
0 0.225731 0.512595 0.010749 0.006179
0 0.258986 0.512595 0.010749 0.006179
0 0.282835 0.515684 0.010749 0.006179
0 0.306685 0.515684 0.010749 0.006179
0 0.330870 0.518536 0.010749 0.006179
0 0.371179 0.521625 0.010749 0.006179
0 0.399059 0.524477 0.010749 0.006179
0 0.426940 0.527567 0.010749 0.006179
0 0.458851 0.524477 0.010749 0.006179
0 0.491098 0.521625 0.010749 0.006179
0 0.541149 0.521625 0.010749 0.006179
0 0.606987 0.521625 0.010749 0.006179
0 0.645952 0.527567 0.010749 0.006179
0 0.690292 0.515684 0.010749 0.006179
0 0.728922 0.527567 0.010749 0.006179
0 0.778636 0.518536 0.010749 0.006179
0 0.804165 0.521625 0.010749 0.006179
0 0.825663 0.518536 0.010749 0.006179
0 0.847162 0.515684 0.010749 0.006179
0 0.868996 0.512595 0.010749 0.006179
0 0.911992 0.518536 0.010749 0.006179
0 0.934498 0.521625 0.010749 0.006179
0 0.150823 0.748574 0.010749 0.006179
0 0.197850 0.754515 0.010749 0.006179
0 0.246221 0.742633 0.010749 0.006179
0 0.293248 0.754515 0.010749 0.006179
0 0.351025 0.745722 0.010749 0.006179
0 0.381256 0.748574 0.010749 0.006179
0 0.411488 0.745722 0.010749 0.006179
0 0.441720 0.742633 0.010749 0.006179
0 0.472288 0.739781 0.010749 0.006179
0 0.520658 0.739781 0.010749 0.006179
0 0.590191 0.739781 0.010749 0.006179
0 0.626470 0.739781 0.010749 0.006179
0 0.662748 0.739781 0.010749 0.006179
0 0.699362 0.739781 0.010749 0.006179
0 0.721868 0.739781 0.010749 0.006179
0 0.767551 0.739781 0.010749 0.006179
0 0.814578 0.739781 0.010749 0.006179
0 0.861942 0.739781 0.010749 0.006179
0 0.908969 0.739781 0.010749 0.006179
