0 0.554249 0.409933 0.010749 0.007129
0 0.700705 0.409933 0.009070 0.005228
0 0.529056 0.842443 0.009070 0.005228
0 0.555257 0.847433 0.009070 0.005228
0 0.581122 0.842443 0.009070 0.005228
0 0.607323 0.839829 0.009070 0.005228
0 0.633524 0.837215 0.009070 0.005228
0 0.685590 0.839829 0.009070 0.005228
0 0.128317 0.417538 0.010413 0.005228
0 0.128317 0.402329 0.010413 0.005228
0 0.128317 0.397101 0.010413 0.005228
0 0.128317 0.392110 0.010413 0.005228
0 0.182062 0.417538 0.010413 0.005228
0 0.182062 0.402329 0.010413 0.005228
0 0.182062 0.394724 0.010413 0.005228
0 0.256298 0.414924 0.010413 0.005228
0 0.256298 0.402329 0.010413 0.005228
0 0.256298 0.392110 0.010413 0.005228
0 0.324152 0.407319 0.010413 0.005228
0 0.324152 0.402329 0.010413 0.005228
0 0.416191 0.412310 0.010413 0.005228
0 0.464562 0.414924 0.009070 0.005228
0 0.494793 0.412548 0.009070 0.005228
0 0.553913 0.399715 0.010413 0.005228
0 0.606315 0.392348 0.009070 0.005228
0 0.638898 0.394724 0.009070 0.005228
0 0.700705 0.397101 0.010413 0.005228
0 0.840779 0.412548 0.009070 0.005228
0 0.869667 0.407319 0.009070 0.005228
0 0.900571 0.409933 0.009070 0.005228
0 0.930467 0.412548 0.009070 0.005228
0 0.121935 0.839829 0.009070 0.005228
0 0.182734 0.839829 0.009070 0.005228
0 0.210615 0.842443 0.009070 0.005228
0 0.238159 0.844819 0.009070 0.005228
0 0.265704 0.847433 0.009070 0.005228
0 0.314410 0.839829 0.009070 0.005228
0 0.360430 0.839829 0.009070 0.005228
0 0.406114 0.839829 0.009070 0.005228
0 0.406114 0.834838 0.009070 0.005228
0 0.452133 0.842443 0.009070 0.005228
0 0.452133 0.837215 0.009070 0.005228
0 0.482029 0.844819 0.009070 0.005228
0 0.482029 0.839829 0.009070 0.005228
0 0.529056 0.829610 0.009070 0.005228
0 0.633524 0.829610 0.009070 0.005228
0 0.659725 0.832224 0.009070 0.005228
0 0.685590 0.834838 0.009070 0.005228
0 0.711790 0.837215 0.009070 0.005228
0 0.758818 0.839829 0.009070 0.005228
0 0.758818 0.829610 0.009070 0.005228
0 0.804837 0.842443 0.009070 0.005228
0 0.896876 0.842443 0.009070 0.005228
0 0.128317 0.361930 0.010413 0.005228
0 0.182062 0.366920 0.010413 0.005228
0 0.182062 0.361930 0.010413 0.005228
0 0.246221 0.361930 0.009070 0.005228
0 0.290225 0.359316 0.009070 0.005228
0 0.345650 0.366920 0.010413 0.005228
0 0.345650 0.361930 0.010413 0.005228
0 0.413504 0.366920 0.010413 0.005228
0 0.413504 0.361930 0.010413 0.005228
0 0.464562 0.369534 0.009070 0.005228
0 0.464562 0.364544 0.009070 0.005228
0 0.494793 0.366920 0.009070 0.005228
0 0.565334 0.361930 0.010413 0.005228
0 0.606315 0.364306 0.010413 0.005228
0 0.711454 0.364544 0.009070 0.005228
0 0.744709 0.364544 0.009070 0.005228
0 0.812227 0.372148 0.009070 0.005228
0 0.812227 0.366920 0.009070 0.005228
0 0.869667 0.377139 0.009070 0.005228
0 0.869667 0.372148 0.009070 0.005228
0 0.121935 0.811549 0.009070 0.005228
0 0.121935 0.806321 0.009070 0.005228
0 0.128317 0.351711 0.010413 0.005228
0 0.128317 0.346721 0.010413 0.005228
0 0.182062 0.354325 0.010413 0.005228
0 0.182062 0.349335 0.010413 0.005228
0 0.259993 0.364306 0.010413 0.005228
0 0.269735 0.361930 0.010413 0.005228
0 0.259993 0.351711 0.010413 0.005228
0 0.332885 0.369534 0.009070 0.005228
0 0.332885 0.356939 0.009070 0.005228
0 0.358415 0.372148 0.009070 0.005228
0 0.358415 0.354325 0.009070 0.005228
0 0.426940 0.359553 0.010749 0.007129
0 0.553913 0.359316 0.010413 0.005228
0 0.606315 0.356702 0.010413 0.005228
0 0.700705 0.361930 0.010413 0.005228
0 0.812227 0.361930 0.010413 0.005228
0 0.121935 0.798954 0.009070 0.005228
0 0.804837 0.806321 0.009070 0.005228
0 0.850857 0.808935 0.009070 0.005228
0 0.850857 0.803945 0.009070 0.005228
0 0.896876 0.811549 0.009070 0.005228
0 0.896876 0.806321 0.009070 0.005228
0 0.926772 0.813926 0.009070 0.005228
0 0.926772 0.808935 0.009070 0.005228
0 0.128317 0.280894 0.010413 0.005228
0 0.182062 0.280894 0.010413 0.005228
0 0.256298 0.278279 0.010413 0.005228
0 0.324152 0.270675 0.010413 0.005228
0 0.128317 0.265684 0.010413 0.005228
0 0.182062 0.265684 0.010413 0.005228
0 0.256298 0.265684 0.010413 0.005228
0 0.324152 0.265684 0.010413 0.005228
0 0.416191 0.275903 0.010413 0.005228
0 0.464562 0.278517 0.009070 0.005228
0 0.494793 0.275903 0.009070 0.005228
0 0.554249 0.273527 0.010749 0.007129
0 0.700705 0.273289 0.009070 0.005228
0 0.840779 0.275903 0.009070 0.005228
0 0.869667 0.270913 0.009070 0.005228
0 0.900571 0.273289 0.009070 0.005228
0 0.930467 0.275903 0.009070 0.005228
0 0.121935 0.723146 0.009070 0.005228
0 0.182734 0.723146 0.009070 0.005228
0 0.210615 0.725760 0.009070 0.005228
0 0.238159 0.728137 0.009070 0.005228
0 0.265704 0.730751 0.009070 0.005228
0 0.314410 0.723146 0.009070 0.005228
0 0.406114 0.723146 0.009070 0.005228
0 0.452133 0.725760 0.009070 0.005228
0 0.482029 0.728137 0.009070 0.005228
0 0.529056 0.725760 0.009070 0.005228
0 0.555257 0.730751 0.009070 0.005228
0 0.581122 0.725760 0.009070 0.005228
0 0.607323 0.723146 0.009070 0.005228
0 0.633524 0.720770 0.009070 0.005228
0 0.685590 0.723146 0.009070 0.005228
0 0.758818 0.723146 0.009070 0.005228
0 0.804837 0.725760 0.009070 0.005228
0 0.896876 0.725760 0.009070 0.005228
0 0.256298 0.199857 0.010413 0.005228
0 0.334901 0.200095 0.009070 0.005228
0 0.358415 0.202471 0.009070 0.005228
0 0.128317 0.205086 0.010413 0.005228
0 0.128317 0.199857 0.010413 0.005228
0 0.182062 0.202471 0.010413 0.005228
0 0.182062 0.197481 0.010413 0.005228
0 0.256298 0.194867 0.010413 0.005228
0 0.324152 0.197481 0.010413 0.005228
0 0.416191 0.197481 0.010413 0.005228
0 0.464562 0.194867 0.009070 0.005228
0 0.494793 0.197481 0.009070 0.005228
0 0.553913 0.207462 0.010413 0.005228
0 0.606315 0.200095 0.009070 0.005228
0 0.638898 0.202471 0.009070 0.005228
0 0.700705 0.205086 0.010413 0.005228
0 0.812227 0.202471 0.009070 0.005228
0 0.869667 0.207700 0.009070 0.005228
0 0.121935 0.667063 0.009070 0.005228
0 0.360430 0.672053 0.009070 0.005228
0 0.406114 0.667063 0.009070 0.005228
0 0.452133 0.669677 0.009070 0.005228
0 0.482029 0.672053 0.009070 0.005228
0 0.529056 0.662072 0.009070 0.005228
0 0.633524 0.662072 0.009070 0.005228
0 0.659725 0.664449 0.009070 0.005228
0 0.685590 0.667063 0.009070 0.005228
0 0.711790 0.669677 0.009070 0.005228
0 0.758818 0.662072 0.009070 0.005228
0 0.850857 0.664449 0.009070 0.005228
0 0.896876 0.667063 0.009070 0.005228
0 0.926772 0.669677 0.009070 0.005228
0 0.128317 0.144487 0.010413 0.005228
0 0.182062 0.144487 0.010413 0.005228
0 0.256634 0.144487 0.010749 0.007129
0 0.416191 0.144487 0.010413 0.005228
0 0.464562 0.152091 0.009070 0.005228
0 0.494793 0.149477 0.009070 0.005228
0 0.553913 0.144487 0.010413 0.005228
0 0.606315 0.147101 0.010413 0.005228
0 0.700705 0.147101 0.009070 0.005228
0 0.744709 0.147101 0.009070 0.005228
0 0.812227 0.149477 0.009070 0.005228
0 0.869667 0.154705 0.009070 0.005228
0 0.121935 0.622148 0.009070 0.005228
0 0.804837 0.622148 0.009070 0.005228
0 0.850857 0.619534 0.009070 0.005228
0 0.896876 0.622148 0.009070 0.005228
0 0.926772 0.624762 0.009070 0.005228
0 0.256298 0.084125 0.009070 0.005228
0 0.290225 0.081511 0.009070 0.005228
0 0.324152 0.078897 0.009070 0.005228
0 0.358415 0.076521 0.009070 0.005228
0 0.128317 0.073907 0.010413 0.005228
0 0.128317 0.068679 0.010413 0.005228
0 0.182062 0.076283 0.010413 0.005228
0 0.182062 0.071293 0.010413 0.005228
0 0.256298 0.073907 0.010413 0.005228
0 0.416191 0.081511 0.010749 0.007129
0 0.553913 0.081511 0.010413 0.005228
0 0.606315 0.078897 0.010413 0.005228
0 0.700705 0.083888 0.010413 0.005228
0 0.812227 0.083888 0.010413 0.005228
0 0.121935 0.561549 0.009070 0.005228
