0 0.153846 0.233127 0.010749 0.006179
0 0.212294 0.230038 0.010749 0.006179
0 0.271078 0.227186 0.010749 0.006179
0 0.422237 0.224097 0.010749 0.006179
0 0.476654 0.221245 0.010749 0.006179
0 0.531072 0.218156 0.010749 0.006179
0 0.585489 0.235979 0.010749 0.006179
0 0.585489 0.224097 0.010749 0.006179
0 0.674169 0.247861 0.010749 0.006179
0 0.674169 0.227186 0.010749 0.006179
0 0.748069 0.247861 0.010749 0.006179
0 0.748069 0.227186 0.010749 0.006179
0 0.823312 0.247861 0.010749 0.006179
0 0.823312 0.227186 0.010749 0.006179
0 0.882432 0.247861 0.010749 0.006179
0 0.882432 0.227186 0.010749 0.006179
0 0.143769 0.466968 0.010749 0.006179
0 0.143769 0.446293 0.010749 0.006179
0 0.214310 0.466968 0.010749 0.006179
0 0.214310 0.446293 0.010749 0.006179
0 0.284515 0.466968 0.010749 0.006179
0 0.284515 0.446293 0.010749 0.006179
0 0.354720 0.466968 0.010749 0.006179
0 0.354720 0.446293 0.010749 0.006179
0 0.442728 0.470057 0.010749 0.006179
0 0.442728 0.449144 0.010749 0.006179
0 0.505207 0.470057 0.010749 0.006179
0 0.505207 0.449144 0.010749 0.006179
0 0.567350 0.466968 0.010749 0.006179
0 0.567350 0.446293 0.010749 0.006179
0 0.629829 0.466968 0.010749 0.006179
0 0.629829 0.446293 0.010749 0.006179
0 0.720524 0.455086 0.010749 0.006179
0 0.720524 0.443203 0.010749 0.006179
0 0.782667 0.455086 0.010749 0.006179
0 0.782667 0.443203 0.010749 0.006179
0 0.844474 0.455086 0.010749 0.006179
0 0.844474 0.443203 0.010749 0.006179
0 0.894189 0.455086 0.010749 0.006179
0 0.894189 0.443203 0.010749 0.006179
0 0.143769 0.685599 0.010749 0.006179
0 0.143769 0.664686 0.010749 0.006179
0 0.213974 0.685599 0.010749 0.006179
0 0.213974 0.664686 0.010749 0.006179
0 0.286866 0.685599 0.010749 0.006179
0 0.286866 0.664686 0.010749 0.006179
0 0.342963 0.685599 0.010749 0.006179
0 0.342963 0.664686 0.010749 0.006179
0 0.442728 0.676568 0.010749 0.006179
0 0.442728 0.661835 0.010749 0.006179
0 0.507222 0.682510 0.010749 0.006179
0 0.507222 0.661835 0.010749 0.006179
0 0.571716 0.673717 0.010749 0.006179
0 0.571716 0.661835 0.010749 0.006179
0 0.636211 0.673717 0.010749 0.006179
0 0.636211 0.652804 0.010749 0.006179
0 0.718509 0.670627 0.010749 0.006179
0 0.718509 0.658745 0.010749 0.006179
0 0.767551 0.670627 0.010749 0.006179
0 0.767551 0.658745 0.010749 0.006179
0 0.828687 0.676568 0.010749 0.006179
0 0.828687 0.661835 0.010749 0.006179
0 0.890158 0.676568 0.010749 0.006179
0 0.890158 0.661835 0.010749 0.006179
0 0.143769 0.888070 0.010749 0.006179
0 0.143769 0.873099 0.010749 0.006179
0 0.182062 0.888070 0.010749 0.006179
0 0.182062 0.876188 0.010749 0.006179
0 0.182062 0.870247 0.010749 0.006179
0 0.229762 0.879040 0.010749 0.006179
0 0.229762 0.873099 0.010749 0.006179
0 0.328855 0.879040 0.010749 0.006179
0 0.328855 0.873099 0.010749 0.006179
0 0.328855 0.867158 0.010749 0.006179
0 0.328855 0.858365 0.010749 0.006179
0 0.372523 0.879040 0.010749 0.006179
0 0.372523 0.873099 0.010749 0.006179
0 0.372523 0.867158 0.010749 0.006179
0 0.372523 0.858365 0.010749 0.006179
0 0.416527 0.879040 0.010749 0.006179
0 0.416527 0.873099 0.010749 0.006179
0 0.416527 0.867158 0.010749 0.006179
0 0.416527 0.858365 0.010749 0.006179
0 0.451461 0.873099 0.010749 0.006179
0 0.451461 0.858365 0.010749 0.006179
0 0.511253 0.870247 0.010749 0.006179
0 0.511253 0.858365 0.010749 0.006179
0 0.548875 0.876188 0.010749 0.006179
0 0.548875 0.855276 0.010749 0.006179
0 0.586832 0.867158 0.010749 0.006179
0 0.586832 0.855276 0.010749 0.006179
0 0.632852 0.867158 0.010749 0.006179
0 0.632852 0.855276 0.010749 0.006179
0 0.669466 0.864306 0.010749 0.006179
0 0.669466 0.858365 0.010749 0.006179
0 0.702721 0.873099 0.010749 0.006179
0 0.702721 0.858365 0.010749 0.006179
0 0.744038 0.870247 0.010749 0.006179
0 0.744038 0.858365 0.010749 0.006179
0 0.785690 0.890922 0.010749 0.006179
0 0.785690 0.876188 0.010749 0.006179
0 0.837084 0.888070 0.010749 0.006179
0 0.837084 0.873099 0.010749 0.006179
0 0.871347 0.888070 0.010749 0.006179
0 0.871347 0.876188 0.010749 0.006179
0 0.871347 0.870247 0.010749 0.006179
0 0.914343 0.879040 0.010749 0.006179
0 0.914343 0.873099 0.010749 0.006179
0 0.669466 0.825570 0.010749 0.006179
0 0.702721 0.819629 0.010749 0.006179
0 0.744038 0.822719 0.010749 0.006179
0 0.837084 0.831511 0.010749 0.006179
0 0.871347 0.834601 0.010749 0.006179
0 0.914343 0.831511 0.010749 0.006179
0 0.153846 0.185599 0.010749 0.006179
0 0.153846 0.179658 0.010749 0.006179
0 0.212294 0.185599 0.010749 0.006179
0 0.212294 0.176568 0.010749 0.006179
0 0.271078 0.185599 0.010749 0.006179
0 0.271078 0.173717 0.010749 0.006179
0 0.422237 0.185599 0.010749 0.006179
0 0.422237 0.170627 0.010749 0.006179
0 0.476654 0.185599 0.010749 0.006179
0 0.476654 0.167776 0.010749 0.006179
0 0.531072 0.185599 0.010749 0.006179
0 0.531072 0.164686 0.010749 0.006179
0 0.585489 0.188451 0.010749 0.006179
0 0.585489 0.182510 0.010749 0.006179
0 0.585489 0.170627 0.010749 0.006179
0 0.674169 0.188451 0.010749 0.006179
0 0.674169 0.179658 0.010749 0.006179
0 0.674169 0.173717 0.010749 0.006179
0 0.748069 0.188451 0.010749 0.006179
0 0.748069 0.179658 0.010749 0.006179
0 0.748069 0.173717 0.010749 0.006179
0 0.823312 0.188451 0.010749 0.006179
0 0.823312 0.179658 0.010749 0.006179
0 0.823312 0.173717 0.010749 0.006179
0 0.882432 0.188451 0.010749 0.006179
0 0.882432 0.179658 0.010749 0.006179
0 0.882432 0.173717 0.010749 0.006179
0 0.143769 0.407557 0.010749 0.006179
0 0.143769 0.398764 0.010749 0.006179
0 0.143769 0.392823 0.010749 0.006179
0 0.214310 0.407557 0.010749 0.006179
0 0.214310 0.398764 0.010749 0.006179
0 0.214310 0.392823 0.010749 0.006179
0 0.284515 0.407557 0.010749 0.006179
0 0.284515 0.398764 0.010749 0.006179
0 0.284515 0.392823 0.010749 0.006179
0 0.354720 0.407557 0.010749 0.006179
0 0.354720 0.398764 0.010749 0.006179
0 0.354720 0.392823 0.010749 0.006179
0 0.442728 0.407557 0.010749 0.006179
0 0.442728 0.395675 0.010749 0.006179
0 0.442728 0.389734 0.010749 0.006179
0 0.505207 0.407557 0.010749 0.006179
0 0.505207 0.395675 0.010749 0.006179
0 0.505207 0.389734 0.010749 0.006179
0 0.567350 0.407557 0.010749 0.006179
0 0.567350 0.398764 0.010749 0.006179
0 0.567350 0.392823 0.010749 0.006179
0 0.629829 0.407557 0.010749 0.006179
0 0.629829 0.398764 0.010749 0.006179
0 0.629829 0.392823 0.010749 0.006179
0 0.720524 0.407557 0.010749 0.006179
0 0.720524 0.401616 0.010749 0.006179
0 0.720524 0.395675 0.010749 0.006179
0 0.782667 0.407557 0.010749 0.006179
0 0.782667 0.401616 0.010749 0.006179
0 0.782667 0.395675 0.010749 0.006179
0 0.844474 0.407557 0.010749 0.006179
0 0.844474 0.401616 0.010749 0.006179
0 0.844474 0.395675 0.010749 0.006179
0 0.894189 0.407557 0.010749 0.006179
0 0.894189 0.401616 0.010749 0.006179
0 0.894189 0.395675 0.010749 0.006179
0 0.143769 0.626188 0.010749 0.006179
0 0.143769 0.617158 0.010749 0.006179
0 0.143769 0.611217 0.010749 0.006179
0 0.213974 0.626188 0.010749 0.006179
0 0.213974 0.617158 0.010749 0.006179
0 0.213974 0.611217 0.010749 0.006179
0 0.286866 0.626188 0.010749 0.006179
0 0.286866 0.617158 0.010749 0.006179
0 0.286866 0.611217 0.010749 0.006179
0 0.342963 0.626188 0.010749 0.006179
0 0.342963 0.617158 0.010749 0.006179
0 0.342963 0.611217 0.010749 0.006179
0 0.442728 0.623099 0.010749 0.006179
0 0.442728 0.614306 0.010749 0.006179
0 0.442728 0.608365 0.010749 0.006179
0 0.507222 0.623099 0.010749 0.006179
0 0.507222 0.614306 0.010749 0.006179
0 0.507222 0.608365 0.010749 0.006179
0 0.571716 0.620247 0.010749 0.006179
0 0.571716 0.614306 0.010749 0.006179
0 0.571716 0.608365 0.010749 0.006179
0 0.636211 0.620247 0.010749 0.006179
0 0.636211 0.614306 0.010749 0.006179
0 0.636211 0.608365 0.010749 0.006179
0 0.718509 0.617158 0.010749 0.006179
0 0.718509 0.611217 0.010749 0.006179
0 0.767551 0.617158 0.010749 0.006179
0 0.767551 0.611217 0.010749 0.006179
0 0.828687 0.623099 0.010749 0.006179
0 0.828687 0.614306 0.010749 0.006179
0 0.828687 0.608365 0.010749 0.006179
0 0.890158 0.623099 0.010749 0.006179
0 0.890158 0.614306 0.010749 0.006179
0 0.890158 0.608365 0.010749 0.006179
0 0.143769 0.840542 0.010749 0.006179
0 0.143769 0.831511 0.010749 0.006179
0 0.143769 0.825570 0.010749 0.006179
0 0.182062 0.840542 0.010749 0.006179
0 0.182062 0.834601 0.010749 0.006179
0 0.182062 0.828660 0.010749 0.006179
0 0.229762 0.840542 0.010749 0.006179
0 0.229762 0.831511 0.010749 0.006179
0 0.268055 0.825570 0.010749 0.006179
0 0.291905 0.822719 0.010749 0.006179
0 0.328855 0.819629 0.010749 0.006179
0 0.350689 0.825570 0.010749 0.006179
0 0.372523 0.819629 0.010749 0.006179
0 0.394357 0.810837 0.010749 0.006179
0 0.416527 0.804895 0.010749 0.006179
0 0.451461 0.819629 0.010749 0.006179
0 0.476318 0.819629 0.010749 0.006179
0 0.511253 0.817253 0.010749 0.006179
0 0.548875 0.822719 0.010749 0.006179
0 0.548875 0.807747 0.010749 0.006179
0 0.586832 0.822719 0.010749 0.006179
0 0.586832 0.813688 0.010749 0.006179
0 0.632852 0.822719 0.010749 0.006179
0 0.632852 0.813688 0.010749 0.006179
0 0.669466 0.810837 0.010749 0.006179
0 0.702721 0.810837 0.010749 0.006179
0 0.723547 0.813688 0.010749 0.006179
0 0.744038 0.810837 0.010749 0.006179
0 0.764864 0.816778 0.010749 0.006179
0 0.785690 0.823194 0.010749 0.006179
0 0.806181 0.828660 0.010749 0.006179
0 0.837084 0.831511 0.010749 0.006179
0 0.871347 0.825570 0.010749 0.006179
0 0.892845 0.828660 0.010749 0.006179
0 0.914343 0.831511 0.010749 0.006179
0 0.153846 0.086977 0.010749 0.006179
0 0.212294 0.086977 0.010749 0.006179
0 0.271078 0.086977 0.010749 0.006179
0 0.329526 0.086977 0.010749 0.006179
0 0.366140 0.086977 0.010749 0.006179
0 0.422237 0.086977 0.010749 0.006179
0 0.476654 0.086977 0.010749 0.006179
0 0.531072 0.086977 0.010749 0.006179
0 0.585489 0.090067 0.010749 0.006179
0 0.619416 0.092918 0.010749 0.006179
0 0.674169 0.096008 0.010749 0.006179
0 0.711119 0.098859 0.010749 0.006179
0 0.748069 0.096008 0.010749 0.006179
0 0.785018 0.092918 0.010749 0.006179
0 0.823312 0.090067 0.010749 0.006179
0 0.882432 0.086977 0.010749 0.006179
0 0.919046 0.084125 0.010749 0.006179
0 0.143769 0.310599 0.010749 0.006179
0 0.214310 0.325570 0.010749 0.006179
0 0.284515 0.319629 0.010749 0.006179
0 0.354720 0.319629 0.010749 0.006179
0 0.442728 0.319629 0.010749 0.006179
0 0.505207 0.322481 0.010749 0.006179
0 0.567350 0.322481 0.010749 0.006179
0 0.629829 0.325570 0.010749 0.006179
0 0.668794 0.325570 0.010749 0.006179
0 0.720524 0.325570 0.010749 0.006179
0 0.751764 0.328422 0.010749 0.006179
0 0.782667 0.322481 0.010749 0.006179
0 0.813571 0.325570 0.010749 0.006179
0 0.844474 0.328422 0.010749 0.006179
0 0.894189 0.325570 0.010749 0.006179
0 0.925092 0.322481 0.010749 0.006179
0 0.143769 0.538736 0.010749 0.006179
0 0.178703 0.544677 0.010749 0.006179
0 0.213974 0.538736 0.010749 0.006179
0 0.248908 0.529705 0.010749 0.006179
0 0.286866 0.523764 0.010749 0.006179
0 0.342963 0.538736 0.010749 0.006179
0 0.377897 0.538736 0.010749 0.006179
0 0.442728 0.535646 0.010749 0.006179
0 0.507222 0.526854 0.010749 0.006179
0 0.571716 0.532795 0.010749 0.006179
0 0.636211 0.532795 0.010749 0.006179
0 0.718509 0.529705 0.010749 0.006179
0 0.767551 0.529705 0.010749 0.006179
0 0.798119 0.532795 0.010749 0.006179
0 0.828687 0.529705 0.010749 0.006179
0 0.859254 0.535646 0.010749 0.006179
0 0.890158 0.541587 0.010749 0.006179
0 0.925428 0.547529 0.010749 0.006179
0 0.143769 0.769011 0.010749 0.006179
0 0.182062 0.763070 0.010749 0.006179
0 0.205912 0.766160 0.010749 0.006179
0 0.229762 0.769011 0.010749 0.006179
