0 0.301310 0.888308 0.008734 0.004515
0 0.414511 0.888308 0.008734 0.004515
0 0.624454 0.888308 0.007726 0.004278
0 0.656365 0.892586 0.007726 0.004278
0 0.700705 0.894487 0.008734 0.004515
0 0.763184 0.894724 0.007726 0.004278
0 0.794088 0.896863 0.007726 0.004278
0 0.844138 0.890447 0.008734 0.004515
0 0.907625 0.890447 0.008734 0.004515
0 0.692980 0.403992 0.007726 0.004278
0 0.756130 0.406131 0.007726 0.004278
0 0.828351 0.408270 0.007726 0.004278
0 0.923413 0.406131 0.007726 0.004278
0 0.137723 0.888308 0.007726 0.004278
0 0.157877 0.886169 0.007726 0.004278
0 0.178367 0.886169 0.007726 0.004278
0 0.207927 0.886169 0.007726 0.004278
0 0.228754 0.888308 0.007726 0.004278
0 0.249916 0.886169 0.007726 0.004278
0 0.270742 0.890447 0.007726 0.004278
0 0.301310 0.896625 0.008734 0.004515
0 0.414175 0.896863 0.007726 0.004278
0 0.457843 0.892586 0.007726 0.004278
0 0.533087 0.888308 0.007726 0.004278
0 0.574068 0.882129 0.007726 0.004278
0 0.656365 0.888308 0.007726 0.004278
0 0.700705 0.890447 0.008734 0.004515
0 0.763184 0.890447 0.007726 0.004278
0 0.794088 0.884030 0.007726 0.004278
0 0.844138 0.884030 0.008734 0.004515
0 0.844138 0.877852 0.008734 0.004515
0 0.907625 0.877852 0.008734 0.004515
0 0.128989 0.403992 0.007726 0.004278
0 0.180719 0.401854 0.007726 0.004278
0 0.226738 0.401854 0.007726 0.004278
0 0.277125 0.403992 0.007726 0.004278
0 0.328855 0.401854 0.007726 0.004278
0 0.374538 0.401854 0.007726 0.004278
0 0.425260 0.403992 0.007726 0.004278
0 0.477326 0.401854 0.007726 0.004278
0 0.523682 0.401854 0.007726 0.004278
0 0.557608 0.399715 0.007726 0.004278
0 0.589184 0.399715 0.007726 0.004278
0 0.620423 0.399715 0.007726 0.004278
0 0.651999 0.401854 0.007726 0.004278
0 0.651999 0.397576 0.007726 0.004278
0 0.693315 0.399715 0.008734 0.004515
0 0.828351 0.399715 0.007726 0.004278
0 0.859926 0.397576 0.007726 0.004278
0 0.891502 0.399715 0.007726 0.004278
0 0.923413 0.401854 0.007726 0.004278
0 0.117232 0.890447 0.007726 0.004278
0 0.137723 0.892586 0.007726 0.004278
0 0.157877 0.894724 0.007726 0.004278
0 0.178367 0.896863 0.007726 0.004278
0 0.207927 0.898764 0.007726 0.004278
0 0.249916 0.896863 0.007726 0.004278
0 0.270742 0.894724 0.007726 0.004278
0 0.301310 0.881892 0.008734 0.004515
0 0.414511 0.881892 0.008734 0.004515
0 0.533087 0.882129 0.007726 0.004278
0 0.574068 0.882129 0.007726 0.004278
0 0.624454 0.882129 0.007726 0.004278
0 0.656365 0.882129 0.007726 0.004278
0 0.700705 0.884030 0.008734 0.004515
0 0.763184 0.884030 0.007726 0.004278
0 0.794088 0.888308 0.007726 0.004278
0 0.794088 0.877852 0.007726 0.004278
0 0.836412 0.888308 0.008734 0.004515
0 0.836412 0.881892 0.008734 0.004515
0 0.907625 0.886169 0.008734 0.004515
0 0.417534 0.845770 0.008734 0.004515
0 0.533087 0.845770 0.007726 0.004278
0 0.624454 0.845770 0.007726 0.004278
0 0.692308 0.843631 0.008734 0.004515
0 0.756130 0.843631 0.007726 0.004278
0 0.425260 0.368346 0.007726 0.004278
0 0.477326 0.366207 0.007726 0.004278
0 0.724555 0.361930 0.007726 0.004278
0 0.756130 0.359791 0.007726 0.004278
0 0.787706 0.364068 0.007726 0.004278
0 0.828351 0.357652 0.007726 0.004278
0 0.923413 0.355513 0.007726 0.004278
0 0.117232 0.854325 0.007726 0.004278
0 0.137723 0.850048 0.007726 0.004278
0 0.157877 0.847909 0.007726 0.004278
0 0.178367 0.845770 0.007726 0.004278
0 0.207927 0.847909 0.007726 0.004278
0 0.249916 0.850048 0.007726 0.004278
0 0.270742 0.852186 0.007726 0.004278
0 0.308364 0.843631 0.007726 0.004278
0 0.352032 0.845770 0.007726 0.004278
0 0.414175 0.841492 0.007726 0.004278
0 0.457843 0.835314 0.007726 0.004278
0 0.533087 0.835314 0.007726 0.004278
0 0.574068 0.845770 0.007726 0.004278
0 0.624454 0.841492 0.007726 0.004278
0 0.656365 0.841492 0.007726 0.004278
0 0.700705 0.841492 0.008734 0.004515
0 0.763184 0.841492 0.007726 0.004278
0 0.794088 0.841492 0.007726 0.004278
0 0.907625 0.843631 0.008734 0.004515
0 0.277125 0.368346 0.007726 0.004278
0 0.328855 0.366207 0.007726 0.004278
0 0.425260 0.364068 0.008734 0.004515
0 0.557608 0.364068 0.008734 0.004515
0 0.693315 0.364068 0.008734 0.004515
0 0.828351 0.364068 0.007726 0.004278
0 0.859926 0.361930 0.007726 0.004278
0 0.891502 0.364068 0.007726 0.004278
0 0.923413 0.366207 0.007726 0.004278
0 0.117232 0.839354 0.007726 0.004278
0 0.137723 0.841492 0.007726 0.004278
0 0.157877 0.843631 0.007726 0.004278
0 0.178367 0.845770 0.007726 0.004278
0 0.207927 0.843631 0.007726 0.004278
0 0.270742 0.843631 0.007726 0.004278
0 0.301310 0.841492 0.007726 0.004278
0 0.352032 0.835314 0.007726 0.004278
0 0.417534 0.831036 0.008734 0.004515
0 0.533087 0.831036 0.007726 0.004278
0 0.574068 0.841492 0.007726 0.004278
0 0.624454 0.835314 0.007726 0.004278
0 0.656365 0.835314 0.007726 0.004278
0 0.656365 0.831036 0.007726 0.004278
0 0.700705 0.833175 0.008734 0.004515
0 0.700705 0.826759 0.008734 0.004515
0 0.763184 0.833175 0.007726 0.004278
0 0.763184 0.826759 0.007726 0.004278
0 0.794088 0.833175 0.007726 0.004278
0 0.794088 0.826759 0.007726 0.004278
0 0.836412 0.835314 0.008734 0.004515
0 0.836412 0.826759 0.008734 0.004515
0 0.907625 0.835314 0.008734 0.004515
0 0.907625 0.828897 0.008734 0.004515
0 0.128989 0.302994 0.007726 0.004278
0 0.180719 0.300856 0.007726 0.004278
0 0.226738 0.300856 0.007726 0.004278
0 0.277125 0.298717 0.007726 0.004278
0 0.328855 0.296578 0.007726 0.004278
0 0.425260 0.294439 0.008734 0.004515
0 0.589184 0.298717 0.007726 0.004278
0 0.620423 0.298717 0.007726 0.004278
0 0.651999 0.300856 0.007726 0.004278
0 0.692980 0.302994 0.007726 0.004278
0 0.756130 0.305133 0.007726 0.004278
0 0.828351 0.307272 0.007726 0.004278
0 0.923413 0.305133 0.007726 0.004278
0 0.117232 0.779705 0.007726 0.004278
0 0.137723 0.777567 0.007726 0.004278
0 0.157877 0.775428 0.007726 0.004278
0 0.178367 0.775428 0.007726 0.004278
0 0.207927 0.775428 0.007726 0.004278
0 0.228754 0.777567 0.007726 0.004278
0 0.249916 0.775428 0.007726 0.004278
0 0.270742 0.779705 0.007726 0.004278
0 0.301310 0.777567 0.008734 0.004515
0 0.414511 0.777567 0.008734 0.004515
0 0.533087 0.771150 0.008734 0.004515
0 0.624454 0.777567 0.007726 0.004278
0 0.656365 0.781844 0.007726 0.004278
0 0.700705 0.783745 0.008734 0.004515
0 0.763184 0.783745 0.007726 0.004278
0 0.794088 0.785884 0.007726 0.004278
0 0.836412 0.779468 0.008734 0.004515
0 0.907625 0.779468 0.008734 0.004515
0 0.277125 0.253089 0.007726 0.004278
0 0.328855 0.250951 0.007726 0.004278
0 0.374538 0.250951 0.007726 0.004278
0 0.425260 0.248812 0.007726 0.004278
0 0.477326 0.246673 0.007726 0.004278
0 0.557608 0.244534 0.008734 0.004515
0 0.693315 0.244534 0.008734 0.004515
0 0.828351 0.244534 0.007726 0.004278
0 0.859926 0.246673 0.007726 0.004278
0 0.891502 0.248812 0.007726 0.004278
0 0.923413 0.250951 0.007726 0.004278
0 0.117232 0.719344 0.007726 0.004278
0 0.137723 0.721483 0.007726 0.004278
0 0.157877 0.723622 0.007726 0.004278
0 0.178367 0.725760 0.007726 0.004278
0 0.207927 0.727662 0.007726 0.004278
0 0.249916 0.725760 0.007726 0.004278
0 0.270742 0.723622 0.007726 0.004278
0 0.301310 0.725523 0.008734 0.004515
0 0.414175 0.725760 0.007726 0.004278
0 0.457843 0.721483 0.007726 0.004278
0 0.533087 0.717205 0.007726 0.004278
0 0.574068 0.711027 0.007726 0.004278
0 0.624454 0.711027 0.007726 0.004278
0 0.656365 0.717205 0.007726 0.004278
0 0.700705 0.719344 0.008734 0.004515
0 0.763184 0.719344 0.007726 0.004278
0 0.794088 0.717205 0.007726 0.004278
0 0.836412 0.712928 0.008734 0.004515
0 0.907625 0.715067 0.008734 0.004515
0 0.425260 0.210314 0.007726 0.004278
0 0.477326 0.208175 0.007726 0.004278
0 0.523682 0.208175 0.007726 0.004278
0 0.557608 0.206036 0.007726 0.004278
0 0.651999 0.203897 0.007726 0.004278
0 0.693315 0.206036 0.008734 0.004515
0 0.828351 0.206036 0.007726 0.004278
0 0.859926 0.199857 0.007726 0.004278
0 0.891502 0.201996 0.007726 0.004278
0 0.923413 0.203897 0.007726 0.004278
0 0.117232 0.667776 0.007726 0.004278
0 0.137723 0.663498 0.007726 0.004278
0 0.157877 0.661359 0.007726 0.004278
0 0.178367 0.659221 0.007726 0.004278
0 0.207927 0.661359 0.007726 0.004278
0 0.249916 0.663498 0.007726 0.004278
0 0.270742 0.665637 0.007726 0.004278
0 0.301310 0.663498 0.008734 0.004515
0 0.414511 0.663498 0.008734 0.004515
0 0.533087 0.663498 0.008734 0.004515
0 0.624454 0.663498 0.007726 0.004278
0 0.656365 0.663498 0.007726 0.004278
0 0.700705 0.665637 0.008734 0.004515
0 0.763184 0.665637 0.007726 0.004278
0 0.794088 0.665637 0.007726 0.004278
0 0.836412 0.669677 0.008734 0.004515
0 0.907625 0.667538 0.008734 0.004515
0 0.724555 0.155656 0.007726 0.004278
0 0.756130 0.153517 0.007726 0.004278
0 0.787706 0.157795 0.007726 0.004278
0 0.828351 0.151378 0.007726 0.004278
0 0.923413 0.149240 0.007726 0.004278
0 0.117232 0.597196 0.007726 0.004278
0 0.137723 0.599097 0.007726 0.004278
0 0.157877 0.601236 0.007726 0.004278
0 0.178367 0.603375 0.007726 0.004278
0 0.207927 0.601236 0.007726 0.004278
0 0.270742 0.601236 0.007726 0.004278
0 0.301310 0.601236 0.007726 0.004278
0 0.352032 0.603375 0.007726 0.004278
0 0.414511 0.603375 0.008734 0.004515
0 0.533087 0.603375 0.007726 0.004278
0 0.574068 0.599097 0.007726 0.004278
0 0.624454 0.603375 0.007726 0.004278
0 0.656365 0.607652 0.007726 0.004278
0 0.700705 0.601236 0.008734 0.004515
0 0.763184 0.601236 0.007726 0.004278
0 0.794088 0.603375 0.007726 0.004278
0 0.836412 0.603375 0.008734 0.004515
0 0.907625 0.603375 0.008734 0.004515
0 0.352032 0.552994 0.007726 0.004278
0 0.414175 0.548717 0.007726 0.004278
0 0.457843 0.542538 0.007726 0.004278
0 0.533087 0.542538 0.007726 0.004278
0 0.574068 0.552994 0.007726 0.004278
0 0.624454 0.548717 0.007726 0.004278
0 0.656365 0.548717 0.007726 0.004278
0 0.700705 0.548717 0.008734 0.004515
0 0.763184 0.548717 0.007726 0.004278
0 0.794088 0.548717 0.007726 0.004278
0 0.836412 0.557034 0.008734 0.004515
0 0.907625 0.550856 0.008734 0.004515
0 0.301310 0.495247 0.007726 0.004278
0 0.352032 0.489068 0.007726 0.004278
0 0.414511 0.484791 0.008734 0.004515
0 0.533087 0.484791 0.007726 0.004278
0 0.574068 0.495247 0.007726 0.004278
0 0.624454 0.489068 0.007726 0.004278
0 0.656365 0.489068 0.007726 0.004278
0 0.656365 0.484791 0.007726 0.004278
0 0.700705 0.486930 0.008734 0.004515
0 0.700705 0.480513 0.008734 0.004515
0 0.763184 0.486930 0.007726 0.004278
0 0.763184 0.480513 0.007726 0.004278
0 0.794088 0.486930 0.007726 0.004278
0 0.794088 0.480513 0.007726 0.004278
0 0.836412 0.489068 0.008734 0.004515
0 0.836412 0.480513 0.008734 0.004515
0 0.907625 0.489068 0.008734 0.004515
0 0.907625 0.482652 0.008734 0.004515
