0 0.347665 0.487643 0.007726 0.004515
0 0.422237 0.481226 0.007726 0.004515
0 0.520322 0.487643 0.007726 0.004515
0 0.570709 0.496435 0.007726 0.004515
0 0.621095 0.500951 0.007726 0.004515
0 0.688277 0.507367 0.007726 0.004515
0 0.743702 0.507367 0.007726 0.004515
0 0.772254 0.505228 0.007726 0.004515
0 0.863621 0.490019 0.007726 0.004515
0 0.909305 0.492158 0.007726 0.004515
0 0.116224 0.884030 0.007726 0.004515
0 0.204904 0.886169 0.007726 0.004515
0 0.293248 0.888546 0.007726 0.004515
0 0.337588 0.886169 0.007726 0.004515
0 0.397716 0.881892 0.007726 0.004515
0 0.459523 0.879753 0.007726 0.004515
0 0.491098 0.877376 0.007726 0.004515
0 0.560632 0.877376 0.007726 0.004515
0 0.674169 0.877376 0.007726 0.004515
0 0.771246 0.877376 0.007726 0.004515
0 0.808868 0.879753 0.007726 0.004515
0 0.853880 0.881892 0.007726 0.004515
0 0.898892 0.875238 0.007726 0.004515
0 0.347665 0.487643 0.007726 0.004515
0 0.422237 0.481226 0.007726 0.004515
0 0.520322 0.487643 0.007726 0.004515
0 0.570709 0.487643 0.007726 0.004515
0 0.621095 0.490019 0.007726 0.004515
0 0.688277 0.496435 0.007726 0.004515
0 0.743702 0.487643 0.007726 0.004515
0 0.772254 0.490019 0.007726 0.004515
0 0.863621 0.485504 0.007726 0.004515
0 0.116224 0.875238 0.007726 0.004515
0 0.204904 0.875238 0.007726 0.004515
0 0.293248 0.877376 0.007726 0.004515
0 0.397716 0.870960 0.007726 0.004515
0 0.459523 0.870960 0.007726 0.004515
0 0.491098 0.870960 0.007726 0.004515
0 0.560632 0.873099 0.007726 0.004515
0 0.611354 0.873099 0.007726 0.004515
0 0.674169 0.873099 0.007726 0.004515
0 0.763856 0.875238 0.007726 0.004515
0 0.808868 0.875238 0.007726 0.004515
0 0.853880 0.873099 0.007726 0.004515
0 0.898892 0.870960 0.007726 0.004515
0 0.347665 0.445817 0.007726 0.004515
0 0.422237 0.439401 0.007726 0.004515
0 0.520322 0.445817 0.007726 0.004515
0 0.570709 0.454610 0.007726 0.004515
0 0.688277 0.454610 0.007726 0.004515
0 0.743702 0.456987 0.007726 0.004515
0 0.772254 0.459125 0.007726 0.004515
0 0.863621 0.452471 0.007726 0.004515
0 0.909305 0.454610 0.007726 0.004515
0 0.116224 0.836264 0.007726 0.004515
0 0.160564 0.834125 0.007726 0.004515
0 0.204904 0.831987 0.007726 0.004515
0 0.248908 0.831987 0.007726 0.004515
0 0.293248 0.831987 0.007726 0.004515
0 0.337588 0.834125 0.007726 0.004515
0 0.397716 0.834125 0.007726 0.004515
0 0.459523 0.836264 0.007726 0.004515
0 0.491098 0.836264 0.007726 0.004515
0 0.560632 0.836264 0.007726 0.004515
0 0.611354 0.834125 0.007726 0.004515
0 0.674169 0.836264 0.007726 0.004515
0 0.719180 0.838641 0.007726 0.004515
0 0.763856 0.836264 0.007726 0.004515
0 0.808868 0.827471 0.007726 0.004515
0 0.853880 0.829848 0.007726 0.004515
0 0.898892 0.831987 0.007726 0.004515
0 0.926772 0.834125 0.007726 0.004515
0 0.347665 0.445817 0.007726 0.004515
0 0.422237 0.439401 0.007726 0.004515
0 0.520322 0.445817 0.007726 0.004515
0 0.570709 0.450333 0.007726 0.004515
0 0.621095 0.448194 0.007726 0.004515
0 0.688277 0.445817 0.007726 0.004515
0 0.743702 0.450333 0.007726 0.004515
0 0.772254 0.452471 0.007726 0.004515
0 0.817938 0.454610 0.007726 0.004515
0 0.863621 0.452471 0.007726 0.004515
0 0.909305 0.450333 0.007726 0.004515
0 0.116224 0.831987 0.007726 0.004515
0 0.160564 0.829848 0.007726 0.004515
0 0.204904 0.827471 0.007726 0.004515
0 0.248908 0.827471 0.007726 0.004515
0 0.293248 0.821055 0.007726 0.004515
0 0.337588 0.823194 0.007726 0.004515
0 0.397716 0.829848 0.007726 0.004515
0 0.459523 0.827471 0.007726 0.004515
0 0.491098 0.836264 0.007726 0.004515
0 0.560632 0.836264 0.007726 0.004515
0 0.347665 0.364781 0.007726 0.004515
0 0.422237 0.358127 0.007726 0.004515
0 0.520322 0.364781 0.007726 0.004515
0 0.570709 0.373574 0.007726 0.004515
0 0.621095 0.377852 0.007726 0.004515
0 0.688277 0.384506 0.007726 0.004515
0 0.743702 0.384506 0.007726 0.004515
0 0.772254 0.382129 0.007726 0.004515
0 0.863621 0.366920 0.007726 0.004515
0 0.909305 0.369059 0.007726 0.004515
0 0.116224 0.766635 0.007726 0.004515
0 0.204904 0.768774 0.007726 0.004515
0 0.293248 0.770913 0.007726 0.004515
0 0.337588 0.768774 0.007726 0.004515
0 0.397716 0.764496 0.007726 0.004515
0 0.459523 0.762120 0.007726 0.004515
0 0.491098 0.759981 0.007726 0.004515
0 0.560632 0.759981 0.007726 0.004515
0 0.674169 0.759981 0.007726 0.004515
0 0.763856 0.759981 0.007726 0.004515
0 0.808868 0.762120 0.007726 0.004515
0 0.853880 0.764496 0.007726 0.004515
0 0.898892 0.757842 0.007726 0.004515
0 0.347665 0.315114 0.007726 0.004515
0 0.422237 0.308460 0.007726 0.004515
0 0.520322 0.315114 0.007726 0.004515
0 0.570709 0.315114 0.007726 0.004515
0 0.621095 0.317253 0.007726 0.004515
0 0.688277 0.323907 0.007726 0.004515
0 0.743702 0.315114 0.007726 0.004515
0 0.772254 0.317253 0.007726 0.004515
0 0.863621 0.312975 0.007726 0.004515
0 0.116224 0.715779 0.007726 0.004515
0 0.204904 0.715779 0.007726 0.004515
0 0.293248 0.718156 0.007726 0.004515
0 0.337588 0.718156 0.007726 0.004515
0 0.397716 0.711502 0.007726 0.004515
0 0.459523 0.711502 0.007726 0.004515
0 0.491098 0.711502 0.007726 0.004515
0 0.560632 0.713641 0.007726 0.004515
0 0.611354 0.713641 0.007726 0.004515
0 0.674169 0.713641 0.007726 0.004515
0 0.763856 0.715779 0.007726 0.004515
0 0.808868 0.715779 0.007726 0.004515
0 0.853880 0.713641 0.007726 0.004515
0 0.898892 0.711502 0.007726 0.004515
0 0.347665 0.250475 0.007726 0.004515
0 0.422237 0.259030 0.007726 0.004515
0 0.520322 0.250475 0.007726 0.004515
0 0.570709 0.259030 0.007726 0.004515
0 0.621095 0.259030 0.007726 0.004515
0 0.688277 0.259030 0.007726 0.004515
0 0.743702 0.261407 0.007726 0.004515
0 0.772254 0.263546 0.007726 0.004515
0 0.863621 0.256892 0.007726 0.004515
0 0.909305 0.259030 0.007726 0.004515
0 0.116224 0.660646 0.007726 0.004515
0 0.160564 0.658508 0.007726 0.004515
0 0.204904 0.656369 0.007726 0.004515
0 0.248908 0.656369 0.007726 0.004515
0 0.293248 0.656369 0.007726 0.004515
0 0.337588 0.658508 0.007726 0.004515
0 0.397716 0.658508 0.007726 0.004515
0 0.459523 0.660646 0.007726 0.004515
0 0.491098 0.660646 0.007726 0.004515
0 0.560632 0.660646 0.007726 0.004515
0 0.611354 0.658508 0.007726 0.004515
0 0.674169 0.660646 0.007726 0.004515
0 0.719180 0.663023 0.007726 0.004515
0 0.763856 0.660646 0.007726 0.004515
0 0.808868 0.652091 0.007726 0.004515
0 0.853880 0.654230 0.007726 0.004515
0 0.898892 0.656369 0.007726 0.004515
0 0.926772 0.658508 0.007726 0.004515
0 0.347665 0.185837 0.007726 0.004515
0 0.422237 0.179183 0.007726 0.004515
0 0.520322 0.185837 0.007726 0.004515
0 0.570709 0.190114 0.007726 0.004515
0 0.621095 0.187975 0.007726 0.004515
0 0.688277 0.185837 0.007726 0.004515
0 0.743702 0.190114 0.007726 0.004515
0 0.772254 0.192253 0.007726 0.004515
0 0.817938 0.194392 0.007726 0.004515
0 0.863621 0.192253 0.007726 0.004515
0 0.909305 0.190114 0.007726 0.004515
0 0.116224 0.604325 0.007726 0.004515
0 0.160564 0.602186 0.007726 0.004515
0 0.204904 0.600048 0.007726 0.004515
0 0.248908 0.600048 0.007726 0.004515
0 0.293248 0.593394 0.007726 0.004515
0 0.337588 0.595770 0.007726 0.004515
0 0.397716 0.602186 0.007726 0.004515
0 0.459523 0.600048 0.007726 0.004515
0 0.491098 0.608840 0.007726 0.004515
0 0.560632 0.608840 0.007726 0.004515
