0 0.117568 0.370722 0.007726 0.004515
0 0.225731 0.368584 0.007726 0.004515
0 0.266376 0.825333 0.007726 0.004515
0 0.312059 0.823194 0.007726 0.004515
0 0.357743 0.821055 0.007726 0.004515
0 0.416527 0.818916 0.007726 0.004515
0 0.500504 0.818916 0.007726 0.004515
0 0.552906 0.827471 0.007726 0.004515
0 0.636883 0.827471 0.007726 0.004515
0 0.703393 0.821055 0.007726 0.004515
0 0.828351 0.821055 0.007726 0.004515
0 0.881424 0.810124 0.007726 0.004515
0 0.117568 0.366445 0.007726 0.004515
0 0.180047 0.370722 0.007726 0.004515
0 0.180047 0.366445 0.007726 0.004515
0 0.225731 0.364068 0.007726 0.004515
0 0.310044 0.368584 0.007726 0.004515
0 0.310044 0.364068 0.007726 0.004515
0 0.379577 0.383793 0.007726 0.004515
0 0.379577 0.368584 0.007726 0.004515
0 0.464226 0.383793 0.007726 0.004515
0 0.516963 0.385932 0.007726 0.004515
0 0.601276 0.370722 0.007726 0.004515
0 0.601276 0.361930 0.007726 0.004515
0 0.665099 0.379515 0.007726 0.004515
0 0.754115 0.372861 0.007726 0.004515
0 0.809876 0.381654 0.007726 0.004515
0 0.899227 0.375000 0.007726 0.004515
0 0.118240 0.823194 0.007726 0.004515
0 0.209607 0.823194 0.007726 0.004515
0 0.209607 0.818916 0.007726 0.004515
0 0.266376 0.816540 0.007726 0.004515
0 0.416527 0.814401 0.007726 0.004515
0 0.458515 0.812262 0.007726 0.004515
0 0.500504 0.810124 0.007726 0.004515
0 0.552906 0.810124 0.007726 0.004515
0 0.594894 0.812262 0.007726 0.004515
0 0.636883 0.807985 0.007726 0.004515
0 0.703393 0.810124 0.007726 0.004515
0 0.750756 0.812262 0.007726 0.004515
0 0.774941 0.805608 0.007726 0.004515
0 0.828351 0.807985 0.007726 0.004515
0 0.881424 0.829848 0.007726 0.004515
0 0.881424 0.814401 0.007726 0.004515
0 0.117568 0.332462 0.007726 0.004515
0 0.180047 0.332462 0.007726 0.004515
0 0.225731 0.330323 0.007726 0.004515
0 0.310044 0.330323 0.007726 0.004515
0 0.379577 0.336977 0.007726 0.004515
0 0.608666 0.330323 0.007726 0.004515
0 0.665099 0.334601 0.007726 0.004515
0 0.665099 0.330323 0.007726 0.004515
0 0.709439 0.336977 0.007726 0.004515
0 0.709439 0.332462 0.007726 0.004515
0 0.754115 0.336977 0.007726 0.004515
0 0.754115 0.332462 0.007726 0.004515
0 0.809876 0.336977 0.007726 0.004515
0 0.809876 0.332462 0.007726 0.004515
0 0.854552 0.339116 0.007726 0.004515
0 0.854552 0.334601 0.007726 0.004515
0 0.899227 0.339116 0.007726 0.004515
0 0.899227 0.334601 0.007726 0.004515
0 0.118240 0.767348 0.007726 0.004515
0 0.118240 0.762833 0.007726 0.004515
0 0.163923 0.769487 0.007726 0.004515
0 0.163923 0.765209 0.007726 0.004515
0 0.209607 0.765209 0.007726 0.004515
0 0.266376 0.767348 0.007726 0.004515
0 0.312059 0.765209 0.007726 0.004515
0 0.357743 0.762833 0.007726 0.004515
0 0.416527 0.765209 0.007726 0.004515
0 0.458515 0.767348 0.007726 0.004515
0 0.500504 0.767348 0.007726 0.004515
0 0.552906 0.767348 0.007726 0.004515
0 0.594894 0.769487 0.007726 0.004515
0 0.636883 0.765209 0.007726 0.004515
0 0.703393 0.767348 0.007726 0.004515
0 0.828351 0.767348 0.007726 0.004515
0 0.828351 0.762833 0.007726 0.004515
0 0.881424 0.767348 0.007726 0.004515
0 0.117568 0.319392 0.007726 0.004515
0 0.180047 0.319392 0.007726 0.004515
0 0.225731 0.321530 0.007726 0.004515
0 0.281491 0.323669 0.007726 0.004515
0 0.310044 0.326046 0.007726 0.004515
0 0.338596 0.328184 0.007726 0.004515
0 0.379577 0.330323 0.007726 0.004515
0 0.464226 0.336977 0.007726 0.004515
0 0.471616 0.334601 0.007726 0.004515
0 0.464226 0.330323 0.007726 0.004515
0 0.516963 0.339116 0.007726 0.004515
0 0.516963 0.334601 0.007726 0.004515
0 0.516963 0.328184 0.007726 0.004515
0 0.601276 0.328184 0.007726 0.004515
0 0.665099 0.321530 0.007726 0.004515
0 0.754115 0.328184 0.007726 0.004515
0 0.781995 0.326046 0.007726 0.004515
0 0.809876 0.323669 0.007726 0.004515
0 0.899227 0.330323 0.007726 0.004515
0 0.927108 0.328184 0.007726 0.004515
0 0.118240 0.754040 0.007726 0.004515
0 0.209607 0.760694 0.007726 0.004515
0 0.238159 0.758555 0.007726 0.004515
0 0.266376 0.756416 0.007726 0.004515
0 0.416527 0.756416 0.007726 0.004515
0 0.500504 0.762833 0.007726 0.004515
0 0.526705 0.760694 0.007726 0.004515
0 0.552906 0.758555 0.007726 0.004515
0 0.636883 0.765209 0.007726 0.004515
0 0.663084 0.762833 0.007726 0.004515
0 0.703393 0.760694 0.007726 0.004515
0 0.750756 0.762833 0.007726 0.004515
0 0.774941 0.756416 0.007726 0.004515
0 0.828351 0.758555 0.007726 0.004515
0 0.881424 0.760694 0.007726 0.004515
0 0.117568 0.250238 0.007726 0.004515
0 0.180047 0.250238 0.007726 0.004515
0 0.225731 0.248099 0.007726 0.004515
0 0.310044 0.248099 0.007726 0.004515
0 0.379577 0.263308 0.007726 0.004515
0 0.464226 0.263308 0.007726 0.004515
0 0.516963 0.265684 0.007726 0.004515
0 0.601276 0.250238 0.007726 0.004515
0 0.665099 0.259030 0.007726 0.004515
0 0.754115 0.252376 0.007726 0.004515
0 0.809876 0.261169 0.007726 0.004515
0 0.899227 0.254753 0.007726 0.004515
0 0.118240 0.708888 0.007726 0.004515
0 0.209607 0.708888 0.007726 0.004515
0 0.266376 0.711027 0.007726 0.004515
0 0.312059 0.708888 0.007726 0.004515
0 0.357743 0.706749 0.007726 0.004515
0 0.416527 0.704610 0.007726 0.004515
0 0.500504 0.704610 0.007726 0.004515
0 0.552906 0.713403 0.007726 0.004515
0 0.636883 0.713403 0.007726 0.004515
0 0.703393 0.706749 0.007726 0.004515
0 0.828351 0.706749 0.007726 0.004515
0 0.881424 0.715542 0.007726 0.004515
0 0.883104 0.700095 0.005375 0.003089
0 0.117568 0.199382 0.007726 0.004515
0 0.180047 0.199382 0.007726 0.004515
0 0.225731 0.197243 0.007726 0.004515
0 0.310044 0.197243 0.007726 0.004515
0 0.379577 0.201521 0.007726 0.004515
0 0.464226 0.197243 0.007726 0.004515
0 0.516963 0.199382 0.007726 0.004515
0 0.601276 0.194867 0.007726 0.004515
0 0.665099 0.194867 0.007726 0.004515
0 0.709439 0.197243 0.007726 0.004515
0 0.754115 0.197243 0.007726 0.004515
0 0.809876 0.197243 0.007726 0.004515
0 0.854552 0.199382 0.007726 0.004515
0 0.899227 0.199382 0.007726 0.004515
0 0.118240 0.631654 0.007726 0.004515
0 0.163923 0.633793 0.007726 0.004515
0 0.209607 0.644724 0.007726 0.004515
0 0.266376 0.642586 0.007726 0.004515
0 0.416527 0.640209 0.007726 0.004515
0 0.458515 0.638070 0.007726 0.004515
0 0.500504 0.635932 0.007726 0.004515
0 0.552906 0.635932 0.007726 0.004515
0 0.594894 0.638070 0.007726 0.004515
0 0.636883 0.633793 0.007726 0.004515
0 0.703393 0.635932 0.007726 0.004515
0 0.750756 0.638070 0.007726 0.004515
0 0.774941 0.631654 0.007726 0.004515
0 0.828351 0.633793 0.007726 0.004515
0 0.881424 0.635932 0.007726 0.004515
0 0.117568 0.142110 0.007726 0.004515
0 0.180047 0.142110 0.007726 0.004515
0 0.225731 0.139734 0.007726 0.004515
0 0.310044 0.139734 0.007726 0.004515
0 0.379577 0.146388 0.007726 0.004515
0 0.464226 0.144249 0.007726 0.004515
0 0.516963 0.144249 0.007726 0.004515
0 0.601276 0.139734 0.007726 0.004515
0 0.665099 0.139734 0.007726 0.004515
0 0.709439 0.142110 0.007726 0.004515
0 0.754115 0.142110 0.007726 0.004515
0 0.809876 0.142110 0.007726 0.004515
0 0.854552 0.144249 0.007726 0.004515
0 0.899227 0.144249 0.007726 0.004515
0 0.118240 0.573432 0.007726 0.004515
0 0.163923 0.575570 0.007726 0.004515
0 0.209607 0.575570 0.007726 0.004515
0 0.266376 0.577709 0.007726 0.004515
0 0.312059 0.575570 0.007726 0.004515
0 0.357743 0.573432 0.007726 0.004515
0 0.416527 0.575570 0.007726 0.004515
0 0.458515 0.577709 0.007726 0.004515
0 0.500504 0.577709 0.007726 0.004515
0 0.552906 0.577709 0.007726 0.004515
0 0.594894 0.580086 0.007726 0.004515
0 0.636883 0.575570 0.007726 0.004515
0 0.703393 0.577709 0.007726 0.004515
0 0.828351 0.577709 0.007726 0.004515
0 0.828351 0.573432 0.007726 0.004515
0 0.881424 0.577709 0.007726 0.004515
0 0.881424 0.571293 0.007726 0.004515
0 0.117568 0.063926 0.007726 0.004515
0 0.180047 0.063926 0.007726 0.004515
0 0.225731 0.066302 0.007726 0.004515
0 0.281491 0.068441 0.007726 0.004515
0 0.310044 0.070580 0.007726 0.004515
0 0.338596 0.072719 0.007726 0.004515
0 0.379577 0.075095 0.007726 0.004515
0 0.464226 0.075095 0.007726 0.004515
0 0.516963 0.072719 0.007726 0.004515
0 0.601276 0.072719 0.007726 0.004515
0 0.665099 0.066302 0.007726 0.004515
0 0.754115 0.072719 0.007726 0.004515
0 0.781995 0.070580 0.007726 0.004515
0 0.809876 0.068441 0.007726 0.004515
0 0.899227 0.075095 0.007726 0.004515
0 0.927108 0.072719 0.007726 0.004515
0 0.118240 0.506416 0.007726 0.004515
0 0.209607 0.513070 0.007726 0.004515
0 0.238159 0.510932 0.007726 0.004515
0 0.266376 0.508555 0.007726 0.004515
0 0.416527 0.508555 0.007726 0.004515
0 0.500504 0.515209 0.007726 0.004515
0 0.526705 0.513070 0.007726 0.004515
0 0.552906 0.510932 0.007726 0.004515
0 0.636883 0.517348 0.007726 0.004515
0 0.663084 0.515209 0.007726 0.004515
0 0.703393 0.513070 0.007726 0.004515
0 0.750756 0.515209 0.007726 0.004515
0 0.774941 0.508555 0.007726 0.004515
0 0.828351 0.510932 0.007726 0.004515
0 0.881424 0.513070 0.007726 0.004515
