0 0.619080 0.654705 0.009405 0.005466
0 0.676184 0.654705 0.009405 0.005466
0 0.159557 0.237167 0.009405 0.005466
0 0.592879 0.662785 0.009405 0.005466
0 0.676184 0.662785 0.009405 0.005466
0 0.335909 0.893061 0.009405 0.005466
0 0.392005 0.893061 0.009405 0.005466
0 0.419886 0.890209 0.009405 0.005466
0 0.448102 0.887595 0.009405 0.005466
0 0.530736 0.893061 0.009405 0.005466
0 0.580450 0.893061 0.009405 0.005466
0 0.605307 0.890209 0.009405 0.005466
0 0.630165 0.887595 0.009405 0.005466
0 0.209607 0.218869 0.009405 0.005466
0 0.262345 0.218869 0.009405 0.005466
0 0.262345 0.208175 0.009405 0.005466
0 0.390326 0.237167 0.009405 0.005466
0 0.390326 0.229325 0.009405 0.005466
0 0.590863 0.237167 0.009405 0.005466
0 0.590863 0.224097 0.009405 0.005466
0 0.791737 0.237167 0.009405 0.005466
0 0.791737 0.226711 0.009405 0.005466
0 0.156869 0.456274 0.009405 0.005466
0 0.156869 0.445817 0.009405 0.005466
0 0.369164 0.451046 0.009405 0.005466
0 0.369164 0.440589 0.009405 0.005466
0 0.586832 0.451046 0.009405 0.005466
0 0.780652 0.451046 0.009405 0.005466
0 0.153846 0.670627 0.009405 0.005466
0 0.304669 0.670627 0.009405 0.005466
0 0.378569 0.670627 0.009405 0.005466
0 0.489083 0.673241 0.009405 0.005466
0 0.676184 0.673241 0.009405 0.005466
0 0.798791 0.665399 0.009405 0.005466
0 0.145113 0.890209 0.009405 0.005466
0 0.191132 0.887595 0.009405 0.005466
0 0.214982 0.890209 0.009405 0.005466
0 0.285858 0.900903 0.009405 0.005466
0 0.321129 0.900903 0.009405 0.005466
0 0.515956 0.900903 0.009405 0.005466
0 0.701377 0.900903 0.009405 0.005466
0 0.845482 0.900903 0.009405 0.005466
0 0.147800 0.237167 0.009405 0.005466
0 0.183070 0.226711 0.009405 0.005466
0 0.209607 0.218869 0.009405 0.005466
0 0.235808 0.208175 0.009405 0.005466
0 0.262345 0.200333 0.009405 0.005466
0 0.378569 0.229325 0.009405 0.005466
0 0.413839 0.216017 0.009405 0.005466
0 0.444407 0.205561 0.009405 0.005466
0 0.474975 0.208175 0.009405 0.005466
0 0.505878 0.210789 0.009405 0.005466
0 0.590863 0.224097 0.009405 0.005466
0 0.613705 0.216017 0.009405 0.005466
0 0.636547 0.171340 0.009405 0.005466
0 0.659389 0.158270 0.009405 0.005466
0 0.682566 0.158270 0.009405 0.005466
0 0.791737 0.226711 0.009405 0.005466
0 0.817938 0.216017 0.009405 0.005466
0 0.844474 0.163498 0.009405 0.005466
0 0.871011 0.166112 0.009405 0.005466
0 0.897548 0.168726 0.009405 0.005466
0 0.145113 0.445817 0.009405 0.005466
0 0.180383 0.435361 0.009405 0.005466
0 0.212630 0.435361 0.009405 0.005466
0 0.357071 0.440589 0.009405 0.005466
0 0.392341 0.435361 0.009405 0.005466
0 0.417870 0.435361 0.009405 0.005466
0 0.586832 0.435361 0.009405 0.005466
0 0.609002 0.437975 0.009405 0.005466
0 0.631172 0.435361 0.009405 0.005466
0 0.653342 0.432747 0.009405 0.005466
0 0.675512 0.435361 0.009405 0.005466
0 0.720188 0.437975 0.009405 0.005466
0 0.780652 0.435361 0.009405 0.005466
0 0.802486 0.451046 0.009405 0.005466
0 0.824320 0.435361 0.009405 0.005466
0 0.846154 0.408983 0.009405 0.005466
0 0.868324 0.408983 0.009405 0.005466
0 0.890158 0.443203 0.009405 0.005466
0 0.911992 0.440589 0.009405 0.005466
0 0.933826 0.435361 0.009405 0.005466
0 0.153846 0.657557 0.009405 0.005466
0 0.174337 0.662785 0.009405 0.005466
0 0.194827 0.657557 0.009405 0.005466
0 0.215317 0.652091 0.009405 0.005466
0 0.235808 0.644249 0.009405 0.005466
0 0.275445 0.652091 0.009405 0.005466
0 0.304669 0.652091 0.009405 0.005466
0 0.341619 0.654705 0.009405 0.005466
0 0.378569 0.657557 0.009405 0.005466
0 0.415183 0.662785 0.009405 0.005466
0 0.489083 0.662785 0.009405 0.005466
0 0.509909 0.662785 0.009405 0.005466
0 0.530736 0.654705 0.009405 0.005466
0 0.551562 0.621673 0.009405 0.005466
0 0.572388 0.613831 0.009405 0.005466
0 0.592879 0.662785 0.009405 0.005466
0 0.619080 0.654705 0.009405 0.005466
0 0.639906 0.621673 0.009405 0.005466
0 0.798791 0.657557 0.009405 0.005466
0 0.798791 0.649477 0.009405 0.005466
0 0.818273 0.657557 0.009405 0.005466
0 0.838092 0.649477 0.009405 0.005466
0 0.857575 0.613831 0.009405 0.005466
0 0.877057 0.613831 0.009405 0.005466
0 0.896876 0.657557 0.009405 0.005466
0 0.916359 0.649477 0.009405 0.005466
0 0.936177 0.613831 0.009405 0.005466
0 0.145113 0.882367 0.009405 0.005466
0 0.145113 0.874525 0.009405 0.005466
0 0.214982 0.882367 0.009405 0.005466
0 0.335909 0.893061 0.009405 0.005466
0 0.363789 0.879753 0.009405 0.005466
0 0.530736 0.893061 0.009405 0.005466
0 0.555593 0.879753 0.009405 0.005466
0 0.701377 0.890209 0.009405 0.005466
0 0.797447 0.887595 0.009405 0.005466
0 0.845482 0.890209 0.009405 0.005466
0 0.304669 0.608603 0.009405 0.005466
0 0.341619 0.616445 0.009405 0.005466
0 0.378569 0.619059 0.009405 0.005466
0 0.214982 0.836977 0.009405 0.005466
0 0.335909 0.834363 0.009405 0.005466
0 0.392005 0.834363 0.009405 0.005466
0 0.419886 0.836977 0.009405 0.005466
0 0.448102 0.839591 0.009405 0.005466
0 0.530736 0.834363 0.009405 0.005466
0 0.580450 0.834363 0.009405 0.005466
0 0.605307 0.836977 0.009405 0.005466
0 0.630165 0.839591 0.009405 0.005466
0 0.262345 0.155656 0.009405 0.005466
0 0.262345 0.150428 0.009405 0.005466
0 0.262345 0.142586 0.009405 0.005466
0 0.262345 0.137120 0.009405 0.005466
0 0.378569 0.158270 0.009405 0.005466
0 0.378569 0.153042 0.009405 0.005466
0 0.378569 0.147814 0.009405 0.005466
0 0.378569 0.139734 0.009405 0.005466
0 0.682566 0.153042 0.009405 0.005466
0 0.682566 0.147814 0.009405 0.005466
0 0.682566 0.139734 0.009405 0.005466
0 0.791737 0.158270 0.009405 0.005466
0 0.791737 0.153042 0.009405 0.005466
0 0.791737 0.145200 0.009405 0.005466
0 0.791737 0.139734 0.009405 0.005466
0 0.212630 0.403755 0.009405 0.005466
0 0.244877 0.387833 0.009405 0.005466
0 0.277125 0.403755 0.009405 0.005466
0 0.277125 0.387833 0.009405 0.005466
0 0.417870 0.393061 0.009405 0.005466
0 0.443063 0.403755 0.009405 0.005466
0 0.443063 0.387833 0.009405 0.005466
0 0.468257 0.403755 0.009405 0.005466
0 0.468257 0.387833 0.009405 0.005466
0 0.586832 0.398527 0.009405 0.005466
0 0.586832 0.390447 0.009405 0.005466
0 0.586832 0.379990 0.009405 0.005466
0 0.675512 0.401141 0.009405 0.005466
0 0.675512 0.390447 0.009405 0.005466
0 0.675512 0.382605 0.009405 0.005466
0 0.698018 0.408983 0.009405 0.005466
0 0.720188 0.401141 0.009405 0.005466
0 0.742358 0.390447 0.009405 0.005466
0 0.780652 0.398527 0.009405 0.005466
0 0.868324 0.401141 0.009405 0.005466
0 0.911992 0.398527 0.009405 0.005466
0 0.153846 0.619059 0.009405 0.005466
0 0.235808 0.600523 0.009405 0.005466
0 0.235808 0.582224 0.009405 0.005466
0 0.275445 0.608603 0.009405 0.005466
0 0.275445 0.590067 0.009405 0.005466
0 0.304669 0.608603 0.009405 0.005466
0 0.304669 0.590067 0.009405 0.005466
0 0.378569 0.608603 0.009405 0.005466
0 0.489083 0.621673 0.009405 0.005466
0 0.489083 0.613831 0.009405 0.005466
0 0.489083 0.603375 0.009405 0.005466
0 0.572388 0.613831 0.009405 0.005466
0 0.676184 0.621673 0.009405 0.005466
0 0.676184 0.613831 0.009405 0.005466
0 0.798791 0.613831 0.009405 0.005466
0 0.798791 0.595295 0.009405 0.005466
0 0.877057 0.595295 0.009405 0.005466
0 0.936177 0.613831 0.009405 0.005466
0 0.145113 0.818441 0.009405 0.005466
0 0.191132 0.821055 0.009405 0.005466
0 0.214982 0.823669 0.009405 0.005466
0 0.238495 0.826283 0.009405 0.005466
0 0.262345 0.823669 0.009405 0.005466
0 0.285858 0.821055 0.009405 0.005466
0 0.335909 0.826283 0.009405 0.005466
0 0.530736 0.828897 0.009405 0.005466
0 0.701377 0.815827 0.009405 0.005466
0 0.701377 0.810599 0.009405 0.005466
0 0.701377 0.805371 0.009405 0.005466
0 0.797447 0.815827 0.009405 0.005466
0 0.845482 0.815827 0.009405 0.005466
0 0.845482 0.810599 0.009405 0.005466
0 0.147800 0.080798 0.009405 0.005466
0 0.262345 0.086027 0.009405 0.005466
0 0.288881 0.088641 0.009405 0.005466
0 0.315082 0.086027 0.009405 0.005466
0 0.341619 0.083413 0.009405 0.005466
0 0.378569 0.088641 0.009405 0.005466
0 0.474975 0.086027 0.009405 0.005466
0 0.505878 0.083413 0.009405 0.005466
0 0.590863 0.083413 0.009405 0.005466
0 0.682566 0.086027 0.009405 0.005466
0 0.705408 0.088641 0.009405 0.005466
0 0.728250 0.086027 0.009405 0.005466
0 0.751092 0.083413 0.009405 0.005466
0 0.791737 0.088641 0.009405 0.005466
0 0.844474 0.088641 0.009405 0.005466
0 0.871011 0.086027 0.009405 0.005466
0 0.897548 0.083413 0.009405 0.005466
0 0.145113 0.320342 0.009405 0.005466
0 0.212630 0.320342 0.009405 0.005466
0 0.244877 0.320342 0.009405 0.005466
0 0.277125 0.320342 0.009405 0.005466
0 0.357071 0.320342 0.009405 0.005466
0 0.468257 0.322956 0.009405 0.005466
0 0.493450 0.325570 0.009405 0.005466
0 0.518643 0.322956 0.009405 0.005466
0 0.544172 0.320342 0.009405 0.005466
0 0.586832 0.322956 0.009405 0.005466
0 0.675512 0.315114 0.009405 0.005466
0 0.720188 0.322956 0.009405 0.005466
0 0.780652 0.322956 0.009405 0.005466
0 0.868324 0.325570 0.009405 0.005466
0 0.911992 0.330798 0.009405 0.005466
0 0.153846 0.542063 0.009405 0.005466
0 0.235808 0.542063 0.009405 0.005466
0 0.304669 0.542063 0.009405 0.005466
0 0.438361 0.539449 0.009405 0.005466
0 0.489083 0.539449 0.009405 0.005466
0 0.676184 0.547291 0.009405 0.005466
0 0.749412 0.528992 0.009405 0.005466
0 0.798791 0.528992 0.009405 0.005466
0 0.145113 0.756416 0.009405 0.005466
0 0.335909 0.759030 0.009405 0.005466
0 0.448102 0.764259 0.009405 0.005466
0 0.530736 0.766873 0.009405 0.005466
0 0.701377 0.766873 0.009405 0.005466
