0 0.453477 0.523289 0.007726 0.004515
0 0.594558 0.525428 0.007726 0.004515
0 0.116560 0.197243 0.007726 0.004515
0 0.116560 0.181797 0.007726 0.004515
0 0.207592 0.199382 0.007726 0.004515
0 0.207592 0.184173 0.007726 0.004515
0 0.308364 0.201521 0.007726 0.004515
0 0.308364 0.186312 0.007726 0.004515
0 0.396372 0.203897 0.007726 0.004515
0 0.396372 0.188451 0.007726 0.004515
0 0.493786 0.197243 0.007726 0.004515
0 0.493786 0.181797 0.007726 0.004515
0 0.582466 0.197243 0.007726 0.004515
0 0.661068 0.190589 0.007726 0.004515
0 0.853544 0.197243 0.007726 0.004515
0 0.887471 0.181797 0.007726 0.004515
0 0.146792 0.375238 0.007726 0.004515
0 0.184750 0.360029 0.007726 0.004515
0 0.276789 0.375238 0.007726 0.004515
0 0.374538 0.360029 0.007726 0.004515
0 0.460531 0.368584 0.007726 0.004515
0 0.673497 0.368584 0.007726 0.004515
0 0.711119 0.353375 0.007726 0.004515
0 0.837756 0.368584 0.007726 0.004515
0 0.877057 0.353375 0.007726 0.004515
0 0.916023 0.362167 0.007726 0.004515
0 0.116896 0.536597 0.007726 0.004515
0 0.200202 0.551806 0.007726 0.004515
0 0.200202 0.536597 0.007726 0.004515
0 0.275109 0.545152 0.007726 0.004515
0 0.275109 0.529943 0.007726 0.004515
0 0.443735 0.523289 0.007726 0.004515
0 0.479006 0.521150 0.007726 0.004515
0 0.514276 0.516873 0.007726 0.004515
0 0.549211 0.521150 0.007726 0.004515
0 0.594558 0.525428 0.007726 0.004515
0 0.625462 0.521150 0.007726 0.004515
0 0.656701 0.527804 0.007726 0.004515
0 0.656701 0.523289 0.007726 0.004515
0 0.656701 0.514496 0.007726 0.004515
0 0.736984 0.521150 0.007726 0.004515
0 0.736984 0.516873 0.007726 0.004515
0 0.787370 0.536597 0.007726 0.004515
0 0.844810 0.529943 0.007726 0.004515
0 0.893853 0.545152 0.007726 0.004515
0 0.111186 0.730751 0.007726 0.004515
0 0.111186 0.715304 0.007726 0.004515
0 0.308700 0.724097 0.007726 0.004515
0 0.308700 0.708888 0.007726 0.004515
0 0.488747 0.724097 0.007726 0.004515
0 0.488747 0.708888 0.007726 0.004515
0 0.629493 0.730751 0.007726 0.004515
0 0.629493 0.715304 0.007726 0.004515
0 0.773262 0.730751 0.007726 0.004515
0 0.773262 0.715304 0.007726 0.004515
0 0.109170 0.903992 0.007726 0.004515
0 0.187437 0.897338 0.007726 0.004515
0 0.282163 0.895200 0.007726 0.004515
0 0.369164 0.910646 0.007726 0.004515
0 0.474639 0.903992 0.007726 0.004515
0 0.614041 0.921578 0.007726 0.004515
0 0.614041 0.906131 0.007726 0.004515
0 0.788713 0.914924 0.007726 0.004515
0 0.788713 0.899715 0.007726 0.004515
0 0.154518 0.122861 0.007726 0.004515
0 0.161908 0.120722 0.007726 0.004515
0 0.161908 0.116207 0.007726 0.004515
0 0.252939 0.127139 0.007726 0.004515
0 0.252939 0.120722 0.007726 0.004515
0 0.252939 0.116207 0.007726 0.004515
0 0.352368 0.129278 0.007726 0.004515
0 0.352368 0.120722 0.007726 0.004515
0 0.352368 0.114068 0.007726 0.004515
0 0.396372 0.127139 0.007726 0.004515
0 0.396372 0.122861 0.007726 0.004515
0 0.396372 0.114068 0.007726 0.004515
0 0.493786 0.125000 0.007726 0.004515
0 0.493786 0.120722 0.007726 0.004515
0 0.493786 0.114068 0.007726 0.004515
0 0.575076 0.122861 0.007726 0.004515
0 0.582466 0.120722 0.007726 0.004515
0 0.582466 0.116207 0.007726 0.004515
0 0.661068 0.125000 0.007726 0.004515
0 0.661068 0.120722 0.007726 0.004515
0 0.661068 0.114068 0.007726 0.004515
0 0.769567 0.135932 0.007726 0.004515
0 0.769567 0.131654 0.007726 0.004515
0 0.769567 0.125000 0.007726 0.004515
0 0.819953 0.138070 0.007726 0.004515
0 0.819953 0.133793 0.007726 0.004515
0 0.819953 0.127139 0.007726 0.004515
0 0.921061 0.140209 0.007726 0.004515
0 0.921061 0.135932 0.007726 0.004515
0 0.921061 0.129278 0.007726 0.004515
0 0.109170 0.320580 0.007726 0.004515
0 0.109170 0.316065 0.007726 0.004515
0 0.109170 0.309648 0.007726 0.004515
0 0.222372 0.322719 0.007726 0.004515
0 0.222372 0.318441 0.007726 0.004515
0 0.222372 0.311787 0.007726 0.004515
0 0.276789 0.324857 0.007726 0.004515
0 0.276789 0.318441 0.007726 0.004515
0 0.276789 0.313926 0.007726 0.004515
0 0.374538 0.326996 0.007726 0.004515
0 0.374538 0.320580 0.007726 0.004515
0 0.374538 0.316065 0.007726 0.004515
0 0.460531 0.329373 0.007726 0.004515
0 0.460531 0.324857 0.007726 0.004515
0 0.460531 0.318441 0.007726 0.004515
0 0.580786 0.296340 0.007726 0.004515
0 0.580786 0.292063 0.007726 0.004515
0 0.635875 0.298717 0.007726 0.004515
0 0.635875 0.294202 0.007726 0.004515
0 0.748404 0.300856 0.007726 0.004515
0 0.748404 0.296340 0.007726 0.004515
0 0.798791 0.302994 0.007726 0.004515
0 0.798791 0.298717 0.007726 0.004515
0 0.916023 0.302994 0.007726 0.004515
0 0.916023 0.292063 0.007726 0.004515
0 0.116896 0.479563 0.007726 0.004515
0 0.116896 0.475285 0.007726 0.004515
0 0.116896 0.468631 0.007726 0.004515
0 0.192812 0.477424 0.007726 0.004515
0 0.200202 0.475285 0.007726 0.004515
0 0.200202 0.470770 0.007726 0.004515
0 0.275109 0.479563 0.007726 0.004515
0 0.275109 0.475285 0.007726 0.004515
0 0.275109 0.468631 0.007726 0.004515
0 0.381256 0.492633 0.007726 0.004515
0 0.398052 0.490494 0.007726 0.004515
0 0.415183 0.492633 0.007726 0.004515
0 0.443735 0.494772 0.007726 0.004515
0 0.479006 0.492633 0.007726 0.004515
0 0.514276 0.490494 0.007726 0.004515
0 0.549211 0.488356 0.007726 0.004515
0 0.594558 0.488356 0.007726 0.004515
0 0.625462 0.486217 0.007726 0.004515
0 0.656701 0.481702 0.007726 0.004515
0 0.687941 0.483840 0.007726 0.004515
0 0.729594 0.488356 0.007726 0.004515
0 0.736984 0.486217 0.007726 0.004515
0 0.779980 0.488356 0.007726 0.004515
0 0.787370 0.486217 0.007726 0.004515
0 0.787370 0.477424 0.007726 0.004515
0 0.844810 0.490494 0.007726 0.004515
0 0.844810 0.486217 0.007726 0.004515
0 0.844810 0.479563 0.007726 0.004515
0 0.111186 0.676093 0.007726 0.004515
0 0.111186 0.664924 0.007726 0.004515
0 0.157541 0.680371 0.007726 0.004515
0 0.204232 0.678232 0.007726 0.004515
0 0.204232 0.667300 0.007726 0.004515
0 0.250588 0.676093 0.007726 0.004515
0 0.250588 0.667300 0.007726 0.004515
0 0.308700 0.673717 0.007726 0.004515
0 0.308700 0.669439 0.007726 0.004515
0 0.351025 0.680371 0.007726 0.004515
0 0.393349 0.673717 0.007726 0.004515
0 0.435673 0.669439 0.007726 0.004515
0 0.488747 0.678232 0.007726 0.004515
0 0.519651 0.673717 0.007726 0.004515
0 0.550554 0.680371 0.007726 0.004515
0 0.581458 0.673717 0.007726 0.004515
0 0.629493 0.682510 0.007726 0.004515
0 0.636883 0.680371 0.007726 0.004515
0 0.629493 0.676093 0.007726 0.004515
0 0.820625 0.653992 0.007726 0.004515
0 0.872355 0.656369 0.007726 0.004515
0 0.913671 0.656369 0.007726 0.004515
0 0.109170 0.838403 0.007726 0.004515
0 0.148136 0.842681 0.007726 0.004515
0 0.187437 0.840542 0.007726 0.004515
0 0.226402 0.831749 0.007726 0.004515
0 0.282163 0.838403 0.007726 0.004515
0 0.282163 0.833888 0.007726 0.004515
0 0.369164 0.836027 0.007726 0.004515
0 0.369164 0.829610 0.007726 0.004515
0 0.474639 0.838403 0.007726 0.004515
0 0.474639 0.827471 0.007726 0.004515
0 0.654350 0.844819 0.007726 0.004515
0 0.654350 0.840542 0.007726 0.004515
0 0.654350 0.831749 0.007726 0.004515
0 0.694995 0.844819 0.007726 0.004515
0 0.694995 0.840542 0.007726 0.004515
0 0.694995 0.831749 0.007726 0.004515
0 0.735640 0.844819 0.007726 0.004515
0 0.735640 0.840542 0.007726 0.004515
0 0.735640 0.831749 0.007726 0.004515
0 0.830366 0.844819 0.007726 0.004515
0 0.830366 0.838403 0.007726 0.004515
0 0.830366 0.833888 0.007726 0.004515
0 0.872019 0.844819 0.007726 0.004515
0 0.872019 0.838403 0.007726 0.004515
0 0.872019 0.833888 0.007726 0.004515
0 0.913336 0.844819 0.007726 0.004515
0 0.913336 0.838403 0.007726 0.004515
0 0.913336 0.833888 0.007726 0.004515
0 0.146456 0.424430 0.005375 0.003089
0 0.116560 0.079373 0.007726 0.004515
0 0.161908 0.077234 0.007726 0.004515
0 0.207592 0.075095 0.007726 0.004515
0 0.252939 0.072719 0.007726 0.004515
0 0.308364 0.072719 0.007726 0.004515
0 0.352368 0.070580 0.007726 0.004515
0 0.396372 0.066302 0.007726 0.004515
0 0.449782 0.068441 0.007726 0.004515
0 0.493786 0.070580 0.007726 0.004515
0 0.523682 0.079373 0.007726 0.004515
0 0.582466 0.077234 0.007726 0.004515
0 0.661068 0.079373 0.007726 0.004515
0 0.769567 0.063926 0.007726 0.004515
0 0.819953 0.066302 0.007726 0.004515
0 0.921061 0.068441 0.007726 0.004515
0 0.109170 0.248574 0.007726 0.004515
0 0.222372 0.250713 0.007726 0.004515
0 0.276789 0.253089 0.007726 0.004515
0 0.310044 0.257367 0.007726 0.004515
0 0.374538 0.255228 0.007726 0.004515
0 0.460531 0.257367 0.007726 0.004515
0 0.580786 0.246435 0.007726 0.004515
0 0.635875 0.248574 0.007726 0.004515
0 0.748404 0.250713 0.007726 0.004515
0 0.798791 0.253089 0.007726 0.004515
0 0.916023 0.246435 0.007726 0.004515
0 0.116896 0.426568 0.007726 0.004515
0 0.152503 0.426568 0.007726 0.004515
0 0.200202 0.437738 0.007726 0.004515
0 0.201545 0.422291 0.005375 0.003089
0 0.275109 0.435361 0.007726 0.004515
0 0.276789 0.420152 0.005375 0.003089
0 0.924421 0.442015 0.007726 0.004515
0 0.111186 0.618584 0.007726 0.004515
0 0.157541 0.618584 0.007726 0.004515
0 0.204232 0.616445 0.007726 0.004515
0 0.250588 0.614068 0.007726 0.004515
0 0.308700 0.611930 0.007726 0.004515
0 0.351025 0.611930 0.007726 0.004515
0 0.393349 0.611930 0.007726 0.004515
0 0.435673 0.611930 0.007726 0.004515
0 0.488747 0.605513 0.007726 0.004515
0 0.550554 0.607652 0.007726 0.004515
0 0.629493 0.609791 0.007726 0.004515
0 0.719180 0.618584 0.007726 0.004515
0 0.773262 0.618584 0.007726 0.004515
0 0.846490 0.618584 0.007726 0.004515
0 0.872355 0.616445 0.007726 0.004515
0 0.913671 0.614068 0.007726 0.004515
0 0.109170 0.790875 0.007726 0.004515
0 0.148136 0.790875 0.007726 0.004515
0 0.187437 0.782082 0.007726 0.004515
0 0.226402 0.784221 0.007726 0.004515
0 0.282163 0.786597 0.007726 0.004515
0 0.311723 0.786597 0.007726 0.004515
0 0.369164 0.788736 0.007726 0.004515
0 0.399395 0.788736 0.007726 0.004515
0 0.474639 0.790875 0.007726 0.004515
0 0.563991 0.790875 0.007726 0.004515
0 0.614041 0.790875 0.007726 0.004515
0 0.654350 0.793013 0.007726 0.004515
0 0.694995 0.793013 0.007726 0.004515
0 0.735640 0.795152 0.007726 0.004515
0 0.788713 0.797529 0.007726 0.004515
0 0.830366 0.795152 0.007726 0.004515
0 0.872019 0.793013 0.007726 0.004515
0 0.913336 0.786597 0.007726 0.004515
