0 0.115553 0.188688 0.008398 0.004753
0 0.206920 0.179420 0.008398 0.004753
0 0.252603 0.172529 0.008398 0.004753
0 0.343970 0.179420 0.008398 0.004753
0 0.400067 0.188688 0.008398 0.004753
0 0.490763 0.179420 0.008398 0.004753
0 0.536110 0.172529 0.008398 0.004753
0 0.626806 0.179420 0.008398 0.004753
0 0.681895 0.188688 0.008398 0.004753
0 0.772926 0.179420 0.008398 0.004753
0 0.818609 0.172529 0.008398 0.004753
0 0.909641 0.179420 0.008398 0.004753
0 0.115553 0.363356 0.008398 0.004753
0 0.204904 0.354087 0.008398 0.004753
0 0.249580 0.347196 0.008398 0.004753
0 0.338596 0.354087 0.008398 0.004753
0 0.402083 0.367871 0.008398 0.004753
0 0.402083 0.351711 0.008398 0.004753
0 0.490763 0.351711 0.008398 0.004753
0 0.535102 0.347196 0.008398 0.004753
0 0.680887 0.374762 0.008398 0.004753
0 0.680887 0.358603 0.008398 0.004753
0 0.772254 0.349335 0.008398 0.004753
0 0.817938 0.342443 0.008398 0.004753
0 0.123614 0.555608 0.008398 0.004753
0 0.123614 0.539449 0.008398 0.004753
0 0.213638 0.523289 0.008398 0.004753
0 0.258986 0.518774 0.008398 0.004753
0 0.408465 0.553232 0.008398 0.004753
0 0.408465 0.537310 0.008398 0.004753
0 0.496473 0.521150 0.008398 0.004753
0 0.540141 0.514021 0.008398 0.004753
0 0.682566 0.553232 0.008398 0.004753
0 0.682566 0.537310 0.008398 0.004753
0 0.773262 0.521150 0.008398 0.004753
0 0.818945 0.511882 0.008398 0.004753
0 0.115553 0.722196 0.008398 0.004753
0 0.115553 0.706036 0.008398 0.004753
0 0.182398 0.689876 0.008398 0.004753
0 0.213638 0.706036 0.008398 0.004753
0 0.276117 0.689876 0.008398 0.004753
0 0.316090 0.706036 0.008398 0.004753
0 0.353376 0.689876 0.008398 0.004753
0 0.429963 0.689876 0.008398 0.004753
0 0.550218 0.706036 0.008398 0.004753
0 0.745381 0.717681 0.008398 0.004753
0 0.745381 0.708413 0.008398 0.004753
0 0.121263 0.895675 0.008398 0.004753
0 0.121263 0.886407 0.008398 0.004753
0 0.156533 0.895675 0.008398 0.004753
0 0.156533 0.886407 0.008398 0.004753
0 0.178703 0.895675 0.008398 0.004753
0 0.178703 0.886407 0.008398 0.004753
0 0.214310 0.895675 0.008398 0.004753
0 0.214310 0.886407 0.008398 0.004753
0 0.249580 0.895675 0.008398 0.004753
0 0.249580 0.884030 0.008398 0.004753
0 0.290561 0.895675 0.008398 0.004753
0 0.290561 0.884030 0.008398 0.004753
0 0.311051 0.895675 0.008398 0.004753
0 0.311051 0.886407 0.008398 0.004753
0 0.343970 0.895675 0.008398 0.004753
0 0.343970 0.886407 0.008398 0.004753
0 0.376554 0.895675 0.008398 0.004753
0 0.376554 0.886407 0.008398 0.004753
0 0.439033 0.890922 0.008398 0.004753
0 0.439033 0.886407 0.008398 0.004753
0 0.476654 0.890922 0.008398 0.004753
0 0.476654 0.886407 0.008398 0.004753
0 0.503191 0.890922 0.008398 0.004753
0 0.511253 0.888783 0.008398 0.004753
0 0.511253 0.884030 0.008398 0.004753
0 0.541821 0.890922 0.008398 0.004753
0 0.549547 0.888783 0.008398 0.004753
0 0.549547 0.884030 0.008398 0.004753
0 0.573396 0.890922 0.008398 0.004753
0 0.573396 0.886407 0.008398 0.004753
0 0.630501 0.900190 0.008398 0.004753
0 0.630501 0.884030 0.008398 0.004753
0 0.675176 0.909458 0.008398 0.004753
0 0.675176 0.893298 0.008398 0.004753
0 0.715821 0.893298 0.008398 0.004753
0 0.741014 0.893298 0.008398 0.004753
0 0.781659 0.893298 0.008398 0.004753
0 0.818273 0.902567 0.008398 0.004753
0 0.818273 0.893298 0.008398 0.004753
0 0.866980 0.902567 0.008398 0.004753
0 0.866980 0.893298 0.008398 0.004753
0 0.891502 0.902567 0.008398 0.004753
0 0.891502 0.886407 0.008398 0.004753
0 0.930803 0.902567 0.008398 0.004753
0 0.930803 0.886407 0.008398 0.004753
0 0.439033 0.849572 0.008398 0.004753
0 0.439033 0.842681 0.008398 0.004753
0 0.476654 0.849572 0.008398 0.004753
0 0.476654 0.842681 0.008398 0.004753
0 0.511253 0.849572 0.008398 0.004753
0 0.511253 0.844819 0.008398 0.004753
0 0.549547 0.849572 0.008398 0.004753
0 0.549547 0.844819 0.008398 0.004753
0 0.115553 0.147101 0.008398 0.004753
0 0.138394 0.135456 0.008398 0.004753
0 0.161236 0.142348 0.008398 0.004753
0 0.184078 0.130941 0.008398 0.004753
0 0.206920 0.135456 0.008398 0.004753
0 0.229762 0.142348 0.008398 0.004753
0 0.252603 0.147101 0.008398 0.004753
0 0.275445 0.135456 0.008398 0.004753
0 0.298287 0.142348 0.008398 0.004753
0 0.321129 0.130941 0.008398 0.004753
0 0.343970 0.135456 0.008398 0.004753
0 0.366812 0.142348 0.008398 0.004753
0 0.400067 0.147101 0.008398 0.004753
0 0.422573 0.135456 0.008398 0.004753
0 0.445415 0.142348 0.008398 0.004753
0 0.467921 0.130941 0.008398 0.004753
0 0.490763 0.135456 0.008398 0.004753
0 0.513268 0.142348 0.008398 0.004753
0 0.536110 0.147101 0.008398 0.004753
0 0.558616 0.135456 0.008398 0.004753
0 0.581458 0.142348 0.008398 0.004753
0 0.603964 0.130941 0.008398 0.004753
0 0.626806 0.135456 0.008398 0.004753
0 0.649311 0.142348 0.008398 0.004753
0 0.681895 0.144724 0.008398 0.004753
0 0.704736 0.137833 0.008398 0.004753
0 0.727578 0.142348 0.008398 0.004753
0 0.750420 0.133317 0.008398 0.004753
0 0.772926 0.137833 0.008398 0.004753
0 0.795768 0.142348 0.008398 0.004753
0 0.818609 0.144724 0.008398 0.004753
0 0.841451 0.137833 0.008398 0.004753
0 0.863957 0.142348 0.008398 0.004753
0 0.886799 0.133317 0.008398 0.004753
0 0.909641 0.137833 0.008398 0.004753
0 0.932482 0.142348 0.008398 0.004753
0 0.115553 0.321768 0.008398 0.004753
0 0.138058 0.310124 0.008398 0.004753
0 0.160228 0.317015 0.008398 0.004753
0 0.182734 0.305608 0.008398 0.004753
0 0.204904 0.310124 0.008398 0.004753
0 0.227074 0.317015 0.008398 0.004753
0 0.249580 0.321768 0.008398 0.004753
0 0.271750 0.310124 0.008398 0.004753
0 0.293920 0.317015 0.008398 0.004753
0 0.316426 0.305608 0.008398 0.004753
0 0.338596 0.310124 0.008398 0.004753
0 0.360766 0.317015 0.008398 0.004753
0 0.402083 0.321768 0.008398 0.004753
0 0.424253 0.310124 0.008398 0.004753
0 0.446423 0.314876 0.008398 0.004753
0 0.468593 0.305608 0.008398 0.004753
0 0.490763 0.310124 0.008398 0.004753
0 0.512932 0.314876 0.008398 0.004753
0 0.535102 0.321768 0.008398 0.004753
0 0.557272 0.310124 0.008398 0.004753
0 0.579442 0.314876 0.008398 0.004753
0 0.601612 0.305608 0.008398 0.004753
0 0.623782 0.310124 0.008398 0.004753
0 0.646288 0.314876 0.008398 0.004753
0 0.680887 0.317015 0.008398 0.004753
0 0.703729 0.305608 0.008398 0.004753
0 0.726570 0.312500 0.008398 0.004753
0 0.749412 0.300856 0.008398 0.004753
0 0.772254 0.305608 0.008398 0.004753
0 0.795096 0.312500 0.008398 0.004753
0 0.817938 0.317015 0.008398 0.004753
0 0.840779 0.305608 0.008398 0.004753
0 0.863621 0.312500 0.008398 0.004753
0 0.886463 0.300856 0.008398 0.004753
0 0.909305 0.305608 0.008398 0.004753
0 0.932146 0.312500 0.008398 0.004753
0 0.123614 0.493346 0.008398 0.004753
0 0.146120 0.481939 0.008398 0.004753
0 0.168626 0.488831 0.008398 0.004753
0 0.191132 0.477186 0.008398 0.004753
0 0.213638 0.481939 0.008398 0.004753
0 0.236480 0.488831 0.008398 0.004753
0 0.258986 0.493346 0.008398 0.004753
0 0.281491 0.481939 0.008398 0.004753
0 0.303997 0.488831 0.008398 0.004753
0 0.326503 0.477186 0.008398 0.004753
0 0.349345 0.481939 0.008398 0.004753
0 0.371851 0.488831 0.008398 0.004753
0 0.408465 0.488831 0.008398 0.004753
0 0.430299 0.477186 0.008398 0.004753
0 0.452469 0.484078 0.008398 0.004753
0 0.474303 0.472671 0.008398 0.004753
0 0.496473 0.477186 0.008398 0.004753
0 0.518307 0.484078 0.008398 0.004753
0 0.540141 0.488831 0.008398 0.004753
0 0.562311 0.477186 0.008398 0.004753
0 0.584145 0.484078 0.008398 0.004753
0 0.605979 0.472671 0.008398 0.004753
0 0.628149 0.477186 0.008398 0.004753
0 0.649983 0.484078 0.008398 0.004753
0 0.682566 0.486454 0.008398 0.004753
0 0.705072 0.479563 0.008398 0.004753
0 0.727914 0.484078 0.008398 0.004753
0 0.750756 0.470295 0.008398 0.004753
0 0.773262 0.479563 0.008398 0.004753
0 0.796103 0.484078 0.008398 0.004753
0 0.818945 0.486454 0.008398 0.004753
0 0.841451 0.479563 0.008398 0.004753
0 0.864293 0.484078 0.008398 0.004753
0 0.887135 0.470295 0.008398 0.004753
0 0.909641 0.479563 0.008398 0.004753
0 0.932482 0.484078 0.008398 0.004753
0 0.115553 0.664686 0.008398 0.004753
0 0.131340 0.653042 0.008398 0.004753
0 0.148808 0.655418 0.008398 0.004753
0 0.164259 0.643774 0.008398 0.004753
0 0.182398 0.657557 0.008398 0.004753
0 0.198186 0.646150 0.008398 0.004753
0 0.213638 0.659933 0.008398 0.004753
0 0.229426 0.648527 0.008398 0.004753
0 0.244877 0.655418 0.008398 0.004753
0 0.260329 0.643774 0.008398 0.004753
0 0.276117 0.657557 0.008398 0.004753
0 0.291569 0.646150 0.008398 0.004753
0 0.316090 0.659933 0.008398 0.004753
0 0.334565 0.648527 0.008398 0.004753
0 0.353376 0.650665 0.008398 0.004753
0 0.371851 0.639259 0.008398 0.004753
0 0.390662 0.653042 0.008398 0.004753
0 0.411152 0.641635 0.008398 0.004753
0 0.429963 0.655418 0.008398 0.004753
0 0.448438 0.643774 0.008398 0.004753
0 0.467249 0.657557 0.008398 0.004753
0 0.486396 0.646150 0.008398 0.004753
0 0.505207 0.657557 0.008398 0.004753
0 0.524017 0.646150 0.008398 0.004753
0 0.550218 0.659933 0.008398 0.004753
0 0.550218 0.648527 0.008398 0.004753
0 0.745381 0.676093 0.008398 0.004753
0 0.745381 0.666825 0.008398 0.004753
0 0.753107 0.664686 0.008398 0.004753
0 0.121263 0.858840 0.008398 0.004753
0 0.121263 0.854087 0.008398 0.004753
0 0.156533 0.858840 0.008398 0.004753
0 0.156533 0.854087 0.008398 0.004753
0 0.178703 0.858840 0.008398 0.004753
0 0.178703 0.854087 0.008398 0.004753
0 0.214310 0.858840 0.008398 0.004753
0 0.214310 0.854087 0.008398 0.004753
0 0.249580 0.858840 0.008398 0.004753
0 0.249580 0.851711 0.008398 0.004753
0 0.290561 0.858840 0.008398 0.004753
0 0.290561 0.851711 0.008398 0.004753
0 0.311051 0.860979 0.008398 0.004753
0 0.311051 0.851711 0.008398 0.004753
0 0.343970 0.860979 0.008398 0.004753
0 0.343970 0.851711 0.008398 0.004753
0 0.376554 0.858840 0.008398 0.004753
0 0.376554 0.854087 0.008398 0.004753
0 0.406785 0.837928 0.008398 0.004753
0 0.439033 0.833413 0.008398 0.004753
0 0.457843 0.835551 0.008398 0.004753
0 0.476654 0.837928 0.008398 0.004753
0 0.511253 0.840304 0.008398 0.004753
0 0.573396 0.849572 0.008398 0.004753
0 0.573396 0.842681 0.008398 0.004753
0 0.630501 0.858840 0.008398 0.004753
0 0.630501 0.854087 0.008398 0.004753
0 0.630501 0.847196 0.008398 0.004753
0 0.675176 0.858840 0.008398 0.004753
0 0.683238 0.856464 0.008398 0.004753
0 0.675176 0.851711 0.008398 0.004753
0 0.715821 0.858840 0.008398 0.004753
0 0.723547 0.856464 0.008398 0.004753
0 0.715821 0.851711 0.008398 0.004753
0 0.741014 0.858840 0.008398 0.004753
0 0.748740 0.856464 0.008398 0.004753
0 0.741014 0.851711 0.008398 0.004753
0 0.781659 0.858840 0.008398 0.004753
0 0.789385 0.856464 0.008398 0.004753
0 0.781659 0.851711 0.008398 0.004753
0 0.818273 0.860979 0.008398 0.004753
0 0.818273 0.851711 0.008398 0.004753
0 0.866980 0.860979 0.008398 0.004753
0 0.866980 0.851711 0.008398 0.004753
0 0.891502 0.858840 0.008398 0.004753
0 0.891502 0.854087 0.008398 0.004753
0 0.930803 0.858840 0.008398 0.004753
0 0.930803 0.854087 0.008398 0.004753
0 0.550218 0.593156 0.008398 0.004753
0 0.629829 0.593156 0.008398 0.004753
0 0.671145 0.595295 0.008398 0.004753
0 0.645952 0.590779 0.005710 0.003327
0 0.653006 0.593156 0.005710 0.003327
0 0.704400 0.593156 0.008398 0.004753
0 0.115553 0.075095 0.008398 0.004753
0 0.206920 0.075095 0.008398 0.004753
0 0.252603 0.075095 0.008398 0.004753
0 0.343970 0.075095 0.008398 0.004753
0 0.400067 0.070342 0.008398 0.004753
0 0.536110 0.070342 0.008398 0.004753
0 0.626806 0.086502 0.008398 0.004753
0 0.681895 0.081987 0.008398 0.004753
0 0.727578 0.079610 0.008398 0.004753
0 0.772926 0.079610 0.008398 0.004753
0 0.818609 0.077234 0.008398 0.004753
0 0.863957 0.075095 0.008398 0.004753
0 0.909641 0.072719 0.008398 0.004753
0 0.115553 0.242158 0.008398 0.004753
0 0.160228 0.237643 0.008398 0.004753
0 0.204904 0.239781 0.008398 0.004753
0 0.249580 0.242158 0.008398 0.004753
0 0.293920 0.246673 0.008398 0.004753
0 0.338596 0.251426 0.008398 0.004753
0 0.402083 0.246673 0.008398 0.004753
0 0.490763 0.246673 0.008398 0.004753
0 0.535102 0.246673 0.008398 0.004753
0 0.623782 0.246673 0.008398 0.004753
0 0.680887 0.242158 0.008398 0.004753
0 0.123614 0.416825 0.008398 0.004753
0 0.258986 0.416825 0.008398 0.004753
0 0.303997 0.419202 0.008398 0.004753
0 0.349345 0.421340 0.008398 0.004753
0 0.408465 0.416825 0.008398 0.004753
0 0.540141 0.416825 0.008398 0.004753
0 0.584145 0.423717 0.008398 0.004753
0 0.628149 0.412310 0.008398 0.004753
0 0.682566 0.412310 0.008398 0.004753
0 0.818945 0.412310 0.008398 0.004753
0 0.909641 0.414449 0.008398 0.004753
0 0.115553 0.593156 0.008398 0.004753
0 0.213638 0.593156 0.008398 0.004753
0 0.316090 0.593156 0.008398 0.004753
0 0.550218 0.593156 0.008398 0.004753
0 0.576755 0.583888 0.005710 0.003327
0 0.603292 0.586264 0.005710 0.003327
0 0.629829 0.586264 0.005710 0.003327
0 0.671145 0.588403 0.005710 0.003327
0 0.697682 0.590779 0.005710 0.003327
0 0.745381 0.590779 0.008398 0.004753
0 0.767551 0.595295 0.008398 0.004753
0 0.790057 0.600048 0.008398 0.004753
0 0.812563 0.604563 0.008398 0.004753
0 0.855895 0.602186 0.008398 0.004753
0 0.832718 0.604563 0.005710 0.003327
0 0.839772 0.600048 0.005710 0.003327
0 0.890158 0.604563 0.008398 0.004753
0 0.916023 0.597671 0.008398 0.004753
0 0.121263 0.769011 0.008398 0.004753
0 0.178703 0.769011 0.008398 0.004753
0 0.214310 0.769011 0.008398 0.004753
0 0.249580 0.764259 0.008398 0.004753
0 0.270071 0.766635 0.008398 0.004753
0 0.290561 0.769011 0.008398 0.004753
0 0.311051 0.771150 0.008398 0.004753
0 0.376554 0.773527 0.008398 0.004753
0 0.439033 0.773527 0.008398 0.004753
0 0.597581 0.773527 0.008398 0.004753
0 0.630501 0.769011 0.008398 0.004753
0 0.675176 0.771150 0.008398 0.004753
0 0.818273 0.769011 0.008398 0.004753
0 0.842795 0.771150 0.008398 0.004753
0 0.866980 0.775903 0.008398 0.004753
0 0.891502 0.780418 0.008398 0.004753
0 0.930803 0.764259 0.008398 0.004753
