0 0.299631 0.419677 0.010749 0.006179
0 0.299631 0.413736 0.010749 0.006179
0 0.299631 0.407795 0.010749 0.006179
0 0.357071 0.419677 0.010749 0.006179
0 0.357071 0.413736 0.010749 0.006179
0 0.357071 0.407795 0.010749 0.006179
0 0.414511 0.419677 0.010749 0.006179
0 0.414511 0.413736 0.010749 0.006179
0 0.414511 0.407795 0.010749 0.006179
0 0.460531 0.419677 0.010749 0.006179
0 0.460531 0.413736 0.010749 0.006179
0 0.460531 0.407795 0.010749 0.006179
0 0.528048 0.419677 0.010749 0.006179
0 0.528048 0.413736 0.010749 0.006179
0 0.528048 0.407795 0.010749 0.006179
0 0.570373 0.419677 0.010749 0.006179
0 0.570373 0.413736 0.010749 0.006179
0 0.570373 0.407795 0.010749 0.006179
0 0.613033 0.419677 0.010749 0.006179
0 0.613033 0.413736 0.010749 0.006179
0 0.613033 0.407795 0.010749 0.006179
0 0.655358 0.419677 0.010749 0.006179
0 0.655358 0.413736 0.010749 0.006179
0 0.655358 0.407795 0.010749 0.006179
0 0.718509 0.422766 0.010749 0.006179
0 0.718509 0.416825 0.010749 0.006179
0 0.718509 0.407795 0.010749 0.006179
0 0.777628 0.422766 0.010749 0.006179
0 0.777628 0.416825 0.010749 0.006179
0 0.777628 0.407795 0.010749 0.006179
0 0.838092 0.419677 0.010749 0.006179
0 0.838092 0.413736 0.010749 0.006179
0 0.838092 0.407795 0.010749 0.006179
0 0.897212 0.419677 0.010749 0.006179
0 0.897212 0.413736 0.010749 0.006179
0 0.897212 0.407795 0.010749 0.006179
0 0.141082 0.725760 0.010749 0.006179
0 0.141082 0.719819 0.010749 0.006179
0 0.141082 0.713878 0.010749 0.006179
0 0.141082 0.704848 0.010749 0.006179
0 0.179711 0.725760 0.010749 0.006179
0 0.179711 0.719819 0.010749 0.006179
0 0.179711 0.713878 0.010749 0.006179
0 0.179711 0.704848 0.010749 0.006179
0 0.218341 0.725760 0.010749 0.006179
0 0.218341 0.719819 0.010749 0.006179
0 0.218341 0.713878 0.010749 0.006179
0 0.218341 0.704848 0.010749 0.006179
0 0.300974 0.710789 0.010749 0.006179
0 0.300974 0.704848 0.010749 0.006179
0 0.300974 0.696055 0.010749 0.006179
0 0.339940 0.710789 0.010749 0.006179
0 0.339940 0.704848 0.010749 0.006179
0 0.339940 0.696055 0.010749 0.006179
0 0.378905 0.710789 0.010749 0.006179
0 0.378905 0.704848 0.010749 0.006179
0 0.378905 0.696055 0.010749 0.006179
0 0.417870 0.710789 0.010749 0.006179
0 0.417870 0.704848 0.010749 0.006179
0 0.417870 0.696055 0.010749 0.006179
0 0.469936 0.707937 0.010749 0.006179
0 0.469936 0.701996 0.010749 0.006179
0 0.469936 0.696055 0.010749 0.006179
0 0.516963 0.707937 0.010749 0.006179
0 0.516963 0.701996 0.010749 0.006179
0 0.516963 0.696055 0.010749 0.006179
0 0.564327 0.707937 0.010749 0.006179
0 0.564327 0.701996 0.010749 0.006179
0 0.564327 0.692966 0.010749 0.006179
0 0.611354 0.719819 0.010749 0.006179
0 0.611354 0.713878 0.010749 0.006179
0 0.611354 0.704848 0.010749 0.006179
0 0.668458 0.716730 0.010749 0.006179
0 0.668458 0.710789 0.010749 0.006179
0 0.668458 0.704848 0.010749 0.006179
0 0.707424 0.707937 0.010749 0.006179
0 0.707424 0.701996 0.010749 0.006179
0 0.746725 0.704848 0.010749 0.006179
0 0.785690 0.704848 0.010749 0.006179
0 0.837420 0.698907 0.010749 0.006179
0 0.857911 0.704848 0.010749 0.006179
0 0.878401 0.701996 0.010749 0.006179
0 0.898556 0.698907 0.010749 0.006179
0 0.919046 0.669202 0.010749 0.006179
0 0.919046 0.663260 0.010749 0.006179
0 0.707424 0.666350 0.010749 0.006179
0 0.746725 0.669202 0.010749 0.006179
0 0.746725 0.663260 0.010749 0.006179
0 0.785690 0.666350 0.010749 0.006179
0 0.785690 0.660409 0.010749 0.006179
0 0.837420 0.660409 0.010749 0.006179
0 0.211958 0.366207 0.010749 0.006179
0 0.241854 0.363356 0.010749 0.006179
0 0.299631 0.360266 0.010749 0.006179
0 0.281156 0.357177 0.007390 0.004278
0 0.328183 0.363356 0.010749 0.006179
0 0.357071 0.360266 0.010749 0.006179
0 0.385623 0.357414 0.010749 0.006179
0 0.414511 0.360266 0.010749 0.006179
0 0.460531 0.357414 0.010749 0.006179
0 0.489419 0.354325 0.010749 0.006179
0 0.528048 0.351473 0.010749 0.006179
0 0.570373 0.366207 0.010749 0.006179
0 0.613033 0.360266 0.010749 0.006179
0 0.681895 0.357414 0.010749 0.006179
0 0.718509 0.360266 0.010749 0.006179
0 0.748069 0.363356 0.010749 0.006179
0 0.777628 0.348384 0.010749 0.006179
0 0.807188 0.363356 0.010749 0.006179
0 0.838092 0.363356 0.010749 0.006179
0 0.819953 0.360266 0.007390 0.004278
0 0.867652 0.366207 0.010749 0.006179
0 0.897212 0.351473 0.010749 0.006179
0 0.926772 0.366207 0.010749 0.006179
0 0.141082 0.663260 0.010749 0.006179
0 0.160228 0.666350 0.010749 0.006179
0 0.179711 0.660409 0.010749 0.006179
0 0.198858 0.663260 0.010749 0.006179
0 0.218341 0.666350 0.010749 0.006179
0 0.249244 0.642586 0.010749 0.006179
0 0.268727 0.639496 0.010749 0.006179
0 0.300974 0.636644 0.010749 0.006179
0 0.320457 0.657319 0.010749 0.006179
0 0.339940 0.648527 0.010749 0.006179
0 0.359422 0.642586 0.010749 0.006179
0 0.378905 0.636644 0.010749 0.006179
0 0.398388 0.648527 0.010749 0.006179
0 0.417870 0.627614 0.010749 0.006179
0 0.437689 0.630703 0.010749 0.006179
0 0.469936 0.630703 0.010749 0.006179
0 0.493450 0.633555 0.010749 0.006179
0 0.516963 0.624762 0.010749 0.006179
0 0.540813 0.627614 0.010749 0.006179
0 0.564327 0.630703 0.010749 0.006179
0 0.587840 0.633555 0.010749 0.006179
0 0.611354 0.636644 0.010749 0.006179
0 0.634867 0.639496 0.010749 0.006179
0 0.668458 0.642586 0.010749 0.006179
0 0.687941 0.636644 0.010749 0.006179
0 0.707424 0.639496 0.010749 0.006179
0 0.726906 0.645437 0.010749 0.006179
0 0.746725 0.645437 0.010749 0.006179
0 0.766208 0.648527 0.010749 0.006179
0 0.785690 0.648527 0.010749 0.006179
0 0.805173 0.651378 0.010749 0.006179
0 0.837420 0.645437 0.010749 0.006179
0 0.919046 0.648527 0.010749 0.006179
