0 0.838428 0.267586 0.009070 0.005228
0 0.896876 0.269962 0.009070 0.005228
0 0.124286 0.477186 0.009070 0.005228
0 0.285522 0.479563 0.009070 0.005228
0 0.350017 0.482177 0.009070 0.005228
0 0.424253 0.484791 0.009070 0.005228
0 0.667450 0.499762 0.009070 0.005228
0 0.827343 0.504990 0.009070 0.005228
0 0.126302 0.704848 0.009070 0.005228
0 0.310380 0.684648 0.009070 0.005228
0 0.310380 0.677281 0.009070 0.005228
0 0.481357 0.687262 0.009070 0.005228
0 0.481357 0.677281 0.009070 0.005228
0 0.525025 0.687262 0.009070 0.005228
0 0.525025 0.677281 0.009070 0.005228
0 0.686261 0.687262 0.009070 0.005228
0 0.686261 0.677281 0.009070 0.005228
0 0.746053 0.687262 0.009070 0.005228
0 0.746053 0.677281 0.009070 0.005228
0 0.133020 0.887120 0.009070 0.005228
0 0.133020 0.876901 0.009070 0.005228
0 0.183070 0.887120 0.009070 0.005228
0 0.183070 0.876901 0.009070 0.005228
0 0.354048 0.887120 0.009070 0.005228
0 0.354048 0.876901 0.009070 0.005228
0 0.422909 0.887120 0.009070 0.005228
0 0.422909 0.876901 0.009070 0.005228
0 0.698018 0.887120 0.009070 0.005228
0 0.698018 0.882129 0.009070 0.005228
0 0.755123 0.887120 0.009070 0.005228
0 0.755123 0.882129 0.009070 0.005228
0 0.189452 0.239781 0.009070 0.005228
0 0.189452 0.234791 0.009070 0.005228
0 0.189452 0.229563 0.009070 0.005228
0 0.291569 0.239781 0.009070 0.005228
0 0.291569 0.234791 0.009070 0.005228
0 0.291569 0.229563 0.009070 0.005228
0 0.428955 0.239781 0.009070 0.005228
0 0.420558 0.237167 0.009070 0.005228
0 0.420558 0.232177 0.009070 0.005228
0 0.428955 0.229563 0.009070 0.005228
0 0.569701 0.239781 0.009070 0.005228
0 0.561303 0.237167 0.009070 0.005228
0 0.561303 0.232177 0.009070 0.005228
0 0.569701 0.229563 0.009070 0.005228
0 0.691972 0.239781 0.009070 0.005228
0 0.691972 0.234791 0.009070 0.005228
0 0.691972 0.229563 0.009070 0.005228
0 0.838428 0.239781 0.009070 0.005228
0 0.124286 0.449382 0.009070 0.005228
0 0.124286 0.444154 0.009070 0.005228
0 0.285522 0.451759 0.009070 0.005228
0 0.285522 0.446768 0.009070 0.005228
0 0.285522 0.436787 0.009070 0.005228
0 0.293920 0.434173 0.009070 0.005228
0 0.424253 0.451759 0.009070 0.005228
0 0.424253 0.444154 0.009070 0.005228
0 0.424253 0.439163 0.009070 0.005228
0 0.424253 0.434173 0.009070 0.005228
0 0.532415 0.444154 0.009070 0.005228
0 0.532415 0.439163 0.009070 0.005228
0 0.532415 0.434173 0.009070 0.005228
0 0.667450 0.441778 0.009070 0.005228
0 0.667450 0.436787 0.009070 0.005228
0 0.667450 0.429183 0.009070 0.005228
0 0.827343 0.441778 0.009070 0.005228
0 0.827343 0.434173 0.009070 0.005228
0 0.827343 0.429183 0.009070 0.005228
0 0.126302 0.639259 0.009070 0.005228
0 0.126302 0.629278 0.009070 0.005228
0 0.126302 0.621673 0.009070 0.005228
0 0.310380 0.649477 0.009070 0.005228
0 0.310380 0.639259 0.009070 0.005228
0 0.481357 0.646863 0.009070 0.005228
0 0.481357 0.641873 0.009070 0.005228
0 0.525025 0.646863 0.009070 0.005228
0 0.525025 0.641873 0.009070 0.005228
0 0.568693 0.624049 0.009070 0.005228
0 0.686261 0.649477 0.009070 0.005228
0 0.686261 0.644249 0.009070 0.005228
0 0.686261 0.639259 0.009070 0.005228
0 0.746053 0.649477 0.009070 0.005228
0 0.746053 0.644249 0.009070 0.005228
0 0.746053 0.639259 0.009070 0.005228
0 0.820961 0.621673 0.009070 0.005228
0 0.133020 0.846721 0.009070 0.005228
0 0.133020 0.841730 0.009070 0.005228
0 0.183070 0.846721 0.009070 0.005228
0 0.183070 0.841730 0.009070 0.005228
0 0.233456 0.818916 0.009070 0.005228
0 0.354048 0.849097 0.009070 0.005228
0 0.354048 0.844106 0.009070 0.005228
0 0.354048 0.839116 0.009070 0.005228
0 0.422909 0.849097 0.009070 0.005228
0 0.422909 0.844106 0.009070 0.005228
0 0.422909 0.839116 0.009070 0.005228
0 0.515284 0.816302 0.009070 0.005228
0 0.698018 0.851711 0.009070 0.005228
0 0.698018 0.841730 0.009070 0.005228
0 0.755123 0.851711 0.009070 0.005228
0 0.755123 0.841730 0.009070 0.005228
0 0.812227 0.823907 0.009070 0.005228
0 0.240511 0.164924 0.009070 0.005228
0 0.291569 0.162310 0.009070 0.005228
0 0.342291 0.159933 0.009070 0.005228
0 0.428955 0.157319 0.009070 0.005228
0 0.464226 0.159933 0.009070 0.005228
0 0.499160 0.162310 0.009070 0.005228
0 0.534431 0.154705 0.009070 0.005228
0 0.569701 0.157319 0.009070 0.005228
0 0.626134 0.162310 0.009070 0.005228
0 0.728586 0.159933 0.009070 0.005228
0 0.765200 0.157319 0.009070 0.005228
0 0.801814 0.154705 0.009070 0.005228
0 0.838428 0.164924 0.009070 0.005228
0 0.164595 0.367871 0.009070 0.005228
0 0.204904 0.365494 0.009070 0.005228
0 0.245213 0.362880 0.009070 0.005228
0 0.285522 0.375475 0.009070 0.005228
0 0.478334 0.367871 0.009070 0.005228
0 0.532415 0.365494 0.009070 0.005228
0 0.586496 0.362880 0.009070 0.005228
0 0.667450 0.360504 0.009070 0.005228
0 0.707424 0.362880 0.009070 0.005228
0 0.747397 0.365494 0.009070 0.005228
0 0.787370 0.357890 0.009070 0.005228
0 0.827343 0.360504 0.009070 0.005228
0 0.891502 0.365494 0.009070 0.005228
0 0.166947 0.567490 0.009070 0.005228
0 0.207927 0.569867 0.009070 0.005228
0 0.248908 0.572481 0.009070 0.005228
0 0.310380 0.575095 0.009070 0.005228
0 0.351360 0.577471 0.009070 0.005228
0 0.392341 0.575095 0.009070 0.005228
0 0.442392 0.572481 0.009070 0.005228
0 0.481357 0.569867 0.009070 0.005228
0 0.568693 0.569867 0.009070 0.005228
0 0.623446 0.580086 0.009070 0.005228
0 0.686261 0.569867 0.009070 0.005228
0 0.746053 0.567490 0.009070 0.005228
0 0.783675 0.564876 0.009070 0.005228
0 0.820961 0.567490 0.009070 0.005228
0 0.880752 0.569867 0.009070 0.005228
0 0.918038 0.572481 0.009070 0.005228
0 0.133020 0.762357 0.009070 0.005228
0 0.183070 0.764971 0.009070 0.005228
0 0.283843 0.775190 0.009070 0.005228
0 0.354048 0.764971 0.009070 0.005228
0 0.422909 0.762357 0.009070 0.005228
0 0.484044 0.759981 0.009070 0.005228
0 0.515284 0.762357 0.009070 0.005228
0 0.583809 0.764971 0.009070 0.005228
0 0.633860 0.767586 0.009070 0.005228
0 0.698018 0.757367 0.009070 0.005228
0 0.812227 0.757367 0.009070 0.005228
0 0.848169 0.769962 0.009070 0.005228
0 0.883776 0.767586 0.009070 0.005228
0 0.919718 0.762357 0.009070 0.005228
