0 0.109506 0.448907 0.009405 0.005466
0 0.258650 0.451521 0.009405 0.005466
0 0.423581 0.454135 0.009405 0.005466
0 0.548203 0.446293 0.009405 0.005466
0 0.188445 0.175856 0.009405 0.005466
0 0.213302 0.175856 0.009405 0.005466
0 0.261337 0.178470 0.009405 0.005466
0 0.297615 0.178470 0.009405 0.005466
0 0.333893 0.181084 0.009405 0.005466
0 0.370507 0.181084 0.009405 0.005466
0 0.421229 0.230513 0.009405 0.005466
0 0.421229 0.212215 0.009405 0.005466
0 0.567686 0.212215 0.009405 0.005466
0 0.731945 0.214591 0.010749 0.005466
0 0.109506 0.443679 0.009405 0.005466
0 0.146792 0.438451 0.009405 0.005466
0 0.184078 0.430608 0.009405 0.005466
0 0.221364 0.438451 0.009405 0.005466
0 0.258650 0.443679 0.009405 0.005466
0 0.295936 0.438451 0.009405 0.005466
0 0.333221 0.430608 0.009405 0.005466
0 0.370507 0.438451 0.009405 0.005466
0 0.423581 0.438451 0.009405 0.005466
0 0.516963 0.430608 0.009405 0.005466
0 0.548203 0.433222 0.009405 0.005466
0 0.579106 0.435837 0.009405 0.005466
0 0.610346 0.438451 0.009405 0.005466
0 0.641250 0.441065 0.009405 0.005466
0 0.681223 0.456749 0.009405 0.005466
0 0.818273 0.441065 0.009405 0.005466
0 0.107491 0.674905 0.009405 0.005466
0 0.235136 0.674905 0.009405 0.005466
0 0.235136 0.661835 0.009405 0.005466
0 0.397044 0.667063 0.010749 0.005466
0 0.745717 0.685361 0.009405 0.005466
0 0.771918 0.674905 0.009405 0.005466
0 0.798119 0.667063 0.009405 0.005466
0 0.824656 0.656606 0.009405 0.005466
0 0.850857 0.648764 0.009405 0.005466
0 0.877057 0.656606 0.009405 0.005466
0 0.903258 0.667063 0.009405 0.005466
0 0.123614 0.888070 0.009405 0.005466
0 0.147800 0.869772 0.009405 0.005466
0 0.171649 0.864544 0.009405 0.005466
0 0.195835 0.869772 0.009405 0.005466
0 0.220020 0.877614 0.009405 0.005466
0 0.243870 0.869772 0.009405 0.005466
0 0.268055 0.864544 0.009405 0.005466
0 0.291905 0.869772 0.009405 0.005466
0 0.338932 0.882842 0.009405 0.005466
0 0.479342 0.882842 0.009405 0.005466
0 0.651663 0.893298 0.009405 0.005466
0 0.651663 0.882842 0.009405 0.005466
0 0.737655 0.893298 0.009405 0.005466
0 0.737655 0.882842 0.009405 0.005466
0 0.834733 0.893298 0.009405 0.005466
0 0.834733 0.882842 0.009405 0.005466
0 0.731945 0.178470 0.009405 0.005466
0 0.759825 0.173241 0.009405 0.005466
0 0.787706 0.165399 0.009405 0.005466
0 0.815922 0.173241 0.009405 0.005466
0 0.843802 0.178470 0.009405 0.005466
0 0.871683 0.173241 0.009405 0.005466
0 0.899563 0.165399 0.009405 0.005466
0 0.927780 0.173241 0.009405 0.005466
0 0.715821 0.404943 0.009405 0.005466
0 0.138394 0.635694 0.009405 0.005466
0 0.115553 0.154943 0.009405 0.005466
0 0.115553 0.149715 0.009405 0.005466
0 0.152167 0.173241 0.009405 0.005466
0 0.188445 0.175856 0.009405 0.005466
0 0.224723 0.173241 0.009405 0.005466
0 0.261337 0.170627 0.009405 0.005466
0 0.297615 0.170627 0.009405 0.005466
0 0.333893 0.168013 0.009405 0.005466
0 0.370507 0.168013 0.009405 0.005466
0 0.421229 0.178470 0.009405 0.005466
0 0.457843 0.173241 0.009405 0.005466
0 0.494458 0.165399 0.009405 0.005466
0 0.531072 0.173241 0.009405 0.005466
0 0.567686 0.178470 0.009405 0.005466
0 0.604300 0.173241 0.009405 0.005466
0 0.640914 0.165399 0.009405 0.005466
0 0.677528 0.173241 0.009405 0.005466
0 0.731945 0.154943 0.009405 0.005466
0 0.787706 0.147101 0.009405 0.005466
0 0.815922 0.154943 0.009405 0.005466
0 0.843802 0.160171 0.009405 0.005466
0 0.899563 0.157557 0.009405 0.005466
0 0.927780 0.154943 0.009405 0.005466
0 0.109506 0.404943 0.009405 0.005466
0 0.109506 0.391873 0.009405 0.005466
0 0.221364 0.391873 0.009405 0.005466
0 0.258650 0.389259 0.009405 0.005466
0 0.295936 0.391873 0.009405 0.005466
0 0.333221 0.389259 0.009405 0.005466
0 0.370507 0.386644 0.009405 0.005466
0 0.423581 0.384030 0.009405 0.005466
0 0.454820 0.397101 0.009405 0.005466
0 0.486060 0.391873 0.009405 0.005466
0 0.516963 0.384030 0.009405 0.005466
0 0.548203 0.386644 0.009405 0.005466
0 0.579106 0.389259 0.009405 0.005466
0 0.610346 0.391873 0.009405 0.005466
0 0.641250 0.394487 0.009405 0.005466
0 0.681223 0.381416 0.009405 0.005466
0 0.715485 0.404943 0.009405 0.005466
0 0.749748 0.399715 0.009405 0.005466
0 0.784011 0.394487 0.009405 0.005466
0 0.852872 0.397101 0.009405 0.005466
0 0.887135 0.394487 0.009405 0.005466
0 0.921397 0.391873 0.009405 0.005466
0 0.139402 0.635694 0.009405 0.005466
0 0.171313 0.630466 0.009405 0.005466
0 0.203225 0.622624 0.009405 0.005466
0 0.266711 0.625238 0.009405 0.005466
0 0.298623 0.635694 0.009405 0.005466
0 0.298623 0.622624 0.009405 0.005466
0 0.330534 0.635694 0.009405 0.005466
0 0.330534 0.622624 0.009405 0.005466
0 0.397044 0.638308 0.009405 0.005466
0 0.397044 0.633080 0.009405 0.005466
0 0.397044 0.620010 0.009405 0.005466
0 0.439033 0.633080 0.009405 0.005466
0 0.481021 0.620010 0.009405 0.005466
0 0.523010 0.633080 0.009405 0.005466
0 0.564662 0.638308 0.009405 0.005466
0 0.606651 0.633080 0.009405 0.005466
0 0.648640 0.620010 0.009405 0.005466
0 0.690628 0.633080 0.009405 0.005466
0 0.745717 0.627852 0.009405 0.005466
0 0.745717 0.620010 0.009405 0.005466
0 0.745717 0.609553 0.009405 0.005466
0 0.903258 0.627852 0.009405 0.005466
0 0.903258 0.620010 0.009405 0.005466
0 0.903258 0.609553 0.009405 0.005466
0 0.123614 0.841017 0.009405 0.005466
0 0.123614 0.835789 0.009405 0.005466
0 0.123614 0.828184 0.009405 0.005466
0 0.123614 0.822956 0.009405 0.005466
0 0.147800 0.822956 0.009405 0.005466
0 0.171649 0.817728 0.009405 0.005466
0 0.195835 0.822956 0.009405 0.005466
0 0.220020 0.828184 0.009405 0.005466
0 0.268055 0.825570 0.009405 0.005466
0 0.291905 0.822956 0.009405 0.005466
0 0.338932 0.846245 0.009405 0.005466
0 0.338932 0.841017 0.009405 0.005466
0 0.338932 0.833413 0.009405 0.005466
0 0.338932 0.828184 0.009405 0.005466
0 0.479342 0.846245 0.009405 0.005466
0 0.479342 0.841017 0.009405 0.005466
0 0.479342 0.833413 0.009405 0.005466
0 0.557608 0.843631 0.009405 0.005466
0 0.566342 0.841017 0.009405 0.005466
0 0.557608 0.835789 0.009405 0.005466
0 0.651663 0.846245 0.009405 0.005466
0 0.673161 0.841017 0.009405 0.005466
0 0.694659 0.833413 0.009405 0.005466
0 0.716157 0.841017 0.009405 0.005466
0 0.737655 0.846245 0.009405 0.005466
0 0.759154 0.841017 0.009405 0.005466
0 0.780316 0.833413 0.009405 0.005466
0 0.801814 0.841017 0.009405 0.005466
0 0.834733 0.846245 0.009405 0.005466
0 0.421229 0.077709 0.009405 0.005466
0 0.494458 0.072481 0.009405 0.005466
0 0.531072 0.077709 0.009405 0.005466
0 0.567686 0.082937 0.009405 0.005466
0 0.604300 0.082937 0.009405 0.005466
0 0.640914 0.080323 0.009405 0.005466
0 0.677528 0.077709 0.009405 0.005466
0 0.731945 0.082937 0.009405 0.005466
0 0.843802 0.082937 0.009405 0.005466
0 0.927780 0.082937 0.009405 0.005466
0 0.109506 0.312738 0.009405 0.005466
0 0.221364 0.312738 0.009405 0.005466
0 0.258650 0.310124 0.009405 0.005466
0 0.295936 0.312738 0.009405 0.005466
0 0.333221 0.310124 0.009405 0.005466
0 0.370507 0.307510 0.009405 0.005466
0 0.423581 0.304895 0.009405 0.005466
0 0.715485 0.307510 0.009405 0.005466
0 0.749748 0.304895 0.009405 0.005466
0 0.784011 0.302281 0.009405 0.005466
0 0.818273 0.310124 0.009405 0.005466
0 0.107491 0.541587 0.009405 0.005466
0 0.139402 0.541587 0.009405 0.005466
0 0.171313 0.538973 0.009405 0.005466
0 0.203225 0.536359 0.009405 0.005466
0 0.235136 0.544202 0.009405 0.005466
0 0.397044 0.549430 0.009405 0.005466
0 0.481021 0.549430 0.009405 0.005466
0 0.523010 0.546816 0.009405 0.005466
0 0.564662 0.544202 0.009405 0.005466
0 0.606651 0.546816 0.009405 0.005466
0 0.648640 0.544202 0.009405 0.005466
0 0.690628 0.541587 0.009405 0.005466
0 0.745717 0.538973 0.009405 0.005466
0 0.903258 0.538973 0.009405 0.005466
0 0.338932 0.762357 0.009405 0.005466
0 0.377897 0.762357 0.009405 0.005466
0 0.416863 0.757129 0.009405 0.005466
0 0.479342 0.767586 0.009405 0.005466
0 0.518643 0.767586 0.009405 0.005466
0 0.557608 0.764971 0.009405 0.005466
0 0.596574 0.762357 0.009405 0.005466
0 0.651663 0.767586 0.010749 0.005466
