0 0.142425 0.295390 0.009070 0.005228
0 0.142425 0.285171 0.009070 0.005228
0 0.142425 0.277567 0.009070 0.005228
0 0.192812 0.305371 0.009070 0.005228
0 0.192812 0.287785 0.009070 0.005228
0 0.209943 0.282795 0.009070 0.005228
0 0.209943 0.277567 0.009070 0.005228
0 0.209943 0.269962 0.009070 0.005228
0 0.226738 0.282795 0.009070 0.005228
0 0.226738 0.277567 0.009070 0.005228
0 0.226738 0.269962 0.009070 0.005228
0 0.243870 0.282795 0.009070 0.005228
0 0.243870 0.277567 0.009070 0.005228
0 0.243870 0.269962 0.009070 0.005228
0 0.261001 0.305371 0.009070 0.005228
0 0.261001 0.287785 0.009070 0.005228
0 0.277796 0.282795 0.009070 0.005228
0 0.277796 0.277567 0.009070 0.005228
0 0.277796 0.269962 0.009070 0.005228
0 0.294928 0.282795 0.009070 0.005228
0 0.294928 0.277567 0.009070 0.005228
0 0.294928 0.269962 0.009070 0.005228
0 0.312059 0.282795 0.009070 0.005228
0 0.312059 0.277567 0.009070 0.005228
0 0.312059 0.269962 0.009070 0.005228
0 0.357407 0.295390 0.009070 0.005228
0 0.371851 0.285171 0.009070 0.005228
0 0.386295 0.277567 0.009070 0.005228
0 0.386295 0.272576 0.009070 0.005228
0 0.400739 0.285171 0.009070 0.005228
0 0.415183 0.295390 0.009070 0.005228
0 0.429627 0.285171 0.009070 0.005228
0 0.444071 0.277567 0.009070 0.005228
0 0.444071 0.272576 0.009070 0.005228
0 0.458515 0.285171 0.009070 0.005228
0 0.548875 0.302994 0.009070 0.005228
0 0.579106 0.285171 0.009070 0.005228
0 0.622775 0.280181 0.009070 0.005228
0 0.622775 0.269962 0.009070 0.005228
0 0.652670 0.285171 0.009070 0.005228
0 0.689956 0.302994 0.009070 0.005228
0 0.722204 0.285171 0.009070 0.005228
0 0.752099 0.280181 0.009070 0.005228
0 0.752099 0.269962 0.009070 0.005228
0 0.783675 0.285171 0.009070 0.005228
0 0.831038 0.295390 0.009070 0.005228
0 0.845146 0.285171 0.009070 0.005228
0 0.859254 0.277567 0.009070 0.005228
0 0.859254 0.272576 0.009070 0.005228
0 0.873362 0.285171 0.009070 0.005228
0 0.887807 0.295390 0.009070 0.005228
0 0.901915 0.285171 0.009070 0.005228
0 0.916023 0.277567 0.009070 0.005228
0 0.916023 0.272576 0.009070 0.005228
0 0.930131 0.285171 0.009070 0.005228
0 0.142425 0.591968 0.009070 0.005228
0 0.142425 0.574382 0.009070 0.005228
0 0.167954 0.569154 0.009070 0.005228
0 0.167954 0.564163 0.009070 0.005228
0 0.167954 0.556559 0.009070 0.005228
0 0.193819 0.569154 0.009070 0.005228
0 0.193819 0.564163 0.009070 0.005228
0 0.193819 0.556559 0.009070 0.005228
0 0.219684 0.569154 0.009070 0.005228
0 0.219684 0.564163 0.009070 0.005228
0 0.219684 0.556559 0.009070 0.005228
0 0.245549 0.589354 0.009070 0.005228
0 0.245549 0.574382 0.009070 0.005228
0 0.271414 0.569154 0.009070 0.005228
0 0.271414 0.564163 0.009070 0.005228
0 0.271414 0.556559 0.009070 0.005228
0 0.297279 0.569154 0.009070 0.005228
0 0.297279 0.564163 0.009070 0.005228
0 0.297279 0.556559 0.009070 0.005228
0 0.323144 0.569154 0.009070 0.005228
0 0.323144 0.564163 0.009070 0.005228
0 0.323144 0.556559 0.009070 0.005228
0 0.366140 0.581749 0.009070 0.005228
0 0.394693 0.571768 0.009070 0.005228
0 0.423581 0.564163 0.009070 0.005228
0 0.423581 0.559173 0.009070 0.005228
0 0.452133 0.571768 0.009070 0.005228
0 0.481021 0.581749 0.009070 0.005228
0 0.509573 0.571768 0.009070 0.005228
0 0.538126 0.564163 0.009070 0.005228
0 0.538126 0.559173 0.009070 0.005228
0 0.567014 0.571768 0.009070 0.005228
0 0.607659 0.589354 0.009070 0.005228
0 0.632852 0.571768 0.009070 0.005228
0 0.658045 0.566778 0.009070 0.005228
0 0.658045 0.556559 0.009070 0.005228
0 0.683238 0.571768 0.009070 0.005228
0 0.708095 0.589354 0.009070 0.005228
0 0.733289 0.571768 0.009070 0.005228
0 0.758482 0.566778 0.009070 0.005228
0 0.758482 0.556559 0.009070 0.005228
0 0.783675 0.571768 0.009070 0.005228
0 0.828687 0.581749 0.009070 0.005228
0 0.850185 0.564163 0.009070 0.005228
0 0.871683 0.571768 0.009070 0.005228
0 0.893181 0.576759 0.009070 0.005228
0 0.914679 0.581749 0.009070 0.005228
0 0.142425 0.244772 0.009070 0.005228
0 0.142425 0.232177 0.009070 0.005228
0 0.142425 0.227186 0.009070 0.005228
0 0.192812 0.242395 0.009070 0.005228
0 0.192812 0.229563 0.009070 0.005228
0 0.192812 0.224572 0.009070 0.005228
0 0.226738 0.237167 0.009070 0.005228
0 0.226738 0.224572 0.009070 0.005228
0 0.226738 0.219582 0.009070 0.005228
0 0.261001 0.229563 0.009070 0.005228
0 0.261001 0.224572 0.009070 0.005228
0 0.261001 0.211977 0.009070 0.005228
0 0.312059 0.242395 0.009070 0.005228
0 0.312059 0.237167 0.009070 0.005228
0 0.312059 0.229563 0.009070 0.005228
0 0.312059 0.224572 0.009070 0.005228
0 0.357407 0.244772 0.009070 0.005228
0 0.357407 0.237167 0.009070 0.005228
0 0.357407 0.232177 0.009070 0.005228
0 0.357407 0.227186 0.009070 0.005228
0 0.386295 0.237167 0.009070 0.005228
0 0.386295 0.232177 0.009070 0.005228
0 0.386295 0.227186 0.009070 0.005228
0 0.386295 0.219582 0.009070 0.005228
0 0.415183 0.232177 0.009070 0.005228
0 0.415183 0.227186 0.009070 0.005228
0 0.415183 0.219582 0.009070 0.005228
0 0.415183 0.214591 0.009070 0.005228
0 0.444071 0.237167 0.009070 0.005228
0 0.444071 0.232177 0.009070 0.005228
0 0.444071 0.227186 0.009070 0.005228
0 0.444071 0.219582 0.009070 0.005228
0 0.548875 0.239781 0.009070 0.005228
0 0.548875 0.234791 0.009070 0.005228
0 0.548875 0.229563 0.009070 0.005228
0 0.548875 0.221958 0.009070 0.005228
0 0.597917 0.242395 0.009070 0.005228
0 0.597917 0.224572 0.009070 0.005228
0 0.622775 0.239781 0.009070 0.005228
0 0.622775 0.221958 0.009070 0.005228
0 0.652670 0.237167 0.009070 0.005228
0 0.652670 0.219582 0.009070 0.005228
0 0.689956 0.234791 0.009070 0.005228
0 0.689956 0.229563 0.009070 0.005228
0 0.689956 0.216968 0.009070 0.005228
0 0.722204 0.234791 0.009070 0.005228
0 0.722204 0.229563 0.009070 0.005228
0 0.722204 0.216968 0.009070 0.005228
0 0.752099 0.229563 0.009070 0.005228
0 0.752099 0.224572 0.009070 0.005228
0 0.752099 0.211977 0.009070 0.005228
0 0.783675 0.229563 0.009070 0.005228
0 0.783675 0.224572 0.009070 0.005228
0 0.783675 0.211977 0.009070 0.005228
0 0.831038 0.232177 0.009070 0.005228
0 0.831038 0.227186 0.009070 0.005228
0 0.831038 0.214591 0.009070 0.005228
0 0.887807 0.237167 0.009070 0.005228
0 0.887807 0.232177 0.009070 0.005228
0 0.887807 0.227186 0.009070 0.005228
0 0.887807 0.219582 0.009070 0.005228
0 0.930131 0.244772 0.009070 0.005228
0 0.930131 0.237167 0.009070 0.005228
0 0.930131 0.232177 0.009070 0.005228
0 0.930131 0.227186 0.009070 0.005228
0 0.142425 0.528755 0.009070 0.005228
0 0.142425 0.516160 0.009070 0.005228
0 0.142425 0.511169 0.009070 0.005228
0 0.193819 0.523764 0.009070 0.005228
0 0.193819 0.511169 0.009070 0.005228
0 0.193819 0.506179 0.009070 0.005228
0 0.245549 0.516160 0.009070 0.005228
0 0.245549 0.511169 0.009070 0.005228
0 0.245549 0.498574 0.009070 0.005228
0 0.323144 0.528755 0.009070 0.005228
0 0.323144 0.516160 0.009070 0.005228
0 0.323144 0.511169 0.009070 0.005228
0 0.366140 0.531369 0.009070 0.005228
0 0.366140 0.523764 0.009070 0.005228
0 0.366140 0.518774 0.009070 0.005228
0 0.366140 0.513546 0.009070 0.005228
0 0.394693 0.531369 0.009070 0.005228
0 0.394693 0.523764 0.009070 0.005228
0 0.394693 0.518774 0.009070 0.005228
0 0.394693 0.513546 0.009070 0.005228
0 0.423581 0.523764 0.009070 0.005228
0 0.423581 0.518774 0.009070 0.005228
0 0.423581 0.513546 0.009070 0.005228
0 0.423581 0.506179 0.009070 0.005228
0 0.452133 0.523764 0.009070 0.005228
0 0.452133 0.518774 0.009070 0.005228
0 0.452133 0.513546 0.009070 0.005228
0 0.452133 0.506179 0.009070 0.005228
0 0.481021 0.518774 0.009070 0.005228
0 0.481021 0.513546 0.009070 0.005228
0 0.481021 0.506179 0.009070 0.005228
0 0.481021 0.500951 0.009070 0.005228
0 0.567014 0.523764 0.009070 0.005228
0 0.567014 0.518774 0.009070 0.005228
0 0.567014 0.513546 0.009070 0.005228
0 0.567014 0.506179 0.009070 0.005228
0 0.607659 0.526378 0.009070 0.005228
0 0.607659 0.521150 0.009070 0.005228
0 0.607659 0.508555 0.009070 0.005228
0 0.683238 0.523764 0.009070 0.005228
0 0.683238 0.518774 0.009070 0.005228
0 0.683238 0.506179 0.009070 0.005228
0 0.708095 0.518774 0.009070 0.005228
0 0.708095 0.513546 0.009070 0.005228
0 0.708095 0.500951 0.009070 0.005228
0 0.733289 0.521150 0.009070 0.005228
0 0.733289 0.516160 0.009070 0.005228
0 0.733289 0.503565 0.009070 0.005228
0 0.783675 0.526378 0.009070 0.005228
0 0.783675 0.521150 0.009070 0.005228
0 0.783675 0.508555 0.009070 0.005228
0 0.828687 0.523764 0.009070 0.005228
0 0.828687 0.518774 0.009070 0.005228
0 0.828687 0.513546 0.009070 0.005228
0 0.828687 0.505941 0.009070 0.005228
0 0.142425 0.189163 0.009070 0.005228
0 0.142425 0.171578 0.009070 0.005228
0 0.192812 0.181559 0.009070 0.005228
0 0.192812 0.171578 0.009070 0.005228
0 0.226738 0.181559 0.009070 0.005228
0 0.226738 0.176568 0.009070 0.005228
0 0.261001 0.181559 0.009070 0.005228
0 0.261001 0.171578 0.009070 0.005228
0 0.312059 0.181559 0.009070 0.005228
0 0.312059 0.176568 0.009070 0.005228
0 0.357407 0.189163 0.009070 0.005228
0 0.357407 0.171578 0.009070 0.005228
0 0.386295 0.189163 0.009070 0.005228
0 0.386295 0.179183 0.009070 0.005228
0 0.415183 0.189163 0.009070 0.005228
0 0.415183 0.171578 0.009070 0.005228
0 0.458515 0.184173 0.009070 0.005228
0 0.458515 0.179183 0.009070 0.005228
0 0.498824 0.184173 0.009070 0.005228
0 0.498824 0.179183 0.009070 0.005228
0 0.548875 0.179183 0.009070 0.005228
0 0.548875 0.168964 0.009070 0.005228
0 0.597917 0.179183 0.009070 0.005228
0 0.597917 0.166587 0.009070 0.005228
0 0.622775 0.179183 0.009070 0.005228
0 0.622775 0.168964 0.009070 0.005228
0 0.652670 0.179183 0.009070 0.005228
0 0.652670 0.171578 0.009070 0.005228
0 0.689956 0.179183 0.009070 0.005228
0 0.689956 0.174192 0.009070 0.005228
0 0.722204 0.179183 0.009070 0.005228
0 0.722204 0.174192 0.009070 0.005228
0 0.752099 0.179183 0.009070 0.005228
0 0.752099 0.168964 0.009070 0.005228
0 0.783675 0.179183 0.009070 0.005228
0 0.783675 0.168964 0.009070 0.005228
0 0.831038 0.189163 0.009070 0.005228
0 0.831038 0.171578 0.009070 0.005228
0 0.887807 0.189163 0.009070 0.005228
0 0.887807 0.179183 0.009070 0.005228
0 0.930131 0.184173 0.009070 0.005228
0 0.930131 0.171578 0.009070 0.005228
0 0.142425 0.468156 0.009070 0.005228
0 0.142425 0.458175 0.009070 0.005228
0 0.193819 0.468156 0.009070 0.005228
0 0.193819 0.458175 0.009070 0.005228
0 0.245549 0.468156 0.009070 0.005228
0 0.245549 0.458175 0.009070 0.005228
0 0.323144 0.468156 0.009070 0.005228
0 0.323144 0.458175 0.009070 0.005228
0 0.366140 0.475760 0.009070 0.005228
0 0.366140 0.458175 0.009070 0.005228
0 0.394693 0.475760 0.009070 0.005228
0 0.394693 0.458175 0.009070 0.005228
0 0.423581 0.470770 0.009070 0.005228
0 0.423581 0.465542 0.009070 0.005228
0 0.452133 0.465542 0.009070 0.005228
0 0.452133 0.458175 0.009070 0.005228
0 0.481021 0.475760 0.009070 0.005228
0 0.481021 0.458175 0.009070 0.005228
0 0.567014 0.470770 0.009070 0.005228
0 0.567014 0.465542 0.009070 0.005228
0 0.607659 0.465542 0.009070 0.005228
0 0.607659 0.455561 0.009070 0.005228
0 0.683238 0.465542 0.009070 0.005228
0 0.683238 0.458175 0.009070 0.005228
0 0.708095 0.465542 0.009070 0.005228
0 0.708095 0.460551 0.009070 0.005228
0 0.733289 0.465542 0.009070 0.005228
0 0.733289 0.455561 0.009070 0.005228
0 0.783675 0.465542 0.009070 0.005228
0 0.828687 0.475760 0.009070 0.005228
0 0.828687 0.465542 0.009070 0.005228
0 0.142425 0.119297 0.009070 0.005228
0 0.142425 0.114306 0.009070 0.005228
0 0.192812 0.116920 0.009070 0.005228
0 0.192812 0.111930 0.009070 0.005228
0 0.226738 0.116920 0.009070 0.005228
0 0.226738 0.106702 0.009070 0.005228
0 0.261001 0.111930 0.009070 0.005228
0 0.261001 0.099097 0.009070 0.005228
0 0.312059 0.116920 0.009070 0.005228
0 0.312059 0.111930 0.009070 0.005228
0 0.357407 0.119297 0.009070 0.005228
0 0.357407 0.114306 0.009070 0.005228
0 0.386295 0.119297 0.009070 0.005228
0 0.386295 0.106702 0.009070 0.005228
0 0.415183 0.114306 0.009070 0.005228
0 0.415183 0.101711 0.009070 0.005228
0 0.458515 0.119297 0.009070 0.005228
0 0.458515 0.106702 0.009070 0.005228
0 0.498824 0.119297 0.009070 0.005228
0 0.498824 0.106702 0.009070 0.005228
0 0.548875 0.121911 0.009070 0.005228
0 0.548875 0.109316 0.009070 0.005228
0 0.597917 0.124525 0.009070 0.005228
0 0.597917 0.111930 0.009070 0.005228
0 0.622775 0.121911 0.009070 0.005228
0 0.622775 0.109316 0.009070 0.005228
0 0.652670 0.119297 0.009070 0.005228
0 0.652670 0.106702 0.009070 0.005228
0 0.689956 0.116920 0.009070 0.005228
0 0.689956 0.104325 0.009070 0.005228
0 0.722204 0.116920 0.009070 0.005228
0 0.722204 0.104325 0.009070 0.005228
0 0.752099 0.111930 0.009070 0.005228
0 0.752099 0.099097 0.009070 0.005228
0 0.783675 0.111930 0.009070 0.005228
0 0.783675 0.099097 0.009070 0.005228
0 0.831038 0.114306 0.009070 0.005228
0 0.831038 0.101711 0.009070 0.005228
0 0.887807 0.119297 0.009070 0.005228
0 0.887807 0.106702 0.009070 0.005228
0 0.930131 0.119297 0.009070 0.005228
0 0.930131 0.114306 0.009070 0.005228
0 0.142425 0.403042 0.009070 0.005228
0 0.142425 0.398051 0.009070 0.005228
0 0.193819 0.403042 0.009070 0.005228
0 0.193819 0.392823 0.009070 0.005228
0 0.245549 0.398051 0.009070 0.005228
0 0.245549 0.385219 0.009070 0.005228
0 0.323144 0.403042 0.009070 0.005228
0 0.323144 0.398051 0.009070 0.005228
0 0.366140 0.405656 0.009070 0.005228
0 0.366140 0.400428 0.009070 0.005228
0 0.394693 0.405656 0.009070 0.005228
0 0.394693 0.400428 0.009070 0.005228
0 0.423581 0.405656 0.009070 0.005228
0 0.423581 0.392823 0.009070 0.005228
0 0.452133 0.405656 0.009070 0.005228
0 0.452133 0.392823 0.009070 0.005228
0 0.481021 0.400428 0.009070 0.005228
0 0.481021 0.387833 0.009070 0.005228
0 0.567014 0.405656 0.009070 0.005228
0 0.567014 0.392823 0.009070 0.005228
0 0.607659 0.408032 0.009070 0.005228
0 0.607659 0.395437 0.009070 0.005228
0 0.683238 0.405656 0.009070 0.005228
0 0.683238 0.392823 0.009070 0.005228
0 0.708095 0.400428 0.009070 0.005228
0 0.708095 0.387833 0.009070 0.005228
0 0.733289 0.403042 0.009070 0.005228
0 0.733289 0.390447 0.009070 0.005228
0 0.783675 0.408032 0.009070 0.005228
0 0.783675 0.395437 0.009070 0.005228
0 0.828687 0.405418 0.009070 0.005228
0 0.828687 0.392823 0.009070 0.005228
