0 0.131676 0.214829 0.009405 0.005466
0 0.131676 0.209601 0.009405 0.005466
0 0.131676 0.204373 0.009405 0.005466
0 0.152503 0.199144 0.009405 0.005466
0 0.167618 0.214829 0.009405 0.005466
0 0.167618 0.209601 0.009405 0.005466
0 0.167618 0.204373 0.009405 0.005466
0 0.182398 0.199144 0.009405 0.005466
0 0.197514 0.214829 0.009405 0.005466
0 0.197514 0.209601 0.009405 0.005466
0 0.197514 0.204373 0.009405 0.005466
0 0.212630 0.199144 0.009405 0.005466
0 0.227410 0.214829 0.009405 0.005466
0 0.227410 0.209601 0.009405 0.005466
0 0.227410 0.204373 0.009405 0.005466
0 0.242526 0.199144 0.009405 0.005466
0 0.262345 0.214829 0.009405 0.005466
0 0.262345 0.209601 0.009405 0.005466
0 0.262345 0.204373 0.009405 0.005466
0 0.277461 0.201759 0.009405 0.005466
0 0.292576 0.214829 0.009405 0.005466
0 0.292576 0.209601 0.009405 0.005466
0 0.292576 0.204373 0.009405 0.005466
0 0.307356 0.201759 0.009405 0.005466
0 0.322472 0.214829 0.009405 0.005466
0 0.322472 0.209601 0.009405 0.005466
0 0.322472 0.204373 0.009405 0.005466
0 0.337588 0.201759 0.009405 0.005466
0 0.352704 0.214829 0.009405 0.005466
0 0.352704 0.209601 0.009405 0.005466
0 0.352704 0.204373 0.009405 0.005466
0 0.367484 0.201759 0.009405 0.005466
0 0.402083 0.212215 0.009405 0.005466
0 0.402083 0.204373 0.009405 0.005466
0 0.402083 0.199144 0.009405 0.005466
0 0.434330 0.212215 0.009405 0.005466
0 0.434330 0.201759 0.009405 0.005466
0 0.482029 0.204373 0.009405 0.005466
0 0.482029 0.199144 0.009405 0.005466
0 0.580114 0.212215 0.009405 0.005466
0 0.580114 0.201759 0.009405 0.005466
0 0.668458 0.212215 0.009405 0.005466
0 0.668458 0.201759 0.009405 0.005466
0 0.764864 0.212215 0.009405 0.005466
0 0.764864 0.204373 0.009405 0.005466
0 0.764864 0.199144 0.009405 0.005466
0 0.869332 0.212215 0.009405 0.005466
0 0.869332 0.204373 0.009405 0.005466
0 0.869332 0.199144 0.009405 0.005466
0 0.125294 0.438451 0.009405 0.005466
0 0.125294 0.433222 0.009405 0.005466
0 0.125294 0.427994 0.009405 0.005466
0 0.125294 0.422529 0.009405 0.005466
0 0.252267 0.438451 0.009405 0.005466
0 0.252267 0.430608 0.009405 0.005466
0 0.252267 0.425380 0.009405 0.005466
0 0.390326 0.438451 0.009405 0.005466
0 0.390326 0.433222 0.009405 0.005466
0 0.390326 0.427994 0.009405 0.005466
0 0.448102 0.446293 0.009405 0.005466
0 0.448102 0.435837 0.009405 0.005466
0 0.448102 0.427994 0.009405 0.005466
0 0.505878 0.438451 0.009405 0.005466
0 0.505878 0.427994 0.009405 0.005466
0 0.528048 0.441065 0.009405 0.005466
0 0.545852 0.438451 0.009405 0.005466
0 0.563991 0.435837 0.009405 0.005466
0 0.582130 0.438451 0.009405 0.005466
0 0.601948 0.441065 0.009405 0.005466
0 0.620087 0.443679 0.009405 0.005466
0 0.637890 0.446293 0.009405 0.005466
0 0.675848 0.448907 0.009405 0.005466
0 0.815922 0.459601 0.009405 0.005466
0 0.815922 0.441065 0.009405 0.005466
0 0.131676 0.681797 0.009405 0.005466
0 0.131676 0.671340 0.009405 0.005466
0 0.131676 0.666112 0.009405 0.005466
0 0.286530 0.673954 0.009405 0.005466
0 0.286530 0.668726 0.009405 0.005466
0 0.461538 0.684648 0.009405 0.005466
0 0.461538 0.666112 0.009405 0.005466
0 0.526033 0.692490 0.009405 0.005466
0 0.526033 0.673954 0.009405 0.005466
0 0.590527 0.679183 0.009405 0.005466
0 0.590527 0.660884 0.009405 0.005466
0 0.654686 0.684648 0.009405 0.005466
0 0.654686 0.666112 0.009405 0.005466
0 0.734632 0.673954 0.009405 0.005466
0 0.734632 0.655656 0.009405 0.005466
0 0.770238 0.673954 0.009405 0.005466
0 0.770238 0.655656 0.009405 0.005466
0 0.824992 0.666112 0.009405 0.005466
0 0.824992 0.655656 0.009405 0.005466
0 0.122607 0.871911 0.009405 0.005466
0 0.219012 0.877139 0.009405 0.005466
0 0.326503 0.884981 0.009405 0.005466
0 0.428619 0.887595 0.009405 0.005466
0 0.428619 0.882367 0.009405 0.005466
0 0.428619 0.877139 0.009405 0.005466
0 0.428619 0.871911 0.009405 0.005466
0 0.507894 0.884981 0.009405 0.005466
0 0.507894 0.877139 0.009405 0.005466
0 0.507894 0.871911 0.009405 0.005466
0 0.538126 0.884981 0.009405 0.005466
0 0.538126 0.877139 0.009405 0.005466
0 0.538126 0.871911 0.009405 0.005466
0 0.576083 0.884981 0.009405 0.005466
0 0.576083 0.877139 0.009405 0.005466
0 0.576083 0.871911 0.009405 0.005466
0 0.614377 0.884981 0.009405 0.005466
0 0.614377 0.877139 0.009405 0.005466
0 0.614377 0.871911 0.009405 0.005466
0 0.652335 0.884981 0.009405 0.005466
0 0.652335 0.877139 0.009405 0.005466
0 0.652335 0.871911 0.009405 0.005466
0 0.690292 0.884981 0.009405 0.005466
0 0.690292 0.877139 0.009405 0.005466
0 0.690292 0.871911 0.009405 0.005466
0 0.728250 0.884981 0.009405 0.005466
0 0.728250 0.877139 0.009405 0.005466
0 0.728250 0.871911 0.009405 0.005466
0 0.766544 0.884981 0.009405 0.005466
0 0.766544 0.877139 0.009405 0.005466
0 0.766544 0.871911 0.009405 0.005466
0 0.815922 0.884981 0.009405 0.005466
0 0.815922 0.874525 0.009405 0.005466
0 0.815922 0.869297 0.009405 0.005466
0 0.852536 0.884981 0.009405 0.005466
0 0.852536 0.874525 0.009405 0.005466
0 0.852536 0.869297 0.009405 0.005466
0 0.889486 0.877139 0.009405 0.005466
0 0.889486 0.871911 0.009405 0.005466
0 0.146792 0.842918 0.009405 0.005466
0 0.146792 0.835076 0.009405 0.005466
0 0.170977 0.842918 0.009405 0.005466
0 0.170977 0.835076 0.009405 0.005466
0 0.194827 0.842918 0.009405 0.005466
0 0.194827 0.835076 0.009405 0.005466
0 0.242862 0.848146 0.009405 0.005466
0 0.242862 0.842918 0.009405 0.005466
0 0.267047 0.848146 0.009405 0.005466
0 0.267047 0.842918 0.009405 0.005466
0 0.291233 0.848146 0.009405 0.005466
0 0.291233 0.842918 0.009405 0.005466
0 0.352032 0.877139 0.009405 0.005466
0 0.352032 0.871911 0.009405 0.005466
0 0.377561 0.877139 0.009405 0.005466
0 0.377561 0.871911 0.009405 0.005466
0 0.403090 0.877139 0.009405 0.005466
0 0.403090 0.871911 0.009405 0.005466
0 0.122607 0.829848 0.009405 0.005466
0 0.219012 0.824382 0.009405 0.005466
0 0.326503 0.816540 0.009405 0.005466
0 0.131676 0.153042 0.009405 0.005466
0 0.131676 0.147814 0.009405 0.005466
0 0.131676 0.139971 0.009405 0.005466
0 0.152503 0.134743 0.009405 0.005466
0 0.167618 0.153042 0.009405 0.005466
0 0.167618 0.147814 0.009405 0.005466
0 0.167618 0.139971 0.009405 0.005466
0 0.182398 0.134743 0.009405 0.005466
0 0.197514 0.153042 0.009405 0.005466
0 0.197514 0.147814 0.009405 0.005466
0 0.197514 0.139971 0.009405 0.005466
0 0.212630 0.134743 0.009405 0.005466
0 0.227410 0.153042 0.009405 0.005466
0 0.227410 0.147814 0.009405 0.005466
0 0.227410 0.139971 0.009405 0.005466
0 0.242526 0.134743 0.009405 0.005466
0 0.262345 0.150428 0.009405 0.005466
0 0.262345 0.139971 0.009405 0.005466
0 0.277461 0.134743 0.009405 0.005466
0 0.292576 0.150428 0.009405 0.005466
0 0.292576 0.139971 0.009405 0.005466
0 0.307356 0.134743 0.009405 0.005466
0 0.322472 0.150428 0.009405 0.005466
0 0.322472 0.139971 0.009405 0.005466
0 0.337588 0.134743 0.009405 0.005466
0 0.352704 0.150428 0.009405 0.005466
0 0.352704 0.139971 0.009405 0.005466
0 0.367484 0.134743 0.009405 0.005466
0 0.402083 0.147814 0.009405 0.005466
0 0.402083 0.142586 0.009405 0.005466
0 0.402083 0.134743 0.009405 0.005466
0 0.434330 0.150428 0.009405 0.005466
0 0.425596 0.145200 0.009405 0.005466
0 0.434330 0.142586 0.009405 0.005466
0 0.434330 0.137357 0.009405 0.005466
0 0.482029 0.147814 0.009405 0.005466
0 0.482029 0.142586 0.009405 0.005466
0 0.482029 0.134743 0.009405 0.005466
0 0.600269 0.161122 0.009405 0.005466
0 0.613033 0.161122 0.009405 0.005466
0 0.625462 0.155656 0.009405 0.005466
0 0.645616 0.150428 0.009405 0.005466
0 0.668458 0.142586 0.009405 0.005466
0 0.688613 0.150428 0.009405 0.005466
0 0.708767 0.155656 0.009405 0.005466
0 0.728922 0.161122 0.009405 0.005466
0 0.785018 0.161122 0.009405 0.005466
0 0.797783 0.161122 0.009405 0.005466
0 0.810212 0.153042 0.009405 0.005466
0 0.830366 0.147814 0.009405 0.005466
0 0.869332 0.142586 0.009405 0.005466
0 0.889486 0.147814 0.009405 0.005466
0 0.909641 0.153042 0.009405 0.005466
0 0.929795 0.161122 0.009405 0.005466
0 0.141082 0.396388 0.009405 0.005466
0 0.157205 0.391160 0.009405 0.005466
0 0.172993 0.385694 0.009405 0.005466
0 0.188781 0.377852 0.009405 0.005466
0 0.204568 0.385694 0.009405 0.005466
0 0.220692 0.391160 0.009405 0.005466
0 0.236480 0.396388 0.009405 0.005466
0 0.268391 0.396388 0.009405 0.005466
0 0.284179 0.388308 0.009405 0.005466
0 0.299966 0.383080 0.009405 0.005466
0 0.316090 0.377852 0.009405 0.005466
0 0.331878 0.383080 0.009405 0.005466
0 0.347665 0.388308 0.009405 0.005466
0 0.363453 0.396388 0.009405 0.005466
0 0.390326 0.396388 0.009405 0.005466
0 0.390326 0.391160 0.009405 0.005466
0 0.390326 0.385694 0.009405 0.005466
0 0.390326 0.377852 0.009405 0.005466
0 0.448102 0.393774 0.009405 0.005466
0 0.448102 0.388308 0.009405 0.005466
0 0.456836 0.385694 0.009405 0.005466
0 0.448102 0.380466 0.009405 0.005466
0 0.505878 0.391160 0.009405 0.005466
0 0.505878 0.385694 0.009405 0.005466
0 0.505878 0.377852 0.009405 0.005466
0 0.675848 0.443679 0.009405 0.005466
0 0.692980 0.441065 0.009405 0.005466
0 0.710111 0.438451 0.009405 0.005466
0 0.727242 0.435837 0.009405 0.005466
0 0.747061 0.433222 0.009405 0.005466
0 0.764192 0.430608 0.009405 0.005466
0 0.781323 0.427994 0.009405 0.005466
0 0.798791 0.425380 0.009405 0.005466
0 0.815922 0.399002 0.009405 0.005466
0 0.833053 0.396388 0.009405 0.005466
0 0.850185 0.393774 0.009405 0.005466
0 0.870003 0.391160 0.009405 0.005466
0 0.887135 0.388308 0.009405 0.005466
0 0.904266 0.385694 0.009405 0.005466
0 0.921397 0.383080 0.009405 0.005466
0 0.938529 0.380466 0.009405 0.005466
0 0.131676 0.615970 0.009405 0.005466
0 0.150151 0.613356 0.009405 0.005466
0 0.168626 0.610741 0.009405 0.005466
0 0.187101 0.608127 0.009405 0.005466
0 0.205576 0.605513 0.009405 0.005466
0 0.224051 0.602899 0.009405 0.005466
0 0.242526 0.600285 0.009405 0.005466
0 0.268055 0.597671 0.009405 0.005466
0 0.286530 0.595057 0.009405 0.005466
0 0.310044 0.597671 0.009405 0.005466
0 0.328519 0.602899 0.009405 0.005466
0 0.346994 0.608127 0.009405 0.005466
0 0.365469 0.613356 0.009405 0.005466
0 0.389654 0.615970 0.009405 0.005466
0 0.408129 0.621435 0.009405 0.005466
0 0.426604 0.626663 0.009405 0.005466
0 0.477662 0.624049 0.009405 0.005466
0 0.493786 0.605513 0.009405 0.005466
0 0.509909 0.624049 0.009405 0.005466
0 0.542157 0.631892 0.009405 0.005466
0 0.558280 0.613356 0.009405 0.005466
0 0.574404 0.631892 0.009405 0.005466
0 0.606315 0.618584 0.009405 0.005466
0 0.622439 0.600285 0.009405 0.005466
0 0.638562 0.618584 0.009405 0.005466
0 0.670810 0.624049 0.009405 0.005466
0 0.686933 0.605513 0.009405 0.005466
0 0.703057 0.624049 0.009405 0.005466
0 0.734632 0.613356 0.009405 0.005466
0 0.734632 0.595057 0.009405 0.005466
0 0.770238 0.615970 0.009405 0.005466
0 0.770238 0.608127 0.009405 0.005466
0 0.824992 0.618584 0.009405 0.005466
0 0.824992 0.605513 0.009405 0.005466
0 0.841115 0.624049 0.009405 0.005466
0 0.857239 0.621435 0.009405 0.005466
0 0.873698 0.618584 0.009405 0.005466
0 0.889822 0.615970 0.009405 0.005466
0 0.905946 0.613356 0.009405 0.005466
0 0.922405 0.610741 0.009405 0.005466
0 0.938529 0.608127 0.009405 0.005466
0 0.122607 0.816540 0.009405 0.005466
0 0.170977 0.824382 0.009405 0.005466
0 0.219012 0.811312 0.009405 0.005466
0 0.267047 0.816540 0.009405 0.005466
0 0.326503 0.806084 0.009405 0.005466
0 0.377561 0.811312 0.009405 0.005466
0 0.428619 0.816540 0.009405 0.005466
0 0.428619 0.811312 0.009405 0.005466
0 0.428619 0.803470 0.009405 0.005466
0 0.507894 0.816540 0.009405 0.005466
0 0.507894 0.811312 0.009405 0.005466
0 0.507894 0.806084 0.009405 0.005466
0 0.507894 0.798241 0.009405 0.005466
0 0.538126 0.800856 0.009405 0.005466
0 0.557272 0.803470 0.009405 0.005466
0 0.576083 0.806084 0.009405 0.005466
0 0.595230 0.808698 0.009405 0.005466
0 0.614377 0.811312 0.009405 0.005466
0 0.633188 0.813926 0.009405 0.005466
0 0.652335 0.816540 0.009405 0.005466
0 0.671481 0.819154 0.009405 0.005466
0 0.690292 0.821768 0.009405 0.005466
0 0.709439 0.824382 0.009405 0.005466
0 0.728250 0.826996 0.009405 0.005466
0 0.747397 0.829848 0.009405 0.005466
0 0.766544 0.832462 0.009405 0.005466
0 0.785354 0.835076 0.009405 0.005466
0 0.815922 0.837690 0.009405 0.005466
0 0.852536 0.842918 0.009405 0.005466
0 0.852536 0.837690 0.009405 0.005466
0 0.852536 0.824382 0.009405 0.005466
0 0.889486 0.842918 0.009405 0.005466
0 0.889486 0.835076 0.009405 0.005466
0 0.131676 0.067728 0.009405 0.005466
0 0.262345 0.067728 0.009405 0.005466
0 0.292576 0.072956 0.009405 0.005466
0 0.322472 0.078184 0.009405 0.005466
0 0.352704 0.083413 0.009405 0.005466
0 0.402083 0.075570 0.009405 0.005466
0 0.454484 0.088641 0.009405 0.005466
0 0.482029 0.086027 0.009405 0.005466
0 0.534095 0.086027 0.009405 0.005466
0 0.580114 0.083413 0.009405 0.005466
0 0.645616 0.093869 0.009405 0.005466
0 0.668458 0.093869 0.009405 0.005466
0 0.708767 0.093869 0.009405 0.005466
0 0.764864 0.080798 0.009405 0.005466
0 0.830366 0.093869 0.009405 0.005466
0 0.869332 0.093869 0.009405 0.005466
0 0.929795 0.093869 0.009405 0.005466
0 0.125294 0.325808 0.009405 0.005466
0 0.220692 0.325808 0.009405 0.005466
0 0.252267 0.325808 0.009405 0.005466
0 0.347665 0.325808 0.009405 0.005466
0 0.390326 0.325808 0.009405 0.005466
0 0.419214 0.320580 0.009405 0.005466
0 0.448102 0.315352 0.009405 0.005466
0 0.476990 0.310124 0.009405 0.005466
0 0.505878 0.307510 0.009405 0.005466
0 0.620087 0.307510 0.009405 0.005466
0 0.675848 0.307510 0.009405 0.005466
0 0.781323 0.320580 0.009405 0.005466
0 0.815922 0.323194 0.009405 0.005466
0 0.887135 0.323194 0.009405 0.005466
0 0.131676 0.530894 0.009405 0.005466
0 0.242526 0.544202 0.009405 0.005466
0 0.286530 0.546816 0.009405 0.005466
0 0.408129 0.546816 0.009405 0.005466
0 0.461538 0.544202 0.009405 0.005466
0 0.526033 0.552044 0.009405 0.005466
0 0.590527 0.538973 0.009405 0.005466
0 0.654686 0.544202 0.009405 0.005466
0 0.734632 0.533508 0.009405 0.005466
0 0.796439 0.546816 0.009405 0.005466
0 0.824992 0.544202 0.009405 0.005466
