0 0.169970 0.300856 0.007726 0.004278
0 0.169970 0.290162 0.007726 0.004278
0 0.200202 0.294439 0.007726 0.004278
0 0.200202 0.288023 0.007726 0.004278
0 0.239839 0.300856 0.007726 0.004278
0 0.239839 0.290162 0.007726 0.004278
0 0.270071 0.294439 0.007726 0.004278
0 0.270071 0.288023 0.007726 0.004278
0 0.337924 0.304895 0.007726 0.004278
0 0.337924 0.288023 0.007726 0.004278
0 0.401411 0.304895 0.007726 0.004278
0 0.401411 0.288023 0.007726 0.004278
0 0.430299 0.294439 0.007726 0.004278
0 0.430299 0.288023 0.007726 0.004278
0 0.467921 0.294439 0.007726 0.004278
0 0.467921 0.290162 0.007726 0.004278
0 0.557944 0.292300 0.007726 0.004278
0 0.557944 0.288023 0.007726 0.004278
0 0.611690 0.292300 0.007726 0.004278
0 0.611690 0.288023 0.007726 0.004278
0 0.636883 0.294439 0.007726 0.004278
0 0.636883 0.290162 0.007726 0.004278
0 0.687269 0.298717 0.007726 0.004278
0 0.687269 0.294439 0.007726 0.004278
0 0.712462 0.298717 0.007726 0.004278
0 0.712462 0.294439 0.007726 0.004278
0 0.779308 0.296578 0.007726 0.004278
0 0.779308 0.292300 0.007726 0.004278
0 0.837084 0.296578 0.007726 0.004278
0 0.837084 0.292300 0.007726 0.004278
0 0.866980 0.298717 0.007726 0.004278
0 0.866980 0.294439 0.007726 0.004278
0 0.897884 0.296578 0.007726 0.004278
0 0.897884 0.292300 0.007726 0.004278
0 0.170977 0.490970 0.007726 0.004278
0 0.170977 0.486930 0.007726 0.004278
0 0.212966 0.488831 0.007726 0.004278
0 0.212966 0.484791 0.007726 0.004278
0 0.236816 0.488831 0.007726 0.004278
0 0.236816 0.484791 0.007726 0.004278
0 0.321129 0.490970 0.007726 0.004278
0 0.321129 0.486930 0.007726 0.004278
0 0.414175 0.490970 0.007726 0.004278
0 0.414175 0.484791 0.007726 0.004278
0 0.414175 0.478375 0.007726 0.004278
0 0.475647 0.493108 0.007726 0.004278
0 0.475647 0.486930 0.007726 0.004278
0 0.475647 0.476236 0.007726 0.004278
0 0.584145 0.490970 0.007726 0.004278
0 0.584145 0.484791 0.007726 0.004278
0 0.584145 0.478375 0.007726 0.004278
0 0.648975 0.493108 0.007726 0.004278
0 0.648975 0.486930 0.007726 0.004278
0 0.648975 0.476236 0.007726 0.004278
0 0.713806 0.490970 0.007726 0.004278
0 0.713806 0.484791 0.007726 0.004278
0 0.713806 0.478375 0.007726 0.004278
0 0.821297 0.493108 0.007726 0.004278
0 0.821297 0.486930 0.007726 0.004278
0 0.821297 0.476236 0.007726 0.004278
0 0.882768 0.490970 0.007726 0.004278
0 0.882768 0.484791 0.007726 0.004278
0 0.882768 0.478375 0.007726 0.004278
0 0.117232 0.687975 0.007726 0.004278
0 0.117232 0.681559 0.007726 0.004278
0 0.117232 0.671103 0.007726 0.004278
0 0.204232 0.690114 0.007726 0.004278
0 0.204232 0.683698 0.007726 0.004278
0 0.204232 0.673241 0.007726 0.004278
0 0.349681 0.685837 0.007726 0.004278
0 0.349681 0.679420 0.007726 0.004278
0 0.349681 0.673241 0.007726 0.004278
0 0.397716 0.687975 0.007726 0.004278
0 0.397716 0.681559 0.007726 0.004278
0 0.397716 0.671103 0.007726 0.004278
0 0.476318 0.687975 0.007726 0.004278
0 0.476318 0.683698 0.007726 0.004278
0 0.476318 0.673241 0.007726 0.004278
0 0.568021 0.687975 0.007726 0.004278
0 0.568021 0.683698 0.007726 0.004278
0 0.568021 0.673241 0.007726 0.004278
0 0.627141 0.685837 0.007726 0.004278
0 0.627141 0.679420 0.007726 0.004278
0 0.627141 0.673241 0.007726 0.004278
0 0.693315 0.687975 0.007726 0.004278
0 0.693315 0.681559 0.007726 0.004278
0 0.693315 0.671103 0.007726 0.004278
0 0.828015 0.687975 0.007726 0.004278
0 0.828015 0.683698 0.007726 0.004278
0 0.828015 0.673241 0.007726 0.004278
0 0.141418 0.899477 0.007726 0.004278
0 0.191804 0.893061 0.007726 0.004278
0 0.220020 0.880466 0.007726 0.004278
0 0.275445 0.893061 0.007726 0.004278
0 0.303661 0.880466 0.007726 0.004278
0 0.382264 0.886644 0.007726 0.004278
0 0.437353 0.912072 0.007726 0.004278
0 0.541149 0.912072 0.007726 0.004278
0 0.577763 0.880466 0.007726 0.004278
0 0.667786 0.880466 0.007726 0.004278
0 0.769903 0.880466 0.007726 0.004278
0 0.832718 0.886644 0.007726 0.004278
0 0.866644 0.886644 0.007726 0.004278
0 0.321129 0.434886 0.007726 0.004278
0 0.828015 0.639971 0.007726 0.004278
0 0.828015 0.635694 0.007726 0.004278
0 0.141418 0.832937 0.007726 0.004278
0 0.141418 0.824382 0.007726 0.004278
0 0.220020 0.832937 0.007726 0.004278
0 0.220020 0.824382 0.007726 0.004278
0 0.169970 0.240019 0.007726 0.004278
0 0.169970 0.235741 0.007726 0.004278
0 0.200202 0.242158 0.007726 0.004278
0 0.200202 0.237880 0.007726 0.004278
0 0.239839 0.240019 0.007726 0.004278
0 0.239839 0.235741 0.007726 0.004278
0 0.270071 0.242158 0.007726 0.004278
0 0.270071 0.237880 0.007726 0.004278
0 0.337924 0.219106 0.007726 0.004278
0 0.337924 0.210551 0.007726 0.004278
0 0.401411 0.219106 0.007726 0.004278
0 0.401411 0.210551 0.007726 0.004278
0 0.430299 0.216968 0.007726 0.004278
0 0.430299 0.212690 0.007726 0.004278
0 0.460867 0.214829 0.007726 0.004278
0 0.467921 0.212690 0.007726 0.004278
0 0.557944 0.216968 0.007726 0.004278
0 0.557944 0.212690 0.007726 0.004278
0 0.611690 0.216968 0.007726 0.004278
0 0.611690 0.212690 0.007726 0.004278
0 0.687269 0.214829 0.007726 0.004278
0 0.687269 0.210551 0.007726 0.004278
0 0.712462 0.214829 0.007726 0.004278
0 0.712462 0.210551 0.007726 0.004278
0 0.779308 0.216968 0.007726 0.004278
0 0.779308 0.212690 0.007726 0.004278
0 0.837084 0.216968 0.007726 0.004278
0 0.837084 0.212690 0.007726 0.004278
0 0.866980 0.212690 0.007726 0.004278
0 0.866980 0.208413 0.007726 0.004278
0 0.897884 0.216968 0.007726 0.004278
0 0.897884 0.212690 0.007726 0.004278
0 0.143097 0.411835 0.007726 0.004278
0 0.143097 0.405418 0.007726 0.004278
0 0.170977 0.411835 0.007726 0.004278
0 0.170977 0.405418 0.007726 0.004278
0 0.212966 0.409696 0.007726 0.004278
0 0.212966 0.405418 0.007726 0.004278
0 0.236816 0.409696 0.007726 0.004278
0 0.236816 0.405418 0.007726 0.004278
0 0.321129 0.428470 0.007726 0.004278
0 0.349681 0.426568 0.007726 0.004278
0 0.414175 0.434886 0.007726 0.004278
0 0.414175 0.428470 0.007726 0.004278
0 0.414175 0.422291 0.007726 0.004278
0 0.475647 0.434886 0.007726 0.004278
0 0.475647 0.428470 0.007726 0.004278
0 0.475647 0.418013 0.007726 0.004278
0 0.584145 0.434886 0.007726 0.004278
0 0.584145 0.428470 0.007726 0.004278
0 0.584145 0.415875 0.007726 0.004278
0 0.648975 0.434886 0.007726 0.004278
0 0.648975 0.428470 0.007726 0.004278
0 0.648975 0.418013 0.007726 0.004278
0 0.713806 0.434886 0.007726 0.004278
0 0.713806 0.428470 0.007726 0.004278
0 0.713806 0.418013 0.007726 0.004278
0 0.821297 0.432747 0.007726 0.004278
0 0.821297 0.428470 0.007726 0.004278
0 0.821297 0.420152 0.007726 0.004278
0 0.882768 0.432747 0.007726 0.004278
0 0.882768 0.428470 0.007726 0.004278
0 0.882768 0.418013 0.007726 0.004278
0 0.117232 0.639971 0.007726 0.004278
0 0.117232 0.635694 0.007726 0.004278
0 0.117232 0.627139 0.007726 0.004278
0 0.204232 0.639971 0.007726 0.004278
0 0.204232 0.635694 0.007726 0.004278
0 0.204232 0.629278 0.007726 0.004278
0 0.349681 0.639734 0.007726 0.004278
0 0.349681 0.635694 0.007726 0.004278
0 0.349681 0.627139 0.007726 0.004278
0 0.568021 0.639971 0.007726 0.004278
0 0.568021 0.635694 0.007726 0.004278
0 0.568021 0.629278 0.007726 0.004278
0 0.607323 0.639971 0.007726 0.004278
0 0.607323 0.635694 0.007726 0.004278
0 0.607323 0.627139 0.007726 0.004278
0 0.646624 0.639971 0.007726 0.004278
0 0.646624 0.635694 0.007726 0.004278
0 0.646624 0.629278 0.007726 0.004278
0 0.770574 0.627139 0.007726 0.004278
0 0.802150 0.627139 0.007726 0.004278
0 0.870339 0.633555 0.007726 0.004278
0 0.935170 0.625000 0.007726 0.004278
0 0.100773 0.818203 0.007726 0.004278
0 0.250252 0.822243 0.007726 0.004278
0 0.357071 0.818203 0.007726 0.004278
0 0.437353 0.832937 0.007726 0.004278
0 0.437353 0.824382 0.007726 0.004278
0 0.437353 0.818203 0.007726 0.004278
0 0.504535 0.835076 0.007726 0.004278
0 0.504535 0.826521 0.007726 0.004278
0 0.504535 0.822243 0.007726 0.004278
0 0.667786 0.835076 0.007726 0.004278
0 0.667786 0.826521 0.007726 0.004278
0 0.667786 0.822243 0.007726 0.004278
0 0.189117 0.168251 0.007726 0.004278
0 0.239839 0.166112 0.007726 0.004278
0 0.288881 0.168251 0.007726 0.004278
0 0.318777 0.166112 0.007726 0.004278
0 0.349681 0.163973 0.007726 0.004278
0 0.401411 0.163973 0.007726 0.004278
0 0.443063 0.166112 0.007726 0.004278
0 0.467921 0.168251 0.007726 0.004278
0 0.488411 0.161835 0.007726 0.004278
0 0.513604 0.161835 0.007726 0.004278
0 0.537454 0.159696 0.007726 0.004278
0 0.570709 0.163973 0.007726 0.004278
0 0.611690 0.170390 0.007726 0.004278
0 0.662076 0.161835 0.007726 0.004278
0 0.712462 0.168251 0.007726 0.004278
0 0.740007 0.166112 0.007726 0.004278
0 0.763520 0.163973 0.007726 0.004278
0 0.790057 0.161835 0.007726 0.004278
0 0.837084 0.159696 0.007726 0.004278
0 0.877729 0.159696 0.007726 0.004278
0 0.917702 0.161835 0.007726 0.004278
0 0.115217 0.361217 0.007726 0.004278
0 0.143097 0.367395 0.007726 0.004278
0 0.170977 0.363356 0.007726 0.004278
0 0.198858 0.365494 0.007726 0.004278
0 0.236816 0.365494 0.007726 0.004278
0 0.335573 0.359078 0.007726 0.004278
0 0.414175 0.356939 0.007726 0.004278
0 0.454820 0.359078 0.007726 0.004278
0 0.475647 0.369534 0.007726 0.004278
0 0.509237 0.367395 0.007726 0.004278
0 0.584145 0.356939 0.007726 0.004278
0 0.616392 0.356939 0.007726 0.004278
0 0.681559 0.359078 0.007726 0.004278
0 0.713806 0.356939 0.007726 0.004278
0 0.753443 0.359078 0.007726 0.004278
0 0.821297 0.354800 0.007726 0.004278
0 0.852200 0.356939 0.007726 0.004278
0 0.882768 0.359078 0.007726 0.004278
0 0.932818 0.369534 0.007726 0.004278
0 0.117232 0.549430 0.007726 0.004278
0 0.150151 0.555608 0.007726 0.004278
0 0.177360 0.553470 0.007726 0.004278
0 0.221028 0.555608 0.007726 0.004278
0 0.247565 0.547291 0.007726 0.004278
0 0.280484 0.553470 0.007726 0.004278
0 0.397716 0.562025 0.007726 0.004278
0 0.422573 0.564163 0.007726 0.004278
0 0.447766 0.562025 0.007726 0.004278
0 0.476318 0.559886 0.007726 0.004278
0 0.509573 0.559886 0.007726 0.004278
0 0.587504 0.555608 0.007726 0.004278
0 0.713134 0.555608 0.007726 0.004278
0 0.743702 0.564163 0.007726 0.004278
0 0.770574 0.562025 0.007726 0.004278
0 0.802150 0.551568 0.007726 0.004278
0 0.847833 0.553470 0.007726 0.004278
0 0.870339 0.553470 0.007726 0.004278
0 0.892509 0.555608 0.007726 0.004278
0 0.925092 0.562025 0.007726 0.004278
0 0.100773 0.746198 0.007726 0.004278
0 0.166611 0.750475 0.007726 0.004278
0 0.220020 0.763070 0.007726 0.004278
0 0.331878 0.758793 0.007726 0.004278
0 0.382264 0.756654 0.007726 0.004278
0 0.437353 0.754753 0.007726 0.004278
0 0.481693 0.756654 0.007726 0.004278
0 0.541149 0.758793 0.007726 0.004278
0 0.600605 0.760932 0.007726 0.004278
0 0.702049 0.763070 0.007726 0.004278
0 0.735976 0.763070 0.007726 0.004278
0 0.769903 0.760932 0.007726 0.004278
0 0.811555 0.760932 0.007726 0.004278
0 0.866644 0.758793 0.007726 0.004278
