0 0.179039 0.262120 0.011421 0.005941
0 0.179039 0.242871 0.011421 0.005941
0 0.302318 0.366445 0.010077 0.005703
0 0.268727 0.468631 0.007054 0.004040
0 0.268727 0.449144 0.007054 0.004040
0 0.359758 0.363593 0.010077 0.005703
0 0.389318 0.369059 0.010077 0.005703
0 0.436345 0.366445 0.010077 0.005703
0 0.483708 0.371911 0.010077 0.005703
0 0.530736 0.377376 0.010077 0.005703
0 0.595566 0.380228 0.010077 0.005703
0 0.651999 0.383080 0.010077 0.005703
0 0.696675 0.388546 0.010077 0.005703
0 0.768223 0.441065 0.010077 0.005703
0 0.768223 0.429895 0.010077 0.005703
0 0.812899 0.441065 0.010077 0.005703
0 0.812899 0.429895 0.010077 0.005703
0 0.884447 0.460314 0.010077 0.005703
0 0.156869 0.663023 0.010077 0.005703
0 0.156869 0.651854 0.010077 0.005703
0 0.156869 0.643536 0.010077 0.005703
0 0.220692 0.605038 0.010077 0.005703
0 0.253275 0.610504 0.010077 0.005703
0 0.305677 0.607652 0.010077 0.005703
0 0.358079 0.613356 0.010077 0.005703
0 0.410144 0.618821 0.010077 0.005703
0 0.514948 0.618821 0.010077 0.005703
0 0.585489 0.615970 0.010077 0.005703
0 0.651663 0.613356 0.010077 0.005703
0 0.685925 0.618821 0.010077 0.005703
0 0.740343 0.624287 0.010077 0.005703
0 0.794760 0.621435 0.010077 0.005703
0 0.869332 0.682272 0.010077 0.005703
0 0.869332 0.671340 0.010077 0.005703
0 0.164595 0.835789 0.010077 0.005703
0 0.164595 0.827709 0.010077 0.005703
0 0.224051 0.833175 0.010077 0.005703
0 0.254619 0.838641 0.010077 0.005703
0 0.303661 0.835789 0.010077 0.005703
0 0.352368 0.841492 0.010077 0.005703
0 0.401411 0.846958 0.010077 0.005703
0 0.499160 0.846958 0.010077 0.005703
0 0.564327 0.849810 0.010077 0.005703
0 0.635203 0.879990 0.010077 0.005703
0 0.671481 0.877376 0.010077 0.005703
0 0.729929 0.894011 0.010077 0.005703
0 0.788042 0.904943 0.010077 0.005703
0 0.788042 0.894011 0.010077 0.005703
0 0.876050 0.879990 0.010077 0.005703
0 0.179039 0.229087 0.011421 0.005941
0 0.179039 0.217918 0.011421 0.005941
0 0.179039 0.212452 0.011421 0.005941
0 0.302318 0.358127 0.010077 0.005703
0 0.302318 0.352662 0.010077 0.005703
0 0.359758 0.358127 0.010077 0.005703
0 0.359758 0.349810 0.010077 0.005703
0 0.389318 0.363593 0.010077 0.005703
0 0.389318 0.355276 0.010077 0.005703
0 0.436345 0.360979 0.010077 0.005703
0 0.436345 0.352662 0.010077 0.005703
0 0.483708 0.366445 0.010077 0.005703
0 0.483708 0.358127 0.010077 0.005703
0 0.530736 0.371911 0.010077 0.005703
0 0.530736 0.363593 0.010077 0.005703
0 0.595566 0.374762 0.010077 0.005703
0 0.595566 0.366445 0.010077 0.005703
0 0.651999 0.377376 0.010077 0.005703
0 0.651999 0.369059 0.010077 0.005703
0 0.696675 0.383080 0.010077 0.005703
0 0.696675 0.374762 0.010077 0.005703
0 0.812899 0.391160 0.010077 0.005703
0 0.812899 0.385694 0.010077 0.005703
0 0.812899 0.377376 0.010077 0.005703
0 0.812899 0.371911 0.010077 0.005703
0 0.156869 0.613356 0.010077 0.005703
0 0.156869 0.607652 0.010077 0.005703
0 0.156869 0.599335 0.010077 0.005703
0 0.156869 0.593869 0.010077 0.005703
0 0.220692 0.599335 0.010077 0.005703
0 0.220692 0.591255 0.010077 0.005703
0 0.253275 0.605038 0.010077 0.005703
0 0.253275 0.596721 0.010077 0.005703
0 0.305677 0.602186 0.010077 0.005703
0 0.305677 0.593869 0.010077 0.005703
0 0.358079 0.607652 0.010077 0.005703
0 0.358079 0.599335 0.010077 0.005703
0 0.410144 0.613356 0.010077 0.005703
0 0.410144 0.605038 0.010077 0.005703
0 0.514948 0.613356 0.010077 0.005703
0 0.514948 0.605038 0.010077 0.005703
0 0.585489 0.610504 0.010077 0.005703
0 0.585489 0.602186 0.010077 0.005703
0 0.651663 0.607652 0.010077 0.005703
0 0.651663 0.599335 0.010077 0.005703
0 0.685925 0.613356 0.010077 0.005703
0 0.685925 0.605038 0.010077 0.005703
0 0.740343 0.618821 0.010077 0.005703
0 0.740343 0.610504 0.010077 0.005703
0 0.794760 0.615970 0.010077 0.005703
0 0.794760 0.607652 0.010077 0.005703
0 0.164595 0.822006 0.010077 0.005703
0 0.224051 0.827709 0.010077 0.005703
0 0.224051 0.819392 0.010077 0.005703
0 0.254619 0.833175 0.010077 0.005703
0 0.254619 0.824857 0.010077 0.005703
0 0.303661 0.830323 0.010077 0.005703
0 0.303661 0.822006 0.010077 0.005703
0 0.352368 0.835789 0.010077 0.005703
0 0.352368 0.827709 0.010077 0.005703
0 0.401411 0.841492 0.010077 0.005703
0 0.401411 0.833175 0.010077 0.005703
0 0.499160 0.841492 0.010077 0.005703
0 0.499160 0.833175 0.010077 0.005703
0 0.564327 0.844106 0.010077 0.005703
0 0.564327 0.835789 0.010077 0.005703
0 0.635203 0.849810 0.010077 0.005703
0 0.635203 0.841492 0.010077 0.005703
0 0.671481 0.846958 0.010077 0.005703
0 0.671481 0.838641 0.010077 0.005703
0 0.729929 0.852424 0.010077 0.005703
0 0.738999 0.849810 0.010077 0.005703
0 0.729929 0.844106 0.010077 0.005703
0 0.788042 0.855276 0.010077 0.005703
0 0.788042 0.849810 0.010077 0.005703
0 0.788042 0.841492 0.010077 0.005703
0 0.156869 0.523051 0.010077 0.005703
0 0.220692 0.520437 0.010077 0.005703
0 0.253275 0.525903 0.010077 0.005703
0 0.305677 0.523051 0.010077 0.005703
0 0.358079 0.528755 0.010077 0.005703
0 0.410144 0.534221 0.010077 0.005703
0 0.514948 0.534221 0.010077 0.005703
0 0.585489 0.531369 0.010077 0.005703
0 0.651663 0.528755 0.010077 0.005703
0 0.685925 0.534221 0.010077 0.005703
0 0.740343 0.539686 0.010077 0.005703
0 0.794760 0.536835 0.010077 0.005703
0 0.164595 0.745010 0.010077 0.005703
0 0.224051 0.742395 0.010077 0.005703
0 0.254619 0.747861 0.010077 0.005703
0 0.303661 0.745010 0.010077 0.005703
0 0.352368 0.750713 0.010077 0.005703
0 0.401411 0.756179 0.010077 0.005703
0 0.499160 0.756179 0.010077 0.005703
0 0.564327 0.759030 0.010077 0.005703
0 0.635203 0.764496 0.010077 0.005703
0 0.671481 0.761644 0.010077 0.005703
0 0.729929 0.761644 0.010077 0.005703
0 0.788042 0.764496 0.010077 0.005703
