0 0.429291 0.549192 0.009741 0.005703
0 0.429291 0.543964 0.009741 0.005703
0 0.466913 0.845770 0.009741 0.005703
0 0.475983 0.843156 0.009741 0.005703
0 0.134699 0.290637 0.009741 0.005703
0 0.134699 0.271625 0.009741 0.005703
0 0.197850 0.293251 0.009741 0.005703
0 0.197850 0.274477 0.009741 0.005703
0 0.261337 0.295865 0.009741 0.005703
0 0.261337 0.277091 0.009741 0.005703
0 0.324488 0.293251 0.009741 0.005703
0 0.324488 0.274477 0.009741 0.005703
0 0.411488 0.298717 0.009741 0.005703
0 0.411488 0.279705 0.009741 0.005703
0 0.532415 0.298717 0.009741 0.005703
0 0.532415 0.279705 0.009741 0.005703
0 0.681895 0.309411 0.009741 0.005703
0 0.681895 0.290637 0.009741 0.005703
0 0.887135 0.277091 0.009741 0.005703
0 0.887135 0.271625 0.009741 0.005703
0 0.134699 0.543964 0.009741 0.005703
0 0.134699 0.535884 0.009741 0.005703
0 0.326839 0.546578 0.009741 0.005703
0 0.335909 0.543964 0.009741 0.005703
0 0.425260 0.535884 0.009741 0.005703
0 0.543500 0.552044 0.009741 0.005703
0 0.543500 0.533032 0.009741 0.005703
0 0.721196 0.562738 0.009741 0.005703
0 0.721196 0.543964 0.009741 0.005703
0 0.820289 0.524952 0.009741 0.005703
0 0.134699 0.872624 0.009741 0.005703
0 0.134699 0.853850 0.009741 0.005703
0 0.330534 0.840304 0.009741 0.005703
0 0.330534 0.835076 0.009741 0.005703
0 0.416191 0.843156 0.009741 0.005703
0 0.416191 0.835076 0.009741 0.005703
0 0.475983 0.832224 0.009741 0.005703
0 0.550218 0.848384 0.009741 0.005703
0 0.550218 0.843156 0.009741 0.005703
0 0.697682 0.870010 0.009741 0.005703
0 0.697682 0.851236 0.009741 0.005703
0 0.802486 0.861930 0.009741 0.005703
0 0.802486 0.843156 0.009741 0.005703
0 0.335909 0.533032 0.009741 0.005703
0 0.425260 0.500713 0.009741 0.005703
0 0.543500 0.492633 0.009741 0.005703
0 0.591871 0.495247 0.009741 0.005703
0 0.652335 0.498099 0.009741 0.005703
0 0.721196 0.500713 0.009741 0.005703
0 0.721196 0.495247 0.009741 0.005703
0 0.134699 0.787310 0.009741 0.005703
0 0.134699 0.782082 0.009741 0.005703
0 0.330534 0.798241 0.009741 0.005703
0 0.330534 0.787310 0.009741 0.005703
0 0.416191 0.800856 0.009741 0.005703
0 0.416191 0.787310 0.009741 0.005703
0 0.475983 0.795390 0.009741 0.005703
0 0.475983 0.790162 0.009741 0.005703
0 0.550218 0.835076 0.009741 0.005703
0 0.802486 0.790162 0.009741 0.005703
0 0.883104 0.784696 0.009741 0.005703
0 0.883104 0.779230 0.009741 0.005703
0 0.134699 0.228612 0.009741 0.005703
0 0.134699 0.209838 0.009741 0.005703
0 0.197850 0.231226 0.009741 0.005703
0 0.197850 0.212452 0.009741 0.005703
0 0.261337 0.234078 0.009741 0.005703
0 0.261337 0.215067 0.009741 0.005703
0 0.324488 0.231226 0.009741 0.005703
0 0.324488 0.212452 0.009741 0.005703
0 0.411488 0.236692 0.009741 0.005703
0 0.411488 0.217918 0.009741 0.005703
0 0.532415 0.236692 0.009741 0.005703
0 0.532415 0.231226 0.009741 0.005703
0 0.532415 0.223146 0.009741 0.005703
0 0.592879 0.239306 0.009741 0.005703
0 0.592879 0.231226 0.009741 0.005703
0 0.592879 0.225998 0.009741 0.005703
0 0.681895 0.242158 0.009741 0.005703
0 0.681895 0.228612 0.009741 0.005703
0 0.887135 0.239306 0.009741 0.005703
0 0.887135 0.228612 0.009741 0.005703
0 0.887135 0.220532 0.009741 0.005703
0 0.134699 0.506179 0.009741 0.005703
0 0.134699 0.492633 0.009741 0.005703
0 0.134699 0.487167 0.009741 0.005703
0 0.335909 0.500713 0.009741 0.005703
0 0.335909 0.495247 0.009741 0.005703
0 0.425260 0.492633 0.009741 0.005703
0 0.484380 0.490019 0.009741 0.005703
0 0.543500 0.487167 0.009741 0.005703
0 0.591871 0.490019 0.009741 0.005703
0 0.652335 0.492633 0.009741 0.005703
0 0.721196 0.481939 0.009741 0.005703
0 0.893517 0.481939 0.009741 0.005703
0 0.134699 0.768536 0.009741 0.005703
0 0.199866 0.776616 0.009741 0.005703
0 0.265368 0.782082 0.009741 0.005703
0 0.330534 0.779230 0.009741 0.005703
0 0.416191 0.782082 0.009741 0.005703
0 0.512932 0.784696 0.009741 0.005703
0 0.550218 0.795390 0.009741 0.005703
0 0.550218 0.787310 0.009741 0.005703
0 0.697682 0.787310 0.009741 0.005703
0 0.697682 0.779230 0.009741 0.005703
0 0.697682 0.774002 0.009741 0.005703
0 0.802486 0.782082 0.009741 0.005703
0 0.802486 0.776616 0.009741 0.005703
0 0.802486 0.771150 0.009741 0.005703
0 0.592879 0.156131 0.009741 0.005703
0 0.681895 0.148051 0.009741 0.005703
0 0.750420 0.156131 0.009741 0.005703
0 0.818609 0.161597 0.009741 0.005703
0 0.887135 0.158745 0.009741 0.005703
0 0.134699 0.414686 0.009741 0.005703
0 0.201881 0.419914 0.009741 0.005703
0 0.269063 0.430846 0.009741 0.005703
0 0.335909 0.427994 0.009741 0.005703
0 0.425260 0.425380 0.009741 0.005703
0 0.484380 0.422766 0.009741 0.005703
0 0.543500 0.419914 0.009741 0.005703
0 0.622103 0.417300 0.009741 0.005703
0 0.721196 0.414686 0.009741 0.005703
0 0.820289 0.414686 0.009741 0.005703
0 0.893517 0.414686 0.009741 0.005703
0 0.134699 0.695105 0.009741 0.005703
0 0.199866 0.695105 0.009741 0.005703
0 0.265368 0.697956 0.009741 0.005703
0 0.297951 0.700570 0.009741 0.005703
0 0.330534 0.703184 0.009741 0.005703
0 0.363117 0.706036 0.009741 0.005703
0 0.416191 0.708650 0.009741 0.005703
0 0.475983 0.711502 0.009741 0.005703
0 0.550218 0.714116 0.009741 0.005703
0 0.622439 0.708650 0.009741 0.005703
0 0.697682 0.706036 0.009741 0.005703
0 0.750084 0.711502 0.009741 0.005703
0 0.802486 0.703184 0.009741 0.005703
0 0.883104 0.703184 0.009741 0.005703
0 0.134699 0.076759 0.009741 0.005703
0 0.197850 0.079373 0.009741 0.005703
0 0.261337 0.081987 0.009741 0.005703
0 0.324488 0.079373 0.009741 0.005703
0 0.411488 0.084838 0.009741 0.005703
0 0.471952 0.084838 0.009741 0.005703
0 0.592879 0.084838 0.009741 0.005703
0 0.681895 0.076759 0.009741 0.005703
0 0.750420 0.084838 0.009741 0.005703
0 0.818609 0.090067 0.009741 0.005703
0 0.887135 0.087452 0.009741 0.005703
0 0.134699 0.352424 0.009741 0.005703
0 0.201881 0.357652 0.009741 0.005703
0 0.269063 0.368584 0.009741 0.005703
0 0.335909 0.365732 0.009741 0.005703
0 0.425260 0.363118 0.009741 0.005703
0 0.484380 0.360504 0.009741 0.005703
0 0.543500 0.357652 0.009741 0.005703
0 0.622103 0.355038 0.009741 0.005703
0 0.721196 0.352424 0.009741 0.005703
0 0.820289 0.352424 0.009741 0.005703
0 0.893517 0.352424 0.009741 0.005703
0 0.134699 0.627139 0.009741 0.005703
0 0.167282 0.624525 0.009741 0.005703
0 0.199866 0.621911 0.009741 0.005703
0 0.232449 0.619059 0.009741 0.005703
0 0.265368 0.616445 0.009741 0.005703
0 0.330534 0.616445 0.009741 0.005703
0 0.416191 0.616445 0.009741 0.005703
0 0.475983 0.613831 0.009741 0.005703
0 0.512932 0.610979 0.009741 0.005703
0 0.550218 0.608365 0.009741 0.005703
0 0.622439 0.616445 0.009741 0.005703
0 0.697682 0.613831 0.009741 0.005703
0 0.750084 0.613831 0.009741 0.005703
0 0.802486 0.610979 0.009741 0.005703
0 0.829358 0.608365 0.009741 0.005703
0 0.856231 0.610979 0.009741 0.005703
0 0.883104 0.613831 0.009741 0.005703
0 0.919382 0.610979 0.009741 0.005703
