0 0.183742 0.261169 0.010077 0.005703
0 0.216325 0.274952 0.010077 0.005703
0 0.118240 0.239068 0.010077 0.005703
0 0.150823 0.252852 0.010077 0.005703
0 0.282499 0.272338 0.010077 0.005703
0 0.369499 0.280418 0.010077 0.005703
0 0.402419 0.280418 0.010077 0.005703
0 0.522002 0.261169 0.010077 0.005703
0 0.572388 0.261169 0.010077 0.005703
0 0.663755 0.241920 0.010077 0.005703
0 0.694323 0.241920 0.010077 0.005703
0 0.724891 0.244534 0.010077 0.005703
0 0.786026 0.264021 0.010077 0.005703
0 0.816594 0.264021 0.010077 0.005703
0 0.847162 0.261169 0.010077 0.005703
0 0.877729 0.250238 0.010077 0.005703
0 0.907961 0.241920 0.010077 0.005703
0 0.188109 0.513308 0.010077 0.005703
0 0.245885 0.516160 0.010077 0.005703
0 0.303997 0.535409 0.010077 0.005703
0 0.347330 0.535409 0.010077 0.005703
0 0.390998 0.532795 0.010077 0.005703
0 0.448774 0.521625 0.010077 0.005703
0 0.506886 0.513308 0.010077 0.005703
0 0.157877 0.872148 0.010077 0.005703
0 0.179711 0.844344 0.010077 0.005703
0 0.200537 0.833413 0.010077 0.005703
0 0.231441 0.841730 0.010077 0.005703
0 0.231441 0.830561 0.010077 0.005703
0 0.287874 0.883080 0.010077 0.005703
0 0.312731 0.863831 0.010077 0.005703
0 0.334565 0.836027 0.010077 0.005703
0 0.359086 0.844344 0.010077 0.005703
0 0.381256 0.855513 0.010077 0.005703
0 0.408801 0.852662 0.010077 0.005703
0 0.432986 0.841730 0.010077 0.005703
0 0.457172 0.833413 0.010077 0.005703
0 0.652670 0.872148 0.010077 0.005703
0 0.677192 0.869297 0.010077 0.005703
0 0.700034 0.858127 0.010077 0.005703
0 0.723211 0.850048 0.010077 0.005703
0 0.651663 0.466730 0.010077 0.005703
0 0.709775 0.458413 0.010077 0.005703
0 0.753107 0.452947 0.010077 0.005703
0 0.796439 0.450095 0.010077 0.005703
0 0.505207 0.744772 0.010077 0.005703
0 0.537454 0.766873 0.010077 0.005703
0 0.569701 0.764021 0.010077 0.005703
0 0.746053 0.744772 0.010077 0.005703
0 0.769231 0.736454 0.010077 0.005703
0 0.216325 0.147101 0.010077 0.005703
0 0.249916 0.174667 0.010077 0.005703
0 0.249916 0.166350 0.010077 0.005703
0 0.249916 0.155418 0.010077 0.005703
0 0.326167 0.147101 0.010077 0.005703
0 0.402419 0.160884 0.010077 0.005703
0 0.402419 0.144249 0.010077 0.005703
0 0.402419 0.138783 0.010077 0.005703
0 0.451797 0.163498 0.010077 0.005703
0 0.451797 0.155418 0.010077 0.005703
0 0.505207 0.158032 0.010077 0.005703
0 0.505207 0.152567 0.010077 0.005703
0 0.572388 0.158032 0.010077 0.005703
0 0.572388 0.152567 0.010077 0.005703
0 0.633188 0.160884 0.010077 0.005703
0 0.633188 0.155418 0.010077 0.005703
0 0.694323 0.182985 0.010077 0.005703
0 0.694323 0.174667 0.010077 0.005703
0 0.755459 0.177519 0.010077 0.005703
0 0.755459 0.171816 0.010077 0.005703
0 0.816594 0.166350 0.010077 0.005703
0 0.816594 0.160884 0.010077 0.005703
0 0.877729 0.182985 0.010077 0.005703
0 0.877729 0.169202 0.010077 0.005703
0 0.144777 0.466730 0.010077 0.005703
0 0.144777 0.461264 0.010077 0.005703
0 0.210279 0.463878 0.010077 0.005703
0 0.210279 0.458413 0.010077 0.005703
0 0.281827 0.452947 0.010077 0.005703
0 0.281827 0.447481 0.010077 0.005703
0 0.347330 0.452947 0.010077 0.005703
0 0.347330 0.447481 0.010077 0.005703
0 0.413168 0.469582 0.010077 0.005703
0 0.413168 0.455561 0.010077 0.005703
0 0.550218 0.480513 0.010077 0.005703
0 0.593886 0.477662 0.010077 0.005703
0 0.854552 0.439163 0.010077 0.005703
0 0.912328 0.430846 0.010077 0.005703
0 0.145448 0.758555 0.010077 0.005703
0 0.145448 0.744772 0.010077 0.005703
0 0.145448 0.739068 0.010077 0.005703
0 0.215989 0.758555 0.010077 0.005703
0 0.215989 0.747386 0.010077 0.005703
0 0.215989 0.739068 0.010077 0.005703
0 0.275445 0.775190 0.010077 0.005703
0 0.275445 0.761169 0.010077 0.005703
0 0.346994 0.764021 0.010077 0.005703
0 0.346994 0.758555 0.010077 0.005703
0 0.381256 0.753089 0.010077 0.005703
0 0.381256 0.747386 0.010077 0.005703
0 0.408801 0.769487 0.010077 0.005703
0 0.408801 0.755703 0.010077 0.005703
0 0.457172 0.744772 0.010077 0.005703
0 0.457172 0.725285 0.010077 0.005703
0 0.505207 0.725285 0.010077 0.005703
0 0.537454 0.747386 0.010077 0.005703
0 0.569701 0.744772 0.010077 0.005703
0 0.629493 0.744772 0.010077 0.005703
0 0.652670 0.733603 0.010077 0.005703
0 0.677192 0.722671 0.010077 0.005703
0 0.700034 0.758555 0.010077 0.005703
0 0.723211 0.755703 0.010077 0.005703
0 0.791737 0.733603 0.010077 0.005703
0 0.815586 0.730989 0.010077 0.005703
0 0.839100 0.719819 0.010077 0.005703
0 0.863621 0.708888 0.010077 0.005703
0 0.118240 0.088641 0.010077 0.005703
0 0.183742 0.091492 0.010077 0.005703
0 0.249916 0.086027 0.010077 0.005703
0 0.353040 0.088641 0.010077 0.005703
0 0.402419 0.080561 0.010077 0.005703
0 0.478334 0.096958 0.010077 0.005703
0 0.572388 0.094344 0.010077 0.005703
0 0.755459 0.096958 0.010077 0.005703
0 0.816594 0.094344 0.010077 0.005703
0 0.877729 0.083175 0.010077 0.005703
0 0.144777 0.361930 0.010077 0.005703
0 0.448774 0.378565 0.010077 0.005703
0 0.550218 0.372861 0.010077 0.005703
0 0.616056 0.375713 0.010077 0.005703
0 0.687269 0.378565 0.010077 0.005703
0 0.818945 0.375713 0.010077 0.005703
0 0.890158 0.364781 0.010077 0.005703
0 0.121263 0.625238 0.010077 0.005703
0 0.179711 0.627852 0.010077 0.005703
0 0.251260 0.649952 0.010077 0.005703
0 0.312731 0.625238 0.010077 0.005703
0 0.432986 0.625238 0.010077 0.005703
0 0.481357 0.627852 0.010077 0.005703
0 0.517635 0.649952 0.010077 0.005703
0 0.557272 0.647101 0.010077 0.005703
0 0.606651 0.633317 0.010077 0.005703
0 0.746053 0.633317 0.010077 0.005703
0 0.791737 0.647101 0.010077 0.005703
0 0.877729 0.649952 0.010077 0.005703
