0 0.140074 0.444392 0.009405 0.005466
0 0.140074 0.217681 0.009405 0.005466
0 0.251596 0.217681 0.009405 0.005466
0 0.320121 0.217681 0.009405 0.005466
0 0.416863 0.217681 0.009405 0.005466
0 0.474639 0.220295 0.009405 0.005466
0 0.567686 0.220295 0.009405 0.005466
0 0.140074 0.462690 0.009405 0.005466
0 0.316762 0.454848 0.009405 0.005466
0 0.464898 0.454848 0.009405 0.005466
0 0.459859 0.683222 0.009405 0.005466
0 0.624790 0.683222 0.009405 0.005466
0 0.817266 0.683222 0.009405 0.005466
0 0.140074 0.906131 0.009405 0.005466
0 0.320121 0.906131 0.009405 0.005466
0 0.476990 0.906131 0.009405 0.005466
0 0.666779 0.906131 0.009405 0.005466
0 0.140074 0.204373 0.009405 0.005466
0 0.195835 0.193916 0.009405 0.005466
0 0.320121 0.204373 0.009405 0.005466
0 0.368492 0.196530 0.009405 0.005466
0 0.474639 0.209601 0.009405 0.005466
0 0.521330 0.196530 0.009405 0.005466
0 0.625462 0.230751 0.009405 0.005466
0 0.625462 0.212215 0.009405 0.005466
0 0.679207 0.215067 0.009405 0.005466
0 0.724891 0.212215 0.009405 0.005466
0 0.792408 0.222909 0.009405 0.005466
0 0.819617 0.212215 0.009405 0.005466
0 0.846826 0.204373 0.009405 0.005466
0 0.193147 0.441778 0.009405 0.005466
0 0.246221 0.439163 0.009405 0.005466
0 0.316762 0.444392 0.009405 0.005466
0 0.360430 0.433698 0.009405 0.005466
0 0.464898 0.444392 0.009405 0.005466
0 0.508902 0.436312 0.009405 0.005466
0 0.639570 0.465304 0.009405 0.005466
0 0.639570 0.447006 0.009405 0.005466
0 0.828351 0.457462 0.009405 0.005466
0 0.828351 0.447006 0.009405 0.005466
0 0.828351 0.439163 0.009405 0.005466
0 0.137723 0.669914 0.009405 0.005466
0 0.163923 0.659458 0.009405 0.005466
0 0.189788 0.646388 0.009405 0.005466
0 0.306013 0.669914 0.009405 0.005466
0 0.306013 0.659458 0.009405 0.005466
0 0.306013 0.646388 0.009405 0.005466
0 0.459859 0.672529 0.009405 0.005466
0 0.624790 0.669914 0.009405 0.005466
0 0.817266 0.672529 0.009405 0.005466
0 0.140074 0.893061 0.009405 0.005466
0 0.320121 0.895675 0.009405 0.005466
0 0.476990 0.893061 0.009405 0.005466
0 0.595902 0.895675 0.009405 0.005466
0 0.666779 0.895675 0.009405 0.005466
0 0.810883 0.887595 0.009405 0.005466
0 0.810883 0.877139 0.009405 0.005466
0 0.140074 0.160646 0.009405 0.005466
0 0.140074 0.142110 0.009405 0.005466
0 0.320121 0.165875 0.009405 0.005466
0 0.320121 0.147338 0.009405 0.005466
0 0.474639 0.168489 0.009405 0.005466
0 0.474639 0.150190 0.009405 0.005466
0 0.625462 0.150190 0.009405 0.005466
0 0.246221 0.399477 0.009405 0.005466
0 0.316762 0.402091 0.009405 0.005466
0 0.464898 0.404705 0.009405 0.005466
0 0.639570 0.404705 0.009405 0.005466
0 0.639570 0.396863 0.009405 0.005466
0 0.639570 0.391635 0.009405 0.005466
0 0.459859 0.626188 0.009405 0.005466
0 0.624790 0.628802 0.009405 0.005466
0 0.817266 0.626188 0.009405 0.005466
0 0.909641 0.626188 0.009405 0.005466
0 0.140074 0.854563 0.009405 0.005466
0 0.246221 0.854563 0.009405 0.005466
0 0.320121 0.851949 0.009405 0.005466
0 0.476990 0.854563 0.009405 0.005466
0 0.476990 0.836027 0.009405 0.005466
0 0.595902 0.854563 0.009405 0.005466
0 0.666779 0.857177 0.009405 0.005466
0 0.195835 0.155418 0.009405 0.005466
0 0.195835 0.150190 0.009405 0.005466
0 0.251596 0.160646 0.009405 0.005466
0 0.251596 0.142110 0.009405 0.005466
0 0.368492 0.160646 0.009405 0.005466
0 0.368492 0.152804 0.009405 0.005466
0 0.416863 0.163260 0.009405 0.005466
0 0.416863 0.144724 0.009405 0.005466
0 0.521330 0.165875 0.009405 0.005466
0 0.521330 0.160646 0.009405 0.005466
0 0.625462 0.171103 0.009405 0.005466
0 0.625462 0.163260 0.009405 0.005466
0 0.679207 0.171103 0.009405 0.005466
0 0.679207 0.152804 0.009405 0.005466
0 0.724891 0.168489 0.009405 0.005466
0 0.724891 0.150190 0.009405 0.005466
0 0.874034 0.173717 0.009405 0.005466
0 0.901243 0.168489 0.009405 0.005466
0 0.928451 0.155418 0.009405 0.005466
0 0.140074 0.383793 0.009405 0.005466
0 0.254283 0.402091 0.009405 0.005466
0 0.254283 0.389021 0.009405 0.005466
0 0.360430 0.399477 0.009405 0.005466
0 0.360430 0.389021 0.009405 0.005466
0 0.360430 0.383793 0.009405 0.005466
0 0.404098 0.402091 0.009405 0.005466
0 0.508902 0.399477 0.009405 0.005466
0 0.508902 0.391635 0.009405 0.005466
0 0.508902 0.386407 0.009405 0.005466
0 0.560296 0.404705 0.009405 0.005466
0 0.639570 0.378565 0.009405 0.005466
0 0.828351 0.407319 0.009405 0.005466
0 0.828351 0.396863 0.009405 0.005466
0 0.837084 0.394249 0.009405 0.005466
0 0.828351 0.389021 0.009405 0.005466
0 0.215989 0.613118 0.009405 0.005466
0 0.242190 0.605276 0.009405 0.005466
0 0.268391 0.599810 0.009405 0.005466
0 0.306013 0.586740 0.009405 0.005466
0 0.506886 0.618346 0.009405 0.005466
0 0.506886 0.613118 0.009405 0.005466
0 0.506886 0.607890 0.009405 0.005466
0 0.553577 0.618346 0.009405 0.005466
0 0.553577 0.613118 0.009405 0.005466
0 0.553577 0.607890 0.009405 0.005466
0 0.681223 0.618346 0.009405 0.005466
0 0.689956 0.615732 0.009405 0.005466
0 0.681223 0.610504 0.009405 0.005466
0 0.737655 0.618346 0.009405 0.005466
0 0.746389 0.615732 0.009405 0.005466
0 0.737655 0.610504 0.009405 0.005466
0 0.863285 0.618346 0.009405 0.005466
0 0.863285 0.613118 0.009405 0.005466
0 0.863285 0.607890 0.009405 0.005466
0 0.189452 0.843869 0.009405 0.005466
0 0.189452 0.836027 0.009405 0.005466
0 0.366476 0.843869 0.009405 0.005466
0 0.366476 0.838641 0.009405 0.005466
0 0.366476 0.833413 0.009405 0.005466
0 0.412832 0.843869 0.009405 0.005466
0 0.412832 0.838641 0.009405 0.005466
0 0.412832 0.833413 0.009405 0.005466
0 0.527377 0.843869 0.009405 0.005466
0 0.536446 0.841255 0.009405 0.005466
0 0.595902 0.846483 0.009405 0.005466
0 0.595902 0.836027 0.009405 0.005466
0 0.711790 0.851949 0.009405 0.005466
0 0.711790 0.843869 0.009405 0.005466
0 0.711790 0.838641 0.009405 0.005466
0 0.757138 0.851949 0.009405 0.005466
0 0.757138 0.843869 0.009405 0.005466
0 0.757138 0.838641 0.009405 0.005466
0 0.855559 0.838641 0.009405 0.005466
0 0.855559 0.833413 0.009405 0.005466
0 0.855559 0.825570 0.009405 0.005466
0 0.883440 0.843869 0.009405 0.005466
0 0.910984 0.838641 0.009405 0.005466
0 0.910984 0.833413 0.009405 0.005466
0 0.910984 0.825570 0.009405 0.005466
0 0.140074 0.083413 0.009405 0.005466
0 0.195835 0.086027 0.009405 0.005466
0 0.251596 0.083413 0.009405 0.005466
0 0.320121 0.088641 0.009405 0.005466
0 0.416863 0.086027 0.009405 0.005466
0 0.474639 0.091255 0.009405 0.005466
0 0.625462 0.091255 0.009405 0.005466
0 0.679207 0.093869 0.009405 0.005466
0 0.724891 0.091255 0.009405 0.005466
0 0.792408 0.078184 0.009405 0.005466
0 0.901243 0.078184 0.009405 0.005466
0 0.140074 0.319867 0.009405 0.005466
0 0.246221 0.317015 0.009405 0.005466
0 0.316762 0.319867 0.009405 0.005466
0 0.404098 0.325095 0.009405 0.005466
0 0.464898 0.322481 0.009405 0.005466
0 0.560296 0.322481 0.009405 0.005466
0 0.639570 0.314401 0.009405 0.005466
0 0.725899 0.317015 0.009405 0.005466
0 0.765200 0.314401 0.009405 0.005466
0 0.828351 0.317015 0.009405 0.005466
0 0.906617 0.319867 0.009405 0.005466
0 0.137723 0.549192 0.009405 0.005466
0 0.306013 0.549192 0.009405 0.005466
0 0.394693 0.549192 0.009405 0.005466
0 0.459859 0.551806 0.009405 0.005466
0 0.553577 0.543964 0.009405 0.005466
0 0.624790 0.546578 0.009405 0.005466
0 0.737655 0.549192 0.009405 0.005466
0 0.817266 0.551806 0.009405 0.005466
0 0.909641 0.543964 0.009405 0.005466
0 0.140074 0.766873 0.009405 0.005466
0 0.246221 0.769487 0.009405 0.005466
0 0.277125 0.769487 0.009405 0.005466
0 0.320121 0.772101 0.009405 0.005466
0 0.366476 0.764259 0.009405 0.005466
0 0.476990 0.761644 0.009405 0.005466
0 0.595902 0.759030 0.009405 0.005466
0 0.666779 0.764259 0.009405 0.005466
0 0.810883 0.764259 0.009405 0.005466
0 0.910984 0.764259 0.009405 0.005466
