0 0.585489 0.875238 0.009070 0.005228
0 0.585489 0.857652 0.009070 0.005228
0 0.621431 0.877852 0.009070 0.005228
0 0.621431 0.860266 0.009070 0.005228
0 0.681223 0.880466 0.009070 0.005228
0 0.681223 0.862643 0.009070 0.005228
0 0.717837 0.877852 0.009070 0.005228
0 0.717837 0.860266 0.009070 0.005228
0 0.787706 0.875238 0.009070 0.005228
0 0.787706 0.857652 0.009070 0.005228
0 0.826335 0.877852 0.009070 0.005228
0 0.826335 0.860266 0.009070 0.005228
0 0.876386 0.880466 0.009070 0.005228
0 0.876386 0.862643 0.009070 0.005228
0 0.921397 0.877852 0.009070 0.005228
0 0.921397 0.860266 0.009070 0.005228
0 0.676856 0.392823 0.009070 0.005228
0 0.736984 0.410646 0.009070 0.005228
0 0.736984 0.392823 0.009070 0.005228
0 0.105475 0.855038 0.009070 0.005228
0 0.118240 0.852662 0.009070 0.005228
0 0.131004 0.842443 0.009070 0.005228
0 0.144105 0.837452 0.009070 0.005228
0 0.156869 0.834838 0.009070 0.005228
0 0.170306 0.829848 0.009070 0.005228
0 0.243198 0.872861 0.009070 0.005228
0 0.259321 0.862643 0.009070 0.005228
0 0.272422 0.855038 0.009070 0.005228
0 0.285522 0.850048 0.009070 0.005228
0 0.298623 0.845057 0.009070 0.005228
0 0.312059 0.832462 0.009070 0.005228
0 0.422237 0.872861 0.009070 0.005228
0 0.438361 0.867871 0.009070 0.005228
0 0.452469 0.860266 0.009070 0.005228
0 0.472623 0.855038 0.009070 0.005228
0 0.486732 0.850048 0.009070 0.005228
0 0.585489 0.839829 0.010413 0.005228
0 0.585489 0.834838 0.010413 0.005228
0 0.681223 0.839829 0.010413 0.005228
0 0.681223 0.834838 0.010413 0.005228
0 0.787706 0.839829 0.010413 0.005228
0 0.787706 0.834838 0.010413 0.005228
0 0.876050 0.839829 0.010413 0.005228
0 0.876050 0.834838 0.010413 0.005228
0 0.385959 0.842443 0.009070 0.005228
0 0.507894 0.842443 0.009070 0.005228
0 0.105475 0.398051 0.009070 0.005228
0 0.120255 0.385456 0.009070 0.005228
0 0.135371 0.380228 0.009070 0.005228
0 0.150151 0.352424 0.009070 0.005228
0 0.164931 0.347433 0.009070 0.005228
0 0.180047 0.339829 0.009070 0.005228
0 0.194827 0.347433 0.009070 0.005228
0 0.209607 0.352424 0.009070 0.005228
0 0.224723 0.347433 0.009070 0.005228
0 0.239503 0.339829 0.009070 0.005228
0 0.254283 0.344819 0.009070 0.005228
0 0.269399 0.350048 0.009070 0.005228
0 0.301310 0.398051 0.009070 0.005228
0 0.317098 0.387833 0.009070 0.005228
0 0.337252 0.382842 0.009070 0.005228
0 0.353040 0.355038 0.009070 0.005228
0 0.368828 0.350048 0.009070 0.005228
0 0.388646 0.342443 0.009070 0.005228
0 0.404434 0.398051 0.009070 0.005228
0 0.420222 0.387833 0.009070 0.005228
0 0.436009 0.382842 0.009070 0.005228
0 0.451797 0.357652 0.009070 0.005228
0 0.467585 0.352424 0.009070 0.005228
0 0.483373 0.347433 0.009070 0.005228
0 0.515956 0.395437 0.009070 0.005228
0 0.529392 0.390447 0.009070 0.005228
0 0.543164 0.385456 0.009070 0.005228
0 0.556601 0.352424 0.009070 0.005228
0 0.570373 0.350048 0.009070 0.005228
0 0.583809 0.344819 0.009070 0.005228
0 0.597581 0.350048 0.009070 0.005228
0 0.619416 0.355038 0.009070 0.005228
0 0.641250 0.350048 0.009070 0.005228
0 0.676856 0.360029 0.009070 0.005228
0 0.676856 0.352424 0.009070 0.005228
0 0.736984 0.360029 0.009070 0.005228
0 0.736984 0.352424 0.009070 0.005228
0 0.736984 0.347433 0.009070 0.005228
0 0.819281 0.403042 0.009070 0.005228
0 0.833053 0.392823 0.009070 0.005228
0 0.847162 0.385456 0.009070 0.005228
0 0.860934 0.357652 0.009070 0.005228
0 0.874706 0.352424 0.009070 0.005228
0 0.888814 0.339829 0.009070 0.005228
0 0.902586 0.344819 0.009070 0.005228
0 0.902586 0.339829 0.009070 0.005228
0 0.902586 0.332224 0.009070 0.005228
0 0.105475 0.802044 0.009070 0.005228
0 0.105475 0.797053 0.009070 0.005228
0 0.105475 0.789449 0.009070 0.005228
0 0.183406 0.804658 0.009070 0.005228
0 0.183406 0.799667 0.009070 0.005228
0 0.183406 0.786835 0.009070 0.005228
0 0.325160 0.814639 0.009070 0.005228
0 0.325160 0.809648 0.009070 0.005228
0 0.325160 0.802044 0.009070 0.005228
0 0.385959 0.809648 0.009070 0.005228
0 0.394357 0.807034 0.009070 0.005228
0 0.507894 0.804658 0.009070 0.005228
0 0.585489 0.804658 0.009070 0.005228
0 0.621431 0.807034 0.009070 0.005228
0 0.621431 0.802044 0.009070 0.005228
0 0.681223 0.799667 0.009070 0.005228
0 0.717837 0.807034 0.009070 0.005228
0 0.717837 0.802044 0.009070 0.005228
0 0.787706 0.804658 0.009070 0.005228
0 0.826335 0.807034 0.009070 0.005228
0 0.826335 0.802044 0.009070 0.005228
0 0.876386 0.799667 0.009070 0.005228
0 0.921397 0.807034 0.009070 0.005228
0 0.921397 0.802044 0.009070 0.005228
0 0.105475 0.263308 0.009070 0.005228
0 0.194827 0.263308 0.009070 0.005228
0 0.254283 0.268298 0.009070 0.005228
0 0.301310 0.265684 0.009070 0.005228
0 0.404434 0.275903 0.009070 0.005228
0 0.515620 0.273289 0.010413 0.005228
0 0.676856 0.270675 0.010413 0.005228
0 0.819281 0.280894 0.009070 0.005228
0 0.585489 0.699144 0.009070 0.005228
0 0.681223 0.699144 0.009070 0.005228
0 0.717837 0.699144 0.009070 0.005228
0 0.748069 0.704135 0.009070 0.005228
0 0.787706 0.698907 0.010413 0.005228
0 0.921397 0.699144 0.009070 0.005228
0 0.105475 0.202947 0.009070 0.005228
0 0.194827 0.202947 0.009070 0.005228
0 0.254283 0.208175 0.009070 0.005228
0 0.301310 0.210551 0.009070 0.005228
0 0.404434 0.210551 0.009070 0.005228
0 0.515956 0.197956 0.009070 0.005228
0 0.597581 0.200570 0.009070 0.005228
0 0.676856 0.205561 0.010413 0.005228
0 0.819281 0.202947 0.009070 0.005228
0 0.585489 0.639259 0.009070 0.005228
0 0.681223 0.639259 0.009070 0.005228
0 0.717837 0.639259 0.009070 0.005228
0 0.748069 0.644487 0.009070 0.005228
0 0.787706 0.639259 0.010413 0.005228
0 0.921397 0.639259 0.009070 0.005228
0 0.105475 0.146863 0.009070 0.005228
0 0.194827 0.146863 0.009070 0.005228
0 0.254283 0.149477 0.009070 0.005228
0 0.301310 0.149477 0.009070 0.005228
0 0.404434 0.151854 0.009070 0.005228
0 0.515620 0.149240 0.010413 0.005228
0 0.676856 0.151854 0.010413 0.005228
0 0.819281 0.151854 0.009070 0.005228
0 0.585489 0.578422 0.009070 0.005228
0 0.681223 0.578422 0.009070 0.005228
0 0.717837 0.578422 0.009070 0.005228
0 0.748069 0.583413 0.009070 0.005228
0 0.787706 0.578422 0.010413 0.005228
0 0.921397 0.578422 0.009070 0.005228
0 0.105475 0.076521 0.009070 0.005228
0 0.194827 0.076521 0.009070 0.005228
0 0.254283 0.073907 0.009070 0.005228
0 0.301310 0.078897 0.009070 0.005228
0 0.404434 0.076521 0.009070 0.005228
0 0.515620 0.081511 0.010413 0.005228
0 0.676856 0.081511 0.009070 0.005228
0 0.736984 0.084125 0.009070 0.005228
0 0.819281 0.081511 0.009070 0.005228
0 0.585489 0.517348 0.009070 0.005228
0 0.681223 0.517348 0.009070 0.005228
0 0.717837 0.517348 0.009070 0.005228
0 0.748069 0.522576 0.009070 0.005228
0 0.787706 0.517348 0.010413 0.005228
0 0.921397 0.517348 0.009070 0.005228
