0 0.159221 0.267823 0.010749 0.006179
0 0.159221 0.255941 0.010749 0.006179
0 0.302990 0.246911 0.010749 0.006179
0 0.302990 0.240970 0.010749 0.006179
0 0.302990 0.235029 0.010749 0.006179
0 0.459859 0.267823 0.010749 0.006179
0 0.459859 0.252852 0.010749 0.006179
0 0.572052 0.246911 0.010749 0.006179
0 0.572052 0.232177 0.010749 0.006179
0 0.698354 0.267823 0.010749 0.006179
0 0.698354 0.255941 0.010749 0.006179
0 0.827343 0.267823 0.010749 0.006179
0 0.827343 0.252852 0.010749 0.006179
0 0.159221 0.590542 0.010749 0.006179
0 0.159221 0.578660 0.010749 0.006179
0 0.415519 0.584601 0.010749 0.006179
0 0.415519 0.578660 0.010749 0.006179
0 0.415519 0.572719 0.010749 0.006179
0 0.602284 0.596483 0.010749 0.006179
0 0.602284 0.584601 0.010749 0.006179
0 0.602284 0.569629 0.010749 0.006179
0 0.779308 0.563688 0.010749 0.006179
0 0.779308 0.554895 0.010749 0.006179
0 0.779308 0.548954 0.010749 0.006179
0 0.185757 0.899952 0.010749 0.006179
0 0.185757 0.888070 0.010749 0.006179
0 0.185757 0.876188 0.010749 0.006179
0 0.293248 0.867158 0.010749 0.006179
0 0.293248 0.861217 0.010749 0.006179
0 0.293248 0.855276 0.010749 0.006179
0 0.414511 0.899952 0.010749 0.006179
0 0.414511 0.888070 0.010749 0.006179
0 0.414511 0.873099 0.010749 0.006179
0 0.524017 0.899952 0.010749 0.006179
0 0.524017 0.888070 0.010749 0.006179
0 0.524017 0.876188 0.010749 0.006179
0 0.654686 0.899952 0.010749 0.006179
0 0.654686 0.888070 0.010749 0.006179
0 0.654686 0.873099 0.010749 0.006179
0 0.841451 0.867158 0.010749 0.006179
0 0.841451 0.858365 0.010749 0.006179
0 0.841451 0.852424 0.010749 0.006179
0 0.159221 0.202709 0.010749 0.006179
0 0.159221 0.196768 0.010749 0.006179
0 0.159221 0.190827 0.010749 0.006179
0 0.159221 0.182034 0.010749 0.006179
0 0.302990 0.182034 0.010749 0.006179
0 0.302990 0.176093 0.010749 0.006179
0 0.302990 0.170152 0.010749 0.006179
0 0.459859 0.202709 0.010749 0.006179
0 0.469600 0.199857 0.010749 0.006179
0 0.459859 0.193916 0.010749 0.006179
0 0.572052 0.182034 0.010749 0.006179
0 0.581794 0.178945 0.010749 0.006179
0 0.572052 0.173004 0.010749 0.006179
0 0.698354 0.202709 0.010749 0.006179
0 0.698354 0.196768 0.010749 0.006179
0 0.698354 0.190827 0.010749 0.006179
0 0.827343 0.202709 0.010749 0.006179
0 0.837084 0.199857 0.010749 0.006179
0 0.827343 0.193916 0.010749 0.006179
0 0.159221 0.526854 0.010749 0.006179
0 0.159221 0.520913 0.010749 0.006179
0 0.159221 0.514971 0.010749 0.006179
0 0.252267 0.476473 0.010749 0.006179
0 0.276789 0.473384 0.010749 0.006179
0 0.300974 0.470532 0.010749 0.006179
0 0.327511 0.470532 0.010749 0.006179
0 0.352032 0.467443 0.010749 0.006179
0 0.378569 0.467443 0.010749 0.006179
0 0.415519 0.464591 0.010749 0.006179
0 0.602284 0.520913 0.010749 0.006179
0 0.602284 0.512120 0.010749 0.006179
0 0.602284 0.506179 0.010749 0.006179
0 0.602284 0.500238 0.010749 0.006179
0 0.779308 0.500238 0.010749 0.006179
0 0.779308 0.491207 0.010749 0.006179
0 0.779308 0.485266 0.010749 0.006179
0 0.779308 0.479325 0.010749 0.006179
0 0.185757 0.843394 0.010749 0.006179
0 0.185757 0.834601 0.010749 0.006179
0 0.185757 0.828660 0.010749 0.006179
0 0.185757 0.822719 0.010749 0.006179
0 0.293248 0.822719 0.010749 0.006179
0 0.293248 0.813688 0.010749 0.006179
0 0.293248 0.807747 0.010749 0.006179
0 0.293248 0.801806 0.010749 0.006179
0 0.414511 0.840542 0.010749 0.006179
0 0.414511 0.831511 0.010749 0.006179
0 0.414511 0.825570 0.010749 0.006179
0 0.414511 0.819629 0.010749 0.006179
0 0.524017 0.843394 0.010749 0.006179
0 0.524017 0.834601 0.010749 0.006179
0 0.524017 0.828660 0.010749 0.006179
0 0.524017 0.822719 0.010749 0.006179
0 0.654686 0.840542 0.010749 0.006179
0 0.654686 0.831511 0.010749 0.006179
0 0.654686 0.825570 0.010749 0.006179
0 0.654686 0.819629 0.010749 0.006179
0 0.720860 0.810837 0.010749 0.006179
0 0.738327 0.807747 0.010749 0.006179
0 0.760497 0.807747 0.010749 0.006179
0 0.777964 0.804895 0.010749 0.006179
0 0.801478 0.801806 0.010749 0.006179
0 0.823984 0.801806 0.010749 0.006179
0 0.841451 0.798954 0.010749 0.006179
0 0.159221 0.096008 0.010749 0.006179
0 0.247901 0.096008 0.010749 0.006179
0 0.302990 0.084125 0.010749 0.006179
0 0.391669 0.084125 0.010749 0.006179
0 0.459859 0.086977 0.010749 0.006179
0 0.502855 0.086977 0.010749 0.006179
0 0.572052 0.092918 0.010749 0.006179
0 0.698354 0.096008 0.010749 0.006179
0 0.777628 0.084125 0.010749 0.006179
0 0.827343 0.086977 0.010749 0.006179
0 0.906617 0.092918 0.010749 0.006179
0 0.159221 0.417300 0.010749 0.006179
0 0.212966 0.417300 0.010749 0.006179
0 0.415519 0.417300 0.010749 0.006179
0 0.602284 0.411359 0.010749 0.006179
0 0.711119 0.411359 0.010749 0.006179
0 0.779308 0.402567 0.010749 0.006179
0 0.888142 0.411359 0.010749 0.006179
0 0.185757 0.728375 0.010749 0.006179
0 0.251931 0.728375 0.010749 0.006179
0 0.293248 0.737167 0.010749 0.006179
0 0.414511 0.734316 0.010749 0.006179
0 0.482029 0.725285 0.010749 0.006179
0 0.524017 0.728375 0.010749 0.006179
0 0.591535 0.734316 0.010749 0.006179
0 0.654686 0.740257 0.010749 0.006179
0 0.692980 0.734316 0.010749 0.006179
0 0.841451 0.734316 0.010749 0.006179
