0 0.259321 0.373574 0.009070 0.005228
0 0.634531 0.411122 0.009070 0.005228
0 0.634531 0.403517 0.009070 0.005228
0 0.105811 0.418726 0.009070 0.005228
0 0.105811 0.411122 0.009070 0.005228
0 0.105811 0.406131 0.009070 0.005228
0 0.140746 0.446293 0.009070 0.005228
0 0.140746 0.428707 0.009070 0.005228
0 0.175344 0.383555 0.009070 0.005228
0 0.175344 0.378565 0.009070 0.005228
0 0.175344 0.370960 0.009070 0.005228
0 0.217669 0.380941 0.009070 0.005228
0 0.217669 0.375951 0.009070 0.005228
0 0.217669 0.368584 0.009070 0.005228
0 0.259321 0.408508 0.009070 0.005228
0 0.259321 0.403517 0.009070 0.005228
0 0.293248 0.413736 0.009070 0.005228
0 0.293248 0.408508 0.009070 0.005228
0 0.293248 0.401141 0.009070 0.005228
0 0.326839 0.418726 0.009070 0.005228
0 0.326839 0.413736 0.009070 0.005228
0 0.326839 0.406131 0.009070 0.005228
0 0.368828 0.431321 0.009070 0.005228
0 0.368828 0.423717 0.009070 0.005228
0 0.368828 0.418726 0.009070 0.005228
0 0.368828 0.413736 0.009070 0.005228
0 0.405106 0.433698 0.009070 0.005228
0 0.405106 0.428707 0.009070 0.005228
0 0.405106 0.421103 0.009070 0.005228
0 0.405106 0.416112 0.009070 0.005228
0 0.534431 0.448669 0.009070 0.005228
0 0.534431 0.431321 0.009070 0.005228
0 0.600941 0.446293 0.009070 0.005228
0 0.600941 0.428707 0.009070 0.005228
0 0.634531 0.375951 0.009070 0.005228
0 0.668122 0.380941 0.009070 0.005228
0 0.668122 0.375951 0.009070 0.005228
0 0.668122 0.370960 0.009070 0.005228
0 0.701377 0.446293 0.009070 0.005228
0 0.701377 0.428707 0.009070 0.005228
0 0.755794 0.438688 0.009070 0.005228
0 0.755794 0.421103 0.009070 0.005228
0 0.780316 0.433698 0.009070 0.005228
0 0.804501 0.428707 0.009070 0.005228
0 0.829023 0.421103 0.009070 0.005228
0 0.853208 0.416112 0.009070 0.005228
0 0.877729 0.421103 0.009070 0.005228
0 0.901915 0.423717 0.009070 0.005228
0 0.926436 0.423717 0.009070 0.005228
0 0.114209 0.872386 0.009070 0.005228
0 0.138394 0.867395 0.009070 0.005228
0 0.162580 0.859791 0.009070 0.005228
0 0.186765 0.854800 0.009070 0.005228
0 0.210951 0.857414 0.009070 0.005228
0 0.235136 0.862405 0.009070 0.005228
0 0.259657 0.867395 0.009070 0.005228
0 0.283843 0.869772 0.009070 0.005228
0 0.328519 0.872386 0.009070 0.005228
0 0.353040 0.867395 0.009070 0.005228
0 0.377561 0.869772 0.009070 0.005228
0 0.402083 0.867395 0.009070 0.005228
0 0.429291 0.874762 0.009070 0.005228
0 0.453813 0.867395 0.009070 0.005228
0 0.478334 0.869772 0.009070 0.005228
0 0.502855 0.867395 0.009070 0.005228
0 0.539469 0.877376 0.009070 0.005228
0 0.562647 0.867395 0.009070 0.005228
0 0.585489 0.869772 0.009070 0.005228
0 0.608331 0.867395 0.009070 0.005228
0 0.631508 0.879990 0.009070 0.005228
0 0.654350 0.867395 0.009070 0.005228
0 0.677192 0.869772 0.009070 0.005228
0 0.700034 0.867395 0.009070 0.005228
0 0.739335 0.882367 0.009070 0.005228
0 0.765872 0.877376 0.009070 0.005228
0 0.792744 0.872386 0.009070 0.005228
0 0.819281 0.867395 0.009070 0.005228
0 0.846154 0.862405 0.009070 0.005228
0 0.873027 0.864781 0.009070 0.005228
0 0.899563 0.867395 0.009070 0.005228
0 0.926436 0.867395 0.009070 0.005228
0 0.360430 0.411122 0.009070 0.005228
0 0.360430 0.406131 0.009070 0.005228
0 0.105811 0.370960 0.009070 0.005228
0 0.105811 0.365970 0.009070 0.005228
0 0.105811 0.353375 0.009070 0.005228
0 0.140746 0.388546 0.009070 0.005228
0 0.140746 0.370960 0.009070 0.005228
0 0.175344 0.365970 0.009070 0.005228
0 0.175344 0.360979 0.009070 0.005228
0 0.175344 0.353375 0.009070 0.005228
0 0.217669 0.363356 0.009070 0.005228
0 0.217669 0.358365 0.009070 0.005228
0 0.217669 0.350998 0.009070 0.005228
0 0.259321 0.368584 0.009070 0.005228
0 0.259321 0.363356 0.009070 0.005228
0 0.259321 0.355989 0.009070 0.005228
0 0.293248 0.373574 0.009070 0.005228
0 0.293248 0.368584 0.009070 0.005228
0 0.293248 0.360979 0.009070 0.005228
0 0.326839 0.378565 0.009070 0.005228
0 0.326839 0.373574 0.009070 0.005228
0 0.326839 0.365970 0.009070 0.005228
0 0.360430 0.378565 0.009070 0.005228
0 0.360430 0.370960 0.009070 0.005228
0 0.405106 0.370960 0.009070 0.005228
0 0.405106 0.363356 0.009070 0.005228
0 0.405106 0.358365 0.009070 0.005228
0 0.405106 0.353375 0.009070 0.005228
0 0.534431 0.380941 0.009070 0.005228
0 0.534431 0.373574 0.009070 0.005228
0 0.534431 0.368584 0.009070 0.005228
0 0.534431 0.363356 0.009070 0.005228
0 0.600941 0.388546 0.009070 0.005228
0 0.600941 0.380941 0.009070 0.005228
0 0.600941 0.375951 0.009070 0.005228
0 0.600941 0.370960 0.009070 0.005228
0 0.634531 0.370960 0.009070 0.005228
0 0.634531 0.363356 0.009070 0.005228
0 0.634531 0.358365 0.009070 0.005228
0 0.668122 0.363356 0.009070 0.005228
0 0.668122 0.358365 0.009070 0.005228
0 0.668122 0.353375 0.009070 0.005228
0 0.701377 0.375951 0.009070 0.005228
0 0.701377 0.370960 0.009070 0.005228
0 0.701377 0.365970 0.009070 0.005228
0 0.701377 0.358365 0.009070 0.005228
0 0.755794 0.380941 0.009070 0.005228
0 0.755794 0.375951 0.009070 0.005228
0 0.755794 0.370960 0.009070 0.005228
0 0.755794 0.363356 0.009070 0.005228
0 0.780316 0.416112 0.009070 0.005228
0 0.804501 0.411122 0.009070 0.005228
0 0.829023 0.380941 0.009070 0.005228
0 0.853208 0.375951 0.009070 0.005228
0 0.877729 0.380941 0.009070 0.005228
0 0.901915 0.383555 0.009070 0.005228
0 0.926436 0.383555 0.009070 0.005228
0 0.114209 0.829373 0.009070 0.005228
0 0.138394 0.824382 0.009070 0.005228
0 0.162580 0.817015 0.009070 0.005228
0 0.186765 0.811787 0.009070 0.005228
0 0.210951 0.814401 0.009070 0.005228
0 0.235136 0.819392 0.009070 0.005228
0 0.259657 0.824382 0.009070 0.005228
0 0.283843 0.826996 0.009070 0.005228
0 0.328519 0.854800 0.009070 0.005228
0 0.353040 0.849810 0.009070 0.005228
0 0.377561 0.852186 0.009070 0.005228
0 0.402083 0.849810 0.009070 0.005228
0 0.429291 0.857414 0.009070 0.005228
0 0.453813 0.849810 0.009070 0.005228
0 0.478334 0.852186 0.009070 0.005228
0 0.502855 0.849810 0.009070 0.005228
0 0.539469 0.859791 0.009070 0.005228
0 0.562647 0.849810 0.009070 0.005228
0 0.585489 0.852186 0.009070 0.005228
0 0.608331 0.849810 0.009070 0.005228
0 0.631508 0.862405 0.009070 0.005228
0 0.654350 0.849810 0.009070 0.005228
0 0.677192 0.852186 0.009070 0.005228
0 0.700034 0.849810 0.009070 0.005228
0 0.739335 0.864781 0.009070 0.005228
0 0.765872 0.859791 0.009070 0.005228
0 0.792744 0.854800 0.009070 0.005228
0 0.819281 0.849810 0.009070 0.005228
0 0.846154 0.819392 0.009070 0.005228
0 0.873027 0.822006 0.009070 0.005228
0 0.899563 0.824382 0.009070 0.005228
0 0.926436 0.824382 0.009070 0.005228
0 0.105811 0.295627 0.010413 0.005228
0 0.360430 0.295627 0.009070 0.005228
0 0.405106 0.288023 0.009070 0.005228
0 0.460531 0.288023 0.009070 0.005228
0 0.489083 0.288023 0.009070 0.005228
0 0.534431 0.293013 0.009070 0.005228
0 0.600941 0.295627 0.009070 0.005228
0 0.701377 0.295627 0.009070 0.005228
0 0.755794 0.305608 0.009070 0.005228
0 0.926436 0.305608 0.009070 0.005228
0 0.114209 0.742158 0.009070 0.005228
0 0.283843 0.734791 0.009070 0.005228
0 0.328519 0.737167 0.009070 0.005228
0 0.402083 0.737167 0.009070 0.005228
0 0.429291 0.739781 0.009070 0.005228
0 0.478334 0.739781 0.009070 0.005228
0 0.539469 0.742158 0.009070 0.005228
0 0.677192 0.744772 0.009070 0.005228
0 0.739335 0.747148 0.009070 0.005228
0 0.926436 0.747148 0.009070 0.005228
0 0.105811 0.225760 0.010413 0.005228
0 0.360430 0.235741 0.009070 0.005228
0 0.405106 0.223384 0.009070 0.005228
0 0.460531 0.220770 0.009070 0.005228
0 0.489083 0.218394 0.009070 0.005228
0 0.534431 0.228375 0.009070 0.005228
0 0.600941 0.228375 0.009070 0.005228
0 0.701377 0.235741 0.009070 0.005228
0 0.755794 0.240970 0.009070 0.005228
0 0.926436 0.245960 0.009070 0.005228
0 0.114209 0.684648 0.009070 0.005228
0 0.283843 0.674667 0.009070 0.005228
0 0.328519 0.674667 0.009070 0.005228
0 0.402083 0.674667 0.009070 0.005228
0 0.429291 0.674667 0.009070 0.005228
0 0.478334 0.674667 0.009070 0.005228
0 0.539469 0.674667 0.009070 0.005228
0 0.677192 0.682272 0.009070 0.005228
0 0.739335 0.679658 0.009070 0.005228
0 0.926436 0.689876 0.009070 0.005228
0 0.105811 0.150903 0.010413 0.005228
0 0.360430 0.156131 0.009070 0.005228
0 0.405106 0.148527 0.009070 0.005228
0 0.460531 0.148527 0.009070 0.005228
0 0.489083 0.148527 0.009070 0.005228
0 0.534431 0.158508 0.009070 0.005228
0 0.600941 0.161122 0.009070 0.005228
0 0.701377 0.168489 0.009070 0.005228
0 0.755794 0.173479 0.009070 0.005228
0 0.926436 0.166112 0.009070 0.005228
0 0.114209 0.612405 0.009070 0.005228
0 0.283843 0.620010 0.009070 0.005228
0 0.328519 0.620010 0.009070 0.005228
0 0.402083 0.612405 0.009070 0.005228
0 0.429291 0.615019 0.009070 0.005228
0 0.478334 0.615019 0.009070 0.005228
0 0.539469 0.612405 0.009070 0.005228
0 0.677192 0.620010 0.009070 0.005228
0 0.739335 0.620010 0.009070 0.005228
0 0.926436 0.617395 0.009070 0.005228
0 0.105811 0.066065 0.010413 0.005228
0 0.360430 0.083650 0.009070 0.005228
0 0.405106 0.066065 0.009070 0.005228
0 0.460531 0.068679 0.009070 0.005228
0 0.489083 0.071055 0.009070 0.005228
0 0.534431 0.076283 0.009070 0.005228
0 0.600941 0.083650 0.009070 0.005228
0 0.701377 0.088641 0.009070 0.005228
0 0.755794 0.093631 0.009070 0.005228
0 0.926436 0.093631 0.009070 0.005228
0 0.114209 0.541825 0.009070 0.005228
0 0.283843 0.544439 0.009070 0.005228
0 0.328519 0.541825 0.009070 0.005228
0 0.402083 0.536835 0.009070 0.005228
0 0.429291 0.531844 0.009070 0.005228
0 0.478334 0.534458 0.009070 0.005228
0 0.539469 0.534458 0.009070 0.005228
0 0.585489 0.536835 0.009070 0.005228
0 0.677192 0.539449 0.009070 0.005228
0 0.739335 0.541825 0.009070 0.005228
0 0.926436 0.546816 0.009070 0.005228
