0 0.608331 0.408270 0.007726 0.004515
0 0.774605 0.410409 0.007726 0.004515
0 0.834061 0.403755 0.007726 0.004515
0 0.893853 0.412548 0.007726 0.004515
0 0.130668 0.414686 0.007726 0.004515
0 0.130668 0.399477 0.007726 0.004515
0 0.149479 0.412548 0.007726 0.004515
0 0.149479 0.397338 0.007726 0.004515
0 0.168290 0.410409 0.007726 0.004515
0 0.168290 0.395200 0.007726 0.004515
0 0.187101 0.408270 0.007726 0.004515
0 0.187101 0.392823 0.007726 0.004515
0 0.205912 0.403755 0.007726 0.004515
0 0.205912 0.388546 0.007726 0.004515
0 0.224723 0.406131 0.007726 0.004515
0 0.224723 0.390684 0.007726 0.004515
0 0.243534 0.408270 0.007726 0.004515
0 0.243534 0.392823 0.007726 0.004515
0 0.281156 0.412548 0.007726 0.004515
0 0.281156 0.397338 0.007726 0.004515
0 0.313403 0.414686 0.007726 0.004515
0 0.313403 0.399477 0.007726 0.004515
0 0.334565 0.412548 0.007726 0.004515
0 0.334565 0.397338 0.007726 0.004515
0 0.357071 0.410409 0.007726 0.004515
0 0.357071 0.395200 0.007726 0.004515
0 0.382600 0.408270 0.007726 0.004515
0 0.382600 0.392823 0.007726 0.004515
0 0.403762 0.403755 0.007726 0.004515
0 0.403762 0.388546 0.007726 0.004515
0 0.425260 0.406131 0.007726 0.004515
0 0.425260 0.390684 0.007726 0.004515
0 0.446423 0.408270 0.007726 0.004515
0 0.446423 0.392823 0.007726 0.004515
0 0.489083 0.412548 0.007726 0.004515
0 0.489083 0.397338 0.007726 0.004515
0 0.530064 0.414686 0.007726 0.004515
0 0.530064 0.399477 0.007726 0.004515
0 0.634531 0.395200 0.007726 0.004515
0 0.660732 0.399477 0.007726 0.004515
0 0.686597 0.397338 0.007726 0.004515
0 0.712798 0.395200 0.007726 0.004515
0 0.738999 0.392823 0.007726 0.004515
0 0.774605 0.368346 0.007726 0.004515
0 0.794424 0.395200 0.007726 0.004515
0 0.814243 0.401616 0.007726 0.004515
0 0.834061 0.399477 0.007726 0.004515
0 0.853880 0.397338 0.007726 0.004515
0 0.874034 0.395200 0.007726 0.004515
0 0.893853 0.370722 0.007726 0.004515
0 0.913671 0.397338 0.007726 0.004515
0 0.933490 0.401616 0.007726 0.004515
0 0.136043 0.868584 0.007726 0.004515
0 0.158549 0.870722 0.007726 0.004515
0 0.181391 0.870722 0.007726 0.004515
0 0.203897 0.872861 0.007726 0.004515
0 0.229426 0.868584 0.007726 0.004515
0 0.254955 0.875238 0.007726 0.004515
0 0.277796 0.877376 0.007726 0.004515
0 0.300302 0.872861 0.007726 0.004515
0 0.323144 0.861930 0.007726 0.004515
0 0.357407 0.868584 0.007726 0.004515
0 0.379241 0.870722 0.007726 0.004515
0 0.401075 0.870722 0.007726 0.004515
0 0.422909 0.872861 0.007726 0.004515
0 0.444743 0.868584 0.007726 0.004515
0 0.466577 0.875238 0.007726 0.004515
0 0.488747 0.877376 0.007726 0.004515
0 0.513940 0.868584 0.007726 0.004515
0 0.539133 0.861930 0.007726 0.004515
0 0.571045 0.864306 0.007726 0.004515
0 0.592207 0.866445 0.007726 0.004515
0 0.613369 0.866445 0.007726 0.004515
0 0.634531 0.868584 0.007726 0.004515
0 0.655694 0.864306 0.007726 0.004515
0 0.681559 0.870722 0.007726 0.004515
0 0.702721 0.872861 0.007726 0.004515
0 0.723883 0.868584 0.007726 0.004515
0 0.745045 0.857652 0.007726 0.004515
0 0.786026 0.864306 0.007726 0.004515
0 0.804165 0.866445 0.007726 0.004515
0 0.823984 0.866445 0.007726 0.004515
0 0.849177 0.868584 0.007726 0.004515
0 0.866980 0.864306 0.007726 0.004515
0 0.884447 0.870722 0.007726 0.004515
0 0.901915 0.872861 0.007726 0.004515
0 0.919718 0.864306 0.007726 0.004515
0 0.937185 0.857652 0.007726 0.004515
0 0.130668 0.357414 0.007726 0.004515
0 0.130668 0.342205 0.007726 0.004515
0 0.149479 0.355276 0.007726 0.004515
0 0.149479 0.340067 0.007726 0.004515
0 0.168290 0.353137 0.007726 0.004515
0 0.168290 0.337690 0.007726 0.004515
0 0.187101 0.350998 0.007726 0.004515
0 0.187101 0.335551 0.007726 0.004515
0 0.205912 0.355276 0.007726 0.004515
0 0.205912 0.340067 0.007726 0.004515
0 0.224723 0.357414 0.007726 0.004515
0 0.224723 0.342205 0.007726 0.004515
0 0.243534 0.359791 0.007726 0.004515
0 0.243534 0.344344 0.007726 0.004515
0 0.262345 0.366207 0.007726 0.004515
0 0.262345 0.350998 0.007726 0.004515
0 0.281156 0.364068 0.007726 0.004515
0 0.281156 0.348622 0.007726 0.004515
0 0.313403 0.357414 0.007726 0.004515
0 0.313403 0.342205 0.007726 0.004515
0 0.334565 0.355276 0.007726 0.004515
0 0.334565 0.340067 0.007726 0.004515
0 0.357071 0.353137 0.007726 0.004515
0 0.357071 0.337690 0.007726 0.004515
0 0.382600 0.350998 0.007726 0.004515
0 0.382600 0.335551 0.007726 0.004515
0 0.403762 0.355276 0.007726 0.004515
0 0.403762 0.340067 0.007726 0.004515
0 0.425260 0.357414 0.007726 0.004515
0 0.425260 0.342205 0.007726 0.004515
0 0.446423 0.359791 0.007726 0.004515
0 0.446423 0.344344 0.007726 0.004515
0 0.467921 0.366207 0.007726 0.004515
0 0.467921 0.350998 0.007726 0.004515
0 0.489083 0.364068 0.007726 0.004515
0 0.489083 0.348622 0.007726 0.004515
0 0.530064 0.361930 0.007726 0.004515
0 0.530064 0.346483 0.007726 0.004515
0 0.556265 0.364068 0.007726 0.004515
0 0.556265 0.348622 0.007726 0.004515
0 0.582130 0.364068 0.007726 0.004515
0 0.582130 0.348622 0.007726 0.004515
0 0.608331 0.366207 0.007726 0.004515
0 0.608331 0.350998 0.007726 0.004515
0 0.634531 0.357414 0.007726 0.004515
0 0.660732 0.361930 0.007726 0.004515
0 0.686597 0.359791 0.007726 0.004515
0 0.712798 0.357414 0.007726 0.004515
0 0.738999 0.355276 0.007726 0.004515
0 0.774605 0.353137 0.007726 0.004515
0 0.794424 0.357414 0.007726 0.004515
0 0.814243 0.364068 0.007726 0.004515
0 0.834061 0.361930 0.007726 0.004515
0 0.853880 0.359791 0.007726 0.004515
0 0.874034 0.357414 0.007726 0.004515
0 0.893853 0.355276 0.007726 0.004515
0 0.913671 0.359791 0.007726 0.004515
0 0.933490 0.364068 0.007726 0.004515
0 0.136043 0.853375 0.007726 0.004515
0 0.158549 0.855513 0.007726 0.004515
0 0.181391 0.855513 0.007726 0.004515
0 0.203897 0.857652 0.007726 0.004515
0 0.229426 0.853375 0.007726 0.004515
0 0.254955 0.859791 0.007726 0.004515
0 0.277796 0.861930 0.007726 0.004515
0 0.300302 0.857652 0.007726 0.004515
0 0.323144 0.846721 0.007726 0.004515
0 0.357407 0.853375 0.007726 0.004515
0 0.379241 0.855513 0.007726 0.004515
0 0.401075 0.855513 0.007726 0.004515
0 0.422909 0.857652 0.007726 0.004515
0 0.444743 0.853375 0.007726 0.004515
0 0.466577 0.859791 0.007726 0.004515
0 0.488747 0.861930 0.007726 0.004515
0 0.513940 0.853375 0.007726 0.004515
0 0.539133 0.846721 0.007726 0.004515
0 0.571045 0.848859 0.007726 0.004515
0 0.592207 0.850998 0.007726 0.004515
0 0.613369 0.850998 0.007726 0.004515
0 0.634531 0.853375 0.007726 0.004515
0 0.655694 0.848859 0.007726 0.004515
0 0.681559 0.855513 0.007726 0.004515
0 0.702721 0.857652 0.007726 0.004515
0 0.723883 0.853375 0.007726 0.004515
0 0.745045 0.811787 0.007726 0.004515
0 0.786026 0.848859 0.007726 0.004515
0 0.804165 0.850998 0.007726 0.004515
0 0.823984 0.850998 0.007726 0.004515
0 0.849177 0.853375 0.007726 0.004515
0 0.866980 0.848859 0.007726 0.004515
0 0.884447 0.855513 0.007726 0.004515
0 0.901915 0.857652 0.007726 0.004515
0 0.919718 0.848859 0.007726 0.004515
0 0.937185 0.811787 0.007726 0.004515
0 0.130668 0.273051 0.007726 0.004515
0 0.187101 0.266635 0.007726 0.004515
0 0.313403 0.268774 0.007726 0.004515
0 0.357071 0.273051 0.007726 0.004515
0 0.382600 0.266635 0.007726 0.004515
0 0.530064 0.273051 0.007726 0.004515
0 0.556265 0.270913 0.007726 0.004515
0 0.582130 0.268774 0.007726 0.004515
0 0.608331 0.266635 0.007726 0.004515
0 0.774605 0.268774 0.007726 0.004515
0 0.834061 0.277567 0.007726 0.004515
0 0.893853 0.270913 0.007726 0.004515
0 0.136043 0.728375 0.007726 0.004515
0 0.203897 0.728375 0.007726 0.004515
0 0.229426 0.728375 0.007726 0.004515
0 0.254955 0.728375 0.007726 0.004515
0 0.277796 0.728375 0.007726 0.004515
0 0.323144 0.728375 0.007726 0.004515
0 0.357407 0.728375 0.007726 0.004515
0 0.379241 0.726236 0.007726 0.004515
0 0.401075 0.723859 0.007726 0.004515
0 0.422909 0.721721 0.007726 0.004515
0 0.571045 0.723859 0.007726 0.004515
0 0.634531 0.723859 0.007726 0.004515
0 0.655694 0.726236 0.007726 0.004515
0 0.681559 0.726236 0.007726 0.004515
0 0.702721 0.728375 0.007726 0.004515
0 0.723883 0.730513 0.007726 0.004515
0 0.745045 0.732652 0.007726 0.004515
0 0.786026 0.730513 0.007726 0.004515
0 0.823984 0.723859 0.007726 0.004515
0 0.849177 0.723859 0.007726 0.004515
0 0.901915 0.732652 0.007726 0.004515
0 0.130668 0.205323 0.007726 0.004515
0 0.187101 0.198669 0.007726 0.004515
0 0.313403 0.200808 0.007726 0.004515
0 0.357071 0.205323 0.007726 0.004515
0 0.382600 0.198669 0.007726 0.004515
0 0.686597 0.192015 0.007726 0.004515
0 0.712798 0.194392 0.007726 0.004515
0 0.738999 0.192015 0.007726 0.004515
0 0.774605 0.196530 0.007726 0.004515
0 0.794424 0.194392 0.007726 0.004515
0 0.814243 0.192015 0.007726 0.004515
0 0.834061 0.194392 0.007726 0.004515
0 0.853880 0.196530 0.007726 0.004515
0 0.874034 0.194392 0.007726 0.004515
0 0.893853 0.198669 0.007726 0.004515
0 0.136043 0.662072 0.007726 0.004515
0 0.203897 0.662072 0.007726 0.004515
0 0.229426 0.659933 0.007726 0.004515
0 0.254955 0.657795 0.007726 0.004515
0 0.277796 0.655656 0.007726 0.004515
0 0.300302 0.657795 0.007726 0.004515
0 0.323144 0.659933 0.007726 0.004515
0 0.357407 0.657795 0.007726 0.004515
0 0.401075 0.657795 0.007726 0.004515
0 0.422909 0.659933 0.007726 0.004515
0 0.488747 0.655656 0.007726 0.004515
0 0.513940 0.657795 0.007726 0.004515
0 0.539133 0.659933 0.007726 0.004515
0 0.571045 0.662072 0.007726 0.004515
0 0.634531 0.662072 0.007726 0.004515
0 0.681559 0.662072 0.007726 0.004515
0 0.702721 0.662072 0.007726 0.004515
0 0.786026 0.662072 0.007726 0.004515
0 0.804165 0.659933 0.007726 0.004515
0 0.823984 0.657795 0.007726 0.004515
0 0.849177 0.655656 0.007726 0.004515
0 0.130668 0.149952 0.007726 0.004515
0 0.187101 0.149952 0.007726 0.004515
0 0.313403 0.149952 0.007726 0.004515
0 0.357071 0.149952 0.007726 0.004515
0 0.382600 0.149952 0.007726 0.004515
0 0.530064 0.145675 0.007726 0.004515
0 0.556265 0.143536 0.007726 0.004515
0 0.582130 0.141160 0.007726 0.004515
0 0.608331 0.145675 0.007726 0.004515
0 0.686597 0.143536 0.007726 0.004515
0 0.712798 0.145675 0.007726 0.004515
0 0.738999 0.143536 0.007726 0.004515
0 0.774605 0.147814 0.007726 0.004515
0 0.794424 0.145675 0.007726 0.004515
0 0.814243 0.143536 0.007726 0.004515
0 0.834061 0.145675 0.007726 0.004515
0 0.853880 0.147814 0.007726 0.004515
0 0.874034 0.145675 0.007726 0.004515
0 0.893853 0.145675 0.007726 0.004515
0 0.933490 0.147814 0.007726 0.004515
0 0.136043 0.603612 0.007726 0.004515
0 0.203897 0.603612 0.007726 0.004515
0 0.229426 0.601473 0.007726 0.004515
0 0.254955 0.599335 0.007726 0.004515
0 0.277796 0.597196 0.007726 0.004515
0 0.323144 0.597196 0.007726 0.004515
0 0.357407 0.597196 0.007726 0.004515
0 0.401075 0.597196 0.007726 0.004515
0 0.422909 0.597196 0.007726 0.004515
0 0.488747 0.597196 0.007726 0.004515
0 0.513940 0.599335 0.007726 0.004515
0 0.539133 0.601473 0.007726 0.004515
0 0.571045 0.592681 0.007726 0.004515
0 0.634531 0.592681 0.007726 0.004515
0 0.681559 0.592681 0.007726 0.004515
0 0.702721 0.592681 0.007726 0.004515
0 0.786026 0.592681 0.007726 0.004515
0 0.823984 0.592681 0.007726 0.004515
0 0.849177 0.592681 0.007726 0.004515
0 0.130668 0.072719 0.007726 0.004515
0 0.187101 0.079373 0.007726 0.004515
0 0.313403 0.072719 0.007726 0.004515
0 0.357071 0.066302 0.007726 0.004515
0 0.382600 0.079373 0.007726 0.004515
0 0.608331 0.070580 0.007726 0.004515
0 0.634531 0.068441 0.007726 0.004515
0 0.660732 0.066302 0.007726 0.004515
0 0.686597 0.068441 0.007726 0.004515
0 0.712798 0.070580 0.007726 0.004515
0 0.738999 0.068441 0.007726 0.004515
0 0.774605 0.072719 0.007726 0.004515
0 0.794424 0.070580 0.007726 0.004515
0 0.814243 0.068441 0.007726 0.004515
0 0.834061 0.070580 0.007726 0.004515
0 0.853880 0.072719 0.007726 0.004515
0 0.874034 0.070580 0.007726 0.004515
0 0.893853 0.075095 0.007726 0.004515
0 0.136043 0.528755 0.007726 0.004515
0 0.203897 0.528755 0.007726 0.004515
0 0.229426 0.526616 0.007726 0.004515
0 0.254955 0.524477 0.007726 0.004515
0 0.277796 0.522338 0.007726 0.004515
0 0.300302 0.524477 0.007726 0.004515
0 0.323144 0.526616 0.007726 0.004515
0 0.357407 0.524477 0.007726 0.004515
0 0.379241 0.522338 0.007726 0.004515
0 0.401075 0.519962 0.007726 0.004515
0 0.422909 0.517823 0.007726 0.004515
0 0.571045 0.524477 0.007726 0.004515
0 0.634531 0.524477 0.007726 0.004515
0 0.655694 0.522338 0.007726 0.004515
0 0.681559 0.519962 0.007726 0.004515
0 0.702721 0.517823 0.007726 0.004515
0 0.723883 0.519962 0.007726 0.004515
0 0.745045 0.522338 0.007726 0.004515
0 0.786026 0.519962 0.007726 0.004515
0 0.804165 0.517823 0.007726 0.004515
0 0.823984 0.515684 0.007726 0.004515
0 0.849177 0.513546 0.007726 0.004515
