0 0.158549 0.436312 0.009405 0.005466
0 0.253947 0.441540 0.009405 0.005466
0 0.453141 0.444392 0.009405 0.005466
0 0.500840 0.436312 0.009405 0.005466
0 0.153846 0.221958 0.009405 0.005466
0 0.177696 0.211502 0.009405 0.005466
0 0.201881 0.221958 0.009405 0.005466
0 0.225731 0.211502 0.009405 0.005466
0 0.249580 0.221958 0.009405 0.005466
0 0.273766 0.211502 0.009405 0.005466
0 0.297615 0.221958 0.009405 0.005466
0 0.321800 0.211502 0.009405 0.005466
0 0.345650 0.221958 0.009405 0.005466
0 0.369499 0.211502 0.009405 0.005466
0 0.393685 0.221958 0.009405 0.005466
0 0.417534 0.211502 0.009405 0.005466
0 0.441384 0.221958 0.009405 0.005466
0 0.465569 0.211502 0.009405 0.005466
0 0.489419 0.221958 0.009405 0.005466
0 0.513268 0.211502 0.009405 0.005466
0 0.556937 0.221958 0.009405 0.005466
0 0.581794 0.211502 0.009405 0.005466
0 0.606651 0.221958 0.009405 0.005466
0 0.631508 0.211502 0.009405 0.005466
0 0.656701 0.221958 0.009405 0.005466
0 0.681559 0.211502 0.009405 0.005466
0 0.706416 0.221958 0.009405 0.005466
0 0.731273 0.211502 0.009405 0.005466
0 0.756130 0.221958 0.009405 0.005466
0 0.781323 0.214116 0.009405 0.005466
0 0.806181 0.221958 0.009405 0.005466
0 0.831038 0.214116 0.009405 0.005466
0 0.855895 0.221958 0.009405 0.005466
0 0.880752 0.214116 0.009405 0.005466
0 0.905946 0.221958 0.009405 0.005466
0 0.930803 0.214116 0.009405 0.005466
0 0.158549 0.425856 0.011085 0.005466
0 0.568021 0.428470 0.009405 0.005466
0 0.592207 0.418013 0.009405 0.005466
0 0.616392 0.428470 0.009405 0.005466
0 0.640914 0.418013 0.009405 0.005466
0 0.665099 0.428470 0.009405 0.005466
0 0.689285 0.418013 0.009405 0.005466
0 0.713470 0.428470 0.009405 0.005466
0 0.737655 0.418013 0.009405 0.005466
0 0.761841 0.428470 0.009405 0.005466
0 0.786026 0.415399 0.009405 0.005466
0 0.810212 0.428470 0.009405 0.005466
0 0.834397 0.415399 0.009405 0.005466
0 0.858918 0.428470 0.009405 0.005466
0 0.883104 0.415399 0.009405 0.005466
0 0.907289 0.428470 0.009405 0.005466
0 0.931475 0.415399 0.009405 0.005466
0 0.151159 0.686787 0.009405 0.005466
0 0.174672 0.676093 0.009405 0.005466
0 0.198186 0.686787 0.009405 0.005466
0 0.221700 0.676093 0.009405 0.005466
0 0.245213 0.686787 0.009405 0.005466
0 0.268727 0.676093 0.009405 0.005466
0 0.292241 0.686787 0.009405 0.005466
0 0.315754 0.676093 0.009405 0.005466
0 0.339268 0.686787 0.009405 0.005466
0 0.362781 0.676093 0.009405 0.005466
0 0.386295 0.686787 0.009405 0.005466
0 0.409809 0.676093 0.009405 0.005466
0 0.440712 0.686787 0.009405 0.005466
0 0.464226 0.676093 0.009405 0.005466
0 0.487403 0.686787 0.009405 0.005466
0 0.510917 0.676093 0.009405 0.005466
0 0.556601 0.686787 0.009405 0.005466
0 0.580450 0.676093 0.009405 0.005466
0 0.604300 0.686787 0.009405 0.005466
0 0.628149 0.676093 0.009405 0.005466
0 0.651999 0.686787 0.009405 0.005466
0 0.675848 0.676093 0.009405 0.005466
0 0.699698 0.686787 0.009405 0.005466
0 0.723547 0.676093 0.009405 0.005466
0 0.761505 0.686787 0.009405 0.005466
0 0.785690 0.673479 0.009405 0.005466
0 0.809876 0.686787 0.009405 0.005466
0 0.834397 0.673479 0.009405 0.005466
0 0.858582 0.686787 0.009405 0.005466
0 0.882768 0.673479 0.009405 0.005466
0 0.906953 0.686787 0.009405 0.005466
0 0.931475 0.673479 0.009405 0.005466
0 0.151159 0.898289 0.009405 0.005466
0 0.174672 0.887595 0.009405 0.005466
0 0.197850 0.898289 0.009405 0.005466
0 0.221028 0.887595 0.009405 0.005466
0 0.244206 0.898289 0.009405 0.005466
0 0.267383 0.887595 0.009405 0.005466
0 0.290897 0.898289 0.009405 0.005466
0 0.314075 0.887595 0.009405 0.005466
0 0.337252 0.898289 0.009405 0.005466
0 0.360430 0.887595 0.009405 0.005466
0 0.383944 0.898289 0.009405 0.005466
0 0.407121 0.887595 0.009405 0.005466
0 0.437689 0.898289 0.009405 0.005466
0 0.460867 0.887595 0.009405 0.005466
0 0.484380 0.898289 0.009405 0.005466
0 0.507558 0.887595 0.009405 0.005466
0 0.544508 0.900903 0.009405 0.005466
0 0.570373 0.884981 0.009405 0.005466
0 0.595902 0.900903 0.009405 0.005466
0 0.621767 0.884981 0.009405 0.005466
0 0.647296 0.900903 0.009405 0.005466
0 0.673161 0.884981 0.009405 0.005466
0 0.698690 0.900903 0.009405 0.005466
0 0.724555 0.884981 0.009405 0.005466
0 0.750084 0.900903 0.009405 0.005466
0 0.775949 0.884981 0.009405 0.005466
0 0.801478 0.900903 0.009405 0.005466
0 0.827343 0.884981 0.009405 0.005466
0 0.852872 0.900903 0.009405 0.005466
0 0.878737 0.884981 0.009405 0.005466
0 0.904266 0.900903 0.009405 0.005466
0 0.930131 0.884981 0.009405 0.005466
0 0.153846 0.198432 0.009405 0.005466
0 0.177696 0.192966 0.009405 0.005466
0 0.201881 0.198432 0.009405 0.005466
0 0.225731 0.192966 0.009405 0.005466
0 0.249580 0.198432 0.009405 0.005466
0 0.273766 0.192966 0.009405 0.005466
0 0.297615 0.198432 0.009405 0.005466
0 0.321800 0.192966 0.009405 0.005466
0 0.345650 0.198432 0.009405 0.005466
0 0.369499 0.192966 0.009405 0.005466
0 0.393685 0.198432 0.009405 0.005466
0 0.417534 0.192966 0.009405 0.005466
0 0.441384 0.198432 0.009405 0.005466
0 0.465569 0.192966 0.009405 0.005466
0 0.489419 0.198432 0.009405 0.005466
0 0.513268 0.192966 0.009405 0.005466
0 0.556937 0.198432 0.009405 0.005466
0 0.581794 0.192966 0.009405 0.005466
0 0.606651 0.198432 0.009405 0.005466
0 0.631508 0.192966 0.009405 0.005466
0 0.656701 0.198432 0.009405 0.005466
0 0.681559 0.192966 0.009405 0.005466
0 0.706416 0.198432 0.009405 0.005466
0 0.731273 0.192966 0.009405 0.005466
0 0.756130 0.198432 0.009405 0.005466
0 0.781323 0.190352 0.009405 0.005466
0 0.806181 0.198432 0.009405 0.005466
0 0.831038 0.190352 0.009405 0.005466
0 0.855895 0.198432 0.009405 0.005466
0 0.880752 0.190352 0.009405 0.005466
0 0.905946 0.198432 0.009405 0.005466
0 0.930803 0.190352 0.009405 0.005466
0 0.158549 0.412785 0.009405 0.005466
0 0.182398 0.399477 0.009405 0.005466
0 0.206248 0.412785 0.009405 0.005466
0 0.230097 0.399477 0.009405 0.005466
0 0.253947 0.412785 0.009405 0.005466
0 0.277796 0.399477 0.009405 0.005466
0 0.301646 0.412785 0.009405 0.005466
0 0.325495 0.399477 0.009405 0.005466
0 0.349345 0.412785 0.009405 0.005466
0 0.373194 0.399477 0.009405 0.005466
0 0.397044 0.412785 0.009405 0.005466
0 0.420894 0.399477 0.009405 0.005466
0 0.453141 0.412785 0.009405 0.005466
0 0.476990 0.399477 0.009405 0.005466
0 0.500840 0.412785 0.009405 0.005466
0 0.524689 0.399477 0.009405 0.005466
0 0.568021 0.404705 0.009405 0.005466
0 0.592207 0.399477 0.009405 0.005466
0 0.616392 0.404705 0.009405 0.005466
0 0.640914 0.399477 0.009405 0.005466
0 0.665099 0.404705 0.009405 0.005466
0 0.689285 0.399477 0.009405 0.005466
0 0.713470 0.404705 0.009405 0.005466
0 0.737655 0.399477 0.009405 0.005466
0 0.761841 0.407319 0.009405 0.005466
0 0.786026 0.402091 0.009405 0.005466
0 0.810212 0.407319 0.009405 0.005466
0 0.834397 0.402091 0.009405 0.005466
0 0.858918 0.407319 0.009405 0.005466
0 0.883104 0.402091 0.009405 0.005466
0 0.907289 0.407319 0.009405 0.005466
0 0.931475 0.402091 0.009405 0.005466
0 0.151159 0.663023 0.009405 0.005466
0 0.174672 0.657795 0.009405 0.005466
0 0.198186 0.663023 0.009405 0.005466
0 0.221700 0.657795 0.009405 0.005466
0 0.245213 0.663023 0.009405 0.005466
0 0.268727 0.657795 0.009405 0.005466
0 0.292241 0.663023 0.009405 0.005466
0 0.315754 0.657795 0.009405 0.005466
0 0.339268 0.663023 0.009405 0.005466
0 0.362781 0.657795 0.009405 0.005466
0 0.386295 0.663023 0.009405 0.005466
0 0.409809 0.657795 0.009405 0.005466
0 0.440712 0.663023 0.009405 0.005466
0 0.464226 0.657795 0.009405 0.005466
0 0.487403 0.663023 0.009405 0.005466
0 0.510917 0.657795 0.009405 0.005466
0 0.556601 0.663023 0.009405 0.005466
0 0.580450 0.657795 0.009405 0.005466
0 0.604300 0.663023 0.009405 0.005466
0 0.628149 0.657795 0.009405 0.005466
0 0.651999 0.663023 0.009405 0.005466
0 0.675848 0.657795 0.009405 0.005466
0 0.699698 0.663023 0.009405 0.005466
0 0.723547 0.657795 0.009405 0.005466
0 0.761505 0.665637 0.009405 0.005466
0 0.785690 0.660409 0.009405 0.005466
0 0.809876 0.665637 0.009405 0.005466
0 0.834397 0.660409 0.009405 0.005466
0 0.858582 0.665637 0.009405 0.005466
0 0.882768 0.660409 0.009405 0.005466
0 0.906953 0.665637 0.009405 0.005466
0 0.931475 0.660409 0.009405 0.005466
0 0.151159 0.874525 0.009405 0.005466
0 0.174672 0.869297 0.009405 0.005466
0 0.197850 0.874525 0.009405 0.005466
0 0.221028 0.869297 0.009405 0.005466
0 0.244206 0.874525 0.009405 0.005466
0 0.267383 0.869297 0.009405 0.005466
0 0.290897 0.874525 0.009405 0.005466
0 0.314075 0.869297 0.009405 0.005466
0 0.337252 0.874525 0.009405 0.005466
0 0.360430 0.869297 0.009405 0.005466
0 0.383944 0.874525 0.009405 0.005466
0 0.407121 0.869297 0.009405 0.005466
0 0.437689 0.874525 0.009405 0.005466
0 0.460867 0.869297 0.009405 0.005466
0 0.484380 0.874525 0.009405 0.005466
0 0.507558 0.869297 0.009405 0.005466
0 0.544508 0.842918 0.009405 0.005466
0 0.570373 0.848146 0.009405 0.005466
0 0.595902 0.842918 0.009405 0.005466
0 0.621767 0.848146 0.009405 0.005466
0 0.647296 0.842918 0.009405 0.005466
0 0.673161 0.848146 0.009405 0.005466
0 0.698690 0.842918 0.009405 0.005466
0 0.724555 0.848146 0.009405 0.005466
0 0.750084 0.842918 0.009405 0.005466
0 0.775949 0.848146 0.009405 0.005466
0 0.801478 0.842918 0.009405 0.005466
0 0.827343 0.848146 0.009405 0.005466
0 0.852872 0.842918 0.009405 0.005466
0 0.878737 0.848146 0.009405 0.005466
0 0.904266 0.842918 0.009405 0.005466
0 0.930131 0.848146 0.009405 0.005466
0 0.153846 0.083413 0.009405 0.005466
0 0.249580 0.093869 0.009405 0.005466
0 0.489419 0.093869 0.009405 0.005466
0 0.556937 0.083413 0.009405 0.005466
0 0.706416 0.083413 0.009405 0.005466
0 0.756130 0.080798 0.009405 0.005466
0 0.905946 0.086027 0.009405 0.005466
0 0.158549 0.299192 0.009405 0.005466
0 0.453141 0.317728 0.009405 0.005466
0 0.568021 0.299192 0.009405 0.005466
0 0.713470 0.299192 0.009405 0.005466
0 0.761841 0.301806 0.009405 0.005466
0 0.907289 0.307034 0.009405 0.005466
0 0.151159 0.562975 0.009405 0.005466
0 0.245213 0.576046 0.009405 0.005466
0 0.440712 0.576046 0.009405 0.005466
0 0.556601 0.557747 0.009405 0.005466
0 0.699698 0.557747 0.009405 0.005466
0 0.761505 0.560361 0.009405 0.005466
0 0.858582 0.562975 0.009405 0.005466
0 0.836412 0.557747 0.006718 0.003802
0 0.848505 0.560361 0.006718 0.003802
0 0.906953 0.565589 0.009405 0.005466
0 0.151159 0.774477 0.009405 0.005466
0 0.437689 0.774477 0.009405 0.005466
0 0.544508 0.777091 0.009405 0.005466
0 0.698690 0.771863 0.009405 0.005466
0 0.750084 0.766397 0.009405 0.005466
0 0.904266 0.771863 0.009405 0.005466
0 0.760161 0.510456 0.006718 0.003802
0 0.905610 0.514259 0.006718 0.003802
