0 0.120927 0.418013 0.007054 0.004040
0 0.138058 0.412310 0.007054 0.004040
0 0.155526 0.408270 0.007054 0.004040
0 0.172993 0.400428 0.007054 0.004040
0 0.259657 0.418013 0.007054 0.004040
0 0.276789 0.410409 0.007054 0.004040
0 0.294256 0.406369 0.007054 0.004040
0 0.311387 0.402567 0.007054 0.004040
0 0.328855 0.404468 0.007054 0.004040
0 0.407121 0.418013 0.007054 0.004040
0 0.424253 0.410409 0.007054 0.004040
0 0.441048 0.406369 0.007054 0.004040
0 0.458179 0.400428 0.007054 0.004040
0 0.542828 0.418013 0.007054 0.004040
0 0.559624 0.408270 0.007054 0.004040
0 0.576755 0.404468 0.007054 0.004040
0 0.593551 0.396625 0.007054 0.004040
0 0.693987 0.418013 0.007054 0.004040
0 0.710447 0.412310 0.007054 0.004040
0 0.726570 0.408270 0.007054 0.004040
0 0.743030 0.400428 0.007054 0.004040
0 0.824320 0.418013 0.007054 0.004040
0 0.840779 0.412310 0.007054 0.004040
0 0.856903 0.406369 0.007054 0.004040
0 0.873362 0.402567 0.007054 0.004040
0 0.114209 0.890209 0.007054 0.004040
0 0.249580 0.899952 0.007054 0.004040
0 0.266376 0.895913 0.007054 0.004040
0 0.283171 0.890209 0.007054 0.004040
0 0.300302 0.886169 0.007054 0.004040
0 0.317098 0.894011 0.007054 0.004040
0 0.333893 0.890209 0.007054 0.004040
0 0.351025 0.884268 0.007054 0.004040
0 0.367820 0.880466 0.007054 0.004040
0 0.395364 0.894011 0.007054 0.004040
0 0.412160 0.890209 0.007054 0.004040
0 0.429291 0.884268 0.007054 0.004040
0 0.446423 0.880466 0.007054 0.004040
0 0.463218 0.892110 0.007054 0.004040
0 0.480349 0.888070 0.007054 0.004040
0 0.497481 0.882367 0.007054 0.004040
0 0.514276 0.878327 0.007054 0.004040
0 0.677528 0.895913 0.007054 0.004040
0 0.746725 0.882367 0.007054 0.004040
0 0.764192 0.878327 0.007054 0.004040
0 0.781323 0.874525 0.007054 0.004040
0 0.798791 0.872624 0.007054 0.004040
0 0.816258 0.894011 0.007054 0.004040
0 0.885455 0.882367 0.007054 0.004040
0 0.902586 0.880466 0.007054 0.004040
0 0.920054 0.876426 0.007054 0.004040
0 0.937185 0.872624 0.007054 0.004040
0 0.190124 0.377139 0.007054 0.004040
0 0.207592 0.373099 0.007054 0.004040
0 0.224723 0.369297 0.007054 0.004040
0 0.242190 0.363356 0.007054 0.004040
0 0.328855 0.382842 0.007054 0.004040
0 0.346322 0.379040 0.007054 0.004040
0 0.363453 0.373099 0.007054 0.004040
0 0.380920 0.369297 0.007054 0.004040
0 0.474975 0.379040 0.007054 0.004040
0 0.492106 0.375238 0.007054 0.004040
0 0.508902 0.371198 0.007054 0.004040
0 0.525697 0.365257 0.007054 0.004040
0 0.610682 0.380941 0.007054 0.004040
0 0.627477 0.377139 0.007054 0.004040
0 0.644609 0.373099 0.007054 0.004040
0 0.661404 0.369297 0.007054 0.004040
0 0.759154 0.384981 0.007054 0.004040
0 0.775613 0.380941 0.007054 0.004040
0 0.791737 0.377139 0.007054 0.004040
0 0.808196 0.373099 0.007054 0.004040
0 0.889486 0.380941 0.007054 0.004040
0 0.905946 0.379040 0.007054 0.004040
0 0.922069 0.375238 0.007054 0.004040
0 0.938529 0.371198 0.007054 0.004040
0 0.114209 0.834838 0.007054 0.004040
0 0.131004 0.840779 0.007054 0.004040
0 0.148136 0.844582 0.007054 0.004040
0 0.164931 0.848622 0.007054 0.004040
0 0.181727 0.850523 0.007054 0.004040
0 0.198858 0.846483 0.007054 0.004040
0 0.215653 0.840779 0.007054 0.004040
0 0.232449 0.836740 0.007054 0.004040
0 0.249580 0.832937 0.007054 0.004040
0 0.266376 0.836740 0.007054 0.004040
0 0.283171 0.840779 0.007054 0.004040
0 0.300302 0.846483 0.007054 0.004040
0 0.317098 0.840779 0.007054 0.004040
0 0.333893 0.844582 0.007054 0.004040
0 0.351025 0.848622 0.007054 0.004040
0 0.367820 0.854325 0.007054 0.004040
0 0.395364 0.836740 0.007054 0.004040
0 0.412160 0.840779 0.007054 0.004040
0 0.429291 0.848622 0.007054 0.004040
0 0.446423 0.850523 0.007054 0.004040
0 0.463218 0.838878 0.007054 0.004040
0 0.480349 0.842681 0.007054 0.004040
0 0.497481 0.846483 0.007054 0.004040
0 0.514276 0.852424 0.007054 0.004040
0 0.531407 0.856464 0.007054 0.004040
0 0.548539 0.852424 0.007054 0.004040
0 0.565670 0.846483 0.007054 0.004040
0 0.582466 0.842681 0.007054 0.004040
0 0.599597 0.838878 0.007054 0.004040
0 0.616728 0.842681 0.007054 0.004040
0 0.633524 0.838878 0.007054 0.004040
0 0.650655 0.832937 0.007054 0.004040
0 0.677528 0.828897 0.007054 0.004040
0 0.694995 0.832937 0.007054 0.004040
0 0.712126 0.838878 0.007054 0.004040
0 0.729594 0.842681 0.007054 0.004040
0 0.746725 0.846483 0.007054 0.004040
0 0.816258 0.831036 0.007054 0.004040
0 0.833389 0.832937 0.007054 0.004040
0 0.850857 0.836740 0.007054 0.004040
0 0.867988 0.844582 0.007054 0.004040
0 0.885455 0.846483 0.007054 0.004040
0 0.120927 0.286835 0.007054 0.004040
0 0.224723 0.288736 0.007054 0.004040
0 0.259657 0.288736 0.007054 0.004040
0 0.328855 0.290637 0.007054 0.004040
0 0.407121 0.290637 0.007054 0.004040
0 0.474975 0.300380 0.007054 0.004040
0 0.542828 0.294677 0.007054 0.004040
0 0.644609 0.296578 0.007054 0.004040
0 0.693987 0.298479 0.007054 0.004040
0 0.726570 0.300380 0.007054 0.004040
0 0.759154 0.302519 0.007054 0.004040
0 0.791737 0.298479 0.007054 0.004040
0 0.824320 0.298479 0.007054 0.004040
0 0.856903 0.294677 0.007054 0.004040
0 0.889486 0.292538 0.007054 0.004040
0 0.922069 0.292538 0.007054 0.004040
0 0.114209 0.758793 0.007054 0.004040
0 0.249580 0.768536 0.007054 0.004040
0 0.317098 0.762595 0.007054 0.004040
0 0.395364 0.762595 0.007054 0.004040
0 0.463218 0.760694 0.007054 0.004040
0 0.677528 0.760694 0.007054 0.004040
0 0.746725 0.764496 0.007054 0.004040
0 0.781323 0.760694 0.007054 0.004040
0 0.816258 0.762595 0.007054 0.004040
0 0.885455 0.760694 0.007054 0.004040
0 0.920054 0.758793 0.007054 0.004040
0 0.120927 0.217205 0.007054 0.004040
0 0.224723 0.217205 0.007054 0.004040
0 0.259657 0.215304 0.007054 0.004040
0 0.328855 0.213403 0.007054 0.004040
0 0.407121 0.211502 0.007054 0.004040
0 0.474975 0.211502 0.007054 0.004040
0 0.508902 0.215304 0.007054 0.004040
0 0.542828 0.215304 0.007054 0.004040
0 0.610682 0.217205 0.007054 0.004040
0 0.644609 0.219106 0.007054 0.004040
0 0.693987 0.221245 0.007054 0.004040
0 0.726570 0.215304 0.007054 0.004040
0 0.759154 0.217205 0.007054 0.004040
0 0.791737 0.221245 0.007054 0.004040
0 0.824320 0.221245 0.007054 0.004040
0 0.856903 0.217205 0.007054 0.004040
0 0.889486 0.215304 0.007054 0.004040
0 0.922069 0.217205 0.007054 0.004040
0 0.114209 0.688926 0.007054 0.004040
0 0.181727 0.687025 0.007054 0.004040
0 0.317098 0.688926 0.007054 0.004040
0 0.395364 0.688926 0.007054 0.004040
0 0.463218 0.687025 0.007054 0.004040
0 0.677528 0.687025 0.007054 0.004040
0 0.746725 0.687025 0.007054 0.004040
0 0.781323 0.690827 0.007054 0.004040
0 0.816258 0.690827 0.007054 0.004040
0 0.920054 0.687025 0.007054 0.004040
0 0.120927 0.147814 0.007054 0.004040
0 0.224723 0.147814 0.007054 0.004040
0 0.259657 0.149715 0.007054 0.004040
0 0.328855 0.147814 0.007054 0.004040
0 0.407121 0.144011 0.007054 0.004040
0 0.474975 0.145913 0.007054 0.004040
0 0.508902 0.149715 0.007054 0.004040
0 0.542828 0.151854 0.007054 0.004040
0 0.644609 0.151854 0.007054 0.004040
0 0.693987 0.147814 0.007054 0.004040
0 0.791737 0.147814 0.007054 0.004040
0 0.824320 0.149715 0.007054 0.004040
0 0.922069 0.153755 0.007054 0.004040
0 0.114209 0.623812 0.007054 0.004040
0 0.181727 0.625713 0.007054 0.004040
0 0.249580 0.620010 0.007054 0.004040
0 0.317098 0.620010 0.007054 0.004040
0 0.395364 0.620010 0.007054 0.004040
0 0.463218 0.621911 0.007054 0.004040
0 0.677528 0.617871 0.007054 0.004040
0 0.746725 0.621911 0.007054 0.004040
0 0.781323 0.625713 0.007054 0.004040
0 0.816258 0.625713 0.007054 0.004040
0 0.920054 0.623812 0.007054 0.004040
0 0.120927 0.060837 0.007054 0.004040
0 0.224723 0.060837 0.007054 0.004040
0 0.259657 0.066540 0.007054 0.004040
0 0.328855 0.066540 0.007054 0.004040
0 0.407121 0.062738 0.007054 0.004040
0 0.474975 0.062738 0.007054 0.004040
0 0.542828 0.070580 0.007054 0.004040
0 0.644609 0.070580 0.007054 0.004040
0 0.693987 0.068679 0.007054 0.004040
0 0.726570 0.066540 0.007054 0.004040
0 0.759154 0.064639 0.007054 0.004040
0 0.791737 0.060837 0.007054 0.004040
0 0.824320 0.060837 0.007054 0.004040
0 0.856903 0.064639 0.007054 0.004040
0 0.889486 0.066540 0.007054 0.004040
0 0.922069 0.068679 0.007054 0.004040
0 0.114209 0.541825 0.007054 0.004040
0 0.181727 0.543964 0.007054 0.004040
0 0.249580 0.539924 0.007054 0.004040
0 0.317098 0.547766 0.007054 0.004040
0 0.395364 0.543964 0.007054 0.004040
0 0.463218 0.545865 0.007054 0.004040
0 0.677528 0.539924 0.007054 0.004040
0 0.746725 0.543964 0.007054 0.004040
0 0.781323 0.545865 0.007054 0.004040
0 0.816258 0.545865 0.007054 0.004040
0 0.850857 0.547766 0.007054 0.004040
0 0.885455 0.545865 0.007054 0.004040
0 0.920054 0.543964 0.007054 0.004040
