0 0.206920 0.277804 0.008398 0.004753
0 0.272086 0.287072 0.008398 0.004753
0 0.272086 0.270913 0.008398 0.004753
0 0.908969 0.277804 0.008398 0.004753
0 0.140074 0.534696 0.008398 0.004753
0 0.140074 0.518536 0.008398 0.004753
0 0.140074 0.787548 0.008398 0.004753
0 0.140074 0.771625 0.008398 0.004753
0 0.310380 0.201996 0.008398 0.004753
0 0.348673 0.204373 0.008398 0.004753
0 0.386967 0.206749 0.008398 0.004753
0 0.425260 0.208888 0.008398 0.004753
0 0.463554 0.211264 0.008398 0.004753
0 0.501847 0.213641 0.008398 0.004753
0 0.540141 0.215779 0.008398 0.004753
0 0.586161 0.218156 0.008398 0.004753
0 0.632180 0.220532 0.008398 0.004753
0 0.678535 0.222671 0.008398 0.004753
0 0.724555 0.225048 0.008398 0.004753
0 0.770574 0.227424 0.008398 0.004753
0 0.816930 0.229563 0.008398 0.004753
0 0.871347 0.229563 0.008398 0.004753
0 0.908969 0.261882 0.008398 0.004753
0 0.193819 0.459363 0.008398 0.004753
0 0.247565 0.461740 0.008398 0.004753
0 0.301310 0.464116 0.008398 0.004753
0 0.355055 0.466255 0.008398 0.004753
0 0.408801 0.468631 0.008398 0.004753
0 0.462546 0.497861 0.008398 0.004753
0 0.516292 0.497861 0.008398 0.004753
0 0.583809 0.500238 0.008398 0.004753
0 0.669130 0.502614 0.008398 0.004753
0 0.676856 0.500238 0.008398 0.004753
0 0.769567 0.504753 0.008398 0.004753
0 0.769567 0.500238 0.008398 0.004753
0 0.862277 0.525428 0.008398 0.004753
0 0.862277 0.509506 0.008398 0.004753
0 0.195163 0.702709 0.008398 0.004753
0 0.250252 0.704848 0.008398 0.004753
0 0.305341 0.707224 0.008398 0.004753
0 0.360430 0.709601 0.008398 0.004753
0 0.415519 0.711740 0.008398 0.004753
0 0.470608 0.714116 0.008398 0.004753
0 0.592879 0.716492 0.008398 0.004753
0 0.675848 0.718631 0.008398 0.004753
0 0.683574 0.716492 0.008398 0.004753
0 0.773933 0.721008 0.008398 0.004753
0 0.773933 0.716492 0.008398 0.004753
0 0.864629 0.778517 0.008398 0.004753
0 0.864629 0.762357 0.008398 0.004753
0 0.206920 0.192966 0.008398 0.004753
0 0.272086 0.213641 0.008398 0.004753
0 0.272086 0.208888 0.008398 0.004753
0 0.272086 0.201996 0.008398 0.004753
0 0.272086 0.195105 0.008398 0.004753
0 0.310380 0.197481 0.008398 0.004753
0 0.348673 0.199857 0.008398 0.004753
0 0.386967 0.201996 0.008398 0.004753
0 0.425260 0.204373 0.008398 0.004753
0 0.463554 0.206749 0.008398 0.004753
0 0.501847 0.208888 0.008398 0.004753
0 0.540141 0.211264 0.008398 0.004753
0 0.586161 0.213641 0.008398 0.004753
0 0.632180 0.215779 0.008398 0.004753
0 0.678535 0.218156 0.008398 0.004753
0 0.724555 0.220532 0.008398 0.004753
0 0.770574 0.222671 0.008398 0.004753
0 0.816930 0.225048 0.008398 0.004753
0 0.862949 0.227424 0.008398 0.004753
0 0.908969 0.227424 0.008398 0.004753
0 0.908969 0.220532 0.008398 0.004753
0 0.908969 0.215779 0.008398 0.004753
0 0.908969 0.208888 0.008398 0.004753
0 0.140074 0.471008 0.008398 0.004753
0 0.140074 0.466255 0.008398 0.004753
0 0.140074 0.459363 0.008398 0.004753
0 0.140074 0.452471 0.008398 0.004753
0 0.193819 0.454848 0.008398 0.004753
0 0.247565 0.457224 0.008398 0.004753
0 0.301310 0.459363 0.008398 0.004753
0 0.355055 0.461740 0.008398 0.004753
0 0.408801 0.464116 0.008398 0.004753
0 0.462546 0.466255 0.008398 0.004753
0 0.516292 0.468631 0.008398 0.004753
0 0.516292 0.459363 0.008398 0.004753
0 0.583809 0.468631 0.008398 0.004753
0 0.583809 0.461740 0.008398 0.004753
0 0.676856 0.468631 0.008398 0.004753
0 0.676856 0.464116 0.008398 0.004753
0 0.769567 0.468631 0.008398 0.004753
0 0.777293 0.466255 0.008398 0.004753
0 0.908633 0.434173 0.008398 0.004753
0 0.140074 0.714116 0.008398 0.004753
0 0.140074 0.709601 0.008398 0.004753
0 0.140074 0.702709 0.008398 0.004753
0 0.140074 0.695817 0.008398 0.004753
0 0.195163 0.697956 0.008398 0.004753
0 0.250252 0.700333 0.008398 0.004753
0 0.305341 0.702709 0.008398 0.004753
0 0.360430 0.704848 0.008398 0.004753
0 0.415519 0.707224 0.008398 0.004753
0 0.470608 0.709601 0.008398 0.004753
0 0.525361 0.711740 0.008398 0.004753
0 0.525361 0.702709 0.008398 0.004753
0 0.592879 0.711740 0.008398 0.004753
0 0.592879 0.704848 0.008398 0.004753
0 0.683574 0.711740 0.008398 0.004753
0 0.683574 0.707224 0.008398 0.004753
0 0.773933 0.711740 0.008398 0.004753
0 0.781659 0.709601 0.008398 0.004753
0 0.909976 0.686549 0.008398 0.004753
0 0.908969 0.159933 0.008398 0.004753
0 0.140074 0.392823 0.008398 0.004753
0 0.193819 0.394962 0.008398 0.004753
0 0.247565 0.397338 0.008398 0.004753
0 0.301310 0.399715 0.008398 0.004753
0 0.355055 0.401854 0.008398 0.004753
0 0.408801 0.404230 0.008398 0.004753
0 0.462546 0.406606 0.008398 0.004753
0 0.516292 0.399715 0.008398 0.004753
0 0.583809 0.401854 0.008398 0.004753
0 0.676856 0.397338 0.008398 0.004753
0 0.862277 0.397338 0.008398 0.004753
0 0.195163 0.642586 0.008398 0.004753
0 0.250252 0.644962 0.008398 0.004753
0 0.305341 0.647338 0.008398 0.004753
0 0.360430 0.649477 0.008398 0.004753
0 0.415519 0.651854 0.008398 0.004753
0 0.470608 0.654230 0.008398 0.004753
0 0.525361 0.647338 0.008398 0.004753
0 0.592879 0.649477 0.008398 0.004753
0 0.638226 0.635694 0.008398 0.004753
0 0.773933 0.638070 0.008398 0.004753
0 0.533759 0.714116 0.008398 0.004753
