0 0.129325 0.295865 0.009070 0.005228
0 0.129325 0.278042 0.009070 0.005228
0 0.415855 0.295865 0.009070 0.005228
0 0.415855 0.278042 0.009070 0.005228
0 0.492106 0.295865 0.009070 0.005228
0 0.492106 0.278042 0.009070 0.005228
0 0.550890 0.305846 0.009070 0.005228
0 0.550890 0.288260 0.009070 0.005228
0 0.815922 0.305846 0.009070 0.005228
0 0.815922 0.288260 0.009070 0.005228
0 0.129325 0.598146 0.009070 0.005228
0 0.129325 0.580561 0.009070 0.005228
0 0.386967 0.598146 0.009070 0.005228
0 0.386967 0.580561 0.009070 0.005228
0 0.526705 0.595532 0.009070 0.005228
0 0.526705 0.577947 0.009070 0.005228
0 0.807524 0.595532 0.009070 0.005228
0 0.807524 0.577947 0.009070 0.005228
0 0.129325 0.910884 0.009070 0.005228
0 0.129325 0.893061 0.009070 0.005228
0 0.414847 0.910884 0.009070 0.005228
0 0.414847 0.893061 0.009070 0.005228
0 0.491098 0.910884 0.009070 0.005228
0 0.491098 0.893061 0.009070 0.005228
0 0.549882 0.920865 0.009070 0.005228
0 0.549882 0.903279 0.009070 0.005228
0 0.815586 0.920865 0.009070 0.005228
0 0.815586 0.903279 0.009070 0.005228
0 0.177024 0.263070 0.009070 0.005228
0 0.224723 0.260456 0.009070 0.005228
0 0.272422 0.255466 0.009070 0.005228
0 0.320121 0.250238 0.009070 0.005228
0 0.368156 0.245247 0.009070 0.005228
0 0.594894 0.278042 0.009070 0.005228
0 0.639234 0.270437 0.009070 0.005228
0 0.683238 0.265447 0.009070 0.005228
0 0.727578 0.260456 0.009070 0.005228
0 0.771582 0.252852 0.009070 0.005228
0 0.815922 0.223622 0.009070 0.005228
0 0.859926 0.218394 0.009070 0.005228
0 0.911320 0.211027 0.009070 0.005228
0 0.171985 0.567728 0.009070 0.005228
0 0.214982 0.562738 0.009070 0.005228
0 0.257978 0.557747 0.009070 0.005228
0 0.300974 0.552757 0.009070 0.005228
0 0.343970 0.550143 0.009070 0.005228
0 0.386967 0.522338 0.009070 0.005228
0 0.429627 0.517348 0.009070 0.005228
0 0.472623 0.512357 0.009070 0.005228
0 0.573396 0.565352 0.009070 0.005228
0 0.620423 0.560361 0.009070 0.005228
0 0.667115 0.552757 0.009070 0.005228
0 0.714142 0.547529 0.009070 0.005228
0 0.760833 0.519724 0.009070 0.005228
0 0.807524 0.512357 0.009070 0.005228
0 0.854552 0.507129 0.009070 0.005228
0 0.908633 0.502139 0.009070 0.005228
0 0.176688 0.878089 0.009070 0.005228
0 0.224387 0.875475 0.009070 0.005228
0 0.272086 0.870485 0.009070 0.005228
0 0.319785 0.865257 0.009070 0.005228
0 0.367484 0.860266 0.009070 0.005228
0 0.594222 0.893061 0.009070 0.005228
0 0.638226 0.885456 0.009070 0.005228
0 0.682566 0.880466 0.009070 0.005228
0 0.726906 0.875475 0.009070 0.005228
0 0.771246 0.867871 0.009070 0.005228
0 0.815586 0.834838 0.009070 0.005228
0 0.859590 0.829848 0.009070 0.005228
0 0.910984 0.822243 0.009070 0.005228
0 0.129325 0.198194 0.009070 0.005228
0 0.177024 0.231226 0.009070 0.005228
0 0.224723 0.225998 0.009070 0.005228
0 0.272422 0.221008 0.009070 0.005228
0 0.320121 0.218394 0.009070 0.005228
0 0.368156 0.213403 0.009070 0.005228
0 0.415855 0.216017 0.009070 0.005228
0 0.415855 0.211027 0.009070 0.005228
0 0.492106 0.213403 0.009070 0.005228
0 0.492106 0.208413 0.009070 0.005228
0 0.550890 0.211027 0.009070 0.005228
0 0.550890 0.205798 0.009070 0.005228
0 0.594894 0.241207 0.009070 0.005228
0 0.639234 0.236217 0.009070 0.005228
0 0.683238 0.228612 0.009070 0.005228
0 0.727578 0.223622 0.009070 0.005228
0 0.771582 0.218394 0.009070 0.005228
0 0.815922 0.211027 0.009070 0.005228
0 0.859926 0.205798 0.009070 0.005228
0 0.911320 0.193203 0.009070 0.005228
0 0.129325 0.497148 0.009070 0.005228
0 0.171985 0.534933 0.009070 0.005228
0 0.214982 0.529943 0.009070 0.005228
0 0.257978 0.527329 0.009070 0.005228
0 0.300974 0.522338 0.009070 0.005228
0 0.343970 0.517348 0.009070 0.005228
0 0.386967 0.512357 0.009070 0.005228
0 0.429627 0.509743 0.009070 0.005228
0 0.472623 0.504753 0.009070 0.005228
0 0.526705 0.507129 0.009070 0.005228
0 0.573396 0.537548 0.009070 0.005228
0 0.620423 0.529943 0.009070 0.005228
0 0.667115 0.524952 0.009070 0.005228
0 0.714142 0.519724 0.009070 0.005228
0 0.760833 0.512357 0.009070 0.005228
0 0.807524 0.507129 0.009070 0.005228
0 0.854552 0.502139 0.009070 0.005228
0 0.908633 0.497148 0.009070 0.005228
0 0.129325 0.809648 0.009070 0.005228
0 0.176688 0.842443 0.009070 0.005228
0 0.224387 0.837452 0.009070 0.005228
0 0.272086 0.832224 0.009070 0.005228
0 0.319785 0.829848 0.009070 0.005228
0 0.367484 0.824857 0.009070 0.005228
0 0.414847 0.827234 0.009070 0.005228
0 0.414847 0.822243 0.009070 0.005228
0 0.491098 0.824857 0.009070 0.005228
0 0.491098 0.819629 0.009070 0.005228
0 0.549882 0.822243 0.009070 0.005228
0 0.549882 0.817253 0.009070 0.005228
0 0.594222 0.852424 0.009070 0.005228
0 0.638226 0.847433 0.009070 0.005228
0 0.682566 0.839829 0.009070 0.005228
0 0.726906 0.834838 0.009070 0.005228
0 0.771246 0.829848 0.009070 0.005228
0 0.815586 0.822243 0.009070 0.005228
0 0.859590 0.817253 0.009070 0.005228
0 0.910984 0.799430 0.009070 0.005228
0 0.129325 0.137833 0.009070 0.005228
0 0.224723 0.135456 0.009070 0.005228
0 0.272422 0.130228 0.009070 0.005228
0 0.368156 0.130228 0.009070 0.005228
0 0.415855 0.132842 0.009070 0.005228
0 0.492106 0.130228 0.009070 0.005228
0 0.550890 0.127852 0.009070 0.005228
0 0.815922 0.127852 0.009070 0.005228
0 0.911320 0.145437 0.009070 0.005228
0 0.129325 0.433935 0.009070 0.005228
0 0.214982 0.433935 0.009070 0.005228
0 0.257978 0.428945 0.009070 0.005228
0 0.386967 0.428945 0.009070 0.005228
0 0.526705 0.431321 0.009070 0.005228
0 0.620423 0.433935 0.009070 0.005228
0 0.667115 0.436549 0.009070 0.005228
0 0.807524 0.436549 0.009070 0.005228
0 0.908633 0.431321 0.009070 0.005228
0 0.129325 0.742158 0.009070 0.005228
0 0.224387 0.739781 0.009070 0.005228
0 0.272086 0.734791 0.009070 0.005228
0 0.367484 0.734791 0.009070 0.005228
0 0.414847 0.737167 0.009070 0.005228
0 0.491098 0.734791 0.009070 0.005228
0 0.549882 0.732177 0.009070 0.005228
0 0.815586 0.732177 0.009070 0.005228
0 0.910984 0.732177 0.009070 0.005228
0 0.129325 0.078897 0.009070 0.005228
0 0.224723 0.081511 0.009070 0.005228
0 0.272422 0.089116 0.009070 0.005228
0 0.368156 0.089116 0.009070 0.005228
0 0.415855 0.091492 0.009070 0.005228
0 0.492106 0.089116 0.009070 0.005228
0 0.550890 0.086502 0.009070 0.005228
0 0.815922 0.086502 0.009070 0.005228
0 0.911320 0.073907 0.009070 0.005228
0 0.129325 0.369297 0.009070 0.005228
0 0.214982 0.371911 0.009070 0.005228
0 0.257978 0.376901 0.009070 0.005228
0 0.386967 0.376901 0.009070 0.005228
0 0.526705 0.379515 0.009070 0.005228
0 0.620423 0.376901 0.009070 0.005228
0 0.667115 0.374287 0.009070 0.005228
0 0.807524 0.374287 0.009070 0.005228
0 0.908633 0.369297 0.009070 0.005228
0 0.129325 0.671578 0.009070 0.005228
0 0.224387 0.674192 0.009070 0.005228
0 0.272086 0.681797 0.009070 0.005228
0 0.367484 0.681797 0.009070 0.005228
0 0.414847 0.684411 0.009070 0.005228
0 0.491098 0.681797 0.009070 0.005228
0 0.549882 0.679183 0.009070 0.005228
0 0.815586 0.679183 0.009070 0.005228
0 0.910984 0.679183 0.009070 0.005228
