0 0.459523 0.221721 0.009405 0.005466
0 0.644273 0.221721 0.009405 0.005466
0 0.140074 0.221721 0.009405 0.005466
0 0.166275 0.208650 0.009405 0.005466
0 0.192476 0.203422 0.009405 0.005466
0 0.313403 0.224335 0.009405 0.005466
0 0.313403 0.206036 0.009405 0.005466
0 0.459523 0.211264 0.009405 0.005466
0 0.644273 0.198194 0.009405 0.005466
0 0.796775 0.232414 0.009405 0.005466
0 0.796775 0.213878 0.009405 0.005466
0 0.140074 0.450095 0.009405 0.005466
0 0.140074 0.439639 0.009405 0.005466
0 0.140074 0.431797 0.009405 0.005466
0 0.308028 0.452709 0.009405 0.005466
0 0.308028 0.434411 0.009405 0.005466
0 0.478334 0.444867 0.009405 0.005466
0 0.478334 0.434411 0.009405 0.005466
0 0.478334 0.426568 0.009405 0.005466
0 0.621767 0.455561 0.009405 0.005466
0 0.621767 0.444867 0.009405 0.005466
0 0.621767 0.431797 0.009405 0.005466
0 0.812899 0.455561 0.009405 0.005466
0 0.812899 0.444867 0.009405 0.005466
0 0.812899 0.431797 0.009405 0.005466
0 0.140074 0.681084 0.009405 0.005466
0 0.140074 0.670627 0.009405 0.005466
0 0.140074 0.657319 0.009405 0.005466
0 0.301310 0.673241 0.009405 0.005466
0 0.301310 0.662548 0.009405 0.005466
0 0.301310 0.654705 0.009405 0.005466
0 0.453813 0.683698 0.009405 0.005466
0 0.453813 0.665399 0.009405 0.005466
0 0.627813 0.691540 0.009405 0.005466
0 0.627813 0.673241 0.009405 0.005466
0 0.793080 0.681084 0.009405 0.005466
0 0.793080 0.662548 0.009405 0.005466
0 0.140074 0.919202 0.009405 0.005466
0 0.140074 0.900903 0.009405 0.005466
0 0.292576 0.911359 0.009405 0.005466
0 0.292576 0.893061 0.009405 0.005466
0 0.356063 0.895675 0.009405 0.005466
0 0.411824 0.887595 0.009405 0.005466
0 0.479342 0.882367 0.009405 0.005466
0 0.529728 0.887595 0.009405 0.005466
0 0.580114 0.882367 0.009405 0.005466
0 0.641921 0.877139 0.009405 0.005466
0 0.808196 0.911359 0.009405 0.005466
0 0.808196 0.893061 0.009405 0.005466
0 0.874034 0.389496 0.009405 0.005466
0 0.905610 0.384268 0.009405 0.005466
0 0.140074 0.601473 0.009405 0.005466
0 0.218341 0.165637 0.009405 0.005466
0 0.244541 0.160171 0.009405 0.005466
0 0.270742 0.154943 0.009405 0.005466
0 0.313403 0.165637 0.009405 0.005466
0 0.313403 0.160171 0.009405 0.005466
0 0.313403 0.152329 0.009405 0.005466
0 0.313403 0.147101 0.009405 0.005466
0 0.512597 0.157557 0.009405 0.005466
0 0.521666 0.154943 0.009405 0.005466
0 0.512597 0.149715 0.009405 0.005466
0 0.546187 0.168251 0.009405 0.005466
0 0.579442 0.157557 0.009405 0.005466
0 0.588176 0.154943 0.009405 0.005466
0 0.579442 0.152329 0.009405 0.005466
0 0.644273 0.154943 0.009405 0.005466
0 0.644273 0.144487 0.009405 0.005466
0 0.644273 0.139259 0.009405 0.005466
0 0.653006 0.136644 0.009405 0.005466
0 0.845818 0.160171 0.009405 0.005466
0 0.845818 0.154943 0.009405 0.005466
0 0.845818 0.149715 0.009405 0.005466
0 0.876386 0.168251 0.009405 0.005466
0 0.906953 0.160171 0.009405 0.005466
0 0.906953 0.154943 0.009405 0.005466
0 0.906953 0.149715 0.009405 0.005466
0 0.140074 0.402804 0.009405 0.005466
0 0.140074 0.389496 0.009405 0.005466
0 0.140074 0.384268 0.009405 0.005466
0 0.354720 0.386882 0.009405 0.005466
0 0.354720 0.381654 0.009405 0.005466
0 0.354720 0.376426 0.009405 0.005466
0 0.383944 0.394962 0.009405 0.005466
0 0.412832 0.386882 0.009405 0.005466
0 0.412832 0.381654 0.009405 0.005466
0 0.412832 0.376426 0.009405 0.005466
0 0.478334 0.397576 0.009405 0.005466
0 0.478334 0.392348 0.009405 0.005466
0 0.478334 0.384268 0.009405 0.005466
0 0.478334 0.379040 0.009405 0.005466
0 0.621767 0.397576 0.009405 0.005466
0 0.630501 0.394962 0.009405 0.005466
0 0.621767 0.389496 0.009405 0.005466
0 0.621767 0.384268 0.009405 0.005466
0 0.621767 0.379040 0.009405 0.005466
0 0.812899 0.397576 0.009405 0.005466
0 0.821968 0.394962 0.009405 0.005466
0 0.812899 0.389496 0.009405 0.005466
0 0.812899 0.384268 0.009405 0.005466
0 0.812899 0.379040 0.009405 0.005466
0 0.874034 0.376426 0.009405 0.005466
0 0.905610 0.371198 0.009405 0.005466
0 0.140074 0.588165 0.009405 0.005466
0 0.301310 0.622624 0.009405 0.005466
0 0.301310 0.611930 0.009405 0.005466
0 0.301310 0.606702 0.009405 0.005466
0 0.503863 0.601473 0.009405 0.005466
0 0.503863 0.597196 0.009405 0.005466
0 0.503863 0.591017 0.009405 0.005466
0 0.535102 0.609316 0.009405 0.005466
0 0.566342 0.601473 0.009405 0.005466
0 0.566342 0.596245 0.009405 0.005466
0 0.566342 0.591017 0.009405 0.005466
0 0.627813 0.601473 0.009405 0.005466
0 0.627813 0.596245 0.009405 0.005466
0 0.627813 0.591017 0.009405 0.005466
0 0.679207 0.611930 0.009405 0.005466
0 0.679207 0.593631 0.009405 0.005466
0 0.730265 0.614544 0.009405 0.005466
0 0.730265 0.596245 0.009405 0.005466
0 0.843131 0.606702 0.009405 0.005466
0 0.843131 0.602424 0.009405 0.005466
0 0.843131 0.593631 0.009405 0.005466
0 0.874370 0.611930 0.009405 0.005466
0 0.905610 0.606702 0.009405 0.005466
0 0.905610 0.601473 0.009405 0.005466
0 0.905610 0.593631 0.009405 0.005466
0 0.140074 0.837690 0.009405 0.005466
0 0.140074 0.832462 0.009405 0.005466
0 0.140074 0.824382 0.009405 0.005466
0 0.187101 0.840304 0.009405 0.005466
0 0.187101 0.821768 0.009405 0.005466
0 0.234128 0.837690 0.009405 0.005466
0 0.234128 0.819154 0.009405 0.005466
0 0.356063 0.826996 0.009405 0.005466
0 0.356063 0.813926 0.009405 0.005466
0 0.411824 0.821768 0.009405 0.005466
0 0.411824 0.808698 0.009405 0.005466
0 0.479342 0.813926 0.009405 0.005466
0 0.479342 0.803470 0.009405 0.005466
0 0.529728 0.821768 0.009405 0.005466
0 0.529728 0.808698 0.009405 0.005466
0 0.580114 0.813926 0.009405 0.005466
0 0.580114 0.803470 0.009405 0.005466
0 0.641921 0.826996 0.009405 0.005466
0 0.641921 0.813926 0.009405 0.005466
0 0.808196 0.874525 0.009405 0.005466
0 0.140074 0.083413 0.009405 0.005466
0 0.244541 0.078184 0.009405 0.005466
0 0.313403 0.067728 0.009405 0.005466
0 0.388310 0.070342 0.009405 0.005466
0 0.459523 0.083413 0.009405 0.005466
0 0.512597 0.086027 0.009405 0.005466
0 0.733624 0.091255 0.009405 0.005466
0 0.796775 0.083413 0.009405 0.005466
0 0.906953 0.083413 0.009405 0.005466
0 0.140074 0.319867 0.009405 0.005466
0 0.218677 0.322481 0.009405 0.005466
0 0.254283 0.319867 0.009405 0.005466
0 0.308028 0.309411 0.009405 0.005466
0 0.354720 0.309411 0.009405 0.005466
0 0.478334 0.314639 0.009405 0.005466
0 0.558280 0.314639 0.009405 0.005466
0 0.621767 0.314639 0.009405 0.005466
0 0.698690 0.312025 0.009405 0.005466
0 0.738327 0.306797 0.009405 0.005466
0 0.812899 0.301331 0.009405 0.005466
0 0.140074 0.527091 0.009405 0.005466
0 0.301310 0.540399 0.009405 0.005466
0 0.453813 0.521863 0.009405 0.005466
0 0.627813 0.521863 0.009405 0.005466
0 0.793080 0.521863 0.009405 0.005466
0 0.140074 0.747624 0.009405 0.005466
0 0.292576 0.747624 0.009405 0.005466
0 0.479342 0.747624 0.009405 0.005466
0 0.641921 0.747624 0.009405 0.005466
0 0.808196 0.765922 0.009405 0.005466
0 0.792073 0.766160 0.006718 0.003802
