0 0.136379 0.453897 0.007726 0.004515
0 0.165267 0.449620 0.007726 0.004515
0 0.187101 0.445105 0.007726 0.004515
0 0.208935 0.438688 0.007726 0.004515
0 0.230769 0.411359 0.007726 0.004515
0 0.252603 0.409221 0.007726 0.004515
0 0.274437 0.406844 0.007726 0.004515
0 0.296271 0.411359 0.007726 0.004515
0 0.318105 0.409221 0.007726 0.004515
0 0.352032 0.400428 0.007726 0.004515
0 0.369164 0.409221 0.007726 0.004515
0 0.386295 0.402567 0.007726 0.004515
0 0.403426 0.400428 0.007726 0.004515
0 0.420558 0.409221 0.007726 0.004515
0 0.437689 0.402567 0.007726 0.004515
0 0.454820 0.400428 0.007726 0.004515
0 0.472959 0.409221 0.007726 0.004515
0 0.490091 0.402567 0.007726 0.004515
0 0.563655 0.436549 0.007726 0.004515
0 0.583809 0.451759 0.007726 0.004515
0 0.603628 0.436549 0.007726 0.004515
0 0.708431 0.436549 0.007726 0.004515
0 0.741014 0.451759 0.007726 0.004515
0 0.762177 0.436549 0.007726 0.004515
0 0.798791 0.395913 0.007726 0.004515
0 0.841115 0.400428 0.007726 0.004515
0 0.861942 0.415637 0.007726 0.004515
0 0.883104 0.456036 0.007726 0.004515
0 0.904266 0.440827 0.007726 0.004515
0 0.940544 0.400428 0.007726 0.004515
0 0.144777 0.837215 0.007726 0.004515
0 0.158885 0.872148 0.007726 0.004515
0 0.189788 0.887595 0.007726 0.004515
0 0.208935 0.872148 0.007726 0.004515
0 0.237151 0.887595 0.007726 0.004515
0 0.256634 0.872148 0.007726 0.004515
0 0.292576 0.887595 0.007726 0.004515
0 0.313067 0.872148 0.007726 0.004515
0 0.342291 0.887595 0.007726 0.004515
0 0.371179 0.872148 0.007726 0.004515
0 0.670810 0.843631 0.007726 0.004515
0 0.754115 0.872148 0.007726 0.004515
0 0.887807 0.843631 0.007726 0.004515
0 0.136379 0.413498 0.007726 0.004515
0 0.165267 0.409221 0.007726 0.004515
0 0.187101 0.404705 0.007726 0.004515
0 0.208935 0.398289 0.007726 0.004515
0 0.230769 0.395913 0.007726 0.004515
0 0.252603 0.393774 0.007726 0.004515
0 0.274437 0.391635 0.007726 0.004515
0 0.296271 0.395913 0.007726 0.004515
0 0.318105 0.393774 0.007726 0.004515
0 0.352032 0.384981 0.007726 0.004515
0 0.369164 0.393774 0.007726 0.004515
0 0.386295 0.387120 0.007726 0.004515
0 0.403426 0.384981 0.007726 0.004515
0 0.420558 0.393774 0.007726 0.004515
0 0.437689 0.387120 0.007726 0.004515
0 0.454820 0.384981 0.007726 0.004515
0 0.472959 0.393774 0.007726 0.004515
0 0.490091 0.387120 0.007726 0.004515
0 0.524017 0.380703 0.007726 0.004515
0 0.543836 0.395913 0.007726 0.004515
0 0.636547 0.395913 0.007726 0.004515
0 0.668458 0.380703 0.007726 0.004515
0 0.688613 0.395913 0.007726 0.004515
0 0.819953 0.391635 0.007726 0.004515
0 0.819953 0.387120 0.007726 0.004515
0 0.861942 0.395913 0.007726 0.004515
0 0.861942 0.384981 0.007726 0.004515
0 0.883104 0.393774 0.007726 0.004515
0 0.883104 0.389496 0.007726 0.004515
0 0.917366 0.400428 0.007726 0.004515
0 0.917366 0.391635 0.007726 0.004515
0 0.933154 0.398289 0.007726 0.004515
0 0.933154 0.393774 0.007726 0.004515
0 0.130668 0.830561 0.007726 0.004515
0 0.130668 0.826283 0.007726 0.004515
0 0.158885 0.835076 0.007726 0.004515
0 0.158885 0.824144 0.007726 0.004515
0 0.175680 0.832700 0.007726 0.004515
0 0.175680 0.828422 0.007726 0.004515
0 0.199530 0.839354 0.007726 0.004515
0 0.199530 0.830561 0.007726 0.004515
0 0.208935 0.837215 0.007726 0.004515
0 0.208935 0.832700 0.007726 0.004515
0 0.223043 0.835076 0.007726 0.004515
0 0.223043 0.830561 0.007726 0.004515
0 0.246893 0.841492 0.007726 0.004515
0 0.246893 0.832700 0.007726 0.004515
0 0.256634 0.839354 0.007726 0.004515
0 0.256634 0.835076 0.007726 0.004515
0 0.278132 0.837215 0.007726 0.004515
0 0.278132 0.832700 0.007726 0.004515
0 0.303661 0.843631 0.007726 0.004515
0 0.303661 0.835076 0.007726 0.004515
0 0.313067 0.841492 0.007726 0.004515
0 0.313067 0.837215 0.007726 0.004515
0 0.327847 0.839354 0.007726 0.004515
0 0.327847 0.835076 0.007726 0.004515
0 0.353040 0.846008 0.007726 0.004515
0 0.353040 0.837215 0.007726 0.004515
0 0.371179 0.843631 0.007726 0.004515
0 0.371179 0.839354 0.007726 0.004515
0 0.389990 0.850285 0.007726 0.004515
0 0.438361 0.850285 0.007726 0.004515
0 0.466913 0.848146 0.007726 0.004515
0 0.495465 0.848146 0.007726 0.004515
0 0.534431 0.846008 0.007726 0.004515
0 0.670810 0.828422 0.007726 0.004515
0 0.754115 0.837215 0.007726 0.004515
0 0.887807 0.828422 0.007726 0.004515
0 0.136379 0.307510 0.007726 0.004515
0 0.165267 0.307510 0.007726 0.004515
0 0.187101 0.303232 0.007726 0.004515
0 0.208935 0.296578 0.007726 0.004515
0 0.274437 0.296578 0.007726 0.004515
0 0.318105 0.296578 0.007726 0.004515
0 0.352032 0.296578 0.007726 0.004515
0 0.454820 0.296578 0.007726 0.004515
0 0.524017 0.298954 0.007726 0.004515
0 0.563655 0.303232 0.007726 0.004515
0 0.583809 0.301093 0.007726 0.004515
0 0.616056 0.298954 0.007726 0.004515
0 0.636547 0.296578 0.007726 0.004515
0 0.668458 0.301093 0.007726 0.004515
0 0.708431 0.305371 0.007726 0.004515
0 0.741014 0.303232 0.007726 0.004515
0 0.775277 0.301093 0.007726 0.004515
0 0.798791 0.298954 0.007726 0.004515
0 0.819953 0.314163 0.007726 0.004515
0 0.130668 0.770913 0.007726 0.004515
0 0.534431 0.764259 0.007726 0.004515
0 0.557272 0.762120 0.007726 0.004515
0 0.580114 0.759981 0.007726 0.004515
0 0.602620 0.757605 0.007726 0.004515
0 0.754115 0.764259 0.007726 0.004515
0 0.776285 0.762120 0.007726 0.004515
0 0.798791 0.759981 0.007726 0.004515
0 0.820961 0.757605 0.007726 0.004515
0 0.136379 0.220770 0.007726 0.004515
0 0.208935 0.220770 0.007726 0.004515
0 0.230769 0.222909 0.007726 0.004515
0 0.252603 0.220770 0.007726 0.004515
0 0.274437 0.218631 0.007726 0.004515
0 0.318105 0.220770 0.007726 0.004515
0 0.352032 0.220770 0.007726 0.004515
0 0.454820 0.220770 0.007726 0.004515
0 0.524017 0.222909 0.007726 0.004515
0 0.563655 0.227186 0.007726 0.004515
0 0.583809 0.225048 0.007726 0.004515
0 0.616056 0.222909 0.007726 0.004515
0 0.636547 0.220770 0.007726 0.004515
0 0.668458 0.225048 0.007726 0.004515
0 0.708431 0.229563 0.007726 0.004515
0 0.741014 0.227186 0.007726 0.004515
0 0.775277 0.225048 0.007726 0.004515
0 0.798791 0.222909 0.007726 0.004515
0 0.819953 0.227186 0.007726 0.004515
0 0.130668 0.703897 0.007726 0.004515
0 0.670810 0.699620 0.007726 0.004515
0 0.693651 0.701759 0.007726 0.004515
0 0.716157 0.699620 0.007726 0.004515
0 0.754115 0.703897 0.007726 0.004515
0 0.887807 0.699620 0.007726 0.004515
0 0.910312 0.701759 0.007726 0.004515
0 0.932482 0.699620 0.007726 0.004515
0 0.136379 0.144249 0.007726 0.004515
0 0.208935 0.144249 0.007726 0.004515
0 0.230769 0.141873 0.007726 0.004515
0 0.252603 0.144249 0.007726 0.004515
0 0.274437 0.148527 0.007726 0.004515
0 0.318105 0.150665 0.007726 0.004515
0 0.352032 0.150665 0.007726 0.004515
0 0.454820 0.150665 0.007726 0.004515
0 0.524017 0.150665 0.007726 0.004515
0 0.563655 0.150665 0.007726 0.004515
0 0.583809 0.150665 0.007726 0.004515
0 0.616056 0.150665 0.007726 0.004515
0 0.636547 0.150665 0.007726 0.004515
0 0.668458 0.155181 0.007726 0.004515
0 0.708431 0.157319 0.007726 0.004515
0 0.741014 0.157319 0.007726 0.004515
0 0.775277 0.157319 0.007726 0.004515
0 0.798791 0.157319 0.007726 0.004515
0 0.819953 0.161597 0.007726 0.004515
0 0.130668 0.657319 0.007726 0.004515
0 0.534431 0.646388 0.007726 0.004515
0 0.557272 0.644249 0.007726 0.004515
0 0.580114 0.641873 0.007726 0.004515
0 0.602620 0.639734 0.007726 0.004515
0 0.754115 0.646388 0.007726 0.004515
0 0.776285 0.644249 0.007726 0.004515
0 0.798791 0.641873 0.007726 0.004515
0 0.820961 0.639734 0.007726 0.004515
0 0.136379 0.061787 0.007726 0.004515
0 0.208935 0.061787 0.007726 0.004515
0 0.230769 0.063926 0.007726 0.004515
0 0.252603 0.066302 0.007726 0.004515
0 0.274437 0.068441 0.007726 0.004515
0 0.318105 0.070580 0.007726 0.004515
0 0.352032 0.072719 0.007726 0.004515
0 0.403426 0.075095 0.007726 0.004515
0 0.524017 0.068441 0.007726 0.004515
0 0.563655 0.066302 0.007726 0.004515
0 0.583809 0.070580 0.007726 0.004515
0 0.616056 0.072719 0.007726 0.004515
0 0.636547 0.075095 0.007726 0.004515
0 0.668458 0.070580 0.007726 0.004515
0 0.708431 0.068441 0.007726 0.004515
0 0.741014 0.072719 0.007726 0.004515
0 0.775277 0.075095 0.007726 0.004515
0 0.798791 0.077234 0.007726 0.004515
0 0.819953 0.072719 0.007726 0.004515
0 0.130668 0.580086 0.007726 0.004515
0 0.602620 0.577947 0.007726 0.004515
0 0.625462 0.582224 0.007726 0.004515
0 0.647968 0.584601 0.007726 0.004515
0 0.670810 0.586740 0.007726 0.004515
0 0.820961 0.577947 0.007726 0.004515
0 0.843467 0.582224 0.007726 0.004515
0 0.865637 0.584601 0.007726 0.004515
0 0.887807 0.586740 0.007726 0.004515
