0 0.134699 0.304420 0.009741 0.005703
0 0.134699 0.285646 0.009741 0.005703
0 0.240175 0.266635 0.009741 0.005703
0 0.399395 0.304420 0.009741 0.005703
0 0.399395 0.285646 0.009741 0.005703
0 0.600605 0.293726 0.009741 0.005703
0 0.682566 0.304420 0.009741 0.005703
0 0.682566 0.285646 0.009741 0.005703
0 0.887471 0.293726 0.009741 0.005703
0 0.139066 0.614781 0.009741 0.005703
0 0.139066 0.596008 0.009741 0.005703
0 0.342627 0.604087 0.009741 0.005703
0 0.342627 0.585076 0.009741 0.005703
0 0.442392 0.595770 0.011085 0.005703
0 0.442392 0.576996 0.011085 0.005703
0 0.681559 0.606702 0.009741 0.005703
0 0.681559 0.587690 0.009741 0.005703
0 0.887135 0.596008 0.009741 0.005703
0 0.139066 0.913736 0.009741 0.005703
0 0.139066 0.894962 0.009741 0.005703
0 0.342627 0.903042 0.009741 0.005703
0 0.422573 0.913736 0.009741 0.005703
0 0.422573 0.894962 0.009741 0.005703
0 0.620759 0.903042 0.009741 0.005703
0 0.733960 0.913736 0.009741 0.005703
0 0.733960 0.894962 0.009741 0.005703
0 0.832718 0.875951 0.009741 0.005703
0 0.541821 0.547291 0.009741 0.005703
0 0.533087 0.536597 0.009741 0.005703
0 0.541821 0.533983 0.009741 0.005703
0 0.134699 0.223622 0.009741 0.005703
0 0.134699 0.218156 0.009741 0.005703
0 0.134699 0.204848 0.009741 0.005703
0 0.319449 0.204848 0.009741 0.005703
0 0.399395 0.221008 0.009741 0.005703
0 0.399395 0.207462 0.009741 0.005703
0 0.466241 0.226236 0.009741 0.005703
0 0.466241 0.212928 0.009741 0.005703
0 0.533423 0.231702 0.009741 0.005703
0 0.533423 0.218156 0.009741 0.005703
0 0.600605 0.185837 0.009741 0.005703
0 0.682566 0.201996 0.009741 0.005703
0 0.682566 0.188688 0.009741 0.005703
0 0.750756 0.207462 0.009741 0.005703
0 0.750756 0.193916 0.009741 0.005703
0 0.818945 0.212928 0.009741 0.005703
0 0.818945 0.199382 0.009741 0.005703
0 0.887471 0.218156 0.009741 0.005703
0 0.887471 0.204848 0.009741 0.005703
0 0.139066 0.531131 0.009741 0.005703
0 0.139066 0.517823 0.009741 0.005703
0 0.206920 0.536597 0.009741 0.005703
0 0.206920 0.523051 0.009741 0.005703
0 0.274773 0.542063 0.009741 0.005703
0 0.274773 0.528517 0.009741 0.005703
0 0.385287 0.531131 0.009741 0.005703
0 0.442392 0.544677 0.009741 0.005703
0 0.442392 0.536597 0.009741 0.005703
0 0.442392 0.531131 0.009741 0.005703
0 0.541821 0.514971 0.009741 0.005703
0 0.681559 0.523051 0.009741 0.005703
0 0.681559 0.509743 0.009741 0.005703
0 0.750084 0.528517 0.009741 0.005703
0 0.750084 0.514971 0.009741 0.005703
0 0.818609 0.533983 0.009741 0.005703
0 0.818609 0.520437 0.009741 0.005703
0 0.887135 0.488118 0.009741 0.005703
0 0.139066 0.811312 0.009741 0.005703
0 0.139066 0.798004 0.009741 0.005703
0 0.206920 0.816778 0.009741 0.005703
0 0.206920 0.803232 0.009741 0.005703
0 0.274773 0.822243 0.009741 0.005703
0 0.274773 0.808698 0.009741 0.005703
0 0.342627 0.827471 0.009741 0.005703
0 0.342627 0.814163 0.009741 0.005703
0 0.422573 0.830323 0.009741 0.005703
0 0.422573 0.816778 0.009741 0.005703
0 0.488747 0.835551 0.009741 0.005703
0 0.488747 0.822243 0.009741 0.005703
0 0.554921 0.841017 0.009741 0.005703
0 0.554921 0.827471 0.009741 0.005703
0 0.662076 0.830323 0.009741 0.005703
0 0.733960 0.843631 0.009741 0.005703
0 0.733960 0.835551 0.009741 0.005703
0 0.733960 0.830323 0.009741 0.005703
0 0.832718 0.846483 0.009741 0.005703
0 0.832718 0.835551 0.009741 0.005703
0 0.841787 0.832937 0.009741 0.005703
0 0.134699 0.157795 0.009741 0.005703
0 0.240175 0.138783 0.009741 0.005703
0 0.604300 0.430133 0.009741 0.005703
0 0.681559 0.424667 0.009741 0.005703
0 0.750084 0.430133 0.009741 0.005703
0 0.818609 0.435361 0.009741 0.005703
0 0.887135 0.440827 0.009741 0.005703
0 0.139066 0.753802 0.009741 0.005703
0 0.206920 0.751188 0.009741 0.005703
0 0.274773 0.745722 0.009741 0.005703
0 0.342627 0.740494 0.009741 0.005703
0 0.422573 0.735029 0.009741 0.005703
0 0.488747 0.740494 0.009741 0.005703
0 0.554921 0.745722 0.009741 0.005703
0 0.662076 0.748574 0.009741 0.005703
0 0.733960 0.748337 0.009741 0.005703
0 0.709439 0.748337 0.006718 0.003802
0 0.720860 0.745722 0.006718 0.003802
0 0.832718 0.751188 0.009741 0.005703
0 0.134699 0.076759 0.009741 0.005703
0 0.240175 0.095532 0.009741 0.005703
0 0.319449 0.095532 0.009741 0.005703
0 0.399395 0.079373 0.009741 0.005703
0 0.466241 0.084838 0.009741 0.005703
0 0.533423 0.090067 0.009741 0.005703
0 0.600605 0.095532 0.009741 0.005703
0 0.682566 0.098146 0.009741 0.005703
0 0.750756 0.095532 0.009741 0.005703
0 0.818945 0.090067 0.009741 0.005703
0 0.887471 0.084838 0.009741 0.005703
0 0.139066 0.376188 0.009741 0.005703
0 0.206920 0.381654 0.009741 0.005703
0 0.274773 0.386882 0.009741 0.005703
0 0.385287 0.389734 0.009741 0.005703
0 0.442392 0.389734 0.009741 0.005703
0 0.541821 0.392348 0.009741 0.005703
0 0.894189 0.694629 0.009741 0.005703
