0 0.681116 0.199572 0.007728 0.004514
0 0.806116 0.199572 0.007728 0.004514
0 0.722446 0.900927 0.007728 0.004514
0 0.722446 0.896650 0.007728 0.004514
0 0.132728 0.201948 0.007728 0.004514
0 0.163642 0.193158 0.007728 0.004514
0 0.194556 0.186505 0.007728 0.004514
0 0.194556 0.182229 0.007728 0.004514
0 0.256048 0.182229 0.007728 0.004514
0 0.317876 0.177714 0.007728 0.004514
0 0.393481 0.195296 0.007728 0.004514
0 0.520833 0.193158 0.007728 0.004514
0 0.712366 0.195296 0.007728 0.004514
0 0.712366 0.191019 0.007728 0.004514
0 0.743616 0.191019 0.007728 0.004514
0 0.141129 0.369446 0.009073 0.004514
0 0.407594 0.367071 0.009073 0.004514
0 0.666331 0.364932 0.007728 0.004514
0 0.790995 0.362794 0.007728 0.004514
0 0.138777 0.538133 0.007728 0.004514
0 0.263777 0.538133 0.007728 0.004514
0 0.402890 0.551437 0.007728 0.004514
0 0.535954 0.549062 0.007728 0.004514
0 0.684812 0.546923 0.007728 0.004514
0 0.807796 0.544785 0.007728 0.004514
0 0.135081 0.732716 0.007728 0.004514
0 0.135081 0.717273 0.007728 0.004514
0 0.271841 0.734854 0.007728 0.004514
0 0.271841 0.719411 0.007728 0.004514
0 0.428427 0.732716 0.007728 0.004514
0 0.428427 0.717273 0.007728 0.004514
0 0.547715 0.730340 0.007728 0.004514
0 0.547715 0.715134 0.007728 0.004514
0 0.688172 0.730340 0.007728 0.004514
0 0.688172 0.715134 0.007728 0.004514
0 0.809812 0.739130 0.007728 0.004514
0 0.809812 0.723925 0.007728 0.004514
0 0.140457 0.916370 0.007728 0.004514
0 0.140457 0.900927 0.007728 0.004514
0 0.294019 0.892136 0.007728 0.004514
0 0.294019 0.883345 0.007728 0.004514
0 0.294019 0.879069 0.007728 0.004514
0 0.472110 0.885721 0.007728 0.004514
0 0.472110 0.881207 0.007728 0.004514
0 0.584005 0.907579 0.007728 0.004514
0 0.584005 0.898788 0.007728 0.004514
0 0.584005 0.894512 0.007728 0.004514
0 0.722446 0.892136 0.007728 0.004514
0 0.256048 0.155856 0.007728 0.004514
0 0.317876 0.144928 0.007728 0.004514
0 0.469422 0.507009 0.007728 0.004514
0 0.602487 0.504633 0.007728 0.004514
0 0.746304 0.496080 0.007728 0.004514
0 0.869624 0.493704 0.007728 0.004514
0 0.163642 0.155856 0.007728 0.004514
0 0.194556 0.153718 0.007728 0.004514
0 0.225470 0.155856 0.007728 0.004514
0 0.256048 0.147066 0.007728 0.004514
0 0.286962 0.149204 0.007728 0.004514
0 0.317876 0.133999 0.007728 0.004514
0 0.425403 0.162271 0.007728 0.004514
0 0.457325 0.153718 0.007728 0.004514
0 0.457325 0.149204 0.007728 0.004514
0 0.488911 0.162271 0.007728 0.004514
0 0.552755 0.162271 0.007728 0.004514
0 0.584341 0.155856 0.007728 0.004514
0 0.584341 0.151342 0.007728 0.004514
0 0.616263 0.162271 0.007728 0.004514
0 0.712366 0.162271 0.007728 0.004514
0 0.743616 0.162271 0.007728 0.004514
0 0.743616 0.157995 0.007728 0.004514
0 0.774866 0.162271 0.007728 0.004514
0 0.774866 0.157995 0.007728 0.004514
0 0.774866 0.153718 0.007728 0.004514
0 0.806116 0.157995 0.007728 0.004514
0 0.806116 0.153718 0.007728 0.004514
0 0.806116 0.147066 0.007728 0.004514
0 0.173051 0.356379 0.007728 0.004514
0 0.204973 0.349727 0.007728 0.004514
0 0.236895 0.327156 0.007728 0.004514
0 0.268817 0.322880 0.007728 0.004514
0 0.300739 0.327156 0.007728 0.004514
0 0.332661 0.349727 0.007728 0.004514
0 0.364583 0.356379 0.007728 0.004514
0 0.438172 0.356379 0.007728 0.004514
0 0.468750 0.351865 0.007728 0.004514
0 0.499328 0.329532 0.007728 0.004514
0 0.529906 0.322880 0.007728 0.004514
0 0.560484 0.329532 0.007728 0.004514
0 0.591062 0.351865 0.007728 0.004514
0 0.621640 0.356379 0.007728 0.004514
0 0.697245 0.327156 0.007728 0.004514
0 0.728495 0.322880 0.007728 0.004514
0 0.759745 0.320741 0.007728 0.004514
0 0.822245 0.329532 0.007728 0.004514
0 0.853495 0.325018 0.007728 0.004514
0 0.884409 0.318603 0.007728 0.004514
0 0.170027 0.500356 0.007728 0.004514
0 0.201277 0.493704 0.007728 0.004514
0 0.232527 0.489427 0.007728 0.004514
0 0.263777 0.502495 0.007728 0.004514
0 0.295027 0.493704 0.007728 0.004514
0 0.326277 0.502495 0.007728 0.004514
0 0.357527 0.504633 0.007728 0.004514
0 0.436156 0.502495 0.007728 0.004514
0 0.469422 0.500356 0.007728 0.004514
0 0.502688 0.502495 0.007728 0.004514
0 0.569220 0.502495 0.007728 0.004514
0 0.602487 0.496080 0.007728 0.004514
0 0.635753 0.498218 0.007728 0.004514
0 0.715390 0.502495 0.007728 0.004514
0 0.746304 0.489427 0.007728 0.004514
0 0.777218 0.491566 0.007728 0.004514
0 0.838710 0.496080 0.007728 0.004514
0 0.869624 0.482775 0.007728 0.004514
0 0.900202 0.487289 0.007728 0.004514
0 0.169355 0.680209 0.007728 0.004514
0 0.176747 0.678071 0.007728 0.004514
0 0.203293 0.680209 0.007728 0.004514
0 0.210685 0.678071 0.007728 0.004514
0 0.237567 0.680209 0.007728 0.004514
0 0.244960 0.678071 0.007728 0.004514
0 0.306116 0.678071 0.007728 0.004514
0 0.306116 0.665004 0.007728 0.004514
0 0.340390 0.678071 0.007728 0.004514
0 0.340390 0.665004 0.007728 0.004514
0 0.374664 0.678071 0.007728 0.004514
0 0.374664 0.665004 0.007728 0.004514
0 0.450941 0.665004 0.007728 0.004514
0 0.458333 0.662865 0.007728 0.004514
0 0.480511 0.665004 0.007728 0.004514
0 0.487903 0.662865 0.007728 0.004514
0 0.517809 0.649560 0.007728 0.004514
0 0.547715 0.649560 0.007728 0.004514
0 0.577621 0.662865 0.007728 0.004514
0 0.607527 0.662865 0.007728 0.004514
0 0.637433 0.665004 0.007728 0.004514
0 0.718750 0.680209 0.007728 0.004514
0 0.726142 0.678071 0.007728 0.004514
0 0.748992 0.680209 0.007728 0.004514
0 0.756384 0.678071 0.007728 0.004514
0 0.779234 0.680209 0.007728 0.004514
0 0.786626 0.678071 0.007728 0.004514
0 0.840054 0.678071 0.007728 0.004514
0 0.840054 0.665004 0.007728 0.004514
0 0.870296 0.678071 0.007728 0.004514
0 0.870296 0.665004 0.007728 0.004514
0 0.900874 0.678071 0.007728 0.004514
0 0.900874 0.665004 0.007728 0.004514
0 0.140457 0.856736 0.007728 0.004514
0 0.140457 0.845807 0.007728 0.004514
0 0.172715 0.850083 0.007728 0.004514
0 0.192876 0.834878 0.007728 0.004514
0 0.213374 0.847945 0.007728 0.004514
0 0.233535 0.832739 0.007728 0.004514
0 0.253696 0.850083 0.007728 0.004514
0 0.273858 0.834878 0.007728 0.004514
0 0.294019 0.852221 0.007728 0.004514
0 0.314180 0.837016 0.007728 0.004514
0 0.334677 0.852221 0.007728 0.004514
0 0.354839 0.837016 0.007728 0.004514
0 0.375000 0.854597 0.007728 0.004514
0 0.395161 0.839154 0.007728 0.004514
0 0.415323 0.854597 0.007728 0.004514
0 0.435484 0.839154 0.007728 0.004514
0 0.472110 0.856736 0.007728 0.004514
0 0.472110 0.841292 0.007728 0.004514
0 0.495632 0.865526 0.007728 0.004514
0 0.510417 0.850083 0.007728 0.004514
0 0.525202 0.863150 0.007728 0.004514
0 0.539987 0.847945 0.007728 0.004514
0 0.554772 0.865526 0.007728 0.004514
0 0.569220 0.850083 0.007728 0.004514
0 0.584005 0.887859 0.007728 0.004514
0 0.601815 0.852221 0.007728 0.004514
0 0.613575 0.887859 0.007728 0.004514
0 0.631384 0.852221 0.007728 0.004514
0 0.643145 0.889998 0.007728 0.004514
0 0.660954 0.854597 0.007728 0.004514
0 0.672379 0.889998 0.007728 0.004514
0 0.691196 0.854597 0.007728 0.004514
0 0.722446 0.856736 0.007728 0.004514
0 0.132728 0.091708 0.007728 0.004514
0 0.194556 0.094084 0.007728 0.004514
0 0.317876 0.094084 0.007728 0.004514
0 0.348790 0.094084 0.007728 0.004514
0 0.393481 0.083155 0.007728 0.004514
0 0.457325 0.094084 0.007728 0.004514
0 0.520833 0.094084 0.007728 0.004514
0 0.552755 0.096222 0.007728 0.004514
0 0.584341 0.094084 0.007728 0.004514
0 0.636089 0.091708 0.007728 0.004514
0 0.681116 0.098361 0.007728 0.004514
0 0.868616 0.091708 0.007728 0.004514
0 0.899866 0.089570 0.007728 0.004514
0 0.141129 0.267522 0.007728 0.004514
0 0.204973 0.267522 0.007728 0.004514
0 0.268817 0.267522 0.007728 0.004514
0 0.300739 0.263245 0.007728 0.004514
0 0.332661 0.265384 0.007728 0.004514
0 0.364583 0.267522 0.007728 0.004514
0 0.407594 0.269898 0.007728 0.004514
0 0.438172 0.272036 0.007728 0.004514
0 0.468750 0.274174 0.007728 0.004514
0 0.529906 0.274174 0.007728 0.004514
0 0.591062 0.272036 0.007728 0.004514
0 0.621640 0.274174 0.007728 0.004514
0 0.666331 0.276313 0.007728 0.004514
0 0.728495 0.278689 0.007728 0.004514
0 0.759745 0.276313 0.007728 0.004514
0 0.790995 0.274174 0.007728 0.004514
0 0.853495 0.272036 0.007728 0.004514
0 0.903898 0.269898 0.007728 0.004514
0 0.138777 0.444048 0.007728 0.004514
0 0.263777 0.444048 0.007728 0.004514
0 0.326277 0.437396 0.007728 0.004514
0 0.402890 0.437396 0.007728 0.004514
0 0.469422 0.430744 0.007728 0.004514
0 0.535954 0.433120 0.007728 0.004514
0 0.602487 0.426467 0.007728 0.004514
0 0.684812 0.428605 0.007728 0.004514
0 0.746304 0.430744 0.007728 0.004514
0 0.807796 0.435258 0.007728 0.004514
0 0.869624 0.439534 0.007728 0.004514
0 0.135081 0.621525 0.007728 0.004514
0 0.237567 0.621525 0.007728 0.004514
0 0.271841 0.621525 0.007728 0.004514
0 0.340390 0.619387 0.007728 0.004514
0 0.374664 0.617249 0.007728 0.004514
0 0.428427 0.621525 0.007728 0.004514
0 0.487903 0.621525 0.007728 0.004514
0 0.607527 0.621525 0.007728 0.004514
0 0.688172 0.621525 0.007728 0.004514
0 0.809812 0.619387 0.007728 0.004514
0 0.795363 0.621525 0.005376 0.003089
0 0.801747 0.617011 0.005376 0.003089
0 0.900874 0.621525 0.007728 0.004514
0 0.140457 0.780946 0.007728 0.004514
0 0.375000 0.783084 0.007728 0.004514
0 0.472110 0.785222 0.007728 0.004514
0 0.525202 0.785222 0.007728 0.004514
0 0.643145 0.787360 0.007728 0.004514
0 0.722446 0.787360 0.007728 0.004514
0 0.806788 0.789736 0.007728 0.004514
0 0.856855 0.798527 0.007728 0.004514
0 0.887433 0.796151 0.007728 0.004514
