0 0.153510 0.214591 0.008398 0.004753
0 0.260329 0.198194 0.008398 0.004753
0 0.554921 0.237880 0.008398 0.004753
0 0.668122 0.221483 0.008398 0.004753
0 0.418542 0.455561 0.008398 0.004753
0 0.516627 0.450808 0.008398 0.004753
0 0.615049 0.460076 0.008398 0.004753
0 0.615049 0.450808 0.008398 0.004753
0 0.731945 0.439163 0.008398 0.004753
0 0.878065 0.422766 0.008398 0.004753
0 0.147464 0.682985 0.008398 0.004753
0 0.238159 0.678232 0.008398 0.004753
0 0.329190 0.687500 0.008398 0.004753
0 0.329190 0.678232 0.008398 0.004753
0 0.438361 0.666587 0.008398 0.004753
0 0.583137 0.650190 0.008398 0.004753
0 0.672489 0.678232 0.008398 0.004753
0 0.766879 0.673479 0.008398 0.004753
0 0.860934 0.682985 0.008398 0.004753
0 0.860934 0.673479 0.008398 0.004753
0 0.152838 0.911597 0.008398 0.004753
0 0.264360 0.895200 0.008398 0.004753
0 0.742022 0.906844 0.008398 0.004753
0 0.824320 0.899952 0.008398 0.004753
0 0.153510 0.191302 0.008398 0.004753
0 0.260329 0.193441 0.008398 0.004753
0 0.334229 0.226236 0.008398 0.004753
0 0.334229 0.221483 0.008398 0.004753
0 0.402419 0.223859 0.008398 0.004753
0 0.410144 0.221483 0.008398 0.004753
0 0.402419 0.216968 0.008398 0.004753
0 0.470608 0.226236 0.008398 0.004753
0 0.470608 0.221483 0.008398 0.004753
0 0.554921 0.214591 0.008398 0.004753
0 0.668122 0.216968 0.008398 0.004753
0 0.740343 0.226236 0.008398 0.004753
0 0.740343 0.221483 0.008398 0.004753
0 0.811891 0.228612 0.008398 0.004753
0 0.811891 0.221483 0.008398 0.004753
0 0.883440 0.230751 0.008398 0.004753
0 0.891502 0.228612 0.008398 0.004753
0 0.883440 0.223859 0.008398 0.004753
0 0.883440 0.219106 0.008398 0.004753
0 0.152167 0.455561 0.008398 0.004753
0 0.152167 0.446293 0.008398 0.004753
0 0.159893 0.443916 0.008398 0.004753
0 0.152167 0.434411 0.008398 0.004753
0 0.192140 0.453184 0.008398 0.004753
0 0.192140 0.448432 0.008398 0.004753
0 0.192140 0.443916 0.008398 0.004753
0 0.192140 0.436787 0.008398 0.004753
0 0.232449 0.450808 0.008398 0.004753
0 0.232449 0.443916 0.008398 0.004753
0 0.232449 0.439163 0.008398 0.004753
0 0.320793 0.439163 0.008398 0.004753
0 0.418542 0.450808 0.008398 0.004753
0 0.516627 0.443916 0.008398 0.004753
0 0.566006 0.446293 0.008398 0.004753
0 0.615049 0.441540 0.008398 0.004753
0 0.664091 0.443916 0.008398 0.004753
0 0.731945 0.415875 0.008398 0.004753
0 0.878065 0.418251 0.008398 0.004753
0 0.147464 0.678232 0.008398 0.004753
0 0.238159 0.671340 0.008398 0.004753
0 0.283507 0.673479 0.008398 0.004753
0 0.329190 0.668964 0.008398 0.004753
0 0.374538 0.671340 0.008398 0.004753
0 0.438361 0.643298 0.008398 0.004753
0 0.583137 0.645675 0.008398 0.004753
0 0.672489 0.673479 0.008398 0.004753
0 0.766879 0.666587 0.008398 0.004753
0 0.813907 0.668964 0.008398 0.004753
0 0.860934 0.664211 0.008398 0.004753
0 0.907961 0.666587 0.008398 0.004753
0 0.152838 0.888308 0.008398 0.004753
0 0.264360 0.890684 0.008398 0.004753
0 0.334229 0.899952 0.008398 0.004753
0 0.334229 0.895200 0.008398 0.004753
0 0.334229 0.888308 0.008398 0.004753
0 0.371851 0.902329 0.008398 0.004753
0 0.379577 0.899952 0.008398 0.004753
0 0.371851 0.895200 0.008398 0.004753
0 0.371851 0.890684 0.008398 0.004753
0 0.409137 0.904468 0.008398 0.004753
0 0.409137 0.899952 0.008398 0.004753
0 0.409137 0.892823 0.008398 0.004753
0 0.483708 0.909221 0.008398 0.004753
0 0.483708 0.904468 0.008398 0.004753
0 0.483708 0.897576 0.008398 0.004753
0 0.571716 0.906844 0.008398 0.004753
0 0.571716 0.902329 0.008398 0.004753
0 0.571716 0.895200 0.008398 0.004753
0 0.612026 0.904468 0.008398 0.004753
0 0.612026 0.899952 0.008398 0.004753
0 0.612026 0.888308 0.008398 0.004753
0 0.652335 0.902329 0.008398 0.004753
0 0.652335 0.895200 0.008398 0.004753
0 0.742022 0.876663 0.008398 0.004753
0 0.824320 0.879040 0.008398 0.004753
0 0.153510 0.152804 0.008398 0.004753
0 0.260329 0.155181 0.008398 0.004753
0 0.334229 0.152804 0.008398 0.004753
0 0.402419 0.150428 0.008398 0.004753
0 0.470608 0.152804 0.008398 0.004753
0 0.554921 0.148051 0.008398 0.004753
0 0.668122 0.150428 0.008398 0.004753
0 0.740343 0.152804 0.008398 0.004753
0 0.847833 0.150428 0.008398 0.004753
0 0.847833 0.143536 0.008398 0.004753
0 0.919382 0.145913 0.008398 0.004753
0 0.919382 0.141160 0.008398 0.004753
0 0.467585 0.379040 0.008398 0.004753
0 0.566006 0.379040 0.008398 0.004753
0 0.664091 0.379040 0.008398 0.004753
0 0.768559 0.379040 0.008398 0.004753
0 0.768559 0.371911 0.008398 0.004753
0 0.841451 0.379040 0.008398 0.004753
0 0.841451 0.371911 0.008398 0.004753
0 0.914343 0.379040 0.008398 0.004753
0 0.192812 0.603850 0.008398 0.004753
0 0.283507 0.603850 0.008398 0.004753
0 0.374538 0.603850 0.008398 0.004753
0 0.474639 0.603850 0.008398 0.004753
0 0.474639 0.596721 0.008398 0.004753
0 0.547195 0.603850 0.008398 0.004753
0 0.547195 0.596721 0.008398 0.004753
0 0.619416 0.603850 0.008398 0.004753
0 0.719516 0.599097 0.008398 0.004753
0 0.813907 0.599097 0.008398 0.004753
0 0.907961 0.599097 0.008398 0.004753
0 0.180719 0.830086 0.008398 0.004753
0 0.180719 0.822956 0.008398 0.004753
0 0.236480 0.830086 0.008398 0.004753
0 0.236480 0.822956 0.008398 0.004753
0 0.292241 0.830086 0.008398 0.004753
0 0.180383 0.148051 0.008398 0.004753
0 0.180383 0.141160 0.008398 0.004753
0 0.180383 0.136407 0.008398 0.004753
0 0.233792 0.148051 0.008398 0.004753
0 0.233792 0.141160 0.008398 0.004753
0 0.233792 0.136407 0.008398 0.004753
0 0.287202 0.148051 0.008398 0.004753
0 0.287202 0.138783 0.008398 0.004753
0 0.368156 0.143536 0.008398 0.004753
0 0.368156 0.136407 0.008398 0.004753
0 0.436345 0.143536 0.008398 0.004753
0 0.436345 0.134268 0.008398 0.004753
0 0.504535 0.143536 0.008398 0.004753
0 0.504535 0.136407 0.008398 0.004753
0 0.583137 0.143536 0.008398 0.004753
0 0.583137 0.136407 0.008398 0.004753
0 0.583137 0.131892 0.008398 0.004753
0 0.639906 0.143536 0.008398 0.004753
0 0.639906 0.136407 0.008398 0.004753
0 0.639906 0.131892 0.008398 0.004753
0 0.696339 0.143536 0.008398 0.004753
0 0.696339 0.134268 0.008398 0.004753
0 0.776285 0.143536 0.008398 0.004753
0 0.776285 0.136407 0.008398 0.004753
0 0.811891 0.155181 0.008398 0.004753
0 0.811891 0.138783 0.008398 0.004753
0 0.883440 0.150428 0.008398 0.004753
0 0.883440 0.134268 0.008398 0.004753
0 0.152167 0.371911 0.008398 0.004753
0 0.152167 0.355751 0.008398 0.004753
0 0.232449 0.371911 0.008398 0.004753
0 0.232449 0.355751 0.008398 0.004753
0 0.320793 0.397576 0.008398 0.004753
0 0.320793 0.390684 0.008398 0.004753
0 0.320793 0.385932 0.008398 0.004753
0 0.369835 0.388308 0.008398 0.004753
0 0.418542 0.388308 0.008398 0.004753
0 0.418542 0.371911 0.008398 0.004753
0 0.516627 0.385932 0.008398 0.004753
0 0.516627 0.369534 0.008398 0.004753
0 0.615049 0.383555 0.008398 0.004753
0 0.615049 0.367395 0.008398 0.004753
0 0.731945 0.383555 0.008398 0.004753
0 0.731945 0.367395 0.008398 0.004753
0 0.878065 0.385932 0.008398 0.004753
0 0.878065 0.369534 0.008398 0.004753
0 0.147464 0.613118 0.008398 0.004753
0 0.147464 0.596721 0.008398 0.004753
0 0.238159 0.610741 0.008398 0.004753
0 0.238159 0.594344 0.008398 0.004753
0 0.329190 0.608365 0.008398 0.004753
0 0.329190 0.592205 0.008398 0.004753
0 0.438361 0.608365 0.008398 0.004753
0 0.438361 0.592205 0.008398 0.004753
0 0.583137 0.610741 0.008398 0.004753
0 0.583137 0.594344 0.008398 0.004753
0 0.672489 0.608365 0.008398 0.004753
0 0.672489 0.592205 0.008398 0.004753
0 0.766879 0.605989 0.008398 0.004753
0 0.766879 0.589829 0.008398 0.004753
0 0.860934 0.603850 0.008398 0.004753
0 0.860934 0.587452 0.008398 0.004753
0 0.152838 0.834601 0.008398 0.004753
0 0.152838 0.818441 0.008398 0.004753
0 0.264360 0.836977 0.008398 0.004753
0 0.264360 0.820580 0.008398 0.004753
0 0.334229 0.839354 0.008398 0.004753
0 0.334229 0.822956 0.008398 0.004753
0 0.371851 0.834601 0.008398 0.004753
0 0.371851 0.818441 0.008398 0.004753
0 0.409137 0.827709 0.008398 0.004753
0 0.409137 0.811312 0.008398 0.004753
0 0.446423 0.830086 0.008398 0.004753
0 0.446423 0.813688 0.008398 0.004753
0 0.483708 0.832224 0.008398 0.004753
0 0.483708 0.816065 0.008398 0.004753
0 0.520994 0.834601 0.008398 0.004753
0 0.520994 0.818441 0.008398 0.004753
0 0.571716 0.836977 0.008398 0.004753
0 0.571716 0.820580 0.008398 0.004753
0 0.612026 0.846245 0.008398 0.004753
0 0.612026 0.830086 0.008398 0.004753
0 0.652335 0.841730 0.008398 0.004753
0 0.652335 0.825333 0.008398 0.004753
0 0.742022 0.843869 0.008398 0.004753
0 0.742022 0.827709 0.008398 0.004753
0 0.824320 0.846245 0.008398 0.004753
0 0.824320 0.830086 0.008398 0.004753
0 0.153510 0.073194 0.008398 0.004753
0 0.260329 0.075333 0.008398 0.004753
0 0.334229 0.073194 0.008398 0.004753
0 0.368156 0.073194 0.008398 0.004753
0 0.402419 0.070817 0.008398 0.004753
0 0.470608 0.073194 0.008398 0.004753
0 0.554921 0.068441 0.008398 0.004753
0 0.668122 0.070817 0.008398 0.004753
0 0.740343 0.073194 0.008398 0.004753
0 0.776285 0.073194 0.008398 0.004753
0 0.811891 0.075333 0.008398 0.004753
0 0.883440 0.070817 0.008398 0.004753
0 0.919382 0.070817 0.008398 0.004753
0 0.152167 0.299192 0.008398 0.004753
0 0.232449 0.299192 0.008398 0.004753
0 0.418542 0.315589 0.008398 0.004753
0 0.467585 0.315589 0.008398 0.004753
0 0.516627 0.313213 0.008398 0.004753
0 0.615049 0.310837 0.008398 0.004753
0 0.731945 0.310837 0.008398 0.004753
0 0.878065 0.313213 0.008398 0.004753
0 0.147464 0.535646 0.008398 0.004753
0 0.192812 0.535646 0.008398 0.004753
0 0.238159 0.533270 0.008398 0.004753
0 0.329190 0.530894 0.008398 0.004753
0 0.438361 0.530894 0.008398 0.004753
0 0.583137 0.533270 0.008398 0.004753
0 0.672489 0.530894 0.008398 0.004753
0 0.719516 0.530894 0.008398 0.004753
0 0.766879 0.528517 0.008398 0.004753
0 0.860934 0.526141 0.008398 0.004753
0 0.152838 0.755941 0.008398 0.004753
0 0.264360 0.758317 0.008398 0.004753
0 0.334229 0.760694 0.008398 0.004753
0 0.371851 0.755941 0.008398 0.004753
0 0.409137 0.749049 0.008398 0.004753
0 0.446423 0.751188 0.008398 0.004753
0 0.483708 0.753565 0.008398 0.004753
0 0.520994 0.755941 0.008398 0.004753
0 0.571716 0.758317 0.008398 0.004753
0 0.612026 0.767586 0.008398 0.004753
0 0.652335 0.762833 0.008398 0.004753
0 0.742022 0.765209 0.008398 0.004753
0 0.824320 0.767586 0.008398 0.004753
