0 0.418011 0.353291 0.007728 0.004514
0 0.524866 0.361844 0.007728 0.004514
0 0.717070 0.355429 0.007728 0.004514
0 0.808804 0.353291 0.007728 0.004514
0 0.140793 0.540271 0.009073 0.004514
0 0.341062 0.540271 0.009073 0.004514
0 0.547043 0.538133 0.009073 0.004514
0 0.745632 0.533618 0.009073 0.004514
0 0.640121 0.716085 0.009073 0.004514
0 0.640121 0.711570 0.009073 0.004514
0 0.787970 0.716085 0.009073 0.004514
0 0.145833 0.881207 0.007728 0.004514
0 0.204637 0.881207 0.007728 0.004514
0 0.277890 0.887859 0.007728 0.004514
0 0.142137 0.195771 0.007728 0.004514
0 0.283266 0.202186 0.007728 0.004514
0 0.435484 0.193395 0.007728 0.004514
0 0.550739 0.202186 0.007728 0.004514
0 0.685148 0.195771 0.007728 0.004514
0 0.808132 0.202186 0.007728 0.004514
0 0.149866 0.375148 0.007728 0.004514
0 0.149866 0.359705 0.007728 0.004514
0 0.258401 0.379425 0.007728 0.004514
0 0.258401 0.364220 0.007728 0.004514
0 0.418011 0.348776 0.007728 0.004514
0 0.453629 0.346638 0.007728 0.004514
0 0.489247 0.344500 0.007728 0.004514
0 0.524866 0.346638 0.007728 0.004514
0 0.778226 0.346638 0.007728 0.004514
0 0.808804 0.348776 0.007728 0.004514
0 0.162634 0.531480 0.007728 0.004514
0 0.184476 0.531480 0.007728 0.004514
0 0.206317 0.531480 0.007728 0.004514
0 0.228495 0.531480 0.007728 0.004514
0 0.250336 0.531480 0.007728 0.004514
0 0.272177 0.531480 0.007728 0.004514
0 0.294019 0.531480 0.007728 0.004514
0 0.363911 0.531480 0.007728 0.004514
0 0.387097 0.531480 0.007728 0.004514
0 0.410282 0.531480 0.007728 0.004514
0 0.433132 0.531480 0.007728 0.004514
0 0.456317 0.531480 0.007728 0.004514
0 0.479503 0.531480 0.007728 0.004514
0 0.502688 0.531480 0.007728 0.004514
0 0.568884 0.531480 0.007728 0.004514
0 0.591062 0.531480 0.007728 0.004514
0 0.612903 0.531480 0.007728 0.004514
0 0.634745 0.531480 0.007728 0.004514
0 0.656586 0.531480 0.007728 0.004514
0 0.678763 0.531480 0.007728 0.004514
0 0.700605 0.531480 0.007728 0.004514
0 0.767473 0.531480 0.007728 0.004514
0 0.789651 0.531480 0.007728 0.004514
0 0.811492 0.531480 0.007728 0.004514
0 0.833669 0.531480 0.007728 0.004514
0 0.855511 0.531480 0.007728 0.004514
0 0.877688 0.531480 0.007728 0.004514
0 0.899530 0.531480 0.007728 0.004514
0 0.140121 0.711808 0.007728 0.004514
0 0.168683 0.711808 0.007728 0.004514
0 0.199597 0.707294 0.007728 0.004514
0 0.285954 0.709432 0.007728 0.004514
0 0.316868 0.705156 0.007728 0.004514
0 0.424059 0.707294 0.007728 0.004514
0 0.451277 0.703017 0.007728 0.004514
0 0.533938 0.703017 0.007728 0.004514
0 0.565524 0.698503 0.007728 0.004514
0 0.722110 0.705156 0.007728 0.004514
0 0.787970 0.711808 0.007728 0.004514
0 0.787970 0.705156 0.007728 0.004514
0 0.861559 0.707294 0.007728 0.004514
0 0.868952 0.705156 0.007728 0.004514
0 0.149194 0.887622 0.009073 0.004514
0 0.149194 0.876693 0.009073 0.004514
0 0.277890 0.879069 0.007728 0.004514
0 0.364919 0.903065 0.007728 0.004514
0 0.364919 0.887859 0.007728 0.004514
0 0.404906 0.903065 0.007728 0.004514
0 0.404906 0.887859 0.007728 0.004514
0 0.559812 0.872416 0.007728 0.004514
0 0.559812 0.868140 0.007728 0.004514
0 0.647849 0.874555 0.007728 0.004514
0 0.647849 0.870278 0.007728 0.004514
0 0.732863 0.887859 0.007728 0.004514
0 0.732863 0.879069 0.007728 0.004514
0 0.732863 0.874555 0.007728 0.004514
0 0.826949 0.881207 0.007728 0.004514
0 0.826949 0.876930 0.007728 0.004514
0 0.425403 0.318365 0.007728 0.004514
0 0.524866 0.320504 0.007728 0.004514
0 0.717070 0.322880 0.007728 0.004514
0 0.747648 0.322880 0.007728 0.004514
0 0.808804 0.322880 0.007728 0.004514
0 0.145833 0.844856 0.007728 0.004514
0 0.204637 0.846995 0.007728 0.004514
0 0.177419 0.171537 0.007728 0.004514
0 0.212702 0.180328 0.007728 0.004514
0 0.212702 0.176051 0.007728 0.004514
0 0.212702 0.169399 0.007728 0.004514
0 0.247984 0.171537 0.007728 0.004514
0 0.283266 0.152293 0.007728 0.004514
0 0.283266 0.148016 0.007728 0.004514
0 0.283266 0.143502 0.007728 0.004514
0 0.464382 0.171537 0.007728 0.004514
0 0.493280 0.182466 0.007728 0.004514
0 0.493280 0.173675 0.007728 0.004514
0 0.493280 0.169399 0.007728 0.004514
0 0.521841 0.171537 0.007728 0.004514
0 0.550739 0.154431 0.007728 0.004514
0 0.558132 0.145640 0.007728 0.004514
0 0.550739 0.143502 0.007728 0.004514
0 0.716062 0.171537 0.007728 0.004514
0 0.746640 0.180328 0.007728 0.004514
0 0.746640 0.176051 0.007728 0.004514
0 0.746640 0.169399 0.007728 0.004514
0 0.777554 0.171537 0.007728 0.004514
0 0.808132 0.152293 0.007728 0.004514
0 0.808132 0.148016 0.007728 0.004514
0 0.808132 0.143502 0.007728 0.004514
0 0.177083 0.311951 0.007728 0.004514
0 0.204301 0.318365 0.007728 0.004514
0 0.204301 0.314089 0.007728 0.004514
0 0.204301 0.309575 0.007728 0.004514
0 0.231183 0.311951 0.007728 0.004514
0 0.258401 0.307436 0.007728 0.004514
0 0.251008 0.298646 0.007728 0.004514
0 0.258401 0.296507 0.007728 0.004514
0 0.418011 0.316227 0.007728 0.004514
0 0.453629 0.314089 0.007728 0.004514
0 0.489247 0.311951 0.007728 0.004514
0 0.524866 0.309575 0.007728 0.004514
0 0.717070 0.322880 0.007728 0.004514
0 0.747648 0.311951 0.007728 0.004514
0 0.778226 0.314089 0.007728 0.004514
0 0.808804 0.316227 0.007728 0.004514
0 0.228495 0.494654 0.007728 0.004514
0 0.250336 0.494654 0.007728 0.004514
0 0.250336 0.479449 0.007728 0.004514
0 0.294019 0.494654 0.007728 0.004514
0 0.294019 0.479449 0.007728 0.004514
0 0.433132 0.494654 0.007728 0.004514
0 0.456317 0.494654 0.007728 0.004514
0 0.456317 0.479449 0.007728 0.004514
0 0.502688 0.494654 0.007728 0.004514
0 0.502688 0.479449 0.007728 0.004514
0 0.634745 0.492516 0.007728 0.004514
0 0.656586 0.492516 0.007728 0.004514
0 0.656586 0.477073 0.007728 0.004514
0 0.700605 0.492516 0.007728 0.004514
0 0.700605 0.477073 0.007728 0.004514
0 0.833669 0.488002 0.007728 0.004514
0 0.855511 0.488002 0.007728 0.004514
0 0.855511 0.472796 0.007728 0.004514
0 0.899530 0.488002 0.007728 0.004514
0 0.899530 0.472796 0.007728 0.004514
0 0.168683 0.675933 0.007728 0.004514
0 0.168683 0.669518 0.007728 0.004514
0 0.199597 0.680447 0.007728 0.004514
0 0.206989 0.671656 0.007728 0.004514
0 0.199597 0.669518 0.007728 0.004514
0 0.285954 0.673794 0.007728 0.004514
0 0.285954 0.667142 0.007728 0.004514
0 0.316868 0.678071 0.007728 0.004514
0 0.324261 0.669518 0.007728 0.004514
0 0.316868 0.667142 0.007728 0.004514
0 0.424059 0.671656 0.007728 0.004514
0 0.424059 0.665004 0.007728 0.004514
0 0.451277 0.675933 0.007728 0.004514
0 0.451277 0.667142 0.007728 0.004514
0 0.451277 0.662865 0.007728 0.004514
0 0.533938 0.667142 0.007728 0.004514
0 0.533938 0.660727 0.007728 0.004514
0 0.565524 0.671656 0.007728 0.004514
0 0.558132 0.662865 0.007728 0.004514
0 0.565524 0.660727 0.007728 0.004514
0 0.640121 0.673794 0.007728 0.004514
0 0.640121 0.665004 0.007728 0.004514
0 0.640121 0.658589 0.007728 0.004514
0 0.722110 0.673794 0.007728 0.004514
0 0.787970 0.673794 0.007728 0.004514
0 0.824933 0.675933 0.007728 0.004514
0 0.861559 0.678071 0.007728 0.004514
0 0.906586 0.680447 0.007728 0.004514
0 0.175403 0.840342 0.007728 0.004514
0 0.204637 0.842480 0.007728 0.004514
0 0.234207 0.842480 0.007728 0.004514
0 0.277890 0.849133 0.007728 0.004514
0 0.277890 0.844856 0.007728 0.004514
0 0.364919 0.883345 0.007728 0.004514
0 0.364919 0.874555 0.007728 0.004514
0 0.372312 0.872416 0.007728 0.004514
0 0.404906 0.883345 0.007728 0.004514
0 0.404906 0.874555 0.007728 0.004514
0 0.412298 0.872416 0.007728 0.004514
0 0.500336 0.840342 0.007728 0.004514
0 0.520161 0.842480 0.007728 0.004514
0 0.539987 0.840342 0.007728 0.004514
0 0.559812 0.840342 0.007728 0.004514
0 0.579301 0.838204 0.007728 0.004514
0 0.599126 0.838204 0.007728 0.004514
0 0.618952 0.836066 0.007728 0.004514
0 0.647849 0.833927 0.007728 0.004514
0 0.669019 0.833927 0.007728 0.004514
0 0.690188 0.831551 0.007728 0.004514
0 0.711694 0.831551 0.007728 0.004514
0 0.732863 0.829413 0.007728 0.004514
0 0.754032 0.829413 0.007728 0.004514
0 0.775202 0.827275 0.007728 0.004514
0 0.796371 0.831551 0.007728 0.004514
0 0.826949 0.825137 0.007728 0.004514
0 0.142137 0.096222 0.007728 0.004514
0 0.283266 0.096222 0.007728 0.004514
0 0.318548 0.085293 0.007728 0.004514
0 0.353831 0.087432 0.007728 0.004514
0 0.389113 0.089570 0.007728 0.004514
0 0.435484 0.087432 0.007728 0.004514
0 0.521841 0.089570 0.007728 0.004514
0 0.550739 0.091708 0.007728 0.004514
0 0.608199 0.100499 0.007728 0.004514
0 0.637097 0.098361 0.007728 0.004514
0 0.685148 0.096222 0.007728 0.004514
0 0.777554 0.096222 0.007728 0.004514
0 0.808132 0.096222 0.007728 0.004514
0 0.838710 0.085293 0.007728 0.004514
0 0.869624 0.087432 0.007728 0.004514
0 0.900202 0.089570 0.007728 0.004514
0 0.149866 0.249465 0.007728 0.004514
0 0.231183 0.251604 0.007728 0.004514
0 0.258401 0.253742 0.007728 0.004514
0 0.312836 0.258256 0.007728 0.004514
0 0.382728 0.247090 0.007728 0.004514
0 0.489247 0.247090 0.007728 0.004514
0 0.524866 0.244951 0.007728 0.004514
0 0.560484 0.247090 0.007728 0.004514
0 0.596102 0.249465 0.007728 0.004514
0 0.631720 0.251604 0.007728 0.004514
0 0.686492 0.251604 0.007728 0.004514
0 0.747648 0.253742 0.007728 0.004514
0 0.839382 0.253742 0.007728 0.004514
0 0.869960 0.255880 0.007728 0.004514
0 0.900538 0.258256 0.007728 0.004514
0 0.140793 0.430981 0.007728 0.004514
0 0.228495 0.433120 0.007728 0.004514
0 0.341062 0.420052 0.007728 0.004514
0 0.433132 0.433120 0.007728 0.004514
0 0.502688 0.433120 0.007728 0.004514
0 0.547043 0.428843 0.007728 0.004514
0 0.634745 0.430981 0.007728 0.004514
0 0.745632 0.417914 0.007728 0.004514
0 0.833669 0.430981 0.007728 0.004514
0 0.899530 0.426705 0.007728 0.004514
0 0.140121 0.607270 0.007728 0.004514
0 0.228495 0.607270 0.007728 0.004514
0 0.257056 0.604894 0.007728 0.004514
0 0.345430 0.604894 0.007728 0.004514
0 0.396505 0.602756 0.007728 0.004514
0 0.478831 0.602756 0.007728 0.004514
0 0.506720 0.600618 0.007728 0.004514
0 0.593078 0.598479 0.007728 0.004514
0 0.640121 0.596341 0.007728 0.004514
0 0.681116 0.596341 0.007728 0.004514
0 0.722110 0.596341 0.007728 0.004514
0 0.787970 0.596341 0.007728 0.004514
0 0.824933 0.598479 0.007728 0.004514
0 0.861559 0.600618 0.007728 0.004514
0 0.906586 0.602756 0.007728 0.004514
0 0.145833 0.778570 0.007728 0.004514
0 0.204637 0.780708 0.007728 0.004514
0 0.308804 0.778570 0.007728 0.004514
0 0.342070 0.774293 0.007728 0.004514
0 0.364919 0.776431 0.007728 0.004514
0 0.388441 0.771917 0.007728 0.004514
0 0.435484 0.774293 0.007728 0.004514
0 0.480511 0.774293 0.007728 0.004514
0 0.520161 0.774293 0.007728 0.004514
