0 0.157877 0.260932 0.010749 0.006179
0 0.190124 0.249049 0.010749 0.006179
0 0.222372 0.243108 0.010749 0.006179
0 0.254955 0.249049 0.010749 0.006179
0 0.287202 0.252139 0.010749 0.006179
0 0.319785 0.246198 0.010749 0.006179
0 0.384279 0.252139 0.010749 0.006179
0 0.441048 0.249049 0.010749 0.006179
0 0.473631 0.243108 0.010749 0.006179
0 0.505878 0.258080 0.010749 0.006179
0 0.538126 0.243108 0.010749 0.006179
0 0.570373 0.254990 0.010749 0.006179
0 0.602956 0.243108 0.010749 0.006179
0 0.635203 0.249049 0.010749 0.006179
0 0.667450 0.243108 0.010749 0.006179
0 0.160564 0.578422 0.010749 0.006179
0 0.188109 0.572481 0.010749 0.006179
0 0.215653 0.566540 0.010749 0.006179
0 0.261673 0.572481 0.010749 0.006179
0 0.306685 0.584363 0.010749 0.006179
0 0.334229 0.578422 0.010749 0.006179
0 0.361774 0.590304 0.010749 0.006179
0 0.389318 0.584363 0.010749 0.006179
0 0.429627 0.599335 0.010749 0.006179
0 0.463890 0.587452 0.010749 0.006179
0 0.498488 0.572481 0.010749 0.006179
0 0.533087 0.587452 0.010749 0.006179
0 0.584145 0.596245 0.010749 0.006179
0 0.639234 0.593394 0.010749 0.006179
0 0.160564 0.908745 0.010749 0.006179
0 0.262681 0.890922 0.010749 0.006179
0 0.313403 0.894011 0.010749 0.006179
0 0.157877 0.260932 0.010749 0.006179
0 0.287202 0.252139 0.010749 0.006179
0 0.441048 0.249049 0.010749 0.006179
0 0.505878 0.258080 0.010749 0.006179
0 0.570373 0.254990 0.010749 0.006179
0 0.635203 0.249049 0.010749 0.006179
0 0.720188 0.266873 0.010749 0.006179
0 0.160564 0.578422 0.010749 0.006179
0 0.306685 0.584363 0.010749 0.006179
0 0.361774 0.590304 0.010749 0.006179
0 0.429627 0.599335 0.010749 0.006179
0 0.584145 0.563688 0.010749 0.006179
0 0.639234 0.566540 0.010749 0.006179
0 0.706416 0.590304 0.010749 0.006179
0 0.706416 0.569629 0.010749 0.006179
0 0.742022 0.593394 0.010749 0.006179
0 0.742022 0.572481 0.010749 0.006179
0 0.764528 0.596245 0.010749 0.006179
0 0.764528 0.575570 0.010749 0.006179
0 0.787034 0.593394 0.010749 0.006179
0 0.787034 0.572481 0.010749 0.006179
0 0.822640 0.590304 0.010749 0.006179
0 0.822640 0.569629 0.010749 0.006179
0 0.858247 0.587452 0.010749 0.006179
0 0.858247 0.566540 0.010749 0.006179
0 0.907289 0.608127 0.010749 0.006179
0 0.907289 0.587452 0.010749 0.006179
0 0.160564 0.888070 0.010749 0.006179
0 0.186093 0.876188 0.010749 0.006179
0 0.211622 0.861217 0.010749 0.006179
0 0.237151 0.876188 0.010749 0.006179
0 0.262681 0.890922 0.010749 0.006179
0 0.288210 0.882129 0.010749 0.006179
0 0.288210 0.876188 0.010749 0.006179
0 0.313403 0.894011 0.010749 0.006179
0 0.338932 0.882129 0.010749 0.006179
0 0.338932 0.867158 0.010749 0.006179
0 0.377225 0.896863 0.010749 0.006179
0 0.474639 0.894011 0.010749 0.006179
0 0.513268 0.890922 0.010749 0.006179
0 0.568021 0.888070 0.010749 0.006179
0 0.597917 0.890922 0.010749 0.006179
0 0.616392 0.894011 0.010749 0.006179
0 0.638898 0.896863 0.010749 0.006179
0 0.668794 0.894011 0.010749 0.006179
0 0.698354 0.890922 0.010749 0.006179
0 0.739335 0.911835 0.010749 0.006179
0 0.793080 0.902804 0.010749 0.006179
0 0.793080 0.890922 0.010749 0.006179
0 0.862277 0.902804 0.010749 0.006179
0 0.862277 0.890922 0.010749 0.006179
0 0.751428 0.209838 0.010749 0.006179
0 0.813571 0.209838 0.010749 0.006179
0 0.306685 0.507129 0.010749 0.006179
0 0.361774 0.504278 0.010749 0.006179
0 0.429627 0.501188 0.010749 0.006179
0 0.463890 0.486454 0.010749 0.006179
0 0.498488 0.495247 0.010749 0.006179
0 0.533087 0.501188 0.010749 0.006179
0 0.584145 0.498337 0.010749 0.006179
0 0.639234 0.495247 0.010749 0.006179
0 0.716493 0.492395 0.010749 0.006179
0 0.716493 0.486454 0.010749 0.006179
0 0.787034 0.495247 0.010749 0.006179
0 0.787034 0.489306 0.010749 0.006179
0 0.822640 0.498337 0.010749 0.006179
0 0.822640 0.492395 0.010749 0.006179
0 0.858247 0.501188 0.010749 0.006179
0 0.858247 0.495247 0.010749 0.006179
0 0.907289 0.504278 0.010749 0.006179
0 0.907289 0.498337 0.010749 0.006179
0 0.160564 0.806797 0.010749 0.006179
0 0.160564 0.800856 0.010749 0.006179
0 0.211622 0.803945 0.010749 0.006179
0 0.262681 0.800856 0.010749 0.006179
0 0.313403 0.803945 0.010749 0.006179
0 0.377225 0.806797 0.010749 0.006179
0 0.425932 0.792063 0.010749 0.006179
0 0.425932 0.786122 0.010749 0.006179
0 0.450118 0.794914 0.010749 0.006179
0 0.450118 0.788973 0.010749 0.006179
0 0.474639 0.798004 0.010749 0.006179
0 0.474639 0.792063 0.010749 0.006179
0 0.513268 0.800856 0.010749 0.006179
0 0.513268 0.794914 0.010749 0.006179
0 0.157877 0.192015 0.010749 0.006179
0 0.222372 0.186074 0.010749 0.006179
0 0.287202 0.189163 0.010749 0.006179
0 0.352032 0.192015 0.010749 0.006179
0 0.441048 0.195105 0.010749 0.006179
0 0.570373 0.189163 0.010749 0.006179
0 0.635203 0.192015 0.010749 0.006179
0 0.720188 0.195105 0.010749 0.006179
0 0.782331 0.197956 0.010749 0.006179
0 0.844474 0.206987 0.010749 0.006179
0 0.844474 0.192015 0.010749 0.006179
0 0.894189 0.209838 0.010749 0.006179
0 0.894189 0.195105 0.010749 0.006179
0 0.925092 0.212928 0.010749 0.006179
0 0.925092 0.197956 0.010749 0.006179
0 0.160564 0.522101 0.010749 0.006179
0 0.160564 0.507129 0.010749 0.006179
0 0.306685 0.501188 0.010749 0.006179
0 0.361774 0.498337 0.010749 0.006179
0 0.429627 0.495247 0.010749 0.006179
0 0.463890 0.480513 0.010749 0.006179
0 0.498488 0.483365 0.010749 0.006179
0 0.533087 0.486454 0.010749 0.006179
0 0.584145 0.489306 0.010749 0.006179
0 0.639234 0.486454 0.010749 0.006179
0 0.706416 0.483365 0.010749 0.006179
0 0.742022 0.480513 0.010749 0.006179
0 0.764528 0.477424 0.010749 0.006179
0 0.787034 0.480513 0.010749 0.006179
0 0.822640 0.483365 0.010749 0.006179
0 0.858247 0.486454 0.010749 0.006179
0 0.907289 0.489306 0.010749 0.006179
0 0.160564 0.786122 0.010749 0.006179
0 0.262681 0.800856 0.010749 0.006179
0 0.313403 0.798004 0.010749 0.006179
0 0.377225 0.794914 0.010749 0.006179
0 0.401747 0.774240 0.010749 0.006179
0 0.425932 0.777091 0.010749 0.006179
0 0.450118 0.780181 0.010749 0.006179
0 0.474639 0.783032 0.010749 0.006179
0 0.513268 0.786122 0.010749 0.006179
0 0.568021 0.803945 0.010749 0.006179
0 0.568021 0.798004 0.010749 0.006179
0 0.568021 0.788973 0.010749 0.006179
0 0.597917 0.800856 0.010749 0.006179
0 0.597917 0.794914 0.010749 0.006179
0 0.597917 0.786122 0.010749 0.006179
0 0.616392 0.798004 0.010749 0.006179
0 0.616392 0.792063 0.010749 0.006179
0 0.616392 0.783032 0.010749 0.006179
0 0.638898 0.794914 0.010749 0.006179
0 0.638898 0.788973 0.010749 0.006179
0 0.638898 0.780181 0.010749 0.006179
0 0.668794 0.798004 0.010749 0.006179
0 0.668794 0.792063 0.010749 0.006179
0 0.668794 0.783032 0.010749 0.006179
0 0.698354 0.800856 0.010749 0.006179
0 0.698354 0.794914 0.010749 0.006179
0 0.698354 0.786122 0.010749 0.006179
0 0.739335 0.803945 0.010749 0.006179
0 0.739335 0.798004 0.010749 0.006179
0 0.739335 0.788973 0.010749 0.006179
0 0.793080 0.806797 0.010749 0.006179
0 0.793080 0.800856 0.010749 0.006179
0 0.793080 0.786122 0.010749 0.006179
0 0.862277 0.806797 0.010749 0.006179
0 0.862277 0.800856 0.010749 0.006179
0 0.862277 0.786122 0.010749 0.006179
0 0.157877 0.084125 0.010749 0.006179
0 0.222372 0.075095 0.010749 0.006179
0 0.287202 0.078184 0.010749 0.006179
0 0.352032 0.081036 0.010749 0.006179
0 0.441048 0.084125 0.010749 0.006179
0 0.505878 0.092918 0.010749 0.006179
0 0.570373 0.086977 0.010749 0.006179
0 0.635203 0.090067 0.010749 0.006179
0 0.720188 0.092918 0.010749 0.006179
0 0.215653 0.397576 0.010749 0.006179
0 0.261673 0.394724 0.010749 0.006179
0 0.306685 0.391635 0.010749 0.006179
0 0.361774 0.388783 0.010749 0.006179
0 0.429627 0.385694 0.010749 0.006179
0 0.463890 0.370960 0.010749 0.006179
0 0.498488 0.373812 0.010749 0.006179
0 0.533087 0.376901 0.010749 0.006179
0 0.584145 0.379753 0.010749 0.006179
0 0.639234 0.376901 0.010749 0.006179
0 0.706416 0.373812 0.010749 0.006179
0 0.742022 0.370960 0.010749 0.006179
0 0.764528 0.367871 0.010749 0.006179
0 0.787034 0.370960 0.010749 0.006179
0 0.822640 0.373812 0.010749 0.006179
0 0.858247 0.376901 0.010749 0.006179
0 0.907289 0.379753 0.010749 0.006179
0 0.160564 0.691540 0.010749 0.006179
0 0.262681 0.691540 0.010749 0.006179
