0 0.831710 0.885456 0.008398 0.004990
0 0.859590 0.878327 0.008398 0.004990
0 0.887807 0.880703 0.008398 0.004990
0 0.831710 0.889971 0.008398 0.004990
0 0.887807 0.889971 0.008398 0.004990
0 0.887807 0.885456 0.008398 0.004990
0 0.146120 0.214116 0.008398 0.004990
0 0.146120 0.197481 0.008398 0.004990
0 0.348001 0.206987 0.008398 0.004990
0 0.348001 0.197481 0.008398 0.004990
0 0.348001 0.185837 0.008398 0.004990
0 0.388982 0.206987 0.008398 0.004990
0 0.388982 0.197481 0.008398 0.004990
0 0.388982 0.185837 0.008398 0.004990
0 0.429963 0.206987 0.008398 0.004990
0 0.429963 0.197481 0.008398 0.004990
0 0.429963 0.185837 0.008398 0.004990
0 0.470608 0.206987 0.008398 0.004990
0 0.470608 0.197481 0.008398 0.004990
0 0.470608 0.185837 0.008398 0.004990
0 0.543500 0.209363 0.008398 0.004990
0 0.543500 0.192728 0.008398 0.004990
0 0.574068 0.209363 0.008398 0.004990
0 0.574068 0.192728 0.008398 0.004990
0 0.604636 0.209363 0.008398 0.004990
0 0.604636 0.192728 0.008398 0.004990
0 0.635203 0.209363 0.008398 0.004990
0 0.635203 0.192728 0.008398 0.004990
0 0.682230 0.211740 0.008398 0.004990
0 0.682230 0.195105 0.008398 0.004990
0 0.710783 0.211740 0.008398 0.004990
0 0.710783 0.195105 0.008398 0.004990
0 0.739335 0.211740 0.008398 0.004990
0 0.739335 0.195105 0.008398 0.004990
0 0.767887 0.211740 0.008398 0.004990
0 0.767887 0.195105 0.008398 0.004990
0 0.809540 0.209363 0.008398 0.004990
0 0.809540 0.197481 0.008398 0.004990
0 0.845818 0.209363 0.008398 0.004990
0 0.845818 0.197481 0.008398 0.004990
0 0.882096 0.209363 0.008398 0.004990
0 0.882096 0.197481 0.008398 0.004990
0 0.918710 0.209363 0.008398 0.004990
0 0.918710 0.197481 0.008398 0.004990
0 0.148472 0.434411 0.008398 0.004990
0 0.148472 0.424905 0.008398 0.004990
0 0.198186 0.434411 0.008398 0.004990
0 0.198186 0.424905 0.008398 0.004990
0 0.259993 0.443916 0.008398 0.004990
0 0.259993 0.427281 0.008398 0.004990
0 0.384279 0.441540 0.008398 0.004990
0 0.384279 0.424905 0.008398 0.004990
0 0.580450 0.434411 0.008398 0.004990
0 0.580450 0.424905 0.008398 0.004990
0 0.739671 0.439163 0.008398 0.004990
0 0.739671 0.422529 0.008398 0.004990
0 0.152167 0.677519 0.008398 0.004990
0 0.152167 0.661122 0.008398 0.004990
0 0.320457 0.665637 0.008398 0.004990
0 0.320457 0.649240 0.008398 0.004990
0 0.544508 0.677519 0.008398 0.004990
0 0.544508 0.646863 0.008398 0.004990
0 0.711454 0.682272 0.008398 0.004990
0 0.711454 0.665637 0.008398 0.004990
0 0.142425 0.911359 0.008398 0.004990
0 0.142425 0.894724 0.008398 0.004990
0 0.369499 0.913736 0.008398 0.004990
0 0.369499 0.897101 0.008398 0.004990
0 0.577427 0.906606 0.008398 0.004990
0 0.577427 0.897101 0.008398 0.004990
0 0.787034 0.906606 0.008398 0.004990
0 0.787034 0.897101 0.008398 0.004990
0 0.168962 0.151378 0.008398 0.004990
0 0.191804 0.144249 0.008398 0.004990
0 0.237151 0.144249 0.008398 0.004990
0 0.348001 0.149002 0.008398 0.004990
0 0.429963 0.149002 0.008398 0.004990
0 0.369499 0.857177 0.008398 0.004990
0 0.369499 0.845295 0.008398 0.004990
0 0.468257 0.880703 0.008398 0.004990
0 0.468257 0.868821 0.008398 0.004990
0 0.517635 0.883080 0.008398 0.004990
0 0.517635 0.871198 0.008398 0.004990
0 0.577427 0.885456 0.008398 0.004990
0 0.577427 0.873574 0.008398 0.004990
0 0.831710 0.847671 0.008398 0.004990
0 0.887807 0.847671 0.008398 0.004990
0 0.146120 0.139734 0.008398 0.004990
0 0.214310 0.137357 0.008398 0.004990
0 0.237151 0.134981 0.008398 0.004990
0 0.348001 0.139734 0.008398 0.004990
0 0.429963 0.142110 0.008398 0.004990
0 0.543500 0.149002 0.008398 0.004990
0 0.543500 0.142110 0.008398 0.004990
0 0.543500 0.137357 0.008398 0.004990
0 0.574068 0.149002 0.008398 0.004990
0 0.574068 0.142110 0.008398 0.004990
0 0.574068 0.137357 0.008398 0.004990
0 0.604636 0.149002 0.008398 0.004990
0 0.604636 0.142110 0.008398 0.004990
0 0.604636 0.137357 0.008398 0.004990
0 0.635203 0.149002 0.008398 0.004990
0 0.635203 0.142110 0.008398 0.004990
0 0.635203 0.137357 0.008398 0.004990
0 0.682230 0.151378 0.008398 0.004990
0 0.682230 0.142110 0.008398 0.004990
0 0.682230 0.137357 0.008398 0.004990
0 0.710783 0.151378 0.008398 0.004990
0 0.710783 0.142110 0.008398 0.004990
0 0.710783 0.137357 0.008398 0.004990
0 0.739335 0.151378 0.008398 0.004990
0 0.739335 0.142110 0.008398 0.004990
0 0.739335 0.137357 0.008398 0.004990
0 0.767887 0.151378 0.008398 0.004990
0 0.767887 0.142110 0.008398 0.004990
0 0.767887 0.137357 0.008398 0.004990
0 0.809540 0.151378 0.008398 0.004990
0 0.817266 0.149002 0.008398 0.004990
0 0.809540 0.139734 0.008398 0.004990
0 0.845818 0.151378 0.008398 0.004990
0 0.853880 0.149002 0.008398 0.004990
0 0.845818 0.139734 0.008398 0.004990
0 0.882096 0.151378 0.008398 0.004990
0 0.890158 0.149002 0.008398 0.004990
0 0.882096 0.139734 0.008398 0.004990
0 0.918710 0.151378 0.008398 0.004990
0 0.926772 0.149002 0.008398 0.004990
0 0.918710 0.139734 0.008398 0.004990
0 0.148472 0.384981 0.008398 0.004990
0 0.148472 0.373099 0.008398 0.004990
0 0.198186 0.384981 0.008398 0.004990
0 0.198186 0.373099 0.008398 0.004990
0 0.259993 0.389734 0.008398 0.004990
0 0.259993 0.382605 0.008398 0.004990
0 0.259993 0.377852 0.008398 0.004990
0 0.384279 0.389734 0.008398 0.004990
0 0.384279 0.384981 0.008398 0.004990
0 0.384279 0.380228 0.008398 0.004990
0 0.426604 0.380228 0.008398 0.004990
0 0.426604 0.373099 0.008398 0.004990
0 0.426604 0.368584 0.008398 0.004990
0 0.468593 0.382605 0.008398 0.004990
0 0.468593 0.375475 0.008398 0.004990
0 0.468593 0.370960 0.008398 0.004990
0 0.580450 0.384981 0.008398 0.004990
0 0.580450 0.373099 0.008398 0.004990
0 0.617064 0.384981 0.008398 0.004990
0 0.617064 0.373099 0.008398 0.004990
0 0.653678 0.384981 0.008398 0.004990
0 0.653678 0.373099 0.008398 0.004990
0 0.690292 0.384981 0.008398 0.004990
0 0.690292 0.373099 0.008398 0.004990
0 0.739671 0.384981 0.008398 0.004990
0 0.739671 0.373099 0.008398 0.004990
0 0.739671 0.368584 0.008398 0.004990
0 0.790057 0.384981 0.008398 0.004990
0 0.790057 0.373099 0.008398 0.004990
0 0.790057 0.368584 0.008398 0.004990
0 0.854216 0.384981 0.008398 0.004990
0 0.854216 0.373099 0.008398 0.004990
0 0.854216 0.368584 0.008398 0.004990
0 0.904602 0.384981 0.008398 0.004990
0 0.904602 0.373099 0.008398 0.004990
0 0.904602 0.368584 0.008398 0.004990
0 0.152167 0.606464 0.008398 0.004990
0 0.152167 0.601949 0.008398 0.004990
0 0.152167 0.594819 0.008398 0.004990
0 0.191468 0.606464 0.008398 0.004990
0 0.191468 0.601949 0.008398 0.004990
0 0.191468 0.594819 0.008398 0.004990
0 0.230433 0.606464 0.008398 0.004990
0 0.230433 0.601949 0.008398 0.004990
0 0.230433 0.594819 0.008398 0.004990
0 0.269735 0.606464 0.008398 0.004990
0 0.269735 0.601949 0.008398 0.004990
0 0.269735 0.594819 0.008398 0.004990
0 0.320457 0.606464 0.008398 0.004990
0 0.320457 0.594819 0.008398 0.004990
0 0.320457 0.590067 0.008398 0.004990
0 0.368156 0.606464 0.008398 0.004990
0 0.368156 0.594819 0.008398 0.004990
0 0.368156 0.590067 0.008398 0.004990
0 0.415855 0.606464 0.008398 0.004990
0 0.415855 0.594819 0.008398 0.004990
0 0.415855 0.590067 0.008398 0.004990
0 0.463218 0.606464 0.008398 0.004990
0 0.463218 0.594819 0.008398 0.004990
0 0.463218 0.590067 0.008398 0.004990
0 0.544508 0.606464 0.008398 0.004990
0 0.544508 0.594819 0.008398 0.004990
0 0.544508 0.590067 0.008398 0.004990
0 0.583809 0.606464 0.008398 0.004990
0 0.583809 0.594819 0.008398 0.004990
0 0.583809 0.590067 0.008398 0.004990
0 0.622775 0.606464 0.008398 0.004990
0 0.622775 0.594819 0.008398 0.004990
0 0.622775 0.590067 0.008398 0.004990
0 0.662076 0.606464 0.008398 0.004990
0 0.662076 0.594819 0.008398 0.004990
0 0.662076 0.590067 0.008398 0.004990
0 0.740007 0.649240 0.008398 0.004990
0 0.768559 0.644487 0.008398 0.004990
0 0.768559 0.637357 0.008398 0.004990
0 0.803158 0.649240 0.008398 0.004990
0 0.840779 0.604087 0.008398 0.004990
0 0.840779 0.599572 0.008398 0.004990
0 0.869332 0.611217 0.008398 0.004990
0 0.897884 0.594819 0.008398 0.004990
0 0.897884 0.587690 0.008398 0.004990
0 0.926436 0.599572 0.008398 0.004990
0 0.169298 0.883080 0.008398 0.004990
0 0.196507 0.852424 0.008398 0.004990
0 0.196507 0.847671 0.008398 0.004990
0 0.223379 0.883080 0.008398 0.004990
0 0.250252 0.850048 0.008398 0.004990
0 0.250252 0.840542 0.008398 0.004990
0 0.277125 0.852424 0.008398 0.004990
0 0.303997 0.840542 0.008398 0.004990
0 0.303997 0.835789 0.008398 0.004990
0 0.312059 0.833413 0.008398 0.004990
0 0.330870 0.845295 0.008398 0.004990
0 0.394021 0.842918 0.008398 0.004990
0 0.418878 0.826521 0.008398 0.004990
0 0.443735 0.842918 0.008398 0.004990
0 0.493114 0.842918 0.008398 0.004990
0 0.517635 0.826521 0.008398 0.004990
0 0.542492 0.842918 0.008398 0.004990
0 0.602284 0.859316 0.008398 0.004990
0 0.627141 0.852424 0.008398 0.004990
0 0.627141 0.847671 0.008398 0.004990
0 0.651999 0.859316 0.008398 0.004990
0 0.677192 0.847671 0.008398 0.004990
0 0.677192 0.842918 0.008398 0.004990
0 0.702049 0.852424 0.008398 0.004990
0 0.726906 0.842918 0.008398 0.004990
0 0.726906 0.835789 0.008398 0.004990
0 0.751764 0.847671 0.008398 0.004990
0 0.787034 0.847671 0.008398 0.004990
0 0.787034 0.842918 0.008398 0.004990
0 0.787034 0.835789 0.008398 0.004990
0 0.787034 0.831036 0.008398 0.004990
0 0.831710 0.847671 0.008398 0.004990
0 0.859590 0.840542 0.008398 0.004990
0 0.887807 0.842918 0.008398 0.004990
0 0.146120 0.073432 0.008398 0.004990
0 0.273766 0.075808 0.008398 0.004990
0 0.302654 0.078184 0.008398 0.004990
0 0.348001 0.080561 0.008398 0.004990
0 0.429963 0.082937 0.008398 0.004990
0 0.470608 0.078184 0.008398 0.004990
0 0.501176 0.073432 0.008398 0.004990
0 0.543500 0.066540 0.008398 0.004990
0 0.635203 0.073432 0.008398 0.004990
0 0.682230 0.075808 0.008398 0.004990
0 0.845818 0.073432 0.008398 0.004990
0 0.918710 0.075808 0.008398 0.004990
0 0.148472 0.306321 0.008398 0.004990
0 0.229090 0.306321 0.008398 0.004990
0 0.259993 0.299192 0.008398 0.004990
0 0.309372 0.301568 0.008398 0.004990
0 0.340611 0.303945 0.008398 0.004990
0 0.384279 0.306321 0.008398 0.004990
0 0.426604 0.301568 0.008398 0.004990
0 0.510917 0.313451 0.008398 0.004990
0 0.580450 0.311074 0.008398 0.004990
0 0.790057 0.306321 0.008398 0.004990
0 0.821633 0.306321 0.008398 0.004990
0 0.854216 0.306321 0.008398 0.004990
0 0.904602 0.306321 0.008398 0.004990
0 0.152167 0.528992 0.008398 0.004990
0 0.415855 0.538498 0.008398 0.004990
0 0.463218 0.538498 0.008398 0.004990
0 0.493114 0.538498 0.008398 0.004990
0 0.544508 0.533745 0.008398 0.004990
0 0.768559 0.533745 0.008398 0.004990
0 0.803158 0.526616 0.008398 0.004990
0 0.840779 0.528992 0.008398 0.004990
0 0.897884 0.526616 0.008398 0.004990
0 0.142425 0.753327 0.008398 0.004990
0 0.250252 0.755703 0.008398 0.004990
0 0.303997 0.758080 0.008398 0.004990
0 0.369499 0.760456 0.008398 0.004990
0 0.468257 0.758080 0.008398 0.004990
0 0.517635 0.755703 0.008398 0.004990
0 0.577427 0.758080 0.008398 0.004990
0 0.677192 0.758080 0.008398 0.004990
