0 0.431979 0.315589 0.007726 0.004515
0 0.493450 0.331036 0.007726 0.004515
0 0.528720 0.324382 0.007726 0.004515
0 0.549547 0.893061 0.007726 0.004515
0 0.664763 0.901854 0.007726 0.004515
0 0.779980 0.899715 0.007726 0.004515
0 0.854887 0.897338 0.007726 0.004515
0 0.207592 0.324382 0.007726 0.004515
0 0.207592 0.315589 0.007726 0.004515
0 0.431979 0.315589 0.007726 0.004515
0 0.528720 0.315589 0.007726 0.004515
0 0.638226 0.333175 0.007726 0.004515
0 0.638226 0.317966 0.007726 0.004515
0 0.692644 0.328897 0.007726 0.004515
0 0.692644 0.313451 0.007726 0.004515
0 0.719852 0.324382 0.007726 0.004515
0 0.719852 0.309173 0.007726 0.004515
0 0.774269 0.335314 0.007726 0.004515
0 0.774269 0.320105 0.007726 0.004515
0 0.801478 0.331036 0.007726 0.004515
0 0.801478 0.315589 0.007726 0.004515
0 0.890158 0.331036 0.007726 0.004515
0 0.890158 0.315589 0.007726 0.004515
0 0.110178 0.513546 0.007726 0.004515
0 0.110178 0.504753 0.007726 0.004515
0 0.345314 0.513546 0.007726 0.004515
0 0.345314 0.504753 0.007726 0.004515
0 0.450118 0.513546 0.007726 0.004515
0 0.450118 0.504753 0.007726 0.004515
0 0.570709 0.522338 0.007726 0.004515
0 0.570709 0.506892 0.007726 0.004515
0 0.636883 0.517823 0.007726 0.004515
0 0.636883 0.502614 0.007726 0.004515
0 0.670138 0.513546 0.007726 0.004515
0 0.670138 0.498099 0.007726 0.004515
0 0.769567 0.528755 0.007726 0.004515
0 0.769567 0.513546 0.007726 0.004515
0 0.868660 0.528755 0.007726 0.004515
0 0.868660 0.513546 0.007726 0.004515
0 0.110178 0.685361 0.007726 0.004515
0 0.179711 0.687500 0.007726 0.004515
0 0.214310 0.689876 0.007726 0.004515
0 0.283843 0.692015 0.007726 0.004515
0 0.318777 0.694154 0.007726 0.004515
0 0.422909 0.698432 0.007726 0.004515
0 0.548875 0.696293 0.007726 0.004515
0 0.649983 0.705086 0.007726 0.004515
0 0.754451 0.702947 0.007726 0.004515
0 0.854552 0.700808 0.007726 0.004515
0 0.117232 0.906131 0.007726 0.004515
0 0.188109 0.884268 0.007726 0.004515
0 0.223379 0.886407 0.007726 0.004515
0 0.294256 0.888783 0.007726 0.004515
0 0.329526 0.890922 0.007726 0.004515
0 0.436009 0.899715 0.007726 0.004515
0 0.779980 0.879990 0.007726 0.004515
0 0.854887 0.882129 0.007726 0.004515
0 0.916359 0.884268 0.007726 0.004515
0 0.207592 0.261644 0.007726 0.004515
0 0.207592 0.257367 0.007726 0.004515
0 0.238495 0.268298 0.007726 0.004515
0 0.276789 0.261644 0.007726 0.004515
0 0.276789 0.257367 0.007726 0.004515
0 0.327175 0.261644 0.007726 0.004515
0 0.327175 0.257367 0.007726 0.004515
0 0.388646 0.272576 0.007726 0.004515
0 0.431979 0.261644 0.007726 0.004515
0 0.462882 0.268298 0.007726 0.004515
0 0.500840 0.270437 0.007726 0.004515
0 0.528720 0.272576 0.007726 0.004515
0 0.559624 0.268298 0.007726 0.004515
0 0.590527 0.268298 0.007726 0.004515
0 0.801478 0.263783 0.007726 0.004515
0 0.828687 0.268298 0.007726 0.004515
0 0.863621 0.268298 0.007726 0.004515
0 0.890158 0.268298 0.007726 0.004515
0 0.890158 0.263783 0.007726 0.004515
0 0.110178 0.456511 0.007726 0.004515
0 0.110178 0.451996 0.007726 0.004515
0 0.145113 0.462928 0.007726 0.004515
0 0.187437 0.456511 0.007726 0.004515
0 0.187437 0.451996 0.007726 0.004515
0 0.240175 0.456511 0.007726 0.004515
0 0.240175 0.451996 0.007726 0.004515
0 0.310044 0.467443 0.007726 0.004515
0 0.345314 0.458650 0.007726 0.004515
0 0.380249 0.462928 0.007726 0.004515
0 0.415183 0.462928 0.007726 0.004515
0 0.450118 0.456511 0.007726 0.004515
0 0.485052 0.462928 0.007726 0.004515
0 0.519987 0.462928 0.007726 0.004515
0 0.110178 0.650428 0.007726 0.004515
0 0.144777 0.661359 0.007726 0.004515
0 0.144777 0.656844 0.007726 0.004515
0 0.179711 0.661359 0.007726 0.004515
0 0.179711 0.656844 0.007726 0.004515
0 0.214310 0.650428 0.007726 0.004515
0 0.249244 0.661359 0.007726 0.004515
0 0.249244 0.656844 0.007726 0.004515
0 0.283843 0.661359 0.007726 0.004515
0 0.283843 0.656844 0.007726 0.004515
0 0.318777 0.650428 0.007726 0.004515
0 0.353376 0.659221 0.007726 0.004515
0 0.353376 0.654705 0.007726 0.004515
0 0.388310 0.659221 0.007726 0.004515
0 0.388310 0.650428 0.007726 0.004515
0 0.422909 0.641635 0.007726 0.004515
0 0.457508 0.659221 0.007726 0.004515
0 0.457508 0.648289 0.007726 0.004515
0 0.492442 0.656844 0.007726 0.004515
0 0.492442 0.648289 0.007726 0.004515
0 0.548875 0.645913 0.007726 0.004515
0 0.582130 0.663498 0.007726 0.004515
0 0.582130 0.656844 0.007726 0.004515
0 0.615721 0.661359 0.007726 0.004515
0 0.615721 0.656844 0.007726 0.004515
0 0.649983 0.650428 0.007726 0.004515
0 0.683238 0.665637 0.007726 0.004515
0 0.683238 0.661359 0.007726 0.004515
0 0.716829 0.665637 0.007726 0.004515
0 0.716829 0.661359 0.007726 0.004515
0 0.117232 0.882129 0.007726 0.004515
0 0.181727 0.882129 0.007726 0.004515
0 0.223379 0.861930 0.007726 0.004515
0 0.294256 0.861930 0.007726 0.004515
0 0.294256 0.857652 0.007726 0.004515
0 0.329526 0.861930 0.007726 0.004515
0 0.410480 0.850998 0.007726 0.004515
0 0.436009 0.853137 0.007726 0.004515
0 0.506886 0.855276 0.007726 0.004515
0 0.549547 0.857652 0.007726 0.004515
0 0.626470 0.859791 0.007726 0.004515
0 0.664763 0.861930 0.007726 0.004515
0 0.703057 0.884268 0.007726 0.004515
0 0.741686 0.886407 0.007726 0.004515
0 0.787370 0.855276 0.007726 0.004515
0 0.854887 0.857652 0.007726 0.004515
0 0.207592 0.252852 0.007726 0.004515
0 0.269399 0.254990 0.007726 0.004515
0 0.293584 0.252852 0.007726 0.004515
0 0.309372 0.250713 0.007726 0.004515
0 0.327175 0.252852 0.007726 0.004515
0 0.358079 0.246435 0.007726 0.004515
0 0.388646 0.261644 0.007726 0.004515
0 0.431979 0.257367 0.007726 0.004515
0 0.493450 0.268298 0.007726 0.004515
0 0.493450 0.259506 0.007726 0.004515
0 0.528720 0.261644 0.007726 0.004515
0 0.638226 0.265922 0.007726 0.004515
0 0.638226 0.254990 0.007726 0.004515
0 0.638226 0.246435 0.007726 0.004515
0 0.665435 0.261644 0.007726 0.004515
0 0.692644 0.261644 0.007726 0.004515
0 0.692644 0.254990 0.007726 0.004515
0 0.719852 0.272576 0.007726 0.004515
0 0.719852 0.261644 0.007726 0.004515
0 0.719852 0.252852 0.007726 0.004515
0 0.747061 0.268298 0.007726 0.004515
0 0.774269 0.268298 0.007726 0.004515
0 0.774269 0.261644 0.007726 0.004515
0 0.801478 0.259506 0.007726 0.004515
0 0.856231 0.265922 0.007726 0.004515
0 0.856231 0.261644 0.007726 0.004515
0 0.890158 0.259506 0.007726 0.004515
0 0.110178 0.447719 0.007726 0.004515
0 0.180047 0.449857 0.007726 0.004515
0 0.204232 0.447719 0.007726 0.004515
0 0.222372 0.445580 0.007726 0.004515
0 0.240175 0.447719 0.007726 0.004515
0 0.275109 0.441065 0.007726 0.004515
0 0.310044 0.456511 0.007726 0.004515
0 0.345314 0.454373 0.007726 0.004515
0 0.415183 0.458650 0.007726 0.004515
0 0.415183 0.449857 0.007726 0.004515
0 0.450118 0.451996 0.007726 0.004515
0 0.570709 0.460789 0.007726 0.004515
0 0.570709 0.449857 0.007726 0.004515
0 0.570709 0.441065 0.007726 0.004515
0 0.603964 0.456511 0.007726 0.004515
0 0.636883 0.456511 0.007726 0.004515
0 0.636883 0.449857 0.007726 0.004515
0 0.670138 0.471721 0.007726 0.004515
0 0.670138 0.462928 0.007726 0.004515
0 0.670138 0.451996 0.007726 0.004515
0 0.703393 0.462928 0.007726 0.004515
0 0.736312 0.462928 0.007726 0.004515
0 0.736312 0.458650 0.007726 0.004515
0 0.736312 0.447719 0.007726 0.004515
0 0.769567 0.460789 0.007726 0.004515
0 0.769567 0.454373 0.007726 0.004515
0 0.802486 0.465304 0.007726 0.004515
0 0.835741 0.465304 0.007726 0.004515
0 0.843131 0.462928 0.007726 0.004515
0 0.835741 0.458650 0.007726 0.004515
0 0.868660 0.467443 0.007726 0.004515
0 0.868660 0.462928 0.007726 0.004515
0 0.868660 0.456511 0.007726 0.004515
0 0.110178 0.650428 0.007726 0.004515
0 0.179711 0.650428 0.007726 0.004515
0 0.214310 0.650428 0.007726 0.004515
0 0.283843 0.650428 0.007726 0.004515
0 0.318777 0.650428 0.007726 0.004515
0 0.388310 0.639496 0.007726 0.004515
0 0.422909 0.641635 0.007726 0.004515
0 0.492442 0.643774 0.007726 0.004515
0 0.548875 0.645913 0.007726 0.004515
0 0.615721 0.648289 0.007726 0.004515
0 0.649983 0.650428 0.007726 0.004515
0 0.683238 0.652567 0.007726 0.004515
0 0.716829 0.654705 0.007726 0.004515
0 0.754451 0.674430 0.007726 0.004515
0 0.754451 0.659221 0.007726 0.004515
0 0.754451 0.648289 0.007726 0.004515
0 0.854552 0.667776 0.007726 0.004515
0 0.854552 0.661359 0.007726 0.004515
0 0.117232 0.866207 0.007726 0.004515
0 0.117232 0.855276 0.007726 0.004515
0 0.152503 0.846483 0.007726 0.004515
0 0.188109 0.857652 0.007726 0.004515
0 0.188109 0.853137 0.007726 0.004515
0 0.188109 0.846483 0.007726 0.004515
0 0.223379 0.861930 0.007726 0.004515
0 0.258986 0.846483 0.007726 0.004515
0 0.294256 0.848859 0.007726 0.004515
0 0.301646 0.846483 0.007726 0.004515
0 0.329526 0.861930 0.007726 0.004515
0 0.365133 0.855276 0.007726 0.004515
0 0.365133 0.850998 0.007726 0.004515
0 0.365133 0.846483 0.007726 0.004515
0 0.400403 0.855276 0.007726 0.004515
0 0.400403 0.846483 0.007726 0.004515
0 0.436009 0.853137 0.007726 0.004515
0 0.471280 0.850998 0.007726 0.004515
0 0.471280 0.844344 0.007726 0.004515
0 0.506886 0.850998 0.007726 0.004515
0 0.506886 0.844344 0.007726 0.004515
0 0.549547 0.857652 0.007726 0.004515
0 0.587840 0.853137 0.007726 0.004515
0 0.587840 0.846483 0.007726 0.004515
0 0.626470 0.853137 0.007726 0.004515
0 0.626470 0.846483 0.007726 0.004515
0 0.664763 0.861930 0.007726 0.004515
0 0.703057 0.857652 0.007726 0.004515
0 0.703057 0.850998 0.007726 0.004515
0 0.741686 0.857652 0.007726 0.004515
0 0.741686 0.850998 0.007726 0.004515
0 0.779980 0.853137 0.007726 0.004515
0 0.207592 0.173479 0.007726 0.004515
0 0.269399 0.175618 0.007726 0.004515
0 0.327175 0.173479 0.007726 0.004515
0 0.388646 0.182272 0.007726 0.004515
0 0.431979 0.177994 0.007726 0.004515
0 0.493450 0.180133 0.007726 0.004515
0 0.528720 0.182272 0.007726 0.004515
0 0.638226 0.166825 0.007726 0.004515
0 0.665435 0.171340 0.007726 0.004515
0 0.692644 0.175618 0.007726 0.004515
0 0.719852 0.173479 0.007726 0.004515
0 0.774269 0.182272 0.007726 0.004515
0 0.801478 0.180133 0.007726 0.004515
0 0.856231 0.175618 0.007726 0.004515
0 0.873027 0.177994 0.007726 0.004515
0 0.890158 0.180133 0.007726 0.004515
0 0.110178 0.372148 0.007726 0.004515
0 0.180047 0.374525 0.007726 0.004515
0 0.240175 0.372148 0.007726 0.004515
0 0.310044 0.380941 0.007726 0.004515
0 0.345314 0.378802 0.007726 0.004515
0 0.380249 0.376663 0.007726 0.004515
0 0.415183 0.374525 0.007726 0.004515
0 0.450118 0.376663 0.007726 0.004515
0 0.570709 0.365732 0.007726 0.004515
0 0.603964 0.370010 0.007726 0.004515
0 0.636883 0.374525 0.007726 0.004515
0 0.670138 0.376663 0.007726 0.004515
0 0.736312 0.372148 0.007726 0.004515
0 0.769567 0.378802 0.007726 0.004515
0 0.835741 0.374525 0.007726 0.004515
0 0.868660 0.376663 0.007726 0.004515
0 0.110178 0.570105 0.007726 0.004515
0 0.179711 0.570105 0.007726 0.004515
0 0.214310 0.570105 0.007726 0.004515
0 0.283843 0.570105 0.007726 0.004515
0 0.318777 0.570105 0.007726 0.004515
0 0.388310 0.559173 0.007726 0.004515
0 0.422909 0.561312 0.007726 0.004515
0 0.492442 0.563451 0.007726 0.004515
0 0.548875 0.565589 0.007726 0.004515
0 0.615721 0.567966 0.007726 0.004515
0 0.649983 0.570105 0.007726 0.004515
0 0.683238 0.572243 0.007726 0.004515
0 0.716829 0.574382 0.007726 0.004515
0 0.754451 0.567966 0.007726 0.004515
0 0.854552 0.581036 0.007726 0.004515
0 0.117232 0.770437 0.007726 0.004515
