0 0.168683 0.241150 0.009745 0.005702
0 0.168683 0.230459 0.009745 0.005702
0 0.270161 0.241150 0.009745 0.005702
0 0.270161 0.230459 0.009745 0.005702
0 0.371976 0.241150 0.009745 0.005702
0 0.371976 0.230459 0.009745 0.005702
0 0.473790 0.241150 0.009745 0.005702
0 0.473790 0.230459 0.009745 0.005702
0 0.639113 0.241150 0.009745 0.005702
0 0.639113 0.230459 0.009745 0.005702
0 0.771505 0.241150 0.009745 0.005702
0 0.771505 0.230459 0.009745 0.005702
0 0.822245 0.241150 0.009745 0.005702
0 0.822245 0.230459 0.009745 0.005702
0 0.161290 0.462105 0.009745 0.005702
0 0.161290 0.448800 0.009745 0.005702
0 0.248992 0.462105 0.009745 0.005702
0 0.248992 0.448800 0.009745 0.005702
0 0.336358 0.462105 0.009745 0.005702
0 0.336358 0.448800 0.009745 0.005702
0 0.424059 0.462105 0.009745 0.005702
0 0.424059 0.448800 0.009745 0.005702
0 0.554099 0.454027 0.009745 0.005702
0 0.554099 0.448800 0.009745 0.005702
0 0.674395 0.454027 0.009745 0.005702
0 0.674395 0.448800 0.009745 0.005702
0 0.737231 0.454027 0.009745 0.005702
0 0.737231 0.448800 0.009745 0.005702
0 0.834341 0.454027 0.009745 0.005702
0 0.834341 0.448800 0.009745 0.005702
0 0.145161 0.677358 0.009745 0.005702
0 0.145161 0.669280 0.009745 0.005702
0 0.145161 0.663816 0.009745 0.005702
0 0.190860 0.677358 0.009745 0.005702
0 0.190860 0.669280 0.009745 0.005702
0 0.190860 0.663816 0.009745 0.005702
0 0.236223 0.677358 0.009745 0.005702
0 0.236223 0.669280 0.009745 0.005702
0 0.236223 0.663816 0.009745 0.005702
0 0.306116 0.677358 0.009745 0.005702
0 0.422715 0.688049 0.009745 0.005702
0 0.422715 0.677358 0.009745 0.005702
0 0.422715 0.669280 0.009745 0.005702
0 0.462030 0.688049 0.009745 0.005702
0 0.462030 0.677358 0.009745 0.005702
0 0.462030 0.669280 0.009745 0.005702
0 0.501680 0.688049 0.009745 0.005702
0 0.501680 0.677358 0.009745 0.005702
0 0.501680 0.669280 0.009745 0.005702
0 0.554435 0.688049 0.009745 0.005702
0 0.554435 0.677358 0.009745 0.005702
0 0.554435 0.669280 0.009745 0.005702
0 0.634745 0.688049 0.009745 0.005702
0 0.634745 0.677358 0.009745 0.005702
0 0.634745 0.669280 0.009745 0.005702
0 0.707661 0.688049 0.009745 0.005702
0 0.707661 0.677358 0.009745 0.005702
0 0.707661 0.669280 0.009745 0.005702
0 0.775202 0.688049 0.009745 0.005702
0 0.775202 0.677358 0.009745 0.005702
0 0.775202 0.669280 0.009745 0.005702
0 0.841734 0.688049 0.009745 0.005702
0 0.841734 0.677358 0.009745 0.005702
0 0.841734 0.669280 0.009745 0.005702
0 0.166331 0.908767 0.009745 0.005702
0 0.166331 0.895462 0.009745 0.005702
0 0.166331 0.889998 0.009745 0.005702
0 0.304435 0.908767 0.009745 0.005702
0 0.304435 0.895462 0.009745 0.005702
0 0.304435 0.889998 0.009745 0.005702
0 0.357527 0.908767 0.009745 0.005702
0 0.357527 0.895462 0.009745 0.005702
0 0.357527 0.889998 0.009745 0.005702
0 0.500336 0.908767 0.009745 0.005702
0 0.500336 0.895462 0.009745 0.005702
0 0.500336 0.889998 0.009745 0.005702
0 0.595766 0.908767 0.009745 0.005702
0 0.595766 0.895462 0.009745 0.005702
0 0.595766 0.889998 0.009745 0.005702
0 0.691196 0.908767 0.009745 0.005702
0 0.691196 0.898076 0.009745 0.005702
0 0.691196 0.889998 0.009745 0.005702
0 0.801075 0.908767 0.009745 0.005702
0 0.801075 0.898076 0.009745 0.005702
0 0.168683 0.164885 0.009745 0.005702
0 0.168683 0.159420 0.009745 0.005702
0 0.168683 0.151342 0.009745 0.005702
0 0.168683 0.146115 0.009745 0.005702
0 0.270161 0.164885 0.009745 0.005702
0 0.270161 0.159420 0.009745 0.005702
0 0.270161 0.151342 0.009745 0.005702
0 0.270161 0.146115 0.009745 0.005702
0 0.371976 0.164885 0.009745 0.005702
0 0.371976 0.159420 0.009745 0.005702
0 0.371976 0.151342 0.009745 0.005702
0 0.371976 0.146115 0.009745 0.005702
0 0.473790 0.164885 0.009745 0.005702
0 0.473790 0.159420 0.009745 0.005702
0 0.473790 0.151342 0.009745 0.005702
0 0.473790 0.146115 0.009745 0.005702
0 0.630040 0.162271 0.009745 0.005702
0 0.639113 0.159420 0.009745 0.005702
0 0.639113 0.154193 0.009745 0.005702
0 0.639113 0.148729 0.009745 0.005702
0 0.762433 0.162271 0.009745 0.005702
0 0.771505 0.159420 0.009745 0.005702
0 0.771505 0.154193 0.009745 0.005702
0 0.771505 0.148729 0.009745 0.005702
0 0.813172 0.162271 0.009745 0.005702
0 0.822245 0.159420 0.009745 0.005702
0 0.822245 0.154193 0.009745 0.005702
0 0.822245 0.148729 0.009745 0.005702
0 0.161290 0.385840 0.009745 0.005702
0 0.161290 0.377762 0.009745 0.005702
0 0.161290 0.372535 0.009745 0.005702
0 0.161290 0.367071 0.009745 0.005702
0 0.248992 0.385840 0.009745 0.005702
0 0.248992 0.377762 0.009745 0.005702
0 0.248992 0.372535 0.009745 0.005702
0 0.248992 0.367071 0.009745 0.005702
0 0.336358 0.385840 0.009745 0.005702
0 0.336358 0.377762 0.009745 0.005702
0 0.336358 0.372535 0.009745 0.005702
0 0.336358 0.367071 0.009745 0.005702
0 0.424059 0.385840 0.009745 0.005702
0 0.424059 0.377762 0.009745 0.005702
0 0.424059 0.372535 0.009745 0.005702
0 0.424059 0.367071 0.009745 0.005702
0 0.554099 0.388691 0.009745 0.005702
0 0.545027 0.377762 0.009745 0.005702
0 0.554099 0.375148 0.009745 0.005702
0 0.554099 0.369684 0.009745 0.005702
0 0.674395 0.388691 0.009745 0.005702
0 0.665323 0.377762 0.009745 0.005702
0 0.674395 0.375148 0.009745 0.005702
0 0.674395 0.369684 0.009745 0.005702
0 0.737231 0.388691 0.009745 0.005702
0 0.728159 0.377762 0.009745 0.005702
0 0.737231 0.375148 0.009745 0.005702
0 0.737231 0.369684 0.009745 0.005702
0 0.834341 0.388691 0.009745 0.005702
0 0.834341 0.377762 0.009745 0.005702
0 0.825269 0.372535 0.009745 0.005702
0 0.834341 0.369684 0.009745 0.005702
0 0.145161 0.606320 0.009745 0.005702
0 0.145161 0.598242 0.009745 0.005702
0 0.145161 0.593015 0.009745 0.005702
0 0.145161 0.587550 0.009745 0.005702
0 0.190860 0.606320 0.009745 0.005702
0 0.190860 0.598242 0.009745 0.005702
0 0.190860 0.593015 0.009745 0.005702
0 0.190860 0.587550 0.009745 0.005702
0 0.236223 0.606320 0.009745 0.005702
0 0.236223 0.598242 0.009745 0.005702
0 0.236223 0.593015 0.009745 0.005702
0 0.236223 0.587550 0.009745 0.005702
0 0.306116 0.606320 0.009745 0.005702
0 0.306116 0.601093 0.009745 0.005702
0 0.297043 0.590164 0.009745 0.005702
0 0.306116 0.587550 0.009745 0.005702
0 0.422715 0.606320 0.009745 0.005702
0 0.422715 0.598242 0.009745 0.005702
0 0.422715 0.593015 0.009745 0.005702
0 0.422715 0.587550 0.009745 0.005702
0 0.462030 0.606320 0.009745 0.005702
0 0.462030 0.598242 0.009745 0.005702
0 0.462030 0.593015 0.009745 0.005702
0 0.462030 0.587550 0.009745 0.005702
0 0.501680 0.606320 0.009745 0.005702
0 0.501680 0.598242 0.009745 0.005702
0 0.501680 0.593015 0.009745 0.005702
0 0.501680 0.587550 0.009745 0.005702
0 0.554435 0.606320 0.009745 0.005702
0 0.554435 0.598242 0.009745 0.005702
0 0.554435 0.593015 0.009745 0.005702
0 0.554435 0.587550 0.009745 0.005702
0 0.634745 0.606320 0.009745 0.005702
0 0.634745 0.598242 0.009745 0.005702
0 0.634745 0.593015 0.009745 0.005702
0 0.634745 0.587550 0.009745 0.005702
0 0.707661 0.606320 0.009745 0.005702
0 0.707661 0.598242 0.009745 0.005702
0 0.707661 0.593015 0.009745 0.005702
0 0.707661 0.587550 0.009745 0.005702
0 0.775202 0.606320 0.009745 0.005702
0 0.775202 0.598242 0.009745 0.005702
0 0.775202 0.593015 0.009745 0.005702
0 0.775202 0.587550 0.009745 0.005702
0 0.841734 0.606320 0.009745 0.005702
0 0.841734 0.598242 0.009745 0.005702
0 0.841734 0.593015 0.009745 0.005702
0 0.841734 0.587550 0.009745 0.005702
0 0.166331 0.824661 0.009745 0.005702
0 0.157258 0.819197 0.009745 0.005702
0 0.166331 0.816584 0.009745 0.005702
0 0.166331 0.811119 0.009745 0.005702
0 0.304435 0.824661 0.009745 0.005702
0 0.295363 0.819197 0.009745 0.005702
0 0.304435 0.816584 0.009745 0.005702
0 0.304435 0.811119 0.009745 0.005702
0 0.357527 0.824661 0.009745 0.005702
0 0.348454 0.819197 0.009745 0.005702
0 0.357527 0.816584 0.009745 0.005702
0 0.357527 0.811119 0.009745 0.005702
0 0.500336 0.824661 0.009745 0.005702
0 0.491263 0.819197 0.009745 0.005702
0 0.500336 0.816584 0.009745 0.005702
0 0.500336 0.811119 0.009745 0.005702
0 0.595766 0.824661 0.009745 0.005702
0 0.586694 0.819197 0.009745 0.005702
0 0.595766 0.816584 0.009745 0.005702
0 0.595766 0.811119 0.009745 0.005702
0 0.691196 0.827275 0.009745 0.005702
0 0.691196 0.819197 0.009745 0.005702
0 0.691196 0.813732 0.009745 0.005702
0 0.691196 0.808268 0.009745 0.005702
0 0.801075 0.827275 0.009745 0.005702
0 0.801075 0.816584 0.009745 0.005702
0 0.792003 0.811119 0.009745 0.005702
0 0.801075 0.808268 0.009745 0.005702
0 0.231183 0.104300 0.009745 0.005702
0 0.270161 0.096222 0.009745 0.005702
0 0.332997 0.096222 0.009745 0.005702
0 0.371976 0.096222 0.009745 0.005702
0 0.434812 0.096222 0.009745 0.005702
0 0.473790 0.096222 0.009745 0.005702
0 0.512769 0.104300 0.009745 0.005702
0 0.552083 0.096222 0.009745 0.005702
0 0.639113 0.098836 0.009745 0.005702
0 0.673387 0.098836 0.009745 0.005702
0 0.701277 0.096222 0.009745 0.005702
0 0.718750 0.098836 0.009745 0.005702
0 0.736223 0.101687 0.009745 0.005702
0 0.753696 0.098836 0.009745 0.005702
0 0.771505 0.104300 0.009745 0.005702
0 0.822245 0.104300 0.009745 0.005702
0 0.215390 0.320029 0.009745 0.005702
0 0.248992 0.314564 0.009745 0.005702
0 0.302755 0.314564 0.009745 0.005702
0 0.336358 0.314564 0.009745 0.005702
0 0.390457 0.317177 0.009745 0.005702
0 0.424059 0.320029 0.009745 0.005702
0 0.457661 0.317177 0.009745 0.005702
0 0.491263 0.314564 0.009745 0.005702
0 0.554099 0.314564 0.009745 0.005702
0 0.575941 0.311951 0.009745 0.005702
0 0.597446 0.314564 0.009745 0.005702
0 0.618952 0.317177 0.009745 0.005702
0 0.674395 0.317177 0.009745 0.005702
0 0.792339 0.317177 0.009745 0.005702
0 0.834341 0.314564 0.009745 0.005702
0 0.889785 0.320029 0.009745 0.005702
0 0.145161 0.535519 0.009745 0.005702
0 0.259409 0.540984 0.009745 0.005702
0 0.282930 0.535519 0.009745 0.005702
0 0.306116 0.538370 0.009745 0.005702
0 0.335013 0.540984 0.009745 0.005702
0 0.317204 0.535519 0.006720 0.003801
0 0.325269 0.538133 0.006720 0.003801
0 0.358199 0.543597 0.009745 0.005702
0 0.422715 0.540984 0.009745 0.005702
0 0.501680 0.540984 0.009745 0.005702
0 0.675403 0.540984 0.009745 0.005702
0 0.707661 0.535519 0.009745 0.005702
0 0.748320 0.535519 0.009745 0.005702
0 0.775202 0.535519 0.009745 0.005702
0 0.815860 0.535519 0.009745 0.005702
0 0.841734 0.535519 0.009745 0.005702
0 0.882056 0.535519 0.009745 0.005702
0 0.166331 0.758850 0.009745 0.005702
0 0.202285 0.758850 0.009745 0.005702
0 0.231519 0.755999 0.009745 0.005702
0 0.249664 0.758850 0.009745 0.005702
0 0.267809 0.761464 0.009745 0.005702
0 0.286290 0.755999 0.009745 0.005702
0 0.304435 0.758850 0.009745 0.005702
0 0.357527 0.758850 0.009745 0.005702
0 0.559140 0.758850 0.009745 0.005702
0 0.595766 0.753386 0.009745 0.005702
0 0.654570 0.758850 0.009745 0.005702
0 0.691196 0.755999 0.009745 0.005702
0 0.727823 0.758850 0.009745 0.005702
0 0.764449 0.761464 0.009745 0.005702
0 0.801075 0.758850 0.009745 0.005702
0 0.838038 0.761464 0.009745 0.005702
0 0.820228 0.755999 0.006720 0.003801
0 0.828293 0.758612 0.006720 0.003801
0 0.874664 0.764077 0.009745 0.005702
