0 0.140457 0.710858 0.007728 0.004514
0 0.140457 0.706344 0.007728 0.004514
0 0.418011 0.882632 0.007728 0.004514
0 0.524866 0.891423 0.007728 0.004514
0 0.717070 0.884771 0.007728 0.004514
0 0.808804 0.882632 0.007728 0.004514
0 0.133401 0.191970 0.009073 0.004514
0 0.326277 0.189831 0.007728 0.004514
0 0.437164 0.187693 0.007728 0.004514
0 0.560148 0.185555 0.007728 0.004514
0 0.647177 0.185555 0.007728 0.004514
0 0.751008 0.198622 0.007728 0.004514
0 0.841062 0.196484 0.007728 0.004514
0 0.132728 0.364932 0.007728 0.004514
0 0.226142 0.362556 0.007728 0.004514
0 0.334677 0.375861 0.007728 0.004514
0 0.334677 0.360418 0.007728 0.004514
0 0.442876 0.378000 0.007728 0.004514
0 0.442876 0.362556 0.007728 0.004514
0 0.569892 0.375861 0.007728 0.004514
0 0.569892 0.360418 0.007728 0.004514
0 0.655578 0.373485 0.007728 0.004514
0 0.655578 0.358280 0.007728 0.004514
0 0.755712 0.373485 0.007728 0.004514
0 0.755712 0.358280 0.007728 0.004514
0 0.842070 0.382276 0.007728 0.004514
0 0.842070 0.367071 0.007728 0.004514
0 0.140457 0.543835 0.007728 0.004514
0 0.140457 0.528392 0.007728 0.004514
0 0.350470 0.519601 0.007728 0.004514
0 0.350470 0.510810 0.007728 0.004514
0 0.350470 0.506534 0.007728 0.004514
0 0.587702 0.513186 0.007728 0.004514
0 0.587702 0.508672 0.007728 0.004514
0 0.755040 0.535044 0.007728 0.004514
0 0.755040 0.526253 0.007728 0.004514
0 0.755040 0.521977 0.007728 0.004514
0 0.140457 0.702067 0.007728 0.004514
0 0.338374 0.719648 0.007728 0.004514
0 0.442204 0.726063 0.007728 0.004514
0 0.566196 0.717273 0.007728 0.004514
0 0.648858 0.726063 0.007728 0.004514
0 0.750672 0.719648 0.007728 0.004514
0 0.840726 0.726063 0.007728 0.004514
0 0.149866 0.904490 0.007728 0.004514
0 0.149866 0.889047 0.007728 0.004514
0 0.258401 0.908767 0.007728 0.004514
0 0.258401 0.893561 0.007728 0.004514
0 0.418011 0.878118 0.007728 0.004514
0 0.453629 0.875980 0.007728 0.004514
0 0.489247 0.873842 0.007728 0.004514
0 0.524866 0.875980 0.007728 0.004514
0 0.778226 0.875980 0.007728 0.004514
0 0.808804 0.878118 0.007728 0.004514
0 0.796035 0.158470 0.007728 0.004514
0 0.886089 0.156332 0.007728 0.004514
0 0.179435 0.323592 0.007728 0.004514
0 0.272849 0.321454 0.007728 0.004514
0 0.425403 0.847707 0.007728 0.004514
0 0.524866 0.850083 0.007728 0.004514
0 0.717070 0.852221 0.007728 0.004514
0 0.747648 0.852221 0.007728 0.004514
0 0.808804 0.852221 0.007728 0.004514
0 0.155914 0.181041 0.007728 0.004514
0 0.178091 0.176764 0.007728 0.004514
0 0.200605 0.151818 0.007728 0.004514
0 0.222782 0.145403 0.007728 0.004514
0 0.245296 0.151818 0.007728 0.004514
0 0.267473 0.176764 0.007728 0.004514
0 0.289987 0.181041 0.007728 0.004514
0 0.354167 0.149679 0.007728 0.004514
0 0.381720 0.145403 0.007728 0.004514
0 0.409610 0.143264 0.007728 0.004514
0 0.465054 0.151818 0.007728 0.004514
0 0.492608 0.147541 0.007728 0.004514
0 0.520161 0.140889 0.007728 0.004514
0 0.581989 0.151818 0.007728 0.004514
0 0.603831 0.145403 0.007728 0.004514
0 0.625672 0.140889 0.007728 0.004514
0 0.647177 0.154193 0.007728 0.004514
0 0.669019 0.145403 0.007728 0.004514
0 0.690860 0.154193 0.007728 0.004514
0 0.712702 0.156332 0.007728 0.004514
0 0.773522 0.154193 0.007728 0.004514
0 0.796035 0.151818 0.007728 0.004514
0 0.818548 0.154193 0.007728 0.004514
0 0.863575 0.154193 0.007728 0.004514
0 0.886089 0.147541 0.007728 0.004514
0 0.908602 0.149679 0.007728 0.004514
0 0.156250 0.330007 0.007728 0.004514
0 0.179435 0.316940 0.007728 0.004514
0 0.202621 0.319078 0.007728 0.004514
0 0.249328 0.323592 0.007728 0.004514
0 0.272849 0.310525 0.007728 0.004514
0 0.296035 0.314802 0.007728 0.004514
0 0.361895 0.323592 0.007728 0.004514
0 0.369288 0.321454 0.007728 0.004514
0 0.388777 0.323592 0.007728 0.004514
0 0.396169 0.321454 0.007728 0.004514
0 0.415995 0.323592 0.007728 0.004514
0 0.423051 0.321454 0.007728 0.004514
0 0.470094 0.321454 0.007728 0.004514
0 0.470094 0.308149 0.007728 0.004514
0 0.496976 0.321454 0.007728 0.004514
0 0.496976 0.308149 0.007728 0.004514
0 0.524194 0.321454 0.007728 0.004514
0 0.524194 0.308149 0.007728 0.004514
0 0.584005 0.308149 0.007728 0.004514
0 0.591398 0.306011 0.007728 0.004514
0 0.605511 0.308149 0.007728 0.004514
0 0.612903 0.306011 0.007728 0.004514
0 0.634409 0.292944 0.007728 0.004514
0 0.655578 0.292944 0.007728 0.004514
0 0.677083 0.306011 0.007728 0.004514
0 0.698589 0.306011 0.007728 0.004514
0 0.719758 0.308149 0.007728 0.004514
0 0.777218 0.323592 0.007728 0.004514
0 0.784610 0.321454 0.007728 0.004514
0 0.798723 0.323592 0.007728 0.004514
0 0.806116 0.321454 0.007728 0.004514
0 0.820565 0.323592 0.007728 0.004514
0 0.827621 0.321454 0.007728 0.004514
0 0.863575 0.321454 0.007728 0.004514
0 0.863575 0.308149 0.007728 0.004514
0 0.885081 0.321454 0.007728 0.004514
0 0.885081 0.308149 0.007728 0.004514
0 0.906586 0.321454 0.007728 0.004514
0 0.906586 0.308149 0.007728 0.004514
0 0.140457 0.483250 0.007728 0.004514
0 0.140457 0.472321 0.007728 0.004514
0 0.184812 0.476835 0.007728 0.004514
0 0.212366 0.461392 0.007728 0.004514
0 0.239919 0.474459 0.007728 0.004514
0 0.267473 0.459254 0.007728 0.004514
0 0.295027 0.476835 0.007728 0.004514
0 0.322917 0.461392 0.007728 0.004514
0 0.350470 0.478974 0.007728 0.004514
0 0.378024 0.463531 0.007728 0.004514
0 0.405578 0.478974 0.007728 0.004514
0 0.433468 0.463531 0.007728 0.004514
0 0.461022 0.481112 0.007728 0.004514
0 0.488575 0.465906 0.007728 0.004514
0 0.516129 0.481112 0.007728 0.004514
0 0.543683 0.465906 0.007728 0.004514
0 0.587702 0.483250 0.007728 0.004514
0 0.587702 0.468045 0.007728 0.004514
0 0.622984 0.492041 0.007728 0.004514
0 0.644825 0.476835 0.007728 0.004514
0 0.667003 0.489903 0.007728 0.004514
0 0.688844 0.474459 0.007728 0.004514
0 0.711022 0.492041 0.007728 0.004514
0 0.732863 0.476835 0.007728 0.004514
0 0.755040 0.515324 0.007728 0.004514
0 0.776882 0.478974 0.007728 0.004514
0 0.799059 0.515324 0.007728 0.004514
0 0.820901 0.478974 0.007728 0.004514
0 0.843078 0.517463 0.007728 0.004514
0 0.864919 0.481112 0.007728 0.004514
0 0.887097 0.517463 0.007728 0.004514
0 0.908938 0.481112 0.007728 0.004514
0 0.140457 0.671656 0.007728 0.004514
0 0.364247 0.695415 0.007728 0.004514
0 0.390121 0.704205 0.007728 0.004514
0 0.390121 0.699929 0.007728 0.004514
0 0.390121 0.693276 0.007728 0.004514
0 0.416331 0.695415 0.007728 0.004514
0 0.442204 0.673794 0.007728 0.004514
0 0.442204 0.669518 0.007728 0.004514
0 0.442204 0.665241 0.007728 0.004514
0 0.587030 0.695415 0.007728 0.004514
0 0.607527 0.706344 0.007728 0.004514
0 0.607527 0.697553 0.007728 0.004514
0 0.607527 0.693276 0.007728 0.004514
0 0.628024 0.695415 0.007728 0.004514
0 0.648858 0.676170 0.007728 0.004514
0 0.656250 0.667379 0.007728 0.004514
0 0.648858 0.665241 0.007728 0.004514
0 0.773185 0.695415 0.007728 0.004514
0 0.795699 0.704205 0.007728 0.004514
0 0.795699 0.699929 0.007728 0.004514
0 0.795699 0.693276 0.007728 0.004514
0 0.818212 0.695415 0.007728 0.004514
0 0.840726 0.673794 0.007728 0.004514
0 0.840726 0.669518 0.007728 0.004514
0 0.840726 0.665241 0.007728 0.004514
0 0.177083 0.841292 0.007728 0.004514
0 0.204301 0.847707 0.007728 0.004514
0 0.204301 0.843431 0.007728 0.004514
0 0.204301 0.839154 0.007728 0.004514
0 0.231183 0.841292 0.007728 0.004514
0 0.258401 0.836778 0.007728 0.004514
0 0.251008 0.827988 0.007728 0.004514
0 0.258401 0.825849 0.007728 0.004514
0 0.418011 0.845569 0.007728 0.004514
0 0.453629 0.843431 0.007728 0.004514
0 0.489247 0.841292 0.007728 0.004514
0 0.524866 0.839154 0.007728 0.004514
0 0.717070 0.852221 0.007728 0.004514
0 0.747648 0.841292 0.007728 0.004514
0 0.778226 0.843431 0.007728 0.004514
0 0.808804 0.845569 0.007728 0.004514
0 0.133401 0.089570 0.007728 0.004514
0 0.155914 0.091708 0.007728 0.004514
0 0.178091 0.094084 0.007728 0.004514
0 0.222782 0.094084 0.007728 0.004514
0 0.267473 0.091708 0.007728 0.004514
0 0.289987 0.094084 0.007728 0.004514
0 0.326277 0.096222 0.007728 0.004514
0 0.354167 0.098361 0.007728 0.004514
0 0.381720 0.096222 0.007728 0.004514
0 0.465054 0.094084 0.007728 0.004514
0 0.492608 0.091708 0.007728 0.004514
0 0.520161 0.089570 0.007728 0.004514
0 0.560148 0.098361 0.007728 0.004514
0 0.647177 0.098361 0.007728 0.004514
0 0.690860 0.091708 0.007728 0.004514
0 0.751008 0.091708 0.007728 0.004514
0 0.796035 0.085293 0.007728 0.004514
0 0.841062 0.087432 0.007728 0.004514
0 0.886089 0.080779 0.007728 0.004514
0 0.132728 0.253742 0.007728 0.004514
0 0.179435 0.255880 0.007728 0.004514
0 0.226142 0.260394 0.007728 0.004514
0 0.272849 0.264671 0.007728 0.004514
0 0.334677 0.268947 0.007728 0.004514
0 0.415995 0.268947 0.007728 0.004514
0 0.442876 0.268947 0.007728 0.004514
0 0.470094 0.268947 0.007728 0.004514
0 0.496976 0.266809 0.007728 0.004514
0 0.524194 0.264671 0.007728 0.004514
0 0.569892 0.268947 0.007728 0.004514
0 0.698589 0.268947 0.007728 0.004514
0 0.755712 0.268947 0.007728 0.004514
0 0.798723 0.268947 0.007728 0.004514
0 0.842070 0.266809 0.007728 0.004514
0 0.906586 0.268947 0.007728 0.004514
0 0.140457 0.424329 0.007728 0.004514
0 0.461022 0.426467 0.007728 0.004514
0 0.587702 0.428605 0.007728 0.004514
0 0.667003 0.428605 0.007728 0.004514
0 0.755040 0.430981 0.007728 0.004514
0 0.140457 0.601093 0.007728 0.004514
0 0.255712 0.609884 0.007728 0.004514
0 0.284946 0.607508 0.007728 0.004514
0 0.338374 0.605369 0.007728 0.004514
0 0.442204 0.605369 0.007728 0.004514
0 0.468078 0.594440 0.007728 0.004514
0 0.500336 0.596579 0.007728 0.004514
0 0.528898 0.598955 0.007728 0.004514
0 0.566196 0.596579 0.007728 0.004514
0 0.628024 0.598955 0.007728 0.004514
0 0.648858 0.601093 0.007728 0.004514
0 0.690188 0.609884 0.007728 0.004514
0 0.710685 0.607508 0.007728 0.004514
0 0.750672 0.605369 0.007728 0.004514
0 0.818212 0.605369 0.007728 0.004514
0 0.840726 0.605369 0.007728 0.004514
0 0.863239 0.594440 0.007728 0.004514
0 0.886089 0.596579 0.007728 0.004514
0 0.908602 0.598955 0.007728 0.004514
0 0.149866 0.779045 0.007728 0.004514
0 0.231183 0.781183 0.007728 0.004514
0 0.258401 0.783321 0.007728 0.004514
0 0.312836 0.787836 0.007728 0.004514
0 0.382728 0.776907 0.007728 0.004514
0 0.489247 0.776907 0.007728 0.004514
0 0.524866 0.774531 0.007728 0.004514
0 0.560484 0.776907 0.007728 0.004514
0 0.596102 0.779045 0.007728 0.004514
0 0.631720 0.781183 0.007728 0.004514
0 0.686492 0.781183 0.007728 0.004514
0 0.747648 0.783321 0.007728 0.004514
0 0.839382 0.783321 0.007728 0.004514
0 0.869960 0.785697 0.007728 0.004514
0 0.900538 0.787836 0.007728 0.004514
