0 0.116896 0.212690 0.009070 0.005228
0 0.219348 0.217681 0.009070 0.005228
0 0.245213 0.212690 0.009070 0.005228
0 0.271414 0.207700 0.009070 0.005228
0 0.296943 0.200095 0.009070 0.005228
0 0.349681 0.207700 0.009070 0.005228
0 0.421901 0.207700 0.009070 0.005228
0 0.142425 0.207700 0.009070 0.005228
0 0.168290 0.207700 0.009070 0.005228
0 0.193819 0.207700 0.009070 0.005228
0 0.349681 0.195105 0.009070 0.005228
0 0.385623 0.192728 0.009070 0.005228
0 0.421901 0.190114 0.009070 0.005228
0 0.507222 0.212690 0.009070 0.005228
0 0.507222 0.207700 0.009070 0.005228
0 0.547867 0.212690 0.009070 0.005228
0 0.547867 0.207700 0.009070 0.005228
0 0.584145 0.210314 0.009070 0.005228
0 0.592543 0.207700 0.009070 0.005228
0 0.607659 0.212690 0.009070 0.005228
0 0.607659 0.207700 0.009070 0.005228
0 0.637219 0.215304 0.009070 0.005228
0 0.637219 0.207700 0.009070 0.005228
0 0.738663 0.217681 0.009070 0.005228
0 0.738663 0.207700 0.009070 0.005228
0 0.778972 0.217681 0.009070 0.005228
0 0.778972 0.207700 0.009070 0.005228
0 0.814578 0.215304 0.009070 0.005228
0 0.814578 0.207700 0.009070 0.005228
0 0.838092 0.217681 0.009070 0.005228
0 0.838092 0.207700 0.009070 0.005228
0 0.867316 0.220295 0.009070 0.005228
0 0.867316 0.207700 0.009070 0.005228
0 0.456500 0.427519 0.009070 0.005228
0 0.456500 0.412548 0.009070 0.005228
0 0.499496 0.420152 0.009070 0.005228
0 0.499496 0.414924 0.009070 0.005228
0 0.561975 0.437500 0.009070 0.005228
0 0.710111 0.435124 0.009070 0.005228
0 0.832718 0.437500 0.009070 0.005228
0 0.116896 0.669439 0.009070 0.005228
0 0.171313 0.659458 0.009070 0.005228
0 0.225731 0.661835 0.009070 0.005228
0 0.280148 0.664449 0.009070 0.005228
0 0.346994 0.667063 0.009070 0.005228
0 0.491098 0.672053 0.009070 0.005228
0 0.690628 0.664449 0.009070 0.005228
0 0.769567 0.674430 0.009070 0.005228
0 0.792744 0.664449 0.009070 0.005228
0 0.815922 0.651854 0.009070 0.005228
0 0.815922 0.646863 0.009070 0.005228
0 0.839100 0.664449 0.009070 0.005228
0 0.862613 0.654468 0.009070 0.005228
0 0.862613 0.649477 0.009070 0.005228
0 0.885791 0.664449 0.009070 0.005228
0 0.908969 0.656844 0.009070 0.005228
0 0.908969 0.651854 0.009070 0.005228
0 0.932146 0.664449 0.009070 0.005228
0 0.116896 0.891635 0.009070 0.005228
0 0.116896 0.886644 0.009070 0.005228
0 0.141753 0.896625 0.009070 0.005228
0 0.166947 0.896625 0.009070 0.005228
0 0.166947 0.881654 0.009070 0.005228
0 0.191804 0.896625 0.009070 0.005228
0 0.191804 0.884030 0.009070 0.005228
0 0.216997 0.896625 0.009070 0.005228
0 0.216997 0.886644 0.009070 0.005228
0 0.241854 0.896625 0.009070 0.005228
0 0.241854 0.889259 0.009070 0.005228
0 0.267047 0.896625 0.009070 0.005228
0 0.267047 0.891635 0.009070 0.005228
0 0.292241 0.896625 0.009070 0.005228
0 0.292241 0.879040 0.009070 0.005228
0 0.329526 0.906606 0.009070 0.005228
0 0.353712 0.896625 0.009070 0.005228
0 0.378233 0.884030 0.009070 0.005228
0 0.378233 0.879040 0.009070 0.005228
0 0.402419 0.896625 0.009070 0.005228
0 0.426940 0.886644 0.009070 0.005228
0 0.426940 0.881654 0.009070 0.005228
0 0.451125 0.896625 0.009070 0.005228
0 0.475647 0.889259 0.009070 0.005228
0 0.475647 0.884030 0.009070 0.005228
0 0.499832 0.896625 0.009070 0.005228
0 0.534095 0.891635 0.009070 0.005228
0 0.534095 0.886644 0.009070 0.005228
0 0.559624 0.896625 0.009070 0.005228
0 0.585489 0.896625 0.009070 0.005228
0 0.602956 0.896625 0.009070 0.005228
0 0.611354 0.894249 0.009070 0.005228
0 0.637219 0.896625 0.009070 0.005228
0 0.637219 0.891635 0.009070 0.005228
0 0.662748 0.896625 0.009070 0.005228
0 0.662748 0.889259 0.009070 0.005228
0 0.688613 0.896625 0.009070 0.005228
0 0.688613 0.886644 0.009070 0.005228
0 0.714478 0.896625 0.009070 0.005228
0 0.714478 0.884030 0.009070 0.005228
0 0.758482 0.896625 0.009070 0.005228
0 0.758482 0.881654 0.009070 0.005228
0 0.798119 0.896625 0.009070 0.005228
0 0.838092 0.906606 0.009070 0.005228
0 0.349681 0.163736 0.009070 0.005228
0 0.385623 0.161359 0.009070 0.005228
0 0.421901 0.158745 0.009070 0.005228
0 0.142425 0.171340 0.009070 0.005228
0 0.142425 0.158745 0.009070 0.005228
0 0.168290 0.168726 0.009070 0.005228
0 0.168290 0.156369 0.009070 0.005228
0 0.193819 0.166350 0.009070 0.005228
0 0.193819 0.153755 0.009070 0.005228
0 0.219348 0.163736 0.009070 0.005228
0 0.219348 0.151378 0.009070 0.005228
0 0.245213 0.156369 0.009070 0.005228
0 0.245213 0.146150 0.009070 0.005228
0 0.271414 0.151378 0.009070 0.005228
0 0.271414 0.138783 0.009070 0.005228
0 0.296943 0.163736 0.009070 0.005228
0 0.296943 0.151378 0.009070 0.005228
0 0.349681 0.156369 0.009070 0.005228
0 0.349681 0.151378 0.009070 0.005228
0 0.421901 0.153755 0.009070 0.005228
0 0.458179 0.163736 0.009070 0.005228
0 0.507222 0.163736 0.009070 0.005228
0 0.507222 0.156369 0.009070 0.005228
0 0.547867 0.163736 0.009070 0.005228
0 0.547867 0.156369 0.009070 0.005228
0 0.584145 0.163736 0.009070 0.005228
0 0.584145 0.153755 0.009070 0.005228
0 0.607659 0.163736 0.009070 0.005228
0 0.607659 0.156369 0.009070 0.005228
0 0.637219 0.163736 0.009070 0.005228
0 0.637219 0.158745 0.009070 0.005228
0 0.667115 0.163736 0.009070 0.005228
0 0.696675 0.163736 0.009070 0.005228
0 0.738663 0.163736 0.009070 0.005228
0 0.738663 0.151378 0.009070 0.005228
0 0.778972 0.163736 0.009070 0.005228
0 0.778972 0.151378 0.009070 0.005228
0 0.814578 0.163736 0.009070 0.005228
0 0.814578 0.148764 0.009070 0.005228
0 0.838092 0.163736 0.009070 0.005228
0 0.838092 0.151378 0.009070 0.005228
0 0.867316 0.163736 0.009070 0.005228
0 0.867316 0.153755 0.009070 0.005228
0 0.896876 0.163736 0.009070 0.005228
0 0.926100 0.163736 0.009070 0.005228
0 0.119248 0.396388 0.009070 0.005228
0 0.159557 0.391397 0.009070 0.005228
0 0.199866 0.396388 0.009070 0.005228
0 0.199866 0.383793 0.009070 0.005228
0 0.240175 0.391397 0.009070 0.005228
0 0.240175 0.381416 0.009070 0.005228
0 0.280484 0.383793 0.009070 0.005228
0 0.280484 0.378802 0.009070 0.005228
0 0.320793 0.381416 0.009070 0.005228
0 0.320793 0.376188 0.009070 0.005228
0 0.361102 0.378802 0.009070 0.005228
0 0.361102 0.373812 0.009070 0.005228
0 0.401411 0.383793 0.009070 0.005228
0 0.401411 0.378802 0.009070 0.005228
0 0.401411 0.373812 0.009070 0.005228
0 0.456500 0.383793 0.009070 0.005228
0 0.456500 0.378802 0.009070 0.005228
0 0.456500 0.373812 0.009070 0.005228
0 0.499496 0.383793 0.009070 0.005228
0 0.499496 0.376188 0.009070 0.005228
0 0.499496 0.371198 0.009070 0.005228
0 0.593215 0.398764 0.009070 0.005228
0 0.624790 0.388783 0.009070 0.005228
0 0.624790 0.381416 0.009070 0.005228
0 0.656030 0.398764 0.009070 0.005228
0 0.740679 0.398764 0.009070 0.005228
0 0.771582 0.388783 0.009070 0.005228
0 0.779980 0.386407 0.009070 0.005228
0 0.802150 0.391397 0.009070 0.005228
0 0.863285 0.403992 0.009070 0.005228
0 0.894189 0.398764 0.009070 0.005228
0 0.924756 0.388783 0.009070 0.005228
0 0.144105 0.634268 0.009070 0.005228
0 0.144105 0.624287 0.009070 0.005228
0 0.198522 0.634268 0.009070 0.005228
0 0.198522 0.629278 0.009070 0.005228
0 0.198522 0.616683 0.009070 0.005228
0 0.252939 0.634268 0.009070 0.005228
0 0.252939 0.626901 0.009070 0.005228
0 0.252939 0.616683 0.009070 0.005228
0 0.307692 0.634268 0.009070 0.005228
0 0.307692 0.619297 0.009070 0.005228
0 0.316090 0.616683 0.009070 0.005228
0 0.346994 0.634268 0.009070 0.005228
0 0.346994 0.621673 0.009070 0.005228
0 0.346994 0.616683 0.009070 0.005228
0 0.491098 0.626901 0.009070 0.005228
0 0.491098 0.621673 0.009070 0.005228
0 0.491098 0.614306 0.009070 0.005228
0 0.690628 0.636882 0.009070 0.005228
0 0.699026 0.626901 0.009070 0.005228
0 0.690628 0.624287 0.009070 0.005228
0 0.769567 0.634268 0.009070 0.005228
0 0.769567 0.629278 0.009070 0.005228
0 0.769567 0.616683 0.009070 0.005228
0 0.815922 0.606702 0.009070 0.005228
0 0.839100 0.599097 0.009070 0.005228
0 0.862613 0.601711 0.009070 0.005228
0 0.899899 0.601473 0.006382 0.003565
0 0.892173 0.599097 0.006382 0.003565
0 0.908969 0.611692 0.009070 0.005228
0 0.932146 0.604325 0.009070 0.005228
0 0.116896 0.821530 0.009070 0.005228
0 0.166947 0.834125 0.009070 0.005228
0 0.166947 0.821530 0.009070 0.005228
0 0.191804 0.831511 0.009070 0.005228
0 0.191804 0.818916 0.009070 0.005228
0 0.216997 0.828897 0.009070 0.005228
0 0.216997 0.816540 0.009070 0.005228
0 0.241854 0.826521 0.009070 0.005228
0 0.241854 0.813926 0.009070 0.005228
0 0.267047 0.823907 0.009070 0.005228
0 0.267047 0.811312 0.009070 0.005228
0 0.292241 0.823907 0.009070 0.005228
0 0.292241 0.811312 0.009070 0.005228
0 0.329526 0.826521 0.009070 0.005228
0 0.329526 0.808935 0.009070 0.005228
0 0.353712 0.813926 0.009070 0.005228
0 0.378233 0.821530 0.009070 0.005228
0 0.402419 0.813926 0.009070 0.005228
0 0.426940 0.816540 0.009070 0.005228
0 0.466577 0.816302 0.006382 0.003565
0 0.458851 0.813688 0.006382 0.003565
0 0.475647 0.826521 0.009070 0.005228
0 0.499832 0.818916 0.009070 0.005228
0 0.534095 0.821530 0.009070 0.005228
0 0.585489 0.834125 0.009070 0.005228
0 0.585489 0.816540 0.009070 0.005228
0 0.611354 0.831511 0.009070 0.005228
0 0.611354 0.813926 0.009070 0.005228
0 0.637219 0.828897 0.009070 0.005228
0 0.637219 0.811312 0.009070 0.005228
0 0.662748 0.826521 0.009070 0.005228
0 0.662748 0.808935 0.009070 0.005228
0 0.688613 0.823907 0.009070 0.005228
0 0.688613 0.806321 0.009070 0.005228
0 0.714478 0.834125 0.009070 0.005228
0 0.714478 0.816540 0.009070 0.005228
0 0.758482 0.823907 0.009070 0.005228
0 0.750084 0.821530 0.009070 0.005228
0 0.758482 0.816540 0.009070 0.005228
0 0.758482 0.811312 0.009070 0.005228
0 0.838092 0.826521 0.009070 0.005228
0 0.838092 0.821530 0.009070 0.005228
0 0.838092 0.813926 0.009070 0.005228
0 0.116896 0.073669 0.009070 0.005228
0 0.168290 0.076283 0.009070 0.005228
0 0.245213 0.076283 0.009070 0.005228
0 0.271414 0.068679 0.009070 0.005228
0 0.255962 0.076046 0.006382 0.003565
0 0.313067 0.081274 0.009070 0.005228
0 0.349681 0.081274 0.009070 0.005228
0 0.421901 0.083650 0.009070 0.005228
0 0.507222 0.086264 0.009070 0.005228
0 0.547867 0.086264 0.009070 0.005228
0 0.584145 0.083650 0.009070 0.005228
0 0.607659 0.086264 0.009070 0.005228
0 0.637219 0.088641 0.009070 0.005228
0 0.738663 0.081274 0.009070 0.005228
0 0.778972 0.081274 0.009070 0.005228
0 0.814578 0.078660 0.009070 0.005228
0 0.838092 0.081274 0.009070 0.005228
0 0.867316 0.083650 0.009070 0.005228
0 0.159557 0.329610 0.009070 0.005228
0 0.199866 0.322006 0.009070 0.005228
0 0.240175 0.319629 0.009070 0.005228
0 0.280484 0.317015 0.009070 0.005228
0 0.320793 0.314639 0.009070 0.005228
0 0.361102 0.312025 0.009070 0.005228
0 0.401411 0.312025 0.009070 0.005228
0 0.456500 0.312025 0.009070 0.005228
0 0.499496 0.309411 0.009070 0.005228
0 0.593215 0.309411 0.009070 0.005228
0 0.624790 0.319629 0.009070 0.005228
0 0.675512 0.322006 0.009070 0.005228
0 0.710111 0.322006 0.009070 0.005228
0 0.771582 0.324620 0.009070 0.005228
0 0.863285 0.309411 0.009070 0.005228
0 0.894189 0.307034 0.009070 0.005228
0 0.924756 0.309411 0.009070 0.005228
0 0.116896 0.539449 0.009070 0.005228
0 0.171313 0.531844 0.009070 0.005228
0 0.346994 0.531844 0.009070 0.005228
0 0.389318 0.554420 0.009070 0.005228
0 0.423245 0.552044 0.009070 0.005228
0 0.457172 0.549430 0.009070 0.005228
0 0.491098 0.547053 0.009070 0.005228
0 0.525025 0.544439 0.009070 0.005228
0 0.558952 0.541825 0.009070 0.005228
0 0.592879 0.554420 0.009070 0.005228
0 0.637555 0.544439 0.009070 0.005228
0 0.723547 0.547053 0.009070 0.005228
0 0.769567 0.549430 0.009070 0.005228
0 0.895868 0.778755 0.009070 0.005228
0 0.931139 0.778755 0.009070 0.005228
