0 0.145784 0.221958 0.009405 0.005466
0 0.145784 0.203660 0.009405 0.005466
0 0.271414 0.219344 0.009405 0.005466
0 0.616392 0.431084 0.009405 0.005466
0 0.714478 0.441540 0.009405 0.005466
0 0.828015 0.459601 0.009405 0.005466
0 0.884783 0.418013 0.009405 0.005466
0 0.920054 0.420627 0.009405 0.005466
0 0.136715 0.653279 0.009405 0.005466
0 0.199530 0.661122 0.009405 0.005466
0 0.238831 0.663736 0.009405 0.005466
0 0.278468 0.666350 0.009405 0.005466
0 0.139402 0.888308 0.009405 0.005466
0 0.186093 0.890922 0.009405 0.005466
0 0.209943 0.893536 0.009405 0.005466
0 0.517299 0.888308 0.009405 0.005466
0 0.568357 0.890922 0.009405 0.005466
0 0.594894 0.893536 0.009405 0.005466
0 0.145784 0.198432 0.009405 0.005466
0 0.271414 0.203660 0.009405 0.005466
0 0.305677 0.208888 0.009405 0.005466
0 0.339940 0.201046 0.009405 0.005466
0 0.374202 0.203660 0.009405 0.005466
0 0.441048 0.229800 0.009405 0.005466
0 0.567350 0.221958 0.009405 0.005466
0 0.598925 0.224572 0.009405 0.005466
0 0.630501 0.227186 0.009405 0.005466
0 0.662076 0.221958 0.009405 0.005466
0 0.708767 0.214116 0.009405 0.005466
0 0.739671 0.216730 0.009405 0.005466
0 0.770574 0.219344 0.009405 0.005466
0 0.801478 0.214116 0.009405 0.005466
0 0.832046 0.206274 0.009405 0.005466
0 0.893853 0.211502 0.009405 0.005466
0 0.139402 0.431084 0.009405 0.005466
0 0.264360 0.431084 0.009405 0.005466
0 0.341955 0.423241 0.009405 0.005466
0 0.380920 0.431084 0.009405 0.005466
0 0.432650 0.436312 0.009405 0.005466
0 0.489083 0.431084 0.009405 0.005466
0 0.559960 0.423241 0.009405 0.005466
0 0.616392 0.423241 0.009405 0.005466
0 0.651999 0.425856 0.009405 0.005466
0 0.714478 0.431084 0.009405 0.005466
0 0.828015 0.431084 0.009405 0.005466
0 0.884783 0.412785 0.009405 0.005466
0 0.136715 0.643061 0.009405 0.005466
0 0.199530 0.643061 0.009405 0.005466
0 0.341283 0.663736 0.009405 0.005466
0 0.433658 0.661122 0.009405 0.005466
0 0.549882 0.679420 0.009405 0.005466
0 0.699026 0.658508 0.009405 0.005466
0 0.821968 0.661122 0.009405 0.005466
0 0.888814 0.663736 0.009405 0.005466
0 0.139402 0.883080 0.009405 0.005466
0 0.209943 0.883080 0.009405 0.005466
0 0.317434 0.880466 0.009405 0.005466
0 0.418878 0.883080 0.009405 0.005466
0 0.462210 0.885694 0.009405 0.005466
0 0.517299 0.877852 0.009405 0.005466
0 0.594894 0.877852 0.009405 0.005466
0 0.713470 0.893536 0.009405 0.005466
0 0.859254 0.911597 0.009405 0.005466
0 0.914679 0.911597 0.009405 0.005466
0 0.904266 0.153755 0.009405 0.005466
0 0.630501 0.143298 0.009405 0.005466
0 0.662076 0.138070 0.009405 0.005466
0 0.708767 0.161597 0.009405 0.005466
0 0.739671 0.164211 0.009405 0.005466
0 0.770574 0.166825 0.009405 0.005466
0 0.801478 0.161597 0.009405 0.005466
0 0.832046 0.153755 0.009405 0.005466
0 0.894525 0.156369 0.009405 0.005466
0 0.924756 0.158983 0.009405 0.005466
0 0.139402 0.391873 0.009405 0.005466
0 0.139402 0.386644 0.009405 0.005466
0 0.192476 0.389259 0.009405 0.005466
0 0.192476 0.384030 0.009405 0.005466
0 0.176352 0.381654 0.006382 0.003802
0 0.239839 0.391873 0.009405 0.005466
0 0.239839 0.386644 0.009405 0.005466
0 0.264360 0.391873 0.009405 0.005466
0 0.264360 0.386644 0.009405 0.005466
0 0.302990 0.394487 0.009405 0.005466
0 0.302990 0.389259 0.009405 0.005466
0 0.489083 0.389259 0.009405 0.005466
0 0.559960 0.391873 0.009405 0.005466
0 0.884783 0.381654 0.009405 0.005466
0 0.136715 0.608365 0.009405 0.005466
0 0.199530 0.610979 0.009405 0.005466
0 0.278468 0.608365 0.009405 0.005466
0 0.341283 0.613593 0.009405 0.005466
0 0.433658 0.621435 0.009405 0.005466
0 0.433658 0.616207 0.009405 0.005466
0 0.482701 0.621435 0.009405 0.005466
0 0.491770 0.618821 0.009405 0.005466
0 0.491770 0.613593 0.009405 0.005466
0 0.549882 0.624049 0.009405 0.005466
0 0.549882 0.618821 0.009405 0.005466
0 0.699026 0.626663 0.009405 0.005466
0 0.821968 0.626663 0.009405 0.005466
0 0.139402 0.845295 0.009405 0.005466
0 0.209943 0.845295 0.009405 0.005466
0 0.317434 0.845295 0.009405 0.005466
0 0.418878 0.845295 0.009405 0.005466
0 0.517299 0.845295 0.009405 0.005466
0 0.594894 0.845295 0.009405 0.005466
0 0.679207 0.816540 0.009405 0.005466
0 0.713470 0.819154 0.009405 0.005466
0 0.784683 0.819154 0.009405 0.005466
0 0.859254 0.821768 0.009405 0.005466
0 0.914679 0.821768 0.009405 0.005466
0 0.145784 0.161597 0.009405 0.005466
0 0.200873 0.164211 0.009405 0.005466
0 0.271414 0.166825 0.009405 0.005466
0 0.441048 0.145913 0.009405 0.005466
0 0.472623 0.140684 0.009405 0.005466
0 0.504199 0.132842 0.009405 0.005466
0 0.535774 0.135456 0.009405 0.005466
0 0.567350 0.138070 0.009405 0.005466
0 0.598925 0.132842 0.009405 0.005466
0 0.630501 0.125238 0.009405 0.005466
0 0.662076 0.127852 0.009405 0.005466
0 0.708767 0.161597 0.009405 0.005466
0 0.739671 0.156369 0.009405 0.005466
0 0.770574 0.148527 0.009405 0.005466
0 0.801478 0.151141 0.009405 0.005466
0 0.832046 0.153755 0.009405 0.005466
0 0.862949 0.140684 0.009405 0.005466
0 0.893853 0.143298 0.009405 0.005466
0 0.924756 0.145913 0.009405 0.005466
0 0.139402 0.379040 0.009405 0.005466
0 0.264360 0.379040 0.009405 0.005466
0 0.341955 0.391873 0.009405 0.005466
0 0.380920 0.394487 0.009405 0.005466
0 0.432650 0.397101 0.009405 0.005466
0 0.489083 0.381654 0.009405 0.005466
0 0.524689 0.384030 0.009405 0.005466
0 0.559960 0.386644 0.009405 0.005466
0 0.616392 0.394487 0.009405 0.005466
0 0.616392 0.389259 0.009405 0.005466
0 0.714478 0.397101 0.009405 0.005466
0 0.714478 0.391873 0.009405 0.005466
0 0.771246 0.394487 0.009405 0.005466
0 0.771246 0.389259 0.009405 0.005466
0 0.828015 0.391873 0.009405 0.005466
0 0.828015 0.386644 0.009405 0.005466
0 0.884783 0.368584 0.009405 0.005466
0 0.920054 0.371198 0.009405 0.005466
0 0.136715 0.603137 0.009405 0.005466
0 0.199530 0.605751 0.009405 0.005466
0 0.278468 0.608365 0.009405 0.005466
0 0.349345 0.616207 0.009405 0.005466
0 0.349345 0.603137 0.009405 0.005466
0 0.382936 0.618821 0.009405 0.005466
0 0.382936 0.605751 0.009405 0.005466
0 0.433658 0.608365 0.009405 0.005466
0 0.549882 0.610979 0.009405 0.005466
0 0.699026 0.621435 0.009405 0.005466
0 0.699026 0.608365 0.009405 0.005466
0 0.821968 0.621435 0.009405 0.005466
0 0.821968 0.610979 0.009405 0.005466
0 0.888814 0.618821 0.009405 0.005466
0 0.888814 0.613593 0.009405 0.005466
0 0.139402 0.834838 0.009405 0.005466
0 0.186093 0.837452 0.009405 0.005466
0 0.209943 0.840067 0.009405 0.005466
0 0.317434 0.840067 0.009405 0.005466
0 0.317434 0.826996 0.009405 0.005466
0 0.418878 0.840067 0.009405 0.005466
0 0.418878 0.829610 0.009405 0.005466
0 0.462210 0.837452 0.009405 0.005466
0 0.462210 0.832224 0.009405 0.005466
0 0.517299 0.834838 0.009405 0.005466
0 0.568357 0.837452 0.009405 0.005466
0 0.594894 0.840067 0.009405 0.005466
0 0.670474 0.813926 0.009405 0.005466
0 0.713470 0.813926 0.009405 0.005466
0 0.764864 0.813926 0.009405 0.005466
0 0.784683 0.806321 0.009405 0.005466
0 0.816258 0.806321 0.009405 0.005466
0 0.859254 0.808935 0.009405 0.005466
0 0.914679 0.808935 0.009405 0.005466
0 0.145784 0.082937 0.009405 0.005466
0 0.200873 0.085551 0.009405 0.005466
0 0.236816 0.085551 0.009405 0.005466
0 0.271414 0.088165 0.009405 0.005466
0 0.374202 0.085551 0.009405 0.005466
0 0.441048 0.088165 0.009405 0.005466
0 0.341955 0.287548 0.009405 0.005466
0 0.380920 0.290162 0.009405 0.005466
0 0.432650 0.292776 0.009405 0.005466
0 0.489083 0.290162 0.009405 0.005466
0 0.559960 0.287548 0.009405 0.005466
0 0.616392 0.290162 0.009405 0.005466
0 0.714478 0.292776 0.009405 0.005466
0 0.828015 0.300380 0.009405 0.005466
0 0.884783 0.282319 0.009405 0.005466
0 0.920054 0.284933 0.009405 0.005466
0 0.136715 0.514971 0.009405 0.005466
0 0.199530 0.517348 0.009405 0.005466
0 0.278468 0.519962 0.009405 0.005466
0 0.341283 0.514971 0.009405 0.005466
0 0.382936 0.517348 0.009405 0.005466
0 0.433658 0.519962 0.009405 0.005466
0 0.491770 0.507129 0.009405 0.005466
0 0.549882 0.509743 0.009405 0.005466
0 0.644273 0.512357 0.009405 0.005466
0 0.699026 0.514971 0.009405 0.005466
0 0.780316 0.517348 0.009405 0.005466
0 0.821968 0.514971 0.009405 0.005466
0 0.888814 0.512357 0.009405 0.005466
0 0.139402 0.739781 0.009405 0.005466
0 0.209943 0.739781 0.009405 0.005466
0 0.272422 0.742395 0.009405 0.005466
0 0.317434 0.745010 0.009405 0.005466
0 0.387974 0.747624 0.009405 0.005466
0 0.418878 0.745010 0.009405 0.005466
0 0.462210 0.742395 0.009405 0.005466
0 0.517299 0.739781 0.009405 0.005466
0 0.594894 0.739781 0.009405 0.005466
