0 0.139402 0.230751 0.009405 0.005466
0 0.139402 0.212690 0.009405 0.005466
0 0.268727 0.217918 0.009405 0.005466
0 0.268727 0.199620 0.009405 0.005466
0 0.423245 0.220532 0.009405 0.005466
0 0.423245 0.202234 0.009405 0.005466
0 0.552570 0.223146 0.009405 0.005466
0 0.552570 0.204848 0.009405 0.005466
0 0.694659 0.225523 0.009405 0.005466
0 0.694659 0.207462 0.009405 0.005466
0 0.825328 0.228137 0.009405 0.005466
0 0.825328 0.210076 0.009405 0.005466
0 0.139402 0.171103 0.009405 0.005466
0 0.171649 0.165875 0.009405 0.005466
0 0.171649 0.160646 0.009405 0.005466
0 0.203897 0.165875 0.009405 0.005466
0 0.203897 0.160646 0.009405 0.005466
0 0.236480 0.171103 0.009405 0.005466
0 0.268727 0.171103 0.009405 0.005466
0 0.301310 0.165875 0.009405 0.005466
0 0.301310 0.158032 0.009405 0.005466
0 0.301310 0.152804 0.009405 0.005466
0 0.333557 0.165875 0.009405 0.005466
0 0.333557 0.158032 0.009405 0.005466
0 0.333557 0.152804 0.009405 0.005466
0 0.366140 0.171103 0.009405 0.005466
0 0.423245 0.171103 0.009405 0.005466
0 0.455492 0.165875 0.009405 0.005466
0 0.455492 0.155418 0.009405 0.005466
0 0.487739 0.165875 0.009405 0.005466
0 0.487739 0.155418 0.009405 0.005466
0 0.520322 0.171103 0.009405 0.005466
0 0.552570 0.171103 0.009405 0.005466
0 0.584817 0.163260 0.009405 0.005466
0 0.584817 0.158032 0.009405 0.005466
0 0.617064 0.163260 0.009405 0.005466
0 0.617064 0.158032 0.009405 0.005466
0 0.649311 0.171103 0.009405 0.005466
0 0.694659 0.171103 0.009405 0.005466
0 0.727242 0.163260 0.009405 0.005466
0 0.727242 0.158032 0.009405 0.005466
0 0.727242 0.152804 0.009405 0.005466
0 0.759825 0.163260 0.009405 0.005466
0 0.759825 0.158032 0.009405 0.005466
0 0.759825 0.152804 0.009405 0.005466
0 0.792408 0.171103 0.009405 0.005466
0 0.825328 0.163260 0.009405 0.005466
0 0.857911 0.158032 0.009405 0.005466
0 0.857911 0.152804 0.009405 0.005466
0 0.857911 0.144962 0.009405 0.005466
0 0.890494 0.158032 0.009405 0.005466
0 0.890494 0.152804 0.009405 0.005466
0 0.890494 0.144962 0.009405 0.005466
0 0.923077 0.163260 0.009405 0.005466
0 0.139402 0.088165 0.009405 0.005466
0 0.203897 0.088165 0.009405 0.005466
0 0.268727 0.080323 0.009405 0.005466
0 0.333557 0.080323 0.009405 0.005466
0 0.423245 0.082937 0.009405 0.005466
0 0.552570 0.085551 0.009405 0.005466
0 0.617064 0.085551 0.009405 0.005466
0 0.694659 0.080323 0.009405 0.005466
0 0.759825 0.080323 0.009405 0.005466
0 0.825328 0.072481 0.009405 0.005466
0 0.890494 0.072481 0.009405 0.005466
