0 0.822581 0.659777 0.008401 0.004989
0 0.137433 0.874792 0.008401 0.004989
0 0.261089 0.872416 0.008401 0.004989
0 0.392809 0.884296 0.008401 0.004989
0 0.392809 0.870040 0.008401 0.004989
0 0.535618 0.884296 0.008401 0.004989
0 0.535618 0.870040 0.008401 0.004989
0 0.670699 0.884296 0.008401 0.004989
0 0.807460 0.884296 0.008401 0.004989
0 0.137433 0.219054 0.008401 0.004989
0 0.171371 0.209789 0.008401 0.004989
0 0.171371 0.202661 0.008401 0.004989
0 0.171371 0.197909 0.008401 0.004989
0 0.205309 0.209789 0.008401 0.004989
0 0.205309 0.202661 0.008401 0.004989
0 0.205309 0.197909 0.008401 0.004989
0 0.259745 0.226182 0.008401 0.004989
0 0.294355 0.209789 0.008401 0.004989
0 0.294355 0.202661 0.008401 0.004989
0 0.294355 0.197909 0.008401 0.004989
0 0.329301 0.209789 0.008401 0.004989
0 0.329301 0.202661 0.008401 0.004989
0 0.329301 0.197909 0.008401 0.004989
0 0.382392 0.214303 0.008401 0.004989
0 0.416331 0.209789 0.008401 0.004989
0 0.416331 0.202661 0.008401 0.004989
0 0.416331 0.197909 0.008401 0.004989
0 0.450269 0.209789 0.008401 0.004989
0 0.450269 0.202661 0.008401 0.004989
0 0.450269 0.197909 0.008401 0.004989
0 0.504704 0.226182 0.008401 0.004989
0 0.539315 0.209789 0.008401 0.004989
0 0.539315 0.202661 0.008401 0.004989
0 0.539315 0.197909 0.008401 0.004989
0 0.573925 0.209789 0.008401 0.004989
0 0.573925 0.202661 0.008401 0.004989
0 0.573925 0.197909 0.008401 0.004989
0 0.627352 0.216679 0.008401 0.004989
0 0.668683 0.207413 0.008401 0.004989
0 0.668683 0.202661 0.008401 0.004989
0 0.668683 0.195533 0.008401 0.004989
0 0.720766 0.207413 0.008401 0.004989
0 0.720766 0.202661 0.008401 0.004989
0 0.720766 0.195533 0.008401 0.004989
0 0.787634 0.211927 0.008401 0.004989
0 0.828629 0.207413 0.008401 0.004989
0 0.820901 0.202661 0.008401 0.004989
0 0.828629 0.200285 0.008401 0.004989
0 0.880040 0.207413 0.008401 0.004989
0 0.871976 0.202661 0.008401 0.004989
0 0.880040 0.200285 0.008401 0.004989
0 0.139785 0.445474 0.008401 0.004989
0 0.178091 0.429081 0.008401 0.004989
0 0.178091 0.419577 0.008401 0.004989
0 0.178091 0.414825 0.008401 0.004989
0 0.226142 0.429081 0.008401 0.004989
0 0.226142 0.419577 0.008401 0.004989
0 0.226142 0.414825 0.008401 0.004989
0 0.287298 0.445474 0.008401 0.004989
0 0.331989 0.429081 0.008401 0.004989
0 0.331989 0.424329 0.008401 0.004989
0 0.331989 0.414825 0.008401 0.004989
0 0.377016 0.429081 0.008401 0.004989
0 0.377016 0.424329 0.008401 0.004989
0 0.377016 0.414825 0.008401 0.004989
0 0.435148 0.438346 0.008401 0.004989
0 0.470094 0.429081 0.008401 0.004989
0 0.470094 0.421953 0.008401 0.004989
0 0.470094 0.417201 0.008401 0.004989
0 0.505376 0.429081 0.008401 0.004989
0 0.505376 0.421953 0.008401 0.004989
0 0.505376 0.417201 0.008401 0.004989
0 0.561492 0.445474 0.008401 0.004989
0 0.597446 0.429081 0.008401 0.004989
0 0.597446 0.421953 0.008401 0.004989
0 0.597446 0.417201 0.008401 0.004989
0 0.633401 0.429081 0.008401 0.004989
0 0.633401 0.421953 0.008401 0.004989
0 0.633401 0.417201 0.008401 0.004989
0 0.688172 0.433595 0.008401 0.004989
0 0.723454 0.429081 0.008401 0.004989
0 0.723454 0.421953 0.008401 0.004989
0 0.723454 0.417201 0.008401 0.004989
0 0.758401 0.429081 0.008401 0.004989
0 0.758401 0.421953 0.008401 0.004989
0 0.758401 0.417201 0.008401 0.004989
0 0.814516 0.445474 0.008401 0.004989
0 0.850470 0.429081 0.008401 0.004989
0 0.850470 0.421953 0.008401 0.004989
0 0.850470 0.417201 0.008401 0.004989
0 0.886425 0.429081 0.008401 0.004989
0 0.886425 0.421953 0.008401 0.004989
0 0.886425 0.417201 0.008401 0.004989
0 0.137433 0.662153 0.008401 0.004989
0 0.176747 0.652887 0.008401 0.004989
0 0.176747 0.648135 0.008401 0.004989
0 0.176747 0.641007 0.008401 0.004989
0 0.225806 0.652887 0.008401 0.004989
0 0.225806 0.648135 0.008401 0.004989
0 0.225806 0.641007 0.008401 0.004989
0 0.289987 0.657638 0.008401 0.004989
0 0.328965 0.652887 0.008401 0.004989
0 0.320901 0.648135 0.008401 0.004989
0 0.328965 0.645759 0.008401 0.004989
0 0.377688 0.652887 0.008401 0.004989
0 0.369624 0.648135 0.008401 0.004989
0 0.377688 0.645759 0.008401 0.004989
0 0.438508 0.671656 0.008401 0.004989
0 0.473454 0.655263 0.008401 0.004989
0 0.473454 0.645759 0.008401 0.004989
0 0.473454 0.641007 0.008401 0.004989
0 0.517137 0.655263 0.008401 0.004989
0 0.517137 0.645759 0.008401 0.004989
0 0.517137 0.641007 0.008401 0.004989
0 0.574261 0.671656 0.008401 0.004989
0 0.614919 0.655263 0.008401 0.004989
0 0.614919 0.650511 0.008401 0.004989
0 0.614919 0.641007 0.008401 0.004989
0 0.655914 0.655263 0.008401 0.004989
0 0.655914 0.650511 0.008401 0.004989
0 0.655914 0.641007 0.008401 0.004989
0 0.710349 0.664528 0.008401 0.004989
0 0.741935 0.655263 0.008401 0.004989
0 0.741935 0.648135 0.008401 0.004989
0 0.741935 0.643383 0.008401 0.004989
0 0.773522 0.655263 0.008401 0.004989
0 0.773522 0.648135 0.008401 0.004989
0 0.773522 0.643383 0.008401 0.004989
0 0.856183 0.648135 0.008401 0.004989
0 0.856183 0.643383 0.008401 0.004989
0 0.889449 0.648135 0.008401 0.004989
0 0.889449 0.643383 0.008401 0.004989
0 0.172379 0.870040 0.008401 0.004989
0 0.172379 0.865526 0.008401 0.004989
0 0.207325 0.870040 0.008401 0.004989
0 0.207325 0.865526 0.008401 0.004989
0 0.297715 0.865526 0.008401 0.004989
0 0.297715 0.860775 0.008401 0.004989
0 0.334005 0.865526 0.008401 0.004989
0 0.334005 0.860775 0.008401 0.004989
0 0.430444 0.867902 0.008401 0.004989
0 0.430444 0.863150 0.008401 0.004989
0 0.467742 0.867902 0.008401 0.004989
0 0.467742 0.863150 0.008401 0.004989
0 0.527554 0.867902 0.008401 0.004989
0 0.527554 0.863150 0.008401 0.004989
0 0.567540 0.867902 0.008401 0.004989
0 0.567540 0.863150 0.008401 0.004989
0 0.607527 0.867902 0.008401 0.004989
0 0.607527 0.863150 0.008401 0.004989
0 0.670699 0.870040 0.008401 0.004989
0 0.678427 0.867902 0.008401 0.004989
0 0.670699 0.863150 0.008401 0.004989
0 0.708669 0.870040 0.008401 0.004989
0 0.716734 0.867902 0.008401 0.004989
0 0.708669 0.863150 0.008401 0.004989
0 0.746640 0.870040 0.008401 0.004989
0 0.754704 0.867902 0.008401 0.004989
0 0.746640 0.863150 0.008401 0.004989
0 0.807460 0.870040 0.008401 0.004989
0 0.815524 0.867902 0.008401 0.004989
0 0.807460 0.863150 0.008401 0.004989
0 0.845766 0.870040 0.008401 0.004989
0 0.853495 0.867902 0.008401 0.004989
0 0.845766 0.863150 0.008401 0.004989
0 0.883737 0.870040 0.008401 0.004989
0 0.891801 0.867902 0.008401 0.004989
0 0.883737 0.863150 0.008401 0.004989
0 0.205309 0.148491 0.008401 0.004989
0 0.226478 0.143740 0.008401 0.004989
0 0.259745 0.150867 0.008401 0.004989
0 0.329301 0.148491 0.008401 0.004989
0 0.350806 0.143740 0.008401 0.004989
0 0.382392 0.153005 0.008401 0.004989
0 0.450269 0.148491 0.008401 0.004989
0 0.471438 0.143740 0.008401 0.004989
0 0.504704 0.155381 0.008401 0.004989
0 0.573925 0.148491 0.008401 0.004989
0 0.595766 0.143740 0.008401 0.004989
0 0.627352 0.157757 0.008401 0.004989
0 0.668683 0.146115 0.008401 0.004989
0 0.668683 0.141364 0.008401 0.004989
0 0.694556 0.143740 0.008401 0.004989
0 0.694556 0.138988 0.008401 0.004989
0 0.720766 0.141364 0.008401 0.004989
0 0.720766 0.136612 0.008401 0.004989
0 0.828629 0.153005 0.008401 0.004989
0 0.828629 0.146115 0.008401 0.004989
0 0.854503 0.148491 0.008401 0.004989
0 0.854503 0.143740 0.008401 0.004989
0 0.880040 0.146115 0.008401 0.004989
0 0.880040 0.141364 0.008401 0.004989
0 0.178091 0.374673 0.008401 0.004989
0 0.178091 0.370159 0.008401 0.004989
0 0.201949 0.372297 0.008401 0.004989
0 0.201949 0.367783 0.008401 0.004989
0 0.226142 0.370159 0.008401 0.004989
0 0.226142 0.365407 0.008401 0.004989
0 0.287298 0.377049 0.008401 0.004989
0 0.309812 0.374673 0.008401 0.004989
0 0.331989 0.372297 0.008401 0.004989
0 0.354503 0.370159 0.008401 0.004989
0 0.377016 0.367783 0.008401 0.004989
0 0.399194 0.365407 0.008401 0.004989
0 0.435148 0.363032 0.008401 0.004989
0 0.505376 0.367783 0.008401 0.004989
0 0.527554 0.363032 0.008401 0.004989
0 0.561492 0.370159 0.008401 0.004989
0 0.633401 0.367783 0.008401 0.004989
0 0.655914 0.363032 0.008401 0.004989
0 0.688172 0.372297 0.008401 0.004989
0 0.758401 0.367783 0.008401 0.004989
0 0.780578 0.363032 0.008401 0.004989
0 0.814516 0.374673 0.008401 0.004989
0 0.886425 0.367783 0.008401 0.004989
0 0.908938 0.363032 0.008401 0.004989
0 0.137433 0.603231 0.008401 0.004989
0 0.176747 0.591589 0.008401 0.004989
0 0.176747 0.586838 0.008401 0.004989
0 0.201277 0.589214 0.008401 0.004989
0 0.201277 0.584462 0.008401 0.004989
0 0.225806 0.586838 0.008401 0.004989
0 0.225806 0.582086 0.008401 0.004989
0 0.328965 0.598717 0.008401 0.004989
0 0.328965 0.591589 0.008401 0.004989
0 0.353159 0.593965 0.008401 0.004989
0 0.353159 0.589214 0.008401 0.004989
0 0.377688 0.591589 0.008401 0.004989
0 0.377688 0.586838 0.008401 0.004989
0 0.473454 0.600855 0.008401 0.004989
0 0.473454 0.596341 0.008401 0.004989
0 0.495296 0.598717 0.008401 0.004989
0 0.495296 0.593965 0.008401 0.004989
0 0.517137 0.596341 0.008401 0.004989
0 0.517137 0.591589 0.008401 0.004989
0 0.574261 0.603231 0.008401 0.004989
0 0.594758 0.600855 0.008401 0.004989
0 0.614919 0.598717 0.008401 0.004989
0 0.635417 0.596341 0.008401 0.004989
0 0.655914 0.593965 0.008401 0.004989
0 0.676411 0.591589 0.008401 0.004989
0 0.710349 0.589214 0.008401 0.004989
0 0.773522 0.593965 0.008401 0.004989
0 0.793011 0.589214 0.008401 0.004989
0 0.822581 0.596341 0.008401 0.004989
0 0.889449 0.593965 0.008401 0.004989
0 0.910618 0.589214 0.008401 0.004989
0 0.137433 0.820622 0.008401 0.004989
0 0.207325 0.815871 0.008401 0.004989
0 0.229503 0.811119 0.008401 0.004989
0 0.261089 0.822998 0.008401 0.004989
0 0.334005 0.815871 0.008401 0.004989
0 0.356855 0.811119 0.008401 0.004989
0 0.392809 0.825374 0.008401 0.004989
0 0.467742 0.818247 0.008401 0.004989
0 0.490927 0.813495 0.008401 0.004989
0 0.527554 0.820622 0.008401 0.004989
0 0.607527 0.822998 0.008401 0.004989
0 0.632392 0.813495 0.008401 0.004989
0 0.670699 0.825374 0.008401 0.004989
0 0.746640 0.827750 0.008401 0.004989
0 0.770497 0.813495 0.008401 0.004989
0 0.807460 0.830126 0.008401 0.004989
0 0.883737 0.832502 0.008401 0.004989
0 0.907594 0.813495 0.008401 0.004989
0 0.137433 0.099786 0.008401 0.004989
0 0.787634 0.097410 0.008401 0.004989
0 0.828629 0.095034 0.008401 0.004989
0 0.880040 0.092659 0.008401 0.004989
0 0.139785 0.315514 0.008401 0.004989
0 0.287298 0.315514 0.008401 0.004989
0 0.331989 0.322642 0.008401 0.004989
0 0.377016 0.322642 0.008401 0.004989
0 0.435148 0.320266 0.008401 0.004989
0 0.289987 0.537182 0.008401 0.004989
0 0.328965 0.534806 0.008401 0.004989
0 0.377688 0.532431 0.008401 0.004989
0 0.438508 0.534806 0.008401 0.004989
0 0.574261 0.534806 0.008401 0.004989
0 0.614919 0.537182 0.008401 0.004989
0 0.655914 0.537182 0.008401 0.004989
0 0.710349 0.539558 0.008401 0.004989
0 0.297715 0.763364 0.008401 0.004989
0 0.334005 0.765740 0.008401 0.004989
0 0.392809 0.768116 0.008401 0.004989
0 0.807460 0.758612 0.008401 0.004989
0 0.883737 0.763364 0.008401 0.004989
