0 0.789721 0.175380 0.008398 0.004990
0 0.876722 0.158983 0.008398 0.004990
0 0.902922 0.161122 0.008398 0.004990
0 0.928787 0.163498 0.008398 0.004990
0 0.576083 0.366920 0.008398 0.004990
0 0.676520 0.366920 0.008398 0.004990
0 0.785354 0.366920 0.008398 0.004990
0 0.870339 0.366920 0.008398 0.004990
0 0.546859 0.923954 0.008398 0.004990
0 0.702049 0.923954 0.008398 0.004990
0 0.889822 0.923954 0.008398 0.004990
0 0.918038 0.940352 0.008398 0.004990
0 0.121599 0.147101 0.008398 0.004990
0 0.158213 0.149477 0.008398 0.004990
0 0.194827 0.149477 0.008398 0.004990
0 0.231105 0.151854 0.008398 0.004990
0 0.289553 0.154230 0.008398 0.004990
0 0.334901 0.156606 0.008398 0.004990
0 0.394021 0.168251 0.008398 0.004990
0 0.423917 0.165875 0.008398 0.004990
0 0.483037 0.175380 0.008398 0.004990
0 0.483037 0.158983 0.008398 0.004990
0 0.532751 0.175380 0.008398 0.004990
0 0.532751 0.158983 0.008398 0.004990
0 0.572724 0.175380 0.008398 0.004990
0 0.572724 0.158983 0.008398 0.004990
0 0.612361 0.175380 0.008398 0.004990
0 0.612361 0.158983 0.008398 0.004990
0 0.652335 0.175380 0.008398 0.004990
0 0.652335 0.158983 0.008398 0.004990
0 0.789721 0.158983 0.008398 0.004990
0 0.876722 0.158983 0.008398 0.004990
0 0.129661 0.357652 0.008398 0.004990
0 0.206248 0.357652 0.008398 0.004990
0 0.244206 0.360029 0.008398 0.004990
0 0.334229 0.362405 0.008398 0.004990
0 0.334229 0.345770 0.008398 0.004990
0 0.383944 0.364544 0.008398 0.004990
0 0.383944 0.348146 0.008398 0.004990
0 0.468257 0.374049 0.008398 0.004990
0 0.533423 0.366920 0.008398 0.004990
0 0.533423 0.357652 0.008398 0.004990
0 0.576083 0.355276 0.008398 0.004990
0 0.609674 0.352899 0.008398 0.004990
0 0.642929 0.350523 0.008398 0.004990
0 0.676520 0.355276 0.008398 0.004990
0 0.710111 0.352899 0.008398 0.004990
0 0.743702 0.350523 0.008398 0.004990
0 0.785354 0.355276 0.008398 0.004990
0 0.837756 0.352899 0.008398 0.004990
0 0.870339 0.350523 0.008398 0.004990
0 0.922405 0.369297 0.008398 0.004990
0 0.129661 0.564876 0.008398 0.004990
0 0.129661 0.548479 0.008398 0.004990
0 0.238159 0.557985 0.008398 0.004990
0 0.238159 0.541350 0.008398 0.004990
0 0.359422 0.564876 0.008398 0.004990
0 0.359422 0.548479 0.008398 0.004990
0 0.471616 0.574382 0.008398 0.004990
0 0.471616 0.557985 0.008398 0.004990
0 0.540477 0.550856 0.008398 0.004990
0 0.540477 0.546103 0.008398 0.004990
0 0.594558 0.548479 0.008398 0.004990
0 0.594558 0.543726 0.008398 0.004990
0 0.679207 0.572006 0.008398 0.004990
0 0.679207 0.555608 0.008398 0.004990
0 0.773933 0.564876 0.008398 0.004990
0 0.773933 0.548479 0.008398 0.004990
0 0.864629 0.555608 0.008398 0.004990
0 0.925092 0.550856 0.008398 0.004990
0 0.925092 0.536597 0.008398 0.004990
0 0.121599 0.736217 0.008398 0.004990
0 0.121599 0.724335 0.008398 0.004990
0 0.158549 0.733840 0.008398 0.004990
0 0.158549 0.724335 0.008398 0.004990
0 0.195499 0.731464 0.008398 0.004990
0 0.195499 0.726711 0.008398 0.004990
0 0.232449 0.729087 0.008398 0.004990
0 0.306349 0.745485 0.008398 0.004990
0 0.351696 0.743108 0.008398 0.004990
0 0.449782 0.745485 0.008398 0.004990
0 0.449782 0.729087 0.008398 0.004990
0 0.561975 0.747861 0.008398 0.004990
0 0.561975 0.731464 0.008398 0.004990
0 0.619416 0.750238 0.008398 0.004990
0 0.619416 0.733840 0.008398 0.004990
0 0.647968 0.747861 0.008398 0.004990
0 0.647968 0.731464 0.008398 0.004990
0 0.705072 0.754990 0.008398 0.004990
0 0.705072 0.738356 0.008398 0.004990
0 0.750084 0.752614 0.008398 0.004990
0 0.750084 0.736217 0.008398 0.004990
0 0.818273 0.750238 0.008398 0.004990
0 0.818273 0.733840 0.008398 0.004990
0 0.852536 0.747861 0.008398 0.004990
0 0.852536 0.731464 0.008398 0.004990
0 0.129325 0.949857 0.008398 0.004990
0 0.129325 0.933222 0.008398 0.004990
0 0.349345 0.930846 0.008398 0.004990
0 0.440712 0.947481 0.008398 0.004990
0 0.549547 0.940352 0.008398 0.004990
0 0.640242 0.912072 0.008398 0.004990
0 0.663755 0.914449 0.008398 0.004990
0 0.702049 0.909696 0.008398 0.004990
0 0.729594 0.907319 0.008398 0.004990
0 0.757474 0.912072 0.008398 0.004990
0 0.785354 0.921578 0.008398 0.004990
0 0.785354 0.916825 0.008398 0.004990
0 0.785354 0.912072 0.008398 0.004990
0 0.889822 0.914449 0.008398 0.004990
0 0.658717 0.112880 0.008398 0.004990
0 0.700705 0.115257 0.008398 0.004990
0 0.725563 0.117633 0.008398 0.004990
0 0.751092 0.120010 0.008398 0.004990
0 0.129661 0.316302 0.008398 0.004990
0 0.206248 0.316302 0.008398 0.004990
0 0.244206 0.318679 0.008398 0.004990
0 0.244206 0.313926 0.008398 0.004990
0 0.383944 0.318679 0.008398 0.004990
0 0.468257 0.323194 0.008398 0.004990
0 0.468257 0.318679 0.008398 0.004990
0 0.129661 0.510219 0.008398 0.004990
0 0.129661 0.505466 0.008398 0.004990
0 0.165939 0.503089 0.008398 0.004990
0 0.201881 0.500713 0.008398 0.004990
0 0.785354 0.872386 0.008398 0.004990
0 0.889822 0.874762 0.008398 0.004990
0 0.121599 0.127139 0.008398 0.004990
0 0.121599 0.122386 0.008398 0.004990
0 0.158213 0.129515 0.008398 0.004990
0 0.158213 0.120010 0.008398 0.004990
0 0.194827 0.129515 0.008398 0.004990
0 0.194827 0.122386 0.008398 0.004990
0 0.231105 0.131654 0.008398 0.004990
0 0.231105 0.115257 0.008398 0.004990
0 0.289553 0.131654 0.008398 0.004990
0 0.289553 0.127139 0.008398 0.004990
0 0.334901 0.131654 0.008398 0.004990
0 0.334901 0.124762 0.008398 0.004990
0 0.394021 0.136407 0.008398 0.004990
0 0.394021 0.131654 0.008398 0.004990
0 0.423917 0.141160 0.008398 0.004990
0 0.423917 0.136407 0.008398 0.004990
0 0.431643 0.134030 0.008398 0.004990
0 0.483037 0.127139 0.008398 0.004990
0 0.483037 0.110504 0.008398 0.004990
0 0.524689 0.127139 0.008398 0.004990
0 0.532751 0.124762 0.008398 0.004990
0 0.532751 0.110504 0.008398 0.004990
0 0.572724 0.127139 0.008398 0.004990
0 0.572724 0.120010 0.008398 0.004990
0 0.572724 0.110504 0.008398 0.004990
0 0.612361 0.127139 0.008398 0.004990
0 0.612361 0.117633 0.008398 0.004990
0 0.612361 0.110504 0.008398 0.004990
0 0.647632 0.127139 0.008398 0.004990
0 0.647632 0.110504 0.008398 0.004990
0 0.728250 0.127139 0.008398 0.004990
0 0.728250 0.110504 0.008398 0.004990
0 0.789721 0.127139 0.008398 0.004990
0 0.789721 0.122386 0.008398 0.004990
0 0.789721 0.110504 0.008398 0.004990
0 0.815922 0.131654 0.008398 0.004990
0 0.815922 0.127139 0.008398 0.004990
0 0.842123 0.134030 0.008398 0.004990
0 0.842123 0.129515 0.008398 0.004990
0 0.849849 0.127139 0.008398 0.004990
0 0.860262 0.136407 0.008398 0.004990
0 0.860262 0.131654 0.008398 0.004990
0 0.860262 0.127139 0.008398 0.004990
0 0.876722 0.138783 0.008398 0.004990
0 0.876722 0.134030 0.008398 0.004990
0 0.876722 0.127139 0.008398 0.004990
0 0.902922 0.129515 0.008398 0.004990
0 0.928787 0.131654 0.008398 0.004990
0 0.928787 0.127139 0.008398 0.004990
0 0.928787 0.122386 0.008398 0.004990
0 0.129661 0.311549 0.008398 0.004990
0 0.167954 0.306797 0.008398 0.004990
0 0.206248 0.309173 0.008398 0.004990
0 0.244206 0.309173 0.008398 0.004990
0 0.282499 0.306797 0.008398 0.004990
0 0.334229 0.316302 0.008398 0.004990
0 0.383944 0.313926 0.008398 0.004990
0 0.468257 0.313926 0.008398 0.004990
0 0.500840 0.316302 0.008398 0.004990
0 0.533423 0.320817 0.008398 0.004990
0 0.533423 0.313926 0.008398 0.004990
0 0.576083 0.318679 0.008398 0.004990
0 0.642929 0.320817 0.008398 0.004990
0 0.676520 0.318679 0.008398 0.004990
0 0.743702 0.320817 0.008398 0.004990
0 0.785354 0.304420 0.008398 0.004990
0 0.785354 0.299667 0.008398 0.004990
0 0.837756 0.306797 0.008398 0.004990
0 0.837756 0.302044 0.008398 0.004990
0 0.870339 0.309173 0.008398 0.004990
0 0.870339 0.304420 0.008398 0.004990
0 0.922405 0.316302 0.008398 0.004990
0 0.922405 0.306797 0.008398 0.004990
0 0.129661 0.498337 0.008398 0.004990
0 0.238159 0.503089 0.008398 0.004990
0 0.238159 0.495960 0.008398 0.004990
0 0.274437 0.505466 0.008398 0.004990
0 0.274437 0.500713 0.008398 0.004990
0 0.310715 0.507842 0.008398 0.004990
0 0.310715 0.503089 0.008398 0.004990
0 0.359422 0.498337 0.008398 0.004990
0 0.359422 0.488831 0.008398 0.004990
0 0.394021 0.495960 0.008398 0.004990
0 0.394021 0.491207 0.008398 0.004990
0 0.428619 0.505466 0.008398 0.004990
0 0.428619 0.498337 0.008398 0.004990
0 0.428619 0.493584 0.008398 0.004990
0 0.471616 0.500713 0.008398 0.004990
0 0.479678 0.498337 0.008398 0.004990
0 0.506214 0.503089 0.008398 0.004990
0 0.506214 0.495960 0.008398 0.004990
0 0.540477 0.500713 0.008398 0.004990
0 0.540477 0.495960 0.008398 0.004990
0 0.594558 0.503089 0.008398 0.004990
0 0.594558 0.498337 0.008398 0.004990
0 0.622775 0.512357 0.008398 0.004990
0 0.622775 0.505466 0.008398 0.004990
0 0.622775 0.500713 0.008398 0.004990
0 0.650991 0.514734 0.008398 0.004990
0 0.650991 0.510219 0.008398 0.004990
0 0.650991 0.503089 0.008398 0.004990
0 0.650991 0.498337 0.008398 0.004990
0 0.679207 0.505466 0.008398 0.004990
0 0.679207 0.500713 0.008398 0.004990
0 0.679207 0.495960 0.008398 0.004990
0 0.707424 0.488831 0.008398 0.004990
0 0.707424 0.481939 0.008398 0.004990
0 0.735640 0.495960 0.008398 0.004990
0 0.735640 0.484078 0.008398 0.004990
0 0.804165 0.512357 0.008398 0.004990
0 0.804165 0.505466 0.008398 0.004990
0 0.804165 0.500713 0.008398 0.004990
0 0.834397 0.514734 0.008398 0.004990
0 0.834397 0.503089 0.008398 0.004990
0 0.834397 0.498337 0.008398 0.004990
0 0.864629 0.505466 0.008398 0.004990
0 0.864629 0.500713 0.008398 0.004990
0 0.864629 0.495960 0.008398 0.004990
0 0.894861 0.481939 0.008398 0.004990
0 0.925092 0.495960 0.008398 0.004990
0 0.925092 0.484078 0.008398 0.004990
0 0.121599 0.686549 0.008398 0.004990
0 0.121599 0.677044 0.008398 0.004990
0 0.158549 0.686549 0.008398 0.004990
0 0.158549 0.679895 0.008398 0.004990
0 0.195499 0.691302 0.008398 0.004990
0 0.195499 0.679420 0.008398 0.004990
0 0.232449 0.691302 0.008398 0.004990
0 0.232449 0.679420 0.008398 0.004990
0 0.269399 0.691302 0.008398 0.004990
0 0.269399 0.681797 0.008398 0.004990
0 0.306349 0.698432 0.008398 0.004990
0 0.306349 0.691302 0.008398 0.004990
0 0.306349 0.686549 0.008398 0.004990
0 0.384615 0.700808 0.008398 0.004990
0 0.384615 0.693679 0.008398 0.004990
0 0.384615 0.688926 0.008398 0.004990
0 0.417199 0.700808 0.008398 0.004990
0 0.417199 0.693679 0.008398 0.004990
0 0.417199 0.688926 0.008398 0.004990
0 0.449782 0.698432 0.008398 0.004990
0 0.457843 0.696055 0.008398 0.004990
0 0.449782 0.691302 0.008398 0.004990
0 0.482365 0.698432 0.008398 0.004990
0 0.490427 0.696055 0.008398 0.004990
0 0.482365 0.691302 0.008398 0.004990
0 0.514948 0.698432 0.008398 0.004990
0 0.523010 0.696055 0.008398 0.004990
0 0.514948 0.691302 0.008398 0.004990
0 0.561975 0.693679 0.008398 0.004990
0 0.561975 0.684173 0.008398 0.004990
0 0.590527 0.672291 0.008398 0.004990
0 0.619416 0.686549 0.008398 0.004990
0 0.611354 0.681797 0.008398 0.004990
0 0.619416 0.679420 0.008398 0.004990
0 0.647968 0.684173 0.008398 0.004990
0 0.647968 0.674667 0.008398 0.004990
0 0.676520 0.677044 0.008398 0.004990
0 0.705072 0.700808 0.008398 0.004990
0 0.705072 0.691302 0.008398 0.004990
0 0.705072 0.686549 0.008398 0.004990
0 0.750084 0.700808 0.008398 0.004990
0 0.750084 0.688926 0.008398 0.004990
0 0.818273 0.698432 0.008398 0.004990
0 0.818273 0.691302 0.008398 0.004990
0 0.818273 0.686549 0.008398 0.004990
0 0.852536 0.700808 0.008398 0.004990
0 0.852536 0.693679 0.008398 0.004990
0 0.852536 0.688926 0.008398 0.004990
0 0.129325 0.884030 0.008398 0.004990
0 0.129325 0.879278 0.008398 0.004990
0 0.129325 0.872386 0.008398 0.004990
0 0.129325 0.867633 0.008398 0.004990
0 0.379577 0.891160 0.008398 0.004990
0 0.379577 0.886407 0.008398 0.004990
0 0.379577 0.879278 0.008398 0.004990
0 0.410144 0.891160 0.008398 0.004990
0 0.410144 0.886407 0.008398 0.004990
0 0.410144 0.879278 0.008398 0.004990
0 0.440712 0.888783 0.008398 0.004990
0 0.448774 0.886407 0.008398 0.004990
0 0.440712 0.879278 0.008398 0.004990
0 0.471280 0.888783 0.008398 0.004990
0 0.479006 0.886407 0.008398 0.004990
0 0.471280 0.879278 0.008398 0.004990
0 0.502183 0.888783 0.008398 0.004990
0 0.509909 0.886407 0.008398 0.004990
0 0.502183 0.881654 0.008398 0.004990
0 0.546859 0.891160 0.008398 0.004990
0 0.546859 0.879278 0.008398 0.004990
0 0.593551 0.888783 0.008398 0.004990
0 0.593551 0.881654 0.008398 0.004990
0 0.617064 0.891160 0.008398 0.004990
0 0.617064 0.879278 0.008398 0.004990
0 0.640242 0.881654 0.008398 0.004990
0 0.640242 0.872386 0.008398 0.004990
0 0.663755 0.879278 0.008398 0.004990
0 0.663755 0.874762 0.008398 0.004990
0 0.702049 0.872386 0.008398 0.004990
0 0.702049 0.867633 0.008398 0.004990
0 0.729594 0.874762 0.008398 0.004990
0 0.729594 0.870010 0.008398 0.004990
0 0.757474 0.872386 0.008398 0.004990
0 0.757474 0.862880 0.008398 0.004990
0 0.785354 0.855751 0.008398 0.004990
0 0.813235 0.860504 0.008398 0.004990
0 0.840779 0.865257 0.008398 0.004990
0 0.889822 0.862880 0.008398 0.004990
0 0.121599 0.051568 0.008398 0.004990
0 0.158213 0.049192 0.008398 0.004990
0 0.194827 0.051568 0.008398 0.004990
0 0.231105 0.044677 0.008398 0.004990
0 0.289553 0.046816 0.008398 0.004990
0 0.334901 0.046816 0.008398 0.004990
0 0.364461 0.049192 0.008398 0.004990
0 0.394021 0.053945 0.008398 0.004990
0 0.423917 0.056321 0.008398 0.004990
0 0.453477 0.058698 0.008398 0.004990
0 0.483037 0.051568 0.008398 0.004990
0 0.532751 0.049192 0.008398 0.004990
0 0.572724 0.044677 0.008398 0.004990
0 0.612361 0.042300 0.008398 0.004990
0 0.652335 0.037548 0.008398 0.004990
0 0.700705 0.039924 0.008398 0.004990
0 0.725563 0.042300 0.008398 0.004990
0 0.751092 0.044677 0.008398 0.004990
0 0.789721 0.046816 0.008398 0.004990
0 0.928787 0.051568 0.008398 0.004990
0 0.129661 0.238593 0.008398 0.004990
0 0.167954 0.236217 0.008398 0.004990
0 0.206248 0.238593 0.008398 0.004990
0 0.244206 0.231464 0.008398 0.004990
0 0.306685 0.240970 0.008398 0.004990
0 0.334229 0.243346 0.008398 0.004990
0 0.383944 0.236217 0.008398 0.004990
0 0.436009 0.238593 0.008398 0.004990
0 0.468257 0.243346 0.008398 0.004990
0 0.500840 0.245722 0.008398 0.004990
0 0.533423 0.243346 0.008398 0.004990
0 0.576083 0.238593 0.008398 0.004990
0 0.609674 0.240970 0.008398 0.004990
0 0.642929 0.243346 0.008398 0.004990
0 0.676520 0.238593 0.008398 0.004990
0 0.710111 0.240970 0.008398 0.004990
0 0.743702 0.243346 0.008398 0.004990
0 0.785354 0.233840 0.008398 0.004990
0 0.870339 0.233840 0.008398 0.004990
0 0.922405 0.233840 0.008398 0.004990
0 0.129661 0.420865 0.008398 0.004990
0 0.165939 0.423241 0.008398 0.004990
0 0.201881 0.425618 0.008398 0.004990
0 0.238159 0.427994 0.008398 0.004990
0 0.274437 0.430133 0.008398 0.004990
0 0.310715 0.432510 0.008398 0.004990
0 0.359422 0.437262 0.008398 0.004990
0 0.394021 0.439639 0.008398 0.004990
0 0.428619 0.434886 0.008398 0.004990
0 0.450118 0.430133 0.008398 0.004990
0 0.471616 0.425618 0.008398 0.004990
0 0.506214 0.427994 0.008398 0.004990
0 0.540477 0.427994 0.008398 0.004990
0 0.562311 0.430133 0.008398 0.004990
0 0.594558 0.430133 0.008398 0.004990
0 0.773933 0.430133 0.008398 0.004990
0 0.864629 0.430133 0.008398 0.004990
0 0.894861 0.418489 0.008398 0.004990
0 0.925092 0.420865 0.008398 0.004990
0 0.121599 0.616445 0.008398 0.004990
0 0.158549 0.618821 0.008398 0.004990
0 0.195499 0.618821 0.008398 0.004990
0 0.232449 0.618821 0.008398 0.004990
0 0.269399 0.621198 0.008398 0.004990
0 0.306349 0.625713 0.008398 0.004990
0 0.351696 0.628089 0.008398 0.004990
0 0.449782 0.630466 0.008398 0.004990
0 0.561975 0.623574 0.008398 0.004990
0 0.705072 0.623574 0.008398 0.004990
0 0.750084 0.623574 0.008398 0.004990
0 0.784011 0.611692 0.008398 0.004990
0 0.818273 0.618821 0.008398 0.004990
0 0.852536 0.614068 0.008398 0.004990
0 0.886799 0.616445 0.008398 0.004990
0 0.921061 0.623574 0.008398 0.004990
0 0.129325 0.806321 0.008398 0.004990
0 0.164595 0.808698 0.008398 0.004990
0 0.199866 0.811074 0.008398 0.004990
0 0.234800 0.806321 0.008398 0.004990
0 0.270071 0.808698 0.008398 0.004990
0 0.305341 0.813451 0.008398 0.004990
0 0.349345 0.815827 0.008398 0.004990
0 0.440712 0.815827 0.008398 0.004990
0 0.502183 0.818203 0.008398 0.004990
0 0.546859 0.820580 0.008398 0.004990
