0 0.141801 0.215966 0.008737 0.004989
0 0.178427 0.206225 0.008737 0.004989
0 0.223790 0.215966 0.008737 0.004989
0 0.269489 0.206225 0.008737 0.004989
0 0.305780 0.215966 0.008737 0.004989
0 0.351142 0.206225 0.008737 0.004989
0 0.409274 0.215966 0.008737 0.004989
0 0.445901 0.206225 0.008737 0.004989
0 0.491263 0.215966 0.008737 0.004989
0 0.536962 0.206225 0.008737 0.004989
0 0.573253 0.215966 0.008737 0.004989
0 0.618616 0.206225 0.008737 0.004989
0 0.676747 0.215966 0.008737 0.004989
0 0.713374 0.206225 0.008737 0.004989
0 0.758737 0.215966 0.008737 0.004989
0 0.804099 0.206225 0.008737 0.004989
0 0.840726 0.215966 0.008737 0.004989
0 0.886089 0.206225 0.008737 0.004989
0 0.141801 0.442148 0.008737 0.004989
0 0.186492 0.432407 0.008737 0.004989
0 0.230847 0.442148 0.008737 0.004989
0 0.275202 0.432407 0.008737 0.004989
0 0.310820 0.442148 0.008737 0.004989
0 0.355175 0.432407 0.008737 0.004989
0 0.411962 0.442148 0.008737 0.004989
0 0.447245 0.432407 0.008737 0.004989
0 0.491599 0.442148 0.008737 0.004989
0 0.535618 0.432407 0.008737 0.004989
0 0.570901 0.442148 0.008737 0.004989
0 0.615255 0.432407 0.008737 0.004989
0 0.677083 0.442148 0.008737 0.004989
0 0.713374 0.427417 0.008737 0.004989
0 0.759073 0.442148 0.008737 0.004989
0 0.804435 0.427417 0.008737 0.004989
0 0.840726 0.442148 0.008737 0.004989
0 0.886089 0.427417 0.008737 0.004989
0 0.141801 0.670230 0.008737 0.004989
0 0.178427 0.655738 0.008737 0.004989
0 0.224126 0.670230 0.008737 0.004989
0 0.269489 0.655738 0.008737 0.004989
0 0.306116 0.670230 0.008737 0.004989
0 0.351478 0.655738 0.008737 0.004989
0 0.413306 0.670230 0.008737 0.004989
0 0.448925 0.658114 0.008737 0.004989
0 0.493952 0.670230 0.008737 0.004989
0 0.538642 0.658114 0.008737 0.004989
0 0.574597 0.670230 0.008737 0.004989
0 0.619624 0.658114 0.008737 0.004989
0 0.680444 0.670230 0.008737 0.004989
0 0.716398 0.658114 0.008737 0.004989
0 0.761089 0.670230 0.008737 0.004989
0 0.806116 0.658114 0.008737 0.004989
0 0.842070 0.670230 0.008737 0.004989
0 0.886761 0.658114 0.008737 0.004989
0 0.149194 0.899263 0.008737 0.004989
0 0.186492 0.887147 0.008737 0.004989
0 0.232863 0.899263 0.008737 0.004989
0 0.279234 0.887147 0.008737 0.004989
0 0.316532 0.899263 0.008737 0.004989
0 0.362903 0.887147 0.008737 0.004989
0 0.424059 0.899263 0.008737 0.004989
0 0.459341 0.887147 0.008737 0.004989
0 0.503696 0.899263 0.008737 0.004989
0 0.548051 0.887147 0.008737 0.004989
0 0.583669 0.899263 0.008737 0.004989
0 0.628024 0.887147 0.008737 0.004989
0 0.692204 0.899263 0.008737 0.004989
0 0.726478 0.889522 0.008737 0.004989
0 0.769153 0.899263 0.008737 0.004989
0 0.811828 0.899263 0.008737 0.004989
0 0.846102 0.889522 0.008737 0.004989
0 0.888777 0.899263 0.008737 0.004989
0 0.141801 0.172250 0.008737 0.004989
0 0.269489 0.174626 0.008737 0.004989
0 0.409274 0.172250 0.008737 0.004989
0 0.536962 0.174626 0.008737 0.004989
0 0.676747 0.172250 0.008737 0.004989
0 0.804099 0.174626 0.008737 0.004989
0 0.141801 0.391542 0.008737 0.004989
0 0.275202 0.394155 0.008737 0.004989
0 0.411962 0.391542 0.008737 0.004989
0 0.535618 0.394155 0.008737 0.004989
0 0.677083 0.391542 0.008737 0.004989
0 0.804435 0.391542 0.008737 0.004989
0 0.141801 0.617724 0.008737 0.004989
0 0.269489 0.617724 0.008737 0.004989
0 0.413306 0.620100 0.008737 0.004989
0 0.538642 0.620100 0.008737 0.004989
0 0.680444 0.620100 0.008737 0.004989
0 0.806116 0.620100 0.008737 0.004989
0 0.149194 0.849133 0.008737 0.004989
0 0.279234 0.849133 0.008737 0.004989
0 0.424059 0.849133 0.008737 0.004989
0 0.548051 0.849133 0.008737 0.004989
0 0.692204 0.846757 0.008737 0.004989
0 0.811828 0.849133 0.008737 0.004989
0 0.141801 0.167498 0.008737 0.004989
0 0.201277 0.164885 0.008737 0.004989
0 0.223790 0.167498 0.008737 0.004989
0 0.246640 0.160133 0.008737 0.004989
0 0.269489 0.169874 0.008737 0.004989
0 0.328629 0.167498 0.008737 0.004989
0 0.351142 0.169874 0.008737 0.004989
0 0.373992 0.160133 0.008737 0.004989
0 0.409274 0.167498 0.008737 0.004989
0 0.468750 0.164885 0.008737 0.004989
0 0.491263 0.167498 0.008737 0.004989
0 0.514113 0.160133 0.008737 0.004989
0 0.536962 0.169874 0.008737 0.004989
0 0.596102 0.167498 0.008737 0.004989
0 0.618616 0.169874 0.008737 0.004989
0 0.641465 0.160133 0.008737 0.004989
0 0.676747 0.167498 0.008737 0.004989
0 0.735887 0.164885 0.008737 0.004989
0 0.758737 0.167498 0.008737 0.004989
0 0.781586 0.160133 0.008737 0.004989
0 0.804099 0.169874 0.008737 0.004989
0 0.863239 0.167498 0.008737 0.004989
0 0.886089 0.169874 0.008737 0.004989
0 0.908938 0.160133 0.008737 0.004989
0 0.141801 0.386790 0.008737 0.004989
0 0.208669 0.384414 0.008737 0.004989
0 0.230847 0.386790 0.008737 0.004989
0 0.253024 0.379425 0.008737 0.004989
0 0.275202 0.389166 0.008737 0.004989
0 0.332997 0.386790 0.008737 0.004989
0 0.355175 0.389166 0.008737 0.004989
0 0.377352 0.379425 0.008737 0.004989
0 0.411962 0.386790 0.008737 0.004989
0 0.469422 0.384414 0.008737 0.004989
0 0.491599 0.386790 0.008737 0.004989
0 0.513777 0.379425 0.008737 0.004989
0 0.535618 0.389166 0.008737 0.004989
0 0.593078 0.386790 0.008737 0.004989
0 0.615255 0.389166 0.008737 0.004989
0 0.637097 0.379425 0.008737 0.004989
0 0.677083 0.386790 0.008737 0.004989
0 0.736223 0.384414 0.008737 0.004989
0 0.759073 0.386790 0.008737 0.004989
0 0.781586 0.379425 0.008737 0.004989
0 0.804435 0.386790 0.008737 0.004989
0 0.863575 0.384414 0.008737 0.004989
0 0.886089 0.386790 0.008737 0.004989
0 0.908938 0.379425 0.008737 0.004989
0 0.141801 0.612972 0.008737 0.004989
0 0.201277 0.610596 0.008737 0.004989
0 0.224126 0.612972 0.008737 0.004989
0 0.246640 0.605607 0.008737 0.004989
0 0.269489 0.612972 0.008737 0.004989
0 0.328965 0.610596 0.008737 0.004989
0 0.351478 0.612972 0.008737 0.004989
0 0.374328 0.605607 0.008737 0.004989
0 0.413306 0.615348 0.008737 0.004989
0 0.471438 0.612972 0.008737 0.004989
0 0.493952 0.615348 0.008737 0.004989
0 0.516465 0.605607 0.008737 0.004989
0 0.538642 0.615348 0.008737 0.004989
0 0.597110 0.612972 0.008737 0.004989
0 0.619624 0.615348 0.008737 0.004989
0 0.642137 0.605607 0.008737 0.004989
0 0.680444 0.615348 0.008737 0.004989
0 0.738911 0.612972 0.008737 0.004989
0 0.761089 0.615348 0.008737 0.004989
0 0.783602 0.605607 0.008737 0.004989
0 0.806116 0.615348 0.008737 0.004989
0 0.864247 0.612972 0.008737 0.004989
0 0.886761 0.615348 0.008737 0.004989
0 0.909274 0.605607 0.008737 0.004989
0 0.149194 0.844144 0.008737 0.004989
0 0.209677 0.841768 0.008737 0.004989
0 0.232863 0.844144 0.008737 0.004989
0 0.256048 0.834640 0.008737 0.004989
0 0.279234 0.844144 0.008737 0.004989
0 0.339718 0.841768 0.008737 0.004989
0 0.362903 0.844144 0.008737 0.004989
0 0.386089 0.834640 0.008737 0.004989
0 0.424059 0.844144 0.008737 0.004989
0 0.481519 0.841768 0.008737 0.004989
0 0.503696 0.844144 0.008737 0.004989
0 0.525874 0.834640 0.008737 0.004989
0 0.548051 0.844144 0.008737 0.004989
0 0.605847 0.841768 0.008737 0.004989
0 0.628024 0.844144 0.008737 0.004989
0 0.650202 0.834640 0.008737 0.004989
0 0.692204 0.841768 0.008737 0.004989
0 0.747648 0.839392 0.008737 0.004989
0 0.769153 0.841768 0.008737 0.004989
0 0.790323 0.834640 0.008737 0.004989
0 0.811828 0.844144 0.008737 0.004989
0 0.867608 0.841768 0.008737 0.004989
0 0.888777 0.844144 0.008737 0.004989
0 0.910282 0.834640 0.008737 0.004989
0 0.269489 0.108339 0.008737 0.004989
0 0.409274 0.091471 0.008737 0.004989
0 0.536962 0.091471 0.008737 0.004989
0 0.618616 0.091471 0.008737 0.004989
0 0.676747 0.084105 0.008737 0.004989
0 0.758737 0.091471 0.008737 0.004989
0 0.804099 0.093847 0.008737 0.004989
0 0.840726 0.096222 0.008737 0.004989
0 0.886089 0.098598 0.008737 0.004989
0 0.141801 0.320504 0.008737 0.004989
0 0.164315 0.315752 0.008737 0.004989
0 0.186492 0.310763 0.008737 0.004989
0 0.275202 0.310763 0.008737 0.004989
0 0.411962 0.310763 0.008737 0.004989
0 0.535618 0.310763 0.008737 0.004989
0 0.677083 0.320504 0.008737 0.004989
0 0.759073 0.320504 0.008737 0.004989
0 0.804435 0.320504 0.008737 0.004989
0 0.886089 0.320504 0.008737 0.004989
0 0.141801 0.536945 0.008737 0.004989
0 0.269489 0.536945 0.008737 0.004989
0 0.351478 0.536945 0.008737 0.004989
0 0.413306 0.539321 0.008737 0.004989
0 0.448925 0.544310 0.008737 0.004989
0 0.493952 0.539321 0.008737 0.004989
0 0.538642 0.539321 0.008737 0.004989
0 0.680444 0.539321 0.008737 0.004989
0 0.806116 0.539321 0.008737 0.004989
0 0.149194 0.767641 0.008737 0.004989
0 0.279234 0.767641 0.008737 0.004989
0 0.316532 0.767641 0.008737 0.004989
0 0.362903 0.767641 0.008737 0.004989
0 0.424059 0.762889 0.008737 0.004989
0 0.548051 0.767641 0.008737 0.004989
0 0.628024 0.767641 0.008737 0.004989
0 0.692204 0.770017 0.008737 0.004989
