0 0.669691 0.255880 0.008737 0.004989
0 0.669691 0.246139 0.008737 0.004989
0 0.669691 0.238774 0.008737 0.004989
0 0.692540 0.255880 0.008737 0.004989
0 0.692540 0.246139 0.008737 0.004989
0 0.692540 0.238774 0.008737 0.004989
0 0.715390 0.255880 0.008737 0.004989
0 0.715390 0.246139 0.008737 0.004989
0 0.715390 0.238774 0.008737 0.004989
0 0.761425 0.229033 0.008737 0.004989
0 0.793011 0.216679 0.008737 0.004989
0 0.824597 0.221668 0.008737 0.004989
0 0.156922 0.461155 0.008737 0.004989
0 0.156922 0.451414 0.008737 0.004989
0 0.180108 0.461155 0.008737 0.004989
0 0.180108 0.451414 0.008737 0.004989
0 0.203629 0.461155 0.008737 0.004989
0 0.203629 0.451414 0.008737 0.004989
0 0.250000 0.444286 0.008737 0.004989
0 0.282258 0.434307 0.008737 0.004989
0 0.314180 0.444286 0.008737 0.004989
0 0.314180 0.427180 0.008737 0.004989
0 0.436828 0.471133 0.008737 0.004989
0 0.436828 0.454027 0.008737 0.004989
0 0.457325 0.471133 0.008737 0.004989
0 0.457325 0.454027 0.008737 0.004989
0 0.477823 0.471133 0.008737 0.004989
0 0.477823 0.454027 0.008737 0.004989
0 0.518481 0.454027 0.008737 0.004989
0 0.546707 0.444286 0.008737 0.004989
0 0.574933 0.436921 0.008737 0.004989
0 0.574933 0.419815 0.008737 0.004989
0 0.692204 0.454027 0.008737 0.004989
0 0.155242 0.678784 0.008737 0.004989
0 0.371976 0.678784 0.008737 0.004989
0 0.688508 0.678784 0.008737 0.004989
0 0.146841 0.892373 0.008737 0.004989
0 0.379368 0.892373 0.008737 0.004989
0 0.149194 0.260632 0.008737 0.004989
0 0.149194 0.243526 0.008737 0.004989
0 0.168011 0.260632 0.008737 0.004989
0 0.168011 0.243526 0.008737 0.004989
0 0.186492 0.260632 0.008737 0.004989
0 0.186492 0.243526 0.008737 0.004989
0 0.223790 0.233785 0.008737 0.004989
0 0.249328 0.221668 0.008737 0.004989
0 0.274866 0.226657 0.008737 0.004989
0 0.274866 0.209551 0.008737 0.004989
0 0.388777 0.250891 0.008737 0.004989
0 0.388777 0.238774 0.008737 0.004989
0 0.410954 0.250891 0.008737 0.004989
0 0.410954 0.238774 0.008737 0.004989
0 0.433132 0.250891 0.008737 0.004989
0 0.433132 0.238774 0.008737 0.004989
0 0.477487 0.233785 0.008737 0.004989
0 0.507728 0.221668 0.008737 0.004989
0 0.538306 0.229033 0.008737 0.004989
0 0.538306 0.211927 0.008737 0.004989
0 0.669691 0.229033 0.008737 0.004989
0 0.669691 0.221668 0.008737 0.004989
0 0.692540 0.229033 0.008737 0.004989
0 0.692540 0.221668 0.008737 0.004989
0 0.715390 0.229033 0.008737 0.004989
0 0.715390 0.221668 0.008737 0.004989
0 0.156922 0.439297 0.008737 0.004989
0 0.180108 0.439297 0.008737 0.004989
0 0.203629 0.439297 0.008737 0.004989
0 0.436828 0.444286 0.008737 0.004989
0 0.436828 0.436921 0.008737 0.004989
0 0.457325 0.444286 0.008737 0.004989
0 0.457325 0.436921 0.008737 0.004989
0 0.477823 0.444286 0.008737 0.004989
0 0.477823 0.436921 0.008737 0.004989
0 0.692204 0.446662 0.008737 0.004989
0 0.786962 0.441673 0.008737 0.004989
0 0.155242 0.671418 0.008737 0.004989
0 0.218078 0.666667 0.008737 0.004989
0 0.371976 0.671418 0.008737 0.004989
0 0.510753 0.666667 0.008737 0.004989
0 0.688508 0.669043 0.008737 0.004989
0 0.814516 0.666667 0.008737 0.004989
0 0.146841 0.882632 0.008737 0.004989
0 0.222446 0.880257 0.008737 0.004989
0 0.379368 0.882632 0.008737 0.004989
0 0.449933 0.880257 0.008737 0.004989
0 0.530578 0.892373 0.008737 0.004989
0 0.530578 0.882632 0.008737 0.004989
0 0.632392 0.909480 0.008737 0.004989
0 0.632392 0.892373 0.008737 0.004989
0 0.694220 0.909480 0.008737 0.004989
0 0.694220 0.892373 0.008737 0.004989
0 0.769153 0.909480 0.008737 0.004989
0 0.769153 0.892373 0.008737 0.004989
0 0.824597 0.182704 0.008737 0.004989
0 0.149194 0.233785 0.008737 0.004989
0 0.149194 0.226657 0.008737 0.004989
0 0.149194 0.221668 0.008737 0.004989
0 0.168011 0.233785 0.008737 0.004989
0 0.168011 0.226657 0.008737 0.004989
0 0.168011 0.221668 0.008737 0.004989
0 0.186492 0.233785 0.008737 0.004989
0 0.186492 0.226657 0.008737 0.004989
0 0.186492 0.221668 0.008737 0.004989
0 0.274866 0.170349 0.008737 0.004989
0 0.274866 0.165598 0.008737 0.004989
0 0.290323 0.162984 0.008737 0.004989
0 0.305444 0.170349 0.008737 0.004989
0 0.305444 0.165598 0.008737 0.004989
0 0.320565 0.162984 0.008737 0.004989
0 0.335685 0.170349 0.008737 0.004989
0 0.335685 0.165598 0.008737 0.004989
0 0.388777 0.233785 0.008737 0.004989
0 0.388777 0.229033 0.008737 0.004989
0 0.388777 0.221668 0.008737 0.004989
0 0.410954 0.233785 0.008737 0.004989
0 0.410954 0.229033 0.008737 0.004989
0 0.410954 0.221668 0.008737 0.004989
0 0.433132 0.233785 0.008737 0.004989
0 0.433132 0.229033 0.008737 0.004989
0 0.433132 0.221668 0.008737 0.004989
0 0.538306 0.165598 0.008737 0.004989
0 0.538306 0.160608 0.008737 0.004989
0 0.560820 0.158232 0.008737 0.004989
0 0.575941 0.165598 0.008737 0.004989
0 0.575941 0.160608 0.008737 0.004989
0 0.591062 0.158232 0.008737 0.004989
0 0.606519 0.165598 0.008737 0.004989
0 0.606519 0.160608 0.008737 0.004989
0 0.669691 0.194821 0.008737 0.004989
0 0.692540 0.194821 0.008737 0.004989
0 0.715390 0.194821 0.008737 0.004989
0 0.824597 0.160608 0.008737 0.004989
0 0.824597 0.155856 0.008737 0.004989
0 0.840054 0.153243 0.008737 0.004989
0 0.855511 0.160608 0.008737 0.004989
0 0.855511 0.155856 0.008737 0.004989
0 0.870632 0.153243 0.008737 0.004989
0 0.885753 0.160608 0.008737 0.004989
0 0.885753 0.155856 0.008737 0.004989
0 0.156922 0.407460 0.008737 0.004989
0 0.164987 0.405084 0.008737 0.004989
0 0.180108 0.407460 0.008737 0.004989
0 0.188508 0.405084 0.008737 0.004989
0 0.203629 0.407460 0.008737 0.004989
0 0.211694 0.405084 0.008737 0.004989
0 0.314180 0.383226 0.008737 0.004989
0 0.314180 0.378237 0.008737 0.004989
0 0.329637 0.375861 0.008737 0.004989
0 0.344758 0.383226 0.008737 0.004989
0 0.344758 0.378237 0.008737 0.004989
0 0.359879 0.375861 0.008737 0.004989
0 0.375000 0.383226 0.008737 0.004989
0 0.375000 0.378237 0.008737 0.004989
0 0.436828 0.410074 0.008737 0.004989
0 0.436828 0.405084 0.008737 0.004989
0 0.457325 0.410074 0.008737 0.004989
0 0.457325 0.405084 0.008737 0.004989
0 0.477823 0.410074 0.008737 0.004989
0 0.477823 0.405084 0.008737 0.004989
0 0.574933 0.380613 0.008737 0.004989
0 0.574933 0.375861 0.008737 0.004989
0 0.590054 0.373485 0.008737 0.004989
0 0.605175 0.380613 0.008737 0.004989
0 0.605175 0.375861 0.008737 0.004989
0 0.620296 0.373485 0.008737 0.004989
0 0.635417 0.380613 0.008737 0.004989
0 0.635417 0.375861 0.008737 0.004989
0 0.818548 0.380613 0.008737 0.004989
0 0.818548 0.375861 0.008737 0.004989
0 0.840054 0.373485 0.008737 0.004989
0 0.855175 0.380613 0.008737 0.004989
0 0.855175 0.375861 0.008737 0.004989
0 0.870632 0.373485 0.008737 0.004989
0 0.885753 0.380613 0.008737 0.004989
0 0.885753 0.375861 0.008737 0.004989
0 0.245632 0.605607 0.008737 0.004989
0 0.245632 0.600618 0.008737 0.004989
0 0.267137 0.598242 0.008737 0.004989
0 0.282258 0.605607 0.008737 0.004989
0 0.282258 0.600618 0.008737 0.004989
0 0.297715 0.598242 0.008737 0.004989
0 0.312836 0.605607 0.008737 0.004989
0 0.312836 0.600618 0.008737 0.004989
0 0.441532 0.605607 0.008737 0.004989
0 0.441532 0.600618 0.008737 0.004989
0 0.463374 0.598242 0.008737 0.004989
0 0.479167 0.605607 0.008737 0.004989
0 0.479167 0.600618 0.008737 0.004989
0 0.494960 0.598242 0.008737 0.004989
0 0.510753 0.605607 0.008737 0.004989
0 0.510753 0.600618 0.008737 0.004989
0 0.561828 0.605607 0.008737 0.004989
0 0.561828 0.600618 0.008737 0.004989
0 0.577621 0.598242 0.008737 0.004989
0 0.593414 0.605607 0.008737 0.004989
0 0.593414 0.600618 0.008737 0.004989
0 0.609207 0.598242 0.008737 0.004989
0 0.625000 0.605607 0.008737 0.004989
0 0.625000 0.600618 0.008737 0.004989
0 0.688508 0.605607 0.008737 0.004989
0 0.688508 0.600618 0.008737 0.004989
0 0.703629 0.598242 0.008737 0.004989
0 0.718750 0.605607 0.008737 0.004989
0 0.718750 0.600618 0.008737 0.004989
0 0.734207 0.598242 0.008737 0.004989
0 0.749328 0.605607 0.008737 0.004989
0 0.749328 0.600618 0.008737 0.004989
0 0.841398 0.617724 0.008737 0.004989
0 0.841398 0.605607 0.008737 0.004989
0 0.854167 0.603231 0.008737 0.004989
0 0.866935 0.617724 0.008737 0.004989
0 0.866935 0.605607 0.008737 0.004989
0 0.879704 0.603231 0.008737 0.004989
0 0.892473 0.617724 0.008737 0.004989
0 0.892473 0.605607 0.008737 0.004989
0 0.255712 0.830601 0.008737 0.004989
0 0.255712 0.825612 0.008737 0.004989
0 0.270497 0.823236 0.008737 0.004989
0 0.285618 0.830601 0.008737 0.004989
0 0.285618 0.825612 0.008737 0.004989
0 0.300739 0.823236 0.008737 0.004989
0 0.315860 0.830601 0.008737 0.004989
0 0.315860 0.825612 0.008737 0.004989
0 0.530578 0.835353 0.008737 0.004989
0 0.530578 0.830601 0.008737 0.004989
0 0.544691 0.827988 0.008737 0.004989
0 0.558804 0.835353 0.008737 0.004989
0 0.558804 0.830601 0.008737 0.004989
0 0.572917 0.827988 0.008737 0.004989
0 0.587030 0.835353 0.008737 0.004989
0 0.587030 0.830601 0.008737 0.004989
0 0.632392 0.852459 0.008737 0.004989
0 0.694220 0.852459 0.008737 0.004989
0 0.769153 0.852459 0.008737 0.004989
0 0.149194 0.096460 0.008737 0.004989
0 0.388777 0.086719 0.008737 0.004989
0 0.433132 0.089332 0.008737 0.004989
0 0.477487 0.091708 0.008737 0.004989
0 0.507728 0.094084 0.008737 0.004989
0 0.538306 0.096460 0.008737 0.004989
0 0.669691 0.091708 0.008737 0.004989
0 0.715390 0.094084 0.008737 0.004989
0 0.761425 0.096460 0.008737 0.004989
0 0.793011 0.099073 0.008737 0.004989
0 0.824597 0.101449 0.008737 0.004989
0 0.156922 0.343312 0.008737 0.004989
0 0.203629 0.335947 0.008737 0.004989
0 0.250000 0.338323 0.008737 0.004989
0 0.436828 0.340936 0.008737 0.004989
0 0.692204 0.328582 0.008737 0.004989
0 0.723790 0.333571 0.008737 0.004989
0 0.755376 0.333571 0.008737 0.004989
0 0.885753 0.333571 0.008737 0.004989
0 0.155242 0.541459 0.008737 0.004989
0 0.190524 0.546211 0.008737 0.004989
0 0.245632 0.546211 0.008737 0.004989
0 0.371976 0.541459 0.008737 0.004989
0 0.406586 0.546211 0.008737 0.004989
0 0.441532 0.541459 0.008737 0.004989
0 0.510753 0.546211 0.008737 0.004989
0 0.561828 0.541459 0.008737 0.004989
0 0.625000 0.546211 0.008737 0.004989
0 0.688508 0.543835 0.008737 0.004989
0 0.146841 0.768591 0.008737 0.004989
0 0.189180 0.773580 0.008737 0.004989
0 0.172715 0.773580 0.006048 0.003564
0 0.180108 0.771205 0.006048 0.003564
0 0.379368 0.778570 0.008737 0.004989
