0 0.162418 0.203788 0.008170 0.005303
0 0.162418 0.191162 0.008170 0.005303
0 0.189869 0.203788 0.008170 0.005303
0 0.189869 0.191162 0.008170 0.005303
0 0.216993 0.203788 0.008170 0.005303
0 0.216993 0.191162 0.008170 0.005303
0 0.244118 0.203788 0.008170 0.005303
0 0.244118 0.191162 0.008170 0.005303
0 0.400000 0.203788 0.008170 0.005303
0 0.400000 0.191162 0.008170 0.005303
0 0.423529 0.203788 0.008170 0.005303
0 0.423529 0.191162 0.008170 0.005303
0 0.447386 0.203788 0.008170 0.005303
0 0.447386 0.191162 0.008170 0.005303
0 0.470915 0.203788 0.008170 0.005303
0 0.470915 0.191162 0.008170 0.005303
0 0.576797 0.206313 0.008170 0.005303
0 0.576797 0.188636 0.008170 0.005303
0 0.645425 0.188636 0.008170 0.005303
0 0.668301 0.191162 0.008170 0.005303
0 0.736601 0.191162 0.008170 0.005303
0 0.777124 0.193687 0.008170 0.005303
0 0.844444 0.193687 0.008170 0.005303
0 0.866667 0.193687 0.008170 0.005303
0 0.933987 0.193687 0.008170 0.005303
0 0.135294 0.375253 0.008170 0.005303
0 0.159804 0.375253 0.008170 0.005303
0 0.183987 0.375253 0.008170 0.005303
0 0.208497 0.375253 0.008170 0.005303
0 0.233007 0.375253 0.008170 0.005303
0 0.257190 0.375253 0.008170 0.005303
0 0.282680 0.375253 0.008170 0.005303
0 0.306863 0.375253 0.008170 0.005303
0 0.354248 0.372727 0.008170 0.005303
0 0.379739 0.372727 0.008170 0.005303
0 0.404902 0.385354 0.008170 0.005303
0 0.430065 0.385354 0.008170 0.005303
0 0.455229 0.380303 0.008170 0.005303
0 0.480719 0.380303 0.008170 0.005303
0 0.505882 0.397727 0.008170 0.005303
0 0.531046 0.397727 0.008170 0.005303
0 0.582026 0.372727 0.008170 0.005303
0 0.632680 0.367677 0.008170 0.005303
0 0.632680 0.362879 0.008170 0.005303
0 0.632680 0.355303 0.008170 0.005303
0 0.683660 0.372727 0.008170 0.005303
0 0.716667 0.367677 0.008170 0.005303
0 0.716667 0.362879 0.008170 0.005303
0 0.716667 0.355303 0.008170 0.005303
0 0.765359 0.382828 0.008170 0.005303
0 0.823203 0.365152 0.008170 0.005303
0 0.823203 0.360354 0.008170 0.005303
0 0.823203 0.355303 0.008170 0.005303
0 0.881046 0.382828 0.008170 0.005303
0 0.918627 0.365152 0.008170 0.005303
0 0.918627 0.360354 0.008170 0.005303
0 0.918627 0.355303 0.008170 0.005303
0 0.135294 0.543939 0.008170 0.005303
0 0.192157 0.538889 0.008170 0.005303
0 0.192157 0.533838 0.008170 0.005303
0 0.192157 0.526515 0.008170 0.005303
0 0.248693 0.543939 0.008170 0.005303
0 0.285621 0.538889 0.008170 0.005303
0 0.285621 0.533838 0.008170 0.005303
0 0.285621 0.526515 0.008170 0.005303
0 0.338235 0.551515 0.008170 0.005303
0 0.396732 0.536364 0.008170 0.005303
0 0.404248 0.533838 0.008170 0.005303
0 0.404248 0.529040 0.008170 0.005303
0 0.476144 0.551515 0.008170 0.005303
0 0.503595 0.536364 0.008170 0.005303
0 0.511438 0.533838 0.008170 0.005303
0 0.511438 0.529040 0.008170 0.005303
0 0.560458 0.543939 0.008170 0.005303
0 0.614052 0.538889 0.008170 0.005303
0 0.614052 0.533838 0.008170 0.005303
0 0.614052 0.526515 0.008170 0.005303
0 0.667647 0.543939 0.008170 0.005303
0 0.702614 0.538889 0.008170 0.005303
0 0.702614 0.533838 0.008170 0.005303
0 0.702614 0.526515 0.008170 0.005303
0 0.748366 0.554040 0.008170 0.005303
0 0.809150 0.536364 0.008170 0.005303
0 0.809150 0.531566 0.008170 0.005303
0 0.809150 0.526515 0.008170 0.005303
0 0.865033 0.554040 0.008170 0.005303
0 0.910784 0.536364 0.008170 0.005303
0 0.910784 0.531566 0.008170 0.005303
0 0.910784 0.526515 0.008170 0.005303
0 0.135294 0.721970 0.008170 0.005303
0 0.195425 0.716919 0.008170 0.005303
0 0.195425 0.711869 0.008170 0.005303
0 0.195425 0.704545 0.008170 0.005303
0 0.255556 0.721970 0.008170 0.005303
0 0.294444 0.716919 0.008170 0.005303
0 0.294444 0.711869 0.008170 0.005303
0 0.294444 0.704545 0.008170 0.005303
0 0.349020 0.729545 0.008170 0.005303
0 0.411111 0.714394 0.008170 0.005303
0 0.418954 0.711869 0.008170 0.005303
0 0.418954 0.707071 0.008170 0.005303
0 0.494444 0.729545 0.008170 0.005303
0 0.523529 0.714394 0.008170 0.005303
0 0.531373 0.711869 0.008170 0.005303
0 0.531373 0.707071 0.008170 0.005303
0 0.582353 0.721970 0.008170 0.005303
0 0.636601 0.716919 0.008170 0.005303
0 0.636601 0.711869 0.008170 0.005303
0 0.636601 0.704545 0.008170 0.005303
0 0.690523 0.721970 0.008170 0.005303
0 0.725817 0.716919 0.008170 0.005303
0 0.725817 0.711869 0.008170 0.005303
0 0.725817 0.704545 0.008170 0.005303
0 0.788889 0.721970 0.008170 0.005303
0 0.807516 0.716919 0.008170 0.005303
0 0.826471 0.714394 0.008170 0.005303
0 0.845425 0.714394 0.008170 0.005303
0 0.864052 0.711869 0.008170 0.005303
0 0.883007 0.704545 0.008170 0.005303
0 0.919608 0.711869 0.008170 0.005303
0 0.160131 0.877020 0.008170 0.005303
0 0.181699 0.871970 0.008170 0.005303
0 0.203268 0.869444 0.008170 0.005303
0 0.224837 0.869444 0.008170 0.005303
0 0.246405 0.867172 0.008170 0.005303
0 0.267974 0.859596 0.008170 0.005303
0 0.310131 0.867172 0.008170 0.005303
0 0.385294 0.894697 0.008170 0.005303
0 0.407190 0.889646 0.008170 0.005303
0 0.428758 0.887121 0.008170 0.005303
0 0.450654 0.887121 0.008170 0.005303
0 0.472549 0.884596 0.008170 0.005303
0 0.494118 0.877020 0.008170 0.005303
0 0.536601 0.884596 0.008170 0.005303
0 0.612092 0.894697 0.008170 0.005303
0 0.633987 0.889646 0.008170 0.005303
0 0.655556 0.887121 0.008170 0.005303
0 0.677451 0.887121 0.008170 0.005303
0 0.699346 0.884596 0.008170 0.005303
0 0.720915 0.877020 0.008170 0.005303
0 0.763399 0.884596 0.008170 0.005303
0 0.822222 0.894697 0.008170 0.005303
0 0.822222 0.884596 0.008170 0.005303
0 0.822222 0.877020 0.008170 0.005303
0 0.769935 0.680303 0.008170 0.005303
0 0.769935 0.675253 0.008170 0.005303
0 0.883007 0.680303 0.008170 0.005303
0 0.883007 0.675253 0.008170 0.005303
0 0.138562 0.830303 0.008170 0.005303
0 0.138562 0.825253 0.008170 0.005303
0 0.267974 0.830303 0.008170 0.005303
0 0.267974 0.825253 0.008170 0.005303
0 0.363725 0.847980 0.008170 0.005303
0 0.363725 0.842929 0.008170 0.005303
0 0.494118 0.847980 0.008170 0.005303
0 0.494118 0.842929 0.008170 0.005303
0 0.590196 0.847980 0.008170 0.005303
0 0.590196 0.842929 0.008170 0.005303
0 0.720915 0.847980 0.008170 0.005303
0 0.720915 0.842929 0.008170 0.005303
0 0.162418 0.158333 0.008170 0.005303
0 0.162418 0.153535 0.008170 0.005303
0 0.170261 0.151010 0.008170 0.005303
0 0.189869 0.158333 0.008170 0.005303
0 0.189869 0.153535 0.008170 0.005303
0 0.197386 0.151010 0.008170 0.005303
0 0.216993 0.158333 0.008170 0.005303
0 0.216993 0.153535 0.008170 0.005303
0 0.224510 0.151010 0.008170 0.005303
0 0.244118 0.158333 0.008170 0.005303
0 0.244118 0.153535 0.008170 0.005303
0 0.251961 0.151010 0.008170 0.005303
0 0.400000 0.160859 0.008170 0.005303
0 0.400000 0.155808 0.008170 0.005303
0 0.400000 0.151010 0.008170 0.005303
0 0.423529 0.160859 0.008170 0.005303
0 0.423529 0.155808 0.008170 0.005303
0 0.423529 0.151010 0.008170 0.005303
0 0.447386 0.160859 0.008170 0.005303
0 0.447386 0.155808 0.008170 0.005303
0 0.447386 0.151010 0.008170 0.005303
0 0.470915 0.160859 0.008170 0.005303
0 0.470915 0.155808 0.008170 0.005303
0 0.470915 0.151010 0.008170 0.005303
0 0.599673 0.160859 0.008170 0.005303
0 0.599673 0.153535 0.008170 0.005303
0 0.622549 0.160859 0.008170 0.005303
0 0.622549 0.153535 0.008170 0.005303
0 0.690850 0.160859 0.008170 0.005303
0 0.690850 0.155808 0.008170 0.005303
0 0.713725 0.160859 0.008170 0.005303
0 0.713725 0.155808 0.008170 0.005303
0 0.799673 0.135859 0.008170 0.005303
0 0.791830 0.130808 0.008170 0.005303
0 0.799673 0.128283 0.008170 0.005303
0 0.821895 0.135859 0.008170 0.005303
0 0.814052 0.130808 0.008170 0.005303
0 0.821895 0.128283 0.008170 0.005303
0 0.889216 0.138384 0.008170 0.005303
0 0.889216 0.133333 0.008170 0.005303
0 0.889216 0.128283 0.008170 0.005303
0 0.911438 0.138384 0.008170 0.005303
0 0.911438 0.133333 0.008170 0.005303
0 0.911438 0.128283 0.008170 0.005303
0 0.135294 0.323737 0.008170 0.005303
0 0.135294 0.316162 0.008170 0.005303
0 0.135294 0.306061 0.008170 0.005303
0 0.159804 0.323737 0.008170 0.005303
0 0.159804 0.316162 0.008170 0.005303
0 0.159804 0.306061 0.008170 0.005303
0 0.183987 0.323737 0.008170 0.005303
0 0.183987 0.316162 0.008170 0.005303
0 0.183987 0.306061 0.008170 0.005303
0 0.208497 0.323737 0.008170 0.005303
0 0.208497 0.316162 0.008170 0.005303
0 0.208497 0.306061 0.008170 0.005303
0 0.233007 0.323737 0.008170 0.005303
0 0.233007 0.316162 0.008170 0.005303
0 0.233007 0.306061 0.008170 0.005303
0 0.257190 0.323737 0.008170 0.005303
0 0.257190 0.316162 0.008170 0.005303
0 0.257190 0.306061 0.008170 0.005303
0 0.274837 0.318687 0.008170 0.005303
0 0.282680 0.316162 0.008170 0.005303
0 0.282680 0.306061 0.008170 0.005303
0 0.299346 0.318687 0.008170 0.005303
0 0.306863 0.316162 0.008170 0.005303
0 0.306863 0.306061 0.008170 0.005303
0 0.354248 0.321212 0.008170 0.005303
0 0.354248 0.316162 0.008170 0.005303
0 0.354248 0.303788 0.008170 0.005303
0 0.379739 0.321212 0.008170 0.005303
0 0.379739 0.316162 0.008170 0.005303
0 0.379739 0.303788 0.008170 0.005303
0 0.404902 0.321212 0.008170 0.005303
0 0.404902 0.316162 0.008170 0.005303
0 0.404902 0.308586 0.008170 0.005303
0 0.430065 0.321212 0.008170 0.005303
0 0.430065 0.316162 0.008170 0.005303
0 0.430065 0.308586 0.008170 0.005303
0 0.455229 0.323737 0.008170 0.005303
0 0.455229 0.316162 0.008170 0.005303
0 0.455229 0.311111 0.008170 0.005303
0 0.480719 0.323737 0.008170 0.005303
0 0.480719 0.316162 0.008170 0.005303
0 0.480719 0.311111 0.008170 0.005303
0 0.498039 0.318687 0.008170 0.005303
0 0.505882 0.316162 0.008170 0.005303
0 0.505882 0.306061 0.008170 0.005303
0 0.523529 0.318687 0.008170 0.005303
0 0.531046 0.316162 0.008170 0.005303
0 0.531046 0.306061 0.008170 0.005303
0 0.599020 0.338636 0.008170 0.005303
0 0.615686 0.333838 0.008170 0.005303
0 0.632680 0.331313 0.008170 0.005303
0 0.650000 0.331313 0.008170 0.005303
0 0.666993 0.328788 0.008170 0.005303
0 0.683660 0.316162 0.008170 0.005303
0 0.716667 0.321212 0.008170 0.005303
0 0.784641 0.338636 0.008170 0.005303
0 0.803922 0.331313 0.008170 0.005303
0 0.823203 0.326263 0.008170 0.005303
0 0.842484 0.323737 0.008170 0.005303
0 0.861765 0.323737 0.008170 0.005303
0 0.881046 0.318687 0.008170 0.005303
0 0.918627 0.321212 0.008170 0.005303
0 0.154248 0.518939 0.008170 0.005303
0 0.173203 0.513889 0.008170 0.005303
0 0.192157 0.511364 0.008170 0.005303
0 0.211111 0.511364 0.008170 0.005303
0 0.230065 0.508838 0.008170 0.005303
0 0.248693 0.496465 0.008170 0.005303
0 0.285621 0.501515 0.008170 0.005303
0 0.360131 0.516414 0.008170 0.005303
0 0.382353 0.511364 0.008170 0.005303
0 0.404248 0.511364 0.008170 0.005303
0 0.426471 0.508838 0.008170 0.005303
0 0.453922 0.504040 0.008170 0.005303
0 0.476144 0.493939 0.008170 0.005303
0 0.511438 0.498990 0.008170 0.005303
0 0.578431 0.518939 0.008170 0.005303
0 0.596078 0.513889 0.008170 0.005303
0 0.614052 0.511364 0.008170 0.005303
0 0.632026 0.511364 0.008170 0.005303
0 0.649673 0.508838 0.008170 0.005303
0 0.667647 0.496465 0.008170 0.005303
0 0.702614 0.501515 0.008170 0.005303
0 0.766993 0.518939 0.008170 0.005303
0 0.790523 0.511364 0.008170 0.005303
0 0.809150 0.506313 0.008170 0.005303
0 0.827778 0.504040 0.008170 0.005303
0 0.846405 0.504040 0.008170 0.005303
0 0.865033 0.498990 0.008170 0.005303
0 0.910784 0.501515 0.008170 0.005303
0 0.155229 0.685354 0.008170 0.005303
0 0.175490 0.680303 0.008170 0.005303
0 0.195425 0.677778 0.008170 0.005303
0 0.215359 0.677778 0.008170 0.005303
0 0.235294 0.675253 0.008170 0.005303
0 0.255556 0.662879 0.008170 0.005303
0 0.294444 0.667929 0.008170 0.005303
0 0.372222 0.682828 0.008170 0.005303
0 0.395425 0.677778 0.008170 0.005303
0 0.418954 0.677778 0.008170 0.005303
0 0.442157 0.675253 0.008170 0.005303
0 0.471242 0.670455 0.008170 0.005303
0 0.494444 0.660354 0.008170 0.005303
0 0.531373 0.665404 0.008170 0.005303
0 0.600327 0.685354 0.008170 0.005303
0 0.618301 0.680303 0.008170 0.005303
0 0.636601 0.677778 0.008170 0.005303
0 0.654575 0.677778 0.008170 0.005303
0 0.672549 0.675253 0.008170 0.005303
0 0.690523 0.662879 0.008170 0.005303
0 0.725817 0.667929 0.008170 0.005303
0 0.826471 0.667929 0.008170 0.005303
0 0.919608 0.662879 0.008170 0.005303
0 0.203268 0.817677 0.008170 0.005303
0 0.310131 0.812879 0.008170 0.005303
0 0.428758 0.835354 0.008170 0.005303
0 0.536601 0.830303 0.008170 0.005303
0 0.655556 0.835354 0.008170 0.005303
0 0.763399 0.830303 0.008170 0.005303
0 0.822222 0.847727 0.008170 0.005303
0 0.822222 0.842929 0.008170 0.005303
0 0.822222 0.835354 0.008170 0.005303
0 0.135294 0.073232 0.008170 0.005303
0 0.244118 0.073232 0.008170 0.005303
0 0.271242 0.080556 0.008170 0.005303
0 0.298693 0.085606 0.008170 0.005303
0 0.325817 0.090657 0.008170 0.005303
0 0.376144 0.078030 0.008170 0.005303
0 0.518627 0.083081 0.008170 0.005303
0 0.576797 0.075505 0.008170 0.005303
0 0.645425 0.075505 0.008170 0.005303
0 0.668301 0.078030 0.008170 0.005303
0 0.736601 0.078030 0.008170 0.005303
0 0.777124 0.070707 0.008170 0.005303
0 0.821895 0.080556 0.008170 0.005303
0 0.911438 0.080556 0.008170 0.005303
0 0.135294 0.248737 0.008170 0.005303
0 0.233007 0.248737 0.008170 0.005303
0 0.282680 0.248737 0.008170 0.005303
0 0.354248 0.246212 0.008170 0.005303
0 0.404902 0.251263 0.008170 0.005303
0 0.455229 0.253788 0.008170 0.005303
0 0.505882 0.248737 0.008170 0.005303
0 0.582026 0.251263 0.008170 0.005303
0 0.716667 0.251263 0.008170 0.005303
0 0.765359 0.256313 0.008170 0.005303
0 0.823203 0.256313 0.008170 0.005303
0 0.881046 0.256313 0.008170 0.005303
0 0.918627 0.251263 0.008170 0.005303
0 0.135294 0.430303 0.008170 0.005303
0 0.248693 0.437879 0.008170 0.005303
0 0.285621 0.437879 0.008170 0.005303
0 0.338235 0.437879 0.008170 0.005303
0 0.440196 0.437879 0.008170 0.005303
0 0.476144 0.428030 0.008170 0.005303
0 0.511438 0.432828 0.008170 0.005303
0 0.560458 0.430303 0.008170 0.005303
0 0.702614 0.430303 0.008170 0.005303
0 0.748366 0.432828 0.008170 0.005303
0 0.778758 0.435354 0.008170 0.005303
0 0.809150 0.435354 0.008170 0.005303
0 0.865033 0.435354 0.008170 0.005303
0 0.887908 0.430303 0.008170 0.005303
0 0.910784 0.432828 0.008170 0.005303
0 0.933333 0.428030 0.008170 0.005303
0 0.135294 0.601515 0.008170 0.005303
0 0.255556 0.609091 0.008170 0.005303
0 0.294444 0.609091 0.008170 0.005303
0 0.349020 0.609091 0.008170 0.005303
0 0.456536 0.609091 0.008170 0.005303
0 0.494444 0.598990 0.008170 0.005303
0 0.531373 0.604040 0.008170 0.005303
0 0.582353 0.601515 0.008170 0.005303
