0 0.163306 0.207888 0.010753 0.006177
0 0.163306 0.201948 0.010753 0.006177
0 0.187500 0.207888 0.010753 0.006177
0 0.187500 0.201948 0.010753 0.006177
0 0.236559 0.207888 0.010753 0.006177
0 0.236559 0.201948 0.010753 0.006177
0 0.278226 0.204799 0.010753 0.006177
0 0.278226 0.198860 0.010753 0.006177
0 0.302419 0.204799 0.010753 0.006177
0 0.302419 0.198860 0.010753 0.006177
0 0.326949 0.204799 0.010753 0.006177
0 0.326949 0.198860 0.010753 0.006177
0 0.388441 0.243763 0.010753 0.006177
0 0.388441 0.231884 0.010753 0.006177
0 0.411962 0.243763 0.010753 0.006177
0 0.411962 0.237824 0.010753 0.006177
0 0.435484 0.243763 0.010753 0.006177
0 0.435484 0.237824 0.010753 0.006177
0 0.459005 0.246614 0.010753 0.006177
0 0.459005 0.237824 0.010753 0.006177
0 0.482527 0.246614 0.010753 0.006177
0 0.482527 0.237824 0.010753 0.006177
0 0.506048 0.246614 0.010753 0.006177
0 0.506048 0.237824 0.010753 0.006177
0 0.560484 0.249703 0.010753 0.006177
0 0.560484 0.237824 0.010753 0.006177
0 0.583333 0.249703 0.010753 0.006177
0 0.583333 0.237824 0.010753 0.006177
0 0.605847 0.249703 0.010753 0.006177
0 0.605847 0.237824 0.010753 0.006177
0 0.647513 0.240912 0.010753 0.006177
0 0.647513 0.231884 0.010753 0.006177
0 0.670027 0.240912 0.010753 0.006177
0 0.670027 0.231884 0.010753 0.006177
0 0.714382 0.240912 0.010753 0.006177
0 0.714382 0.231884 0.010753 0.006177
0 0.780242 0.243763 0.010753 0.006177
0 0.780242 0.237824 0.010753 0.006177
0 0.803427 0.243763 0.010753 0.006177
0 0.803427 0.237824 0.010753 0.006177
0 0.826277 0.243763 0.010753 0.006177
0 0.826277 0.237824 0.010753 0.006177
0 0.854839 0.243763 0.010753 0.006177
0 0.854839 0.237824 0.010753 0.006177
0 0.877688 0.243763 0.010753 0.006177
0 0.877688 0.237824 0.010753 0.006177
0 0.900538 0.243763 0.010753 0.006177
0 0.900538 0.237824 0.010753 0.006177
0 0.154570 0.550962 0.010753 0.006177
0 0.154570 0.545023 0.010753 0.006177
0 0.184140 0.550962 0.010753 0.006177
0 0.184140 0.545023 0.010753 0.006177
0 0.213710 0.550962 0.010753 0.006177
0 0.213710 0.545023 0.010753 0.006177
0 0.248992 0.568544 0.010753 0.006177
0 0.239247 0.550962 0.010753 0.006177
0 0.248992 0.547874 0.010753 0.006177
0 0.278898 0.568544 0.010753 0.006177
0 0.278898 0.553813 0.010753 0.006177
0 0.278898 0.547874 0.010753 0.006177
0 0.329637 0.568544 0.010753 0.006177
0 0.329637 0.556902 0.010753 0.006177
0 0.329637 0.547874 0.010753 0.006177
0 0.381048 0.568544 0.010753 0.006177
0 0.381048 0.553813 0.010753 0.006177
0 0.405578 0.568544 0.010753 0.006177
0 0.405578 0.553813 0.010753 0.006177
0 0.429772 0.568544 0.010753 0.006177
0 0.429772 0.553813 0.010753 0.006177
0 0.454301 0.568544 0.010753 0.006177
0 0.454301 0.553813 0.010753 0.006177
0 0.478495 0.568544 0.010753 0.006177
0 0.478495 0.553813 0.010753 0.006177
0 0.503024 0.568544 0.010753 0.006177
0 0.503024 0.553813 0.010753 0.006177
0 0.561156 0.568544 0.010753 0.006177
0 0.561156 0.559753 0.010753 0.006177
0 0.588374 0.568544 0.010753 0.006177
0 0.588374 0.559753 0.010753 0.006177
0 0.615927 0.568544 0.010753 0.006177
0 0.615927 0.559753 0.010753 0.006177
0 0.658266 0.571632 0.010753 0.006177
0 0.658266 0.559753 0.010753 0.006177
0 0.685484 0.571632 0.010753 0.006177
0 0.685484 0.559753 0.010753 0.006177
0 0.712702 0.571632 0.010753 0.006177
0 0.712702 0.559753 0.010753 0.006177
0 0.773185 0.574483 0.010753 0.006177
0 0.773185 0.559753 0.010753 0.006177
0 0.797715 0.574483 0.010753 0.006177
0 0.797715 0.559753 0.010753 0.006177
0 0.822581 0.574483 0.010753 0.006177
0 0.822581 0.559753 0.010753 0.006177
0 0.847446 0.574483 0.010753 0.006177
0 0.847446 0.559753 0.010753 0.006177
0 0.872312 0.574483 0.010753 0.006177
0 0.872312 0.559753 0.010753 0.006177
0 0.897177 0.571632 0.010753 0.006177
0 0.897177 0.559753 0.010753 0.006177
0 0.163306 0.882870 0.010753 0.006177
0 0.163306 0.874079 0.010753 0.006177
0 0.186828 0.882870 0.010753 0.006177
0 0.186828 0.874079 0.010753 0.006177
0 0.210013 0.882870 0.010753 0.006177
0 0.210013 0.874079 0.010753 0.006177
0 0.254368 0.885959 0.010753 0.006177
0 0.254368 0.874079 0.010753 0.006177
0 0.279234 0.885959 0.010753 0.006177
0 0.279234 0.874079 0.010753 0.006177
0 0.319556 0.885959 0.010753 0.006177
0 0.319556 0.874079 0.010753 0.006177
0 0.372984 0.888810 0.010753 0.006177
0 0.372984 0.874079 0.010753 0.006177
0 0.395833 0.888810 0.010753 0.006177
0 0.395833 0.874079 0.010753 0.006177
0 0.418683 0.888810 0.010753 0.006177
0 0.418683 0.874079 0.010753 0.006177
0 0.453293 0.868140 0.010753 0.006177
0 0.453293 0.862200 0.010753 0.006177
0 0.476142 0.868140 0.010753 0.006177
0 0.476142 0.862200 0.010753 0.006177
0 0.498992 0.868140 0.010753 0.006177
0 0.498992 0.862200 0.010753 0.006177
0 0.555108 0.865289 0.010753 0.006177
0 0.555108 0.859349 0.010753 0.006177
0 0.575269 0.865289 0.010753 0.006177
0 0.575269 0.859349 0.010753 0.006177
0 0.620296 0.865289 0.010753 0.006177
0 0.620296 0.859349 0.010753 0.006177
0 0.645161 0.865289 0.010753 0.006177
0 0.654906 0.862200 0.010753 0.006177
0 0.654906 0.856498 0.010753 0.006177
0 0.670363 0.865289 0.010753 0.006177
0 0.680444 0.862200 0.010753 0.006177
0 0.680444 0.856498 0.010753 0.006177
0 0.717070 0.865289 0.010753 0.006177
0 0.727151 0.862200 0.010753 0.006177
0 0.727151 0.856498 0.010753 0.006177
0 0.784946 0.903540 0.010753 0.006177
0 0.784946 0.897600 0.010753 0.006177
0 0.784946 0.882870 0.010753 0.006177
0 0.816532 0.903540 0.010753 0.006177
0 0.816532 0.897600 0.010753 0.006177
0 0.816532 0.882870 0.010753 0.006177
0 0.835349 0.903540 0.010753 0.006177
0 0.835349 0.897600 0.010753 0.006177
0 0.835349 0.882870 0.010753 0.006177
0 0.861559 0.900689 0.010753 0.006177
0 0.861559 0.894749 0.010753 0.006177
0 0.861559 0.885959 0.010753 0.006177
0 0.880712 0.900689 0.010753 0.006177
0 0.880712 0.894749 0.010753 0.006177
0 0.880712 0.885959 0.010753 0.006177
0 0.899530 0.900689 0.010753 0.006177
0 0.899530 0.894749 0.010753 0.006177
0 0.899530 0.885959 0.010753 0.006177
0 0.163306 0.196009 0.010753 0.006177
0 0.163306 0.190069 0.010753 0.006177
0 0.163306 0.181278 0.010753 0.006177
0 0.187500 0.196009 0.010753 0.006177
0 0.187500 0.190069 0.010753 0.006177
0 0.187500 0.181278 0.010753 0.006177
0 0.236559 0.196009 0.010753 0.006177
0 0.246640 0.193158 0.010753 0.006177
0 0.236559 0.181278 0.010753 0.006177
0 0.278226 0.193158 0.010753 0.006177
0 0.278226 0.187218 0.010753 0.006177
0 0.288306 0.184129 0.010753 0.006177
0 0.302419 0.193158 0.010753 0.006177
0 0.302419 0.187218 0.010753 0.006177
0 0.312500 0.184129 0.010753 0.006177
0 0.326949 0.193158 0.010753 0.006177
0 0.326949 0.187218 0.010753 0.006177
0 0.336694 0.184129 0.010753 0.006177
0 0.388441 0.196009 0.010753 0.006177
0 0.388441 0.190069 0.010753 0.006177
0 0.388441 0.184129 0.010753 0.006177
0 0.411962 0.204799 0.010753 0.006177
0 0.411962 0.196009 0.010753 0.006177
0 0.411962 0.190069 0.010753 0.006177
0 0.435484 0.204799 0.010753 0.006177
0 0.435484 0.196009 0.010753 0.006177
0 0.435484 0.190069 0.010753 0.006177
0 0.459005 0.204799 0.010753 0.006177
0 0.459005 0.193158 0.010753 0.006177
0 0.468750 0.190069 0.010753 0.006177
0 0.482527 0.204799 0.010753 0.006177
0 0.482527 0.193158 0.010753 0.006177
0 0.492272 0.190069 0.010753 0.006177
0 0.506048 0.204799 0.010753 0.006177
0 0.506048 0.193158 0.010753 0.006177
0 0.515793 0.190069 0.010753 0.006177
0 0.560484 0.201948 0.010753 0.006177
0 0.560484 0.196009 0.010753 0.006177
0 0.560484 0.190069 0.010753 0.006177
0 0.583333 0.201948 0.010753 0.006177
0 0.583333 0.196009 0.010753 0.006177
0 0.583333 0.190069 0.010753 0.006177
0 0.605847 0.201948 0.010753 0.006177
0 0.605847 0.196009 0.010753 0.006177
0 0.605847 0.190069 0.010753 0.006177
0 0.647513 0.210739 0.010753 0.006177
0 0.647513 0.198860 0.010753 0.006177
0 0.647513 0.190069 0.010753 0.006177
0 0.670027 0.210739 0.010753 0.006177
0 0.670027 0.198860 0.010753 0.006177
0 0.670027 0.190069 0.010753 0.006177
0 0.714382 0.210739 0.010753 0.006177
0 0.714382 0.198860 0.010753 0.006177
0 0.714382 0.190069 0.010753 0.006177
0 0.780242 0.201948 0.010753 0.006177
0 0.780242 0.190069 0.010753 0.006177
0 0.803427 0.201948 0.010753 0.006177
0 0.803427 0.190069 0.010753 0.006177
0 0.826277 0.201948 0.010753 0.006177
0 0.826277 0.190069 0.010753 0.006177
0 0.854839 0.201948 0.010753 0.006177
0 0.854839 0.190069 0.010753 0.006177
0 0.877688 0.201948 0.010753 0.006177
0 0.877688 0.190069 0.010753 0.006177
0 0.900538 0.201948 0.010753 0.006177
0 0.900538 0.190069 0.010753 0.006177
0 0.154570 0.512473 0.010753 0.006177
0 0.154570 0.497743 0.010753 0.006177
0 0.184140 0.512473 0.010753 0.006177
0 0.184140 0.497743 0.010753 0.006177
0 0.213710 0.512473 0.010753 0.006177
0 0.213710 0.503683 0.010753 0.006177
0 0.248992 0.515562 0.010753 0.006177
0 0.248992 0.509622 0.010753 0.006177
0 0.278898 0.515562 0.010753 0.006177
0 0.278898 0.506771 0.010753 0.006177
0 0.329637 0.515562 0.010753 0.006177
0 0.329637 0.503683 0.010753 0.006177
0 0.381048 0.515562 0.010753 0.006177
0 0.381048 0.506771 0.010753 0.006177
0 0.405578 0.515562 0.010753 0.006177
0 0.405578 0.509622 0.010753 0.006177
0 0.415323 0.506771 0.010753 0.006177
0 0.429772 0.515562 0.010753 0.006177
0 0.429772 0.509622 0.010753 0.006177
0 0.439852 0.506771 0.010753 0.006177
0 0.454301 0.515562 0.010753 0.006177
0 0.454301 0.509622 0.010753 0.006177
0 0.464046 0.506771 0.010753 0.006177
0 0.478495 0.515562 0.010753 0.006177
0 0.478495 0.509622 0.010753 0.006177
0 0.488575 0.506771 0.010753 0.006177
0 0.503024 0.515562 0.010753 0.006177
0 0.503024 0.509622 0.010753 0.006177
0 0.512769 0.506771 0.010753 0.006177
0 0.561156 0.515562 0.010753 0.006177
0 0.571237 0.512473 0.010753 0.006177
0 0.561156 0.506771 0.010753 0.006177
0 0.588374 0.515562 0.010753 0.006177
0 0.598454 0.512473 0.010753 0.006177
0 0.588374 0.506771 0.010753 0.006177
0 0.615927 0.515562 0.010753 0.006177
0 0.625672 0.512473 0.010753 0.006177
0 0.615927 0.506771 0.010753 0.006177
0 0.658266 0.515562 0.010753 0.006177
0 0.668011 0.512473 0.010753 0.006177
0 0.658266 0.503683 0.010753 0.006177
0 0.685484 0.515562 0.010753 0.006177
0 0.695565 0.512473 0.010753 0.006177
0 0.685484 0.503683 0.010753 0.006177
0 0.712702 0.515562 0.010753 0.006177
0 0.722782 0.512473 0.010753 0.006177
0 0.712702 0.503683 0.010753 0.006177
0 0.773185 0.515562 0.010753 0.006177
0 0.773185 0.497743 0.010753 0.006177
0 0.797715 0.515562 0.010753 0.006177
0 0.797715 0.497743 0.010753 0.006177
0 0.822581 0.515562 0.010753 0.006177
0 0.832661 0.512473 0.010753 0.006177
0 0.822581 0.500832 0.010753 0.006177
0 0.847446 0.515562 0.010753 0.006177
0 0.857191 0.512473 0.010753 0.006177
0 0.847446 0.500832 0.010753 0.006177
0 0.872312 0.515562 0.010753 0.006177
0 0.882056 0.512473 0.010753 0.006177
0 0.872312 0.500832 0.010753 0.006177
0 0.897177 0.515562 0.010753 0.006177
0 0.906922 0.512473 0.010753 0.006177
0 0.897177 0.503683 0.010753 0.006177
0 0.163306 0.823236 0.010753 0.006177
0 0.173387 0.820385 0.010753 0.006177
0 0.163306 0.814445 0.010753 0.006177
0 0.186828 0.823236 0.010753 0.006177
0 0.196573 0.820385 0.010753 0.006177
0 0.186828 0.814445 0.010753 0.006177
0 0.210013 0.823236 0.010753 0.006177
0 0.220094 0.820385 0.010753 0.006177
0 0.210013 0.814445 0.010753 0.006177
0 0.254368 0.823236 0.010753 0.006177
0 0.264449 0.820385 0.010753 0.006177
0 0.254368 0.811357 0.010753 0.006177
0 0.279234 0.823236 0.010753 0.006177
0 0.288978 0.820385 0.010753 0.006177
0 0.279234 0.811357 0.010753 0.006177
0 0.319556 0.823236 0.010753 0.006177
0 0.329637 0.820385 0.010753 0.006177
0 0.319556 0.811357 0.010753 0.006177
0 0.372984 0.823236 0.010753 0.006177
0 0.382728 0.820385 0.010753 0.006177
0 0.372984 0.808506 0.010753 0.006177
0 0.395833 0.823236 0.010753 0.006177
0 0.405914 0.820385 0.010753 0.006177
0 0.395833 0.808506 0.010753 0.006177
0 0.418683 0.823236 0.010753 0.006177
0 0.428763 0.820385 0.010753 0.006177
0 0.418683 0.808506 0.010753 0.006177
0 0.453293 0.823236 0.010753 0.006177
0 0.463038 0.820385 0.010753 0.006177
0 0.453293 0.808506 0.010753 0.006177
0 0.476142 0.823236 0.010753 0.006177
0 0.486223 0.820385 0.010753 0.006177
0 0.476142 0.808506 0.010753 0.006177
0 0.498992 0.823236 0.010753 0.006177
0 0.509073 0.820385 0.010753 0.006177
0 0.498992 0.808506 0.010753 0.006177
0 0.555108 0.820385 0.010753 0.006177
0 0.555108 0.811357 0.010753 0.006177
0 0.555108 0.805655 0.010753 0.006177
0 0.575269 0.820385 0.010753 0.006177
0 0.575269 0.811357 0.010753 0.006177
0 0.575269 0.805655 0.010753 0.006177
0 0.620296 0.820385 0.010753 0.006177
0 0.620296 0.811357 0.010753 0.006177
0 0.620296 0.805655 0.010753 0.006177
0 0.654906 0.817296 0.010753 0.006177
0 0.654906 0.808506 0.010753 0.006177
0 0.654906 0.802566 0.010753 0.006177
0 0.680444 0.817296 0.010753 0.006177
0 0.680444 0.808506 0.010753 0.006177
0 0.680444 0.802566 0.010753 0.006177
0 0.727151 0.817296 0.010753 0.006177
0 0.727151 0.808506 0.010753 0.006177
0 0.727151 0.802566 0.010753 0.006177
0 0.784946 0.817296 0.010753 0.006177
0 0.784946 0.808506 0.010753 0.006177
0 0.784946 0.796626 0.010753 0.006177
0 0.816532 0.820385 0.010753 0.006177
0 0.816532 0.808506 0.010753 0.006177
0 0.816532 0.799715 0.010753 0.006177
0 0.835349 0.820385 0.010753 0.006177
0 0.835349 0.808506 0.010753 0.006177
0 0.835349 0.799715 0.010753 0.006177
0 0.861559 0.820385 0.010753 0.006177
0 0.861559 0.805655 0.010753 0.006177
0 0.861559 0.799715 0.010753 0.006177
0 0.880712 0.820385 0.010753 0.006177
0 0.880712 0.805655 0.010753 0.006177
0 0.880712 0.799715 0.010753 0.006177
0 0.899530 0.820385 0.010753 0.006177
0 0.899530 0.805655 0.010753 0.006177
0 0.899530 0.799715 0.010753 0.006177
0 0.163306 0.100499 0.010753 0.006177
0 0.206653 0.103350 0.010753 0.006177
0 0.236559 0.103350 0.010753 0.006177
0 0.278226 0.097410 0.010753 0.006177
0 0.302419 0.100499 0.010753 0.006177
0 0.326949 0.103350 0.010753 0.006177
0 0.388441 0.100499 0.010753 0.006177
0 0.506048 0.100499 0.010753 0.006177
0 0.560484 0.100499 0.010753 0.006177
0 0.605847 0.100499 0.010753 0.006177
0 0.647513 0.100499 0.010753 0.006177
0 0.686492 0.097410 0.010753 0.006177
0 0.714382 0.094559 0.010753 0.006177
0 0.780242 0.091708 0.010753 0.006177
0 0.826277 0.091708 0.010753 0.006177
0 0.900538 0.091708 0.010753 0.006177
0 0.154570 0.391304 0.010753 0.006177
0 0.184140 0.397006 0.010753 0.006177
0 0.213710 0.402946 0.010753 0.006177
0 0.248992 0.408886 0.010753 0.006177
0 0.297379 0.406035 0.010753 0.006177
0 0.329637 0.402946 0.010753 0.006177
0 0.381048 0.406035 0.010753 0.006177
0 0.503024 0.406035 0.010753 0.006177
0 0.561156 0.406035 0.010753 0.006177
0 0.615927 0.406035 0.010753 0.006177
0 0.658266 0.402946 0.010753 0.006177
0 0.712702 0.402946 0.010753 0.006177
0 0.773185 0.397006 0.010753 0.006177
0 0.822581 0.400095 0.010753 0.006177
0 0.897177 0.402946 0.010753 0.006177
0 0.163306 0.716085 0.010753 0.006177
0 0.210013 0.716085 0.010753 0.006177
0 0.254368 0.712996 0.010753 0.006177
0 0.294019 0.716085 0.010753 0.006177
0 0.319556 0.712996 0.010753 0.006177
0 0.372984 0.707294 0.010753 0.006177
0 0.418683 0.710145 0.010753 0.006177
0 0.498992 0.710145 0.010753 0.006177
0 0.555108 0.707294 0.010753 0.006177
0 0.588038 0.707294 0.010753 0.006177
0 0.620296 0.707294 0.010753 0.006177
0 0.654906 0.704205 0.010753 0.006177
0 0.692876 0.707294 0.010753 0.006177
0 0.727151 0.704205 0.010753 0.006177
0 0.784946 0.698266 0.010753 0.006177
0 0.816532 0.701354 0.010753 0.006177
0 0.899530 0.701354 0.010753 0.006177
