0 0.145161 0.224519 0.008401 0.004989
0 0.145161 0.219767 0.008401 0.004989
0 0.433132 0.226895 0.008401 0.004989
0 0.433132 0.219767 0.008401 0.004989
0 0.145161 0.245664 0.008401 0.004989
0 0.145161 0.236398 0.008401 0.004989
0 0.145161 0.229271 0.008401 0.004989
0 0.180108 0.236398 0.008401 0.004989
0 0.197917 0.229271 0.008401 0.004989
0 0.215726 0.224519 0.008401 0.004989
0 0.233871 0.219767 0.008401 0.004989
0 0.251680 0.224519 0.008401 0.004989
0 0.269489 0.229271 0.008401 0.004989
0 0.287634 0.224519 0.008401 0.004989
0 0.305444 0.219767 0.008401 0.004989
0 0.323253 0.212640 0.008401 0.004989
0 0.341062 0.208125 0.008401 0.004989
0 0.433132 0.252792 0.008401 0.004989
0 0.433132 0.243288 0.008401 0.004989
0 0.433132 0.236398 0.008401 0.004989
0 0.465054 0.231646 0.008401 0.004989
0 0.481519 0.226895 0.008401 0.004989
0 0.497984 0.219767 0.008401 0.004989
0 0.514449 0.173438 0.008401 0.004989
0 0.530914 0.219767 0.008401 0.004989
0 0.547379 0.226895 0.008401 0.004989
0 0.563844 0.219767 0.008401 0.004989
0 0.580309 0.173438 0.008401 0.004989
0 0.596774 0.168686 0.008401 0.004989
0 0.613239 0.161559 0.008401 0.004989
0 0.699933 0.231646 0.008401 0.004989
0 0.699933 0.222143 0.008401 0.004989
0 0.699933 0.217391 0.008401 0.004989
0 0.738575 0.231646 0.008401 0.004989
0 0.738575 0.222143 0.008401 0.004989
0 0.738575 0.217391 0.008401 0.004989
0 0.777218 0.231646 0.008401 0.004989
0 0.777218 0.222143 0.008401 0.004989
0 0.777218 0.217391 0.008401 0.004989
0 0.815524 0.231646 0.008401 0.004989
0 0.815524 0.222143 0.008401 0.004989
0 0.815524 0.217391 0.008401 0.004989
0 0.854167 0.231646 0.008401 0.004989
0 0.854167 0.222143 0.008401 0.004989
0 0.854167 0.217391 0.008401 0.004989
0 0.892809 0.231646 0.008401 0.004989
0 0.892809 0.222143 0.008401 0.004989
0 0.892809 0.217391 0.008401 0.004989
0 0.137433 0.438109 0.008401 0.004989
0 0.137433 0.430981 0.008401 0.004989
0 0.179099 0.438109 0.008401 0.004989
0 0.179099 0.433357 0.008401 0.004989
0 0.220766 0.438109 0.008401 0.004989
0 0.220766 0.428843 0.008401 0.004989
0 0.410618 0.445236 0.008401 0.004989
0 0.410618 0.430981 0.008401 0.004989
0 0.456317 0.445236 0.008401 0.004989
0 0.456317 0.433357 0.008401 0.004989
0 0.502016 0.445236 0.008401 0.004989
0 0.502016 0.430981 0.008401 0.004989
0 0.547715 0.445236 0.008401 0.004989
0 0.547715 0.433357 0.008401 0.004989
0 0.593414 0.445236 0.008401 0.004989
0 0.593414 0.430981 0.008401 0.004989
0 0.639449 0.445236 0.008401 0.004989
0 0.639449 0.430981 0.008401 0.004989
0 0.696909 0.442861 0.008401 0.004989
0 0.696909 0.433357 0.008401 0.004989
0 0.735887 0.442861 0.008401 0.004989
0 0.735887 0.433357 0.008401 0.004989
0 0.775202 0.447612 0.008401 0.004989
0 0.775202 0.438109 0.008401 0.004989
0 0.814180 0.454740 0.008401 0.004989
0 0.853159 0.440485 0.008401 0.004989
0 0.892137 0.442861 0.008401 0.004989
0 0.152218 0.681159 0.008401 0.004989
0 0.152218 0.664766 0.008401 0.004989
0 0.187164 0.664766 0.008401 0.004989
0 0.204637 0.660014 0.008401 0.004989
0 0.222446 0.627465 0.008401 0.004989
0 0.240255 0.625089 0.008401 0.004989
0 0.258065 0.627465 0.008401 0.004989
0 0.275874 0.660014 0.008401 0.004989
0 0.293683 0.627465 0.008401 0.004989
0 0.311492 0.625089 0.008401 0.004989
0 0.329301 0.620337 0.008401 0.004989
0 0.347110 0.608458 0.008401 0.004989
0 0.434140 0.681159 0.008401 0.004989
0 0.434140 0.664766 0.008401 0.004989
0 0.467742 0.664766 0.008401 0.004989
0 0.484879 0.657638 0.008401 0.004989
0 0.502016 0.629841 0.008401 0.004989
0 0.519153 0.617962 0.008401 0.004989
0 0.536290 0.625089 0.008401 0.004989
0 0.553427 0.629841 0.008401 0.004989
0 0.570565 0.625089 0.008401 0.004989
0 0.587702 0.617962 0.008401 0.004989
0 0.604839 0.613210 0.008401 0.004989
0 0.622312 0.608458 0.008401 0.004989
0 0.701277 0.681159 0.008401 0.004989
0 0.731519 0.676408 0.008401 0.004989
0 0.746976 0.667142 0.008401 0.004989
0 0.762433 0.664766 0.008401 0.004989
0 0.777890 0.660014 0.008401 0.004989
0 0.793683 0.664766 0.008401 0.004989
0 0.809140 0.667142 0.008401 0.004989
0 0.824597 0.664766 0.008401 0.004989
0 0.840054 0.660014 0.008401 0.004989
0 0.855511 0.655263 0.008401 0.004989
0 0.870968 0.650511 0.008401 0.004989
0 0.139785 0.901164 0.008401 0.004989
0 0.172715 0.891898 0.008401 0.004989
0 0.189852 0.880019 0.008401 0.004989
0 0.206989 0.875267 0.008401 0.004989
0 0.223790 0.868140 0.008401 0.004989
0 0.240927 0.875267 0.008401 0.004989
0 0.258065 0.880019 0.008401 0.004989
0 0.274866 0.884771 0.008401 0.004989
0 0.292003 0.891898 0.008401 0.004989
0 0.308804 0.884771 0.008401 0.004989
0 0.325941 0.880019 0.008401 0.004989
0 0.406586 0.901164 0.008401 0.004989
0 0.406586 0.884771 0.008401 0.004989
0 0.441196 0.870516 0.008401 0.004989
0 0.458669 0.868140 0.008401 0.004989
0 0.476478 0.863626 0.008401 0.004989
0 0.497312 0.854122 0.008401 0.004989
0 0.515121 0.863626 0.008401 0.004989
0 0.532930 0.868140 0.008401 0.004989
0 0.550739 0.863626 0.008401 0.004989
0 0.568212 0.854122 0.008401 0.004989
0 0.586022 0.819910 0.008401 0.004989
0 0.603831 0.815158 0.008401 0.004989
0 0.689516 0.901164 0.008401 0.004989
0 0.689516 0.884771 0.008401 0.004989
0 0.721438 0.884771 0.008401 0.004989
0 0.737567 0.872891 0.008401 0.004989
0 0.754032 0.868140 0.008401 0.004989
0 0.770161 0.856498 0.008401 0.004989
0 0.786626 0.861250 0.008401 0.004989
0 0.802755 0.868140 0.008401 0.004989
0 0.818884 0.861250 0.008401 0.004989
0 0.835349 0.824661 0.008401 0.004989
0 0.851478 0.819910 0.008401 0.004989
0 0.867944 0.812782 0.008401 0.004989
0 0.145161 0.171062 0.008401 0.004989
0 0.145161 0.166310 0.008401 0.004989
0 0.180108 0.178190 0.008401 0.004989
0 0.197917 0.171062 0.008401 0.004989
0 0.215726 0.166310 0.008401 0.004989
0 0.233871 0.161559 0.008401 0.004989
0 0.251680 0.166310 0.008401 0.004989
0 0.269489 0.171062 0.008401 0.004989
0 0.287634 0.166310 0.008401 0.004989
0 0.305444 0.161559 0.008401 0.004989
0 0.323253 0.154431 0.008401 0.004989
0 0.341062 0.149679 0.008401 0.004989
0 0.433132 0.173438 0.008401 0.004989
0 0.433132 0.168686 0.008401 0.004989
0 0.465054 0.173438 0.008401 0.004989
0 0.481519 0.168686 0.008401 0.004989
0 0.497984 0.161559 0.008401 0.004989
0 0.514449 0.156807 0.008401 0.004989
0 0.530914 0.161559 0.008401 0.004989
0 0.547379 0.168686 0.008401 0.004989
0 0.563844 0.161559 0.008401 0.004989
0 0.580309 0.156807 0.008401 0.004989
0 0.596774 0.152055 0.008401 0.004989
0 0.613239 0.145165 0.008401 0.004989
0 0.699933 0.168686 0.008401 0.004989
0 0.699933 0.159183 0.008401 0.004989
0 0.699933 0.154431 0.008401 0.004989
0 0.738575 0.168686 0.008401 0.004989
0 0.730511 0.159183 0.008401 0.004989
0 0.738575 0.156807 0.008401 0.004989
0 0.777218 0.168686 0.008401 0.004989
0 0.777218 0.159183 0.008401 0.004989
0 0.777218 0.154431 0.008401 0.004989
0 0.815524 0.168686 0.008401 0.004989
0 0.807796 0.159183 0.008401 0.004989
0 0.815524 0.156807 0.008401 0.004989
0 0.854167 0.168686 0.008401 0.004989
0 0.854167 0.159183 0.008401 0.004989
0 0.854167 0.154431 0.008401 0.004989
0 0.892809 0.168686 0.008401 0.004989
0 0.892809 0.159183 0.008401 0.004989
0 0.892809 0.152055 0.008401 0.004989
0 0.137433 0.390354 0.008401 0.004989
0 0.137433 0.383226 0.008401 0.004989
0 0.137433 0.378475 0.008401 0.004989
0 0.179099 0.390354 0.008401 0.004989
0 0.179099 0.385602 0.008401 0.004989
0 0.179099 0.380851 0.008401 0.004989
0 0.220766 0.390354 0.008401 0.004989
0 0.220766 0.385602 0.008401 0.004989
0 0.262433 0.397244 0.008401 0.004989
0 0.304435 0.395106 0.008401 0.004989
0 0.290659 0.392730 0.006048 0.003326
0 0.346102 0.397244 0.008401 0.004989
0 0.410618 0.397244 0.008401 0.004989
0 0.410618 0.392730 0.008401 0.004989
0 0.410618 0.387978 0.008401 0.004989
0 0.456317 0.397244 0.008401 0.004989
0 0.464046 0.392730 0.008401 0.004989
0 0.456317 0.390354 0.008401 0.004989
0 0.502016 0.397244 0.008401 0.004989
0 0.502016 0.392730 0.008401 0.004989
0 0.502016 0.387978 0.008401 0.004989
0 0.547715 0.397244 0.008401 0.004989
0 0.555780 0.392730 0.008401 0.004989
0 0.547715 0.390354 0.008401 0.004989
0 0.593414 0.397244 0.008401 0.004989
0 0.593414 0.392730 0.008401 0.004989
0 0.593414 0.387978 0.008401 0.004989
0 0.639449 0.397244 0.008401 0.004989
0 0.639449 0.392730 0.008401 0.004989
0 0.639449 0.385602 0.008401 0.004989
0 0.696909 0.395106 0.008401 0.004989
0 0.696909 0.387978 0.008401 0.004989
0 0.735887 0.395106 0.008401 0.004989
0 0.735887 0.390354 0.008401 0.004989
0 0.775202 0.395106 0.008401 0.004989
0 0.775202 0.385602 0.008401 0.004989
0 0.152218 0.636731 0.008401 0.004989
0 0.160282 0.627465 0.008401 0.004989
0 0.152218 0.625089 0.008401 0.004989
0 0.187164 0.625089 0.008401 0.004989
0 0.204637 0.620337 0.008401 0.004989
0 0.222446 0.610834 0.008401 0.004989
0 0.240255 0.608458 0.008401 0.004989
0 0.258065 0.610834 0.008401 0.004989
0 0.275874 0.620337 0.008401 0.004989
0 0.293683 0.610834 0.008401 0.004989
0 0.311492 0.608458 0.008401 0.004989
0 0.329301 0.603706 0.008401 0.004989
0 0.347110 0.592065 0.008401 0.004989
0 0.434140 0.634355 0.008401 0.004989
0 0.434140 0.629841 0.008401 0.004989
0 0.434140 0.625089 0.008401 0.004989
0 0.467742 0.625089 0.008401 0.004989
0 0.484879 0.617962 0.008401 0.004989
0 0.502016 0.608458 0.008401 0.004989
0 0.519153 0.601568 0.008401 0.004989
0 0.536290 0.608458 0.008401 0.004989
0 0.553427 0.613210 0.008401 0.004989
0 0.570565 0.608458 0.008401 0.004989
0 0.587702 0.601568 0.008401 0.004989
0 0.604839 0.596816 0.008401 0.004989
0 0.622312 0.592065 0.008401 0.004989
0 0.701277 0.627465 0.008401 0.004989
0 0.709341 0.625089 0.008401 0.004989
0 0.731519 0.613210 0.008401 0.004989
0 0.777890 0.615586 0.008401 0.004989
0 0.139785 0.831551 0.008401 0.004989
0 0.139785 0.827037 0.008401 0.004989
0 0.172715 0.817534 0.008401 0.004989
0 0.223790 0.819910 0.008401 0.004989
0 0.406586 0.805655 0.008401 0.004989
0 0.441196 0.791637 0.008401 0.004989
0 0.497312 0.794013 0.008401 0.004989
0 0.689516 0.808030 0.008401 0.004989
0 0.721438 0.794013 0.008401 0.004989
0 0.770161 0.796389 0.008401 0.004989
0 0.145161 0.099786 0.008401 0.004989
0 0.233871 0.099786 0.008401 0.004989
0 0.287634 0.097410 0.008401 0.004989
0 0.341062 0.095034 0.008401 0.004989
0 0.376008 0.092659 0.008401 0.004989
0 0.433132 0.090283 0.008401 0.004989
0 0.699933 0.087907 0.008401 0.004989
0 0.738575 0.090283 0.008401 0.004989
0 0.777218 0.087907 0.008401 0.004989
0 0.815524 0.090283 0.008401 0.004989
0 0.854167 0.087907 0.008401 0.004989
0 0.892809 0.085531 0.008401 0.004989
0 0.137433 0.321692 0.008401 0.004989
0 0.179099 0.324067 0.008401 0.004989
0 0.220766 0.328819 0.008401 0.004989
0 0.410618 0.331195 0.008401 0.004989
0 0.456317 0.333571 0.008401 0.004989
0 0.502016 0.331195 0.008401 0.004989
0 0.547715 0.333571 0.008401 0.004989
0 0.593414 0.331195 0.008401 0.004989
0 0.639449 0.328819 0.008401 0.004989
0 0.696909 0.331195 0.008401 0.004989
0 0.735887 0.333571 0.008401 0.004989
0 0.775202 0.328819 0.008401 0.004989
0 0.152218 0.549537 0.008401 0.004989
0 0.187164 0.535282 0.008401 0.004989
0 0.240255 0.537657 0.008401 0.004989
0 0.381720 0.551913 0.008401 0.004989
0 0.434140 0.554288 0.008401 0.004989
0 0.467742 0.540033 0.008401 0.004989
0 0.519153 0.542409 0.008401 0.004989
0 0.777890 0.554288 0.008401 0.004989
0 0.870968 0.554288 0.008401 0.004989
0 0.139785 0.766453 0.008401 0.004989
0 0.638441 0.766453 0.008401 0.004989
0 0.689516 0.759563 0.008401 0.004989
