0 0.144825 0.243288 0.009409 0.005464
0 0.188844 0.232834 0.009409 0.005464
0 0.232863 0.214540 0.009409 0.005464
0 0.276882 0.232834 0.009409 0.005464
0 0.341062 0.243288 0.009409 0.005464
0 0.381048 0.232834 0.009409 0.005464
0 0.421035 0.214540 0.009409 0.005464
0 0.461358 0.232834 0.009409 0.005464
0 0.514785 0.243288 0.009409 0.005464
0 0.557796 0.232834 0.009409 0.005464
0 0.600470 0.214540 0.009409 0.005464
0 0.643145 0.232834 0.009409 0.005464
0 0.702957 0.243288 0.009409 0.005464
0 0.741263 0.232834 0.009409 0.005464
0 0.803763 0.214540 0.009409 0.005464
0 0.866263 0.232834 0.009409 0.005464
0 0.144825 0.455453 0.009409 0.005464
0 0.207325 0.444999 0.009409 0.005464
0 0.269825 0.439772 0.009409 0.005464
0 0.269825 0.429318 0.009409 0.005464
0 0.332325 0.444999 0.009409 0.005464
0 0.408938 0.455453 0.009409 0.005464
0 0.472446 0.444999 0.009409 0.005464
0 0.535618 0.437158 0.009409 0.005464
0 0.535618 0.431932 0.009409 0.005464
0 0.598790 0.444999 0.009409 0.005464
0 0.676075 0.455453 0.009409 0.005464
0 0.739247 0.444999 0.009409 0.005464
0 0.802419 0.439772 0.009409 0.005464
0 0.802419 0.429318 0.009409 0.005464
0 0.865591 0.444999 0.009409 0.005464
0 0.147513 0.686149 0.009409 0.005464
0 0.178091 0.675695 0.009409 0.005464
0 0.208669 0.657401 0.009409 0.005464
0 0.239583 0.675695 0.009409 0.005464
0 0.291667 0.686149 0.009409 0.005464
0 0.322581 0.675695 0.009409 0.005464
0 0.353159 0.657401 0.009409 0.005464
0 0.384073 0.675695 0.009409 0.005464
0 0.428091 0.686149 0.009409 0.005464
0 0.457325 0.675695 0.009409 0.005464
0 0.493952 0.657401 0.009409 0.005464
0 0.522849 0.675695 0.009409 0.005464
0 0.578293 0.673081 0.009409 0.005464
0 0.619288 0.662628 0.009409 0.005464
0 0.660618 0.670468 0.009409 0.005464
0 0.701949 0.652174 0.009409 0.005464
0 0.756720 0.680922 0.009409 0.005464
0 0.785954 0.670468 0.009409 0.005464
0 0.825605 0.652174 0.009409 0.005464
0 0.876344 0.670468 0.009409 0.005464
0 0.144825 0.897125 0.009409 0.005464
0 0.212366 0.886671 0.009409 0.005464
0 0.274194 0.881445 0.009409 0.005464
0 0.274194 0.870991 0.009409 0.005464
0 0.336022 0.886671 0.009409 0.005464
0 0.418347 0.897125 0.009409 0.005464
0 0.479839 0.886671 0.009409 0.005464
0 0.541331 0.878831 0.009409 0.005464
0 0.541331 0.873604 0.009409 0.005464
0 0.602823 0.886671 0.009409 0.005464
0 0.679099 0.897125 0.009409 0.005464
0 0.740591 0.886671 0.009409 0.005464
0 0.804772 0.881445 0.009409 0.005464
0 0.804772 0.870991 0.009409 0.005464
0 0.866599 0.886671 0.009409 0.005464
0 0.144825 0.179140 0.009409 0.005464
0 0.144825 0.166073 0.009409 0.005464
0 0.232863 0.179140 0.009409 0.005464
0 0.232863 0.166073 0.009409 0.005464
0 0.276882 0.179140 0.009409 0.005464
0 0.276882 0.166073 0.009409 0.005464
0 0.341062 0.176526 0.009409 0.005464
0 0.341062 0.163459 0.009409 0.005464
0 0.421035 0.168686 0.009409 0.005464
0 0.421035 0.163459 0.009409 0.005464
0 0.461358 0.163459 0.009409 0.005464
0 0.461358 0.158232 0.009409 0.005464
0 0.514785 0.166073 0.009409 0.005464
0 0.514785 0.160846 0.009409 0.005464
0 0.557796 0.158232 0.009409 0.005464
0 0.557796 0.153005 0.009409 0.005464
0 0.600470 0.160846 0.009409 0.005464
0 0.600470 0.155619 0.009409 0.005464
0 0.643145 0.163459 0.009409 0.005464
0 0.643145 0.158232 0.009409 0.005464
0 0.702957 0.166073 0.009409 0.005464
0 0.702957 0.160846 0.009409 0.005464
0 0.741263 0.168686 0.009409 0.005464
0 0.741263 0.163459 0.009409 0.005464
0 0.786290 0.176526 0.009409 0.005464
0 0.803763 0.168686 0.009409 0.005464
0 0.848790 0.168686 0.009409 0.005464
0 0.866263 0.160846 0.009409 0.005464
0 0.911290 0.160846 0.009409 0.005464
0 0.144825 0.375386 0.009409 0.005464
0 0.189852 0.375386 0.009409 0.005464
0 0.207325 0.378000 0.009409 0.005464
0 0.252352 0.396294 0.009409 0.005464
0 0.269825 0.391067 0.009409 0.005464
0 0.314852 0.391067 0.009409 0.005464
0 0.332325 0.383226 0.009409 0.005464
0 0.377352 0.383226 0.009409 0.005464
0 0.408938 0.385840 0.009409 0.005464
0 0.454637 0.385840 0.009409 0.005464
0 0.472446 0.388453 0.009409 0.005464
0 0.517809 0.406747 0.009409 0.005464
0 0.535618 0.398907 0.009409 0.005464
0 0.580981 0.398907 0.009409 0.005464
0 0.598790 0.391067 0.009409 0.005464
0 0.644489 0.391067 0.009409 0.005464
0 0.676075 0.393680 0.009409 0.005464
0 0.721438 0.393680 0.009409 0.005464
0 0.739247 0.396294 0.009409 0.005464
0 0.784946 0.396294 0.009409 0.005464
0 0.802419 0.401521 0.009409 0.005464
0 0.848118 0.401521 0.009409 0.005464
0 0.865591 0.406747 0.009409 0.005464
0 0.911290 0.406747 0.009409 0.005464
0 0.147513 0.636968 0.009409 0.005464
0 0.147513 0.623901 0.009409 0.005464
0 0.208669 0.618674 0.009409 0.005464
0 0.208669 0.605607 0.009409 0.005464
0 0.239583 0.618674 0.009409 0.005464
0 0.239583 0.605607 0.009409 0.005464
0 0.291667 0.616061 0.009409 0.005464
0 0.291667 0.602994 0.009409 0.005464
0 0.353159 0.616061 0.009409 0.005464
0 0.353159 0.602994 0.009409 0.005464
0 0.384073 0.616061 0.009409 0.005464
0 0.384073 0.602994 0.009409 0.005464
0 0.428091 0.613447 0.009409 0.005464
0 0.428091 0.600380 0.009409 0.005464
0 0.493952 0.605607 0.009409 0.005464
0 0.493952 0.600380 0.009409 0.005464
0 0.522849 0.600380 0.009409 0.005464
0 0.522849 0.595153 0.009409 0.005464
0 0.569220 0.600380 0.009409 0.005464
0 0.578293 0.597767 0.009409 0.005464
0 0.619288 0.605607 0.009409 0.005464
0 0.619288 0.592540 0.009409 0.005464
0 0.660618 0.608220 0.009409 0.005464
0 0.660618 0.602994 0.009409 0.005464
0 0.701949 0.610834 0.009409 0.005464
0 0.701949 0.597767 0.009409 0.005464
0 0.756720 0.613447 0.009409 0.005464
0 0.756720 0.600380 0.009409 0.005464
0 0.812164 0.608220 0.009409 0.005464
0 0.825605 0.600380 0.009409 0.005464
0 0.860215 0.600380 0.009409 0.005464
0 0.876344 0.592540 0.009409 0.005464
0 0.911290 0.592540 0.009409 0.005464
0 0.144825 0.816821 0.009409 0.005464
0 0.189516 0.816821 0.009409 0.005464
0 0.212366 0.819435 0.009409 0.005464
0 0.257056 0.832502 0.009409 0.005464
0 0.274194 0.829888 0.009409 0.005464
0 0.318884 0.829888 0.009409 0.005464
0 0.336022 0.816821 0.009409 0.005464
0 0.380712 0.816821 0.009409 0.005464
0 0.418347 0.819435 0.009409 0.005464
0 0.463038 0.819435 0.009409 0.005464
0 0.479839 0.822048 0.009409 0.005464
0 0.524530 0.840342 0.009409 0.005464
0 0.541331 0.835115 0.009409 0.005464
0 0.586022 0.835115 0.009409 0.005464
0 0.602823 0.827275 0.009409 0.005464
0 0.647513 0.827275 0.009409 0.005464
0 0.679099 0.829888 0.009409 0.005464
0 0.723454 0.829888 0.009409 0.005464
0 0.740591 0.832502 0.009409 0.005464
0 0.785282 0.832502 0.009409 0.005464
0 0.804772 0.837729 0.009409 0.005464
0 0.849462 0.837729 0.009409 0.005464
0 0.866599 0.848182 0.009409 0.005464
0 0.911290 0.848182 0.009409 0.005464
0 0.144825 0.102400 0.009409 0.005464
0 0.232863 0.102400 0.009409 0.005464
0 0.276882 0.102400 0.009409 0.005464
0 0.341062 0.099786 0.009409 0.005464
0 0.421035 0.099786 0.009409 0.005464
0 0.461358 0.094559 0.009409 0.005464
0 0.514785 0.097173 0.009409 0.005464
0 0.557796 0.089332 0.009409 0.005464
0 0.600470 0.091946 0.009409 0.005464
0 0.643145 0.094559 0.009409 0.005464
0 0.702957 0.097173 0.009409 0.005464
0 0.741263 0.099786 0.009409 0.005464
0 0.803763 0.094559 0.009409 0.005464
0 0.866263 0.094559 0.009409 0.005464
0 0.144825 0.324305 0.009409 0.005464
0 0.408938 0.324305 0.009409 0.005464
0 0.676075 0.324305 0.009409 0.005464
0 0.802419 0.324305 0.009409 0.005464
0 0.208669 0.546923 0.009409 0.005464
0 0.239583 0.546923 0.009409 0.005464
0 0.291667 0.544310 0.009409 0.005464
0 0.353159 0.544310 0.009409 0.005464
0 0.384073 0.544310 0.009409 0.005464
0 0.428091 0.541696 0.009409 0.005464
0 0.457325 0.541696 0.009409 0.005464
0 0.493952 0.541696 0.009409 0.005464
0 0.522849 0.536469 0.009409 0.005464
0 0.578293 0.539083 0.009409 0.005464
0 0.619288 0.533856 0.009409 0.005464
0 0.660618 0.544310 0.009409 0.005464
0 0.701949 0.539083 0.009409 0.005464
0 0.756720 0.541696 0.009409 0.005464
0 0.785954 0.549537 0.009409 0.005464
0 0.825605 0.549537 0.009409 0.005464
0 0.144825 0.780233 0.009409 0.005464
0 0.418347 0.780233 0.009409 0.005464
0 0.679099 0.780233 0.009409 0.005464
