0 0.254368 0.920409 0.007728 0.004514
0 0.158938 0.253980 0.007728 0.004514
0 0.177419 0.239012 0.007728 0.004514
0 0.196237 0.239012 0.007728 0.004514
0 0.215054 0.247565 0.007728 0.004514
0 0.233871 0.239012 0.007728 0.004514
0 0.252688 0.239012 0.007728 0.004514
0 0.271505 0.239012 0.007728 0.004514
0 0.289987 0.239012 0.007728 0.004514
0 0.308804 0.239012 0.007728 0.004514
0 0.344758 0.253980 0.007728 0.004514
0 0.366263 0.239012 0.007728 0.004514
0 0.387769 0.239012 0.007728 0.004514
0 0.409274 0.239012 0.007728 0.004514
0 0.465054 0.239012 0.007728 0.004514
0 0.546707 0.230459 0.007728 0.004514
0 0.568548 0.239012 0.007728 0.004514
0 0.589382 0.239012 0.007728 0.004514
0 0.610215 0.230459 0.007728 0.004514
0 0.631048 0.239012 0.007728 0.004514
0 0.651882 0.239012 0.007728 0.004514
0 0.673051 0.230459 0.007728 0.004514
0 0.693884 0.239012 0.007728 0.004514
0 0.714718 0.239012 0.007728 0.004514
0 0.752688 0.262533 0.007728 0.004514
0 0.752688 0.247565 0.007728 0.004514
0 0.808468 0.262533 0.007728 0.004514
0 0.808468 0.247565 0.007728 0.004514
0 0.864247 0.262533 0.007728 0.004514
0 0.864247 0.247565 0.007728 0.004514
0 0.160954 0.484913 0.007728 0.004514
0 0.160954 0.469945 0.007728 0.004514
0 0.221438 0.482775 0.007728 0.004514
0 0.221438 0.467807 0.007728 0.004514
0 0.260753 0.487052 0.007728 0.004514
0 0.260753 0.472084 0.007728 0.004514
0 0.334005 0.484913 0.007728 0.004514
0 0.334005 0.469945 0.007728 0.004514
0 0.403898 0.484913 0.007728 0.004514
0 0.403898 0.469945 0.007728 0.004514
0 0.464046 0.484913 0.007728 0.004514
0 0.464046 0.469945 0.007728 0.004514
0 0.543683 0.478498 0.007728 0.004514
0 0.543683 0.463531 0.007728 0.004514
0 0.604503 0.459254 0.007728 0.004514
0 0.665323 0.457116 0.007728 0.004514
0 0.742608 0.465669 0.007728 0.004514
0 0.803427 0.463531 0.007728 0.004514
0 0.864247 0.461392 0.007728 0.004514
0 0.158938 0.697790 0.007728 0.004514
0 0.221102 0.695652 0.007728 0.004514
0 0.283266 0.714897 0.007728 0.004514
0 0.283266 0.699929 0.007728 0.004514
0 0.365927 0.712758 0.007728 0.004514
0 0.365927 0.697790 0.007728 0.004514
0 0.437500 0.712758 0.007728 0.004514
0 0.437500 0.697790 0.007728 0.004514
0 0.499328 0.712758 0.007728 0.004514
0 0.499328 0.697790 0.007728 0.004514
0 0.579973 0.706344 0.007728 0.004514
0 0.579973 0.691376 0.007728 0.004514
0 0.600134 0.691376 0.007728 0.004514
0 0.620632 0.691376 0.007728 0.004514
0 0.641129 0.691376 0.007728 0.004514
0 0.641129 0.687099 0.007728 0.004514
0 0.694220 0.691376 0.007728 0.004514
0 0.694220 0.687099 0.007728 0.004514
0 0.694220 0.682823 0.007728 0.004514
0 0.714718 0.691376 0.007728 0.004514
0 0.714718 0.687099 0.007728 0.004514
0 0.714718 0.682823 0.007728 0.004514
0 0.735215 0.691376 0.007728 0.004514
0 0.735215 0.687099 0.007728 0.004514
0 0.735215 0.682823 0.007728 0.004514
0 0.766465 0.684961 0.007728 0.004514
0 0.766465 0.680684 0.007728 0.004514
0 0.807124 0.687099 0.007728 0.004514
0 0.807124 0.682823 0.007728 0.004514
0 0.827621 0.687099 0.007728 0.004514
0 0.827621 0.682823 0.007728 0.004514
0 0.848454 0.687099 0.007728 0.004514
0 0.848454 0.682823 0.007728 0.004514
0 0.868952 0.687099 0.007728 0.004514
0 0.868952 0.682823 0.007728 0.004514
0 0.889785 0.691376 0.007728 0.004514
0 0.889785 0.682823 0.007728 0.004514
0 0.910282 0.687099 0.007728 0.004514
0 0.910282 0.682823 0.007728 0.004514
0 0.151546 0.903302 0.007728 0.004514
0 0.191868 0.905441 0.007728 0.004514
0 0.254368 0.911856 0.007728 0.004514
0 0.295699 0.907579 0.007728 0.004514
0 0.328629 0.913994 0.007728 0.004514
0 0.328629 0.909717 0.007728 0.004514
0 0.349462 0.913994 0.007728 0.004514
0 0.349462 0.909717 0.007728 0.004514
0 0.370296 0.913994 0.007728 0.004514
0 0.370296 0.909717 0.007728 0.004514
0 0.391129 0.913994 0.007728 0.004514
0 0.391129 0.909717 0.007728 0.004514
0 0.445228 0.913994 0.007728 0.004514
0 0.445228 0.909717 0.007728 0.004514
0 0.501344 0.916132 0.007728 0.004514
0 0.494288 0.911856 0.007728 0.004514
0 0.501344 0.909717 0.007728 0.004514
0 0.561156 0.916132 0.007728 0.004514
0 0.554099 0.911856 0.007728 0.004514
0 0.561156 0.909717 0.007728 0.004514
0 0.654234 0.916132 0.007728 0.004514
0 0.646841 0.911856 0.007728 0.004514
0 0.654234 0.909717 0.007728 0.004514
0 0.773522 0.918270 0.007728 0.004514
0 0.773522 0.913994 0.007728 0.004514
0 0.773522 0.909717 0.007728 0.004514
0 0.825941 0.918270 0.007728 0.004514
0 0.825941 0.913994 0.007728 0.004514
0 0.825941 0.909717 0.007728 0.004514
0 0.878696 0.918270 0.007728 0.004514
0 0.878696 0.913994 0.007728 0.004514
0 0.878696 0.909717 0.007728 0.004514
0 0.546707 0.187218 0.007728 0.004514
0 0.158938 0.200048 0.007728 0.004514
0 0.158938 0.195771 0.007728 0.004514
0 0.158938 0.189356 0.007728 0.004514
0 0.196237 0.202186 0.007728 0.004514
0 0.196237 0.191494 0.007728 0.004514
0 0.215054 0.204324 0.007728 0.004514
0 0.215054 0.193633 0.007728 0.004514
0 0.271505 0.204324 0.007728 0.004514
0 0.271505 0.200048 0.007728 0.004514
0 0.308804 0.193633 0.007728 0.004514
0 0.344758 0.206462 0.007728 0.004514
0 0.344758 0.202186 0.007728 0.004514
0 0.352151 0.200048 0.007728 0.004514
0 0.344758 0.195771 0.007728 0.004514
0 0.409274 0.206462 0.007728 0.004514
0 0.409274 0.202186 0.007728 0.004514
0 0.416331 0.200048 0.007728 0.004514
0 0.409274 0.195771 0.007728 0.004514
0 0.443548 0.204324 0.007728 0.004514
0 0.443548 0.193633 0.007728 0.004514
0 0.465054 0.206462 0.007728 0.004514
0 0.465054 0.202186 0.007728 0.004514
0 0.472446 0.200048 0.007728 0.004514
0 0.465054 0.195771 0.007728 0.004514
0 0.499664 0.204324 0.007728 0.004514
0 0.499664 0.193633 0.007728 0.004514
0 0.539651 0.202186 0.007728 0.004514
0 0.546707 0.200048 0.007728 0.004514
0 0.546707 0.195771 0.007728 0.004514
0 0.561156 0.202186 0.007728 0.004514
0 0.568548 0.200048 0.007728 0.004514
0 0.568548 0.195771 0.007728 0.004514
0 0.582325 0.202186 0.007728 0.004514
0 0.589382 0.200048 0.007728 0.004514
0 0.589382 0.195771 0.007728 0.004514
0 0.603159 0.202186 0.007728 0.004514
0 0.610215 0.200048 0.007728 0.004514
0 0.610215 0.195771 0.007728 0.004514
0 0.673051 0.202186 0.007728 0.004514
0 0.680108 0.200048 0.007728 0.004514
0 0.673051 0.195771 0.007728 0.004514
0 0.752688 0.208601 0.007728 0.004514
0 0.752688 0.204324 0.007728 0.004514
0 0.752688 0.195771 0.007728 0.004514
0 0.808468 0.208601 0.007728 0.004514
0 0.808468 0.204324 0.007728 0.004514
0 0.808468 0.195771 0.007728 0.004514
0 0.864247 0.208601 0.007728 0.004514
0 0.864247 0.204324 0.007728 0.004514
0 0.864247 0.197909 0.007728 0.004514
0 0.885753 0.208601 0.007728 0.004514
0 0.885753 0.204324 0.007728 0.004514
0 0.885753 0.197909 0.007728 0.004514
0 0.907258 0.208601 0.007728 0.004514
0 0.907258 0.204324 0.007728 0.004514
0 0.907258 0.200048 0.007728 0.004514
0 0.181116 0.437871 0.007728 0.004514
0 0.181116 0.433595 0.007728 0.004514
0 0.181116 0.429318 0.007728 0.004514
0 0.181116 0.425042 0.007728 0.004514
0 0.201277 0.437871 0.007728 0.004514
0 0.201277 0.433595 0.007728 0.004514
0 0.201277 0.429318 0.007728 0.004514
0 0.201277 0.425042 0.007728 0.004514
0 0.221438 0.435733 0.007728 0.004514
0 0.221438 0.431456 0.007728 0.004514
0 0.221438 0.427180 0.007728 0.004514
0 0.260753 0.435733 0.007728 0.004514
0 0.260753 0.431456 0.007728 0.004514
0 0.260753 0.425042 0.007728 0.004514
0 0.260753 0.420765 0.007728 0.004514
0 0.357191 0.437871 0.007728 0.004514
0 0.357191 0.431456 0.007728 0.004514
0 0.357191 0.427180 0.007728 0.004514
0 0.357191 0.422903 0.007728 0.004514
0 0.380376 0.437871 0.007728 0.004514
0 0.380376 0.431456 0.007728 0.004514
0 0.380376 0.427180 0.007728 0.004514
0 0.380376 0.422903 0.007728 0.004514
0 0.403898 0.437871 0.007728 0.004514
0 0.403898 0.431456 0.007728 0.004514
0 0.403898 0.427180 0.007728 0.004514
0 0.403898 0.422903 0.007728 0.004514
0 0.440860 0.437871 0.007728 0.004514
0 0.440860 0.431456 0.007728 0.004514
0 0.440860 0.427180 0.007728 0.004514
0 0.464046 0.437871 0.007728 0.004514
0 0.464046 0.433595 0.007728 0.004514
0 0.464046 0.429318 0.007728 0.004514
0 0.501344 0.437871 0.007728 0.004514
0 0.501344 0.429318 0.007728 0.004514
0 0.501344 0.425042 0.007728 0.004514
0 0.563844 0.437871 0.007728 0.004514
0 0.563844 0.431456 0.007728 0.004514
0 0.563844 0.427180 0.007728 0.004514
0 0.584341 0.437871 0.007728 0.004514
0 0.584341 0.431456 0.007728 0.004514
0 0.584341 0.427180 0.007728 0.004514
0 0.625000 0.437871 0.007728 0.004514
0 0.625000 0.431456 0.007728 0.004514
0 0.625000 0.422903 0.007728 0.004514
0 0.645161 0.437871 0.007728 0.004514
0 0.645161 0.431456 0.007728 0.004514
0 0.645161 0.422903 0.007728 0.004514
0 0.685820 0.435733 0.007728 0.004514
0 0.685820 0.431456 0.007728 0.004514
0 0.685820 0.425042 0.007728 0.004514
0 0.705981 0.435733 0.007728 0.004514
0 0.705981 0.431456 0.007728 0.004514
0 0.705981 0.425042 0.007728 0.004514
0 0.762769 0.437871 0.007728 0.004514
0 0.762769 0.429318 0.007728 0.004514
0 0.762769 0.425042 0.007728 0.004514
0 0.782930 0.437871 0.007728 0.004514
0 0.782930 0.429318 0.007728 0.004514
0 0.782930 0.425042 0.007728 0.004514
0 0.823589 0.437871 0.007728 0.004514
0 0.823589 0.431456 0.007728 0.004514
0 0.823589 0.427180 0.007728 0.004514
0 0.844086 0.437871 0.007728 0.004514
0 0.844086 0.431456 0.007728 0.004514
0 0.844086 0.427180 0.007728 0.004514
0 0.884409 0.440010 0.007728 0.004514
0 0.884409 0.435733 0.007728 0.004514
0 0.884409 0.429318 0.007728 0.004514
0 0.904906 0.440010 0.007728 0.004514
0 0.904906 0.435733 0.007728 0.004514
0 0.904906 0.429318 0.007728 0.004514
0 0.179435 0.665004 0.007728 0.004514
0 0.179435 0.656450 0.007728 0.004514
0 0.179435 0.652174 0.007728 0.004514
0 0.200269 0.665004 0.007728 0.004514
0 0.200269 0.656450 0.007728 0.004514
0 0.200269 0.652174 0.007728 0.004514
0 0.241935 0.665004 0.007728 0.004514
0 0.241935 0.658589 0.007728 0.004514
0 0.241935 0.654312 0.007728 0.004514
0 0.262433 0.665004 0.007728 0.004514
0 0.262433 0.658589 0.007728 0.004514
0 0.262433 0.654312 0.007728 0.004514
0 0.304099 0.662865 0.007728 0.004514
0 0.304099 0.658589 0.007728 0.004514
0 0.304099 0.654312 0.007728 0.004514
0 0.324933 0.662865 0.007728 0.004514
0 0.324933 0.658589 0.007728 0.004514
0 0.324933 0.647897 0.007728 0.004514
0 0.389785 0.665004 0.007728 0.004514
0 0.389785 0.660727 0.007728 0.004514
0 0.389785 0.654312 0.007728 0.004514
0 0.389785 0.650036 0.007728 0.004514
0 0.413642 0.665004 0.007728 0.004514
0 0.413642 0.660727 0.007728 0.004514
0 0.413642 0.654312 0.007728 0.004514
0 0.413642 0.650036 0.007728 0.004514
0 0.437500 0.665004 0.007728 0.004514
0 0.437500 0.660727 0.007728 0.004514
0 0.437500 0.654312 0.007728 0.004514
0 0.437500 0.650036 0.007728 0.004514
0 0.499328 0.662865 0.007728 0.004514
0 0.506720 0.660727 0.007728 0.004514
0 0.499328 0.656450 0.007728 0.004514
0 0.499328 0.652174 0.007728 0.004514
0 0.600134 0.665004 0.007728 0.004514
0 0.600134 0.660727 0.007728 0.004514
0 0.600134 0.654312 0.007728 0.004514
0 0.600134 0.650036 0.007728 0.004514
0 0.620632 0.665004 0.007728 0.004514
0 0.620632 0.660727 0.007728 0.004514
0 0.620632 0.654312 0.007728 0.004514
0 0.620632 0.650036 0.007728 0.004514
0 0.641129 0.660727 0.007728 0.004514
0 0.641129 0.654312 0.007728 0.004514
0 0.641129 0.650036 0.007728 0.004514
0 0.694220 0.654312 0.007728 0.004514
0 0.694220 0.650036 0.007728 0.004514
0 0.714718 0.654312 0.007728 0.004514
0 0.735215 0.654312 0.007728 0.004514
0 0.735215 0.650036 0.007728 0.004514
0 0.766465 0.654312 0.007728 0.004514
0 0.766465 0.647897 0.007728 0.004514
0 0.766465 0.643621 0.007728 0.004514
0 0.807124 0.654312 0.007728 0.004514
0 0.807124 0.645759 0.007728 0.004514
0 0.827621 0.654312 0.007728 0.004514
0 0.827621 0.645759 0.007728 0.004514
0 0.848454 0.654312 0.007728 0.004514
0 0.848454 0.645759 0.007728 0.004514
0 0.868952 0.654312 0.007728 0.004514
0 0.868952 0.645759 0.007728 0.004514
0 0.889785 0.654312 0.007728 0.004514
0 0.889785 0.650036 0.007728 0.004514
0 0.910282 0.654312 0.007728 0.004514
0 0.910282 0.645759 0.007728 0.004514
0 0.151546 0.881920 0.007728 0.004514
0 0.151546 0.875505 0.007728 0.004514
0 0.151546 0.866952 0.007728 0.004514
0 0.191868 0.881920 0.007728 0.004514
0 0.191868 0.875505 0.007728 0.004514
0 0.191868 0.866952 0.007728 0.004514
0 0.212702 0.877643 0.007728 0.004514
0 0.212702 0.873367 0.007728 0.004514
0 0.233535 0.881920 0.007728 0.004514
0 0.233535 0.877643 0.007728 0.004514
0 0.254368 0.884058 0.007728 0.004514
0 0.254368 0.873367 0.007728 0.004514
0 0.275202 0.875505 0.007728 0.004514
0 0.295699 0.879781 0.007728 0.004514
0 0.328629 0.881920 0.007728 0.004514
0 0.349462 0.888335 0.007728 0.004514
0 0.349462 0.881920 0.007728 0.004514
0 0.349462 0.877643 0.007728 0.004514
0 0.370296 0.888335 0.007728 0.004514
0 0.370296 0.881920 0.007728 0.004514
0 0.370296 0.877643 0.007728 0.004514
0 0.391129 0.888335 0.007728 0.004514
0 0.391129 0.881920 0.007728 0.004514
0 0.391129 0.877643 0.007728 0.004514
0 0.445228 0.888335 0.007728 0.004514
0 0.445228 0.881920 0.007728 0.004514
0 0.445228 0.877643 0.007728 0.004514
0 0.501344 0.888335 0.007728 0.004514
0 0.501344 0.879781 0.007728 0.004514
0 0.508737 0.877643 0.007728 0.004514
0 0.561156 0.888335 0.007728 0.004514
0 0.561156 0.879781 0.007728 0.004514
0 0.568548 0.877643 0.007728 0.004514
0 0.591734 0.888335 0.007728 0.004514
0 0.591734 0.884058 0.007728 0.004514
0 0.591734 0.877643 0.007728 0.004514
0 0.622312 0.888335 0.007728 0.004514
0 0.622312 0.881920 0.007728 0.004514
0 0.622312 0.877643 0.007728 0.004514
0 0.654234 0.888335 0.007728 0.004514
0 0.654234 0.879781 0.007728 0.004514
0 0.661290 0.877643 0.007728 0.004514
0 0.684812 0.888335 0.007728 0.004514
0 0.684812 0.881920 0.007728 0.004514
0 0.684812 0.877643 0.007728 0.004514
0 0.715390 0.888335 0.007728 0.004514
0 0.715390 0.884058 0.007728 0.004514
0 0.715390 0.877643 0.007728 0.004514
0 0.773522 0.886196 0.007728 0.004514
0 0.773522 0.881920 0.007728 0.004514
0 0.773522 0.875505 0.007728 0.004514
0 0.825941 0.886196 0.007728 0.004514
0 0.825941 0.881920 0.007728 0.004514
0 0.825941 0.877643 0.007728 0.004514
0 0.878696 0.886196 0.007728 0.004514
0 0.878696 0.881920 0.007728 0.004514
0 0.878696 0.877643 0.007728 0.004514
0 0.158938 0.141839 0.007728 0.004514
0 0.196237 0.143977 0.007728 0.004514
0 0.215054 0.146115 0.007728 0.004514
0 0.271505 0.141839 0.007728 0.004514
0 0.344758 0.141839 0.007728 0.004514
0 0.409274 0.141839 0.007728 0.004514
0 0.443548 0.141839 0.007728 0.004514
0 0.465054 0.141839 0.007728 0.004514
0 0.499664 0.135424 0.007728 0.004514
0 0.546707 0.137562 0.007728 0.004514
0 0.673051 0.137562 0.007728 0.004514
0 0.752688 0.137562 0.007728 0.004514
0 0.808468 0.137562 0.007728 0.004514
0 0.842742 0.137562 0.007728 0.004514
0 0.864247 0.139701 0.007728 0.004514
0 0.907258 0.141839 0.007728 0.004514
0 0.160954 0.377049 0.007728 0.004514
0 0.221438 0.379187 0.007728 0.004514
0 0.260753 0.368496 0.007728 0.004514
0 0.293011 0.372773 0.007728 0.004514
0 0.334005 0.374911 0.007728 0.004514
0 0.403898 0.374911 0.007728 0.004514
0 0.440860 0.379187 0.007728 0.004514
0 0.464046 0.381326 0.007728 0.004514
0 0.501344 0.377049 0.007728 0.004514
0 0.543683 0.379187 0.007728 0.004514
0 0.844086 0.374911 0.007728 0.004514
0 0.864247 0.370634 0.007728 0.004514
0 0.904906 0.372773 0.007728 0.004514
0 0.158938 0.598717 0.007728 0.004514
0 0.221102 0.598717 0.007728 0.004514
0 0.283266 0.592302 0.007728 0.004514
0 0.324933 0.596579 0.007728 0.004514
0 0.365927 0.598717 0.007728 0.004514
0 0.437500 0.598717 0.007728 0.004514
0 0.475470 0.602994 0.007728 0.004514
0 0.499328 0.605132 0.007728 0.004514
0 0.537634 0.600855 0.007728 0.004514
0 0.579973 0.602994 0.007728 0.004514
0 0.445228 0.826325 0.007728 0.004514
0 0.501344 0.828463 0.007728 0.004514
0 0.561156 0.828463 0.007728 0.004514
0 0.591734 0.832739 0.007728 0.004514
0 0.622312 0.830601 0.007728 0.004514
0 0.654234 0.828463 0.007728 0.004514
0 0.684812 0.830601 0.007728 0.004514
0 0.715390 0.832739 0.007728 0.004514
0 0.773522 0.830601 0.007728 0.004514
0 0.825941 0.830601 0.007728 0.004514
0 0.878696 0.826325 0.007728 0.004514
0 0.158938 0.074364 0.007728 0.004514
0 0.196237 0.076503 0.007728 0.004514
0 0.215054 0.078641 0.007728 0.004514
0 0.271505 0.085056 0.007728 0.004514
0 0.308804 0.078641 0.007728 0.004514
0 0.344758 0.080779 0.007728 0.004514
0 0.409274 0.080779 0.007728 0.004514
0 0.443548 0.078641 0.007728 0.004514
0 0.465054 0.080779 0.007728 0.004514
0 0.499664 0.078641 0.007728 0.004514
0 0.546707 0.072226 0.007728 0.004514
0 0.673051 0.076503 0.007728 0.004514
0 0.752688 0.070088 0.007728 0.004514
0 0.787298 0.072226 0.007728 0.004514
0 0.808468 0.074364 0.007728 0.004514
0 0.842742 0.076503 0.007728 0.004514
0 0.864247 0.078641 0.007728 0.004514
0 0.907258 0.080779 0.007728 0.004514
0 0.160954 0.320741 0.007728 0.004514
0 0.221438 0.322880 0.007728 0.004514
0 0.260753 0.312188 0.007728 0.004514
0 0.293011 0.316465 0.007728 0.004514
0 0.334005 0.318603 0.007728 0.004514
0 0.403898 0.318603 0.007728 0.004514
0 0.440860 0.322880 0.007728 0.004514
0 0.464046 0.325018 0.007728 0.004514
0 0.501344 0.320741 0.007728 0.004514
0 0.543683 0.322880 0.007728 0.004514
0 0.645161 0.318603 0.007728 0.004514
0 0.665323 0.314326 0.007728 0.004514
0 0.705981 0.316465 0.007728 0.004514
0 0.742608 0.318603 0.007728 0.004514
0 0.803427 0.318603 0.007728 0.004514
0 0.283266 0.534569 0.007728 0.004514
0 0.324933 0.538845 0.007728 0.004514
0 0.365927 0.540984 0.007728 0.004514
0 0.437500 0.540984 0.007728 0.004514
0 0.475470 0.545260 0.007728 0.004514
0 0.499328 0.547398 0.007728 0.004514
0 0.537634 0.543122 0.007728 0.004514
0 0.579973 0.545260 0.007728 0.004514
0 0.445228 0.773105 0.007728 0.004514
0 0.501344 0.773105 0.007728 0.004514
0 0.561156 0.773105 0.007728 0.004514
0 0.591734 0.773105 0.007728 0.004514
0 0.622312 0.773105 0.007728 0.004514
0 0.654234 0.773105 0.007728 0.004514
0 0.684812 0.773105 0.007728 0.004514
0 0.715390 0.773105 0.007728 0.004514
0 0.773522 0.770967 0.007728 0.004514
0 0.825941 0.773105 0.007728 0.004514
0 0.878696 0.773105 0.007728 0.004514
