0 0.687500 0.913994 0.008065 0.004752
0 0.740591 0.913994 0.008065 0.004752
0 0.794691 0.913994 0.008065 0.004752
0 0.157594 0.242575 0.008065 0.004752
0 0.157594 0.226657 0.008065 0.004752
0 0.221438 0.240437 0.008065 0.004752
0 0.221438 0.224519 0.008065 0.004752
0 0.285618 0.240437 0.008065 0.004752
0 0.285618 0.224519 0.008065 0.004752
0 0.383401 0.247090 0.008065 0.004752
0 0.383401 0.231171 0.008065 0.004752
0 0.466398 0.231171 0.008065 0.004752
0 0.466398 0.215253 0.008065 0.004752
0 0.493952 0.229033 0.008065 0.004752
0 0.493952 0.215253 0.008065 0.004752
0 0.521505 0.226657 0.008065 0.004752
0 0.521505 0.215253 0.008065 0.004752
0 0.568212 0.224519 0.008065 0.004752
0 0.568212 0.215253 0.008065 0.004752
0 0.600470 0.224519 0.008065 0.004752
0 0.600470 0.215253 0.008065 0.004752
0 0.632728 0.224519 0.008065 0.004752
0 0.632728 0.215253 0.008065 0.004752
0 0.664987 0.224519 0.008065 0.004752
0 0.664987 0.219767 0.008065 0.004752
0 0.664987 0.215253 0.008065 0.004752
0 0.697245 0.226657 0.008065 0.004752
0 0.697245 0.219767 0.008065 0.004752
0 0.697245 0.215253 0.008065 0.004752
0 0.729503 0.226657 0.008065 0.004752
0 0.729503 0.219767 0.008065 0.004752
0 0.729503 0.215253 0.008065 0.004752
0 0.775538 0.226657 0.008065 0.004752
0 0.775538 0.219767 0.008065 0.004752
0 0.775538 0.215253 0.008065 0.004752
0 0.801411 0.226657 0.008065 0.004752
0 0.801411 0.219767 0.008065 0.004752
0 0.801411 0.215253 0.008065 0.004752
0 0.827285 0.229033 0.008065 0.004752
0 0.827285 0.219767 0.008065 0.004752
0 0.827285 0.213115 0.008065 0.004752
0 0.853495 0.229033 0.008065 0.004752
0 0.853495 0.219767 0.008065 0.004752
0 0.853495 0.213115 0.008065 0.004752
0 0.879368 0.229033 0.008065 0.004752
0 0.879368 0.219767 0.008065 0.004752
0 0.879368 0.213115 0.008065 0.004752
0 0.905242 0.229033 0.008065 0.004752
0 0.905242 0.219767 0.008065 0.004752
0 0.905242 0.213115 0.008065 0.004752
0 0.183468 0.446424 0.008065 0.004752
0 0.183468 0.437396 0.008065 0.004752
0 0.183468 0.430506 0.008065 0.004752
0 0.217742 0.446424 0.008065 0.004752
0 0.217742 0.437396 0.008065 0.004752
0 0.217742 0.430506 0.008065 0.004752
0 0.251680 0.446424 0.008065 0.004752
0 0.251680 0.437396 0.008065 0.004752
0 0.251680 0.430506 0.008065 0.004752
0 0.285954 0.448800 0.008065 0.004752
0 0.285954 0.437396 0.008065 0.004752
0 0.320228 0.448800 0.008065 0.004752
0 0.320228 0.437396 0.008065 0.004752
0 0.370296 0.448800 0.008065 0.004752
0 0.370296 0.437396 0.008065 0.004752
0 0.398185 0.448800 0.008065 0.004752
0 0.398185 0.437396 0.008065 0.004752
0 0.426075 0.446424 0.008065 0.004752
0 0.426075 0.437396 0.008065 0.004752
0 0.454301 0.446424 0.008065 0.004752
0 0.454301 0.437396 0.008065 0.004752
0 0.482191 0.446424 0.008065 0.004752
0 0.482191 0.437396 0.008065 0.004752
0 0.510081 0.446424 0.008065 0.004752
0 0.510081 0.437396 0.008065 0.004752
0 0.551747 0.448800 0.008065 0.004752
0 0.551747 0.437396 0.008065 0.004752
0 0.580645 0.448800 0.008065 0.004752
0 0.580645 0.437396 0.008065 0.004752
0 0.609879 0.448800 0.008065 0.004752
0 0.609879 0.437396 0.008065 0.004752
0 0.638777 0.448800 0.008065 0.004752
0 0.638777 0.437396 0.008065 0.004752
0 0.668011 0.448800 0.008065 0.004752
0 0.668011 0.432882 0.008065 0.004752
0 0.696909 0.448800 0.008065 0.004752
0 0.696909 0.432882 0.008065 0.004752
0 0.740927 0.448800 0.008065 0.004752
0 0.740927 0.432882 0.008065 0.004752
0 0.804099 0.450938 0.008065 0.004752
0 0.804099 0.435020 0.008065 0.004752
0 0.867608 0.466857 0.008065 0.004752
0 0.867608 0.450938 0.008065 0.004752
0 0.158266 0.689000 0.008065 0.004752
0 0.158266 0.673081 0.008065 0.004752
0 0.276210 0.689000 0.008065 0.004752
0 0.276210 0.673081 0.008065 0.004752
0 0.308804 0.689000 0.008065 0.004752
0 0.308804 0.673081 0.008065 0.004752
0 0.353495 0.677596 0.008065 0.004752
0 0.353495 0.673081 0.008065 0.004752
0 0.406250 0.679734 0.008065 0.004752
0 0.406250 0.673081 0.008065 0.004752
0 0.439180 0.682110 0.008065 0.004752
0 0.439180 0.673081 0.008065 0.004752
0 0.472110 0.684248 0.008065 0.004752
0 0.472110 0.673081 0.008065 0.004752
0 0.505040 0.686624 0.008065 0.004752
0 0.505040 0.673081 0.008065 0.004752
0 0.564180 0.689000 0.008065 0.004752
0 0.564180 0.673081 0.008065 0.004752
0 0.632056 0.686624 0.008065 0.004752
0 0.632056 0.673081 0.008065 0.004752
0 0.700269 0.684248 0.008065 0.004752
0 0.700269 0.673081 0.008065 0.004752
0 0.792339 0.682110 0.008065 0.004752
0 0.792339 0.673081 0.008065 0.004752
0 0.881384 0.691138 0.008065 0.004752
0 0.881384 0.675220 0.008065 0.004752
0 0.151546 0.920646 0.008065 0.004752
0 0.151546 0.904728 0.008065 0.004752
0 0.257392 0.920646 0.008065 0.004752
0 0.257392 0.904728 0.008065 0.004752
0 0.340390 0.913994 0.008065 0.004752
0 0.340390 0.898076 0.008065 0.004752
0 0.393145 0.925160 0.008065 0.004752
0 0.393145 0.909480 0.008065 0.004752
0 0.432124 0.923022 0.008065 0.004752
0 0.432124 0.907104 0.008065 0.004752
0 0.493952 0.920646 0.008065 0.004752
0 0.493952 0.904728 0.008065 0.004752
0 0.602823 0.920646 0.008065 0.004752
0 0.602823 0.904728 0.008065 0.004752
0 0.687500 0.898076 0.008065 0.004752
0 0.714046 0.898076 0.008065 0.004752
0 0.740591 0.898076 0.008065 0.004752
0 0.768145 0.898076 0.008065 0.004752
0 0.794691 0.898076 0.008065 0.004752
0 0.821237 0.898076 0.008065 0.004752
0 0.859543 0.913994 0.008065 0.004752
0 0.859543 0.898076 0.008065 0.004752
0 0.385417 0.863388 0.008065 0.004752
0 0.393145 0.861012 0.008065 0.004752
0 0.432124 0.865526 0.008065 0.004752
0 0.432124 0.861012 0.008065 0.004752
0 0.157594 0.188643 0.008065 0.004752
0 0.189516 0.204562 0.008065 0.004752
0 0.189516 0.195533 0.008065 0.004752
0 0.189516 0.191019 0.008065 0.004752
0 0.197245 0.188643 0.008065 0.004752
0 0.221438 0.204562 0.008065 0.004752
0 0.221438 0.197909 0.008065 0.004752
0 0.221438 0.193395 0.008065 0.004752
0 0.221438 0.188643 0.008065 0.004752
0 0.253360 0.204562 0.008065 0.004752
0 0.253360 0.197909 0.008065 0.004752
0 0.253360 0.193395 0.008065 0.004752
0 0.253360 0.188643 0.008065 0.004752
0 0.285618 0.202423 0.008065 0.004752
0 0.285618 0.197909 0.008065 0.004752
0 0.285618 0.191019 0.008065 0.004752
0 0.317540 0.202423 0.008065 0.004752
0 0.317540 0.197909 0.008065 0.004752
0 0.317540 0.191019 0.008065 0.004752
0 0.410954 0.200048 0.008065 0.004752
0 0.410954 0.195533 0.008065 0.004752
0 0.410954 0.188643 0.008065 0.004752
0 0.438844 0.200048 0.008065 0.004752
0 0.438844 0.195533 0.008065 0.004752
0 0.438844 0.188643 0.008065 0.004752
0 0.466398 0.200048 0.008065 0.004752
0 0.466398 0.191019 0.008065 0.004752
0 0.473790 0.188643 0.008065 0.004752
0 0.493952 0.197909 0.008065 0.004752
0 0.493952 0.191019 0.008065 0.004752
0 0.501680 0.188643 0.008065 0.004752
0 0.521505 0.195533 0.008065 0.004752
0 0.521505 0.191019 0.008065 0.004752
0 0.529234 0.188643 0.008065 0.004752
0 0.600470 0.197909 0.008065 0.004752
0 0.600470 0.193395 0.008065 0.004752
0 0.632728 0.197909 0.008065 0.004752
0 0.632728 0.193395 0.008065 0.004752
0 0.664987 0.197909 0.008065 0.004752
0 0.664987 0.193395 0.008065 0.004752
0 0.697245 0.195533 0.008065 0.004752
0 0.704973 0.193395 0.008065 0.004752
0 0.697245 0.191019 0.008065 0.004752
0 0.729503 0.195533 0.008065 0.004752
0 0.737231 0.193395 0.008065 0.004752
0 0.729503 0.188643 0.008065 0.004752
0 0.775538 0.195533 0.008065 0.004752
0 0.782930 0.193395 0.008065 0.004752
0 0.775538 0.188643 0.008065 0.004752
0 0.801411 0.195533 0.008065 0.004752
0 0.809140 0.193395 0.008065 0.004752
0 0.801411 0.188643 0.008065 0.004752
0 0.827285 0.197909 0.008065 0.004752
0 0.827285 0.193395 0.008065 0.004752
0 0.827285 0.186505 0.008065 0.004752
0 0.853495 0.197909 0.008065 0.004752
0 0.853495 0.193395 0.008065 0.004752
0 0.853495 0.186505 0.008065 0.004752
0 0.879368 0.197909 0.008065 0.004752
0 0.879368 0.193395 0.008065 0.004752
0 0.905242 0.197909 0.008065 0.004752
0 0.905242 0.193395 0.008065 0.004752
0 0.183468 0.408886 0.008065 0.004752
0 0.183468 0.404134 0.008065 0.004752
0 0.183468 0.397482 0.008065 0.004752
0 0.217742 0.408886 0.008065 0.004752
0 0.217742 0.404134 0.008065 0.004752
0 0.217742 0.397482 0.008065 0.004752
0 0.251680 0.408886 0.008065 0.004752
0 0.251680 0.404134 0.008065 0.004752
0 0.251680 0.397482 0.008065 0.004752
0 0.285954 0.406510 0.008065 0.004752
0 0.293683 0.404134 0.008065 0.004752
0 0.285954 0.395106 0.008065 0.004752
0 0.320228 0.406510 0.008065 0.004752
0 0.327957 0.404134 0.008065 0.004752
0 0.320228 0.395106 0.008065 0.004752
0 0.370296 0.406510 0.008065 0.004752
0 0.378024 0.404134 0.008065 0.004752
0 0.370296 0.395106 0.008065 0.004752
0 0.398185 0.406510 0.008065 0.004752
0 0.405914 0.404134 0.008065 0.004752
0 0.398185 0.395106 0.008065 0.004752
0 0.426075 0.408886 0.008065 0.004752
0 0.426075 0.404134 0.008065 0.004752
0 0.426075 0.392967 0.008065 0.004752
0 0.454301 0.408886 0.008065 0.004752
0 0.454301 0.404134 0.008065 0.004752
0 0.454301 0.392967 0.008065 0.004752
0 0.482191 0.408886 0.008065 0.004752
0 0.482191 0.404134 0.008065 0.004752
0 0.482191 0.397482 0.008065 0.004752
0 0.482191 0.392967 0.008065 0.004752
0 0.510081 0.408886 0.008065 0.004752
0 0.510081 0.404134 0.008065 0.004752
0 0.510081 0.397482 0.008065 0.004752
0 0.510081 0.392967 0.008065 0.004752
0 0.580645 0.408886 0.008065 0.004752
0 0.580645 0.404134 0.008065 0.004752
0 0.580645 0.392967 0.008065 0.004752
0 0.609879 0.408886 0.008065 0.004752
0 0.609879 0.404134 0.008065 0.004752
0 0.609879 0.392967 0.008065 0.004752
0 0.638777 0.408886 0.008065 0.004752
0 0.638777 0.404134 0.008065 0.004752
0 0.638777 0.392967 0.008065 0.004752
0 0.668011 0.408886 0.008065 0.004752
0 0.668011 0.404134 0.008065 0.004752
0 0.668011 0.395106 0.008065 0.004752
0 0.696909 0.408886 0.008065 0.004752
0 0.696909 0.404134 0.008065 0.004752
0 0.696909 0.395106 0.008065 0.004752
0 0.740927 0.408886 0.008065 0.004752
0 0.740927 0.404134 0.008065 0.004752
0 0.740927 0.395106 0.008065 0.004752
0 0.772513 0.408886 0.008065 0.004752
0 0.772513 0.404134 0.008065 0.004752
0 0.772513 0.395106 0.008065 0.004752
0 0.804099 0.408886 0.008065 0.004752
0 0.804099 0.404134 0.008065 0.004752
0 0.804099 0.397482 0.008065 0.004752
0 0.835685 0.408886 0.008065 0.004752
0 0.835685 0.404134 0.008065 0.004752
0 0.835685 0.397482 0.008065 0.004752
0 0.867608 0.413400 0.008065 0.004752
0 0.867608 0.408886 0.008065 0.004752
0 0.867608 0.404134 0.008065 0.004752
0 0.875000 0.401996 0.008065 0.004752
0 0.899194 0.413400 0.008065 0.004752
0 0.899194 0.408886 0.008065 0.004752
0 0.899194 0.404134 0.008065 0.004752
0 0.906922 0.401996 0.008065 0.004752
0 0.158266 0.640770 0.008065 0.004752
0 0.165995 0.638632 0.008065 0.004752
0 0.158266 0.633880 0.008065 0.004752
0 0.158266 0.624852 0.008065 0.004752
0 0.243616 0.640770 0.008065 0.004752
0 0.251008 0.638632 0.008065 0.004752
0 0.243616 0.633880 0.008065 0.004752
0 0.243616 0.624852 0.008065 0.004752
0 0.276210 0.640770 0.008065 0.004752
0 0.283938 0.638632 0.008065 0.004752
0 0.276210 0.633880 0.008065 0.004752
0 0.276210 0.624852 0.008065 0.004752
0 0.308804 0.638632 0.008065 0.004752
0 0.308804 0.633880 0.008065 0.004752
0 0.308804 0.629366 0.008065 0.004752
0 0.353495 0.638632 0.008065 0.004752
0 0.353495 0.631742 0.008065 0.004752
0 0.353495 0.622713 0.008065 0.004752
0 0.406250 0.638632 0.008065 0.004752
0 0.406250 0.633880 0.008065 0.004752
0 0.406250 0.624852 0.008065 0.004752
0 0.439180 0.638632 0.008065 0.004752
0 0.439180 0.631742 0.008065 0.004752
0 0.439180 0.627227 0.008065 0.004752
0 0.472110 0.640770 0.008065 0.004752
0 0.479839 0.638632 0.008065 0.004752
0 0.472110 0.629366 0.008065 0.004752
0 0.505040 0.640770 0.008065 0.004752
0 0.512769 0.638632 0.008065 0.004752
0 0.505040 0.631742 0.008065 0.004752
0 0.564180 0.640770 0.008065 0.004752
0 0.571573 0.638632 0.008065 0.004752
0 0.564180 0.633880 0.008065 0.004752
0 0.598118 0.640770 0.008065 0.004752
0 0.605847 0.638632 0.008065 0.004752
0 0.598118 0.633880 0.008065 0.004752
0 0.632056 0.640770 0.008065 0.004752
0 0.639785 0.638632 0.008065 0.004752
0 0.632056 0.631742 0.008065 0.004752
0 0.665995 0.640770 0.008065 0.004752
0 0.673723 0.638632 0.008065 0.004752
0 0.665995 0.631742 0.008065 0.004752
0 0.700269 0.640770 0.008065 0.004752
0 0.707661 0.638632 0.008065 0.004752
0 0.700269 0.629366 0.008065 0.004752
0 0.734207 0.640770 0.008065 0.004752
0 0.741935 0.638632 0.008065 0.004752
0 0.734207 0.629366 0.008065 0.004752
0 0.792339 0.643146 0.008065 0.004752
0 0.792339 0.638632 0.008065 0.004752
0 0.792339 0.627227 0.008065 0.004752
0 0.817204 0.631742 0.008065 0.004752
0 0.841734 0.633880 0.008065 0.004752
0 0.849462 0.631742 0.008065 0.004752
0 0.881384 0.636256 0.008065 0.004752
0 0.881384 0.631742 0.008065 0.004752
0 0.210685 0.870040 0.008065 0.004752
0 0.210685 0.865526 0.008065 0.004752
0 0.257392 0.870040 0.008065 0.004752
0 0.265121 0.867902 0.008065 0.004752
0 0.340390 0.872416 0.008065 0.004752
0 0.340390 0.861012 0.008065 0.004752
0 0.364583 0.861012 0.008065 0.004752
0 0.364583 0.856498 0.008065 0.004752
0 0.393145 0.851984 0.008065 0.004752
0 0.456653 0.854122 0.008065 0.004752
0 0.493952 0.867902 0.008065 0.004752
0 0.493952 0.861012 0.008065 0.004752
0 0.493952 0.856498 0.008065 0.004752
0 0.572581 0.867902 0.008065 0.004752
0 0.602823 0.870040 0.008065 0.004752
0 0.602823 0.865526 0.008065 0.004752
0 0.633065 0.870040 0.008065 0.004752
0 0.640793 0.867902 0.008065 0.004752
0 0.633065 0.863388 0.008065 0.004752
0 0.687500 0.872416 0.008065 0.004752
0 0.687500 0.867902 0.008065 0.004752
0 0.687500 0.861012 0.008065 0.004752
0 0.714046 0.872416 0.008065 0.004752
0 0.714046 0.867902 0.008065 0.004752
0 0.714046 0.861012 0.008065 0.004752
0 0.740591 0.870040 0.008065 0.004752
0 0.740591 0.865526 0.008065 0.004752
0 0.740591 0.861012 0.008065 0.004752
0 0.747984 0.858874 0.008065 0.004752
0 0.768145 0.867902 0.008065 0.004752
0 0.768145 0.863388 0.008065 0.004752
0 0.775874 0.861012 0.008065 0.004752
0 0.768145 0.856498 0.008065 0.004752
0 0.794691 0.865526 0.008065 0.004752
0 0.794691 0.861012 0.008065 0.004752
0 0.794691 0.854122 0.008065 0.004752
0 0.821237 0.863388 0.008065 0.004752
0 0.821237 0.858874 0.008065 0.004752
0 0.821237 0.854122 0.008065 0.004752
0 0.821237 0.849608 0.008065 0.004752
0 0.859543 0.863388 0.008065 0.004752
0 0.859543 0.858874 0.008065 0.004752
0 0.859543 0.854122 0.008065 0.004752
0 0.859543 0.849608 0.008065 0.004752
0 0.900202 0.861012 0.008065 0.004752
0 0.900202 0.856498 0.008065 0.004752
0 0.900202 0.851984 0.008065 0.004752
0 0.157594 0.138988 0.008065 0.004752
0 0.221438 0.138988 0.008065 0.004752
0 0.253360 0.138988 0.008065 0.004752
0 0.285618 0.132098 0.008065 0.004752
0 0.337366 0.132098 0.008065 0.004752
0 0.383401 0.134474 0.008065 0.004752
0 0.521505 0.145878 0.008065 0.004752
0 0.568212 0.143502 0.008065 0.004752
0 0.632728 0.143502 0.008065 0.004752
0 0.664987 0.143502 0.008065 0.004752
0 0.697245 0.141126 0.008065 0.004752
0 0.729503 0.138988 0.008065 0.004752
0 0.775538 0.138988 0.008065 0.004752
0 0.827285 0.136612 0.008065 0.004752
0 0.482191 0.344975 0.008065 0.004752
0 0.551747 0.340461 0.008065 0.004752
0 0.638777 0.340461 0.008065 0.004752
0 0.668011 0.340461 0.008065 0.004752
0 0.696909 0.340461 0.008065 0.004752
0 0.740927 0.340461 0.008065 0.004752
0 0.804099 0.349489 0.008065 0.004752
0 0.308804 0.579948 0.008065 0.004752
0 0.353495 0.564029 0.008065 0.004752
0 0.406250 0.566168 0.008065 0.004752
0 0.439180 0.568544 0.008065 0.004752
0 0.472110 0.570919 0.008065 0.004752
0 0.505040 0.573058 0.008065 0.004752
0 0.564180 0.575434 0.008065 0.004752
0 0.632056 0.573058 0.008065 0.004752
0 0.700269 0.570919 0.008065 0.004752
0 0.792339 0.568544 0.008065 0.004752
0 0.841734 0.568544 0.008065 0.004752
0 0.905914 0.570919 0.008065 0.004752
0 0.151546 0.800903 0.008065 0.004752
0 0.181452 0.805417 0.008065 0.004752
0 0.210685 0.798527 0.008065 0.004752
0 0.286626 0.800903 0.008065 0.004752
0 0.340390 0.798527 0.008065 0.004752
0 0.393145 0.789499 0.008065 0.004752
0 0.456653 0.791875 0.008065 0.004752
0 0.493952 0.794013 0.008065 0.004752
0 0.542339 0.794013 0.008065 0.004752
0 0.572581 0.798527 0.008065 0.004752
0 0.602823 0.798527 0.008065 0.004752
0 0.633065 0.800903 0.008065 0.004752
0 0.687500 0.798527 0.008065 0.004752
0 0.157594 0.085769 0.008065 0.004752
0 0.221438 0.085769 0.008065 0.004752
0 0.253360 0.085769 0.008065 0.004752
0 0.285618 0.074364 0.008065 0.004752
0 0.337366 0.074364 0.008065 0.004752
0 0.383401 0.076740 0.008065 0.004752
0 0.879368 0.090283 0.008065 0.004752
0 0.149194 0.287717 0.008065 0.004752
0 0.217742 0.287717 0.008065 0.004752
0 0.251680 0.287717 0.008065 0.004752
0 0.285954 0.285341 0.008065 0.004752
0 0.320228 0.285341 0.008065 0.004752
0 0.370296 0.285341 0.008065 0.004752
0 0.426075 0.283203 0.008065 0.004752
0 0.482191 0.283203 0.008065 0.004752
0 0.551747 0.278689 0.008065 0.004752
0 0.638777 0.278689 0.008065 0.004752
0 0.668011 0.278689 0.008065 0.004752
0 0.696909 0.278689 0.008065 0.004752
0 0.740927 0.278689 0.008065 0.004752
0 0.804099 0.292231 0.008065 0.004752
0 0.899194 0.292231 0.008065 0.004752
0 0.158266 0.493704 0.008065 0.004752
0 0.210685 0.496080 0.008065 0.004752
0 0.243616 0.498456 0.008065 0.004752
0 0.276210 0.500594 0.008065 0.004752
0 0.308804 0.502970 0.008065 0.004752
0 0.353495 0.502970 0.008065 0.004752
0 0.472110 0.502970 0.008065 0.004752
0 0.505040 0.502970 0.008065 0.004752
0 0.564180 0.493704 0.008065 0.004752
0 0.632056 0.496080 0.008065 0.004752
0 0.665995 0.498456 0.008065 0.004752
0 0.700269 0.500594 0.008065 0.004752
0 0.734207 0.502970 0.008065 0.004752
0 0.792339 0.502970 0.008065 0.004752
0 0.841734 0.502970 0.008065 0.004752
0 0.905914 0.505108 0.008065 0.004752
0 0.151546 0.736279 0.008065 0.004752
0 0.181452 0.740794 0.008065 0.004752
0 0.210685 0.736279 0.008065 0.004752
0 0.286626 0.738418 0.008065 0.004752
0 0.340390 0.740794 0.008065 0.004752
0 0.393145 0.724875 0.008065 0.004752
0 0.493952 0.724875 0.008065 0.004752
0 0.542339 0.731765 0.008065 0.004752
0 0.572581 0.736279 0.008065 0.004752
0 0.602823 0.736279 0.008065 0.004752
0 0.633065 0.738418 0.008065 0.004752
0 0.687500 0.740794 0.008065 0.004752
