0 0.236559 0.245426 0.007728 0.004514
0 0.496976 0.245426 0.007728 0.004514
0 0.718414 0.245426 0.007728 0.004514
0 0.134073 0.465669 0.007728 0.004514
0 0.335349 0.465669 0.007728 0.004514
0 0.548723 0.465669 0.007728 0.004514
0 0.134073 0.696127 0.007728 0.004514
0 0.332997 0.696127 0.007728 0.004514
0 0.550403 0.696127 0.007728 0.004514
0 0.236559 0.236873 0.007728 0.004514
0 0.266465 0.236873 0.007728 0.004514
0 0.326613 0.236873 0.007728 0.004514
0 0.386425 0.236873 0.007728 0.004514
0 0.446237 0.236873 0.007728 0.004514
0 0.496976 0.236873 0.007728 0.004514
0 0.523185 0.236873 0.007728 0.004514
0 0.575605 0.236873 0.007728 0.004514
0 0.628024 0.236873 0.007728 0.004514
0 0.680444 0.236873 0.007728 0.004514
0 0.718414 0.236873 0.007728 0.004514
0 0.744960 0.236873 0.007728 0.004514
0 0.798051 0.236873 0.007728 0.004514
0 0.824933 0.243288 0.007728 0.004514
0 0.851478 0.236873 0.007728 0.004514
0 0.878024 0.239012 0.007728 0.004514
0 0.904570 0.236873 0.007728 0.004514
0 0.134073 0.461392 0.007728 0.004514
0 0.156250 0.457116 0.007728 0.004514
0 0.200941 0.457116 0.007728 0.004514
0 0.223118 0.463531 0.007728 0.004514
0 0.245632 0.457116 0.007728 0.004514
0 0.267809 0.459254 0.007728 0.004514
0 0.290323 0.457116 0.007728 0.004514
0 0.335349 0.461392 0.007728 0.004514
0 0.358871 0.457116 0.007728 0.004514
0 0.405578 0.457116 0.007728 0.004514
0 0.452621 0.457116 0.007728 0.004514
0 0.499664 0.457116 0.007728 0.004514
0 0.548723 0.457116 0.007728 0.004514
0 0.571909 0.457116 0.007728 0.004514
0 0.618616 0.457116 0.007728 0.004514
0 0.665323 0.457116 0.007728 0.004514
0 0.712030 0.457116 0.007728 0.004514
0 0.749664 0.457116 0.007728 0.004514
0 0.772513 0.457116 0.007728 0.004514
0 0.817876 0.457116 0.007728 0.004514
0 0.863239 0.457116 0.007728 0.004514
0 0.908602 0.457116 0.007728 0.004514
0 0.134073 0.680922 0.007728 0.004514
0 0.156922 0.680922 0.007728 0.004514
0 0.203293 0.680922 0.007728 0.004514
0 0.249328 0.680922 0.007728 0.004514
0 0.295363 0.680922 0.007728 0.004514
0 0.332997 0.680922 0.007728 0.004514
0 0.357527 0.680922 0.007728 0.004514
0 0.406586 0.680922 0.007728 0.004514
0 0.455645 0.680922 0.007728 0.004514
0 0.505040 0.680922 0.007728 0.004514
0 0.550403 0.680922 0.007728 0.004514
0 0.573589 0.680922 0.007728 0.004514
0 0.619624 0.680922 0.007728 0.004514
0 0.665995 0.680922 0.007728 0.004514
0 0.712030 0.680922 0.007728 0.004514
0 0.746304 0.680922 0.007728 0.004514
0 0.831317 0.683298 0.007728 0.004514
0 0.838710 0.680922 0.007728 0.004514
0 0.142473 0.920884 0.007728 0.004514
0 0.142473 0.916607 0.007728 0.004514
0 0.245968 0.923022 0.007728 0.004514
0 0.245968 0.916607 0.007728 0.004514
0 0.377016 0.925160 0.007728 0.004514
0 0.377016 0.916607 0.007728 0.004514
0 0.461694 0.920884 0.007728 0.004514
0 0.555780 0.925160 0.007728 0.004514
0 0.662298 0.927299 0.007728 0.004514
0 0.781922 0.929437 0.007728 0.004514
0 0.134073 0.198860 0.007728 0.004514
0 0.134073 0.194583 0.007728 0.004514
0 0.236559 0.203136 0.007728 0.004514
0 0.236559 0.198860 0.007728 0.004514
0 0.296371 0.205274 0.007728 0.004514
0 0.296371 0.200998 0.007728 0.004514
0 0.356519 0.203136 0.007728 0.004514
0 0.356519 0.198860 0.007728 0.004514
0 0.416331 0.200998 0.007728 0.004514
0 0.416331 0.196721 0.007728 0.004514
0 0.496976 0.198860 0.007728 0.004514
0 0.496976 0.194583 0.007728 0.004514
0 0.549395 0.192445 0.007728 0.004514
0 0.549395 0.188168 0.007728 0.004514
0 0.601815 0.194583 0.007728 0.004514
0 0.601815 0.190306 0.007728 0.004514
0 0.654234 0.196721 0.007728 0.004514
0 0.654234 0.192445 0.007728 0.004514
0 0.718414 0.198860 0.007728 0.004514
0 0.718414 0.194583 0.007728 0.004514
0 0.771505 0.203136 0.007728 0.004514
0 0.771505 0.198860 0.007728 0.004514
0 0.824933 0.205274 0.007728 0.004514
0 0.824933 0.196721 0.007728 0.004514
0 0.878024 0.205274 0.007728 0.004514
0 0.878024 0.200998 0.007728 0.004514
0 0.134073 0.417914 0.007728 0.004514
0 0.134073 0.413637 0.007728 0.004514
0 0.178763 0.422191 0.007728 0.004514
0 0.178763 0.417914 0.007728 0.004514
0 0.223118 0.424329 0.007728 0.004514
0 0.223118 0.415776 0.007728 0.004514
0 0.267809 0.424329 0.007728 0.004514
0 0.267809 0.420052 0.007728 0.004514
0 0.335349 0.422191 0.007728 0.004514
0 0.335349 0.417914 0.007728 0.004514
0 0.382392 0.424329 0.007728 0.004514
0 0.382392 0.420052 0.007728 0.004514
0 0.429099 0.422191 0.007728 0.004514
0 0.429099 0.417914 0.007728 0.004514
0 0.476142 0.420052 0.007728 0.004514
0 0.476142 0.415776 0.007728 0.004514
0 0.548723 0.417914 0.007728 0.004514
0 0.548723 0.413637 0.007728 0.004514
0 0.595094 0.417914 0.007728 0.004514
0 0.595094 0.407223 0.007728 0.004514
0 0.641801 0.420052 0.007728 0.004514
0 0.641801 0.409361 0.007728 0.004514
0 0.688508 0.422191 0.007728 0.004514
0 0.688508 0.411499 0.007728 0.004514
0 0.749664 0.424329 0.007728 0.004514
0 0.749664 0.420052 0.007728 0.004514
0 0.749664 0.413637 0.007728 0.004514
0 0.795027 0.424329 0.007728 0.004514
0 0.795027 0.420052 0.007728 0.004514
0 0.840390 0.426467 0.007728 0.004514
0 0.840390 0.415776 0.007728 0.004514
0 0.885753 0.422191 0.007728 0.004514
0 0.893145 0.420052 0.007728 0.004514
0 0.885753 0.411499 0.007728 0.004514
0 0.134073 0.647897 0.007728 0.004514
0 0.134073 0.643621 0.007728 0.004514
0 0.134073 0.637206 0.007728 0.004514
0 0.180108 0.643621 0.007728 0.004514
0 0.226142 0.628653 0.007728 0.004514
0 0.272513 0.647897 0.007728 0.004514
0 0.272513 0.632929 0.007728 0.004514
0 0.332997 0.647897 0.007728 0.004514
0 0.332997 0.643621 0.007728 0.004514
0 0.332997 0.637206 0.007728 0.004514
0 0.382056 0.647897 0.007728 0.004514
0 0.382056 0.643621 0.007728 0.004514
0 0.431116 0.650273 0.007728 0.004514
0 0.431116 0.643621 0.007728 0.004514
0 0.431116 0.639344 0.007728 0.004514
0 0.480511 0.645759 0.007728 0.004514
0 0.487567 0.643621 0.007728 0.004514
0 0.480511 0.635068 0.007728 0.004514
0 0.550403 0.647897 0.007728 0.004514
0 0.550403 0.643621 0.007728 0.004514
0 0.550403 0.637206 0.007728 0.004514
0 0.596774 0.643621 0.007728 0.004514
0 0.642809 0.628653 0.007728 0.004514
0 0.688844 0.643621 0.007728 0.004514
0 0.746304 0.628653 0.007728 0.004514
0 0.831317 0.639344 0.007728 0.004514
0 0.838710 0.637206 0.007728 0.004514
0 0.142473 0.869090 0.007728 0.004514
0 0.142473 0.864813 0.007728 0.004514
0 0.245968 0.871228 0.007728 0.004514
0 0.245968 0.864813 0.007728 0.004514
0 0.377016 0.873367 0.007728 0.004514
0 0.377016 0.864813 0.007728 0.004514
0 0.461694 0.869090 0.007728 0.004514
0 0.555780 0.873367 0.007728 0.004514
0 0.662298 0.875742 0.007728 0.004514
0 0.781922 0.877881 0.007728 0.004514
0 0.134073 0.134949 0.007728 0.004514
0 0.236559 0.139463 0.007728 0.004514
0 0.296371 0.141601 0.007728 0.004514
0 0.356519 0.139463 0.007728 0.004514
0 0.416331 0.137087 0.007728 0.004514
0 0.496976 0.134949 0.007728 0.004514
0 0.549395 0.128534 0.007728 0.004514
0 0.601815 0.130672 0.007728 0.004514
0 0.654234 0.132811 0.007728 0.004514
0 0.718414 0.134949 0.007728 0.004514
0 0.771505 0.139463 0.007728 0.004514
0 0.824933 0.141601 0.007728 0.004514
0 0.878024 0.137087 0.007728 0.004514
0 0.134073 0.371110 0.007728 0.004514
0 0.267809 0.362319 0.007728 0.004514
0 0.335349 0.364457 0.007728 0.004514
0 0.382392 0.366595 0.007728 0.004514
0 0.429099 0.364457 0.007728 0.004514
0 0.476142 0.362319 0.007728 0.004514
0 0.548723 0.360181 0.007728 0.004514
0 0.595094 0.360181 0.007728 0.004514
0 0.641801 0.362319 0.007728 0.004514
0 0.688508 0.364457 0.007728 0.004514
0 0.749664 0.366595 0.007728 0.004514
0 0.795027 0.366595 0.007728 0.004514
0 0.840390 0.368971 0.007728 0.004514
0 0.885753 0.364457 0.007728 0.004514
0 0.134073 0.593965 0.007728 0.004514
0 0.272513 0.593965 0.007728 0.004514
0 0.332997 0.593965 0.007728 0.004514
0 0.382056 0.593965 0.007728 0.004514
0 0.431116 0.596104 0.007728 0.004514
0 0.480511 0.591827 0.007728 0.004514
0 0.550403 0.593965 0.007728 0.004514
0 0.792339 0.583274 0.007728 0.004514
0 0.838710 0.585412 0.007728 0.004514
0 0.884745 0.585412 0.007728 0.004514
0 0.142473 0.806130 0.007728 0.004514
0 0.211022 0.806130 0.007728 0.004514
0 0.245968 0.808268 0.007728 0.004514
0 0.302083 0.808268 0.007728 0.004514
0 0.377016 0.810406 0.007728 0.004514
0 0.461694 0.806130 0.007728 0.004514
0 0.555780 0.810406 0.007728 0.004514
0 0.626344 0.810406 0.007728 0.004514
0 0.662298 0.812545 0.007728 0.004514
0 0.732863 0.812545 0.007728 0.004514
0 0.781922 0.814683 0.007728 0.004514
0 0.848118 0.814683 0.007728 0.004514
0 0.134073 0.066999 0.007728 0.004514
0 0.236559 0.071276 0.007728 0.004514
0 0.296371 0.073414 0.007728 0.004514
0 0.356519 0.071276 0.007728 0.004514
0 0.416331 0.069138 0.007728 0.004514
0 0.496976 0.066999 0.007728 0.004514
0 0.549395 0.060584 0.007728 0.004514
0 0.601815 0.062723 0.007728 0.004514
0 0.654234 0.064861 0.007728 0.004514
0 0.718414 0.066999 0.007728 0.004514
0 0.771505 0.071276 0.007728 0.004514
0 0.824933 0.069138 0.007728 0.004514
0 0.878024 0.073414 0.007728 0.004514
0 0.134073 0.305536 0.007728 0.004514
0 0.267809 0.311951 0.007728 0.004514
0 0.335349 0.309812 0.007728 0.004514
0 0.382392 0.311951 0.007728 0.004514
0 0.429099 0.309812 0.007728 0.004514
0 0.476142 0.307674 0.007728 0.004514
0 0.548723 0.305536 0.007728 0.004514
0 0.595094 0.299121 0.007728 0.004514
0 0.641801 0.301259 0.007728 0.004514
0 0.688508 0.303397 0.007728 0.004514
0 0.749664 0.305536 0.007728 0.004514
0 0.795027 0.311951 0.007728 0.004514
0 0.840390 0.307674 0.007728 0.004514
0 0.885753 0.303397 0.007728 0.004514
0 0.134073 0.525778 0.007728 0.004514
0 0.272513 0.532193 0.007728 0.004514
0 0.332997 0.525778 0.007728 0.004514
0 0.382056 0.532193 0.007728 0.004514
0 0.431116 0.527916 0.007728 0.004514
0 0.480511 0.523640 0.007728 0.004514
0 0.550403 0.525778 0.007728 0.004514
0 0.792339 0.525778 0.007728 0.004514
0 0.838710 0.527916 0.007728 0.004514
0 0.884745 0.527916 0.007728 0.004514
0 0.142473 0.754098 0.007728 0.004514
0 0.211022 0.754098 0.007728 0.004514
0 0.245968 0.756237 0.007728 0.004514
0 0.302083 0.756237 0.007728 0.004514
0 0.377016 0.758375 0.007728 0.004514
0 0.461694 0.754098 0.007728 0.004514
0 0.555780 0.758375 0.007728 0.004514
0 0.626344 0.758375 0.007728 0.004514
0 0.662298 0.760513 0.007728 0.004514
0 0.732863 0.760513 0.007728 0.004514
0 0.781922 0.762651 0.007728 0.004514
0 0.848118 0.762651 0.007728 0.004514
