0 0.220692 0.081511 0.313739 0.021388
0 0.529056 0.081511 0.302654 0.021388
0 0.815922 0.081511 0.270742 0.021388
0 0.220692 0.164211 0.313739 0.021388
0 0.529056 0.164211 0.302654 0.021388
0 0.815922 0.164211 0.270742 0.021388
0 0.220692 0.228375 0.313739 0.021388
0 0.529056 0.228375 0.302654 0.021388
0 0.815922 0.228375 0.270742 0.021388
0 0.303325 0.330086 0.479006 0.021388
0 0.747397 0.330086 0.408465 0.021388
0 0.303325 0.425143 0.479006 0.021388
0 0.747397 0.425143 0.408465 0.021388
0 0.303325 0.490019 0.479006 0.021388
0 0.747397 0.490019 0.408465 0.021388
0 0.228082 0.591968 0.328855 0.021388
0 0.516627 0.591968 0.247565 0.021388
0 0.795768 0.591968 0.310715 0.021388
0 0.228082 0.756179 0.328855 0.021388
0 0.516627 0.756179 0.247565 0.021388
0 0.795768 0.756179 0.310715 0.021388
0 0.228082 0.820342 0.328855 0.021388
0 0.516627 0.820342 0.247565 0.021388
0 0.795768 0.820342 0.310715 0.021388
