0 0.205912 0.192253 0.101108 0.018298
0 0.380584 0.192253 0.247901 0.018298
0 0.609338 0.192253 0.209943 0.018298
0 0.833053 0.192253 0.236816 0.018298
0 0.205912 0.240494 0.101108 0.018298
0 0.380584 0.240494 0.247901 0.018298
0 0.609338 0.240494 0.209943 0.018298
0 0.833053 0.240494 0.236816 0.018298
0 0.205912 0.297529 0.101108 0.018298
0 0.380584 0.297529 0.247901 0.018298
0 0.609338 0.297529 0.209943 0.018298
0 0.833053 0.297529 0.236816 0.018298
0 0.162580 0.379040 0.210951 0.018298
0 0.323480 0.379040 0.110178 0.018298
0 0.471616 0.379040 0.186093 0.018298
0 0.620087 0.379040 0.110178 0.018298
0 0.748069 0.379040 0.145448 0.018298
0 0.886127 0.379040 0.130668 0.018298
0 0.162580 0.427281 0.210951 0.018298
0 0.323480 0.427281 0.110178 0.018298
0 0.471616 0.427281 0.186093 0.018298
0 0.620087 0.427281 0.110178 0.018298
0 0.748069 0.427281 0.145448 0.018298
0 0.886127 0.427281 0.130668 0.018298
0 0.162580 0.489781 0.210951 0.018298
0 0.323480 0.489781 0.110178 0.018298
0 0.471616 0.489781 0.186093 0.018298
0 0.620087 0.489781 0.110178 0.018298
0 0.748069 0.489781 0.145448 0.018298
0 0.886127 0.489781 0.130668 0.018298
0 0.162580 0.571293 0.210951 0.018298
0 0.377561 0.571293 0.218341 0.018298
0 0.603292 0.571293 0.233456 0.018298
0 0.835741 0.571293 0.231105 0.018298
0 0.162580 0.640922 0.210951 0.018298
0 0.377561 0.640922 0.218341 0.018298
0 0.603292 0.640922 0.233456 0.018298
0 0.835741 0.640922 0.231105 0.018298
0 0.162580 0.689163 0.210951 0.018298
0 0.377561 0.689163 0.218341 0.018298
0 0.603292 0.689163 0.233456 0.018298
0 0.835741 0.689163 0.231105 0.018298
0 0.201881 0.770675 0.289889 0.018298
0 0.481693 0.770675 0.269399 0.018298
0 0.784011 0.770675 0.334901 0.018298
0 0.201881 0.830323 0.289889 0.018298
0 0.481693 0.830323 0.269399 0.018298
0 0.784011 0.830323 0.334901 0.018298
0 0.201881 0.890922 0.289889 0.018298
0 0.481693 0.890922 0.269399 0.018298
0 0.784011 0.890922 0.334901 0.018298
