0 0.183742 0.110504 0.250924 0.018061
0 0.415519 0.110504 0.211958 0.018061
0 0.636883 0.110504 0.230769 0.018061
0 0.852200 0.110504 0.198858 0.018061
0 0.183742 0.183460 0.250924 0.018061
0 0.415519 0.183460 0.211958 0.018061
0 0.636883 0.183460 0.230769 0.018061
0 0.852200 0.183460 0.198858 0.018061
0 0.183742 0.246911 0.250924 0.018061
0 0.415519 0.246911 0.211958 0.018061
0 0.636883 0.246911 0.230769 0.018061
0 0.852200 0.246911 0.198858 0.018061
0 0.198858 0.329135 0.280820 0.018061
0 0.445415 0.329135 0.212294 0.018061
0 0.655358 0.329135 0.207592 0.018061
0 0.855559 0.329135 0.192140 0.018061
0 0.198858 0.403517 0.280820 0.018061
0 0.445415 0.403517 0.212294 0.018061
0 0.655358 0.403517 0.207592 0.018061
0 0.855559 0.403517 0.192140 0.018061
0 0.198858 0.467205 0.280820 0.018061
0 0.445415 0.467205 0.212294 0.018061
0 0.655358 0.467205 0.207592 0.018061
0 0.855559 0.467205 0.192140 0.018061
0 0.177024 0.549430 0.237487 0.018061
0 0.412832 0.549430 0.233121 0.018061
0 0.638226 0.549430 0.216997 0.018061
0 0.849177 0.549430 0.204568 0.018061
0 0.177024 0.619772 0.237487 0.018061
0 0.412832 0.619772 0.233121 0.018061
0 0.638226 0.619772 0.216997 0.018061
0 0.849177 0.619772 0.204568 0.018061
0 0.177024 0.684173 0.237487 0.018061
0 0.412832 0.684173 0.233121 0.018061
0 0.638226 0.684173 0.216997 0.018061
0 0.849177 0.684173 0.204568 0.018061
0 0.203561 0.766397 0.290225 0.018061
0 0.476318 0.766397 0.255626 0.018061
0 0.735976 0.766397 0.263688 0.018061
0 0.906953 0.766397 0.077595 0.018061
0 0.203561 0.836740 0.290225 0.018061
0 0.476318 0.836740 0.255626 0.018061
0 0.735976 0.836740 0.263688 0.018061
0 0.906953 0.836740 0.077595 0.018061
0 0.203561 0.900428 0.290225 0.018061
0 0.476318 0.900428 0.255626 0.018061
0 0.735976 0.900428 0.263688 0.018061
0 0.906953 0.900428 0.077595 0.018061
