0 0.155526 0.074382 0.196842 0.018298
0 0.307356 0.074382 0.107155 0.018298
0 0.429627 0.074382 0.137051 0.018298
0 0.575747 0.074382 0.155526 0.018298
0 0.695331 0.074382 0.082634 0.018298
0 0.787706 0.074382 0.101444 0.018298
0 0.894861 0.074382 0.113201 0.018298
0 0.155526 0.143536 0.196842 0.018298
0 0.307356 0.143536 0.107155 0.018298
0 0.429627 0.143536 0.137051 0.018298
0 0.575747 0.143536 0.155526 0.018298
0 0.695331 0.143536 0.082634 0.018298
0 0.787706 0.143536 0.101444 0.018298
0 0.894861 0.143536 0.113201 0.018298
0 0.155526 0.198907 0.196842 0.018298
0 0.307356 0.198907 0.107155 0.018298
0 0.429627 0.198907 0.137051 0.018298
0 0.575747 0.198907 0.155526 0.018298
0 0.695331 0.198907 0.082634 0.018298
0 0.787706 0.198907 0.101444 0.018298
0 0.894861 0.198907 0.113201 0.018298
0 0.184078 0.261882 0.253947 0.018298
0 0.362110 0.261882 0.102452 0.018298
0 0.497145 0.261882 0.166947 0.018298
0 0.646288 0.261882 0.131004 0.018298
0 0.775613 0.261882 0.126973 0.018298
0 0.895197 0.261882 0.112529 0.018298
0 0.184078 0.324382 0.253947 0.018298
0 0.362110 0.324382 0.102452 0.018298
0 0.497145 0.324382 0.166947 0.018298
0 0.646288 0.324382 0.131004 0.018298
0 0.775613 0.324382 0.126973 0.018298
0 0.895197 0.324382 0.112529 0.018298
0 0.184078 0.374287 0.253947 0.018298
0 0.362110 0.374287 0.102452 0.018298
0 0.497145 0.374287 0.166947 0.018298
0 0.646288 0.374287 0.131004 0.018298
0 0.775613 0.374287 0.126973 0.018298
0 0.895197 0.374287 0.112529 0.018298
0 0.163588 0.437262 0.213302 0.018298
0 0.335573 0.437262 0.129661 0.018298
0 0.449782 0.437262 0.099093 0.018298
0 0.580450 0.437262 0.162244 0.018298
0 0.719852 0.437262 0.115553 0.018298
0 0.864629 0.437262 0.173665 0.018298
0 0.163588 0.497624 0.213302 0.018298
0 0.335573 0.497624 0.129661 0.018298
0 0.449782 0.497624 0.099093 0.018298
0 0.580450 0.497624 0.162244 0.018298
0 0.719852 0.497624 0.115553 0.018298
0 0.864629 0.497624 0.173665 0.018298
0 0.163588 0.545865 0.213302 0.018298
0 0.335573 0.545865 0.129661 0.018298
0 0.449782 0.545865 0.099093 0.018298
0 0.580450 0.545865 0.162244 0.018298
0 0.719852 0.545865 0.115553 0.018298
0 0.864629 0.545865 0.173665 0.018298
0 0.181391 0.608840 0.248572 0.018298
0 0.430971 0.608840 0.250924 0.018298
0 0.625798 0.608840 0.138730 0.018298
0 0.754787 0.608840 0.118576 0.018298
0 0.882768 0.608840 0.137051 0.018298
0 0.181391 0.672053 0.248572 0.018298
0 0.430971 0.672053 0.250924 0.018298
0 0.625798 0.672053 0.138730 0.018298
0 0.754787 0.672053 0.118576 0.018298
0 0.882768 0.672053 0.137051 0.018298
0 0.181391 0.720295 0.248572 0.018298
0 0.430971 0.720295 0.250924 0.018298
0 0.625798 0.720295 0.138730 0.018298
0 0.754787 0.720295 0.118576 0.018298
0 0.882768 0.720295 0.137051 0.018298
0 0.129661 0.783508 0.145448 0.018298
0 0.241854 0.783508 0.078603 0.018298
0 0.328855 0.783508 0.094726 0.018298
0 0.411824 0.783508 0.070541 0.018298
0 0.478334 0.783508 0.062815 0.018298
0 0.540141 0.783508 0.060799 0.018298
0 0.601276 0.783508 0.060799 0.018298
0 0.668794 0.783508 0.073900 0.018298
0 0.736312 0.783508 0.060799 0.018298
0 0.797447 0.783508 0.060799 0.018298
0 0.886799 0.783508 0.117568 0.018298
0 0.129661 0.842681 0.145448 0.018298
0 0.241854 0.842681 0.078603 0.018298
0 0.328855 0.842681 0.094726 0.018298
0 0.411824 0.842681 0.070541 0.018298
0 0.478334 0.842681 0.062815 0.018298
0 0.540141 0.842681 0.060799 0.018298
0 0.601276 0.842681 0.060799 0.018298
0 0.668794 0.842681 0.073900 0.018298
0 0.736312 0.842681 0.060799 0.018298
0 0.797447 0.842681 0.060799 0.018298
0 0.886799 0.842681 0.117568 0.018298
0 0.129661 0.890922 0.145448 0.018298
0 0.241854 0.890922 0.078603 0.018298
0 0.328855 0.890922 0.094726 0.018298
0 0.411824 0.890922 0.070541 0.018298
0 0.478334 0.890922 0.062815 0.018298
0 0.540141 0.890922 0.060799 0.018298
0 0.601276 0.890922 0.060799 0.018298
0 0.668794 0.890922 0.073900 0.018298
0 0.736312 0.890922 0.060799 0.018298
0 0.797447 0.890922 0.060799 0.018298
0 0.886799 0.890922 0.117568 0.018298
