0 0.207256 0.135219 0.154182 0.018298
0 0.353712 0.135219 0.138058 0.018298
0 0.517635 0.135219 0.189452 0.018298
0 0.699026 0.135219 0.172657 0.018298
0 0.868324 0.135219 0.166275 0.018298
0 0.207256 0.208650 0.154182 0.018298
0 0.353712 0.208650 0.138058 0.018298
0 0.517635 0.208650 0.189452 0.018298
0 0.699026 0.208650 0.172657 0.018298
0 0.868324 0.208650 0.166275 0.018298
0 0.207256 0.257129 0.154182 0.018298
0 0.353712 0.257129 0.138058 0.018298
0 0.517635 0.257129 0.189452 0.018298
0 0.699026 0.257129 0.172657 0.018298
0 0.868324 0.257129 0.166275 0.018298
0 0.142089 0.358840 0.170306 0.018298
0 0.332214 0.358840 0.209271 0.018298
0 0.526033 0.358840 0.178032 0.018298
0 0.716829 0.358840 0.203225 0.018298
0 0.885119 0.358840 0.133020 0.018298
0 0.142089 0.434648 0.170306 0.018298
0 0.332214 0.434648 0.209271 0.018298
0 0.526033 0.434648 0.178032 0.018298
0 0.716829 0.434648 0.203225 0.018298
0 0.885119 0.434648 0.133020 0.018298
0 0.142089 0.482890 0.170306 0.018298
0 0.332214 0.482890 0.209271 0.018298
0 0.526033 0.482890 0.178032 0.018298
0 0.716829 0.482890 0.203225 0.018298
0 0.885119 0.482890 0.133020 0.018298
0 0.119583 0.584601 0.125294 0.018298
0 0.437689 0.584601 0.510581 0.018298
0 0.753107 0.584601 0.120255 0.018298
0 0.882432 0.584601 0.138394 0.018298
0 0.119583 0.632842 0.125294 0.018298
0 0.437689 0.632842 0.510581 0.018298
0 0.753107 0.632842 0.120255 0.018298
0 0.882432 0.632842 0.138394 0.018298
0 0.119583 0.681084 0.125294 0.018298
0 0.437689 0.681084 0.510581 0.018298
0 0.753107 0.681084 0.120255 0.018298
0 0.882432 0.681084 0.138394 0.018298
0 0.150487 0.782795 0.187101 0.018298
0 0.354384 0.782795 0.220692 0.018298
0 0.533423 0.782795 0.136715 0.018298
0 0.681223 0.782795 0.158213 0.018298
0 0.855895 0.782795 0.190796 0.018298
0 0.150487 0.838403 0.187101 0.018298
0 0.354384 0.838403 0.220692 0.018298
0 0.533423 0.838403 0.136715 0.018298
0 0.681223 0.838403 0.158213 0.018298
0 0.855895 0.838403 0.190796 0.018298
0 0.150487 0.890922 0.187101 0.018298
0 0.354384 0.890922 0.220692 0.018298
0 0.533423 0.890922 0.136715 0.018298
0 0.681223 0.890922 0.158213 0.018298
0 0.855895 0.890922 0.190796 0.018298
