0 0.147800 0.074382 0.180383 0.018298
0 0.291569 0.074382 0.107155 0.018298
0 0.411488 0.074382 0.132012 0.018298
0 0.539133 0.074382 0.122943 0.018298
0 0.648975 0.074382 0.096070 0.018298
0 0.751092 0.074382 0.108163 0.018298
0 0.878065 0.074382 0.146120 0.018298
0 0.147800 0.163023 0.180383 0.018298
0 0.291569 0.163023 0.107155 0.018298
0 0.411488 0.163023 0.132012 0.018298
0 0.539133 0.163023 0.122943 0.018298
0 0.648975 0.163023 0.096070 0.018298
0 0.751092 0.163023 0.108163 0.018298
0 0.878065 0.163023 0.146120 0.018298
0 0.147800 0.227186 0.180383 0.018298
0 0.291569 0.227186 0.107155 0.018298
0 0.411488 0.227186 0.132012 0.018298
0 0.539133 0.227186 0.122943 0.018298
0 0.648975 0.227186 0.096070 0.018298
0 0.751092 0.227186 0.108163 0.018298
0 0.878065 0.227186 0.146120 0.018298
0 0.135707 0.300856 0.156198 0.018298
0 0.285186 0.300856 0.142761 0.018298
0 0.414511 0.300856 0.114881 0.018298
0 0.540477 0.300856 0.137051 0.018298
0 0.668794 0.300856 0.119248 0.018298
0 0.789385 0.300856 0.120927 0.018298
0 0.900907 0.300856 0.101444 0.018298
0 0.135707 0.389971 0.156198 0.018298
0 0.285186 0.389971 0.142761 0.018298
0 0.414511 0.389971 0.114881 0.018298
0 0.540477 0.389971 0.137051 0.018298
0 0.668794 0.389971 0.119248 0.018298
0 0.789385 0.389971 0.120927 0.018298
0 0.900907 0.389971 0.101444 0.018298
0 0.135707 0.451521 0.156198 0.018298
0 0.285186 0.451521 0.142761 0.018298
0 0.414511 0.451521 0.114881 0.018298
0 0.540477 0.451521 0.137051 0.018298
0 0.668794 0.451521 0.119248 0.018298
0 0.789385 0.451521 0.120927 0.018298
0 0.900907 0.451521 0.101444 0.018298
0 0.139402 0.525428 0.163252 0.018298
0 0.285186 0.525428 0.127645 0.018298
0 0.408129 0.525428 0.118240 0.018298
0 0.529056 0.525428 0.123278 0.018298
0 0.648640 0.525428 0.115217 0.018298
0 0.769567 0.525428 0.126638 0.018298
0 0.892509 0.525428 0.118240 0.018298
0 0.139402 0.614544 0.163252 0.018298
0 0.285186 0.614544 0.127645 0.018298
0 0.408129 0.614544 0.118240 0.018298
0 0.529056 0.614544 0.123278 0.018298
0 0.648640 0.614544 0.115217 0.018298
0 0.769567 0.614544 0.126638 0.018298
0 0.892509 0.614544 0.118240 0.018298
0 0.139402 0.673954 0.163252 0.018298
0 0.285186 0.673954 0.127645 0.018298
0 0.408129 0.673954 0.118240 0.018298
0 0.529056 0.673954 0.123278 0.018298
0 0.648640 0.673954 0.115217 0.018298
0 0.769567 0.673954 0.126638 0.018298
0 0.892509 0.673954 0.118240 0.018298
0 0.146792 0.747861 0.178367 0.018298
0 0.301646 0.747861 0.131340 0.018298
0 0.406785 0.747861 0.077931 0.018298
0 0.492106 0.747861 0.092711 0.018298
0 0.574740 0.747861 0.072220 0.018298
0 0.643937 0.747861 0.066174 0.018298
0 0.710447 0.747861 0.066174 0.018298
0 0.776621 0.747861 0.066174 0.018298
0 0.842795 0.747861 0.066174 0.018298
0 0.910648 0.747861 0.069197 0.018298
0 0.146792 0.833413 0.178367 0.018298
0 0.301646 0.833413 0.131340 0.018298
0 0.406785 0.833413 0.077931 0.018298
0 0.492106 0.833413 0.092711 0.018298
0 0.574740 0.833413 0.072220 0.018298
0 0.643937 0.833413 0.066174 0.018298
0 0.710447 0.833413 0.066174 0.018298
0 0.776621 0.833413 0.066174 0.018298
0 0.842795 0.833413 0.066174 0.018298
0 0.910648 0.833413 0.069197 0.018298
0 0.146792 0.890922 0.178367 0.018298
0 0.301646 0.890922 0.131340 0.018298
0 0.406785 0.890922 0.077931 0.018298
0 0.492106 0.890922 0.092711 0.018298
0 0.574740 0.890922 0.072220 0.018298
0 0.643937 0.890922 0.066174 0.018298
0 0.710447 0.890922 0.066174 0.018298
0 0.776621 0.890922 0.066174 0.018298
0 0.842795 0.890922 0.066174 0.018298
0 0.910648 0.890922 0.069197 0.018298
