0 0.155190 0.074382 0.196507 0.018298
0 0.316426 0.074382 0.124958 0.018298
0 0.455492 0.074382 0.153510 0.018298
0 0.609002 0.074382 0.152838 0.018298
0 0.749412 0.074382 0.127645 0.018298
0 0.882432 0.074382 0.138058 0.018298
0 0.155190 0.123099 0.196507 0.018298
0 0.316426 0.123099 0.124958 0.018298
0 0.455492 0.123099 0.153510 0.018298
0 0.609002 0.123099 0.152838 0.018298
0 0.749412 0.123099 0.127645 0.018298
0 0.882432 0.123099 0.138058 0.018298
0 0.155190 0.180133 0.196507 0.018298
0 0.316426 0.180133 0.124958 0.018298
0 0.455492 0.180133 0.153510 0.018298
0 0.609002 0.180133 0.152838 0.018298
0 0.749412 0.180133 0.127645 0.018298
0 0.882432 0.180133 0.138058 0.018298
0 0.156869 0.251426 0.199866 0.018298
0 0.332550 0.251426 0.150487 0.018298
0 0.472288 0.251426 0.128989 0.018298
0 0.607995 0.251426 0.142425 0.018298
0 0.744709 0.251426 0.130668 0.018298
0 0.880752 0.251426 0.141082 0.018298
0 0.156869 0.313213 0.199866 0.018298
0 0.332550 0.313213 0.150487 0.018298
0 0.472288 0.313213 0.128989 0.018298
0 0.607995 0.313213 0.142425 0.018298
0 0.744709 0.313213 0.130668 0.018298
0 0.880752 0.313213 0.141082 0.018298
0 0.156869 0.362643 0.199866 0.018298
0 0.332550 0.362643 0.150487 0.018298
0 0.472288 0.362643 0.128989 0.018298
0 0.607995 0.362643 0.142425 0.018298
0 0.744709 0.362643 0.130668 0.018298
0 0.880752 0.362643 0.141082 0.018298
0 0.144105 0.433935 0.174337 0.018298
0 0.298959 0.433935 0.135035 0.018298
0 0.430299 0.433935 0.126973 0.018298
0 0.575411 0.433935 0.163588 0.018298
0 0.728250 0.433935 0.141082 0.018298
0 0.875042 0.433935 0.152838 0.018298
0 0.144105 0.494059 0.174337 0.018298
0 0.298959 0.494059 0.135035 0.018298
0 0.430299 0.494059 0.126973 0.018298
0 0.575411 0.494059 0.163588 0.018298
0 0.728250 0.494059 0.141082 0.018298
0 0.875042 0.494059 0.152838 0.018298
0 0.144105 0.543726 0.174337 0.018298
0 0.298959 0.543726 0.135035 0.018298
0 0.430299 0.543726 0.126973 0.018298
0 0.575411 0.543726 0.163588 0.018298
0 0.728250 0.543726 0.141082 0.018298
0 0.875042 0.543726 0.152838 0.018298
0 0.146792 0.614781 0.179711 0.018298
0 0.308028 0.614781 0.142089 0.018298
0 0.446758 0.614781 0.135035 0.018298
0 0.590527 0.614781 0.152838 0.018298
0 0.734632 0.614781 0.134363 0.018298
0 0.876722 0.614781 0.149815 0.018298
0 0.146792 0.672291 0.179711 0.018298
0 0.308028 0.672291 0.142089 0.018298
0 0.446758 0.672291 0.135035 0.018298
0 0.590527 0.672291 0.152838 0.018298
0 0.734632 0.672291 0.134363 0.018298
0 0.876722 0.672291 0.149815 0.018298
0 0.146792 0.720532 0.179711 0.018298
0 0.308028 0.720532 0.142089 0.018298
0 0.446758 0.720532 0.135035 0.018298
0 0.590527 0.720532 0.152838 0.018298
0 0.734632 0.720532 0.134363 0.018298
0 0.876722 0.720532 0.149815 0.018298
0 0.160564 0.791825 0.207256 0.018298
0 0.352704 0.791825 0.176352 0.018298
0 0.528048 0.791825 0.173329 0.018298
0 0.696339 0.791825 0.163252 0.018298
0 0.864629 0.791825 0.173329 0.018298
0 0.160564 0.840067 0.207256 0.018298
0 0.352704 0.840067 0.176352 0.018298
0 0.528048 0.840067 0.173329 0.018298
0 0.696339 0.840067 0.163252 0.018298
0 0.864629 0.840067 0.173329 0.018298
0 0.160564 0.890922 0.207256 0.018298
0 0.352704 0.890922 0.176352 0.018298
0 0.528048 0.890922 0.173329 0.018298
0 0.696339 0.890922 0.163252 0.018298
0 0.864629 0.890922 0.173329 0.018298
