0 0.241518 0.081749 0.355727 0.021388
0 0.567350 0.081749 0.294928 0.021388
0 0.833389 0.081749 0.236480 0.021388
0 0.241518 0.187025 0.355727 0.021388
0 0.567350 0.187025 0.294928 0.021388
0 0.833389 0.187025 0.236480 0.021388
0 0.241518 0.268536 0.355727 0.021388
0 0.567350 0.268536 0.294928 0.021388
0 0.833389 0.268536 0.236480 0.021388
0 0.208599 0.370960 0.289553 0.021388
0 0.531407 0.370960 0.355391 0.021388
0 0.830366 0.370960 0.242190 0.021388
0 0.208599 0.495485 0.289553 0.021388
0 0.531407 0.495485 0.355391 0.021388
0 0.830366 0.495485 0.242190 0.021388
0 0.208599 0.555133 0.289553 0.021388
0 0.531407 0.555133 0.355391 0.021388
0 0.830366 0.555133 0.242190 0.021388
0 0.280148 0.657557 0.432650 0.021388
0 0.724219 0.657557 0.454820 0.021388
0 0.280148 0.745247 0.432650 0.021388
0 0.724219 0.745247 0.454820 0.021388
0 0.280148 0.804658 0.432650 0.021388
0 0.724219 0.804658 0.454820 0.021388
