0 0.224051 0.149952 0.195835 0.018298
0 0.405778 0.149952 0.167618 0.018298
0 0.561975 0.149952 0.144105 0.018298
0 0.714814 0.149952 0.160900 0.018298
0 0.873362 0.149952 0.156198 0.018298
0 0.224051 0.202947 0.195835 0.018298
0 0.405778 0.202947 0.167618 0.018298
0 0.561975 0.202947 0.144105 0.018298
0 0.714814 0.202947 0.160900 0.018298
0 0.873362 0.202947 0.156198 0.018298
0 0.224051 0.253327 0.195835 0.018298
0 0.405778 0.253327 0.167618 0.018298
0 0.561975 0.253327 0.144105 0.018298
0 0.714814 0.253327 0.160900 0.018298
0 0.873362 0.253327 0.156198 0.018298
0 0.163252 0.340779 0.203561 0.018298
0 0.342291 0.340779 0.154854 0.018298
0 0.508230 0.340779 0.176352 0.018298
0 0.689285 0.340779 0.184750 0.018298
0 0.866644 0.340779 0.169634 0.018298
0 0.163252 0.405894 0.203561 0.018298
0 0.342291 0.405894 0.154854 0.018298
0 0.508230 0.405894 0.176352 0.018298
0 0.689285 0.405894 0.184750 0.018298
0 0.866644 0.405894 0.169634 0.018298
0 0.163252 0.456274 0.203561 0.018298
0 0.342291 0.456274 0.154854 0.018298
0 0.508230 0.456274 0.176352 0.018298
0 0.689285 0.456274 0.184750 0.018298
0 0.866644 0.456274 0.169634 0.018298
0 0.183742 0.543726 0.244541 0.018298
0 0.416527 0.543726 0.220692 0.018298
0 0.620759 0.543726 0.187437 0.018298
0 0.833053 0.543726 0.236816 0.018298
0 0.183742 0.606939 0.244541 0.018298
0 0.416527 0.606939 0.220692 0.018298
0 0.620759 0.606939 0.187437 0.018298
0 0.833053 0.606939 0.236816 0.018298
0 0.183742 0.668013 0.244541 0.018298
0 0.416527 0.668013 0.220692 0.018298
0 0.620759 0.668013 0.187437 0.018298
0 0.833053 0.668013 0.236816 0.018298
0 0.165603 0.755466 0.208599 0.018298
0 0.351696 0.755466 0.162916 0.018298
0 0.525025 0.755466 0.182734 0.018298
0 0.698354 0.755466 0.164259 0.018298
0 0.865972 0.755466 0.170977 0.018298
0 0.165603 0.822956 0.208599 0.018298
0 0.351696 0.822956 0.162916 0.018298
0 0.525025 0.822956 0.182734 0.018298
0 0.698354 0.822956 0.164259 0.018298
0 0.865972 0.822956 0.170977 0.018298
0 0.165603 0.885456 0.208599 0.018298
0 0.351696 0.885456 0.162916 0.018298
0 0.525025 0.885456 0.182734 0.018298
0 0.698354 0.885456 0.164259 0.018298
0 0.865972 0.885456 0.170977 0.018298
