0 0.226402 0.143774 0.209271 0.016635
0 0.409473 0.143774 0.156198 0.016635
0 0.568357 0.143774 0.161572 0.016635
0 0.727242 0.143774 0.156198 0.016635
0 0.878737 0.143774 0.145784 0.016635
0 0.226402 0.201283 0.209271 0.016635
0 0.409473 0.201283 0.156198 0.016635
0 0.568357 0.201283 0.161572 0.016635
0 0.727242 0.201283 0.156198 0.016635
0 0.878737 0.201283 0.145784 0.016635
0 0.226402 0.245247 0.209271 0.016635
0 0.409473 0.245247 0.156198 0.016635
0 0.568357 0.245247 0.161572 0.016635
0 0.727242 0.245247 0.156198 0.016635
0 0.878737 0.245247 0.145784 0.016635
0 0.164259 0.354563 0.216325 0.016635
0 0.354048 0.354563 0.163252 0.016635
0 0.515284 0.354563 0.159221 0.016635
0 0.673833 0.354563 0.157205 0.016635
0 0.851864 0.354563 0.199194 0.016635
0 0.164259 0.416112 0.216325 0.016635
0 0.354048 0.416112 0.163252 0.016635
0 0.515284 0.416112 0.159221 0.016635
0 0.673833 0.416112 0.157205 0.016635
0 0.851864 0.416112 0.199194 0.016635
0 0.164259 0.459838 0.216325 0.016635
0 0.354048 0.459838 0.163252 0.016635
0 0.515284 0.459838 0.159221 0.016635
0 0.673833 0.459838 0.157205 0.016635
0 0.851864 0.459838 0.199194 0.016635
0 0.152503 0.569392 0.192812 0.016635
0 0.324152 0.569392 0.150823 0.016635
0 0.467921 0.569392 0.136379 0.016635
0 0.649647 0.569392 0.227074 0.016635
0 0.857239 0.569392 0.188445 0.016635
0 0.152503 0.627376 0.192812 0.016635
0 0.324152 0.627376 0.150823 0.016635
0 0.467921 0.627376 0.136379 0.016635
0 0.649647 0.627376 0.227074 0.016635
0 0.857239 0.627376 0.188445 0.016635
0 0.152503 0.671103 0.192812 0.016635
0 0.324152 0.671103 0.150823 0.016635
0 0.467921 0.671103 0.136379 0.016635
0 0.649647 0.671103 0.227074 0.016635
0 0.857239 0.671103 0.188445 0.016635
0 0.185422 0.780656 0.258986 0.016635
0 0.420222 0.780656 0.210279 0.016635
0 0.645616 0.780656 0.240175 0.016635
0 0.858582 0.780656 0.185757 0.016635
0 0.185422 0.838165 0.258986 0.016635
0 0.420222 0.838165 0.210279 0.016635
0 0.645616 0.838165 0.240175 0.016635
0 0.858582 0.838165 0.185757 0.016635
0 0.185422 0.882129 0.258986 0.016635
0 0.420222 0.882129 0.210279 0.016635
0 0.645616 0.882129 0.240175 0.016635
0 0.858582 0.882129 0.185757 0.016635
