0 0.301646 0.174192 0.329190 0.021388
0 0.583137 0.174192 0.233456 0.021388
0 0.825663 0.174192 0.251596 0.021388
0 0.301646 0.238831 0.329190 0.021388
0 0.583137 0.238831 0.233456 0.021388
0 0.825663 0.238831 0.251596 0.021388
0 0.301646 0.303470 0.329190 0.021388
0 0.583137 0.303470 0.233456 0.021388
0 0.825663 0.303470 0.251596 0.021388
0 0.190124 0.405894 0.252603 0.021388
0 0.406449 0.405894 0.180383 0.021388
0 0.606651 0.405894 0.219348 0.021388
0 0.834061 0.405894 0.234800 0.021388
0 0.190124 0.499049 0.252603 0.021388
0 0.406449 0.499049 0.180383 0.021388
0 0.606651 0.499049 0.219348 0.021388
0 0.834061 0.499049 0.234800 0.021388
0 0.190124 0.572243 0.252603 0.021388
0 0.406449 0.572243 0.180383 0.021388
0 0.606651 0.572243 0.219348 0.021388
0 0.834061 0.572243 0.234800 0.021388
0 0.204232 0.674667 0.280820 0.021388
0 0.431643 0.674667 0.173665 0.021388
0 0.629829 0.674667 0.222707 0.021388
0 0.846154 0.674667 0.209943 0.021388
0 0.204232 0.771150 0.280820 0.021388
0 0.431643 0.771150 0.173665 0.021388
0 0.629829 0.771150 0.222707 0.021388
0 0.846154 0.771150 0.209943 0.021388
0 0.204232 0.841255 0.280820 0.021388
0 0.431643 0.841255 0.173665 0.021388
0 0.629829 0.841255 0.222707 0.021388
0 0.846154 0.841255 0.209943 0.021388
