0 0.144105 0.068916 0.177696 0.015684
0 0.319449 0.068916 0.172321 0.015684
0 0.497481 0.068916 0.183406 0.015684
0 0.680551 0.068916 0.182062 0.015684
0 0.861606 0.068916 0.179711 0.015684
0 0.144105 0.132367 0.177696 0.015684
0 0.319449 0.132367 0.172321 0.015684
0 0.497481 0.132367 0.183406 0.015684
0 0.680551 0.132367 0.182062 0.015684
0 0.861606 0.132367 0.179711 0.015684
0 0.144105 0.173241 0.177696 0.015684
0 0.319449 0.173241 0.172321 0.015684
0 0.497481 0.173241 0.183406 0.015684
0 0.680551 0.173241 0.182062 0.015684
0 0.861606 0.173241 0.179711 0.015684
0 0.166275 0.251901 0.222036 0.015684
0 0.355727 0.251901 0.155862 0.015684
0 0.526705 0.251901 0.185757 0.015684
0 0.704400 0.251901 0.169298 0.015684
0 0.870339 0.251901 0.162244 0.015684
0 0.166275 0.312262 0.222036 0.015684
0 0.355727 0.312262 0.155862 0.015684
0 0.526705 0.312262 0.185757 0.015684
0 0.704400 0.312262 0.169298 0.015684
0 0.870339 0.312262 0.162244 0.015684
0 0.166275 0.354563 0.222036 0.015684
0 0.355727 0.354563 0.155862 0.015684
0 0.526705 0.354563 0.185757 0.015684
0 0.704400 0.354563 0.169298 0.015684
0 0.870339 0.354563 0.162244 0.015684
0 0.153174 0.433222 0.195835 0.015684
0 0.344978 0.433222 0.187101 0.015684
0 0.531407 0.433222 0.184750 0.015684
0 0.710783 0.433222 0.174337 0.015684
0 0.874706 0.433222 0.153510 0.015684
0 0.153174 0.483840 0.195835 0.015684
0 0.344978 0.483840 0.187101 0.015684
0 0.531407 0.483840 0.184750 0.015684
0 0.710783 0.483840 0.174337 0.015684
0 0.874706 0.483840 0.153510 0.015684
0 0.153174 0.524952 0.195835 0.015684
0 0.344978 0.524952 0.187101 0.015684
0 0.531407 0.524952 0.184750 0.015684
0 0.710783 0.524952 0.174337 0.015684
0 0.874706 0.524952 0.153510 0.015684
0 0.159557 0.603375 0.208263 0.015684
0 0.354720 0.603375 0.181727 0.015684
0 0.528384 0.603375 0.165267 0.015684
0 0.703729 0.603375 0.185757 0.015684
0 0.874370 0.603375 0.154518 0.015684
0 0.159557 0.668964 0.208263 0.015684
0 0.354720 0.668964 0.181727 0.015684
0 0.528384 0.668964 0.165267 0.015684
0 0.703729 0.668964 0.185757 0.015684
0 0.874370 0.668964 0.154518 0.015684
0 0.159557 0.709838 0.208263 0.015684
0 0.354720 0.709838 0.181727 0.015684
0 0.528384 0.709838 0.165267 0.015684
0 0.703729 0.709838 0.185757 0.015684
0 0.874370 0.709838 0.154518 0.015684
0 0.140074 0.788498 0.169298 0.015684
0 0.314075 0.788498 0.178032 0.015684
0 0.499496 0.788498 0.192476 0.015684
0 0.695667 0.788498 0.199866 0.015684
0 0.873698 0.788498 0.155862 0.015684
0 0.140074 0.837215 0.169298 0.015684
0 0.314075 0.837215 0.178032 0.015684
0 0.499496 0.837215 0.192476 0.015684
0 0.695667 0.837215 0.199866 0.015684
0 0.873698 0.837215 0.155862 0.015684
0 0.140074 0.883555 0.169298 0.015684
0 0.314075 0.883555 0.178032 0.015684
0 0.499496 0.883555 0.192476 0.015684
0 0.695667 0.883555 0.199866 0.015684
0 0.873698 0.883555 0.155862 0.015684
