0 0.191313 0.085859 0.262217 0.022222
0 0.436282 0.085859 0.226765 0.022222
0 0.653146 0.085859 0.206963 0.022222
0 0.855318 0.085859 0.196742 0.022222
0 0.191313 0.157071 0.262217 0.022222
0 0.436282 0.157071 0.226765 0.022222
0 0.653146 0.157071 0.206963 0.022222
0 0.855318 0.157071 0.196742 0.022222
0 0.191313 0.234596 0.262217 0.022222
0 0.436282 0.234596 0.226765 0.022222
0 0.653146 0.234596 0.206963 0.022222
0 0.855318 0.234596 0.196742 0.022222
0 0.194507 0.341162 0.268285 0.022222
0 0.443948 0.341162 0.230597 0.022222
0 0.668157 0.341162 0.218141 0.022222
0 0.865538 0.341162 0.175982 0.022222
0 0.194507 0.413384 0.268285 0.022222
0 0.443948 0.413384 0.230597 0.022222
0 0.668157 0.413384 0.218141 0.022222
0 0.865538 0.413384 0.175982 0.022222
0 0.194507 0.482828 0.268285 0.022222
0 0.443948 0.482828 0.230597 0.022222
0 0.668157 0.482828 0.218141 0.022222
0 0.865538 0.482828 0.175982 0.022222
0 0.205046 0.589141 0.289684 0.022222
0 0.461195 0.589141 0.221654 0.022222
0 0.675184 0.589141 0.206324 0.022222
0 0.863302 0.589141 0.169914 0.022222
0 0.205046 0.654040 0.289684 0.022222
0 0.461195 0.654040 0.221654 0.022222
0 0.675184 0.654040 0.206324 0.022222
0 0.863302 0.654040 0.169914 0.022222
0 0.205046 0.721465 0.289684 0.022222
0 0.461195 0.721465 0.221654 0.022222
0 0.675184 0.721465 0.206324 0.022222
0 0.863302 0.721465 0.169914 0.022222
