0 0.249916 0.081749 0.372187 0.021388
0 0.562311 0.081749 0.252267 0.021388
0 0.819953 0.081749 0.263016 0.021388
0 0.249916 0.184648 0.372187 0.021388
0 0.562311 0.184648 0.252267 0.021388
0 0.819953 0.184648 0.263016 0.021388
0 0.249916 0.254515 0.372187 0.021388
0 0.562311 0.254515 0.252267 0.021388
0 0.819953 0.254515 0.263016 0.021388
0 0.202217 0.356702 0.277125 0.021388
0 0.455492 0.356702 0.229426 0.021388
0 0.669466 0.356702 0.197850 0.021388
0 0.859926 0.356702 0.183070 0.021388
0 0.202217 0.421578 0.277125 0.021388
0 0.455492 0.421578 0.229426 0.021388
0 0.669466 0.421578 0.197850 0.021388
0 0.859926 0.421578 0.183070 0.021388
0 0.202217 0.512595 0.277125 0.021388
0 0.455492 0.512595 0.229426 0.021388
0 0.669466 0.512595 0.197850 0.021388
0 0.859926 0.512595 0.183070 0.021388
0 0.190796 0.615019 0.253947 0.021388
0 0.415855 0.615019 0.195835 0.021388
0 0.622775 0.615019 0.217333 0.021388
0 0.841787 0.615019 0.219684 0.021388
0 0.190796 0.698194 0.253947 0.021388
0 0.415855 0.698194 0.195835 0.021388
0 0.622775 0.698194 0.217333 0.021388
0 0.841787 0.698194 0.219684 0.021388
0 0.190796 0.763070 0.253947 0.021388
0 0.415855 0.763070 0.195835 0.021388
0 0.622775 0.763070 0.217333 0.021388
0 0.841787 0.763070 0.219684 0.021388
