0 0.158213 0.068916 0.205576 0.015684
0 0.344642 0.068916 0.166611 0.015684
0 0.506214 0.068916 0.156198 0.015684
0 0.660396 0.068916 0.152167 0.015684
0 0.844138 0.068916 0.214646 0.015684
0 0.158213 0.117158 0.205576 0.015684
0 0.344642 0.117158 0.166611 0.015684
0 0.506214 0.117158 0.156198 0.015684
0 0.660396 0.117158 0.152167 0.015684
0 0.844138 0.117158 0.214646 0.015684
0 0.158213 0.160884 0.205576 0.015684
0 0.344642 0.160884 0.166611 0.015684
0 0.506214 0.160884 0.156198 0.015684
0 0.660396 0.160884 0.152167 0.015684
0 0.844138 0.160884 0.214646 0.015684
0 0.174672 0.241920 0.238831 0.015684
0 0.392341 0.241920 0.195499 0.015684
0 0.563319 0.241920 0.146456 0.015684
0 0.711454 0.241920 0.149143 0.015684
0 0.868660 0.241920 0.165603 0.015684
0 0.174672 0.297291 0.238831 0.015684
0 0.392341 0.297291 0.195499 0.015684
0 0.563319 0.297291 0.146456 0.015684
0 0.711454 0.297291 0.149143 0.015684
0 0.868660 0.297291 0.165603 0.015684
0 0.174672 0.339116 0.238831 0.015684
0 0.392341 0.339116 0.195499 0.015684
0 0.563319 0.339116 0.146456 0.015684
0 0.711454 0.339116 0.149143 0.015684
0 0.868660 0.339116 0.165603 0.015684
0 0.153510 0.420152 0.196171 0.015684
0 0.315418 0.420152 0.127309 0.015684
0 0.481693 0.420152 0.204904 0.015684
0 0.674505 0.420152 0.180383 0.015684
0 0.858247 0.420152 0.186765 0.015684
0 0.153510 0.490494 0.196171 0.015684
0 0.315418 0.490494 0.127309 0.015684
0 0.481693 0.490494 0.204904 0.015684
0 0.674505 0.490494 0.180383 0.015684
0 0.858247 0.490494 0.186765 0.015684
0 0.153510 0.532319 0.196171 0.015684
0 0.315418 0.532319 0.127309 0.015684
0 0.481693 0.532319 0.204904 0.015684
0 0.674505 0.532319 0.180383 0.015684
0 0.858247 0.532319 0.186765 0.015684
0 0.150823 0.613356 0.191132 0.015684
0 0.328519 0.613356 0.163588 0.015684
0 0.495465 0.613356 0.169634 0.015684
0 0.667115 0.613356 0.173665 0.015684
0 0.852872 0.613356 0.197514 0.015684
0 0.150823 0.669202 0.191132 0.015684
0 0.328519 0.669202 0.163588 0.015684
0 0.495465 0.669202 0.169634 0.015684
0 0.667115 0.669202 0.173665 0.015684
0 0.852872 0.669202 0.197514 0.015684
0 0.150823 0.711027 0.191132 0.015684
0 0.328519 0.711027 0.163588 0.015684
0 0.495465 0.711027 0.169634 0.015684
0 0.667115 0.711027 0.173665 0.015684
0 0.852872 0.711027 0.197514 0.015684
0 0.166275 0.792063 0.221700 0.015684
0 0.350353 0.792063 0.146792 0.015684
0 0.514276 0.792063 0.180047 0.015684
0 0.695667 0.792063 0.182734 0.015684
0 0.869332 0.792063 0.164595 0.015684
0 0.166275 0.837928 0.221700 0.015684
0 0.350353 0.837928 0.146792 0.015684
0 0.514276 0.837928 0.180047 0.015684
0 0.695667 0.837928 0.182734 0.015684
0 0.869332 0.837928 0.164595 0.015684
0 0.166275 0.882605 0.221700 0.015684
0 0.350353 0.882605 0.146792 0.015684
0 0.514276 0.882605 0.180047 0.015684
0 0.695667 0.882605 0.182734 0.015684
0 0.869332 0.882605 0.164595 0.015684
