0 0.186429 0.067490 0.257978 0.019487
0 0.410480 0.067490 0.189788 0.019487
0 0.616056 0.067490 0.220356 0.019487
0 0.838764 0.067490 0.225395 0.019487
0 0.186429 0.134268 0.257978 0.019487
0 0.410480 0.134268 0.189788 0.019487
0 0.616056 0.134268 0.220356 0.019487
0 0.838764 0.134268 0.225395 0.019487
0 0.186429 0.185124 0.257978 0.019487
0 0.410480 0.185124 0.189788 0.019487
0 0.616056 0.185124 0.220356 0.019487
0 0.838764 0.185124 0.225395 0.019487
0 0.230433 0.260456 0.346322 0.019487
0 0.536446 0.260456 0.264696 0.019487
0 0.810212 0.260456 0.282499 0.019487
0 0.230433 0.322481 0.346322 0.019487
0 0.536446 0.322481 0.264696 0.019487
0 0.810212 0.322481 0.282499 0.019487
0 0.230433 0.373812 0.346322 0.019487
0 0.536446 0.373812 0.264696 0.019487
0 0.810212 0.373812 0.282499 0.019487
0 0.192140 0.449144 0.269399 0.019487
0 0.436681 0.449144 0.219012 0.019487
0 0.654350 0.449144 0.215653 0.019487
0 0.856903 0.449144 0.189452 0.019487
0 0.192140 0.517823 0.269399 0.019487
0 0.436681 0.517823 0.219012 0.019487
0 0.654350 0.517823 0.215653 0.019487
0 0.856903 0.517823 0.189452 0.019487
0 0.192140 0.584363 0.269399 0.019487
0 0.436681 0.584363 0.219012 0.019487
0 0.654350 0.584363 0.215653 0.019487
0 0.856903 0.584363 0.189452 0.019487
0 0.194491 0.659696 0.274101 0.019487
0 0.455828 0.659696 0.248236 0.019487
0 0.676184 0.659696 0.191468 0.019487
0 0.861606 0.659696 0.179375 0.019487
0 0.194491 0.726236 0.274101 0.019487
0 0.455828 0.726236 0.248236 0.019487
0 0.676184 0.726236 0.191468 0.019487
0 0.861606 0.726236 0.179375 0.019487
0 0.194491 0.778517 0.274101 0.019487
0 0.455828 0.778517 0.248236 0.019487
0 0.676184 0.778517 0.191468 0.019487
0 0.861606 0.778517 0.179375 0.019487
0 0.186429 0.853850 0.257978 0.019487
0 0.403762 0.853850 0.177024 0.019487
0 0.583137 0.853850 0.181055 0.019487
0 0.764192 0.853850 0.181055 0.019487
0 0.900235 0.853850 0.090024 0.019487
0 0.186429 0.904230 0.257978 0.019487
0 0.403762 0.904230 0.177024 0.019487
0 0.583137 0.904230 0.181055 0.019487
0 0.764192 0.904230 0.181055 0.019487
0 0.900235 0.904230 0.090024 0.019487
