0 0.223715 0.059411 0.330198 0.014734
0 0.543164 0.059411 0.307692 0.014734
0 0.824320 0.059411 0.254955 0.014734
0 0.223715 0.154230 0.330198 0.014734
0 0.543164 0.154230 0.307692 0.014734
0 0.824320 0.154230 0.254955 0.014734
0 0.223715 0.202234 0.330198 0.014734
0 0.543164 0.202234 0.307692 0.014734
0 0.824320 0.202234 0.254955 0.014734
0 0.197514 0.288973 0.277796 0.014734
0 0.491434 0.288973 0.309372 0.014734
0 0.798791 0.288973 0.305341 0.014734
0 0.197514 0.384268 0.277796 0.014734
0 0.491434 0.384268 0.309372 0.014734
0 0.798791 0.384268 0.305341 0.014734
0 0.197514 0.432510 0.277796 0.014734
0 0.491434 0.432510 0.309372 0.014734
0 0.798791 0.432510 0.305341 0.014734
0 0.258314 0.519011 0.399395 0.014734
0 0.600605 0.519011 0.284515 0.014734
0 0.847162 0.519011 0.208599 0.014734
0 0.258314 0.614544 0.399395 0.014734
0 0.600605 0.614544 0.284515 0.014734
0 0.847162 0.614544 0.208599 0.014734
0 0.258314 0.668964 0.399395 0.014734
0 0.600605 0.668964 0.284515 0.014734
0 0.847162 0.668964 0.208599 0.014734
0 0.210615 0.755703 0.303997 0.014734
0 0.471952 0.755703 0.211622 0.014734
0 0.665771 0.755703 0.175680 0.014734
0 0.850521 0.755703 0.193483 0.014734
0 0.210615 0.856464 0.303997 0.014734
0 0.471952 0.856464 0.211622 0.014734
0 0.665771 0.856464 0.175680 0.014734
0 0.850521 0.856464 0.193483 0.014734
0 0.210615 0.906606 0.303997 0.014734
0 0.471952 0.906606 0.211622 0.014734
0 0.665771 0.906606 0.175680 0.014734
0 0.850521 0.906606 0.193483 0.014734
