0 0.247229 0.076759 0.370171 0.019249
0 0.557608 0.076759 0.250924 0.019249
0 0.817266 0.076759 0.268055 0.019249
0 0.247229 0.156844 0.370171 0.019249
0 0.557608 0.156844 0.250924 0.019249
0 0.817266 0.156844 0.268055 0.019249
0 0.247229 0.219106 0.370171 0.019249
0 0.557608 0.219106 0.250924 0.019249
0 0.817266 0.219106 0.268055 0.019249
0 0.228754 0.308460 0.333221 0.019249
0 0.535438 0.308460 0.279812 0.019249
0 0.813571 0.308460 0.276117 0.019249
0 0.228754 0.382842 0.333221 0.019249
0 0.535438 0.382842 0.279812 0.019249
0 0.813571 0.382842 0.276117 0.019249
0 0.228754 0.459125 0.333221 0.019249
0 0.535438 0.459125 0.279812 0.019249
0 0.813571 0.459125 0.276117 0.019249
0 0.237487 0.548479 0.350689 0.019249
0 0.572052 0.548479 0.318777 0.019249
0 0.841787 0.548479 0.219684 0.019249
0 0.237487 0.624525 0.350689 0.019249
0 0.572052 0.624525 0.318777 0.019249
0 0.841787 0.624525 0.219684 0.019249
0 0.397044 0.681321 0.669802 0.019249
0 0.841787 0.681321 0.219684 0.019249
0 0.236816 0.770675 0.349345 0.019249
0 0.560296 0.770675 0.297951 0.019249
0 0.828687 0.770675 0.237823 0.019249
0 0.236816 0.831987 0.349345 0.019249
0 0.560296 0.831987 0.297951 0.019249
0 0.828687 0.831987 0.237823 0.019249
0 0.236816 0.891160 0.349345 0.019249
0 0.560296 0.891160 0.297951 0.019249
0 0.828687 0.891160 0.237823 0.019249
