0 0.232449 0.165162 0.172657 0.019487
0 0.420894 0.165162 0.203561 0.019487
0 0.624790 0.165162 0.203897 0.019487
0 0.839100 0.165162 0.224387 0.019487
0 0.232449 0.237405 0.172657 0.019487
0 0.420894 0.237405 0.203561 0.019487
0 0.624790 0.237405 0.203897 0.019487
0 0.839100 0.237405 0.224387 0.019487
0 0.232449 0.292063 0.172657 0.019487
0 0.420894 0.292063 0.203561 0.019487
0 0.624790 0.292063 0.203897 0.019487
0 0.839100 0.292063 0.224387 0.019487
0 0.236816 0.370247 0.348673 0.019487
0 0.546187 0.370247 0.270071 0.019487
0 0.816594 0.370247 0.270071 0.019487
0 0.236816 0.440827 0.348673 0.019487
0 0.546187 0.440827 0.270071 0.019487
0 0.816594 0.440827 0.270071 0.019487
0 0.236816 0.495485 0.348673 0.019487
0 0.546187 0.495485 0.270071 0.019487
0 0.816594 0.495485 0.270071 0.019487
0 0.233456 0.573669 0.342291 0.019487
0 0.539805 0.573669 0.269735 0.019487
0 0.813235 0.573669 0.276453 0.019487
0 0.233456 0.635694 0.342291 0.019487
0 0.539805 0.635694 0.269735 0.019487
0 0.813235 0.635694 0.276453 0.019487
0 0.233456 0.690352 0.342291 0.019487
0 0.539805 0.690352 0.269735 0.019487
0 0.813235 0.690352 0.276453 0.019487
0 0.222372 0.768536 0.319785 0.019487
0 0.515620 0.768536 0.267047 0.019487
0 0.800470 0.768536 0.301982 0.019487
0 0.222372 0.833650 0.319785 0.019487
0 0.515620 0.833650 0.267047 0.019487
0 0.800470 0.833650 0.301982 0.019487
0 0.222372 0.888546 0.319785 0.019487
0 0.515620 0.888546 0.267047 0.019487
0 0.800470 0.888546 0.301982 0.019487
