0 0.294592 0.069629 0.462882 0.020675
0 0.738999 0.069629 0.425260 0.020675
0 0.294592 0.134268 0.462882 0.020675
0 0.738999 0.134268 0.425260 0.020675
0 0.294592 0.203184 0.462882 0.020675
0 0.738999 0.203184 0.425260 0.020675
0 0.221028 0.302281 0.316090 0.020675
0 0.520322 0.302281 0.282499 0.020675
0 0.806517 0.302281 0.289217 0.020675
0 0.221028 0.378089 0.316090 0.020675
0 0.520322 0.378089 0.282499 0.020675
0 0.806517 0.378089 0.289217 0.020675
0 0.221028 0.441540 0.316090 0.020675
0 0.520322 0.441540 0.282499 0.020675
0 0.806517 0.441540 0.289217 0.020675
0 0.240175 0.540875 0.354048 0.020675
0 0.545180 0.540875 0.255291 0.020675
0 0.812227 0.540875 0.278468 0.020675
0 0.240175 0.598146 0.354048 0.020675
0 0.545180 0.598146 0.255291 0.020675
0 0.812227 0.598146 0.278468 0.020675
0 0.240175 0.660884 0.354048 0.020675
0 0.545180 0.660884 0.255291 0.020675
0 0.812227 0.660884 0.278468 0.020675
0 0.215653 0.759981 0.305005 0.020675
0 0.485724 0.759981 0.234800 0.020675
0 0.716157 0.759981 0.226067 0.020675
0 0.887135 0.759981 0.115888 0.020675
0 0.215653 0.814876 0.305005 0.020675
0 0.485724 0.814876 0.234800 0.020675
0 0.716157 0.814876 0.226067 0.020675
0 0.887135 0.814876 0.115888 0.020675
0 0.215653 0.882605 0.305005 0.020675
0 0.485724 0.882605 0.234800 0.020675
0 0.716157 0.882605 0.226067 0.020675
0 0.887135 0.882605 0.115888 0.020675
