0 0.266376 0.179183 0.276117 0.019487
0 0.495801 0.179183 0.182062 0.019487
0 0.678200 0.179183 0.182062 0.019487
0 0.860262 0.179183 0.182062 0.019487
0 0.266376 0.248337 0.276117 0.019487
0 0.495801 0.248337 0.182062 0.019487
0 0.678200 0.248337 0.182062 0.019487
0 0.860262 0.248337 0.182062 0.019487
0 0.165603 0.341968 0.206248 0.019724
0 0.341283 0.341968 0.144441 0.019724
0 0.484716 0.341968 0.142761 0.019724
0 0.616392 0.341968 0.120591 0.019724
0 0.744038 0.341968 0.133692 0.019724
0 0.881424 0.341968 0.140410 0.019724
0 0.165603 0.422291 0.206248 0.019487
0 0.341283 0.422291 0.144441 0.019487
0 0.484716 0.422291 0.142761 0.019487
0 0.616392 0.422291 0.120591 0.019487
0 0.744038 0.422291 0.133692 0.019487
0 0.881424 0.422291 0.140410 0.019487
0 0.165603 0.513783 0.206248 0.019724
0 0.341283 0.513783 0.144441 0.019724
0 0.484716 0.513783 0.142761 0.019724
0 0.616392 0.513783 0.120591 0.019724
0 0.744038 0.513783 0.133692 0.019724
0 0.881424 0.513783 0.140410 0.019724
0 0.187101 0.607414 0.249580 0.019724
0 0.370843 0.607414 0.117232 0.019724
0 0.523682 0.607414 0.188445 0.019724
0 0.690292 0.607414 0.144777 0.019724
0 0.857239 0.607414 0.188445 0.019724
0 0.187101 0.705086 0.249580 0.019724
0 0.370843 0.705086 0.117232 0.019724
0 0.523682 0.705086 0.188445 0.019724
0 0.690292 0.705086 0.144777 0.019724
0 0.857239 0.705086 0.188445 0.019724
0 0.187101 0.784933 0.249580 0.019724
0 0.370843 0.784933 0.117232 0.019724
0 0.523682 0.784933 0.188445 0.019724
0 0.690292 0.784933 0.144777 0.019724
0 0.857239 0.784933 0.188445 0.019724
