0 0.165939 0.080561 0.215989 0.020913
0 0.397044 0.080561 0.245213 0.020913
0 0.630836 0.080561 0.213638 0.020913
0 0.844474 0.080561 0.213638 0.020913
0 0.165939 0.149715 0.215989 0.020913
0 0.397044 0.149715 0.245213 0.020913
0 0.630836 0.149715 0.213638 0.020913
0 0.844474 0.149715 0.213638 0.020913
0 0.165939 0.203422 0.215989 0.020913
0 0.397044 0.203422 0.245213 0.020913
0 0.630836 0.203422 0.213638 0.020913
0 0.844474 0.203422 0.213638 0.020913
0 0.187437 0.287310 0.258650 0.020913
0 0.424589 0.287310 0.215317 0.020913
0 0.637219 0.287310 0.209607 0.020913
0 0.846826 0.287310 0.209607 0.020913
0 0.187437 0.366920 0.258650 0.020913
0 0.424589 0.366920 0.215317 0.020913
0 0.637219 0.366920 0.209607 0.020913
0 0.846826 0.366920 0.209607 0.020913
0 0.187437 0.429420 0.258650 0.020913
0 0.424589 0.429420 0.215317 0.020913
0 0.637219 0.429420 0.209607 0.020913
0 0.846826 0.429420 0.209607 0.020913
0 0.167954 0.513308 0.220020 0.020913
0 0.365133 0.513308 0.173665 0.020913
0 0.531743 0.513308 0.159221 0.020913
0 0.694659 0.513308 0.166275 0.020913
0 0.864965 0.513308 0.173329 0.020913
0 0.167954 0.589354 0.220020 0.020913
0 0.365133 0.589354 0.173665 0.020913
0 0.531743 0.589354 0.159221 0.020913
0 0.694659 0.589354 0.166275 0.020913
0 0.864965 0.589354 0.173329 0.020913
0 0.167954 0.638070 0.220020 0.020913
0 0.365133 0.638070 0.173665 0.020913
0 0.531743 0.638070 0.159221 0.020913
0 0.694659 0.638070 0.166275 0.020913
0 0.864965 0.638070 0.173329 0.020913
0 0.178703 0.721958 0.241182 0.020913
0 0.385959 0.721958 0.173329 0.020913
0 0.547195 0.721958 0.148472 0.020913
0 0.693315 0.721958 0.143769 0.020913
0 0.855223 0.721958 0.179375 0.020913
0 0.178703 0.802994 0.241182 0.020913
0 0.385959 0.802994 0.173329 0.020913
0 0.547195 0.802994 0.148472 0.020913
0 0.693315 0.802994 0.143769 0.020913
0 0.855223 0.802994 0.179375 0.020913
0 0.178703 0.861692 0.241182 0.020913
0 0.385959 0.861692 0.173329 0.020913
0 0.547195 0.861692 0.148472 0.020913
0 0.693315 0.861692 0.143769 0.020913
0 0.855223 0.861692 0.179375 0.020913
