0 0.187773 0.133555 0.160228 0.019487
0 0.336916 0.133555 0.137387 0.019487
0 0.464562 0.133555 0.117232 0.019487
0 0.600605 0.133555 0.154854 0.019487
0 0.729594 0.133555 0.102452 0.019487
0 0.865972 0.133555 0.170306 0.019487
0 0.187773 0.214354 0.160228 0.019487
0 0.336916 0.214354 0.137387 0.019487
0 0.464562 0.214354 0.117232 0.019487
0 0.600605 0.214354 0.154854 0.019487
0 0.729594 0.214354 0.102452 0.019487
0 0.865972 0.214354 0.170306 0.019487
0 0.187773 0.269011 0.160228 0.019487
0 0.336916 0.269011 0.137387 0.019487
0 0.464562 0.269011 0.117232 0.019487
0 0.600605 0.269011 0.154854 0.019487
0 0.729594 0.269011 0.102452 0.019487
0 0.865972 0.269011 0.170306 0.019487
0 0.163923 0.341968 0.132348 0.019487
0 0.287538 0.341968 0.114209 0.019487
0 0.380249 0.341968 0.071549 0.019487
0 0.455828 0.341968 0.078939 0.019487
0 0.559624 0.341968 0.128317 0.019487
0 0.674505 0.341968 0.101108 0.019487
0 0.793080 0.341968 0.135707 0.019487
0 0.906281 0.341968 0.090359 0.019487
0 0.163923 0.419202 0.132348 0.019487
0 0.287538 0.419202 0.114209 0.019487
0 0.380249 0.419202 0.071549 0.019487
0 0.455828 0.419202 0.078939 0.019487
0 0.559624 0.419202 0.128317 0.019487
0 0.674505 0.419202 0.101108 0.019487
0 0.793080 0.419202 0.135707 0.019487
0 0.906281 0.419202 0.090359 0.019487
0 0.163923 0.474572 0.132348 0.019487
0 0.287538 0.474572 0.114209 0.019487
0 0.380249 0.474572 0.071549 0.019487
0 0.455828 0.474572 0.078939 0.019487
0 0.559624 0.474572 0.128317 0.019487
0 0.674505 0.474572 0.101108 0.019487
0 0.793080 0.474572 0.135707 0.019487
0 0.906281 0.474572 0.090359 0.019487
0 0.199194 0.547529 0.202889 0.019487
0 0.348673 0.547529 0.095734 0.019487
0 0.475311 0.547529 0.156869 0.019487
0 0.598925 0.547529 0.089352 0.019487
0 0.689285 0.547529 0.091703 0.019487
0 0.779644 0.547529 0.088008 0.019487
0 0.887471 0.547529 0.127981 0.019487
0 0.199194 0.628327 0.202889 0.019487
0 0.348673 0.628327 0.095734 0.019487
0 0.475311 0.628327 0.156869 0.019487
0 0.598925 0.628327 0.089352 0.019487
0 0.689285 0.628327 0.091703 0.019487
0 0.779644 0.628327 0.088008 0.019487
0 0.887471 0.628327 0.127981 0.019487
0 0.199194 0.680133 0.202889 0.019487
0 0.348673 0.680133 0.095734 0.019487
0 0.475311 0.680133 0.156869 0.019487
0 0.598925 0.680133 0.089352 0.019487
0 0.689285 0.680133 0.091703 0.019487
0 0.779644 0.680133 0.088008 0.019487
0 0.887471 0.680133 0.127981 0.019487
0 0.171985 0.753089 0.148472 0.019487
0 0.311387 0.753089 0.129661 0.019487
0 0.420894 0.753089 0.089352 0.019487
0 0.535438 0.753089 0.139738 0.019487
0 0.647296 0.753089 0.083641 0.019487
0 0.749412 0.753089 0.119583 0.019487
0 0.848169 0.753089 0.077259 0.019487
0 0.916359 0.753089 0.059120 0.019487
0 0.171985 0.832937 0.148472 0.019487
0 0.311387 0.832937 0.129661 0.019487
0 0.420894 0.832937 0.089352 0.019487
0 0.535438 0.832937 0.139738 0.019487
0 0.647296 0.832937 0.083641 0.019487
0 0.749412 0.832937 0.119583 0.019487
0 0.848169 0.832937 0.077259 0.019487
0 0.916359 0.832937 0.059120 0.019487
0 0.171985 0.888546 0.148472 0.019487
0 0.311387 0.888546 0.129661 0.019487
0 0.420894 0.888546 0.089352 0.019487
0 0.535438 0.888546 0.139738 0.019487
0 0.647296 0.888546 0.083641 0.019487
0 0.749412 0.888546 0.119583 0.019487
0 0.848169 0.888546 0.077259 0.019487
0 0.916359 0.888546 0.059120 0.019487
