0 0.184750 0.077234 0.244877 0.019487
0 0.401411 0.077234 0.188109 0.019487
0 0.579106 0.077234 0.166947 0.019487
0 0.746389 0.077234 0.167618 0.019487
0 0.891166 0.077234 0.120927 0.019487
0 0.184750 0.163498 0.244877 0.019487
0 0.401411 0.163498 0.188109 0.019487
0 0.579106 0.163498 0.166947 0.019487
0 0.746389 0.163498 0.167618 0.019487
0 0.891166 0.163498 0.120927 0.019487
0 0.184750 0.228375 0.244877 0.019487
0 0.401411 0.228375 0.188109 0.019487
0 0.579106 0.228375 0.166947 0.019487
0 0.746389 0.228375 0.167618 0.019487
0 0.891166 0.228375 0.120927 0.019487
0 0.152838 0.311312 0.180719 0.019487
0 0.319785 0.311312 0.152838 0.019487
0 0.459187 0.311312 0.125630 0.019487
0 0.583809 0.311312 0.123278 0.019487
0 0.708431 0.311312 0.125630 0.019487
0 0.816594 0.311312 0.090024 0.019487
0 0.906617 0.311312 0.089688 0.019487
0 0.152838 0.411359 0.180719 0.019487
0 0.319785 0.411359 0.152838 0.019487
0 0.459187 0.411359 0.125630 0.019487
0 0.583809 0.411359 0.123278 0.019487
0 0.708431 0.411359 0.125630 0.019487
0 0.816594 0.411359 0.090024 0.019487
0 0.906617 0.411359 0.089688 0.019487
0 0.152838 0.468631 0.180719 0.019487
0 0.319785 0.468631 0.152838 0.019487
0 0.459187 0.468631 0.125630 0.019487
0 0.583809 0.468631 0.123278 0.019487
0 0.708431 0.468631 0.125630 0.019487
0 0.816594 0.468631 0.090024 0.019487
0 0.906617 0.468631 0.089688 0.019487
0 0.149143 0.551806 0.173665 0.019487
0 0.286866 0.551806 0.101444 0.019487
0 0.375210 0.551806 0.074572 0.019487
0 0.456836 0.551806 0.082634 0.019487
0 0.571045 0.551806 0.146120 0.019487
0 0.723211 0.551806 0.158213 0.019487
0 0.877057 0.551806 0.148808 0.019487
0 0.149143 0.628327 0.173665 0.019487
0 0.286866 0.628327 0.101444 0.019487
0 0.375210 0.628327 0.074572 0.019487
0 0.456836 0.628327 0.082634 0.019487
0 0.571045 0.628327 0.146120 0.019487
0 0.723211 0.628327 0.158213 0.019487
0 0.877057 0.628327 0.148808 0.019487
0 0.149143 0.692728 0.173665 0.019487
0 0.286866 0.692728 0.101444 0.019487
0 0.375210 0.692728 0.074572 0.019487
0 0.456836 0.692728 0.082634 0.019487
0 0.571045 0.692728 0.146120 0.019487
0 0.723211 0.692728 0.158213 0.019487
0 0.877057 0.692728 0.148808 0.019487
0 0.165603 0.775903 0.206584 0.019487
0 0.313403 0.775903 0.089016 0.019487
0 0.406785 0.775903 0.097078 0.019487
0 0.502183 0.775903 0.093383 0.019487
0 0.595566 0.775903 0.093047 0.019487
0 0.678200 0.775903 0.072220 0.019487
0 0.758818 0.775903 0.088344 0.019487
0 0.839100 0.775903 0.072220 0.019487
0 0.911656 0.775903 0.071884 0.019487
0 0.165603 0.827234 0.206584 0.019487
0 0.313403 0.827234 0.089016 0.019487
0 0.406785 0.827234 0.097078 0.019487
0 0.502183 0.827234 0.093383 0.019487
0 0.595566 0.827234 0.093047 0.019487
0 0.678200 0.827234 0.072220 0.019487
0 0.758818 0.827234 0.088344 0.019487
0 0.839100 0.827234 0.072220 0.019487
0 0.911656 0.827234 0.071884 0.019487
0 0.165603 0.888546 0.206584 0.019487
0 0.313403 0.888546 0.089016 0.019487
0 0.406785 0.888546 0.097078 0.019487
0 0.502183 0.888546 0.093383 0.019487
0 0.595566 0.888546 0.093047 0.019487
0 0.678200 0.888546 0.072220 0.019487
0 0.758818 0.888546 0.088344 0.019487
0 0.839100 0.888546 0.072220 0.019487
0 0.911656 0.888546 0.071884 0.019487
