0 0.333557 0.078660 0.467585 0.020200
0 0.759154 0.078660 0.383944 0.020200
0 0.333557 0.131654 0.467585 0.020200
0 0.759154 0.131654 0.383944 0.020200
0 0.333557 0.195105 0.467585 0.020200
0 0.759154 0.195105 0.383944 0.020200
0 0.336916 0.291112 0.474303 0.020200
0 0.752435 0.291112 0.356063 0.020200
0 0.336916 0.344344 0.474303 0.020200
0 0.752435 0.344344 0.356063 0.020200
0 0.336916 0.411835 0.474303 0.020200
0 0.752435 0.411835 0.356063 0.020200
0 0.321129 0.507842 0.442728 0.020200
0 0.747061 0.507842 0.408801 0.020200
0 0.321129 0.571530 0.442728 0.020200
0 0.747061 0.571530 0.408801 0.020200
0 0.321129 0.628327 0.442728 0.020200
0 0.747061 0.628327 0.408801 0.020200
0 0.324152 0.724335 0.448774 0.020200
0 0.750084 0.724335 0.402754 0.020200
0 0.324152 0.777329 0.448774 0.020200
0 0.750084 0.777329 0.402754 0.020200
0 0.324152 0.830323 0.448774 0.020200
0 0.750084 0.830323 0.402754 0.020200
