0 0.208599 0.078660 0.291905 0.020200
0 0.455828 0.078660 0.201545 0.020200
0 0.652335 0.078660 0.191468 0.020200
0 0.849849 0.078660 0.203561 0.020200
0 0.208599 0.140209 0.291905 0.020200
0 0.455828 0.140209 0.201545 0.020200
0 0.652335 0.140209 0.191468 0.020200
0 0.849849 0.140209 0.203561 0.020200
0 0.208599 0.195342 0.291905 0.020200
0 0.455828 0.195342 0.201545 0.020200
0 0.652335 0.195342 0.191468 0.020200
0 0.849849 0.195342 0.203561 0.020200
0 0.197514 0.305371 0.269399 0.020200
0 0.418542 0.305371 0.172321 0.020200
0 0.621095 0.305371 0.232449 0.020200
0 0.844474 0.305371 0.213974 0.020200
0 0.197514 0.369534 0.269399 0.020200
0 0.418542 0.369534 0.172321 0.020200
0 0.621095 0.369534 0.232449 0.020200
0 0.844474 0.369534 0.213974 0.020200
0 0.197514 0.432034 0.269399 0.020200
0 0.418542 0.432034 0.172321 0.020200
0 0.621095 0.432034 0.232449 0.020200
0 0.844474 0.432034 0.213974 0.020200
0 0.204568 0.542063 0.283507 0.020200
0 0.463554 0.542063 0.233792 0.020200
0 0.674505 0.542063 0.188445 0.020200
0 0.860262 0.542063 0.182398 0.020200
0 0.204568 0.599335 0.283507 0.020200
0 0.463554 0.599335 0.233792 0.020200
0 0.674505 0.599335 0.188445 0.020200
0 0.860262 0.599335 0.182398 0.020200
0 0.204568 0.658745 0.283507 0.020200
0 0.463554 0.658745 0.233792 0.020200
0 0.674505 0.658745 0.188445 0.020200
0 0.860262 0.658745 0.182398 0.020200
0 0.225731 0.768774 0.326167 0.020200
0 0.491434 0.768774 0.204232 0.020200
0 0.672489 0.768774 0.157205 0.020200
0 0.848169 0.768774 0.194491 0.020200
0 0.225731 0.833888 0.326167 0.020200
0 0.491434 0.833888 0.204232 0.020200
0 0.672489 0.833888 0.157205 0.020200
0 0.848169 0.833888 0.194491 0.020200
0 0.225731 0.886882 0.326167 0.020200
0 0.491434 0.886882 0.204232 0.020200
0 0.672489 0.886882 0.157205 0.020200
0 0.848169 0.886882 0.194491 0.020200
