0 0.258737 0.103112 0.354503 0.020195
0 0.515793 0.103112 0.159610 0.020195
0 0.681116 0.103112 0.170027 0.020195
0 0.846774 0.103112 0.161626 0.020195
0 0.258737 0.182704 0.354503 0.020195
0 0.515793 0.182704 0.159610 0.020195
0 0.681116 0.182704 0.170027 0.020195
0 0.846774 0.182704 0.161626 0.020195
0 0.258737 0.254692 0.354503 0.020195
0 0.515793 0.254692 0.159610 0.020195
0 0.681116 0.254692 0.170027 0.020195
0 0.846774 0.254692 0.161626 0.020195
0 0.224798 0.332383 0.286290 0.020195
0 0.469086 0.332383 0.202621 0.020195
0 0.663642 0.332383 0.185820 0.020195
0 0.834677 0.332383 0.155914 0.020195
0 0.224798 0.416726 0.286290 0.020195
0 0.469086 0.416726 0.202621 0.020195
0 0.663642 0.416726 0.185820 0.020195
0 0.834677 0.416726 0.155914 0.020195
0 0.224798 0.467094 0.286290 0.020195
0 0.469086 0.467094 0.202621 0.020195
0 0.663642 0.467094 0.185820 0.020195
0 0.834677 0.467094 0.155914 0.020195
0 0.215054 0.544785 0.267137 0.020195
0 0.464046 0.544785 0.230847 0.020195
0 0.659610 0.544785 0.159946 0.020195
0 0.822581 0.544785 0.166331 0.020195
0 0.215054 0.627703 0.267137 0.020195
0 0.464046 0.627703 0.230847 0.020195
0 0.659610 0.627703 0.159946 0.020195
0 0.822581 0.627703 0.166331 0.020195
0 0.215054 0.685198 0.267137 0.020195
0 0.464046 0.685198 0.230847 0.020195
0 0.659610 0.685198 0.159946 0.020195
0 0.822581 0.685198 0.166331 0.020195
0 0.305108 0.763127 0.447245 0.020195
0 0.728495 0.763127 0.398522 0.020195
0 0.305108 0.836303 0.447245 0.020195
0 0.728495 0.836303 0.398522 0.020195
0 0.305108 0.885721 0.447245 0.020195
0 0.728495 0.885721 0.398522 0.020195
