0 0.160564 0.068441 0.210279 0.015447
0 0.346658 0.068441 0.161236 0.015447
0 0.516627 0.068441 0.178032 0.015447
0 0.688277 0.068441 0.164595 0.015447
0 0.860934 0.068441 0.181055 0.015447
0 0.160564 0.116920 0.210279 0.015447
0 0.346658 0.116920 0.161236 0.015447
0 0.516627 0.116920 0.178032 0.015447
0 0.688277 0.116920 0.164595 0.015447
0 0.860934 0.116920 0.181055 0.015447
0 0.160564 0.158032 0.210279 0.015447
0 0.346658 0.158032 0.161236 0.015447
0 0.516627 0.158032 0.178032 0.015447
0 0.688277 0.158032 0.164595 0.015447
0 0.860934 0.158032 0.181055 0.015447
0 0.176352 0.247148 0.241854 0.015447
0 0.379241 0.247148 0.163588 0.015447
0 0.548539 0.247148 0.174337 0.015447
0 0.713806 0.247148 0.155862 0.015447
0 0.871683 0.247148 0.159893 0.015447
0 0.176352 0.295627 0.241854 0.015447
0 0.379241 0.295627 0.163588 0.015447
0 0.548539 0.295627 0.174337 0.015447
0 0.713806 0.295627 0.155862 0.015447
0 0.871683 0.295627 0.159893 0.015447
0 0.176352 0.336740 0.241854 0.015447
0 0.379241 0.336740 0.163588 0.015447
0 0.548539 0.336740 0.174337 0.015447
0 0.713806 0.336740 0.155862 0.015447
0 0.871683 0.336740 0.159893 0.015447
0 0.177360 0.425856 0.244206 0.015447
0 0.410144 0.425856 0.220356 0.015447
0 0.631508 0.425856 0.222036 0.015447
0 0.847162 0.425856 0.208935 0.015447
0 0.177360 0.481464 0.244206 0.015447
0 0.410144 0.481464 0.220356 0.015447
0 0.631508 0.481464 0.222036 0.015447
0 0.847162 0.481464 0.208935 0.015447
0 0.177360 0.522576 0.244206 0.015447
0 0.410144 0.522576 0.220356 0.015447
0 0.631508 0.522576 0.222036 0.015447
0 0.847162 0.522576 0.208935 0.015447
0 0.172657 0.611692 0.234464 0.015447
0 0.400403 0.611692 0.220692 0.015447
0 0.634867 0.611692 0.248236 0.015447
0 0.855223 0.611692 0.192476 0.015447
0 0.172657 0.667300 0.234464 0.015447
0 0.400403 0.667300 0.220692 0.015447
0 0.634867 0.667300 0.248236 0.015447
0 0.855223 0.667300 0.192476 0.015447
0 0.172657 0.708413 0.234464 0.015447
0 0.400403 0.708413 0.220692 0.015447
0 0.634867 0.708413 0.248236 0.015447
0 0.855223 0.708413 0.192476 0.015447
0 0.171649 0.797529 0.232449 0.015447
0 0.379913 0.797529 0.183406 0.015447
0 0.563655 0.797529 0.183406 0.015447
0 0.727914 0.797529 0.144441 0.015447
0 0.873698 0.797529 0.146456 0.015447
0 0.171649 0.845532 0.232449 0.015447
0 0.379913 0.845532 0.183406 0.015447
0 0.563655 0.845532 0.183406 0.015447
0 0.727914 0.845532 0.144441 0.015447
0 0.873698 0.845532 0.146456 0.015447
0 0.171649 0.886882 0.232449 0.015447
0 0.379913 0.886882 0.183406 0.015447
0 0.563655 0.886882 0.183406 0.015447
0 0.727914 0.886882 0.144441 0.015447
0 0.873698 0.886882 0.146456 0.015447
