0 0.193819 0.078660 0.262345 0.020200
0 0.430635 0.078660 0.211287 0.020200
0 0.642929 0.078660 0.212630 0.020200
0 0.850521 0.078660 0.202217 0.020200
0 0.193819 0.144011 0.262345 0.020200
0 0.430635 0.144011 0.211287 0.020200
0 0.642929 0.144011 0.212630 0.020200
0 0.850521 0.144011 0.202217 0.020200
0 0.193819 0.199620 0.262345 0.020200
0 0.430635 0.199620 0.211287 0.020200
0 0.642929 0.199620 0.212630 0.020200
0 0.850521 0.199620 0.202217 0.020200
0 0.196507 0.274002 0.267383 0.020200
0 0.436009 0.274002 0.211958 0.020200
0 0.644945 0.274002 0.205240 0.020200
0 0.849513 0.274002 0.203561 0.020200
0 0.196507 0.339591 0.267383 0.020200
0 0.436009 0.339591 0.211958 0.020200
0 0.644945 0.339591 0.205240 0.020200
0 0.849513 0.339591 0.203561 0.020200
0 0.196507 0.395200 0.267383 0.020200
0 0.436009 0.395200 0.211958 0.020200
0 0.644945 0.395200 0.205240 0.020200
0 0.849513 0.395200 0.203561 0.020200
0 0.196507 0.469582 0.267383 0.020200
0 0.433658 0.469582 0.206248 0.020200
0 0.639906 0.469582 0.206248 0.020200
0 0.847162 0.469582 0.208263 0.020200
0 0.196507 0.546340 0.267383 0.020200
0 0.433658 0.546340 0.206248 0.020200
0 0.639906 0.546340 0.206248 0.020200
0 0.847162 0.546340 0.208263 0.020200
0 0.190124 0.620722 0.254619 0.020200
0 0.430299 0.620722 0.226067 0.020200
0 0.645616 0.620722 0.203897 0.020200
0 0.849513 0.620722 0.203897 0.020200
0 0.190124 0.683460 0.254619 0.020200
0 0.430299 0.683460 0.226067 0.020200
0 0.645616 0.683460 0.203897 0.020200
0 0.849513 0.683460 0.203897 0.020200
0 0.197514 0.757842 0.269399 0.020200
0 0.433322 0.757842 0.201545 0.020200
0 0.641585 0.757842 0.214982 0.020200
0 0.850521 0.757842 0.202217 0.020200
0 0.197514 0.831274 0.269399 0.020200
0 0.433322 0.831274 0.201545 0.020200
0 0.641585 0.831274 0.214982 0.020200
0 0.850521 0.831274 0.202217 0.020200
0 0.197514 0.886882 0.269399 0.020200
0 0.433322 0.886882 0.201545 0.020200
0 0.641585 0.886882 0.214982 0.020200
0 0.850521 0.886882 0.202217 0.020200
