0 0.323480 0.155418 0.425596 0.015447
0 0.744038 0.155418 0.414847 0.015447
0 0.323480 0.202947 0.425596 0.015447
0 0.744038 0.202947 0.414847 0.015447
0 0.323480 0.265922 0.425596 0.015447
0 0.744038 0.265922 0.414847 0.015447
0 0.289553 0.379515 0.468257 0.015447
0 0.737655 0.379515 0.427612 0.015447
0 0.289553 0.439401 0.468257 0.015447
0 0.737655 0.439401 0.427612 0.015447
0 0.289553 0.502376 0.468257 0.015447
0 0.737655 0.502376 0.427612 0.015447
0 0.271414 0.616207 0.431979 0.015447
0 0.719516 0.616207 0.463890 0.015447
0 0.271414 0.692966 0.431979 0.015447
0 0.719516 0.692966 0.463890 0.015447
0 0.271414 0.734078 0.431979 0.015447
0 0.719516 0.734078 0.463890 0.015447
