0 0.340947 0.155181 0.461874 0.020200
0 0.761841 0.155181 0.379241 0.020200
0 0.340947 0.208175 0.461874 0.020200
0 0.761841 0.208175 0.379241 0.020200
0 0.340947 0.285646 0.461874 0.020200
0 0.761841 0.285646 0.379241 0.020200
0 0.330534 0.381654 0.461538 0.020200
0 0.756130 0.381654 0.389990 0.020200
0 0.330534 0.434648 0.461538 0.020200
0 0.756130 0.434648 0.389990 0.020200
0 0.330534 0.493584 0.461538 0.020200
0 0.756130 0.493584 0.389990 0.020200
0 0.323480 0.589591 0.447430 0.020200
0 0.749412 0.589591 0.404098 0.020200
0 0.323480 0.674192 0.447430 0.020200
0 0.749412 0.674192 0.404098 0.020200
0 0.323480 0.727186 0.447430 0.020200
0 0.749412 0.727186 0.404098 0.020200
