0 0.243534 0.164211 0.263352 0.021150
0 0.519987 0.164211 0.289553 0.021150
0 0.808196 0.164211 0.286530 0.021150
0 0.243534 0.231702 0.263352 0.021150
0 0.519987 0.231702 0.289553 0.021150
0 0.808196 0.231702 0.286530 0.021150
0 0.227410 0.313688 0.328183 0.021150
0 0.529392 0.313688 0.275445 0.021150
0 0.809540 0.313688 0.284179 0.021150
0 0.227410 0.375238 0.328183 0.021150
0 0.529392 0.375238 0.275445 0.021150
0 0.809540 0.375238 0.284179 0.021150
0 0.227410 0.443203 0.328183 0.021150
0 0.529392 0.443203 0.275445 0.021150
0 0.809540 0.443203 0.284179 0.021150
0 0.224387 0.525190 0.322136 0.021150
0 0.531407 0.525190 0.291233 0.021150
0 0.814578 0.525190 0.274101 0.021150
0 0.224387 0.586740 0.322136 0.021150
0 0.531407 0.586740 0.291233 0.021150
0 0.814578 0.586740 0.274101 0.021150
0 0.224387 0.661835 0.322136 0.021150
0 0.531407 0.661835 0.291233 0.021150
0 0.814578 0.661835 0.274101 0.021150
0 0.234800 0.743821 0.342963 0.021150
0 0.533759 0.743821 0.253947 0.021150
0 0.806181 0.743821 0.290897 0.021150
0 0.234800 0.800618 0.342963 0.021150
0 0.533759 0.800618 0.253947 0.021150
0 0.806181 0.800618 0.290897 0.021150
0 0.234800 0.884268 0.342963 0.021150
0 0.533759 0.884268 0.253947 0.021150
0 0.806181 0.884268 0.290897 0.021150
