0 0.236480 0.086740 0.341619 0.023764
0 0.548539 0.086740 0.282163 0.023764
0 0.820625 0.086740 0.261337 0.023764
0 0.236480 0.168251 0.341619 0.023764
0 0.548539 0.168251 0.282163 0.023764
0 0.820625 0.168251 0.261337 0.023764
0 0.236480 0.230513 0.341619 0.023527
0 0.548539 0.230513 0.282163 0.023527
0 0.820625 0.230513 0.261337 0.023527
0 0.222707 0.343631 0.313739 0.023764
0 0.452805 0.343631 0.146456 0.023764
0 0.638898 0.343631 0.214982 0.023764
0 0.848841 0.343631 0.204904 0.023764
0 0.222707 0.427281 0.313739 0.023764
0 0.452805 0.427281 0.146456 0.023764
0 0.638898 0.427281 0.214982 0.023764
0 0.848841 0.427281 0.204904 0.023764
0 0.222707 0.515447 0.313739 0.023764
0 0.452805 0.515447 0.146456 0.023764
0 0.638898 0.515447 0.214982 0.023764
0 0.848841 0.515447 0.204904 0.023764
0 0.233792 0.628327 0.336245 0.023764
0 0.495801 0.628327 0.187773 0.023764
0 0.685590 0.628327 0.191804 0.023764
0 0.863285 0.628327 0.162916 0.023764
0 0.233792 0.710789 0.336245 0.023764
0 0.495801 0.710789 0.187773 0.023764
0 0.685590 0.710789 0.191804 0.023764
0 0.863285 0.710789 0.162916 0.023764
0 0.233792 0.802994 0.336245 0.023764
0 0.495801 0.802994 0.187773 0.023764
0 0.685590 0.802994 0.191804 0.023764
0 0.863285 0.802994 0.162916 0.023764
