0 0.219012 0.081036 0.311051 0.021150
0 0.516963 0.081036 0.284515 0.021150
0 0.805509 0.081036 0.292241 0.021150
0 0.219012 0.153279 0.311051 0.021150
0 0.516963 0.153279 0.284515 0.021150
0 0.805509 0.153279 0.292241 0.021150
0 0.219012 0.226473 0.311051 0.021150
0 0.516963 0.226473 0.284515 0.021150
0 0.805509 0.226473 0.292241 0.021150
0 0.241518 0.300618 0.356399 0.021150
0 0.586832 0.300618 0.333221 0.021150
0 0.845146 0.300618 0.176352 0.021150
0 0.241518 0.376188 0.356399 0.021150
0 0.586832 0.376188 0.333221 0.021150
0 0.845146 0.376188 0.176352 0.021150
0 0.241518 0.454135 0.356399 0.021150
0 0.586832 0.454135 0.333221 0.021150
0 0.845146 0.454135 0.176352 0.021150
0 0.179711 0.528279 0.232785 0.021150
0 0.372187 0.528279 0.151495 0.021150
0 0.529056 0.528279 0.162244 0.021150
0 0.686933 0.528279 0.152503 0.021150
0 0.857575 0.528279 0.188109 0.021150
0 0.179711 0.591492 0.232785 0.021150
0 0.372187 0.591492 0.151495 0.021150
0 0.529056 0.591492 0.162244 0.021150
0 0.686933 0.591492 0.152503 0.021150
0 0.857575 0.591492 0.188109 0.021150
0 0.179711 0.658032 0.232785 0.021150
0 0.372187 0.658032 0.151495 0.021150
0 0.529056 0.658032 0.162244 0.021150
0 0.686933 0.658032 0.152503 0.021150
0 0.857575 0.658032 0.188109 0.021150
0 0.222036 0.731939 0.317434 0.021150
0 0.483037 0.731939 0.203897 0.021150
0 0.760497 0.731939 0.343635 0.021150
0 0.222036 0.814163 0.317434 0.021150
0 0.483037 0.814163 0.203897 0.021150
0 0.760497 0.814163 0.343635 0.021150
0 0.222036 0.884268 0.317434 0.021150
0 0.483037 0.884268 0.203897 0.021150
0 0.760497 0.884268 0.343635 0.021150
