0 0.282499 0.068441 0.454484 0.015447
0 0.730937 0.068441 0.441384 0.015447
0 0.282499 0.125713 0.454484 0.015447
0 0.730937 0.125713 0.441384 0.015447
0 0.282499 0.171340 0.454484 0.015447
0 0.730937 0.171340 0.441384 0.015447
0 0.216661 0.285171 0.322472 0.015447
0 0.500168 0.285171 0.244206 0.015447
0 0.787034 0.285171 0.329190 0.015447
0 0.216661 0.343631 0.322472 0.015447
0 0.500168 0.343631 0.244206 0.015447
0 0.787034 0.343631 0.329190 0.015447
0 0.216661 0.396150 0.322472 0.015447
0 0.500168 0.396150 0.244206 0.015447
0 0.787034 0.396150 0.329190 0.015447
0 0.294592 0.509981 0.478334 0.015447
0 0.742694 0.509981 0.417870 0.015447
0 0.294592 0.573907 0.478334 0.015447
0 0.742694 0.573907 0.417870 0.015447
0 0.294592 0.629040 0.478334 0.015447
0 0.742694 0.629040 0.417870 0.015447
0 0.246893 0.742633 0.382936 0.015447
0 0.576419 0.742633 0.275781 0.015447
0 0.830702 0.742633 0.232449 0.015447
0 0.246893 0.807034 0.382936 0.015447
0 0.576419 0.807034 0.275781 0.015447
0 0.830702 0.807034 0.232449 0.015447
0 0.246893 0.848384 0.382936 0.015447
0 0.576419 0.848384 0.275781 0.015447
0 0.830702 0.848384 0.232449 0.015447
