0 0.280148 0.144011 0.291233 0.019487
0 0.487068 0.144011 0.121599 0.019487
0 0.660060 0.144011 0.224723 0.019487
0 0.862277 0.144011 0.178703 0.019487
0 0.280148 0.206749 0.291233 0.019487
0 0.487068 0.206749 0.121599 0.019487
0 0.660060 0.206749 0.224723 0.019487
0 0.862277 0.206749 0.178703 0.019487
0 0.280148 0.252852 0.291233 0.019487
0 0.487068 0.252852 0.121599 0.019487
0 0.660060 0.252852 0.224723 0.019487
0 0.862277 0.252852 0.178703 0.019487
0 0.177024 0.334838 0.239503 0.019487
0 0.418206 0.334838 0.242862 0.019487
0 0.617400 0.334838 0.155190 0.019487
0 0.823312 0.334838 0.256298 0.019487
0 0.177024 0.397576 0.239503 0.019487
0 0.418206 0.397576 0.242862 0.019487
0 0.617400 0.397576 0.155190 0.019487
0 0.823312 0.397576 0.256298 0.019487
0 0.177024 0.451521 0.239503 0.019487
0 0.418206 0.451521 0.242862 0.019487
0 0.617400 0.451521 0.155190 0.019487
0 0.823312 0.451521 0.256298 0.019487
0 0.156869 0.533508 0.199194 0.019487
0 0.334565 0.533508 0.155862 0.019487
0 0.511253 0.533508 0.196842 0.019487
0 0.672489 0.533508 0.125966 0.019487
0 0.843467 0.533508 0.215989 0.019487
0 0.156869 0.612880 0.199194 0.019487
0 0.334565 0.612880 0.155862 0.019487
0 0.511253 0.612880 0.196842 0.019487
0 0.672489 0.612880 0.125966 0.019487
0 0.843467 0.612880 0.215989 0.019487
0 0.156869 0.665162 0.199194 0.019487
0 0.334565 0.665162 0.155862 0.019487
0 0.511253 0.665162 0.196842 0.019487
0 0.672489 0.665162 0.125966 0.019487
0 0.843467 0.665162 0.215989 0.019487
0 0.180719 0.747148 0.246557 0.019487
0 0.406114 0.747148 0.203561 0.019487
0 0.642257 0.747148 0.268391 0.019487
0 0.862277 0.747148 0.171313 0.019487
0 0.180719 0.809173 0.246557 0.019487
0 0.406114 0.809173 0.203561 0.019487
0 0.642257 0.809173 0.268391 0.019487
0 0.862277 0.809173 0.171313 0.019487
0 0.180719 0.861217 0.246557 0.019487
0 0.406114 0.861217 0.203561 0.019487
0 0.642257 0.861217 0.268391 0.019487
0 0.862277 0.861217 0.171313 0.019487
