0 0.230433 0.077709 0.335909 0.019487
0 0.538126 0.077709 0.278804 0.019487
0 0.814578 0.077709 0.274101 0.019487
0 0.230433 0.186549 0.335909 0.019487
0 0.538126 0.186549 0.278804 0.019487
0 0.814578 0.186549 0.274101 0.019487
0 0.230433 0.255228 0.335909 0.019724
0 0.538126 0.255228 0.278804 0.019724
0 0.814578 0.255228 0.274101 0.019724
0 0.201209 0.320580 0.277796 0.019724
0 0.441048 0.320580 0.201209 0.019724
0 0.629493 0.320580 0.175680 0.019724
0 0.834733 0.320580 0.233792 0.019724
0 0.201209 0.401141 0.277796 0.019724
0 0.441048 0.401141 0.201209 0.019724
0 0.629493 0.401141 0.175680 0.019724
0 0.834733 0.401141 0.233792 0.019724
0 0.201209 0.471958 0.277796 0.019724
0 0.441048 0.471958 0.201209 0.019724
0 0.629493 0.471958 0.175680 0.019724
0 0.834733 0.471958 0.233792 0.019724
0 0.221028 0.537310 0.317434 0.019724
0 0.519987 0.537310 0.280484 0.019724
0 0.806181 0.537310 0.290897 0.019724
0 0.221028 0.618346 0.317434 0.019724
0 0.519987 0.618346 0.280484 0.019724
0 0.806181 0.618346 0.290897 0.019724
0 0.221028 0.677281 0.317434 0.019487
0 0.519987 0.677281 0.280484 0.019487
0 0.806181 0.677281 0.290897 0.019487
0 0.222036 0.742871 0.319113 0.019487
0 0.515620 0.742871 0.267719 0.019487
0 0.721868 0.742871 0.144105 0.019487
0 0.872691 0.742871 0.157541 0.019487
0 0.222036 0.808935 0.319113 0.019724
0 0.515620 0.808935 0.267719 0.019724
0 0.721868 0.808935 0.144105 0.019724
0 0.872691 0.808935 0.157541 0.019724
0 0.222036 0.887833 0.319113 0.019724
0 0.515620 0.887833 0.267719 0.019724
0 0.721868 0.887833 0.144105 0.019724
0 0.872691 0.887833 0.157541 0.019724
