0 0.305341 0.196530 0.271750 0.020913
0 0.537454 0.196530 0.191468 0.020913
0 0.738663 0.196530 0.210951 0.020913
0 0.895532 0.196530 0.103124 0.020913
0 0.305341 0.251901 0.271750 0.020913
0 0.537454 0.251901 0.191468 0.020913
0 0.738663 0.251901 0.210951 0.020913
0 0.895532 0.251901 0.103124 0.020913
0 0.305341 0.312500 0.271750 0.020913
0 0.537454 0.312500 0.191468 0.020913
0 0.738663 0.312500 0.210951 0.020913
0 0.895532 0.312500 0.103124 0.020913
0 0.090695 0.430846 0.064159 0.020913
0 0.244877 0.430846 0.233121 0.020913
0 0.463554 0.430846 0.203561 0.020913
0 0.698690 0.430846 0.266711 0.020913
0 0.891837 0.430846 0.118912 0.020913
0 0.090695 0.505703 0.064159 0.020913
0 0.244877 0.505703 0.233121 0.020913
0 0.463554 0.505703 0.203561 0.020913
0 0.698690 0.505703 0.266711 0.020913
0 0.891837 0.505703 0.118912 0.020913
0 0.090695 0.566302 0.064159 0.020913
0 0.244877 0.566302 0.233121 0.020913
0 0.463554 0.566302 0.203561 0.020913
0 0.698690 0.566302 0.266711 0.020913
0 0.891837 0.566302 0.118912 0.020913
0 0.180383 0.684886 0.243198 0.020913
0 0.402419 0.684886 0.200202 0.020913
0 0.644273 0.684886 0.283507 0.020913
0 0.868996 0.684886 0.165267 0.020913
0 0.180383 0.766635 0.243198 0.020913
0 0.402419 0.766635 0.200202 0.020913
0 0.644273 0.766635 0.283507 0.020913
0 0.868996 0.766635 0.165267 0.020913
0 0.180383 0.836740 0.243198 0.020913
0 0.402419 0.836740 0.200202 0.020913
0 0.644273 0.836740 0.283507 0.020913
0 0.868996 0.836740 0.165267 0.020913
