0 0.197514 0.168013 0.123614 0.018298
0 0.344642 0.168013 0.170306 0.018298
0 0.560296 0.168013 0.261001 0.018298
0 0.821297 0.168013 0.260329 0.018298
0 0.197514 0.218156 0.123614 0.018298
0 0.344642 0.218156 0.170306 0.018298
0 0.560296 0.218156 0.261001 0.018298
0 0.821297 0.218156 0.260329 0.018298
0 0.197514 0.266397 0.123614 0.018298
0 0.344642 0.266397 0.170306 0.018298
0 0.560296 0.266397 0.261001 0.018298
0 0.821297 0.266397 0.260329 0.018298
0 0.212294 0.353612 0.310380 0.018298
0 0.505542 0.353612 0.276117 0.018298
0 0.797447 0.353612 0.307692 0.018298
0 0.212294 0.403992 0.310380 0.018298
0 0.505542 0.403992 0.276117 0.018298
0 0.797447 0.403992 0.307692 0.018298
0 0.212294 0.466730 0.310380 0.018298
0 0.505542 0.466730 0.276117 0.018298
0 0.797447 0.466730 0.307692 0.018298
0 0.235808 0.554183 0.357743 0.018298
0 0.556601 0.554183 0.283507 0.018298
0 0.824992 0.554183 0.252939 0.018298
0 0.235808 0.613356 0.357743 0.018298
0 0.556601 0.613356 0.283507 0.018298
0 0.824992 0.613356 0.252939 0.018298
0 0.235808 0.683460 0.357743 0.018298
0 0.556601 0.683460 0.283507 0.018298
0 0.824992 0.683460 0.252939 0.018298
0 0.245213 0.770675 0.376554 0.018298
0 0.591199 0.770675 0.314746 0.018298
0 0.840107 0.770675 0.183070 0.018298
0 0.245213 0.818916 0.376554 0.018298
0 0.591199 0.818916 0.314746 0.018298
0 0.840107 0.818916 0.183070 0.018298
0 0.245213 0.880466 0.376554 0.018298
0 0.591199 0.880466 0.314746 0.018298
0 0.840107 0.880466 0.183070 0.018298
