0 0.235136 0.097433 0.347330 0.018298
0 0.495129 0.097433 0.172657 0.018298
0 0.692644 0.097433 0.221700 0.018298
0 0.877393 0.097433 0.148136 0.018298
0 0.235136 0.159458 0.347330 0.018298
0 0.495129 0.159458 0.172657 0.018298
0 0.692644 0.159458 0.221700 0.018298
0 0.877393 0.159458 0.148136 0.018298
0 0.235136 0.226236 0.347330 0.018298
0 0.495129 0.226236 0.172657 0.018298
0 0.692644 0.226236 0.221700 0.018298
0 0.877393 0.226236 0.148136 0.018298
0 0.176352 0.317966 0.230097 0.018298
0 0.392341 0.317966 0.201881 0.018298
0 0.605979 0.317966 0.224723 0.018298
0 0.835069 0.317966 0.233121 0.018298
0 0.176352 0.379990 0.230097 0.018298
0 0.392341 0.379990 0.201881 0.018298
0 0.605979 0.379990 0.224723 0.018298
0 0.835069 0.379990 0.233121 0.018298
0 0.176352 0.446768 0.230097 0.018298
0 0.392341 0.446768 0.201881 0.018298
0 0.605979 0.446768 0.224723 0.018298
0 0.835069 0.446768 0.233121 0.018298
0 0.203897 0.538498 0.284851 0.018298
0 0.459187 0.538498 0.225731 0.018298
0 0.763520 0.538498 0.376218 0.018298
0 0.203897 0.600523 0.284851 0.018298
0 0.459187 0.600523 0.225731 0.018298
0 0.763520 0.600523 0.376218 0.018298
0 0.203897 0.667776 0.284851 0.018298
0 0.459187 0.667776 0.225731 0.018298
0 0.763520 0.667776 0.376218 0.018298
0 0.298959 0.759743 0.475311 0.018298
0 0.744038 0.759743 0.414847 0.018298
0 0.298959 0.821768 0.475311 0.018298
0 0.744038 0.821768 0.414847 0.018298
0 0.298959 0.888308 0.475311 0.018298
0 0.744038 0.888308 0.414847 0.018298
