0 0.184476 0.090283 0.205645 0.020195
0 0.373992 0.090283 0.173387 0.020195
0 0.578965 0.090283 0.236895 0.020195
0 0.812500 0.090283 0.230175 0.020195
0 0.184476 0.171300 0.205645 0.020195
0 0.373992 0.171300 0.173387 0.020195
0 0.578965 0.171300 0.236895 0.020195
0 0.812500 0.171300 0.230175 0.020195
0 0.184476 0.219054 0.205645 0.020195
0 0.373992 0.219054 0.173387 0.020195
0 0.578965 0.219054 0.236895 0.020195
0 0.812500 0.219054 0.230175 0.020195
0 0.203965 0.301497 0.244624 0.020195
0 0.445565 0.301497 0.238911 0.020195
0 0.668347 0.301497 0.198589 0.020195
0 0.847782 0.301497 0.159610 0.020195
0 0.203965 0.385365 0.244624 0.020195
0 0.445565 0.385365 0.238911 0.020195
0 0.668347 0.385365 0.198589 0.020195
0 0.847782 0.385365 0.159610 0.020195
0 0.203965 0.451651 0.244624 0.020195
0 0.445565 0.451651 0.238911 0.020195
0 0.668347 0.451651 0.198589 0.020195
0 0.847782 0.451651 0.159610 0.020195
0 0.183804 0.534094 0.204301 0.020195
0 0.347110 0.534094 0.122312 0.020195
0 0.480175 0.534094 0.143817 0.020195
0 0.636425 0.534094 0.168683 0.020195
0 0.816868 0.534094 0.191532 0.020195
0 0.183804 0.592540 0.204301 0.020195
0 0.347110 0.592540 0.122312 0.020195
0 0.480175 0.592540 0.143817 0.020195
0 0.636425 0.592540 0.168683 0.020195
0 0.816868 0.592540 0.191532 0.020195
0 0.183804 0.663578 0.204301 0.020195
0 0.347110 0.663578 0.122312 0.020195
0 0.480175 0.663578 0.143817 0.020195
0 0.636425 0.663578 0.168683 0.020195
0 0.816868 0.663578 0.191532 0.020195
0 0.240927 0.746020 0.318548 0.020195
0 0.523185 0.746020 0.245632 0.020195
0 0.727151 0.746020 0.161962 0.020195
0 0.867944 0.746020 0.119288 0.020195
0 0.240927 0.832739 0.318548 0.020195
0 0.523185 0.832739 0.245632 0.020195
0 0.727151 0.832739 0.161962 0.020195
0 0.867944 0.832739 0.119288 0.020195
0 0.240927 0.889998 0.318548 0.020195
0 0.523185 0.889998 0.245632 0.020195
0 0.727151 0.889998 0.161962 0.020195
0 0.867944 0.889998 0.119288 0.020195
