0 0.190796 0.080798 0.254619 0.020913
0 0.411824 0.080798 0.186765 0.020913
0 0.609674 0.080798 0.208263 0.020913
0 0.832718 0.080798 0.237823 0.020913
0 0.190796 0.155656 0.254619 0.020913
0 0.411824 0.155656 0.186765 0.020913
0 0.609674 0.155656 0.208263 0.020913
0 0.832718 0.155656 0.237823 0.020913
0 0.190796 0.222433 0.254619 0.020913
0 0.411824 0.222433 0.186765 0.020913
0 0.609674 0.222433 0.208263 0.020913
0 0.832718 0.222433 0.237823 0.020913
0 0.192476 0.311074 0.258314 0.020913
0 0.423581 0.311074 0.202889 0.020913
0 0.624118 0.311074 0.198186 0.020913
0 0.837420 0.311074 0.228082 0.020913
0 0.192476 0.399715 0.258314 0.020913
0 0.423581 0.399715 0.202889 0.020913
0 0.624118 0.399715 0.198186 0.020913
0 0.837420 0.399715 0.228082 0.020913
0 0.192476 0.457462 0.258314 0.020913
0 0.423581 0.457462 0.202889 0.020913
0 0.624118 0.457462 0.198186 0.020913
0 0.837420 0.457462 0.228082 0.020913
0 0.220692 0.546103 0.314410 0.020913
0 0.531407 0.546103 0.307020 0.020913
0 0.818273 0.546103 0.266040 0.020913
0 0.220692 0.613356 0.314410 0.020913
0 0.531407 0.613356 0.307020 0.020913
0 0.818273 0.613356 0.266040 0.020913
0 0.220692 0.668489 0.314410 0.020913
0 0.531407 0.668489 0.307020 0.020913
0 0.818273 0.668489 0.266040 0.020913
0 0.184750 0.757129 0.242526 0.020913
0 0.423245 0.757129 0.234128 0.020913
0 0.646288 0.757129 0.211622 0.020913
0 0.851528 0.757129 0.199194 0.020913
0 0.184750 0.829610 0.242526 0.020913
0 0.423245 0.829610 0.234128 0.020913
0 0.646288 0.829610 0.211622 0.020913
0 0.851528 0.829610 0.199194 0.020913
0 0.184750 0.884981 0.242526 0.020913
0 0.423245 0.884981 0.234128 0.020913
0 0.646288 0.884981 0.211622 0.020913
0 0.851528 0.884981 0.199194 0.020913
