0 0.228754 0.159221 0.165603 0.022338
0 0.352032 0.159221 0.080954 0.022338
0 0.432986 0.159221 0.080954 0.022338
0 0.529392 0.159221 0.111858 0.022338
0 0.641250 0.159221 0.110850 0.022338
0 0.754787 0.159221 0.115553 0.022338
0 0.882096 0.159221 0.138730 0.022338
0 0.228754 0.219106 0.165603 0.022338
0 0.352032 0.219106 0.080954 0.022338
0 0.432986 0.219106 0.080954 0.022338
0 0.529392 0.219106 0.111858 0.022338
0 0.641250 0.219106 0.110850 0.022338
0 0.754787 0.219106 0.115553 0.022338
0 0.882096 0.219106 0.138730 0.022338
0 0.228754 0.280656 0.165603 0.022338
0 0.352032 0.280656 0.080954 0.022338
0 0.432986 0.280656 0.080954 0.022338
0 0.529392 0.280656 0.111858 0.022338
0 0.641250 0.280656 0.110850 0.022338
0 0.754787 0.280656 0.115553 0.022338
0 0.882096 0.280656 0.138730 0.022338
0 0.150823 0.355038 0.172993 0.022338
0 0.281827 0.355038 0.088008 0.022338
0 0.376889 0.355038 0.101780 0.022338
0 0.491434 0.355038 0.126638 0.022338
0 0.602284 0.355038 0.095062 0.022338
0 0.697346 0.355038 0.095062 0.022338
0 0.796439 0.355038 0.102116 0.022338
0 0.899563 0.355038 0.103796 0.022338
0 0.150823 0.413973 0.172993 0.022338
0 0.281827 0.413973 0.088008 0.022338
0 0.376889 0.413973 0.101780 0.022338
0 0.491434 0.413973 0.126638 0.022338
0 0.602284 0.413973 0.095062 0.022338
0 0.697346 0.413973 0.095062 0.022338
0 0.796439 0.413973 0.102116 0.022338
0 0.899563 0.413973 0.103796 0.022338
0 0.150823 0.475285 0.172993 0.022338
0 0.281827 0.475285 0.088008 0.022338
0 0.376889 0.475285 0.101780 0.022338
0 0.491434 0.475285 0.126638 0.022338
0 0.602284 0.475285 0.095062 0.022338
0 0.697346 0.475285 0.095062 0.022338
0 0.796439 0.475285 0.102116 0.022338
0 0.899563 0.475285 0.103796 0.022338
0 0.153174 0.549905 0.177696 0.022338
0 0.294592 0.549905 0.104468 0.022338
0 0.393685 0.549905 0.093719 0.022338
0 0.493450 0.549905 0.105475 0.022338
0 0.601948 0.549905 0.111186 0.022338
0 0.708767 0.549905 0.102452 0.022338
0 0.807188 0.549905 0.094390 0.022338
0 0.903258 0.549905 0.096742 0.022338
0 0.153174 0.609078 0.177696 0.022338
0 0.294592 0.609078 0.104468 0.022338
0 0.393685 0.609078 0.093719 0.022338
0 0.493450 0.609078 0.105475 0.022338
0 0.601948 0.609078 0.111186 0.022338
0 0.708767 0.609078 0.102452 0.022338
0 0.807188 0.609078 0.094390 0.022338
0 0.903258 0.609078 0.096742 0.022338
0 0.153174 0.672291 0.177696 0.022338
0 0.294592 0.672291 0.104468 0.022338
0 0.393685 0.672291 0.093719 0.022338
0 0.493450 0.672291 0.105475 0.022338
0 0.601948 0.672291 0.111186 0.022338
0 0.708767 0.672291 0.102452 0.022338
0 0.807188 0.672291 0.094390 0.022338
0 0.903258 0.672291 0.096742 0.022338
0 0.147464 0.752852 0.165939 0.022338
0 0.280148 0.752852 0.099093 0.022338
0 0.380249 0.752852 0.100773 0.022338
0 0.484044 0.752852 0.106147 0.022338
0 0.587504 0.752852 0.100101 0.022338
0 0.683910 0.752852 0.092711 0.022338
0 0.783003 0.752852 0.104803 0.022338
0 0.893517 0.752852 0.115888 0.022338
0 0.147464 0.820580 0.165939 0.022338
0 0.280148 0.820580 0.099093 0.022338
0 0.380249 0.820580 0.100773 0.022338
0 0.484044 0.820580 0.106147 0.022338
0 0.587504 0.820580 0.100101 0.022338
0 0.683910 0.820580 0.092711 0.022338
0 0.783003 0.820580 0.104803 0.022338
0 0.893517 0.820580 0.115888 0.022338
0 0.147464 0.882129 0.165939 0.022338
0 0.280148 0.882129 0.099093 0.022338
0 0.380249 0.882129 0.100773 0.022338
0 0.484044 0.882129 0.106147 0.022338
0 0.587504 0.882129 0.100101 0.022338
0 0.683910 0.882129 0.092711 0.022338
0 0.783003 0.882129 0.104803 0.022338
0 0.893517 0.882129 0.115888 0.022338
