0 0.162244 0.074382 0.210615 0.018298
0 0.385287 0.074382 0.234800 0.018298
0 0.622439 0.074382 0.232449 0.018298
0 0.845146 0.074382 0.212630 0.018298
0 0.162244 0.135219 0.210615 0.018298
0 0.385287 0.135219 0.234800 0.018298
0 0.622439 0.135219 0.232449 0.018298
0 0.845146 0.135219 0.212630 0.018298
0 0.162244 0.184648 0.210615 0.018298
0 0.385287 0.184648 0.234800 0.018298
0 0.622439 0.184648 0.232449 0.018298
0 0.845146 0.184648 0.212630 0.018298
0 0.191804 0.253802 0.269399 0.018298
0 0.430635 0.253802 0.208263 0.018298
0 0.644609 0.253802 0.219348 0.018298
0 0.853208 0.253802 0.196842 0.018298
0 0.191804 0.312025 0.269399 0.018298
0 0.430635 0.312025 0.208263 0.018298
0 0.644609 0.312025 0.219348 0.018298
0 0.853208 0.312025 0.196842 0.018298
0 0.191804 0.367158 0.269399 0.018298
0 0.430635 0.367158 0.208263 0.018298
0 0.644609 0.367158 0.219348 0.018298
0 0.853208 0.367158 0.196842 0.018298
0 0.186093 0.436312 0.258314 0.018298
0 0.413168 0.436312 0.195499 0.018298
0 0.621095 0.436312 0.219684 0.018298
0 0.841115 0.436312 0.220356 0.018298
0 0.186093 0.490019 0.258314 0.018298
0 0.413168 0.490019 0.195499 0.018298
0 0.621095 0.490019 0.219684 0.018298
0 0.841115 0.490019 0.220356 0.018298
0 0.186093 0.539686 0.258314 0.018298
0 0.413168 0.539686 0.195499 0.018298
0 0.621095 0.539686 0.219684 0.018298
0 0.841115 0.539686 0.220356 0.018298
0 0.194155 0.608840 0.274101 0.018298
0 0.434330 0.608840 0.205912 0.018298
0 0.646624 0.608840 0.218677 0.018298
0 0.853880 0.608840 0.195163 0.018298
0 0.194155 0.666350 0.274101 0.018298
0 0.434330 0.666350 0.205912 0.018298
0 0.646624 0.666350 0.218677 0.018298
0 0.853880 0.666350 0.195163 0.018298
0 0.194155 0.715779 0.274101 0.018298
0 0.434330 0.715779 0.205912 0.018298
0 0.646624 0.715779 0.218677 0.018298
0 0.853880 0.715779 0.195163 0.018298
0 0.211958 0.784933 0.309708 0.018298
0 0.486732 0.784933 0.240175 0.018298
0 0.715821 0.784933 0.216997 0.018298
0 0.881424 0.784933 0.114209 0.018298
0 0.211958 0.841492 0.309708 0.018298
0 0.486732 0.841492 0.240175 0.018298
0 0.715821 0.841492 0.216997 0.018298
0 0.881424 0.841492 0.114209 0.018298
0 0.211958 0.890922 0.309708 0.018298
0 0.486732 0.890922 0.240175 0.018298
0 0.715821 0.890922 0.216997 0.018298
0 0.881424 0.890922 0.114209 0.018298
