0 0.231441 0.155894 0.176688 0.018774
0 0.379577 0.155894 0.119919 0.018774
0 0.506214 0.155894 0.124286 0.018774
0 0.627813 0.155894 0.119248 0.018774
0 0.756466 0.155894 0.137051 0.018774
0 0.888142 0.155894 0.126638 0.018774
0 0.231441 0.225523 0.176688 0.018774
0 0.379577 0.225523 0.119919 0.018774
0 0.506214 0.225523 0.124286 0.018774
0 0.627813 0.225523 0.119248 0.018774
0 0.756466 0.225523 0.137051 0.018774
0 0.888142 0.225523 0.126638 0.018774
0 0.231441 0.274952 0.176688 0.018774
0 0.379577 0.274952 0.119919 0.018774
0 0.506214 0.274952 0.124286 0.018774
0 0.627813 0.274952 0.119248 0.018774
0 0.756466 0.274952 0.137051 0.018774
0 0.888142 0.274952 0.126638 0.018774
0 0.138730 0.350285 0.154182 0.018774
0 0.274773 0.350285 0.117904 0.018774
0 0.397044 0.350285 0.126302 0.018774
0 0.524689 0.350285 0.128653 0.018774
0 0.645280 0.350285 0.112529 0.018774
0 0.761841 0.350285 0.119919 0.018774
0 0.886799 0.350285 0.129661 0.018774
0 0.138730 0.425618 0.154182 0.018774
0 0.274773 0.425618 0.117904 0.018774
0 0.397044 0.425618 0.126302 0.018774
0 0.524689 0.425618 0.128653 0.018774
0 0.645280 0.425618 0.112529 0.018774
0 0.761841 0.425618 0.119919 0.018774
0 0.886799 0.425618 0.129661 0.018774
0 0.138730 0.480513 0.154182 0.018774
0 0.274773 0.480513 0.117904 0.018774
0 0.397044 0.480513 0.126302 0.018774
0 0.524689 0.480513 0.128653 0.018774
0 0.645280 0.480513 0.112529 0.018774
0 0.761841 0.480513 0.119919 0.018774
0 0.886799 0.480513 0.129661 0.018774
0 0.139738 0.555846 0.156198 0.018774
0 0.279140 0.555846 0.121599 0.018774
0 0.397716 0.555846 0.115553 0.018774
0 0.517635 0.555846 0.124286 0.018774
0 0.644273 0.555846 0.128317 0.018774
0 0.769903 0.555846 0.122943 0.018774
0 0.891502 0.555846 0.119919 0.018774
0 0.139738 0.625475 0.156198 0.018774
0 0.279140 0.625475 0.121599 0.018774
0 0.397716 0.625475 0.115553 0.018774
0 0.517635 0.625475 0.124286 0.018774
0 0.644273 0.625475 0.128317 0.018774
0 0.769903 0.625475 0.122943 0.018774
0 0.891502 0.625475 0.119919 0.018774
0 0.139738 0.681321 0.156198 0.018774
0 0.279140 0.681321 0.121599 0.018774
0 0.397716 0.681321 0.115553 0.018774
0 0.517635 0.681321 0.124286 0.018774
0 0.644273 0.681321 0.128317 0.018774
0 0.769903 0.681321 0.122943 0.018774
0 0.891502 0.681321 0.119919 0.018774
0 0.148136 0.756416 0.172657 0.018774
0 0.300974 0.756416 0.133020 0.018774
0 0.451797 0.756416 0.167954 0.018774
0 0.604636 0.756416 0.137387 0.018774
0 0.749412 0.756416 0.152167 0.018774
0 0.888814 0.756416 0.125630 0.018774
0 0.148136 0.837690 0.172657 0.018774
0 0.300974 0.837690 0.133020 0.018774
0 0.451797 0.837690 0.167954 0.018774
0 0.604636 0.837690 0.137387 0.018774
0 0.749412 0.837690 0.152167 0.018774
0 0.888814 0.837690 0.125630 0.018774
0 0.148136 0.889734 0.172657 0.018774
0 0.300974 0.889734 0.133020 0.018774
0 0.451797 0.889734 0.167954 0.018774
0 0.604636 0.889734 0.137387 0.018774
0 0.749412 0.889734 0.152167 0.018774
0 0.888814 0.889734 0.125630 0.018774
