0 0.189788 0.084838 0.261001 0.022814
0 0.425596 0.084838 0.210615 0.022814
0 0.638898 0.084838 0.215317 0.022814
0 0.849177 0.084838 0.204904 0.022814
0 0.189788 0.167300 0.261001 0.022814
0 0.425596 0.167300 0.210615 0.022814
0 0.638898 0.167300 0.215317 0.022814
0 0.849177 0.167300 0.204904 0.022814
0 0.189788 0.227424 0.261001 0.022814
0 0.425596 0.227424 0.210615 0.022814
0 0.638898 0.227424 0.215317 0.022814
0 0.849177 0.227424 0.204904 0.022814
0 0.192812 0.300143 0.267047 0.022814
0 0.431307 0.300143 0.209607 0.022814
0 0.640242 0.300143 0.207592 0.022814
0 0.847833 0.300143 0.207592 0.022814
0 0.192812 0.383793 0.267047 0.022814
0 0.431307 0.383793 0.209607 0.022814
0 0.640242 0.383793 0.207592 0.022814
0 0.847833 0.383793 0.207592 0.022814
0 0.192812 0.443916 0.267047 0.022814
0 0.431307 0.443916 0.209607 0.022814
0 0.640242 0.443916 0.207592 0.022814
0 0.847833 0.443916 0.207592 0.022814
0 0.185086 0.516397 0.251596 0.022814
0 0.416527 0.516397 0.211287 0.022814
0 0.635203 0.516397 0.225395 0.022814
0 0.849849 0.516397 0.203225 0.022814
0 0.185086 0.601236 0.251596 0.022814
0 0.416527 0.601236 0.211287 0.022814
0 0.635203 0.601236 0.225395 0.022814
0 0.849849 0.601236 0.203225 0.022814
0 0.185086 0.661359 0.251596 0.022814
0 0.416527 0.661359 0.211287 0.022814
0 0.635203 0.661359 0.225395 0.022814
0 0.849849 0.661359 0.203225 0.022814
0 0.165267 0.734078 0.211958 0.022814
0 0.353040 0.734078 0.162580 0.022814
0 0.520322 0.734078 0.171985 0.022814
0 0.693315 0.734078 0.174337 0.022814
0 0.866308 0.734078 0.170642 0.022814
0 0.165267 0.820580 0.211958 0.022814
0 0.353040 0.820580 0.162580 0.022814
0 0.520322 0.820580 0.171985 0.022814
0 0.693315 0.820580 0.174337 0.022814
0 0.866308 0.820580 0.170642 0.022814
0 0.165267 0.880703 0.211958 0.022814
0 0.353040 0.880703 0.162580 0.022814
0 0.520322 0.880703 0.171985 0.022814
0 0.693315 0.880703 0.174337 0.022814
0 0.866308 0.880703 0.170642 0.022814
