0 0.222036 0.077709 0.319113 0.019487
0 0.481021 0.077709 0.199194 0.019487
0 0.682902 0.077709 0.203561 0.019487
0 0.867988 0.077709 0.166947 0.019487
0 0.222036 0.131654 0.319113 0.019487
0 0.481021 0.131654 0.199194 0.019487
0 0.682902 0.131654 0.203561 0.019487
0 0.867988 0.131654 0.166947 0.019487
0 0.222036 0.202234 0.319113 0.019487
0 0.481021 0.202234 0.199194 0.019487
0 0.682902 0.202234 0.203561 0.019487
0 0.867988 0.202234 0.166947 0.019487
0 0.187773 0.295865 0.250924 0.019724
0 0.428284 0.295865 0.230097 0.019724
0 0.641250 0.295865 0.194827 0.019724
0 0.845146 0.295865 0.212630 0.019724
0 0.187773 0.357890 0.250924 0.019724
0 0.428284 0.357890 0.230097 0.019724
0 0.641250 0.357890 0.194827 0.019724
0 0.845146 0.357890 0.212630 0.019724
0 0.187773 0.409696 0.250924 0.019724
0 0.428284 0.409696 0.230097 0.019724
0 0.641250 0.409696 0.194827 0.019724
0 0.845146 0.409696 0.212630 0.019724
0 0.176688 0.503565 0.228418 0.019487
0 0.373194 0.503565 0.164931 0.019487
0 0.517635 0.503565 0.123278 0.019487
0 0.643601 0.503565 0.128653 0.019487
0 0.760497 0.503565 0.104132 0.019487
0 0.881760 0.503565 0.138730 0.019487
0 0.176688 0.557510 0.228418 0.019487
0 0.373194 0.557510 0.164931 0.019487
0 0.517635 0.557510 0.123278 0.019487
0 0.643601 0.557510 0.128653 0.019487
0 0.760497 0.557510 0.104132 0.019487
0 0.881760 0.557510 0.138730 0.019487
0 0.176688 0.622861 0.228418 0.019724
0 0.373194 0.622861 0.164931 0.019724
0 0.517635 0.622861 0.123278 0.019724
0 0.643601 0.622861 0.128653 0.019724
0 0.760497 0.622861 0.104132 0.019724
0 0.881760 0.622861 0.138730 0.019724
0 0.182062 0.716730 0.239167 0.019487
0 0.389318 0.716730 0.175008 0.019487
0 0.548203 0.716730 0.142089 0.019487
0 0.672153 0.716730 0.105475 0.019487
0 0.779980 0.716730 0.110178 0.019487
0 0.890158 0.716730 0.110178 0.019487
0 0.182062 0.768536 0.239167 0.019724
0 0.389318 0.768536 0.175008 0.019724
0 0.548203 0.768536 0.142089 0.019724
0 0.672153 0.768536 0.105475 0.019724
0 0.779980 0.768536 0.110178 0.019724
0 0.890158 0.768536 0.110178 0.019724
0 0.182062 0.840304 0.239167 0.019724
0 0.389318 0.840304 0.175008 0.019724
0 0.548203 0.840304 0.142089 0.019724
0 0.672153 0.840304 0.105475 0.019724
0 0.779980 0.840304 0.110178 0.019724
0 0.890158 0.840304 0.110178 0.019724
