0 0.136379 0.074144 0.159557 0.018061
0 0.278132 0.074144 0.122943 0.018061
0 0.401747 0.074144 0.124286 0.018061
0 0.525025 0.074144 0.122607 0.018061
0 0.642257 0.074144 0.111522 0.018061
0 0.758482 0.074144 0.121263 0.018061
0 0.885455 0.074144 0.132012 0.018061
0 0.136379 0.136882 0.159557 0.018061
0 0.278132 0.136882 0.122943 0.018061
0 0.401747 0.136882 0.124286 0.018061
0 0.525025 0.136882 0.122607 0.018061
0 0.642257 0.136882 0.111522 0.018061
0 0.758482 0.136882 0.121263 0.018061
0 0.885455 0.136882 0.132012 0.018061
0 0.136379 0.194392 0.159557 0.018061
0 0.278132 0.194392 0.122943 0.018061
0 0.401747 0.194392 0.124286 0.018061
0 0.525025 0.194392 0.122607 0.018061
0 0.642257 0.194392 0.111522 0.018061
0 0.758482 0.194392 0.121263 0.018061
0 0.885455 0.194392 0.132012 0.018061
0 0.153846 0.291825 0.194491 0.018061
0 0.308364 0.291825 0.113873 0.018061
0 0.441384 0.291825 0.151831 0.018061
0 0.583137 0.291825 0.131676 0.018061
0 0.733960 0.291825 0.169634 0.018061
0 0.885455 0.291825 0.132348 0.018061
0 0.153846 0.366920 0.194491 0.018061
0 0.308364 0.366920 0.113873 0.018061
0 0.441384 0.366920 0.151831 0.018061
0 0.583137 0.366920 0.131676 0.018061
0 0.733960 0.366920 0.169634 0.018061
0 0.885455 0.366920 0.132348 0.018061
0 0.153846 0.430133 0.194491 0.018061
0 0.308364 0.430133 0.113873 0.018061
0 0.441384 0.430133 0.151831 0.018061
0 0.583137 0.430133 0.131676 0.018061
0 0.733960 0.430133 0.169634 0.018061
0 0.885455 0.430133 0.132348 0.018061
0 0.154182 0.527567 0.194827 0.018061
0 0.330870 0.527567 0.158549 0.018061
0 0.498153 0.527567 0.175344 0.018061
0 0.652670 0.527567 0.133356 0.018061
0 0.780652 0.527567 0.121935 0.018061
0 0.896540 0.527567 0.109842 0.018061
0 0.154182 0.606226 0.194827 0.018061
0 0.330870 0.606226 0.158549 0.018061
0 0.498153 0.606226 0.175344 0.018061
0 0.652670 0.606226 0.133356 0.018061
0 0.780652 0.606226 0.121935 0.018061
0 0.896540 0.606226 0.109842 0.018061
0 0.154182 0.660409 0.194827 0.018061
0 0.330870 0.660409 0.158549 0.018061
0 0.498153 0.660409 0.175344 0.018061
0 0.652670 0.660409 0.133356 0.018061
0 0.780652 0.660409 0.121935 0.018061
0 0.896540 0.660409 0.109842 0.018061
0 0.129661 0.757605 0.146120 0.018061
0 0.257306 0.757605 0.108163 0.018061
0 0.410480 0.757605 0.191132 0.018061
0 0.584145 0.757605 0.148472 0.018061
0 0.712462 0.757605 0.108163 0.018061
0 0.820961 0.757605 0.108834 0.018061
0 0.910648 0.757605 0.070205 0.018061
0 0.129661 0.826283 0.146120 0.018061
0 0.257306 0.826283 0.108163 0.018061
0 0.410480 0.826283 0.191132 0.018061
0 0.584145 0.826283 0.148472 0.018061
0 0.712462 0.826283 0.108163 0.018061
0 0.820961 0.826283 0.108834 0.018061
0 0.910648 0.826283 0.070205 0.018061
0 0.129661 0.895913 0.146120 0.018061
0 0.257306 0.895913 0.108163 0.018061
0 0.410480 0.895913 0.191132 0.018061
0 0.584145 0.895913 0.148472 0.018061
0 0.712462 0.895913 0.108163 0.018061
0 0.820961 0.895913 0.108834 0.018061
0 0.910648 0.895913 0.070205 0.018061
