0 0.188445 0.072481 0.263352 0.017348
0 0.423581 0.072481 0.206920 0.017348
0 0.638562 0.072481 0.222372 0.017348
0 0.850521 0.072481 0.201881 0.017348
0 0.188445 0.132605 0.263352 0.017348
0 0.423581 0.132605 0.206920 0.017348
0 0.638562 0.132605 0.222372 0.017348
0 0.850521 0.132605 0.201881 0.017348
0 0.188445 0.180133 0.263352 0.017348
0 0.423581 0.180133 0.206920 0.017348
0 0.638562 0.180133 0.222372 0.017348
0 0.850521 0.180133 0.201881 0.017348
0 0.187773 0.244772 0.262009 0.017348
0 0.413168 0.244772 0.189117 0.017348
0 0.619751 0.244772 0.223715 0.017348
0 0.841787 0.244772 0.219684 0.017348
0 0.187773 0.306321 0.262009 0.017348
0 0.413168 0.306321 0.189117 0.017348
0 0.619751 0.306321 0.223715 0.017348
0 0.841787 0.306321 0.219684 0.017348
0 0.187773 0.353850 0.262009 0.017348
0 0.413168 0.353850 0.189117 0.017348
0 0.619751 0.353850 0.223715 0.017348
0 0.841787 0.353850 0.219684 0.017348
0 0.194827 0.418489 0.276117 0.017348
0 0.425260 0.418489 0.184750 0.017348
0 0.627141 0.418489 0.218677 0.017348
0 0.843802 0.418489 0.214646 0.017348
0 0.194827 0.480513 0.276117 0.017348
0 0.425260 0.480513 0.184750 0.017348
0 0.627141 0.480513 0.218677 0.017348
0 0.843802 0.480513 0.214646 0.017348
0 0.194827 0.528042 0.276117 0.017348
0 0.425260 0.528042 0.184750 0.017348
0 0.627141 0.528042 0.218677 0.017348
0 0.843802 0.528042 0.214646 0.017348
0 0.196842 0.592918 0.280148 0.017348
0 0.436345 0.592918 0.198858 0.017348
0 0.635875 0.592918 0.199866 0.017348
0 0.845482 0.592918 0.211958 0.017348
0 0.196842 0.654705 0.280148 0.017348
0 0.436345 0.654705 0.198858 0.017348
0 0.635875 0.654705 0.199866 0.017348
0 0.845482 0.654705 0.211958 0.017348
0 0.196842 0.724572 0.280148 0.017348
0 0.436345 0.724572 0.198858 0.017348
0 0.635875 0.724572 0.199866 0.017348
0 0.845482 0.724572 0.211958 0.017348
0 0.236816 0.789211 0.360430 0.017348
0 0.557944 0.789211 0.281491 0.017348
0 0.825328 0.789211 0.252603 0.017348
0 0.236816 0.845295 0.360430 0.017348
0 0.557944 0.845295 0.281491 0.017348
0 0.825328 0.845295 0.252603 0.017348
0 0.236816 0.892823 0.360430 0.017348
0 0.557944 0.892823 0.281491 0.017348
0 0.825328 0.892823 0.252603 0.017348
