0 0.172657 0.080798 0.218677 0.020913
0 0.394357 0.080798 0.223715 0.020913
0 0.627141 0.080798 0.241182 0.020913
0 0.849513 0.080798 0.203897 0.020913
0 0.172657 0.138308 0.218677 0.020913
0 0.394357 0.138308 0.223715 0.020913
0 0.627141 0.138308 0.241182 0.020913
0 0.849513 0.138308 0.203897 0.020913
0 0.172657 0.209601 0.218677 0.020913
0 0.394357 0.209601 0.223715 0.020913
0 0.627141 0.209601 0.241182 0.020913
0 0.849513 0.209601 0.203897 0.020913
0 0.218341 0.302044 0.310044 0.020913
0 0.465569 0.302044 0.184078 0.020913
0 0.635539 0.302044 0.155526 0.020913
0 0.832718 0.302044 0.237823 0.020913
0 0.218341 0.362167 0.310044 0.020913
0 0.465569 0.362167 0.184078 0.020913
0 0.635539 0.362167 0.155526 0.020913
0 0.832718 0.362167 0.237823 0.020913
0 0.218341 0.434411 0.310044 0.020913
0 0.465569 0.434411 0.184078 0.020913
0 0.635539 0.434411 0.155526 0.020913
0 0.832718 0.434411 0.237823 0.020913
0 0.180383 0.526854 0.233792 0.020913
0 0.400067 0.526854 0.204904 0.020913
0 0.615721 0.526854 0.226402 0.020913
0 0.840443 0.526854 0.222372 0.020913
0 0.180383 0.587452 0.233792 0.020913
0 0.400067 0.587452 0.204904 0.020913
0 0.615721 0.587452 0.226402 0.020913
0 0.840443 0.587452 0.222372 0.020913
0 0.180383 0.652567 0.233792 0.020913
0 0.400067 0.652567 0.204904 0.020913
0 0.615721 0.652567 0.226402 0.020913
0 0.840443 0.652567 0.222372 0.020913
0 0.181391 0.745010 0.236144 0.020913
0 0.430299 0.745010 0.260665 0.020913
0 0.652670 0.745010 0.183742 0.020913
0 0.847833 0.745010 0.206584 0.020913
0 0.181391 0.818441 0.236144 0.020913
0 0.430299 0.818441 0.260665 0.020913
0 0.652670 0.818441 0.183742 0.020913
0 0.847833 0.818441 0.206584 0.020913
0 0.181391 0.884981 0.236144 0.020913
0 0.430299 0.884981 0.260665 0.020913
0 0.652670 0.884981 0.183742 0.020913
0 0.847833 0.884981 0.206584 0.020913
