0 0.271414 0.201759 0.320121 0.020437
0 0.556937 0.201759 0.250588 0.020437
0 0.816930 0.201759 0.269063 0.020437
0 0.271414 0.268298 0.320121 0.020437
0 0.556937 0.268298 0.250588 0.020437
0 0.816930 0.268298 0.269063 0.020437
0 0.271414 0.339116 0.320121 0.020437
0 0.556937 0.339116 0.250588 0.020437
0 0.816930 0.339116 0.269063 0.020437
0 0.237151 0.441540 0.348001 0.020437
0 0.531743 0.441540 0.241518 0.020437
0 0.802150 0.441540 0.298623 0.020437
0 0.237151 0.521150 0.348001 0.020437
0 0.531743 0.521150 0.241518 0.020437
0 0.802150 0.521150 0.298623 0.020437
0 0.237151 0.591730 0.348001 0.020437
0 0.531743 0.591730 0.241518 0.020437
0 0.802150 0.591730 0.298623 0.020437
0 0.215317 0.688926 0.304669 0.020437
0 0.539805 0.688926 0.343635 0.020437
0 0.831710 0.688926 0.239839 0.020437
0 0.215317 0.785171 0.304669 0.020437
0 0.539805 0.785171 0.343635 0.020437
0 0.831710 0.785171 0.239839 0.020437
0 0.215317 0.859553 0.304669 0.020437
0 0.539805 0.859553 0.343635 0.020437
0 0.831710 0.859553 0.239839 0.020437
