0 0.166275 0.166112 0.106819 0.020913
0 0.301646 0.166112 0.154182 0.020913
0 0.427948 0.166112 0.097749 0.020913
0 0.551562 0.166112 0.149143 0.020913
0 0.675512 0.166112 0.098085 0.020913
0 0.789721 0.166112 0.130668 0.020913
0 0.903594 0.166112 0.096070 0.020913
0 0.166275 0.237880 0.106819 0.020913
0 0.301646 0.237880 0.154182 0.020913
0 0.427948 0.237880 0.097749 0.020913
0 0.551562 0.237880 0.149143 0.020913
0 0.675512 0.237880 0.098085 0.020913
0 0.789721 0.237880 0.130668 0.020913
0 0.903594 0.237880 0.096070 0.020913
0 0.166275 0.306321 0.106819 0.020913
0 0.301646 0.306321 0.154182 0.020913
0 0.427948 0.306321 0.097749 0.020913
0 0.551562 0.306321 0.149143 0.020913
0 0.675512 0.306321 0.098085 0.020913
0 0.789721 0.306321 0.130668 0.020913
0 0.903594 0.306321 0.096070 0.020913
0 0.254619 0.382367 0.382264 0.020913
0 0.632180 0.382367 0.373194 0.020913
0 0.884783 0.382367 0.121599 0.020913
0 0.254619 0.443441 0.382264 0.020913
0 0.632180 0.443441 0.373194 0.020913
0 0.884783 0.443441 0.121599 0.020913
0 0.254619 0.511882 0.382264 0.020913
0 0.632180 0.511882 0.373194 0.020913
0 0.884783 0.511882 0.121599 0.020913
