0 0.198858 0.077709 0.273094 0.019487
0 0.439368 0.077709 0.207927 0.019487
0 0.651663 0.077709 0.215653 0.019487
0 0.855559 0.077709 0.192140 0.019487
0 0.198858 0.148289 0.273094 0.019487
0 0.439368 0.148289 0.207927 0.019487
0 0.651663 0.148289 0.215653 0.019487
0 0.855559 0.148289 0.192140 0.019487
0 0.198858 0.200095 0.273094 0.019487
0 0.439368 0.200095 0.207927 0.019487
0 0.651663 0.200095 0.215653 0.019487
0 0.855559 0.200095 0.192140 0.019487
0 0.198522 0.293726 0.272086 0.019724
0 0.442728 0.293726 0.215653 0.019724
0 0.656030 0.293726 0.210951 0.019724
0 0.856567 0.293726 0.189788 0.019724
0 0.198522 0.350048 0.272086 0.019724
0 0.442728 0.350048 0.215653 0.019724
0 0.656030 0.350048 0.210951 0.019724
0 0.856567 0.350048 0.189788 0.019724
0 0.198522 0.401854 0.272086 0.019724
0 0.442728 0.401854 0.215653 0.019724
0 0.656030 0.401854 0.210951 0.019724
0 0.856567 0.401854 0.189788 0.019724
0 0.200537 0.495485 0.276453 0.019724
0 0.451461 0.495485 0.224387 0.019724
0 0.655694 0.495485 0.183742 0.019724
0 0.849513 0.495485 0.203897 0.019724
0 0.200537 0.552044 0.276453 0.019724
0 0.451461 0.552044 0.224387 0.019724
0 0.655694 0.552044 0.183742 0.019724
0 0.849513 0.552044 0.203897 0.019724
0 0.200537 0.604325 0.276453 0.019724
0 0.451461 0.604325 0.224387 0.019724
0 0.655694 0.604325 0.183742 0.019724
0 0.849513 0.604325 0.203897 0.019724
0 0.203897 0.697956 0.283171 0.019724
0 0.431307 0.697956 0.170642 0.019724
0 0.637555 0.697956 0.241518 0.019724
0 0.854887 0.697956 0.193147 0.019724
0 0.203897 0.752852 0.283171 0.019724
0 0.431307 0.752852 0.170642 0.019724
0 0.637555 0.752852 0.241518 0.019724
0 0.854887 0.752852 0.193147 0.019724
0 0.203897 0.822719 0.283171 0.019487
0 0.431307 0.822719 0.170642 0.019487
0 0.637555 0.822719 0.241518 0.019487
0 0.854887 0.822719 0.193147 0.019487
