0 0.189452 0.077234 0.254283 0.019487
0 0.410480 0.077234 0.187437 0.019487
0 0.582466 0.077234 0.156198 0.019487
0 0.730937 0.077234 0.139738 0.019487
0 0.876386 0.077234 0.150487 0.019487
0 0.189452 0.154230 0.254283 0.019487
0 0.410480 0.154230 0.187437 0.019487
0 0.582466 0.154230 0.156198 0.019487
0 0.730937 0.154230 0.139738 0.019487
0 0.876386 0.154230 0.150487 0.019487
0 0.189452 0.215067 0.254283 0.019487
0 0.410480 0.215067 0.187437 0.019487
0 0.582466 0.215067 0.156198 0.019487
0 0.730937 0.215067 0.139738 0.019487
0 0.876386 0.215067 0.150487 0.019487
0 0.203561 0.285646 0.282499 0.019487
0 0.435338 0.285646 0.180383 0.019487
0 0.622103 0.285646 0.192812 0.019487
0 0.834733 0.285646 0.232785 0.019487
0 0.203561 0.373099 0.282499 0.019487
0 0.435338 0.373099 0.180383 0.019487
0 0.622103 0.373099 0.192812 0.019487
0 0.834733 0.373099 0.232785 0.019487
0 0.203561 0.437025 0.282499 0.019487
0 0.435338 0.437025 0.180383 0.019487
0 0.622103 0.437025 0.192812 0.019487
0 0.834733 0.437025 0.232785 0.019487
0 0.233792 0.519962 0.342963 0.019487
0 0.506550 0.519962 0.201881 0.019487
0 0.695331 0.519962 0.175680 0.019487
0 0.867652 0.519962 0.167954 0.019487
0 0.233792 0.605038 0.342963 0.019487
0 0.506550 0.605038 0.201881 0.019487
0 0.695331 0.605038 0.175680 0.019487
0 0.867652 0.605038 0.167954 0.019487
0 0.233792 0.681084 0.342963 0.019487
0 0.506550 0.681084 0.201881 0.019487
0 0.695331 0.681084 0.175680 0.019487
0 0.867652 0.681084 0.167954 0.019487
0 0.182062 0.751426 0.239503 0.019487
0 0.363453 0.751426 0.123278 0.019487
0 0.511253 0.751426 0.171649 0.019487
0 0.670138 0.751426 0.146120 0.019487
0 0.796775 0.751426 0.106147 0.019487
0 0.897884 0.751426 0.095734 0.019487
0 0.182062 0.818916 0.239503 0.019487
0 0.363453 0.818916 0.123278 0.019487
0 0.511253 0.818916 0.171649 0.019487
0 0.670138 0.818916 0.146120 0.019487
0 0.796775 0.818916 0.106147 0.019487
0 0.897884 0.818916 0.095734 0.019487
0 0.182062 0.877614 0.239503 0.019487
0 0.363453 0.877614 0.123278 0.019487
0 0.511253 0.877614 0.171649 0.019487
0 0.670138 0.877614 0.146120 0.019487
0 0.796775 0.877614 0.106147 0.019487
0 0.897884 0.877614 0.095734 0.019487
