0 0.336245 0.078660 0.472959 0.020200
0 0.762177 0.078660 0.378569 0.020200
0 0.336245 0.148051 0.472959 0.020200
0 0.762177 0.148051 0.378569 0.020200
0 0.336245 0.216255 0.472959 0.020200
0 0.762177 0.216255 0.378569 0.020200
0 0.319449 0.307510 0.439704 0.020200
0 0.737655 0.307510 0.395700 0.020200
0 0.319449 0.389259 0.439704 0.020200
0 0.737655 0.389259 0.395700 0.020200
0 0.319449 0.485741 0.439704 0.020200
0 0.737655 0.485741 0.395700 0.020200
0 0.366140 0.552757 0.532751 0.020200
0 0.792073 0.552757 0.318777 0.020200
0 0.366140 0.620960 0.532751 0.020200
0 0.792073 0.620960 0.318777 0.020200
0 0.366140 0.681559 0.532751 0.020200
0 0.792073 0.681559 0.318777 0.020200
0 0.303661 0.748574 0.407793 0.020200
0 0.729594 0.748574 0.443735 0.020200
0 0.303661 0.826283 0.407793 0.020200
0 0.729594 0.826283 0.443735 0.020200
0 0.303661 0.886882 0.407793 0.020200
0 0.729594 0.886882 0.443735 0.020200
