0 0.225395 0.162785 0.138394 0.018061
0 0.329526 0.162785 0.070205 0.018061
0 0.410144 0.162785 0.090024 0.018061
0 0.501176 0.162785 0.091367 0.018061
0 0.596574 0.162785 0.098757 0.018061
0 0.691636 0.162785 0.091703 0.018061
0 0.793080 0.162785 0.110178 0.018061
0 0.899899 0.162785 0.103460 0.018061
0 0.225395 0.210551 0.138394 0.018061
0 0.329526 0.210551 0.070205 0.018061
0 0.410144 0.210551 0.090024 0.018061
0 0.501176 0.210551 0.091367 0.018061
0 0.596574 0.210551 0.098757 0.018061
0 0.691636 0.210551 0.091703 0.018061
0 0.793080 0.210551 0.110178 0.018061
0 0.899899 0.210551 0.103460 0.018061
0 0.225395 0.271388 0.138394 0.018061
0 0.329526 0.271388 0.070205 0.018061
0 0.410144 0.271388 0.090024 0.018061
0 0.501176 0.271388 0.091367 0.018061
0 0.596574 0.271388 0.098757 0.018061
0 0.691636 0.271388 0.091703 0.018061
0 0.793080 0.271388 0.110178 0.018061
0 0.899899 0.271388 0.103460 0.018061
0 0.136715 0.330561 0.159893 0.018061
0 0.311387 0.330561 0.188781 0.018061
0 0.490427 0.330561 0.168962 0.018061
0 0.671481 0.330561 0.192812 0.018061
0 0.859926 0.330561 0.183406 0.018061
0 0.136715 0.408983 0.159893 0.018061
0 0.311387 0.408983 0.188781 0.018061
0 0.490427 0.408983 0.168962 0.018061
0 0.671481 0.408983 0.192812 0.018061
0 0.859926 0.408983 0.183406 0.018061
0 0.136715 0.476473 0.159893 0.018061
0 0.311387 0.476473 0.188781 0.018061
0 0.490427 0.476473 0.168962 0.018061
0 0.671481 0.476473 0.192812 0.018061
0 0.859926 0.476473 0.183406 0.018061
0 0.158885 0.535646 0.204232 0.018061
0 0.330198 0.535646 0.137723 0.018061
0 0.496473 0.535646 0.194827 0.018061
0 0.675848 0.535646 0.164259 0.018061
0 0.854887 0.535646 0.193147 0.018061
0 0.158885 0.619059 0.204232 0.018061
0 0.330198 0.619059 0.137723 0.018061
0 0.496473 0.619059 0.194827 0.018061
0 0.675848 0.619059 0.164259 0.018061
0 0.854887 0.619059 0.193147 0.018061
0 0.158885 0.683460 0.204232 0.018061
0 0.330198 0.683460 0.137723 0.018061
0 0.496473 0.683460 0.194827 0.018061
0 0.675848 0.683460 0.164259 0.018061
0 0.854887 0.683460 0.193147 0.018061
0 0.144105 0.742633 0.174672 0.018061
0 0.331542 0.742633 0.200537 0.018061
0 0.524353 0.742633 0.184078 0.018061
0 0.701377 0.742633 0.169970 0.018061
0 0.868996 0.742633 0.164931 0.018061
0 0.144105 0.828184 0.174672 0.018061
0 0.331542 0.828184 0.200537 0.018061
0 0.524353 0.828184 0.184078 0.018061
0 0.701377 0.828184 0.169970 0.018061
0 0.868996 0.828184 0.164931 0.018061
0 0.144105 0.895913 0.174672 0.018061
0 0.331542 0.895913 0.200537 0.018061
0 0.524353 0.895913 0.184078 0.018061
0 0.701377 0.895913 0.169970 0.018061
0 0.868996 0.895913 0.164931 0.018061
