0 0.279140 0.204135 0.258650 0.023764
0 0.547531 0.204135 0.277461 0.023764
0 0.818609 0.204135 0.265032 0.023764
0 0.279140 0.304658 0.258650 0.023764
0 0.547531 0.304658 0.277461 0.023764
0 0.818609 0.304658 0.265032 0.023764
0 0.279140 0.397101 0.258650 0.023764
0 0.547531 0.397101 0.277461 0.023764
0 0.818609 0.397101 0.265032 0.023764
0 0.196842 0.480038 0.262009 0.023527
0 0.428955 0.480038 0.202553 0.023527
0 0.631172 0.480038 0.201545 0.023527
0 0.841451 0.480038 0.219348 0.023527
0 0.196842 0.578660 0.262009 0.023764
0 0.428955 0.578660 0.202553 0.023764
0 0.631172 0.578660 0.201545 0.023764
0 0.841451 0.578660 0.219348 0.023764
0 0.196842 0.640922 0.262009 0.023764
0 0.428955 0.640922 0.202553 0.023764
0 0.631172 0.640922 0.201545 0.023764
0 0.841451 0.640922 0.219348 0.023764
0 0.241518 0.724335 0.351696 0.023764
0 0.547531 0.724335 0.260329 0.023764
0 0.814578 0.724335 0.273094 0.023764
0 0.241518 0.816540 0.351696 0.023764
0 0.547531 0.816540 0.260329 0.023764
0 0.814578 0.816540 0.273094 0.023764
0 0.241518 0.878802 0.351696 0.023764
0 0.547531 0.878802 0.260329 0.023764
0 0.814578 0.878802 0.273094 0.023764
