0 0.235887 0.088857 0.311492 0.017106
0 0.523185 0.088857 0.262769 0.017106
0 0.791331 0.088857 0.273185 0.017106
0 0.235887 0.146828 0.311492 0.017106
0 0.523185 0.146828 0.262769 0.017106
0 0.791331 0.146828 0.273185 0.017106
0 0.235887 0.206938 0.311492 0.017106
0 0.523185 0.206938 0.262769 0.017106
0 0.791331 0.206938 0.273185 0.017106
0 0.245632 0.316940 0.330645 0.017106
0 0.531922 0.316940 0.241935 0.017106
0 0.790323 0.316940 0.274866 0.017106
0 0.245632 0.375386 0.330645 0.017106
0 0.531922 0.375386 0.241935 0.017106
0 0.790323 0.375386 0.274866 0.017106
0 0.245632 0.429318 0.330645 0.017106
0 0.531922 0.429318 0.241935 0.017106
0 0.790323 0.429318 0.274866 0.017106
0 0.239247 0.539083 0.318212 0.017106
0 0.529906 0.539083 0.263105 0.017106
0 0.794691 0.539083 0.265793 0.017106
0 0.239247 0.597292 0.318212 0.017106
0 0.529906 0.597292 0.263105 0.017106
0 0.794691 0.597292 0.265793 0.017106
0 0.239247 0.653599 0.318212 0.017106
0 0.529906 0.653599 0.263105 0.017106
0 0.794691 0.653599 0.265793 0.017106
0 0.240255 0.763364 0.320228 0.017106
0 0.520497 0.763364 0.240255 0.017106
0 0.743952 0.763364 0.206653 0.017106
0 0.884745 0.763364 0.074933 0.017106
0 0.240255 0.821335 0.320228 0.017106
0 0.520497 0.821335 0.240255 0.017106
0 0.743952 0.821335 0.206653 0.017106
0 0.884745 0.821335 0.074933 0.017106
0 0.240255 0.881682 0.320228 0.017106
0 0.520497 0.881682 0.240255 0.017106
0 0.743952 0.881682 0.206653 0.017106
0 0.884745 0.881682 0.074933 0.017106
