0 0.198858 0.083650 0.269063 0.022338
0 0.438025 0.083650 0.208263 0.022338
0 0.648975 0.083650 0.212966 0.022338
0 0.853208 0.083650 0.195835 0.022338
0 0.198858 0.186312 0.269063 0.022338
0 0.438025 0.186312 0.208263 0.022338
0 0.648975 0.186312 0.212966 0.022338
0 0.853208 0.186312 0.195835 0.022338
0 0.198858 0.253327 0.269063 0.022338
0 0.438025 0.253327 0.208263 0.022338
0 0.648975 0.253327 0.212966 0.022338
0 0.853208 0.253327 0.195835 0.022338
0 0.200537 0.354087 0.272086 0.022338
0 0.441720 0.354087 0.209607 0.022338
0 0.649983 0.354087 0.206584 0.022338
0 0.852536 0.354087 0.197850 0.022338
0 0.200537 0.454373 0.272086 0.022338
0 0.441720 0.454373 0.209607 0.022338
0 0.649983 0.454373 0.206584 0.022338
0 0.852536 0.454373 0.197850 0.022338
0 0.200537 0.524240 0.272086 0.022338
0 0.441720 0.524240 0.209607 0.022338
0 0.649983 0.524240 0.206584 0.022338
0 0.852536 0.524240 0.197850 0.022338
0 0.203897 0.624762 0.279140 0.022338
0 0.458179 0.624762 0.228418 0.022338
0 0.668122 0.624762 0.190796 0.022338
0 0.857575 0.624762 0.188109 0.022338
0 0.203897 0.771625 0.279140 0.022338
0 0.458179 0.771625 0.228418 0.022338
0 0.668122 0.771625 0.190796 0.022338
0 0.857575 0.771625 0.188109 0.022338
0 0.203897 0.838641 0.279140 0.022338
0 0.458179 0.838641 0.228418 0.022338
0 0.668122 0.838641 0.190796 0.022338
0 0.857575 0.838641 0.188109 0.022338
