0 0.193819 0.080798 0.260665 0.020913
0 0.394021 0.080798 0.140074 0.020913
0 0.522002 0.080798 0.114881 0.020913
0 0.650319 0.080798 0.142089 0.020913
0 0.778636 0.080798 0.113537 0.020913
0 0.890494 0.080798 0.110178 0.020913
0 0.193819 0.163973 0.260665 0.020913
0 0.394021 0.163973 0.140074 0.020913
0 0.522002 0.163973 0.114881 0.020913
0 0.650319 0.163973 0.142089 0.020913
0 0.778636 0.163973 0.113537 0.020913
0 0.890494 0.163973 0.110178 0.020913
0 0.193819 0.244059 0.260665 0.020913
0 0.394021 0.244059 0.140074 0.020913
0 0.522002 0.244059 0.114881 0.020913
0 0.650319 0.244059 0.142089 0.020913
0 0.778636 0.244059 0.113537 0.020913
0 0.890494 0.244059 0.110178 0.020913
