0 0.309036 0.150428 0.298287 0.020913
0 0.580786 0.150428 0.244541 0.020913
0 0.827007 0.150428 0.248236 0.020913
0 0.309036 0.205798 0.298287 0.020913
0 0.580786 0.205798 0.244541 0.020913
0 0.827007 0.205798 0.248236 0.020913
0 0.309036 0.286359 0.298287 0.020913
0 0.580786 0.286359 0.244541 0.020913
0 0.827007 0.286359 0.248236 0.020913
0 0.188781 0.355513 0.250588 0.020913
0 0.432650 0.355513 0.237487 0.020913
0 0.643601 0.355513 0.183742 0.020913
0 0.843467 0.355513 0.215989 0.020913
0 0.188781 0.424430 0.250588 0.020913
0 0.432650 0.424430 0.237487 0.020913
0 0.643601 0.424430 0.183742 0.020913
0 0.843467 0.424430 0.215989 0.020913
0 0.188781 0.481939 0.250588 0.020913
0 0.432650 0.481939 0.237487 0.020913
0 0.643601 0.481939 0.183742 0.020913
0 0.843467 0.481939 0.215989 0.020913
0 0.197178 0.551093 0.267383 0.020913
0 0.429963 0.551093 0.197850 0.020913
0 0.639234 0.551093 0.220692 0.020913
0 0.850521 0.551093 0.201545 0.020913
0 0.197178 0.624287 0.267383 0.020913
0 0.429963 0.624287 0.197850 0.020913
0 0.639234 0.624287 0.220692 0.020913
0 0.850521 0.624287 0.201545 0.020913
0 0.197178 0.679420 0.267383 0.020913
0 0.429963 0.679420 0.197850 0.020913
0 0.639234 0.679420 0.220692 0.020913
0 0.850521 0.679420 0.201545 0.020913
0 0.196842 0.748574 0.267047 0.020913
0 0.433658 0.748574 0.206584 0.020913
0 0.646288 0.748574 0.217669 0.020913
0 0.853544 0.748574 0.196171 0.020913
0 0.196842 0.829610 0.267047 0.020913
0 0.433658 0.829610 0.206584 0.020913
0 0.646288 0.829610 0.217669 0.020913
0 0.853544 0.829610 0.196171 0.020913
0 0.196842 0.884981 0.267047 0.020913
0 0.433658 0.884981 0.206584 0.020913
0 0.646288 0.884981 0.217669 0.020913
0 0.853544 0.884981 0.196171 0.020913
