0 0.228418 0.111930 0.335573 0.017348
0 0.533087 0.111930 0.273766 0.017348
0 0.810883 0.111930 0.281491 0.017348
0 0.228418 0.181321 0.335573 0.017348
0 0.533087 0.181321 0.273766 0.017348
0 0.810883 0.181321 0.281491 0.017348
0 0.228418 0.247148 0.335573 0.017348
0 0.533087 0.247148 0.273766 0.017348
0 0.810883 0.247148 0.281491 0.017348
0 0.236144 0.330323 0.351025 0.017348
0 0.532415 0.330323 0.241518 0.017348
0 0.802486 0.330323 0.297951 0.017348
0 0.236144 0.395913 0.351025 0.017348
0 0.532415 0.395913 0.241518 0.017348
0 0.802486 0.395913 0.297951 0.017348
0 0.236144 0.461740 0.351025 0.017348
0 0.532415 0.461740 0.241518 0.017348
0 0.802486 0.461740 0.297951 0.017348
0 0.239167 0.544914 0.357071 0.017348
0 0.566006 0.544914 0.296271 0.017348
0 0.833053 0.544914 0.237151 0.017348
0 0.239167 0.610504 0.357071 0.017348
0 0.566006 0.610504 0.296271 0.017348
0 0.833053 0.610504 0.237151 0.017348
0 0.239167 0.676093 0.357071 0.017348
0 0.566006 0.676093 0.296271 0.017348
0 0.833053 0.676093 0.237151 0.017348
0 0.200873 0.759268 0.280148 0.017348
0 0.452469 0.759268 0.223379 0.017348
0 0.654014 0.759268 0.179375 0.017348
0 0.847833 0.759268 0.207592 0.017348
0 0.200873 0.825095 0.280148 0.017348
0 0.452469 0.825095 0.223379 0.017348
0 0.654014 0.825095 0.179375 0.017348
0 0.847833 0.825095 0.207592 0.017348
0 0.200873 0.890684 0.280148 0.017348
0 0.452469 0.890684 0.223379 0.017348
0 0.654014 0.890684 0.179375 0.017348
0 0.847833 0.890684 0.207592 0.017348
