0 0.270742 0.141635 0.270742 0.020913
0 0.497817 0.141635 0.183742 0.020913
0 0.671145 0.141635 0.162580 0.020913
0 0.852200 0.141635 0.198858 0.020913
0 0.270742 0.197006 0.270742 0.020913
0 0.497817 0.197006 0.183742 0.020913
0 0.671145 0.197006 0.162580 0.020913
0 0.852200 0.197006 0.198858 0.020913
0 0.270742 0.259981 0.270742 0.020913
0 0.497817 0.259981 0.183742 0.020913
0 0.671145 0.259981 0.162580 0.020913
0 0.852200 0.259981 0.198858 0.020913
0 0.180383 0.332224 0.233792 0.020913
0 0.409809 0.332224 0.224723 0.020913
0 0.623111 0.332224 0.201545 0.020913
0 0.837756 0.332224 0.227410 0.020913
0 0.180383 0.412548 0.233792 0.020913
0 0.409809 0.412548 0.224723 0.020913
0 0.623111 0.412548 0.201545 0.020913
0 0.837756 0.412548 0.227410 0.020913
0 0.180383 0.473146 0.233792 0.020913
0 0.409809 0.473146 0.224723 0.020913
0 0.623111 0.473146 0.201545 0.020913
0 0.837756 0.473146 0.227410 0.020913
0 0.189452 0.545152 0.252267 0.020913
0 0.418878 0.545152 0.205912 0.020913
0 0.610682 0.545152 0.176688 0.020913
0 0.825328 0.545152 0.252603 0.020913
0 0.189452 0.613593 0.252267 0.020913
0 0.418878 0.613593 0.205912 0.020913
0 0.610682 0.613593 0.176688 0.020913
0 0.825328 0.613593 0.252603 0.020913
0 0.189452 0.674192 0.252267 0.020913
0 0.418878 0.674192 0.205912 0.020913
0 0.610682 0.674192 0.176688 0.020913
0 0.825328 0.674192 0.252603 0.020913
0 0.183070 0.746198 0.239167 0.020913
0 0.380584 0.746198 0.155526 0.020913
0 0.529392 0.746198 0.142089 0.020913
0 0.688277 0.746198 0.175008 0.020913
0 0.863957 0.746198 0.175344 0.020913
0 0.183070 0.810599 0.239167 0.020913
0 0.380584 0.810599 0.155526 0.020913
0 0.529392 0.810599 0.142089 0.020913
0 0.688277 0.810599 0.175008 0.020913
0 0.863957 0.810599 0.175344 0.020913
0 0.183070 0.884981 0.239167 0.020913
0 0.380584 0.884981 0.155526 0.020913
0 0.529392 0.884981 0.142089 0.020913
0 0.688277 0.884981 0.175008 0.020913
0 0.863957 0.884981 0.175344 0.020913
