0 0.355391 0.143774 0.437353 0.018298
0 0.764864 0.143774 0.373194 0.018298
0 0.355391 0.192015 0.437353 0.018298
0 0.764864 0.192015 0.373194 0.018298
0 0.355391 0.274240 0.437353 0.018298
0 0.764864 0.274240 0.373194 0.018298
0 0.206920 0.349335 0.290897 0.018298
0 0.502519 0.349335 0.299631 0.018298
0 0.801814 0.349335 0.299295 0.018298
0 0.206920 0.397576 0.290897 0.018298
0 0.502519 0.397576 0.299631 0.018298
0 0.801814 0.397576 0.299295 0.018298
0 0.206920 0.445817 0.290897 0.018298
0 0.502519 0.445817 0.299631 0.018298
0 0.801814 0.445817 0.299295 0.018298
0 0.216997 0.520675 0.311051 0.018298
0 0.500504 0.520675 0.256298 0.018298
0 0.790057 0.520675 0.322808 0.018298
0 0.216997 0.576521 0.311051 0.018298
0 0.500504 0.576521 0.256298 0.018298
0 0.790057 0.576521 0.322808 0.018298
0 0.216997 0.646625 0.311051 0.018298
0 0.500504 0.646625 0.256298 0.018298
0 0.790057 0.646625 0.322808 0.018298
0 0.224051 0.721721 0.325495 0.018298
0 0.534095 0.721721 0.294592 0.018298
0 0.816594 0.721721 0.269735 0.018298
0 0.224051 0.806084 0.325495 0.018298
0 0.534095 0.806084 0.294592 0.018298
0 0.816594 0.806084 0.269735 0.018298
0 0.224051 0.890922 0.325495 0.018298
0 0.534095 0.890922 0.294592 0.018298
0 0.816594 0.890922 0.269735 0.018298
