0 0.330198 0.244534 0.307692 0.020913
0 0.560967 0.244534 0.153174 0.020913
0 0.719516 0.244534 0.163252 0.020913
0 0.876386 0.244534 0.150487 0.020913
0 0.330198 0.331274 0.307692 0.020913
0 0.560967 0.331274 0.153174 0.020913
0 0.719516 0.331274 0.163252 0.020913
0 0.876386 0.331274 0.150487 0.020913
0 0.330198 0.400665 0.307692 0.020913
0 0.560967 0.400665 0.153174 0.020913
0 0.719516 0.400665 0.163252 0.020913
0 0.876386 0.400665 0.150487 0.020913
0 0.212630 0.478850 0.298287 0.020913
0 0.458851 0.478850 0.193483 0.020913
0 0.652335 0.478850 0.193819 0.020913
0 0.850521 0.478850 0.201881 0.020913
0 0.212630 0.563213 0.298287 0.020913
0 0.458851 0.563213 0.193483 0.020913
0 0.652335 0.563213 0.193819 0.020913
0 0.850521 0.563213 0.201881 0.020913
0 0.212630 0.634506 0.298287 0.020913
0 0.458851 0.634506 0.193483 0.020913
0 0.652335 0.634506 0.193819 0.020913
0 0.850521 0.634506 0.201881 0.020913
0 0.212966 0.712452 0.299295 0.020913
0 0.457508 0.712452 0.189117 0.020913
0 0.640914 0.712452 0.177024 0.020913
0 0.840443 0.712452 0.222036 0.020913
0 0.212966 0.809411 0.299295 0.020913
0 0.457508 0.809411 0.189117 0.020913
0 0.640914 0.809411 0.177024 0.020913
0 0.840443 0.809411 0.222036 0.020913
0 0.212966 0.884981 0.299295 0.020913
0 0.457508 0.884981 0.189117 0.020913
0 0.640914 0.884981 0.177024 0.020913
0 0.840443 0.884981 0.222036 0.020913
