0 0.219684 0.080798 0.312395 0.020913
0 0.475647 0.080798 0.199194 0.020913
0 0.680215 0.080798 0.209943 0.020913
0 0.868660 0.080798 0.165939 0.020913
0 0.219684 0.150190 0.312395 0.020913
0 0.475647 0.150190 0.199194 0.020913
0 0.680215 0.150190 0.209943 0.020913
0 0.868660 0.150190 0.165939 0.020913
0 0.219684 0.205561 0.312395 0.020913
0 0.475647 0.205561 0.199194 0.020913
0 0.680215 0.205561 0.209943 0.020913
0 0.868660 0.205561 0.165939 0.020913
0 0.195163 0.305608 0.263352 0.020913
0 0.437017 0.305608 0.219684 0.020913
0 0.659053 0.305608 0.223715 0.020913
0 0.861270 0.305608 0.180719 0.020913
0 0.195163 0.375000 0.263352 0.020913
0 0.437017 0.375000 0.219684 0.020913
0 0.659053 0.375000 0.223715 0.020913
0 0.861270 0.375000 0.180719 0.020913
0 0.195163 0.430371 0.263352 0.020913
0 0.437017 0.430371 0.219684 0.020913
0 0.659053 0.430371 0.223715 0.020913
0 0.861270 0.430371 0.180719 0.020913
0 0.193483 0.530418 0.260329 0.020913
0 0.408129 0.530418 0.167954 0.020913
0 0.608331 0.530418 0.232113 0.020913
0 0.838092 0.530418 0.226738 0.020913
0 0.193483 0.597909 0.260329 0.020913
0 0.408129 0.597909 0.167954 0.020913
0 0.608331 0.597909 0.232113 0.020913
0 0.838092 0.597909 0.226738 0.020913
0 0.193483 0.655656 0.260329 0.020913
0 0.408129 0.655656 0.167954 0.020913
0 0.608331 0.655656 0.232113 0.020913
0 0.838092 0.655656 0.226738 0.020913
0 0.192812 0.755703 0.258986 0.020913
0 0.427612 0.755703 0.209943 0.020913
0 0.631844 0.755703 0.197850 0.020913
0 0.841115 0.755703 0.220692 0.020913
0 0.192812 0.826996 0.258986 0.020913
0 0.427612 0.826996 0.209943 0.020913
0 0.631844 0.826996 0.197850 0.020913
0 0.841115 0.826996 0.220692 0.020913
0 0.192812 0.882367 0.258986 0.020913
0 0.427612 0.882367 0.209943 0.020913
0 0.631844 0.882367 0.197850 0.020913
0 0.841115 0.882367 0.220692 0.020913
