0 0.205576 0.079373 0.237487 0.020437
0 0.422909 0.079373 0.196507 0.020437
0 0.606315 0.079373 0.169634 0.020437
0 0.754451 0.079373 0.126302 0.020437
0 0.872691 0.079373 0.109842 0.020437
0 0.205576 0.146863 0.237487 0.020437
0 0.422909 0.146863 0.196507 0.020437
0 0.606315 0.146863 0.169634 0.020437
0 0.754451 0.146863 0.126302 0.020437
0 0.872691 0.146863 0.109842 0.020437
0 0.205576 0.205798 0.237487 0.020437
0 0.422909 0.205798 0.196507 0.020437
0 0.606315 0.205798 0.169634 0.020437
0 0.754451 0.205798 0.126302 0.020437
0 0.872691 0.205798 0.109842 0.020437
0 0.197514 0.303232 0.221028 0.020437
0 0.382936 0.303232 0.149815 0.020437
0 0.539805 0.303232 0.163588 0.020437
0 0.699026 0.303232 0.154854 0.020437
0 0.852200 0.303232 0.151159 0.020437
0 0.197514 0.365494 0.221028 0.020437
0 0.382936 0.365494 0.149815 0.020437
0 0.539805 0.365494 0.163588 0.020437
0 0.699026 0.365494 0.154854 0.020437
0 0.852200 0.365494 0.151159 0.020437
0 0.197514 0.440114 0.221028 0.020437
0 0.382936 0.440114 0.149815 0.020437
0 0.539805 0.440114 0.163588 0.020437
0 0.699026 0.440114 0.154854 0.020437
0 0.852200 0.440114 0.151159 0.020437
0 0.189117 0.537310 0.204232 0.020437
0 0.356399 0.537310 0.129997 0.020437
0 0.492106 0.537310 0.141418 0.020437
0 0.628149 0.537310 0.129997 0.020437
0 0.752099 0.537310 0.117568 0.020437
0 0.869332 0.537310 0.116560 0.020437
0 0.189117 0.597433 0.204232 0.020437
0 0.356399 0.597433 0.129997 0.020437
0 0.492106 0.597433 0.141418 0.020437
0 0.628149 0.597433 0.129997 0.020437
0 0.752099 0.597433 0.117568 0.020437
0 0.869332 0.597433 0.116560 0.020437
0 0.189117 0.666587 0.204232 0.020437
0 0.356399 0.666587 0.129997 0.020437
0 0.492106 0.666587 0.141418 0.020437
0 0.628149 0.666587 0.129997 0.020437
0 0.752099 0.666587 0.117568 0.020437
0 0.869332 0.666587 0.116560 0.020437
0 0.185086 0.763783 0.196507 0.020437
0 0.356399 0.763783 0.146120 0.020437
0 0.488411 0.763783 0.116896 0.020437
0 0.600605 0.763783 0.107155 0.020437
0 0.711790 0.763783 0.115217 0.020437
0 0.815586 0.763783 0.091703 0.020437
0 0.891837 0.763783 0.059792 0.020437
0 0.185086 0.817490 0.196507 0.020437
0 0.356399 0.817490 0.146120 0.020437
0 0.488411 0.817490 0.116896 0.020437
0 0.600605 0.817490 0.107155 0.020437
0 0.711790 0.817490 0.115217 0.020437
0 0.815586 0.817490 0.091703 0.020437
0 0.891837 0.817490 0.059792 0.020437
0 0.185086 0.884506 0.196507 0.020437
0 0.356399 0.884506 0.146120 0.020437
0 0.488411 0.884506 0.116896 0.020437
0 0.600605 0.884506 0.107155 0.020437
0 0.711790 0.884506 0.115217 0.020437
0 0.815586 0.884506 0.091703 0.020437
0 0.891837 0.884506 0.059792 0.020437
