0 0.246893 0.109553 0.321129 0.019724
0 0.545180 0.109553 0.274773 0.019724
0 0.805173 0.109553 0.245213 0.019724
0 0.246893 0.194867 0.321129 0.019724
0 0.545180 0.194867 0.274773 0.019724
0 0.805173 0.194867 0.245213 0.019724
0 0.246893 0.252852 0.321129 0.019724
0 0.545180 0.252852 0.274773 0.019724
0 0.805173 0.252852 0.245213 0.019724
0 0.236144 0.346721 0.299631 0.019724
0 0.517971 0.346721 0.264360 0.019724
0 0.732617 0.346721 0.164259 0.019724
0 0.869332 0.346721 0.108498 0.019724
0 0.236144 0.417776 0.299631 0.019724
0 0.517971 0.417776 0.264360 0.019724
0 0.732617 0.417776 0.164259 0.019724
0 0.869332 0.417776 0.108498 0.019724
0 0.236144 0.475760 0.299631 0.019724
0 0.517971 0.475760 0.264360 0.019724
0 0.732617 0.475760 0.164259 0.019724
0 0.869332 0.475760 0.108498 0.019724
0 0.132684 0.569867 0.092711 0.019724
0 0.250588 0.569867 0.143433 0.019724
0 0.396036 0.569867 0.147464 0.019724
0 0.541821 0.569867 0.144105 0.019724
0 0.695667 0.569867 0.162580 0.019724
0 0.852536 0.569867 0.150487 0.019724
0 0.132684 0.625238 0.092711 0.019724
0 0.250588 0.625238 0.143433 0.019724
0 0.396036 0.625238 0.147464 0.019724
0 0.541821 0.625238 0.144105 0.019724
0 0.695667 0.625238 0.162580 0.019724
0 0.852536 0.625238 0.150487 0.019724
0 0.132684 0.678470 0.092711 0.019724
0 0.250588 0.678470 0.143433 0.019724
0 0.396036 0.678470 0.147464 0.019724
0 0.541821 0.678470 0.144105 0.019724
0 0.695667 0.678470 0.162580 0.019724
0 0.852536 0.678470 0.150487 0.019724
0 0.188445 0.772576 0.204232 0.019724
0 0.366812 0.772576 0.152838 0.019724
0 0.524689 0.772576 0.161908 0.019724
0 0.687941 0.772576 0.164931 0.019724
0 0.849177 0.772576 0.157205 0.019724
0 0.188445 0.827234 0.204232 0.019724
0 0.366812 0.827234 0.152838 0.019724
0 0.524689 0.827234 0.161908 0.019724
0 0.687941 0.827234 0.164931 0.019724
0 0.849177 0.827234 0.157205 0.019724
0 0.188445 0.879278 0.204232 0.019724
0 0.366812 0.879278 0.152838 0.019724
0 0.524689 0.879278 0.161908 0.019724
0 0.687941 0.879278 0.164931 0.019724
0 0.849177 0.879278 0.157205 0.019724
