0 0.191132 0.085789 0.261001 0.017348
0 0.431307 0.085789 0.219012 0.017348
0 0.641921 0.085789 0.201881 0.017348
0 0.847162 0.085789 0.208599 0.017348
0 0.191132 0.153042 0.261001 0.017348
0 0.431307 0.153042 0.219012 0.017348
0 0.641921 0.153042 0.201881 0.017348
0 0.847162 0.153042 0.208599 0.017348
0 0.191132 0.214354 0.261001 0.017348
0 0.431307 0.214354 0.219012 0.017348
0 0.641921 0.214354 0.201881 0.017348
0 0.847162 0.214354 0.208599 0.017348
0 0.187437 0.315114 0.253611 0.017348
0 0.427276 0.315114 0.225731 0.017348
0 0.635203 0.315114 0.190124 0.017348
0 0.840779 0.315114 0.221364 0.017348
0 0.187437 0.376663 0.253611 0.017348
0 0.427276 0.376663 0.225731 0.017348
0 0.635203 0.376663 0.190124 0.017348
0 0.840779 0.376663 0.221364 0.017348
0 0.187437 0.445580 0.253611 0.017348
0 0.427276 0.445580 0.225731 0.017348
0 0.635203 0.445580 0.190124 0.017348
0 0.840779 0.445580 0.221364 0.017348
0 0.188445 0.546103 0.255291 0.017348
0 0.424253 0.546103 0.216325 0.017348
0 0.633188 0.546103 0.201209 0.017348
0 0.842795 0.546103 0.217669 0.017348
0 0.188445 0.601711 0.255291 0.017348
0 0.424253 0.601711 0.216325 0.017348
0 0.633188 0.601711 0.201209 0.017348
0 0.842795 0.601711 0.217669 0.017348
0 0.188445 0.658508 0.255291 0.017348
0 0.424253 0.658508 0.216325 0.017348
0 0.633188 0.658508 0.201209 0.017348
0 0.842795 0.658508 0.217669 0.017348
0 0.211287 0.759268 0.300974 0.017348
0 0.466577 0.759268 0.209607 0.017348
0 0.666443 0.759268 0.190124 0.017348
0 0.856567 0.759268 0.190124 0.017348
0 0.211287 0.820342 0.300974 0.017348
0 0.466577 0.820342 0.209607 0.017348
0 0.666443 0.820342 0.190124 0.017348
0 0.856567 0.820342 0.190124 0.017348
0 0.211287 0.880228 0.300974 0.017348
0 0.466577 0.880228 0.209607 0.017348
0 0.666443 0.880228 0.190124 0.017348
0 0.856567 0.880228 0.190124 0.017348
