0 0.160900 0.075570 0.198186 0.018774
0 0.327175 0.075570 0.134699 0.018774
0 0.469264 0.075570 0.149479 0.018774
0 0.611690 0.075570 0.134699 0.018774
0 0.748069 0.075570 0.137723 0.018774
0 0.884112 0.075570 0.134699 0.018774
0 0.160900 0.143298 0.198186 0.018774
0 0.327175 0.143298 0.134699 0.018774
0 0.469264 0.143298 0.149479 0.018774
0 0.611690 0.143298 0.134699 0.018774
0 0.748069 0.143298 0.137723 0.018774
0 0.884112 0.143298 0.134699 0.018774
0 0.160900 0.194154 0.198186 0.018774
0 0.327175 0.194154 0.134699 0.018774
0 0.469264 0.194154 0.149479 0.018774
0 0.611690 0.194154 0.134699 0.018774
0 0.748069 0.194154 0.137723 0.018774
0 0.884112 0.194154 0.134699 0.018774
0 0.154854 0.300143 0.186093 0.018774
0 0.311723 0.300143 0.127645 0.018774
0 0.441720 0.300143 0.132012 0.018774
0 0.584145 0.300143 0.152838 0.018774
0 0.728250 0.300143 0.134363 0.018774
0 0.873362 0.300143 0.156198 0.018774
0 0.154854 0.367158 0.186093 0.018774
0 0.311723 0.367158 0.127645 0.018774
0 0.441720 0.367158 0.132012 0.018774
0 0.584145 0.367158 0.152838 0.018774
0 0.728250 0.367158 0.134363 0.018774
0 0.873362 0.367158 0.156198 0.018774
0 0.154854 0.416587 0.186093 0.018774
0 0.311723 0.416587 0.127645 0.018774
0 0.441720 0.416587 0.132012 0.018774
0 0.584145 0.416587 0.152838 0.018774
0 0.728250 0.416587 0.134363 0.018774
0 0.873362 0.416587 0.156198 0.018774
0 0.141753 0.522814 0.160228 0.018774
0 0.293584 0.522814 0.142425 0.018774
0 0.444743 0.522814 0.159893 0.018774
0 0.603628 0.522814 0.158213 0.018774
0 0.761169 0.522814 0.155862 0.018774
0 0.895197 0.522814 0.112529 0.018774
0 0.141753 0.591730 0.160228 0.018774
0 0.293584 0.591730 0.142425 0.018774
0 0.444743 0.591730 0.159893 0.018774
0 0.603628 0.591730 0.158213 0.018774
0 0.761169 0.591730 0.155862 0.018774
0 0.895197 0.591730 0.112529 0.018774
0 0.141753 0.642823 0.160228 0.018774
0 0.293584 0.642823 0.142425 0.018774
0 0.444743 0.642823 0.159893 0.018774
0 0.603628 0.642823 0.158213 0.018774
0 0.761169 0.642823 0.155862 0.018774
0 0.895197 0.642823 0.112529 0.018774
0 0.147464 0.748812 0.171649 0.018774
0 0.294256 0.748812 0.120927 0.018774
0 0.417199 0.748812 0.125294 0.018774
0 0.540477 0.748812 0.120927 0.018774
0 0.671481 0.748812 0.140746 0.018774
0 0.802486 0.748812 0.120927 0.018774
0 0.905274 0.748812 0.084649 0.018774
0 0.147464 0.816540 0.171649 0.018774
0 0.294256 0.816540 0.120927 0.018774
0 0.417199 0.816540 0.125294 0.018774
0 0.540477 0.816540 0.120927 0.018774
0 0.671481 0.816540 0.140746 0.018774
0 0.802486 0.816540 0.120927 0.018774
0 0.905274 0.816540 0.084649 0.018774
0 0.147464 0.865970 0.171649 0.018774
0 0.294256 0.865970 0.120927 0.018774
0 0.417199 0.865970 0.125294 0.018774
0 0.540477 0.865970 0.120927 0.018774
0 0.671481 0.865970 0.140746 0.018774
0 0.802486 0.865970 0.120927 0.018774
0 0.905274 0.865970 0.084649 0.018774
