0 0.188109 0.079610 0.249916 0.020437
0 0.391669 0.079610 0.156533 0.020437
0 0.550890 0.079610 0.161572 0.020437
0 0.711119 0.079610 0.158213 0.020437
0 0.871011 0.079610 0.160900 0.020437
0 0.188109 0.144724 0.249916 0.020437
0 0.391669 0.144724 0.156533 0.020437
0 0.550890 0.144724 0.161572 0.020437
0 0.711119 0.144724 0.158213 0.020437
0 0.871011 0.144724 0.160900 0.020437
0 0.188109 0.204373 0.249916 0.020437
0 0.391669 0.204373 0.156533 0.020437
0 0.550890 0.204373 0.161572 0.020437
0 0.711119 0.204373 0.158213 0.020437
0 0.871011 0.204373 0.160900 0.020437
0 0.188781 0.302281 0.251260 0.020437
0 0.397716 0.302281 0.166947 0.020437
0 0.565670 0.302281 0.167954 0.020437
0 0.725563 0.302281 0.152167 0.020437
0 0.876722 0.302281 0.149815 0.020437
0 0.188781 0.370960 0.251260 0.020437
0 0.397716 0.370960 0.166947 0.020437
0 0.565670 0.370960 0.167954 0.020437
0 0.725563 0.370960 0.152167 0.020437
0 0.876722 0.370960 0.149815 0.020437
0 0.188781 0.439639 0.251260 0.020437
0 0.397716 0.439639 0.166947 0.020437
0 0.565670 0.439639 0.167954 0.020437
0 0.725563 0.439639 0.152167 0.020437
0 0.876722 0.439639 0.149815 0.020437
0 0.172657 0.537548 0.219348 0.020437
0 0.361774 0.537548 0.158549 0.020437
0 0.536782 0.537548 0.190796 0.020437
0 0.712462 0.537548 0.160228 0.020437
0 0.872019 0.537548 0.158549 0.020437
0 0.172657 0.596483 0.219348 0.020437
0 0.361774 0.596483 0.158549 0.020437
0 0.536782 0.596483 0.190796 0.020437
0 0.712462 0.596483 0.160228 0.020437
0 0.872019 0.596483 0.158549 0.020437
0 0.172657 0.650665 0.219348 0.020437
0 0.361774 0.650665 0.158549 0.020437
0 0.536782 0.650665 0.190796 0.020437
0 0.712462 0.650665 0.160228 0.020437
0 0.872019 0.650665 0.158549 0.020437
0 0.181391 0.748574 0.236816 0.020437
0 0.407457 0.748574 0.215317 0.020437
0 0.586496 0.748574 0.142425 0.020437
0 0.728586 0.748574 0.141418 0.020437
0 0.875714 0.748574 0.151831 0.020437
0 0.181391 0.817728 0.236816 0.020437
0 0.407457 0.817728 0.215317 0.020437
0 0.586496 0.817728 0.142425 0.020437
0 0.728586 0.817728 0.141418 0.020437
0 0.875714 0.817728 0.151831 0.020437
0 0.181391 0.886644 0.236816 0.020437
0 0.407457 0.886644 0.215317 0.020437
0 0.586496 0.886644 0.142425 0.020437
0 0.728586 0.886644 0.141418 0.020437
0 0.875714 0.886644 0.151831 0.020437
