0 0.222036 0.077947 0.328855 0.019724
0 0.511253 0.077947 0.249244 0.019724
0 0.776621 0.077947 0.281156 0.019724
0 0.222036 0.141635 0.328855 0.018536
0 0.511589 0.141635 0.249244 0.018536
0 0.776957 0.141635 0.281491 0.018536
0 0.222036 0.202947 0.328855 0.019724
0 0.511253 0.202947 0.249244 0.019724
0 0.776621 0.202947 0.281156 0.019724
0 0.320793 0.310361 0.526369 0.019724
0 0.767887 0.310361 0.367148 0.019724
0 0.321129 0.386407 0.526705 0.018536
0 0.767887 0.386407 0.367148 0.018536
0 0.320793 0.437975 0.526369 0.019724
0 0.767887 0.437975 0.367148 0.019724
0 0.321800 0.533032 0.528048 0.019724
0 0.759154 0.533032 0.345986 0.019724
0 0.321800 0.591017 0.528048 0.018536
0 0.759154 0.591017 0.346322 0.018536
0 0.321800 0.654943 0.528048 0.019724
0 0.759154 0.654943 0.345986 0.019724
0 0.210951 0.762357 0.306685 0.019724
0 0.659725 0.762357 0.582801 0.019724
0 0.211287 0.827234 0.307020 0.018536
0 0.659725 0.827234 0.582801 0.018536
0 0.210951 0.879040 0.306685 0.019724
0 0.659725 0.879040 0.582801 0.019724
