0 0.281156 0.174430 0.267719 0.019724
0 0.502855 0.174430 0.175344 0.019724
0 0.679879 0.174430 0.178367 0.019724
0 0.860262 0.174430 0.182398 0.019724
0 0.281156 0.226236 0.267719 0.019724
0 0.502855 0.226236 0.175344 0.019724
0 0.679879 0.226236 0.178367 0.019724
0 0.860262 0.226236 0.182398 0.019724
0 0.281156 0.278279 0.267719 0.019724
0 0.502855 0.278279 0.175344 0.019724
0 0.679879 0.278279 0.178367 0.019724
0 0.860262 0.278279 0.182398 0.019724
0 0.189452 0.346721 0.254283 0.019724
0 0.407457 0.346721 0.181055 0.019724
0 0.606987 0.346721 0.217669 0.019724
0 0.833725 0.346721 0.235472 0.019724
0 0.189452 0.416112 0.254283 0.019724
0 0.407457 0.416112 0.181055 0.019724
0 0.606987 0.416112 0.217669 0.019724
0 0.833725 0.416112 0.235472 0.019724
0 0.189452 0.475760 0.254283 0.019724
0 0.407457 0.475760 0.181055 0.019724
0 0.606987 0.475760 0.217669 0.019724
0 0.833725 0.475760 0.235472 0.019724
0 0.187101 0.548954 0.249244 0.019724
0 0.415519 0.548954 0.207256 0.019724
0 0.613705 0.548954 0.188781 0.019724
0 0.829694 0.548954 0.243534 0.019724
0 0.187101 0.616207 0.249244 0.019724
0 0.415519 0.616207 0.207256 0.019724
0 0.613705 0.616207 0.188781 0.019724
0 0.829694 0.616207 0.243534 0.019724
0 0.187101 0.668964 0.249244 0.019724
0 0.415519 0.668964 0.207256 0.019724
0 0.613705 0.668964 0.188781 0.019724
0 0.829694 0.668964 0.243534 0.019724
0 0.187773 0.765684 0.250588 0.019724
0 0.433322 0.765684 0.240511 0.019724
0 0.640242 0.765684 0.172993 0.019724
0 0.839100 0.765684 0.224723 0.019724
0 0.187773 0.834601 0.250588 0.019724
0 0.433322 0.834601 0.240511 0.019724
0 0.640242 0.834601 0.172993 0.019724
0 0.839100 0.834601 0.224723 0.019724
0 0.187773 0.889496 0.250588 0.019724
0 0.433322 0.889496 0.240511 0.019724
0 0.640242 0.889496 0.172993 0.019724
0 0.839100 0.889496 0.224723 0.019724
