0 0.297279 0.078660 0.479006 0.020200
0 0.744038 0.078660 0.414511 0.020200
0 0.297279 0.147338 0.479006 0.020200
0 0.744038 0.147338 0.414511 0.020200
0 0.297279 0.200333 0.479006 0.020200
0 0.744038 0.200333 0.414511 0.020200
0 0.294256 0.299192 0.473295 0.020200
0 0.741014 0.299192 0.420222 0.020200
0 0.294256 0.375951 0.473295 0.020200
0 0.741014 0.375951 0.420222 0.020200
0 0.294256 0.429183 0.473295 0.020200
0 0.741014 0.429183 0.420222 0.020200
0 0.297279 0.527804 0.479006 0.020200
0 0.744038 0.527804 0.414511 0.020200
0 0.297279 0.602186 0.479006 0.020200
0 0.744038 0.602186 0.414511 0.020200
0 0.297279 0.670627 0.479006 0.020200
0 0.744038 0.670627 0.414511 0.020200
0 0.224387 0.769249 0.333557 0.020200
0 0.523010 0.769249 0.263016 0.020200
0 0.802822 0.769249 0.296607 0.020200
0 0.224387 0.822956 0.333557 0.020200
0 0.523010 0.822956 0.263016 0.020200
0 0.802822 0.822956 0.296607 0.020200
0 0.224387 0.886644 0.333557 0.020200
0 0.523010 0.886644 0.263016 0.020200
0 0.802822 0.886644 0.296607 0.020200
