0 0.209943 0.075570 0.296271 0.018774
0 0.505207 0.075570 0.294256 0.018774
0 0.802150 0.075570 0.298959 0.018774
0 0.209943 0.134981 0.296271 0.018774
0 0.505207 0.134981 0.294256 0.018774
0 0.802150 0.134981 0.298959 0.018774
0 0.209943 0.195105 0.296271 0.018774
0 0.505207 0.195105 0.294256 0.018774
0 0.802150 0.195105 0.298959 0.018774
0 0.229762 0.298954 0.336245 0.018774
0 0.561639 0.298954 0.327175 0.018774
0 0.839436 0.298954 0.224051 0.018774
0 0.229762 0.353137 0.336245 0.018774
0 0.561639 0.353137 0.327175 0.018774
0 0.839436 0.353137 0.224051 0.018774
0 0.229762 0.410171 0.336245 0.018774
0 0.561639 0.410171 0.327175 0.018774
0 0.839436 0.410171 0.224051 0.018774
0 0.194491 0.514021 0.265368 0.018774
0 0.414175 0.514021 0.174001 0.018774
0 0.621431 0.514021 0.239839 0.018774
0 0.846490 0.514021 0.209943 0.018774
0 0.194491 0.575333 0.265368 0.018774
0 0.414175 0.575333 0.174001 0.018774
0 0.621431 0.575333 0.239839 0.018774
0 0.846490 0.575333 0.209943 0.018774
0 0.194491 0.637120 0.265368 0.018774
0 0.414175 0.637120 0.174001 0.018774
0 0.621431 0.637120 0.239839 0.018774
0 0.846490 0.637120 0.209943 0.018774
0 0.194491 0.740732 0.265368 0.018774
0 0.427948 0.740732 0.200873 0.018774
0 0.629829 0.740732 0.202889 0.018774
0 0.841451 0.740732 0.220020 0.018774
0 0.194491 0.815589 0.265368 0.018774
0 0.427948 0.815589 0.200873 0.018774
0 0.629829 0.815589 0.202889 0.018774
0 0.841451 0.815589 0.220020 0.018774
0 0.194491 0.879278 0.265368 0.018774
0 0.427948 0.879278 0.200873 0.018774
0 0.629829 0.879278 0.202889 0.018774
0 0.841451 0.879278 0.220020 0.018774
