0 0.235808 0.148051 0.120255 0.020675
0 0.339268 0.148051 0.087000 0.020675
0 0.453477 0.148051 0.141082 0.020675
0 0.562983 0.148051 0.077595 0.020675
0 0.661404 0.148051 0.118912 0.020675
0 0.778300 0.148051 0.114209 0.020675
0 0.893181 0.148051 0.115888 0.020675
0 0.235808 0.219582 0.120255 0.020675
0 0.339268 0.219582 0.087000 0.020675
0 0.453477 0.219582 0.141082 0.020675
0 0.562983 0.219582 0.077595 0.020675
0 0.661404 0.219582 0.118912 0.020675
0 0.778300 0.219582 0.114209 0.020675
0 0.893181 0.219582 0.115888 0.020675
0 0.235808 0.274477 0.120255 0.020675
0 0.339268 0.274477 0.087000 0.020675
0 0.453477 0.274477 0.141082 0.020675
0 0.562983 0.274477 0.077595 0.020675
0 0.661404 0.274477 0.118912 0.020675
0 0.778300 0.274477 0.114209 0.020675
0 0.893181 0.274477 0.115888 0.020675
0 0.146456 0.349810 0.166947 0.020675
0 0.285522 0.349810 0.110514 0.020675
0 0.399395 0.349810 0.117232 0.020675
0 0.511253 0.349810 0.105475 0.020675
0 0.627813 0.349810 0.127645 0.020675
0 0.753779 0.349810 0.124622 0.020675
0 0.884112 0.349810 0.135035 0.020675
0 0.146456 0.417538 0.166947 0.020675
0 0.285522 0.417538 0.110514 0.020675
0 0.399395 0.417538 0.117232 0.020675
0 0.511253 0.417538 0.105475 0.020675
0 0.627813 0.417538 0.127645 0.020675
0 0.753779 0.417538 0.124622 0.020675
0 0.884112 0.417538 0.135035 0.020675
0 0.146456 0.472433 0.166947 0.020675
0 0.285522 0.472433 0.110514 0.020675
0 0.399395 0.472433 0.117232 0.020675
0 0.511253 0.472433 0.105475 0.020675
0 0.627813 0.472433 0.127645 0.020675
0 0.753779 0.472433 0.124622 0.020675
0 0.884112 0.472433 0.135035 0.020675
0 0.157541 0.547766 0.188781 0.020675
0 0.330870 0.547766 0.157205 0.020675
0 0.481693 0.547766 0.144441 0.020675
0 0.627477 0.547766 0.146792 0.020675
0 0.757474 0.547766 0.113201 0.020675
0 0.883104 0.547766 0.137051 0.020675
0 0.157541 0.615970 0.188781 0.020675
0 0.330870 0.615970 0.157205 0.020675
0 0.481693 0.615970 0.144441 0.020675
0 0.627477 0.615970 0.146792 0.020675
0 0.757474 0.615970 0.113201 0.020675
0 0.883104 0.615970 0.137051 0.020675
0 0.157541 0.674667 0.188781 0.020675
0 0.330870 0.674667 0.157205 0.020675
0 0.481693 0.674667 0.144441 0.020675
0 0.627477 0.674667 0.146792 0.020675
0 0.757474 0.674667 0.113201 0.020675
0 0.883104 0.674667 0.137051 0.020675
0 0.150823 0.750238 0.175344 0.020675
0 0.313067 0.750238 0.148472 0.020675
0 0.460867 0.750238 0.146792 0.020675
0 0.620759 0.750238 0.166275 0.020675
0 0.779308 0.750238 0.143097 0.020675
0 0.898220 0.750238 0.094390 0.020675
0 0.150823 0.822719 0.175344 0.020675
0 0.313067 0.822719 0.148472 0.020675
0 0.460867 0.822719 0.146792 0.020675
0 0.620759 0.822719 0.166275 0.020675
0 0.779308 0.822719 0.143097 0.020675
0 0.898220 0.822719 0.094390 0.020675
0 0.150823 0.885219 0.175344 0.020675
0 0.313067 0.885219 0.148472 0.020675
0 0.460867 0.885219 0.146792 0.020675
0 0.620759 0.885219 0.166275 0.020675
0 0.779308 0.885219 0.143097 0.020675
0 0.898220 0.885219 0.094390 0.020675
