0 0.171313 0.097909 0.227410 0.019487
0 0.414175 0.097909 0.257306 0.019487
0 0.644609 0.097909 0.202889 0.019487
0 0.848841 0.097909 0.205576 0.019487
0 0.171313 0.165399 0.227410 0.019487
0 0.414175 0.165399 0.257306 0.019487
0 0.644609 0.165399 0.202889 0.019487
0 0.848841 0.165399 0.205576 0.019487
0 0.171313 0.222433 0.227410 0.019487
0 0.414175 0.222433 0.257306 0.019487
0 0.644609 0.222433 0.202889 0.019487
0 0.848841 0.222433 0.205576 0.019487
0 0.162916 0.313451 0.210279 0.019724
0 0.399395 0.313451 0.263016 0.019724
0 0.625126 0.313451 0.187437 0.019724
0 0.835069 0.313451 0.232785 0.019724
0 0.162916 0.372861 0.210279 0.019724
0 0.399395 0.372861 0.263016 0.019724
0 0.625126 0.372861 0.187437 0.019724
0 0.835069 0.372861 0.232785 0.019724
0 0.162916 0.436787 0.210279 0.019487
0 0.399395 0.436787 0.263016 0.019487
0 0.625126 0.436787 0.187437 0.019487
0 0.835069 0.436787 0.232785 0.019487
0 0.205240 0.527804 0.295264 0.019724
0 0.500504 0.527804 0.295264 0.019724
0 0.800134 0.527804 0.302990 0.019724
0 0.205240 0.591492 0.295264 0.019487
0 0.500504 0.591492 0.295264 0.019487
0 0.800134 0.591492 0.302990 0.019487
0 0.205240 0.654705 0.295264 0.019724
0 0.500504 0.654705 0.295264 0.019724
0 0.800134 0.654705 0.302990 0.019724
0 0.246221 0.745485 0.377225 0.019487
0 0.573732 0.745485 0.277125 0.019487
0 0.832046 0.745485 0.238831 0.019487
0 0.246221 0.806321 0.377225 0.019724
0 0.573732 0.806321 0.277125 0.019724
0 0.832046 0.806321 0.238831 0.019724
0 0.246221 0.880466 0.377225 0.019724
0 0.573732 0.880466 0.277125 0.019724
0 0.832046 0.880466 0.238831 0.019724
