0 0.249328 0.099549 0.337702 0.017819
0 0.532258 0.099549 0.227151 0.017819
0 0.786626 0.099549 0.281922 0.017819
0 0.249328 0.180090 0.337702 0.017819
0 0.532258 0.180090 0.227151 0.017819
0 0.786626 0.180090 0.281922 0.017819
0 0.249328 0.226657 0.337702 0.017819
0 0.532258 0.226657 0.227151 0.017819
0 0.786626 0.226657 0.281922 0.017819
0 0.235887 0.312901 0.310820 0.017819
0 0.540659 0.312901 0.298723 0.017819
0 0.809140 0.312901 0.237231 0.017819
0 0.235887 0.381088 0.310820 0.017819
0 0.540659 0.381088 0.298723 0.017819
0 0.809140 0.381088 0.237231 0.017819
0 0.235887 0.446424 0.310820 0.017819
0 0.540659 0.446424 0.298723 0.017819
0 0.809140 0.446424 0.237231 0.017819
0 0.221774 0.532668 0.282258 0.017819
0 0.489247 0.532668 0.252688 0.017819
0 0.771841 0.532668 0.311828 0.017819
0 0.221774 0.606557 0.282258 0.017819
0 0.489247 0.606557 0.252688 0.017819
0 0.771841 0.606557 0.311828 0.017819
0 0.221774 0.660252 0.282258 0.017819
0 0.489247 0.660252 0.252688 0.017819
0 0.771841 0.660252 0.311828 0.017819
0 0.219422 0.746496 0.277890 0.017819
0 0.517473 0.746496 0.317876 0.017819
0 0.802083 0.746496 0.251008 0.017819
0 0.219422 0.827275 0.277890 0.017819
0 0.517473 0.827275 0.317876 0.017819
0 0.802083 0.827275 0.251008 0.017819
0 0.219422 0.884058 0.277890 0.017819
0 0.517473 0.884058 0.317876 0.017819
0 0.802083 0.884058 0.251008 0.017819
