0 0.388646 0.189639 0.411488 0.020675
0 0.775613 0.189639 0.352032 0.020675
0 0.388646 0.274952 0.411488 0.020675
0 0.775613 0.274952 0.352032 0.020675
0 0.388646 0.338878 0.411488 0.020675
0 0.775613 0.338878 0.352032 0.020675
0 0.229426 0.438213 0.332550 0.020675
0 0.540141 0.438213 0.288210 0.020675
0 0.817938 0.438213 0.267383 0.020675
0 0.229426 0.533270 0.332550 0.020675
0 0.540141 0.533270 0.288210 0.020675
0 0.817938 0.533270 0.267383 0.020675
0 0.229426 0.597433 0.332550 0.020675
0 0.540141 0.597433 0.288210 0.020675
0 0.817938 0.597433 0.267383 0.020675
0 0.219684 0.696768 0.313067 0.020675
0 0.513940 0.696768 0.275445 0.020675
0 0.801814 0.696768 0.299631 0.020675
0 0.219684 0.799905 0.313067 0.020675
0 0.513940 0.799905 0.275445 0.020675
0 0.801814 0.799905 0.299631 0.020675
0 0.219684 0.863356 0.313067 0.020675
0 0.513940 0.863356 0.275445 0.020675
0 0.801814 0.863356 0.299631 0.020675
