0 0.270161 0.205512 0.123992 0.017819
0 0.506384 0.205512 0.348118 0.017819
0 0.804099 0.205512 0.247312 0.017819
0 0.270161 0.277501 0.123992 0.017819
0 0.506384 0.277501 0.348118 0.017819
0 0.804099 0.277501 0.247312 0.017819
0 0.270161 0.327156 0.123992 0.017819
0 0.506384 0.327156 0.348118 0.017819
0 0.804099 0.327156 0.247312 0.017819
0 0.239583 0.387265 0.318212 0.017819
0 0.504704 0.387265 0.211694 0.017819
0 0.769489 0.387265 0.317204 0.017819
0 0.239583 0.456641 0.318212 0.017819
0 0.504704 0.456641 0.211694 0.017819
0 0.769489 0.456641 0.317204 0.017819
0 0.239583 0.515799 0.318212 0.017819
0 0.504704 0.515799 0.211694 0.017819
0 0.769489 0.515799 0.317204 0.017819
0 0.213038 0.575909 0.264785 0.017819
0 0.448589 0.575909 0.206317 0.017819
0 0.650874 0.575909 0.197581 0.017819
0 0.838710 0.575909 0.178091 0.017819
0 0.213038 0.644571 0.264785 0.017819
0 0.448589 0.644571 0.206317 0.017819
0 0.650874 0.644571 0.197581 0.017819
0 0.838710 0.644571 0.178091 0.017819
0 0.213038 0.697078 0.264785 0.017819
0 0.448589 0.697078 0.206317 0.017819
0 0.650874 0.697078 0.197581 0.017819
0 0.838710 0.697078 0.178091 0.017819
0 0.224798 0.756949 0.288306 0.017819
0 0.527890 0.756949 0.317876 0.017819
0 0.807460 0.756949 0.240591 0.017819
0 0.224798 0.827037 0.288306 0.017819
0 0.527890 0.827037 0.317876 0.017819
0 0.807460 0.827037 0.240591 0.017819
0 0.224798 0.868615 0.288306 0.017819
0 0.527890 0.868615 0.317876 0.017819
0 0.807460 0.868615 0.240591 0.017819
