0 0.250980 0.181818 0.229412 0.019444
0 0.435948 0.181818 0.140196 0.019444
0 0.584314 0.181818 0.156536 0.019444
0 0.710458 0.181818 0.094771 0.019444
0 0.855229 0.181818 0.194771 0.019444
0 0.250980 0.245202 0.229412 0.019444
0 0.435948 0.245202 0.140196 0.019444
0 0.584314 0.245202 0.156536 0.019444
0 0.710458 0.245202 0.094771 0.019444
0 0.855229 0.245202 0.194771 0.019444
0 0.250980 0.307576 0.229412 0.019444
0 0.435948 0.307576 0.140196 0.019444
0 0.584314 0.307576 0.156536 0.019444
0 0.710458 0.307576 0.094771 0.019444
0 0.855229 0.307576 0.194771 0.019444
0 0.193137 0.384091 0.266667 0.019444
0 0.428431 0.384091 0.203922 0.019444
0 0.632680 0.384091 0.203922 0.019444
0 0.843791 0.384091 0.218301 0.019444
0 0.193137 0.447727 0.266667 0.019444
0 0.428431 0.447727 0.203922 0.019444
0 0.632680 0.447727 0.203922 0.019444
0 0.843791 0.447727 0.218301 0.019444
0 0.193137 0.498990 0.266667 0.019444
0 0.428431 0.498990 0.203922 0.019444
0 0.632680 0.498990 0.203922 0.019444
0 0.843791 0.498990 0.218301 0.019444
0 0.190523 0.575253 0.261765 0.019444
0 0.425163 0.575253 0.207190 0.019444
0 0.639542 0.575253 0.221242 0.019444
0 0.851634 0.575253 0.202614 0.019444
0 0.190523 0.641667 0.261765 0.019444
0 0.425163 0.641667 0.207190 0.019444
0 0.639542 0.641667 0.221242 0.019444
0 0.851634 0.641667 0.202614 0.019444
0 0.190523 0.692929 0.261765 0.019444
0 0.425163 0.692929 0.207190 0.019444
0 0.639542 0.692929 0.221242 0.019444
0 0.851634 0.692929 0.202614 0.019444
0 0.196732 0.769192 0.274183 0.019444
0 0.445752 0.769192 0.223529 0.019444
0 0.653268 0.769192 0.191176 0.019444
0 0.850654 0.769192 0.203595 0.019444
0 0.196732 0.832828 0.274183 0.019444
0 0.445752 0.832828 0.223529 0.019444
0 0.653268 0.832828 0.191176 0.019444
0 0.850654 0.832828 0.203595 0.019444
0 0.196732 0.884091 0.274183 0.019444
0 0.445752 0.884091 0.223529 0.019444
0 0.653268 0.884091 0.191176 0.019444
0 0.850654 0.884091 0.203595 0.019444
