0 0.157877 0.075570 0.192476 0.018774
0 0.326503 0.075570 0.144441 0.018774
0 0.467249 0.075570 0.130333 0.018774
0 0.594558 0.075570 0.124622 0.018774
0 0.727242 0.075570 0.140074 0.018774
0 0.874370 0.075570 0.154182 0.018774
0 0.157877 0.153042 0.192476 0.018774
0 0.326503 0.153042 0.144441 0.018774
0 0.467249 0.153042 0.130333 0.018774
0 0.594558 0.153042 0.124622 0.018774
0 0.727242 0.153042 0.140074 0.018774
0 0.874370 0.153042 0.154182 0.018774
0 0.157877 0.224572 0.192476 0.018774
0 0.326503 0.224572 0.144441 0.018774
0 0.467249 0.224572 0.130333 0.018774
0 0.594558 0.224572 0.124622 0.018774
0 0.727242 0.224572 0.140074 0.018774
0 0.874370 0.224572 0.154182 0.018774
0 0.174672 0.361217 0.226067 0.018774
0 0.349681 0.361217 0.123614 0.018774
0 0.500840 0.361217 0.178032 0.018774
0 0.670474 0.361217 0.160564 0.018774
0 0.851192 0.361217 0.200873 0.018774
0 0.174672 0.444629 0.226067 0.018774
0 0.349681 0.444629 0.123614 0.018774
0 0.499160 0.444629 0.174672 0.018774
0 0.668794 0.444629 0.163923 0.018774
0 0.851192 0.444629 0.200873 0.018774
0 0.174672 0.504278 0.226067 0.018774
0 0.349681 0.504278 0.123614 0.018774
0 0.499160 0.504278 0.174672 0.018774
0 0.668794 0.504278 0.163923 0.018774
0 0.851192 0.504278 0.200873 0.018774
0 0.173665 0.640922 0.223715 0.018774
0 0.343299 0.640922 0.115553 0.018774
0 0.470272 0.640922 0.137723 0.018774
0 0.611018 0.640922 0.143769 0.018774
0 0.752099 0.640922 0.137723 0.018774
0 0.883440 0.640922 0.125294 0.018774
0 0.173665 0.709601 0.223715 0.018774
0 0.343299 0.709601 0.115553 0.018774
0 0.470272 0.709601 0.137723 0.018774
0 0.611018 0.709601 0.143769 0.018774
0 0.752099 0.709601 0.137723 0.018774
0 0.883440 0.709601 0.125294 0.018774
0 0.173665 0.764971 0.223715 0.018774
0 0.343299 0.764971 0.115553 0.018774
0 0.470272 0.764971 0.137723 0.018774
0 0.611018 0.764971 0.143769 0.018774
0 0.752099 0.764971 0.137723 0.018774
0 0.883440 0.764971 0.125294 0.018774
