0 0.203561 0.074382 0.292576 0.018298
0 0.506886 0.074382 0.313739 0.018298
0 0.807860 0.074382 0.287538 0.018298
0 0.203561 0.141873 0.292576 0.018298
0 0.506886 0.141873 0.313739 0.018298
0 0.807860 0.141873 0.287538 0.018298
0 0.203561 0.197006 0.292576 0.018298
0 0.506886 0.197006 0.313739 0.018298
0 0.807860 0.197006 0.287538 0.018298
0 0.213974 0.304658 0.313067 0.018298
0 0.498824 0.304658 0.256634 0.018298
0 0.789385 0.304658 0.324488 0.018298
0 0.213974 0.373574 0.313067 0.018298
0 0.498824 0.373574 0.256634 0.018298
0 0.789385 0.373574 0.324488 0.018298
0 0.213974 0.428470 0.313067 0.018298
0 0.498824 0.428470 0.256634 0.018298
0 0.789385 0.428470 0.324488 0.018298
0 0.215317 0.536122 0.315754 0.018298
0 0.517635 0.536122 0.289217 0.018298
0 0.807188 0.536122 0.288881 0.018298
0 0.215317 0.607652 0.315754 0.018298
0 0.517635 0.607652 0.289217 0.018298
0 0.807188 0.607652 0.288881 0.018298
0 0.215317 0.662785 0.315754 0.018298
0 0.517635 0.662785 0.289217 0.018298
0 0.807188 0.662785 0.288881 0.018298
0 0.218005 0.770437 0.321465 0.018298
0 0.525025 0.770437 0.292576 0.018298
0 0.811219 0.770437 0.279812 0.018298
0 0.218005 0.818441 0.321465 0.018298
0 0.525025 0.818441 0.292576 0.018298
0 0.811219 0.818441 0.279812 0.018298
0 0.218005 0.873337 0.321465 0.018298
0 0.525025 0.873337 0.292576 0.018298
0 0.811219 0.873337 0.279812 0.018298
