0 0.169634 0.072481 0.218005 0.017348
0 0.361438 0.072481 0.165267 0.017348
0 0.501176 0.072481 0.114545 0.017348
0 0.652335 0.072481 0.186765 0.017348
0 0.848505 0.072481 0.205912 0.017348
0 0.169634 0.142823 0.218005 0.017348
0 0.361438 0.142823 0.165267 0.017348
0 0.501176 0.142823 0.114545 0.017348
0 0.652335 0.142823 0.186765 0.017348
0 0.848505 0.142823 0.205912 0.017348
0 0.169634 0.204135 0.218005 0.017348
0 0.361438 0.204135 0.165267 0.017348
0 0.501176 0.204135 0.114545 0.017348
0 0.652335 0.204135 0.186765 0.017348
0 0.848505 0.204135 0.205912 0.017348
0 0.198186 0.293964 0.275109 0.017348
0 0.446423 0.293964 0.221364 0.017348
0 0.650991 0.293964 0.186765 0.017348
0 0.847833 0.293964 0.207256 0.017348
0 0.198186 0.370247 0.275109 0.017348
0 0.446423 0.370247 0.221364 0.017348
0 0.650991 0.370247 0.186765 0.017348
0 0.847833 0.370247 0.207256 0.017348
0 0.198186 0.427994 0.275109 0.017348
0 0.446423 0.427994 0.221364 0.017348
0 0.650991 0.427994 0.186765 0.017348
0 0.847833 0.427994 0.207256 0.017348
0 0.200873 0.519249 0.280484 0.017348
0 0.427612 0.519249 0.172993 0.017348
0 0.589856 0.519249 0.150487 0.017348
0 0.735304 0.519249 0.140746 0.017348
0 0.878737 0.519249 0.145448 0.017348
0 0.200873 0.590067 0.280484 0.017348
0 0.427612 0.590067 0.172993 0.017348
0 0.589856 0.590067 0.150487 0.017348
0 0.735304 0.590067 0.140746 0.017348
0 0.878737 0.590067 0.145448 0.017348
0 0.200873 0.639496 0.280484 0.017348
0 0.427612 0.639496 0.172993 0.017348
0 0.589856 0.639496 0.150487 0.017348
0 0.735304 0.639496 0.140746 0.017348
0 0.878737 0.639496 0.145448 0.017348
0 0.176352 0.733603 0.231105 0.017348
0 0.373866 0.733603 0.163923 0.017348
0 0.529728 0.733603 0.148136 0.017348
0 0.682566 0.733603 0.156533 0.017348
0 0.819617 0.733603 0.116896 0.017348
0 0.911992 0.733603 0.067854 0.017348
0 0.176352 0.779468 0.231105 0.017348
0 0.373866 0.779468 0.163923 0.017348
0 0.529728 0.779468 0.148136 0.017348
0 0.682566 0.779468 0.156533 0.017348
0 0.819617 0.779468 0.116896 0.017348
0 0.911992 0.779468 0.067854 0.017348
0 0.176352 0.836502 0.231105 0.017348
0 0.373866 0.836502 0.163923 0.017348
0 0.529728 0.836502 0.148136 0.017348
0 0.682566 0.836502 0.156533 0.017348
0 0.819617 0.836502 0.116896 0.017348
0 0.911992 0.836502 0.067854 0.017348
