0 0.250654 0.195960 0.209804 0.021465
0 0.431373 0.195960 0.151634 0.021465
0 0.588235 0.195960 0.161765 0.021465
0 0.740196 0.195960 0.141176 0.021465
0 0.881699 0.195960 0.141503 0.021465
0 0.250654 0.261616 0.209804 0.021465
0 0.431373 0.261616 0.151634 0.021465
0 0.588235 0.261616 0.161765 0.021465
0 0.740196 0.261616 0.141176 0.021465
0 0.881699 0.261616 0.141503 0.021465
0 0.250654 0.318182 0.209804 0.021465
0 0.431373 0.318182 0.151634 0.021465
0 0.588235 0.318182 0.161765 0.021465
0 0.740196 0.318182 0.141176 0.021465
0 0.881699 0.318182 0.141503 0.021465
0 0.168301 0.420202 0.214379 0.021465
0 0.349346 0.420202 0.147386 0.021465
0 0.505882 0.420202 0.165686 0.021465
0 0.683660 0.420202 0.189542 0.021465
0 0.865686 0.420202 0.173856 0.021465
0 0.168301 0.495960 0.214379 0.021465
0 0.349346 0.495960 0.147386 0.021465
0 0.505882 0.495960 0.165686 0.021465
0 0.683660 0.495960 0.189542 0.021465
0 0.865686 0.495960 0.173856 0.021465
0 0.168301 0.552525 0.214379 0.021465
0 0.349346 0.552525 0.147386 0.021465
0 0.505882 0.552525 0.165686 0.021465
0 0.683660 0.552525 0.189542 0.021465
0 0.865686 0.552525 0.173856 0.021465
0 0.160784 0.654293 0.199346 0.021465
0 0.329412 0.654293 0.138235 0.021465
0 0.472222 0.654293 0.146732 0.021465
0 0.622549 0.654293 0.152941 0.021465
0 0.768954 0.654293 0.139869 0.021465
0 0.894118 0.654293 0.110784 0.021465
0 0.160784 0.722980 0.199346 0.021465
0 0.329412 0.722980 0.138235 0.021465
0 0.472222 0.722980 0.146732 0.021465
0 0.622549 0.722980 0.152941 0.021465
0 0.768954 0.722980 0.139869 0.021465
0 0.894118 0.722980 0.110784 0.021465
0 0.160784 0.779545 0.199346 0.021465
0 0.329412 0.779545 0.138235 0.021465
0 0.472222 0.779545 0.146732 0.021465
0 0.622549 0.779545 0.152941 0.021465
0 0.768954 0.779545 0.139869 0.021465
0 0.894118 0.779545 0.110784 0.021465
