0 0.215317 0.248812 0.169634 0.018298
0 0.388646 0.248812 0.169634 0.018298
0 0.546859 0.248812 0.139066 0.018298
0 0.705408 0.248812 0.170977 0.018298
0 0.864293 0.248812 0.139066 0.018298
0 0.215317 0.303707 0.169634 0.018298
0 0.388646 0.303707 0.169634 0.018298
0 0.546859 0.303707 0.139066 0.018298
0 0.705408 0.303707 0.170977 0.018298
0 0.864293 0.303707 0.139066 0.018298
0 0.148808 0.402329 0.182734 0.018298
0 0.306685 0.402329 0.125630 0.018298
0 0.449782 0.402329 0.153174 0.018298
0 0.639234 0.402329 0.218005 0.018298
0 0.849849 0.402329 0.203225 0.018298
0 0.148808 0.457462 0.182734 0.018298
0 0.306685 0.457462 0.125630 0.018298
0 0.449782 0.457462 0.153174 0.018298
0 0.639234 0.457462 0.218005 0.018298
0 0.849849 0.457462 0.203225 0.018298
0 0.205912 0.556084 0.296943 0.018298
0 0.488411 0.556084 0.268055 0.018298
0 0.787034 0.556084 0.328519 0.018298
0 0.205912 0.619059 0.296943 0.018298
0 0.488411 0.619059 0.268055 0.018298
0 0.787034 0.619059 0.328519 0.018298
0 0.205912 0.673954 0.296943 0.018298
0 0.488411 0.673954 0.268055 0.018298
0 0.787034 0.673954 0.328519 0.018298
0 0.191468 0.772576 0.268391 0.018298
0 0.456836 0.772576 0.261673 0.018298
0 0.762513 0.772576 0.341955 0.018298
0 0.191468 0.836027 0.268391 0.018298
0 0.456836 0.836027 0.261673 0.018298
0 0.762513 0.836027 0.341955 0.018298
0 0.191468 0.890922 0.268391 0.018298
0 0.456836 0.890922 0.261673 0.018298
0 0.762513 0.890922 0.341955 0.018298
