0 0.216325 0.075570 0.309372 0.018774
0 0.523682 0.075570 0.305341 0.018774
0 0.804837 0.075570 0.256970 0.018774
0 0.216325 0.177519 0.309372 0.018774
0 0.523682 0.177519 0.305341 0.018774
0 0.804837 0.177519 0.256970 0.018774
0 0.216325 0.243108 0.309372 0.018774
0 0.523682 0.243108 0.305341 0.018774
0 0.804837 0.243108 0.256970 0.018774
0 0.330870 0.349572 0.538126 0.018774
0 0.767215 0.349572 0.334229 0.018774
0 0.330870 0.419439 0.538126 0.018774
0 0.767215 0.419439 0.334229 0.018774
0 0.330870 0.466492 0.538126 0.018774
0 0.767215 0.466492 0.334229 0.018774
0 0.214310 0.572956 0.305005 0.018774
0 0.500840 0.572956 0.268391 0.018774
0 0.793416 0.572956 0.316090 0.018774
0 0.214310 0.647814 0.305005 0.018774
0 0.500840 0.647814 0.268391 0.018774
0 0.793416 0.647814 0.316090 0.018774
0 0.214310 0.707224 0.305005 0.018774
0 0.500840 0.707224 0.268391 0.018774
0 0.793416 0.707224 0.316090 0.018774
0 0.241518 0.813688 0.359758 0.018774
0 0.575747 0.813688 0.308700 0.018774
0 0.838428 0.813688 0.215653 0.018774
0 0.241518 0.885219 0.359758 0.018774
0 0.575747 0.885219 0.308700 0.018774
0 0.838428 0.885219 0.215653 0.018774
