0 0.275445 0.072481 0.429627 0.017348
0 0.720860 0.072481 0.461203 0.017348
0 0.275445 0.154468 0.429627 0.017348
0 0.720860 0.154468 0.461203 0.017348
0 0.275445 0.202709 0.429627 0.017348
0 0.720860 0.202709 0.461203 0.017348
0 0.292576 0.291825 0.463890 0.017348
0 0.737991 0.291825 0.426940 0.017348
0 0.292576 0.396863 0.463890 0.017348
0 0.737991 0.396863 0.426940 0.017348
0 0.292576 0.445105 0.463890 0.017348
0 0.737991 0.445105 0.426940 0.017348
0 0.233792 0.533983 0.346322 0.017348
0 0.516963 0.533983 0.219684 0.017348
0 0.789385 0.533983 0.324488 0.017348
0 0.233792 0.591255 0.346322 0.017348
0 0.516963 0.591255 0.219684 0.017348
0 0.789385 0.591255 0.324488 0.017348
0 0.233792 0.639496 0.346322 0.017348
0 0.516963 0.639496 0.219684 0.017348
0 0.789385 0.639496 0.324488 0.017348
0 0.210279 0.728375 0.298959 0.017348
0 0.480349 0.728375 0.241182 0.017348
0 0.768223 0.728375 0.334901 0.017348
0 0.210279 0.788973 0.298959 0.017348
0 0.480349 0.788973 0.241182 0.017348
0 0.768223 0.788973 0.334901 0.017348
0 0.210279 0.837215 0.298959 0.017348
0 0.480349 0.837215 0.241182 0.017348
0 0.768223 0.837215 0.334901 0.017348
