0 0.242190 0.151141 0.153174 0.015447
0 0.369835 0.151141 0.102116 0.015447
0 0.479678 0.151141 0.117232 0.015447
0 0.582466 0.151141 0.088008 0.015447
0 0.684918 0.151141 0.117232 0.015447
0 0.796775 0.151141 0.106147 0.015447
0 0.900907 0.151141 0.101444 0.015447
0 0.242190 0.197006 0.153174 0.015447
0 0.369835 0.197006 0.102116 0.015447
0 0.479678 0.197006 0.117232 0.015447
0 0.582466 0.197006 0.088008 0.015447
0 0.684918 0.197006 0.117232 0.015447
0 0.796775 0.197006 0.106147 0.015447
0 0.900907 0.197006 0.101444 0.015447
0 0.168962 0.280418 0.220020 0.015447
0 0.394357 0.280418 0.229762 0.015447
0 0.620087 0.280418 0.221364 0.015447
0 0.841451 0.280418 0.220692 0.015447
0 0.168962 0.329848 0.220020 0.015447
0 0.394357 0.329848 0.229762 0.015447
0 0.620087 0.329848 0.221364 0.015447
0 0.841451 0.329848 0.220692 0.015447
0 0.168962 0.371198 0.220020 0.015447
0 0.394357 0.371198 0.229762 0.015447
0 0.620087 0.371198 0.221364 0.015447
0 0.841451 0.371198 0.220692 0.015447
0 0.221700 0.454610 0.325495 0.015447
0 0.522338 0.454610 0.274773 0.015447
0 0.805845 0.454610 0.291569 0.015447
0 0.221700 0.499287 0.325495 0.015447
0 0.522338 0.499287 0.274773 0.015447
0 0.805845 0.499287 0.291569 0.015447
0 0.221700 0.540399 0.325495 0.015447
0 0.522338 0.540399 0.274773 0.015447
0 0.805845 0.540399 0.291569 0.015447
0 0.169298 0.623812 0.220356 0.015447
0 0.362110 0.623812 0.165267 0.015447
0 0.504535 0.623812 0.119248 0.015447
0 0.666443 0.623812 0.203561 0.015447
0 0.860262 0.623812 0.183406 0.015447
0 0.169298 0.670627 0.220356 0.015447
0 0.362110 0.670627 0.165267 0.015447
0 0.504535 0.670627 0.119248 0.015447
0 0.666443 0.670627 0.203561 0.015447
0 0.860262 0.670627 0.183406 0.015447
0 0.169298 0.716255 0.220356 0.015447
0 0.362110 0.716255 0.165267 0.015447
0 0.504535 0.716255 0.119248 0.015447
0 0.666443 0.716255 0.203561 0.015447
0 0.860262 0.716255 0.183406 0.015447
0 0.192140 0.799667 0.266376 0.015447
0 0.424589 0.799667 0.198186 0.015447
0 0.643265 0.799667 0.238831 0.015447
0 0.843467 0.799667 0.161572 0.015447
0 0.192140 0.855751 0.266376 0.015447
0 0.424589 0.855751 0.198186 0.015447
0 0.643265 0.855751 0.238831 0.015447
0 0.843467 0.855751 0.161572 0.015447
0 0.192140 0.896863 0.266376 0.015447
0 0.424589 0.896863 0.198186 0.015447
0 0.643265 0.896863 0.238831 0.015447
0 0.843467 0.896863 0.161572 0.015447
