0 0.189117 0.072481 0.256634 0.017348
0 0.475647 0.072481 0.316426 0.017348
0 0.784347 0.072481 0.300974 0.017348
0 0.189117 0.154705 0.256634 0.017348
0 0.475647 0.154705 0.316426 0.017348
0 0.784347 0.154705 0.300974 0.017348
0 0.189117 0.214591 0.256634 0.017348
0 0.475647 0.214591 0.316426 0.017348
0 0.784347 0.214591 0.300974 0.017348
0 0.233456 0.310837 0.345314 0.017348
0 0.551226 0.310837 0.290561 0.017348
0 0.817266 0.310837 0.235472 0.017348
0 0.233456 0.373099 0.345314 0.017348
0 0.551226 0.373099 0.290561 0.017348
0 0.817266 0.373099 0.235472 0.017348
0 0.233456 0.422529 0.345314 0.017348
0 0.551226 0.422529 0.290561 0.017348
0 0.817266 0.422529 0.235472 0.017348
0 0.297615 0.519011 0.473967 0.017348
0 0.743030 0.519011 0.416863 0.017348
0 0.297615 0.595532 0.473967 0.017348
0 0.743030 0.595532 0.416863 0.017348
0 0.297615 0.664211 0.473967 0.017348
0 0.743030 0.664211 0.416863 0.017348
0 0.289553 0.760456 0.457508 0.017348
0 0.734968 0.760456 0.433322 0.017348
0 0.289553 0.834838 0.457508 0.017348
0 0.734968 0.834838 0.433322 0.017348
0 0.289553 0.887833 0.457508 0.017348
0 0.734968 0.887833 0.433322 0.017348
