0 0.344978 0.183698 0.346322 0.018061
0 0.639906 0.183698 0.242526 0.018061
0 0.858247 0.183698 0.186429 0.018061
0 0.344978 0.253089 0.346322 0.018061
0 0.639906 0.253089 0.242526 0.018061
0 0.858247 0.253089 0.186429 0.018061
0 0.344978 0.306321 0.346322 0.018061
0 0.639906 0.306321 0.242526 0.018061
0 0.858247 0.306321 0.186429 0.018061
0 0.150151 0.384030 0.177696 0.018061
0 0.319785 0.384030 0.160900 0.018061
0 0.484716 0.384030 0.168626 0.018061
0 0.628821 0.384030 0.119583 0.018061
0 0.770574 0.384030 0.163588 0.018061
0 0.901915 0.384030 0.099093 0.018061
0 0.150151 0.454848 0.177696 0.018061
0 0.319785 0.454848 0.160900 0.018061
0 0.484716 0.454848 0.168626 0.018061
0 0.628821 0.454848 0.119583 0.018061
0 0.770574 0.454848 0.163588 0.018061
0 0.901915 0.454848 0.099093 0.018061
0 0.150151 0.513783 0.177696 0.018061
0 0.319785 0.513783 0.160900 0.018061
0 0.484716 0.513783 0.168626 0.018061
0 0.628821 0.513783 0.119583 0.018061
0 0.770574 0.513783 0.163588 0.018061
0 0.901915 0.513783 0.099093 0.018061
0 0.153846 0.591492 0.185086 0.018061
0 0.293248 0.591492 0.093383 0.018061
0 0.380584 0.591492 0.080954 0.018061
0 0.461203 0.591492 0.080282 0.018061
0 0.550218 0.591492 0.097078 0.018061
0 0.641921 0.591492 0.085321 0.018061
0 0.727578 0.591492 0.085321 0.018061
0 0.809540 0.591492 0.077931 0.018061
0 0.891502 0.591492 0.085993 0.018061
0 0.153846 0.659933 0.185086 0.018061
0 0.293248 0.659933 0.093383 0.018061
0 0.380584 0.659933 0.080954 0.018061
0 0.461203 0.659933 0.080282 0.018061
0 0.550218 0.659933 0.097078 0.018061
0 0.641921 0.659933 0.085321 0.018061
0 0.727578 0.659933 0.085321 0.018061
0 0.809540 0.659933 0.077931 0.018061
0 0.891502 0.659933 0.085993 0.018061
0 0.153846 0.707700 0.185086 0.018061
0 0.293248 0.707700 0.093383 0.018061
0 0.380584 0.707700 0.080954 0.018061
0 0.461203 0.707700 0.080282 0.018061
0 0.550218 0.707700 0.097078 0.018061
0 0.641921 0.707700 0.085321 0.018061
0 0.727578 0.707700 0.085321 0.018061
0 0.809540 0.707700 0.077931 0.018061
0 0.891502 0.707700 0.085993 0.018061
0 0.226067 0.785171 0.329190 0.018061
0 0.532415 0.785171 0.283507 0.018061
0 0.812899 0.785171 0.277125 0.018061
0 0.226067 0.850523 0.329190 0.018061
0 0.532415 0.850523 0.283507 0.018061
0 0.812899 0.850523 0.277125 0.018061
0 0.226067 0.898289 0.329190 0.018061
0 0.532415 0.898289 0.283507 0.018061
0 0.812899 0.898289 0.277125 0.018061
