0 0.246893 0.115257 0.370843 0.018061
0 0.573060 0.115257 0.281491 0.018061
0 0.832718 0.115257 0.237823 0.018061
0 0.246893 0.163023 0.370843 0.018061
0 0.573060 0.163023 0.281491 0.018061
0 0.832718 0.163023 0.237823 0.018061
0 0.246893 0.236930 0.370843 0.018061
0 0.573060 0.236930 0.281491 0.018061
0 0.832718 0.236930 0.237823 0.018061
0 0.214310 0.327471 0.305677 0.018061
0 0.515620 0.327471 0.296943 0.018061
0 0.807860 0.327471 0.287538 0.018061
0 0.214310 0.391873 0.305677 0.018061
0 0.515620 0.391873 0.296943 0.018061
0 0.807860 0.391873 0.287538 0.018061
0 0.214310 0.450095 0.305677 0.018061
0 0.515620 0.450095 0.296943 0.018061
0 0.807860 0.450095 0.287538 0.018061
0 0.226067 0.540637 0.329190 0.018061
0 0.529728 0.540637 0.278468 0.018061
0 0.810548 0.540637 0.282163 0.018061
0 0.226067 0.605751 0.329190 0.018061
0 0.529728 0.605751 0.278468 0.018061
0 0.810548 0.605751 0.282163 0.018061
0 0.226067 0.665399 0.329190 0.018061
0 0.529728 0.665399 0.278468 0.018061
0 0.810548 0.665399 0.282163 0.018061
0 0.230097 0.755941 0.337588 0.018061
0 0.538797 0.755941 0.279140 0.018061
0 0.814914 0.755941 0.273094 0.018061
0 0.230097 0.812025 0.337588 0.018061
0 0.538797 0.812025 0.279140 0.018061
0 0.814914 0.812025 0.273094 0.018061
0 0.230097 0.891397 0.337588 0.018061
0 0.538797 0.891397 0.279140 0.018061
0 0.814914 0.891397 0.273094 0.018061
