0 0.188445 0.195580 0.111522 0.017348
0 0.419550 0.195580 0.350017 0.017348
0 0.772926 0.195580 0.357071 0.017348
0 0.188445 0.249287 0.111522 0.017348
0 0.419550 0.249287 0.350017 0.017348
0 0.772926 0.249287 0.357071 0.017348
0 0.188445 0.297529 0.111522 0.017348
0 0.419550 0.297529 0.350017 0.017348
0 0.772926 0.297529 0.357071 0.017348
0 0.206248 0.375238 0.290897 0.017348
0 0.478670 0.375238 0.254283 0.017348
0 0.778972 0.375238 0.345314 0.017348
0 0.206248 0.426568 0.290897 0.017348
0 0.478670 0.426568 0.254283 0.017348
0 0.778972 0.426568 0.345314 0.017348
0 0.206248 0.474810 0.290897 0.017348
0 0.478670 0.474810 0.254283 0.017348
0 0.778972 0.474810 0.345314 0.017348
0 0.291905 0.552519 0.462546 0.017348
0 0.737319 0.552519 0.428284 0.017348
0 0.291905 0.618821 0.462546 0.017348
0 0.737319 0.618821 0.428284 0.017348
0 0.291905 0.677281 0.462546 0.017348
0 0.737319 0.677281 0.428284 0.017348
0 0.296271 0.754990 0.470944 0.017348
0 0.741686 0.754990 0.419886 0.017348
0 0.296271 0.844582 0.470944 0.017348
0 0.741686 0.844582 0.419886 0.017348
0 0.296271 0.892823 0.470944 0.017348
0 0.741686 0.892823 0.419886 0.017348
