0 0.256634 0.144487 0.213974 0.020200
0 0.434666 0.144487 0.141082 0.020200
0 0.575747 0.144487 0.141082 0.020200
0 0.722204 0.144487 0.151831 0.020200
0 0.874706 0.144487 0.153174 0.020200
0 0.256634 0.199620 0.213974 0.020200
0 0.434666 0.199620 0.141082 0.020200
0 0.575747 0.199620 0.141082 0.020200
0 0.722204 0.199620 0.151831 0.020200
0 0.874706 0.199620 0.153174 0.020200
0 0.256634 0.270200 0.213974 0.020200
0 0.434666 0.270200 0.141082 0.020200
0 0.575747 0.270200 0.141082 0.020200
0 0.722204 0.270200 0.151831 0.020200
0 0.874706 0.270200 0.153174 0.020200
0 0.153174 0.339116 0.181055 0.020200
0 0.316090 0.339116 0.143769 0.020200
0 0.451125 0.339116 0.125966 0.020200
0 0.590863 0.339116 0.153510 0.020200
0 0.745045 0.339116 0.153846 0.020200
0 0.886799 0.339116 0.129325 0.020200
0 0.153174 0.425143 0.181055 0.020200
0 0.316090 0.425143 0.143769 0.020200
0 0.451125 0.425143 0.125966 0.020200
0 0.590863 0.425143 0.153510 0.020200
0 0.745045 0.425143 0.153846 0.020200
0 0.886799 0.425143 0.129325 0.020200
0 0.153174 0.478375 0.181055 0.020200
0 0.316090 0.478375 0.143769 0.020200
0 0.451125 0.478375 0.125966 0.020200
0 0.590863 0.478375 0.153510 0.020200
0 0.745045 0.478375 0.153846 0.020200
0 0.886799 0.478375 0.129325 0.020200
0 0.155190 0.547291 0.184750 0.020200
0 0.324488 0.547291 0.153174 0.020200
0 0.489755 0.547291 0.177360 0.020200
0 0.641585 0.547291 0.125630 0.020200
0 0.762177 0.547291 0.115888 0.020200
0 0.886127 0.547291 0.131004 0.020200
0 0.155190 0.624525 0.184750 0.020200
0 0.324488 0.624525 0.153174 0.020200
0 0.489755 0.624525 0.177360 0.020200
0 0.641585 0.624525 0.125630 0.020200
0 0.762177 0.624525 0.115888 0.020200
0 0.886127 0.624525 0.131004 0.020200
0 0.155190 0.683460 0.184750 0.020200
0 0.324488 0.683460 0.153174 0.020200
0 0.489755 0.683460 0.177360 0.020200
0 0.641585 0.683460 0.125630 0.020200
0 0.762177 0.683460 0.115888 0.020200
0 0.886127 0.683460 0.131004 0.020200
0 0.150151 0.752376 0.175008 0.020200
0 0.299966 0.752376 0.123950 0.020200
0 0.421901 0.752376 0.119583 0.020200
0 0.537454 0.752376 0.111522 0.020200
0 0.649311 0.752376 0.111522 0.020200
0 0.766208 0.752376 0.122271 0.020200
0 0.889486 0.752376 0.123950 0.020200
0 0.150151 0.833888 0.175008 0.020200
0 0.299966 0.833888 0.123950 0.020200
0 0.421901 0.833888 0.119583 0.020200
0 0.537454 0.833888 0.111522 0.020200
0 0.649311 0.833888 0.111522 0.020200
0 0.766208 0.833888 0.122271 0.020200
0 0.889486 0.833888 0.123950 0.020200
0 0.150151 0.886882 0.175008 0.020200
0 0.299966 0.886882 0.123950 0.020200
0 0.421901 0.886882 0.119583 0.020200
0 0.537454 0.886882 0.111522 0.020200
0 0.649311 0.886882 0.111522 0.020200
0 0.766208 0.886882 0.122271 0.020200
0 0.889486 0.886882 0.123950 0.020200
