0 0.330534 0.154468 0.278132 0.020200
0 0.594222 0.154468 0.249580 0.020200
0 0.835405 0.154468 0.232449 0.020200
0 0.330534 0.228137 0.278132 0.020200
0 0.594222 0.228137 0.249580 0.020200
0 0.835405 0.228137 0.232449 0.020200
0 0.330534 0.285884 0.278132 0.020200
0 0.594222 0.285884 0.249580 0.020200
0 0.835405 0.285884 0.232449 0.020200
0 0.330534 0.349097 0.278132 0.020200
0 0.594222 0.349097 0.249580 0.020200
0 0.835405 0.349097 0.232449 0.020200
0 0.229762 0.419439 0.334229 0.020200
0 0.525025 0.419439 0.256298 0.020200
0 0.802486 0.419439 0.297951 0.020200
0 0.229762 0.490732 0.334229 0.020200
0 0.525025 0.490732 0.256298 0.020200
0 0.802486 0.490732 0.297951 0.020200
0 0.229762 0.544439 0.334229 0.020200
0 0.525025 0.544439 0.256298 0.020200
0 0.802486 0.544439 0.297951 0.020200
0 0.229762 0.608127 0.334229 0.020200
0 0.525025 0.608127 0.256298 0.020200
0 0.802486 0.608127 0.297951 0.020200
0 0.230097 0.678470 0.334565 0.020200
0 0.544844 0.678470 0.294592 0.020200
0 0.821968 0.678470 0.259321 0.020200
0 0.230097 0.748574 0.334565 0.020200
0 0.544844 0.748574 0.294592 0.020200
0 0.821968 0.748574 0.259321 0.020200
0 0.230097 0.819392 0.334565 0.020200
0 0.544844 0.819392 0.294592 0.020200
0 0.821968 0.819392 0.259321 0.020200
0 0.230097 0.886882 0.334565 0.020200
0 0.544844 0.886882 0.294592 0.020200
0 0.821968 0.886882 0.259321 0.020200
