0 0.078603 0.108127 0.042996 0.018298
0 0.256970 0.108127 0.304333 0.018298
0 0.559960 0.108127 0.301646 0.018298
0 0.831374 0.108127 0.240511 0.018298
0 0.078603 0.169202 0.042996 0.018298
0 0.256970 0.169202 0.304333 0.018298
0 0.559960 0.169202 0.301646 0.018298
0 0.831374 0.169202 0.240511 0.018298
0 0.078603 0.230276 0.042996 0.018298
0 0.256970 0.230276 0.304333 0.018298
0 0.559960 0.230276 0.301646 0.018298
0 0.831374 0.230276 0.240511 0.018298
0 0.078603 0.278517 0.042996 0.018298
0 0.256970 0.278517 0.304333 0.018298
0 0.559960 0.278517 0.301646 0.018298
0 0.831374 0.278517 0.240511 0.018298
0 0.197178 0.398527 0.280148 0.018298
0 0.497817 0.398527 0.321129 0.018298
0 0.805173 0.398527 0.292912 0.018298
0 0.197178 0.470057 0.280148 0.018298
0 0.497817 0.470057 0.321129 0.018298
0 0.805173 0.470057 0.292912 0.018298
0 0.197178 0.536359 0.280148 0.018298
0 0.497817 0.536359 0.321129 0.018298
0 0.805173 0.536359 0.292912 0.018298
0 0.197178 0.585789 0.280148 0.018298
0 0.497817 0.585789 0.321129 0.018298
0 0.805173 0.585789 0.292912 0.018298
0 0.208935 0.705798 0.303661 0.018298
0 0.509573 0.705798 0.297951 0.018298
0 0.805173 0.705798 0.292912 0.018298
0 0.208935 0.757842 0.303661 0.018298
0 0.509573 0.757842 0.297951 0.018298
0 0.805173 0.757842 0.292912 0.018298
0 0.208935 0.817253 0.303661 0.018298
0 0.509573 0.817253 0.297951 0.018298
0 0.805173 0.817253 0.292912 0.018298
0 0.208935 0.865494 0.303661 0.018298
0 0.509573 0.865494 0.297951 0.018298
0 0.805173 0.865494 0.292912 0.018298
