0 0.152288 0.108081 0.183007 0.020707
0 0.306863 0.108081 0.126144 0.020707
0 0.448039 0.108081 0.156536 0.020707
0 0.600000 0.108081 0.147059 0.020707
0 0.753922 0.108081 0.160131 0.020707
0 0.893464 0.108081 0.118627 0.020707
0 0.152288 0.173737 0.183007 0.020707
0 0.306863 0.173737 0.126144 0.020707
0 0.448039 0.173737 0.156536 0.020707
0 0.600000 0.173737 0.147059 0.020707
0 0.753922 0.173737 0.160131 0.020707
0 0.893464 0.173737 0.118627 0.020707
0 0.152288 0.228283 0.183007 0.020707
0 0.306863 0.228283 0.126144 0.020707
0 0.448039 0.228283 0.156536 0.020707
0 0.600000 0.228283 0.147059 0.020707
0 0.753922 0.228283 0.160131 0.020707
0 0.893464 0.228283 0.118627 0.020707
0 0.165359 0.378788 0.209477 0.020707
0 0.362745 0.378788 0.185294 0.020707
0 0.541176 0.378788 0.170915 0.020707
0 0.705229 0.378788 0.156209 0.020707
0 0.867974 0.378788 0.169281 0.020707
0 0.165359 0.443687 0.209477 0.020707
0 0.362745 0.443687 0.185294 0.020707
0 0.541176 0.443687 0.170915 0.020707
0 0.705229 0.443687 0.156209 0.020707
0 0.867974 0.443687 0.169281 0.020707
0 0.165359 0.498232 0.209477 0.020707
0 0.362745 0.498232 0.185294 0.020707
0 0.541176 0.498232 0.170915 0.020707
0 0.705229 0.498232 0.156209 0.020707
0 0.867974 0.498232 0.169281 0.020707
0 0.178105 0.648737 0.234641 0.020707
0 0.374510 0.648737 0.157843 0.020707
0 0.539542 0.648737 0.172222 0.020707
0 0.708170 0.648737 0.164379 0.020707
0 0.871569 0.648737 0.162418 0.020707
0 0.178105 0.718687 0.234641 0.020707
0 0.374510 0.718687 0.157843 0.020707
0 0.539542 0.718687 0.172222 0.020707
0 0.708170 0.718687 0.164379 0.020707
0 0.871569 0.718687 0.162418 0.020707
0 0.178105 0.772980 0.234641 0.020707
0 0.374510 0.772980 0.157843 0.020707
0 0.539542 0.772980 0.172222 0.020707
0 0.708170 0.772980 0.164379 0.020707
0 0.871569 0.772980 0.162418 0.020707
