0 0.258650 0.257605 0.159557 0.018298
0 0.458179 0.257605 0.230097 0.018298
0 0.686261 0.257605 0.225731 0.018298
0 0.875378 0.257605 0.152503 0.018298
0 0.258650 0.334363 0.159557 0.018298
0 0.458179 0.334363 0.230097 0.018298
0 0.686261 0.334363 0.225731 0.018298
0 0.875378 0.334363 0.152503 0.018298
0 0.258650 0.397338 0.159557 0.018298
0 0.458179 0.397338 0.230097 0.018298
0 0.686261 0.397338 0.225731 0.018298
0 0.875378 0.397338 0.152503 0.018298
0 0.258650 0.451759 0.159557 0.018298
0 0.458179 0.451759 0.230097 0.018298
0 0.686261 0.451759 0.225731 0.018298
0 0.875378 0.451759 0.152503 0.018298
0 0.162244 0.598622 0.210279 0.018298
0 0.397716 0.598622 0.260665 0.018298
0 0.644945 0.598622 0.233456 0.018298
0 0.856567 0.598622 0.189788 0.018298
0 0.162244 0.676093 0.210279 0.018298
0 0.397716 0.676093 0.260665 0.018298
0 0.644945 0.676093 0.233456 0.018298
0 0.856567 0.676093 0.189788 0.018298
0 0.162244 0.742633 0.210279 0.018298
0 0.397716 0.742633 0.260665 0.018298
0 0.644945 0.742633 0.233456 0.018298
0 0.856567 0.742633 0.189788 0.018298
0 0.162244 0.791825 0.210279 0.018298
0 0.397716 0.791825 0.260665 0.018298
0 0.644945 0.791825 0.233456 0.018298
0 0.856567 0.791825 0.189788 0.018298
