0 0.388777 0.262057 0.393145 0.018769
0 0.756720 0.262057 0.342070 0.018769
0 0.388777 0.330720 0.393145 0.018769
0 0.756720 0.330720 0.342070 0.018769
0 0.388777 0.380138 0.393145 0.018769
0 0.756720 0.380138 0.342070 0.018769
0 0.304435 0.512236 0.447245 0.018769
0 0.727823 0.512236 0.399530 0.018769
0 0.304435 0.586600 0.447245 0.018769
0 0.727823 0.586600 0.399530 0.018769
0 0.304435 0.636256 0.447245 0.018769
0 0.727823 0.636256 0.399530 0.018769
0 0.254368 0.768116 0.346774 0.018769
0 0.557796 0.768116 0.259745 0.018769
0 0.807796 0.768116 0.239919 0.018769
0 0.254368 0.841530 0.346774 0.018769
0 0.557796 0.841530 0.259745 0.018769
0 0.807796 0.841530 0.239919 0.018769
0 0.254368 0.892373 0.346774 0.018769
0 0.557796 0.892373 0.259745 0.018769
0 0.807796 0.892373 0.239919 0.018769
