0 0.186765 0.093869 0.247901 0.020200
0 0.432650 0.093869 0.243870 0.020200
0 0.643601 0.093869 0.177696 0.020200
0 0.842123 0.093869 0.219012 0.020200
0 0.186765 0.170152 0.247901 0.020200
0 0.432650 0.170152 0.243870 0.020200
0 0.643601 0.170152 0.177696 0.020200
0 0.842123 0.170152 0.219012 0.020200
0 0.186765 0.223384 0.247901 0.020200
0 0.432650 0.223384 0.243870 0.020200
0 0.643601 0.223384 0.177696 0.020200
0 0.842123 0.223384 0.219012 0.020200
0 0.168962 0.318441 0.212294 0.020200
0 0.392677 0.318441 0.234800 0.020200
0 0.620759 0.318441 0.221364 0.020200
0 0.841787 0.318441 0.219684 0.020200
0 0.168962 0.381654 0.212294 0.020200
0 0.392677 0.381654 0.234800 0.020200
0 0.620759 0.381654 0.221364 0.020200
0 0.841787 0.381654 0.219684 0.020200
0 0.168962 0.434648 0.212294 0.020200
0 0.392677 0.434648 0.234800 0.020200
0 0.620759 0.434648 0.221364 0.020200
0 0.841787 0.434648 0.219684 0.020200
0 0.200873 0.529705 0.276453 0.020200
0 0.447430 0.529705 0.215653 0.020200
0 0.660396 0.529705 0.210279 0.020200
0 0.858582 0.529705 0.186093 0.020200
0 0.200873 0.610029 0.276453 0.020200
0 0.447430 0.610029 0.215653 0.020200
0 0.660396 0.610029 0.210279 0.020200
0 0.858582 0.610029 0.186093 0.020200
0 0.200873 0.675618 0.276453 0.020200
0 0.447430 0.675618 0.215653 0.020200
0 0.660396 0.675618 0.210279 0.020200
0 0.858582 0.675618 0.186093 0.020200
0 0.208263 0.770675 0.290897 0.020200
0 0.469600 0.770675 0.231441 0.020200
0 0.701041 0.770675 0.231441 0.020200
0 0.881088 0.770675 0.128653 0.020200
0 0.208263 0.833888 0.290897 0.020200
0 0.469600 0.833888 0.231441 0.020200
0 0.701041 0.833888 0.231441 0.020200
0 0.881088 0.833888 0.128653 0.020200
0 0.208263 0.886882 0.290897 0.020200
0 0.469600 0.886882 0.231441 0.020200
0 0.701041 0.886882 0.231441 0.020200
0 0.881088 0.886882 0.128653 0.020200
