0 0.202553 0.075570 0.281491 0.018774
0 0.445751 0.075570 0.204232 0.018774
0 0.660060 0.075570 0.224723 0.018774
0 0.861942 0.075570 0.179039 0.018774
0 0.202553 0.146863 0.281491 0.018774
0 0.445751 0.146863 0.204232 0.018774
0 0.660060 0.146863 0.224723 0.018774
0 0.861942 0.146863 0.179039 0.018774
0 0.202553 0.209125 0.281491 0.018774
0 0.445751 0.209125 0.204232 0.018774
0 0.660060 0.209125 0.224723 0.018774
0 0.861942 0.209125 0.179039 0.018774
0 0.181391 0.312500 0.239167 0.018774
0 0.412160 0.312500 0.222372 0.018774
0 0.617400 0.312500 0.187773 0.018774
0 0.831710 0.312500 0.239839 0.018774
0 0.181391 0.381654 0.239167 0.018774
0 0.412160 0.381654 0.222372 0.018774
0 0.617400 0.381654 0.187773 0.018774
0 0.831710 0.381654 0.239839 0.018774
0 0.181391 0.448907 0.239167 0.018774
0 0.412160 0.448907 0.222372 0.018774
0 0.617400 0.448907 0.187773 0.018774
0 0.831710 0.448907 0.239839 0.018774
0 0.206920 0.552281 0.290225 0.018774
0 0.448774 0.552281 0.193819 0.018774
0 0.647632 0.552281 0.202889 0.018774
0 0.850521 0.552281 0.202217 0.018774
0 0.206920 0.613831 0.290225 0.018774
0 0.448774 0.613831 0.193819 0.018774
0 0.647632 0.613831 0.202889 0.018774
0 0.850521 0.613831 0.202217 0.018774
0 0.206920 0.673241 0.290225 0.018774
0 0.448774 0.673241 0.193819 0.018774
0 0.647632 0.673241 0.202889 0.018774
0 0.850521 0.673241 0.202217 0.018774
0 0.177024 0.776616 0.230769 0.018774
0 0.356063 0.776616 0.127309 0.018774
0 0.479678 0.776616 0.118912 0.018774
0 0.596238 0.776616 0.113537 0.018774
0 0.731273 0.776616 0.156533 0.018774
0 0.878065 0.776616 0.136379 0.018774
0 0.177024 0.833175 0.230769 0.018774
0 0.356063 0.833175 0.127309 0.018774
0 0.479678 0.833175 0.118912 0.018774
0 0.596238 0.833175 0.113537 0.018774
0 0.731273 0.833175 0.156533 0.018774
0 0.878065 0.833175 0.136379 0.018774
0 0.177024 0.889734 0.230769 0.018774
0 0.356063 0.889734 0.127309 0.018774
0 0.479678 0.889734 0.118912 0.018774
0 0.596238 0.889734 0.113537 0.018774
0 0.731273 0.889734 0.156533 0.018774
0 0.878065 0.889734 0.136379 0.018774
