0 0.163588 0.081749 0.199866 0.021388
0 0.337588 0.081749 0.147128 0.021388
0 0.476990 0.081749 0.131676 0.021388
0 0.602284 0.081749 0.118576 0.021388
0 0.721196 0.081749 0.118912 0.021388
0 0.866308 0.081749 0.170642 0.021388
0 0.163588 0.166587 0.199866 0.021388
0 0.337588 0.166587 0.147128 0.021388
0 0.476990 0.166587 0.131676 0.021388
0 0.602284 0.166587 0.118576 0.021388
0 0.721196 0.166587 0.118912 0.021388
0 0.866308 0.166587 0.170642 0.021388
0 0.163588 0.223146 0.199866 0.021388
0 0.337588 0.223146 0.147128 0.021388
0 0.476990 0.223146 0.131676 0.021388
0 0.602284 0.223146 0.118576 0.021388
0 0.721196 0.223146 0.118912 0.021388
0 0.866308 0.223146 0.170642 0.021388
0 0.156869 0.302757 0.186429 0.021388
0 0.306349 0.302757 0.111858 0.021388
0 0.424253 0.302757 0.123614 0.021388
0 0.588176 0.302757 0.203561 0.021388
0 0.753779 0.302757 0.127645 0.021388
0 0.884447 0.302757 0.133692 0.021388
0 0.156869 0.391635 0.186429 0.021388
0 0.306349 0.391635 0.111858 0.021388
0 0.424253 0.391635 0.123614 0.021388
0 0.588176 0.391635 0.203561 0.021388
0 0.753779 0.391635 0.127645 0.021388
0 0.884447 0.391635 0.133692 0.021388
0 0.156869 0.448194 0.186429 0.021388
0 0.306349 0.448194 0.111858 0.021388
0 0.424253 0.448194 0.123614 0.021388
0 0.588176 0.448194 0.203561 0.021388
0 0.753779 0.448194 0.127645 0.021388
0 0.884447 0.448194 0.133692 0.021388
0 0.191468 0.535171 0.255626 0.021388
0 0.425260 0.535171 0.210951 0.021388
0 0.583473 0.535171 0.105139 0.021388
0 0.688613 0.535171 0.105139 0.021388
0 0.793752 0.535171 0.105139 0.021388
0 0.898892 0.535171 0.105139 0.021388
0 0.191468 0.625475 0.255626 0.021388
0 0.425260 0.625475 0.210951 0.021388
0 0.583473 0.625475 0.105139 0.021388
0 0.688613 0.625475 0.105139 0.021388
0 0.793752 0.625475 0.105139 0.021388
0 0.898892 0.625475 0.105139 0.021388
0 0.191468 0.682034 0.255626 0.021388
0 0.425260 0.682034 0.210951 0.021388
0 0.583473 0.682034 0.105139 0.021388
0 0.688613 0.682034 0.105139 0.021388
0 0.793752 0.682034 0.105139 0.021388
0 0.898892 0.682034 0.105139 0.021388
0 0.138058 0.761644 0.148808 0.021388
0 0.258986 0.761644 0.092375 0.021388
0 0.354720 0.761644 0.098757 0.021388
0 0.457508 0.761644 0.106147 0.021388
0 0.565670 0.761644 0.100437 0.021388
0 0.671817 0.761644 0.111522 0.021388
0 0.761505 0.761644 0.067182 0.021388
0 0.836412 0.761644 0.082969 0.021388
0 0.911656 0.761644 0.067182 0.021388
0 0.138058 0.818203 0.148808 0.021388
0 0.258986 0.818203 0.092375 0.021388
0 0.354720 0.818203 0.098757 0.021388
0 0.457508 0.818203 0.106147 0.021388
0 0.565670 0.818203 0.100437 0.021388
0 0.671817 0.818203 0.111522 0.021388
0 0.761505 0.818203 0.067182 0.021388
0 0.836412 0.818203 0.082969 0.021388
0 0.911656 0.818203 0.067182 0.021388
0 0.138058 0.883793 0.148808 0.021388
0 0.258986 0.883793 0.092375 0.021388
0 0.354720 0.883793 0.098757 0.021388
0 0.457508 0.883793 0.106147 0.021388
0 0.565670 0.883793 0.100437 0.021388
0 0.671817 0.883793 0.111522 0.021388
0 0.761505 0.883793 0.067182 0.021388
0 0.836412 0.883793 0.082969 0.021388
0 0.911656 0.883793 0.067182 0.021388
