0 0.293464 0.195960 0.295752 0.021465
0 0.569281 0.195960 0.254902 0.021465
0 0.824837 0.195960 0.256209 0.021465
0 0.293464 0.263384 0.295752 0.021465
0 0.569281 0.263384 0.254902 0.021465
0 0.824837 0.263384 0.256209 0.021465
0 0.293464 0.319697 0.295752 0.021465
0 0.569281 0.319697 0.254902 0.021465
0 0.824837 0.319697 0.256209 0.021465
0 0.215686 0.384848 0.309150 0.021465
0 0.514379 0.384848 0.288562 0.021465
0 0.805882 0.384848 0.293791 0.021465
0 0.215686 0.449747 0.309150 0.021465
0 0.514379 0.449747 0.288562 0.021465
0 0.805882 0.449747 0.293791 0.021465
0 0.215686 0.506313 0.309150 0.021465
0 0.514379 0.506313 0.288562 0.021465
0 0.805882 0.506313 0.293791 0.021465
0 0.217974 0.571465 0.314052 0.021465
0 0.520261 0.571465 0.289542 0.021465
0 0.809150 0.571465 0.287582 0.021465
0 0.217974 0.633081 0.314052 0.021465
0 0.520261 0.633081 0.289542 0.021465
0 0.809150 0.633081 0.287582 0.021465
0 0.217974 0.689394 0.314052 0.021465
0 0.520261 0.689394 0.289542 0.021465
0 0.809150 0.689394 0.287582 0.021465
0 0.223856 0.754545 0.325817 0.021465
0 0.538235 0.754545 0.301961 0.021465
0 0.820915 0.754545 0.263725 0.021465
0 0.223856 0.823232 0.325817 0.021465
0 0.538235 0.823232 0.301961 0.021465
0 0.820915 0.823232 0.263725 0.021465
0 0.223856 0.879545 0.325817 0.021465
0 0.538235 0.879545 0.301961 0.021465
0 0.820915 0.879545 0.263725 0.021465
