0 0.192484 0.212374 0.100654 0.020707
0 0.326471 0.212374 0.166993 0.020707
0 0.509150 0.212374 0.198366 0.020707
0 0.705556 0.212374 0.193791 0.020707
0 0.877778 0.212374 0.150000 0.020707
0 0.192484 0.277273 0.100654 0.020707
0 0.326471 0.277273 0.166993 0.020707
0 0.509150 0.277273 0.198366 0.020707
0 0.705556 0.277273 0.193791 0.020707
0 0.877778 0.277273 0.150000 0.020707
0 0.192484 0.331818 0.100654 0.020707
0 0.326471 0.331818 0.166993 0.020707
0 0.509150 0.331818 0.198366 0.020707
0 0.705556 0.331818 0.193791 0.020707
0 0.877778 0.331818 0.150000 0.020707
0 0.164706 0.476263 0.207843 0.020707
0 0.364706 0.476263 0.192484 0.020707
0 0.540196 0.476263 0.157516 0.020707
0 0.697386 0.476263 0.156863 0.020707
0 0.864379 0.476263 0.176797 0.020707
0 0.164706 0.545960 0.207843 0.020707
0 0.364706 0.545960 0.192484 0.020707
0 0.540196 0.545960 0.157516 0.020707
0 0.697386 0.545960 0.156863 0.020707
0 0.864379 0.545960 0.176797 0.020707
0 0.164706 0.600253 0.207843 0.020707
0 0.364706 0.600253 0.192484 0.020707
0 0.540196 0.600253 0.157516 0.020707
0 0.697386 0.600253 0.156863 0.020707
0 0.864379 0.600253 0.176797 0.020707
0 0.168301 0.744697 0.215033 0.020707
0 0.378758 0.744697 0.206209 0.020707
0 0.559804 0.744697 0.155229 0.020707
0 0.717974 0.744697 0.160784 0.020707
0 0.875490 0.744697 0.154248 0.020707
0 0.168301 0.811364 0.215033 0.020707
0 0.378758 0.811364 0.206209 0.020707
0 0.559804 0.811364 0.155229 0.020707
0 0.717974 0.811364 0.160784 0.020707
0 0.875490 0.811364 0.154248 0.020707
0 0.168301 0.865909 0.215033 0.020707
0 0.378758 0.865909 0.206209 0.020707
0 0.559804 0.865909 0.155229 0.020707
0 0.717974 0.865909 0.160784 0.020707
0 0.875490 0.865909 0.154248 0.020707
