0 0.198186 0.078660 0.270742 0.020200
0 0.430635 0.078660 0.194155 0.020200
0 0.618744 0.078660 0.181727 0.020200
0 0.830702 0.078660 0.241518 0.020200
0 0.198186 0.143061 0.270742 0.020200
0 0.430635 0.143061 0.194155 0.020200
0 0.618744 0.143061 0.181727 0.020200
0 0.830702 0.143061 0.241518 0.020200
0 0.198186 0.201283 0.270742 0.020200
0 0.430635 0.201283 0.194155 0.020200
0 0.618744 0.201283 0.181727 0.020200
0 0.830702 0.201283 0.241518 0.020200
0 0.193147 0.289686 0.261001 0.020200
0 0.418542 0.289686 0.188781 0.020200
0 0.623111 0.289686 0.220692 0.020200
0 0.842459 0.289686 0.218005 0.020200
0 0.193147 0.354325 0.261001 0.020200
0 0.418542 0.354325 0.188781 0.020200
0 0.623111 0.354325 0.220692 0.020200
0 0.842459 0.354325 0.218005 0.020200
0 0.193147 0.412548 0.261001 0.020200
0 0.418542 0.412548 0.188781 0.020200
0 0.623111 0.412548 0.220692 0.020200
0 0.842459 0.412548 0.218005 0.020200
0 0.203561 0.500951 0.281827 0.020200
0 0.452469 0.500951 0.215317 0.020200
0 0.659389 0.500951 0.197514 0.020200
0 0.854887 0.500951 0.193483 0.020200
0 0.203561 0.592443 0.281827 0.020200
0 0.452469 0.592443 0.215317 0.020200
0 0.659389 0.592443 0.197514 0.020200
0 0.854887 0.592443 0.193483 0.020200
0 0.203561 0.650428 0.281827 0.020200
0 0.452469 0.650428 0.215317 0.020200
0 0.659389 0.650428 0.197514 0.020200
0 0.854887 0.650428 0.193483 0.020200
0 0.202889 0.738831 0.280148 0.020200
0 0.470608 0.738831 0.254955 0.020200
0 0.690964 0.738831 0.185422 0.020200
0 0.865972 0.738831 0.164595 0.020200
0 0.202889 0.828660 0.280148 0.020200
0 0.470608 0.828660 0.254955 0.020200
0 0.690964 0.828660 0.185422 0.020200
0 0.865972 0.828660 0.164595 0.020200
0 0.202889 0.886882 0.280148 0.020200
0 0.470608 0.886882 0.254955 0.020200
0 0.690964 0.886882 0.185422 0.020200
0 0.865972 0.886882 0.164595 0.020200
