0 0.256298 0.130466 0.390998 0.017348
0 0.593215 0.130466 0.282499 0.017348
0 0.844810 0.130466 0.213638 0.017348
0 0.256298 0.193916 0.390998 0.017348
0 0.593215 0.193916 0.282499 0.017348
0 0.844810 0.193916 0.213638 0.017348
0 0.256298 0.239781 0.390998 0.017348
0 0.593215 0.239781 0.282499 0.017348
0 0.844810 0.239781 0.213638 0.017348
0 0.201881 0.336502 0.282163 0.017348
0 0.449446 0.336502 0.213302 0.017348
0 0.663420 0.336502 0.214310 0.017348
0 0.861270 0.336502 0.180719 0.017348
0 0.201881 0.405181 0.282163 0.017348
0 0.449446 0.405181 0.213302 0.017348
0 0.663420 0.405181 0.214310 0.017348
0 0.861270 0.405181 0.180719 0.017348
0 0.201881 0.451046 0.282163 0.017348
0 0.449446 0.451046 0.213302 0.017348
0 0.663420 0.451046 0.214310 0.017348
0 0.861270 0.451046 0.180719 0.017348
0 0.212966 0.547766 0.304669 0.017348
0 0.468593 0.547766 0.206248 0.017348
0 0.670810 0.547766 0.198522 0.017348
0 0.860934 0.547766 0.181055 0.017348
0 0.212966 0.612643 0.304669 0.017348
0 0.468593 0.612643 0.206248 0.017348
0 0.670810 0.612643 0.198522 0.017348
0 0.860934 0.612643 0.181055 0.017348
0 0.212966 0.658745 0.304669 0.017348
0 0.468593 0.658745 0.206248 0.017348
0 0.670810 0.658745 0.198522 0.017348
0 0.860934 0.658745 0.181055 0.017348
0 0.187437 0.755466 0.253275 0.017348
0 0.401075 0.755466 0.174337 0.017348
0 0.619416 0.755466 0.261337 0.017348
0 0.839100 0.755466 0.177696 0.017348
0 0.187437 0.829373 0.253275 0.017348
0 0.401075 0.829373 0.174337 0.017348
0 0.619416 0.829373 0.261337 0.017348
0 0.839100 0.829373 0.177696 0.017348
0 0.187437 0.875238 0.253275 0.017348
0 0.401075 0.875238 0.174337 0.017348
0 0.619416 0.875238 0.261337 0.017348
0 0.839100 0.875238 0.177696 0.017348
