0 0.151831 0.075570 0.180047 0.018774
0 0.313403 0.075570 0.143097 0.018774
0 0.497481 0.075570 0.225059 0.018774
0 0.695667 0.075570 0.170642 0.018774
0 0.866308 0.075570 0.170642 0.018774
0 0.151831 0.165162 0.180047 0.018774
0 0.313403 0.165162 0.143097 0.018774
0 0.497481 0.165162 0.225059 0.018774
0 0.695667 0.165162 0.170642 0.018774
0 0.866308 0.165162 0.170642 0.018774
0 0.151831 0.240732 0.180047 0.018774
0 0.313403 0.240732 0.143097 0.018774
0 0.497481 0.240732 0.225059 0.018774
0 0.695667 0.240732 0.170642 0.018774
0 0.866308 0.240732 0.170642 0.018774
0 0.144105 0.400190 0.164931 0.018774
0 0.297615 0.400190 0.141753 0.018774
0 0.428955 0.400190 0.120591 0.018774
0 0.566342 0.400190 0.154182 0.018774
0 0.730937 0.400190 0.174001 0.018774
0 0.884783 0.400190 0.133356 0.018774
0 0.144105 0.489781 0.164931 0.018774
0 0.297615 0.489781 0.141753 0.018774
0 0.428955 0.489781 0.120591 0.018774
0 0.566342 0.489781 0.154182 0.018774
0 0.730937 0.489781 0.174001 0.018774
0 0.884783 0.489781 0.133356 0.018774
0 0.144105 0.565352 0.164931 0.018774
0 0.297615 0.565352 0.141753 0.018774
0 0.428955 0.565352 0.120591 0.018774
0 0.566342 0.565352 0.154182 0.018774
0 0.730937 0.565352 0.174001 0.018774
0 0.884783 0.565352 0.133356 0.018774
0 0.177360 0.724810 0.231105 0.018774
0 0.394693 0.724810 0.203561 0.018774
0 0.619751 0.724810 0.246557 0.018774
0 0.847497 0.724810 0.208263 0.018774
0 0.177360 0.814401 0.231105 0.018774
0 0.394693 0.814401 0.203561 0.018774
0 0.619751 0.814401 0.246557 0.018774
0 0.847497 0.814401 0.208263 0.018774
0 0.177360 0.889734 0.231105 0.018774
0 0.394693 0.889734 0.203561 0.018774
0 0.619751 0.889734 0.246557 0.018774
0 0.847497 0.889734 0.208263 0.018774
