0 0.336916 0.186074 0.460867 0.018774
0 0.759489 0.186074 0.384279 0.018774
0 0.336916 0.246911 0.460867 0.018774
0 0.759489 0.246911 0.384279 0.018774
0 0.336916 0.303707 0.460867 0.018774
0 0.759489 0.303707 0.384279 0.018774
0 0.231105 0.378327 0.338596 0.018774
0 0.530064 0.378327 0.259657 0.018774
0 0.805845 0.378327 0.291233 0.018774
0 0.231105 0.437738 0.338596 0.018774
0 0.530064 0.437738 0.259657 0.018774
0 0.805845 0.437738 0.291233 0.018774
0 0.231105 0.494534 0.338596 0.018774
0 0.530064 0.494534 0.259657 0.018774
0 0.805845 0.494534 0.291233 0.018774
0 0.293920 0.569154 0.464562 0.018774
0 0.738999 0.569154 0.424924 0.018774
0 0.293920 0.630703 0.464562 0.018774
0 0.738999 0.630703 0.424924 0.018774
0 0.293920 0.687262 0.464562 0.018774
0 0.738999 0.687262 0.424924 0.018774
0 0.232113 0.762120 0.340947 0.018774
0 0.552234 0.762120 0.298959 0.018774
0 0.826671 0.762120 0.249916 0.018774
0 0.232113 0.833175 0.340947 0.018774
0 0.552234 0.833175 0.298959 0.018774
0 0.826671 0.833175 0.249916 0.018774
0 0.232113 0.889734 0.340947 0.018774
0 0.552234 0.889734 0.298959 0.018774
0 0.826671 0.889734 0.249916 0.018774
