0 0.218677 0.078660 0.312059 0.020200
0 0.512597 0.078660 0.275445 0.020200
0 0.800806 0.078660 0.300974 0.020200
0 0.218677 0.144011 0.312059 0.020200
0 0.512597 0.144011 0.275445 0.020200
0 0.800806 0.144011 0.300974 0.020200
0 0.218677 0.205798 0.312059 0.020200
0 0.512597 0.205798 0.275445 0.020200
0 0.800806 0.205798 0.300974 0.020200
0 0.243198 0.296578 0.360766 0.020200
0 0.567014 0.296578 0.286866 0.020200
0 0.831038 0.296578 0.240846 0.020200
0 0.243198 0.364781 0.360766 0.020200
0 0.567014 0.364781 0.286866 0.020200
0 0.831038 0.364781 0.240846 0.020200
0 0.243198 0.425380 0.360766 0.020200
0 0.567014 0.425380 0.286866 0.020200
0 0.831038 0.425380 0.240846 0.020200
0 0.207927 0.516160 0.290561 0.020200
0 0.461538 0.516160 0.216325 0.020200
0 0.664091 0.516160 0.189117 0.020200
0 0.855223 0.516160 0.192476 0.020200
0 0.207927 0.584363 0.290561 0.020200
0 0.461538 0.584363 0.216325 0.020200
0 0.664091 0.584363 0.189117 0.020200
0 0.855223 0.584363 0.192476 0.020200
0 0.207927 0.644962 0.290561 0.020200
0 0.461538 0.644962 0.216325 0.020200
0 0.664091 0.644962 0.189117 0.020200
0 0.855223 0.644962 0.192476 0.020200
0 0.219012 0.735979 0.312731 0.020200
0 0.466241 0.735979 0.180719 0.020200
0 0.661404 0.735979 0.209943 0.020200
0 0.859254 0.735979 0.184750 0.020200
0 0.219012 0.802757 0.312731 0.020200
0 0.466241 0.802757 0.180719 0.020200
0 0.661404 0.802757 0.209943 0.020200
0 0.859254 0.802757 0.184750 0.020200
0 0.219012 0.863356 0.312731 0.020200
0 0.466241 0.863356 0.180719 0.020200
0 0.661404 0.863356 0.209943 0.020200
0 0.859254 0.863356 0.184750 0.020200
