0 0.231855 0.095510 0.300403 0.020195
0 0.506048 0.095510 0.247312 0.020195
0 0.778562 0.095510 0.298051 0.020195
0 0.231855 0.190306 0.300403 0.020195
0 0.506048 0.190306 0.247312 0.020195
0 0.778562 0.190306 0.298051 0.020195
0 0.231855 0.249228 0.300403 0.020195
0 0.506048 0.249228 0.247312 0.020195
0 0.778562 0.249228 0.298051 0.020195
0 0.236895 0.328582 0.310484 0.020195
0 0.528898 0.328582 0.272849 0.020195
0 0.796371 0.328582 0.262097 0.020195
0 0.236895 0.416251 0.310484 0.020195
0 0.528898 0.416251 0.272849 0.020195
0 0.796371 0.416251 0.262097 0.020195
0 0.236895 0.459967 0.310484 0.020195
0 0.528898 0.459967 0.272849 0.020195
0 0.796371 0.459967 0.262097 0.020195
0 0.244288 0.539321 0.325269 0.020195
0 0.541331 0.539321 0.268481 0.020195
0 0.801747 0.539321 0.252016 0.020195
0 0.244288 0.622476 0.325269 0.020195
0 0.541331 0.622476 0.268481 0.020195
0 0.801747 0.622476 0.252016 0.020195
0 0.244288 0.681635 0.325269 0.020195
0 0.541331 0.681635 0.268481 0.020195
0 0.801747 0.681635 0.252016 0.020195
0 0.232863 0.760751 0.302755 0.020195
0 0.535282 0.760751 0.301075 0.020195
0 0.806788 0.760751 0.241599 0.020195
0 0.232863 0.842005 0.302755 0.020195
0 0.535282 0.842005 0.301075 0.020195
0 0.806788 0.842005 0.241599 0.020195
0 0.232863 0.890710 0.302755 0.020195
0 0.535282 0.890710 0.301075 0.020195
0 0.806788 0.890710 0.241599 0.020195
