0 0.232449 0.078660 0.339268 0.020200
0 0.544172 0.078660 0.284515 0.020200
0 0.819281 0.078660 0.264696 0.020200
0 0.232449 0.147101 0.339268 0.020200
0 0.544172 0.147101 0.284515 0.020200
0 0.819281 0.147101 0.264696 0.020200
0 0.232449 0.207700 0.339268 0.020200
0 0.544172 0.207700 0.284515 0.020200
0 0.819281 0.207700 0.264696 0.020200
0 0.265704 0.313688 0.405778 0.020200
0 0.601948 0.313688 0.266711 0.020200
0 0.843467 0.313688 0.215989 0.020200
0 0.265704 0.387595 0.405778 0.020200
0 0.601948 0.387595 0.266711 0.020200
0 0.843467 0.387595 0.215989 0.020200
0 0.265704 0.448194 0.405778 0.020200
0 0.601948 0.448194 0.266711 0.020200
0 0.843467 0.448194 0.215989 0.020200
0 0.246221 0.554420 0.367148 0.020200
0 0.554585 0.554420 0.249244 0.020200
0 0.815586 0.554420 0.272086 0.020200
0 0.246221 0.618108 0.367148 0.020200
0 0.554585 0.618108 0.249244 0.020200
0 0.815586 0.618108 0.272086 0.020200
0 0.246221 0.678707 0.367148 0.020200
0 0.554585 0.678707 0.249244 0.020200
0 0.815586 0.678707 0.272086 0.020200
0 0.232785 0.784696 0.339940 0.020200
0 0.520658 0.784696 0.235136 0.020200
0 0.716493 0.784696 0.155862 0.020200
0 0.870003 0.784696 0.151159 0.020200
0 0.232785 0.845532 0.339940 0.020200
0 0.520658 0.845532 0.235136 0.020200
0 0.716493 0.845532 0.155862 0.020200
0 0.870003 0.845532 0.151159 0.020200
