0 0.196842 0.102186 0.282163 0.015447
0 0.452133 0.102186 0.228082 0.015447
0 0.673497 0.102186 0.214646 0.015447
0 0.866308 0.102186 0.170306 0.015447
0 0.196842 0.184411 0.282163 0.015447
0 0.452133 0.184411 0.228082 0.015447
0 0.673497 0.184411 0.214646 0.015447
0 0.866308 0.184411 0.170306 0.015447
0 0.196842 0.227424 0.282163 0.015447
0 0.452133 0.227424 0.228082 0.015447
0 0.673497 0.227424 0.214646 0.015447
0 0.866308 0.227424 0.170306 0.015447
0 0.189452 0.299667 0.267719 0.015447
0 0.404770 0.299667 0.162244 0.015447
0 0.593551 0.299667 0.214982 0.015447
0 0.814914 0.299667 0.228082 0.015447
0 0.189452 0.381892 0.267719 0.015447
0 0.404770 0.381892 0.162244 0.015447
0 0.593551 0.381892 0.214982 0.015447
0 0.814914 0.381892 0.228082 0.015447
0 0.189452 0.428470 0.267719 0.015684
0 0.404770 0.428470 0.162244 0.015684
0 0.593551 0.428470 0.214982 0.015684
0 0.814914 0.428470 0.228082 0.015684
0 0.286530 0.500238 0.461874 0.015447
0 0.734632 0.500238 0.433658 0.015447
0 0.286530 0.582462 0.461874 0.015447
0 0.734632 0.582462 0.433658 0.015447
0 0.286530 0.654943 0.461874 0.015447
0 0.734632 0.654943 0.433658 0.015447
0 0.225395 0.731939 0.339268 0.015447
0 0.557272 0.731939 0.324152 0.015447
0 0.835405 0.731939 0.232113 0.015447
0 0.225395 0.814163 0.339268 0.015447
0 0.557272 0.814163 0.324152 0.015447
0 0.835405 0.814163 0.232113 0.015447
0 0.225395 0.878089 0.339268 0.015447
0 0.557272 0.878089 0.324152 0.015447
0 0.835405 0.878089 0.232113 0.015447
