0 0.240175 0.090542 0.357743 0.018298
0 0.566678 0.090542 0.294592 0.018298
0 0.831374 0.090542 0.233792 0.018298
0 0.240175 0.152567 0.357743 0.018298
0 0.566678 0.152567 0.294592 0.018298
0 0.831374 0.152567 0.233792 0.018298
0 0.240175 0.200808 0.357743 0.018298
0 0.566678 0.200808 0.294592 0.018298
0 0.831374 0.200808 0.233792 0.018298
0 0.235472 0.295152 0.348337 0.018298
0 0.526705 0.295152 0.233456 0.018298
0 0.797447 0.295152 0.308028 0.018298
0 0.235472 0.357414 0.348337 0.018298
0 0.526705 0.357414 0.233456 0.018298
0 0.797447 0.357414 0.308028 0.018298
0 0.235472 0.429420 0.348337 0.018298
0 0.526705 0.429420 0.233456 0.018298
0 0.797447 0.429420 0.308028 0.018298
0 0.219012 0.523764 0.315418 0.018298
0 0.502519 0.523764 0.251260 0.018298
0 0.790057 0.523764 0.323144 0.018298
0 0.219012 0.585789 0.315418 0.018298
0 0.502519 0.585789 0.251260 0.018298
0 0.790057 0.585789 0.323144 0.018298
0 0.219012 0.656606 0.315418 0.018298
0 0.502519 0.656606 0.251260 0.018298
0 0.790057 0.656606 0.323144 0.018298
0 0.212966 0.750951 0.303325 0.018298
0 0.516292 0.750951 0.303325 0.018298
0 0.809876 0.750951 0.283507 0.018298
0 0.212966 0.824382 0.303325 0.018298
0 0.516292 0.824382 0.303325 0.018298
0 0.809876 0.824382 0.283507 0.018298
0 0.212966 0.879515 0.303325 0.018298
0 0.516292 0.879515 0.303325 0.018298
0 0.809876 0.879515 0.283507 0.018298
