0 0.147800 0.075570 0.171985 0.018774
0 0.297279 0.075570 0.120255 0.018774
0 0.469600 0.075570 0.218677 0.018774
0 0.663420 0.075570 0.168290 0.018774
0 0.849513 0.075570 0.203897 0.018774
0 0.147800 0.161597 0.171985 0.018774
0 0.297279 0.161597 0.120255 0.018774
0 0.469600 0.161597 0.218677 0.018774
0 0.663420 0.161597 0.168290 0.018774
0 0.849513 0.161597 0.203897 0.018774
0 0.147800 0.226236 0.171985 0.018774
0 0.297279 0.226236 0.120255 0.018774
0 0.469600 0.226236 0.218677 0.018774
0 0.663420 0.226236 0.168290 0.018774
0 0.849513 0.226236 0.203897 0.018774
0 0.165939 0.315589 0.208263 0.018774
0 0.354720 0.315589 0.168626 0.018774
0 0.547867 0.315589 0.218005 0.018774
0 0.739335 0.315589 0.163923 0.018774
0 0.886463 0.315589 0.130333 0.018774
0 0.165939 0.396863 0.208263 0.018774
0 0.354720 0.396863 0.168626 0.018774
0 0.547867 0.396863 0.218005 0.018774
0 0.739335 0.396863 0.163923 0.018774
0 0.886463 0.396863 0.130333 0.018774
0 0.165939 0.453422 0.208263 0.018774
0 0.354720 0.453422 0.168626 0.018774
0 0.547867 0.453422 0.218005 0.018774
0 0.739335 0.453422 0.163923 0.018774
0 0.886463 0.453422 0.130333 0.018774
0 0.198858 0.542776 0.274437 0.018774
0 0.449110 0.542776 0.225731 0.018774
0 0.670138 0.542776 0.216325 0.018774
0 0.857575 0.542776 0.152167 0.018774
0 0.198858 0.610266 0.274437 0.018774
0 0.449110 0.610266 0.225731 0.018774
0 0.670138 0.610266 0.216325 0.018774
0 0.857575 0.610266 0.152167 0.018774
0 0.198858 0.671340 0.274437 0.018774
0 0.449110 0.671340 0.225731 0.018774
0 0.670138 0.671340 0.216325 0.018774
0 0.857575 0.671340 0.152167 0.018774
0 0.190796 0.760694 0.258314 0.018774
0 0.426268 0.760694 0.211958 0.018774
0 0.638898 0.760694 0.213302 0.018774
0 0.848505 0.760694 0.205912 0.018774
0 0.190796 0.823669 0.258314 0.018774
0 0.426268 0.823669 0.211958 0.018774
0 0.638898 0.823669 0.213302 0.018774
0 0.848505 0.823669 0.205912 0.018774
0 0.190796 0.881416 0.258314 0.018774
0 0.426268 0.881416 0.211958 0.018774
0 0.638898 0.881416 0.213302 0.018774
0 0.848505 0.881416 0.205912 0.018774
