0 0.243952 0.095510 0.324597 0.020195
0 0.534946 0.095510 0.256720 0.020195
0 0.795699 0.095510 0.264113 0.020195
0 0.243952 0.178902 0.324597 0.020195
0 0.534946 0.178902 0.256720 0.020195
0 0.795699 0.178902 0.264113 0.020195
0 0.243952 0.226420 0.324597 0.020195
0 0.534946 0.226420 0.256720 0.020195
0 0.795699 0.226420 0.264113 0.020195
0 0.244624 0.310287 0.325941 0.020195
0 0.532930 0.310287 0.250000 0.020195
0 0.779234 0.310287 0.242944 0.020195
0 0.244624 0.370634 0.325941 0.020195
0 0.532930 0.370634 0.250000 0.020195
0 0.779234 0.370634 0.242944 0.020195
0 0.244624 0.429793 0.325941 0.020195
0 0.532930 0.429793 0.250000 0.020195
0 0.779234 0.429793 0.242944 0.020195
0 0.219422 0.513661 0.275874 0.020195
0 0.504368 0.513661 0.293011 0.020195
0 0.789315 0.513661 0.276546 0.020195
0 0.219422 0.618437 0.275874 0.020195
0 0.504368 0.618437 0.293011 0.020195
0 0.789315 0.618437 0.276546 0.020195
0 0.219422 0.664053 0.275874 0.020195
0 0.504368 0.664053 0.293011 0.020195
0 0.789315 0.664053 0.276546 0.020195
0 0.197917 0.747921 0.232527 0.020195
0 0.405578 0.747921 0.182796 0.020195
0 0.611559 0.747921 0.228831 0.020195
0 0.826613 0.747921 0.201277 0.020195
0 0.197917 0.850083 0.232527 0.020195
0 0.405578 0.850083 0.182796 0.020195
0 0.611559 0.850083 0.228831 0.020195
0 0.826613 0.850083 0.201277 0.020195
0 0.197917 0.895937 0.232527 0.020195
0 0.405578 0.895937 0.182796 0.020195
0 0.611559 0.895937 0.228831 0.020195
0 0.826613 0.895937 0.201277 0.020195
