0 0.243870 0.080798 0.360766 0.020913
0 0.553577 0.080798 0.258314 0.020913
0 0.817266 0.080798 0.268391 0.020913
0 0.243870 0.161359 0.360766 0.020913
0 0.553577 0.161359 0.258314 0.020913
0 0.817266 0.161359 0.268391 0.020913
0 0.243870 0.216730 0.360766 0.020913
0 0.553577 0.216730 0.258314 0.020913
0 0.817266 0.216730 0.268391 0.020913
0 0.242862 0.299430 0.358750 0.020913
0 0.564662 0.299430 0.284179 0.020913
0 0.829358 0.299430 0.244541 0.020913
0 0.242862 0.385932 0.358750 0.020913
0 0.564662 0.385932 0.284179 0.020913
0 0.829358 0.385932 0.244541 0.020913
0 0.242862 0.447481 0.358750 0.020913
0 0.564662 0.447481 0.284179 0.020913
0 0.829358 0.447481 0.244541 0.020913
0 0.320121 0.525665 0.513268 0.020913
0 0.764192 0.525665 0.374538 0.020913
0 0.320121 0.612167 0.513268 0.020913
0 0.764192 0.612167 0.374538 0.020913
0 0.320121 0.667538 0.513268 0.020913
0 0.764192 0.667538 0.374538 0.020913
0 0.237487 0.745722 0.348001 0.020913
0 0.514276 0.745722 0.205576 0.020913
0 0.786362 0.745722 0.330198 0.020913
0 0.237487 0.829373 0.348001 0.020913
0 0.514276 0.829373 0.205576 0.020913
0 0.786362 0.829373 0.330198 0.020913
0 0.237487 0.884506 0.348001 0.020913
0 0.514276 0.884506 0.205576 0.020913
0 0.786362 0.884506 0.330198 0.020913
