0 0.349345 0.072243 0.586161 0.017348
0 0.786362 0.072243 0.281156 0.017348
0 0.349345 0.137595 0.586161 0.017348
0 0.786362 0.137595 0.281156 0.017348
0 0.349345 0.183222 0.586161 0.017348
0 0.786362 0.183222 0.281156 0.017348
0 0.305005 0.307272 0.497481 0.017348
0 0.744038 0.307272 0.380584 0.017348
0 0.305005 0.374287 0.497481 0.017348
0 0.744038 0.374287 0.380584 0.017348
0 0.305005 0.419914 0.497481 0.017348
0 0.744038 0.419914 0.380584 0.017348
0 0.228754 0.543964 0.344978 0.017348
0 0.678200 0.543964 0.546523 0.017348
0 0.228754 0.606939 0.344978 0.017348
0 0.678200 0.606939 0.546523 0.017348
0 0.228754 0.652567 0.344978 0.017348
0 0.678200 0.652567 0.546523 0.017348
0 0.333893 0.776616 0.555257 0.017348
0 0.744374 0.776616 0.257978 0.017348
0 0.333893 0.843156 0.555257 0.017348
0 0.744374 0.843156 0.257978 0.017348
0 0.333893 0.888783 0.555257 0.017348
0 0.744374 0.888783 0.257978 0.017348
