0 0.178703 0.191540 0.086664 0.017348
0 0.282163 0.191540 0.120591 0.017348
0 0.408801 0.191540 0.131676 0.017348
0 0.561975 0.191540 0.175008 0.017348
0 0.720860 0.191540 0.142425 0.017348
0 0.872019 0.191540 0.159221 0.017348
0 0.178703 0.251188 0.086664 0.017348
0 0.282163 0.251188 0.120591 0.017348
0 0.408801 0.251188 0.131676 0.017348
0 0.561975 0.251188 0.175008 0.017348
0 0.720860 0.251188 0.142425 0.017348
0 0.872019 0.251188 0.159221 0.017348
0 0.178703 0.299192 0.086664 0.017348
0 0.282163 0.299192 0.120591 0.017348
0 0.408801 0.299192 0.131676 0.017348
0 0.561975 0.299192 0.175008 0.017348
0 0.720860 0.299192 0.142425 0.017348
0 0.872019 0.299192 0.159221 0.017348
0 0.160564 0.395675 0.199530 0.017348
0 0.357407 0.395675 0.194155 0.017348
0 0.536446 0.395675 0.163923 0.017348
0 0.715821 0.395675 0.194155 0.017348
0 0.879745 0.395675 0.133356 0.017348
0 0.160564 0.456987 0.199530 0.017348
0 0.357407 0.456987 0.194155 0.017348
0 0.536446 0.456987 0.163923 0.017348
0 0.715821 0.456987 0.194155 0.017348
0 0.879745 0.456987 0.133356 0.017348
0 0.160564 0.507129 0.199530 0.017348
0 0.357407 0.507129 0.194155 0.017348
0 0.536446 0.507129 0.163923 0.017348
0 0.715821 0.507129 0.194155 0.017348
0 0.879745 0.507129 0.133356 0.017348
