0 0.147128 0.078660 0.168962 0.020200
0 0.295600 0.078660 0.127645 0.020200
0 0.421229 0.078660 0.123278 0.020200
0 0.542157 0.078660 0.118240 0.020200
0 0.658381 0.078660 0.113537 0.020200
0 0.777628 0.078660 0.124958 0.020200
0 0.895868 0.078660 0.111186 0.020200
0 0.147128 0.145200 0.168962 0.020200
0 0.295600 0.145200 0.127645 0.020200
0 0.421229 0.145200 0.123278 0.020200
0 0.542157 0.145200 0.118240 0.020200
0 0.658381 0.145200 0.113537 0.020200
0 0.777628 0.145200 0.124958 0.020200
0 0.895868 0.145200 0.111186 0.020200
0 0.147128 0.198194 0.168962 0.020200
0 0.295600 0.198194 0.127645 0.020200
0 0.421229 0.198194 0.123278 0.020200
0 0.542157 0.198194 0.118240 0.020200
0 0.658381 0.198194 0.113537 0.020200
0 0.777628 0.198194 0.124958 0.020200
0 0.895868 0.198194 0.111186 0.020200
0 0.149815 0.319392 0.174337 0.020200
0 0.296943 0.319392 0.119919 0.020200
0 0.415519 0.319392 0.116560 0.020200
0 0.532751 0.319392 0.117232 0.020200
0 0.655358 0.319392 0.127981 0.020200
0 0.775949 0.319392 0.112529 0.020200
0 0.891837 0.319392 0.118912 0.020200
0 0.149815 0.378089 0.174337 0.020200
0 0.296943 0.378089 0.119919 0.020200
0 0.415519 0.378089 0.116560 0.020200
0 0.532751 0.378089 0.117232 0.020200
0 0.655358 0.378089 0.127981 0.020200
0 0.775949 0.378089 0.112529 0.020200
0 0.891837 0.378089 0.118912 0.020200
0 0.147800 0.499525 0.169970 0.020200
0 0.296271 0.499525 0.127309 0.020200
0 0.421565 0.499525 0.122943 0.020200
0 0.564662 0.499525 0.163252 0.020200
0 0.729929 0.499525 0.166611 0.020200
0 0.882432 0.499525 0.138394 0.020200
0 0.147800 0.573194 0.169970 0.020200
0 0.296271 0.573194 0.127309 0.020200
0 0.421565 0.573194 0.122943 0.020200
0 0.564662 0.573194 0.163252 0.020200
0 0.729929 0.573194 0.166611 0.020200
0 0.882432 0.573194 0.138394 0.020200
0 0.147800 0.626188 0.169970 0.020200
0 0.296271 0.626188 0.127309 0.020200
0 0.421565 0.626188 0.122943 0.020200
0 0.564662 0.626188 0.163252 0.020200
0 0.729929 0.626188 0.166611 0.020200
0 0.882432 0.626188 0.138394 0.020200
0 0.145448 0.747386 0.165267 0.020200
0 0.290225 0.747386 0.124286 0.020200
0 0.412160 0.747386 0.119248 0.020200
0 0.531407 0.747386 0.118912 0.020200
0 0.654350 0.747386 0.126302 0.020200
0 0.775613 0.747386 0.115888 0.020200
0 0.892509 0.747386 0.117904 0.020200
0 0.145448 0.826283 0.165267 0.020200
0 0.290225 0.826283 0.124286 0.020200
0 0.412160 0.826283 0.119248 0.020200
0 0.531407 0.826283 0.118912 0.020200
0 0.654350 0.826283 0.126302 0.020200
0 0.775613 0.826283 0.115888 0.020200
0 0.892509 0.826283 0.117904 0.020200
0 0.145448 0.879278 0.165267 0.020200
0 0.290225 0.879278 0.124286 0.020200
0 0.412160 0.879278 0.119248 0.020200
0 0.531407 0.879278 0.118912 0.020200
0 0.654350 0.879278 0.126302 0.020200
0 0.775613 0.879278 0.115888 0.020200
0 0.892509 0.879278 0.117904 0.020200
