0 0.219684 0.072243 0.326839 0.017348
0 0.660396 0.072243 0.547867 0.017348
0 0.219684 0.135932 0.326839 0.017348
0 0.660396 0.135932 0.547867 0.017348
0 0.219684 0.181559 0.326839 0.017348
0 0.660396 0.181559 0.547867 0.017348
0 0.234800 0.301806 0.357071 0.017348
0 0.683910 0.301806 0.534431 0.017348
0 0.234800 0.364781 0.357071 0.017348
0 0.683910 0.364781 0.534431 0.017348
0 0.234800 0.415637 0.357071 0.017348
0 0.683910 0.415637 0.534431 0.017348
0 0.286866 0.535884 0.460867 0.017348
0 0.735976 0.535884 0.430971 0.017348
0 0.286866 0.598859 0.460867 0.017348
0 0.735976 0.598859 0.430971 0.017348
0 0.286866 0.659933 0.460867 0.017348
0 0.735976 0.659933 0.430971 0.017348
0 0.302318 0.780181 0.492106 0.017348
0 0.750084 0.780181 0.403090 0.017348
0 0.302318 0.843156 0.492106 0.017348
0 0.750084 0.843156 0.403090 0.017348
0 0.302318 0.888783 0.492106 0.017348
0 0.750084 0.888783 0.403090 0.017348
