0 0.213974 0.206274 0.141753 0.018774
0 0.346658 0.206274 0.123614 0.018774
0 0.471280 0.206274 0.125630 0.018774
0 0.602956 0.206274 0.137387 0.018774
0 0.744038 0.206274 0.144777 0.018774
0 0.884112 0.206274 0.135035 0.018774
0 0.213974 0.255941 0.141753 0.018774
0 0.346658 0.255941 0.123614 0.018774
0 0.471280 0.255941 0.125630 0.018774
0 0.602956 0.255941 0.137387 0.018774
0 0.744038 0.255941 0.144777 0.018774
0 0.884112 0.255941 0.135035 0.018774
0 0.213974 0.305371 0.141753 0.018774
0 0.346658 0.305371 0.123614 0.018774
0 0.471280 0.305371 0.125630 0.018774
0 0.602956 0.305371 0.137387 0.018774
0 0.744038 0.305371 0.144777 0.018774
0 0.884112 0.305371 0.135035 0.018774
0 0.213974 0.359791 0.141753 0.018774
0 0.346658 0.359791 0.123614 0.018774
0 0.471280 0.359791 0.125630 0.018774
0 0.602956 0.359791 0.137387 0.018774
0 0.744038 0.359791 0.144777 0.018774
0 0.884112 0.359791 0.135035 0.018774
0 0.135035 0.454610 0.146456 0.018774
0 0.274437 0.454610 0.123950 0.018774
0 0.398052 0.454610 0.122943 0.018774
0 0.520322 0.454610 0.121263 0.018774
0 0.640914 0.454610 0.119583 0.018774
0 0.766208 0.454610 0.130333 0.018774
0 0.891502 0.454610 0.119919 0.018774
0 0.135035 0.504278 0.146456 0.018774
0 0.274437 0.504278 0.123950 0.018774
0 0.398052 0.504278 0.122943 0.018774
0 0.520322 0.504278 0.121263 0.018774
0 0.640914 0.504278 0.119583 0.018774
0 0.766208 0.504278 0.130333 0.018774
0 0.891502 0.504278 0.119919 0.018774
0 0.135035 0.577947 0.146456 0.018774
0 0.274437 0.577947 0.123950 0.018774
0 0.398052 0.577947 0.122943 0.018774
0 0.520322 0.577947 0.121263 0.018774
0 0.640914 0.577947 0.119583 0.018774
0 0.766208 0.577947 0.130333 0.018774
0 0.891502 0.577947 0.119919 0.018774
0 0.135035 0.627376 0.146456 0.018774
0 0.274437 0.627376 0.123950 0.018774
0 0.398052 0.627376 0.122943 0.018774
0 0.520322 0.627376 0.121263 0.018774
0 0.640914 0.627376 0.119583 0.018774
0 0.766208 0.627376 0.130333 0.018774
0 0.891502 0.627376 0.119919 0.018774
0 0.134028 0.722433 0.144441 0.018774
0 0.271414 0.722433 0.130668 0.018774
0 0.396708 0.722433 0.119248 0.018774
0 0.521330 0.722433 0.129325 0.018774
0 0.644273 0.722433 0.116224 0.018774
0 0.760161 0.722433 0.114881 0.018774
0 0.884447 0.722433 0.133692 0.018774
0 0.134028 0.771863 0.144441 0.018774
0 0.271414 0.771863 0.130668 0.018774
0 0.396708 0.771863 0.119248 0.018774
0 0.521330 0.771863 0.129325 0.018774
0 0.644273 0.771863 0.116224 0.018774
0 0.760161 0.771863 0.114881 0.018774
0 0.884447 0.771863 0.133692 0.018774
0 0.134028 0.840304 0.144441 0.018774
0 0.271414 0.840304 0.130668 0.018774
0 0.396708 0.840304 0.119248 0.018774
0 0.521330 0.840304 0.129325 0.018774
0 0.644273 0.840304 0.116224 0.018774
0 0.760161 0.840304 0.114881 0.018774
0 0.884447 0.840304 0.133692 0.018774
0 0.134028 0.889734 0.144441 0.018774
0 0.271414 0.889734 0.130668 0.018774
0 0.396708 0.889734 0.119248 0.018774
0 0.521330 0.889734 0.129325 0.018774
0 0.644273 0.889734 0.116224 0.018774
0 0.760161 0.889734 0.114881 0.018774
0 0.884447 0.889734 0.133692 0.018774
