0 0.323144 0.078660 0.520658 0.020200
0 0.767551 0.078660 0.367820 0.020200
0 0.323144 0.163736 0.520658 0.020200
0 0.767551 0.163736 0.367820 0.020200
0 0.323144 0.216730 0.520658 0.020200
0 0.767551 0.216730 0.367820 0.020200
0 0.301982 0.326759 0.478670 0.020200
0 0.746389 0.326759 0.409809 0.020200
0 0.301982 0.400190 0.478670 0.020200
0 0.746389 0.400190 0.409809 0.020200
0 0.301982 0.456036 0.478670 0.020200
0 0.746389 0.456036 0.409809 0.020200
0 0.257642 0.566302 0.389990 0.020200
0 0.704064 0.566302 0.495129 0.020200
0 0.257642 0.659933 0.389990 0.020200
0 0.704064 0.659933 0.495129 0.020200
0 0.257642 0.712928 0.389990 0.020200
0 0.704064 0.712928 0.495129 0.020200
0 0.289217 0.823194 0.453141 0.020200
0 0.624454 0.823194 0.216325 0.020200
0 0.839436 0.823194 0.212966 0.020200
0 0.289217 0.886882 0.453141 0.020200
0 0.624454 0.886882 0.216325 0.020200
0 0.839436 0.886882 0.212966 0.020200
