0 0.211287 0.193441 0.136715 0.018774
0 0.389318 0.193441 0.219348 0.018774
0 0.616728 0.193441 0.235472 0.018774
0 0.843131 0.193441 0.216661 0.018774
0 0.211287 0.245722 0.136715 0.018774
0 0.389318 0.245722 0.219348 0.018774
0 0.616728 0.245722 0.235472 0.018774
0 0.843131 0.245722 0.216661 0.018774
0 0.211287 0.295390 0.136715 0.018774
0 0.389318 0.295390 0.219348 0.018774
0 0.616728 0.295390 0.235472 0.018774
0 0.843131 0.295390 0.216661 0.018774
0 0.205576 0.380941 0.287538 0.018774
0 0.442056 0.380941 0.185757 0.018774
0 0.640578 0.380941 0.210279 0.018774
0 0.848841 0.380941 0.205576 0.018774
0 0.205576 0.446530 0.287538 0.018774
0 0.442056 0.446530 0.185757 0.018774
0 0.640578 0.446530 0.210279 0.018774
0 0.848841 0.446530 0.205576 0.018774
0 0.205576 0.496198 0.287538 0.018774
0 0.442056 0.496198 0.185757 0.018774
0 0.640578 0.496198 0.210279 0.018774
0 0.848841 0.496198 0.205576 0.018774
0 0.176352 0.581749 0.229426 0.018774
0 0.373194 0.581749 0.163252 0.018774
0 0.545180 0.581749 0.180719 0.018774
0 0.716157 0.581749 0.160900 0.018774
0 0.874034 0.581749 0.154854 0.018774
0 0.176352 0.643774 0.229426 0.018774
0 0.373194 0.643774 0.163252 0.018774
0 0.545180 0.643774 0.180719 0.018774
0 0.716157 0.643774 0.160900 0.018774
0 0.874034 0.643774 0.154854 0.018774
0 0.176352 0.693203 0.229426 0.018774
0 0.373194 0.693203 0.163252 0.018774
0 0.545180 0.693203 0.180719 0.018774
0 0.716157 0.693203 0.160900 0.018774
0 0.874034 0.693203 0.154854 0.018774
0 0.198186 0.778755 0.272758 0.018774
0 0.461203 0.778755 0.252603 0.018774
0 0.703729 0.778755 0.232449 0.018774
0 0.883104 0.778755 0.126302 0.018774
0 0.198186 0.840304 0.272758 0.018774
0 0.461203 0.840304 0.252603 0.018774
0 0.703729 0.840304 0.232449 0.018774
0 0.883104 0.840304 0.126302 0.018774
0 0.198186 0.889734 0.272758 0.018774
0 0.461203 0.889734 0.252603 0.018774
0 0.703729 0.889734 0.232449 0.018774
0 0.883104 0.889734 0.126302 0.018774
