0 0.229762 0.212690 0.202553 0.017348
0 0.394693 0.212690 0.127309 0.017348
0 0.518979 0.212690 0.120255 0.017348
0 0.637555 0.212690 0.117232 0.017348
0 0.760161 0.212690 0.127309 0.017348
0 0.887807 0.212690 0.127309 0.017348
0 0.229762 0.275903 0.202553 0.017348
0 0.394693 0.275903 0.127309 0.017348
0 0.518979 0.275903 0.120255 0.017348
0 0.637555 0.275903 0.117232 0.017348
0 0.760161 0.275903 0.127309 0.017348
0 0.887807 0.275903 0.127309 0.017348
0 0.151159 0.402804 0.181055 0.017348
0 0.299631 0.402804 0.115553 0.017348
0 0.415183 0.402804 0.115553 0.017348
0 0.531072 0.402804 0.115553 0.017348
0 0.646624 0.402804 0.115553 0.017348
0 0.762177 0.402804 0.115553 0.017348
0 0.885791 0.402804 0.131340 0.017348
0 0.151159 0.456274 0.181055 0.017348
0 0.299631 0.456274 0.115553 0.017348
0 0.415183 0.456274 0.115553 0.017348
0 0.531072 0.456274 0.115553 0.017348
0 0.646624 0.456274 0.115553 0.017348
0 0.762177 0.456274 0.115553 0.017348
0 0.885791 0.456274 0.131340 0.017348
0 0.143433 0.583413 0.165267 0.017348
0 0.276789 0.583413 0.101444 0.017348
0 0.379577 0.583413 0.103796 0.017348
0 0.486060 0.583413 0.108498 0.017348
0 0.593215 0.583413 0.104803 0.017348
0 0.696339 0.583413 0.101780 0.017348
0 0.798455 0.583413 0.101780 0.017348
0 0.900571 0.583413 0.101780 0.017348
0 0.143433 0.629278 0.165267 0.017348
0 0.276789 0.629278 0.101444 0.017348
0 0.379577 0.629278 0.103796 0.017348
0 0.486060 0.629278 0.108498 0.017348
0 0.593215 0.629278 0.104803 0.017348
0 0.696339 0.629278 0.101780 0.017348
0 0.798455 0.629278 0.101780 0.017348
0 0.900571 0.629278 0.101780 0.017348
0 0.142425 0.756179 0.163588 0.017348
0 0.261001 0.756179 0.073228 0.017348
0 0.324824 0.756179 0.054081 0.017348
0 0.378569 0.756179 0.053409 0.017348
0 0.429291 0.756179 0.047363 0.017348
0 0.515620 0.756179 0.116560 0.017348
0 0.630501 0.756179 0.112193 0.017348
0 0.753779 0.756179 0.134363 0.017348
0 0.886127 0.756179 0.130668 0.017348
0 0.142425 0.831036 0.163588 0.017348
0 0.261001 0.831036 0.073228 0.017348
0 0.324824 0.831036 0.054081 0.017348
0 0.378569 0.831036 0.053409 0.017348
0 0.429291 0.831036 0.047363 0.017348
0 0.515620 0.831036 0.116560 0.017348
0 0.630501 0.831036 0.112193 0.017348
0 0.753779 0.831036 0.134363 0.017348
0 0.886127 0.831036 0.130668 0.017348
0 0.142425 0.882367 0.163588 0.017348
0 0.261001 0.882367 0.073228 0.017348
0 0.324824 0.882367 0.054081 0.017348
0 0.378569 0.882367 0.053409 0.017348
0 0.429291 0.882367 0.047363 0.017348
0 0.515620 0.882367 0.116560 0.017348
0 0.630501 0.882367 0.112193 0.017348
0 0.753779 0.882367 0.134363 0.017348
0 0.886127 0.882367 0.130668 0.017348
