0 0.315418 0.188926 0.344978 0.018774
0 0.606987 0.188926 0.238159 0.018774
0 0.839100 0.188926 0.225059 0.018774
0 0.315418 0.260694 0.344978 0.018774
0 0.606987 0.260694 0.238159 0.018774
0 0.839100 0.260694 0.225059 0.018774
0 0.315418 0.310124 0.344978 0.018774
0 0.606987 0.310124 0.238159 0.018774
0 0.839100 0.310124 0.225059 0.018774
0 0.232113 0.383317 0.340611 0.018774
0 0.505207 0.383317 0.205576 0.018774
0 0.691300 0.383317 0.165939 0.018774
0 0.862949 0.383317 0.177360 0.018774
0 0.232113 0.452471 0.340611 0.018774
0 0.505207 0.452471 0.205576 0.018774
0 0.691300 0.452471 0.165939 0.018774
0 0.862949 0.452471 0.177360 0.018774
0 0.232113 0.502139 0.340611 0.018774
0 0.505207 0.502139 0.205576 0.018774
0 0.691300 0.502139 0.165939 0.018774
0 0.862949 0.502139 0.177360 0.018774
0 0.200873 0.575333 0.278468 0.018774
0 0.447094 0.575333 0.213974 0.018774
0 0.663420 0.575333 0.217669 0.018774
0 0.861942 0.575333 0.179375 0.018774
0 0.200873 0.647814 0.278468 0.018774
0 0.447094 0.647814 0.213974 0.018774
0 0.663420 0.647814 0.217669 0.018774
0 0.861942 0.647814 0.179375 0.018774
0 0.200873 0.697243 0.278468 0.018774
0 0.447094 0.697243 0.213974 0.018774
0 0.663420 0.697243 0.217669 0.018774
0 0.861942 0.697243 0.179375 0.018774
0 0.205912 0.770675 0.288546 0.018774
0 0.447430 0.770675 0.194491 0.018774
0 0.638226 0.770675 0.187101 0.018774
0 0.841787 0.770675 0.219684 0.018774
0 0.205912 0.840304 0.288546 0.018774
0 0.447430 0.840304 0.194491 0.018774
0 0.638226 0.840304 0.187101 0.018774
0 0.841787 0.840304 0.219684 0.018774
0 0.205912 0.889734 0.288546 0.018774
0 0.447430 0.889734 0.194491 0.018774
0 0.638226 0.889734 0.187101 0.018774
0 0.841787 0.889734 0.219684 0.018774
