0 0.384951 0.299192 0.435673 0.020200
0 0.777293 0.299192 0.348001 0.020200
0 0.384951 0.352186 0.435673 0.020200
0 0.777293 0.352186 0.348001 0.020200
0 0.384951 0.405181 0.435673 0.020200
0 0.777293 0.405181 0.348001 0.020200
0 0.266711 0.516397 0.407793 0.020200
0 0.609674 0.516397 0.278468 0.020200
0 0.843131 0.516397 0.180719 0.020200
0 0.266711 0.577471 0.407793 0.020200
0 0.609674 0.577471 0.278468 0.020200
0 0.843131 0.577471 0.180719 0.020200
0 0.266711 0.634030 0.407793 0.020200
0 0.609674 0.634030 0.278468 0.020200
0 0.843131 0.634030 0.180719 0.020200
0 0.310044 0.745247 0.494458 0.020200
0 0.754451 0.745247 0.394021 0.020200
0 0.310044 0.820580 0.494458 0.020200
0 0.754451 0.820580 0.394021 0.020200
0 0.310044 0.873812 0.494458 0.020200
0 0.754451 0.873812 0.394021 0.020200
