0 0.228082 0.165162 0.231441 0.019487
0 0.490427 0.165162 0.292576 0.019487
0 0.794424 0.165162 0.314410 0.019487
0 0.228082 0.225523 0.231441 0.019487
0 0.490427 0.225523 0.292576 0.019487
0 0.794424 0.225523 0.314410 0.019487
0 0.228082 0.285646 0.231441 0.019487
0 0.490427 0.285646 0.292576 0.019487
0 0.794424 0.285646 0.314410 0.019487
0 0.228082 0.349810 0.231441 0.019487
0 0.490427 0.349810 0.292576 0.019487
0 0.794424 0.349810 0.314410 0.019487
0 0.180719 0.421103 0.256634 0.019487
0 0.418878 0.421103 0.219012 0.019487
0 0.630165 0.421103 0.203561 0.019487
0 0.841787 0.421103 0.219684 0.019487
0 0.180719 0.485266 0.256634 0.019487
0 0.418878 0.485266 0.219012 0.019487
0 0.630165 0.485266 0.203561 0.019487
0 0.841787 0.485266 0.219684 0.019487
0 0.180719 0.548954 0.256634 0.019487
0 0.418878 0.548954 0.219012 0.019487
0 0.630165 0.548954 0.203561 0.019487
0 0.841787 0.548954 0.219684 0.019487
0 0.180719 0.615019 0.256634 0.019487
0 0.418878 0.615019 0.219012 0.019487
0 0.630165 0.615019 0.203561 0.019487
0 0.841787 0.615019 0.219684 0.019487
0 0.181055 0.686312 0.257642 0.019487
0 0.419550 0.686312 0.218341 0.019487
0 0.627813 0.686312 0.198522 0.019487
0 0.839436 0.686312 0.224051 0.019487
0 0.181055 0.753089 0.257642 0.019487
0 0.419550 0.753089 0.218341 0.019487
0 0.627813 0.753089 0.198522 0.019487
0 0.839436 0.753089 0.224051 0.019487
0 0.181055 0.820105 0.257642 0.019487
0 0.419550 0.820105 0.218341 0.019487
0 0.627813 0.820105 0.198522 0.019487
0 0.839436 0.820105 0.224051 0.019487
0 0.181055 0.888546 0.257642 0.019487
0 0.419550 0.888546 0.218341 0.019487
0 0.627813 0.888546 0.198522 0.019487
0 0.839436 0.888546 0.224051 0.019487
