0 0.237823 0.083175 0.347665 0.022101
0 0.553242 0.083175 0.282499 0.022101
0 0.823312 0.083175 0.256634 0.022101
0 0.237823 0.173479 0.347665 0.022101
0 0.553242 0.173479 0.282499 0.022101
0 0.823312 0.173479 0.256634 0.022101
0 0.237823 0.231702 0.347665 0.022101
0 0.553242 0.231702 0.282499 0.022101
0 0.823312 0.231702 0.256634 0.022101
0 0.237823 0.290162 0.347665 0.022101
0 0.553242 0.290162 0.282499 0.022101
0 0.823312 0.290162 0.256634 0.022101
0 0.302990 0.386644 0.477998 0.022101
0 0.746725 0.386644 0.408801 0.022101
0 0.302990 0.466492 0.477998 0.022101
0 0.746725 0.466492 0.408801 0.022101
0 0.302990 0.524715 0.477998 0.022101
0 0.746725 0.524715 0.408801 0.022101
0 0.302990 0.583175 0.477998 0.022101
0 0.746725 0.583175 0.408801 0.022101
0 0.306685 0.679658 0.485388 0.022101
0 0.750756 0.679658 0.401747 0.022101
0 0.306685 0.765447 0.485388 0.022101
0 0.750756 0.765447 0.401747 0.022101
0 0.306685 0.823907 0.485388 0.022101
0 0.750756 0.823907 0.401747 0.022101
0 0.306685 0.882129 0.485388 0.022101
0 0.750756 0.882129 0.401747 0.022101
