0 0.230769 0.104087 0.335909 0.020200
0 0.543164 0.104087 0.288546 0.020200
0 0.819617 0.104087 0.264024 0.020200
0 0.230769 0.175143 0.335909 0.020200
0 0.543164 0.175143 0.288546 0.020200
0 0.819617 0.175143 0.264024 0.020200
0 0.230769 0.230751 0.335909 0.020200
0 0.543164 0.230751 0.288546 0.020200
0 0.819617 0.230751 0.264024 0.020200
0 0.222707 0.332462 0.320121 0.020200
0 0.524017 0.332462 0.281491 0.020200
0 0.807860 0.332462 0.286530 0.020200
0 0.222707 0.390447 0.320121 0.020200
0 0.524017 0.390447 0.281491 0.020200
0 0.807860 0.390447 0.286530 0.020200
0 0.222707 0.446055 0.320121 0.020200
0 0.524017 0.446055 0.281491 0.020200
0 0.807860 0.446055 0.286530 0.020200
0 0.222036 0.547766 0.318777 0.020200
0 0.518643 0.547766 0.273430 0.020200
0 0.803493 0.547766 0.296271 0.020200
0 0.222036 0.617871 0.318777 0.020200
0 0.518643 0.617871 0.273430 0.020200
0 0.803493 0.617871 0.296271 0.020200
0 0.222036 0.673479 0.318777 0.020200
0 0.518643 0.673479 0.273430 0.020200
0 0.803493 0.673479 0.296271 0.020200
0 0.221364 0.775190 0.317434 0.020200
0 0.501847 0.775190 0.242862 0.020200
0 0.720860 0.775190 0.194491 0.020200
0 0.881760 0.775190 0.127309 0.020200
0 0.221364 0.828184 0.317434 0.020200
0 0.501847 0.828184 0.242862 0.020200
0 0.720860 0.828184 0.194491 0.020200
0 0.881760 0.828184 0.127309 0.020200
0 0.221364 0.886882 0.317434 0.020200
0 0.501847 0.886882 0.242862 0.020200
0 0.720860 0.886882 0.194491 0.020200
0 0.881760 0.886882 0.127309 0.020200
