0 0.313067 0.081749 0.498824 0.021388
0 0.748404 0.081749 0.364461 0.021388
0 0.313067 0.157319 0.498824 0.021388
0 0.748404 0.157319 0.364461 0.021388
0 0.313067 0.213878 0.498824 0.021388
0 0.748404 0.213878 0.364461 0.021388
0 0.312731 0.301093 0.498153 0.021388
0 0.756802 0.301093 0.389318 0.021388
0 0.312731 0.376426 0.498153 0.021388
0 0.756802 0.376426 0.389318 0.021388
0 0.312731 0.434411 0.498153 0.021388
0 0.756802 0.434411 0.389318 0.021388
0 0.299966 0.521625 0.472623 0.021388
0 0.735640 0.521625 0.390662 0.021388
0 0.299966 0.597196 0.472623 0.021388
0 0.735640 0.597196 0.390662 0.021388
0 0.299966 0.658745 0.472623 0.021388
0 0.735640 0.658745 0.390662 0.021388
0 0.301310 0.745960 0.474975 0.021388
0 0.736984 0.745960 0.388310 0.021388
0 0.301310 0.827234 0.474975 0.021388
0 0.736984 0.827234 0.388310 0.021388
0 0.301310 0.883793 0.474975 0.021388
0 0.736984 0.883793 0.388310 0.021388
