0 0.243870 0.174667 0.174672 0.018774
0 0.386295 0.174667 0.109842 0.018774
0 0.491098 0.174667 0.099429 0.018774
0 0.595902 0.174667 0.109842 0.018774
0 0.703057 0.174667 0.104468 0.018774
0 0.804165 0.174667 0.096742 0.018774
0 0.902251 0.174667 0.098757 0.018774
0 0.243870 0.231939 0.174672 0.018774
0 0.386295 0.231939 0.109842 0.018774
0 0.491098 0.231939 0.099429 0.018774
0 0.595902 0.231939 0.109842 0.018774
0 0.703057 0.231939 0.104468 0.018774
0 0.804165 0.231939 0.096742 0.018774
0 0.902251 0.231939 0.098757 0.018774
0 0.134028 0.333175 0.144441 0.018774
0 0.251260 0.333175 0.090359 0.018774
0 0.354048 0.333175 0.114545 0.018774
0 0.453813 0.333175 0.083977 0.018774
0 0.545852 0.333175 0.100101 0.018774
0 0.634867 0.333175 0.077595 0.018774
0 0.723547 0.333175 0.099765 0.018774
0 0.820289 0.333175 0.092711 0.018774
0 0.908969 0.333175 0.084985 0.018774
0 0.134028 0.397814 0.144441 0.018774
0 0.251260 0.397814 0.090359 0.018774
0 0.354048 0.397814 0.114545 0.018774
0 0.453813 0.397814 0.083977 0.018774
0 0.545852 0.397814 0.100101 0.018774
0 0.634867 0.397814 0.077595 0.018774
0 0.723547 0.397814 0.099765 0.018774
0 0.820289 0.397814 0.092711 0.018774
0 0.908969 0.397814 0.084985 0.018774
0 0.134028 0.455086 0.144441 0.018774
0 0.251260 0.455086 0.090359 0.018774
0 0.354048 0.455086 0.114545 0.018774
0 0.453813 0.455086 0.083977 0.018774
0 0.545852 0.455086 0.100101 0.018774
0 0.634867 0.455086 0.077595 0.018774
0 0.723547 0.455086 0.099765 0.018774
0 0.820289 0.455086 0.092711 0.018774
0 0.908969 0.455086 0.084985 0.018774
0 0.145784 0.556321 0.168290 0.018774
0 0.270071 0.556321 0.079274 0.018774
0 0.363117 0.556321 0.107155 0.018774
0 0.466913 0.556321 0.099429 0.018774
0 0.558280 0.556321 0.083641 0.018774
0 0.653678 0.556321 0.106819 0.018774
0 0.747061 0.556321 0.080282 0.018774
0 0.830366 0.556321 0.085321 0.018774
0 0.912328 0.556321 0.078603 0.018774
0 0.145784 0.613356 0.168290 0.018774
0 0.270071 0.613356 0.079274 0.018774
0 0.363117 0.613356 0.107155 0.018774
0 0.466913 0.613356 0.099429 0.018774
0 0.558280 0.613356 0.083641 0.018774
0 0.653678 0.613356 0.106819 0.018774
0 0.747061 0.613356 0.080282 0.018774
0 0.830366 0.613356 0.085321 0.018774
0 0.912328 0.613356 0.078603 0.018774
0 0.145784 0.670627 0.168290 0.018774
0 0.270071 0.670627 0.079274 0.018774
0 0.363117 0.670627 0.107155 0.018774
0 0.466913 0.670627 0.099429 0.018774
0 0.558280 0.670627 0.083641 0.018774
0 0.653678 0.670627 0.106819 0.018774
0 0.747061 0.670627 0.080282 0.018774
0 0.830366 0.670627 0.085321 0.018774
0 0.912328 0.670627 0.078603 0.018774
0 0.141082 0.772101 0.158549 0.018774
0 0.265704 0.772101 0.091031 0.018774
0 0.351360 0.772101 0.079610 0.018774
0 0.429963 0.772101 0.077259 0.018774
0 0.511589 0.772101 0.085657 0.018774
0 0.613033 0.772101 0.116224 0.018774
0 0.714142 0.772101 0.086329 0.018774
0 0.812899 0.772101 0.110850 0.018774
0 0.909976 0.772101 0.082969 0.018774
0 0.141082 0.830561 0.158549 0.018774
0 0.265704 0.830561 0.091031 0.018774
0 0.351360 0.830561 0.079610 0.018774
0 0.429963 0.830561 0.077259 0.018774
0 0.511589 0.830561 0.085657 0.018774
0 0.613033 0.830561 0.116224 0.018774
0 0.714142 0.830561 0.086329 0.018774
0 0.812899 0.830561 0.110850 0.018774
0 0.909976 0.830561 0.082969 0.018774
0 0.141082 0.889496 0.158549 0.018774
0 0.265704 0.889496 0.091031 0.018774
0 0.351360 0.889496 0.079610 0.018774
0 0.429963 0.889496 0.077259 0.018774
0 0.511589 0.889496 0.085657 0.018774
0 0.613033 0.889496 0.116224 0.018774
0 0.714142 0.889496 0.086329 0.018774
0 0.812899 0.889496 0.110850 0.018774
0 0.909976 0.889496 0.082969 0.018774
