0 0.188781 0.075570 0.273766 0.018774
0 0.423581 0.075570 0.195835 0.018774
0 0.626806 0.075570 0.209943 0.018774
0 0.841787 0.075570 0.219348 0.018774
0 0.188781 0.130703 0.273766 0.018774
0 0.423581 0.130703 0.195835 0.018774
0 0.626806 0.130703 0.209943 0.018774
0 0.841787 0.130703 0.219348 0.018774
0 0.188781 0.184886 0.273766 0.018774
0 0.423581 0.184886 0.195835 0.018774
0 0.626806 0.184886 0.209943 0.018774
0 0.841787 0.184886 0.219348 0.018774
0 0.188781 0.240494 0.273766 0.018774
0 0.423581 0.240494 0.195835 0.018774
0 0.626806 0.240494 0.209943 0.018774
0 0.841787 0.240494 0.219348 0.018774
0 0.169970 0.353612 0.235808 0.018774
0 0.378569 0.353612 0.181391 0.018774
0 0.536782 0.353612 0.135035 0.018774
0 0.706752 0.353612 0.204568 0.018774
0 0.880081 0.353612 0.142089 0.018774
0 0.169970 0.410409 0.235808 0.018774
0 0.378569 0.410409 0.181391 0.018774
0 0.536782 0.410409 0.135035 0.018774
0 0.706752 0.410409 0.204568 0.018774
0 0.880081 0.410409 0.142089 0.018774
0 0.169970 0.480989 0.235808 0.018774
0 0.378569 0.480989 0.181391 0.018774
0 0.536782 0.480989 0.135035 0.018774
0 0.706752 0.480989 0.204568 0.018774
0 0.880081 0.480989 0.142089 0.018774
0 0.169970 0.533032 0.235808 0.018774
0 0.378569 0.533032 0.181391 0.018774
0 0.536782 0.533032 0.135035 0.018774
0 0.706752 0.533032 0.204568 0.018774
0 0.880081 0.533032 0.142089 0.018774
0 0.140410 0.646150 0.177024 0.018774
0 0.307356 0.646150 0.155862 0.018774
0 0.476654 0.646150 0.182734 0.018774
0 0.629829 0.646150 0.122943 0.018774
0 0.771246 0.646150 0.159221 0.018774
0 0.898556 0.646150 0.095398 0.018774
0 0.140410 0.713165 0.177024 0.018774
0 0.307356 0.713165 0.155862 0.018774
0 0.476654 0.713165 0.182734 0.018774
0 0.629829 0.713165 0.122943 0.018774
0 0.771246 0.713165 0.159221 0.018774
0 0.898556 0.713165 0.095398 0.018774
0 0.140410 0.782082 0.177024 0.018774
0 0.307356 0.782082 0.155862 0.018774
0 0.476654 0.782082 0.182734 0.018774
0 0.629829 0.782082 0.122943 0.018774
0 0.771246 0.782082 0.159221 0.018774
0 0.898556 0.782082 0.095398 0.018774
0 0.140410 0.847909 0.177024 0.018774
0 0.307356 0.847909 0.155862 0.018774
0 0.476654 0.847909 0.182734 0.018774
0 0.629829 0.847909 0.122943 0.018774
0 0.771246 0.847909 0.159221 0.018774
0 0.898556 0.847909 0.095398 0.018774
