0 0.296271 0.078660 0.467249 0.020200
0 0.741014 0.078660 0.421229 0.020200
0 0.296271 0.153517 0.467249 0.020200
0 0.741014 0.153517 0.421229 0.020200
0 0.296271 0.209363 0.467249 0.020200
0 0.741014 0.209363 0.421229 0.020200
0 0.268727 0.295152 0.411824 0.020200
0 0.544172 0.295152 0.139066 0.020200
0 0.784347 0.295152 0.334229 0.020200
0 0.268727 0.380228 0.411824 0.020200
0 0.544172 0.380228 0.139066 0.020200
0 0.784347 0.380228 0.334229 0.020200
0 0.268727 0.434886 0.411824 0.020200
0 0.544172 0.434886 0.139066 0.020200
0 0.784347 0.434886 0.334229 0.020200
0 0.298287 0.520675 0.471280 0.020200
0 0.742694 0.520675 0.417199 0.020200
0 0.298287 0.603375 0.471280 0.020200
0 0.742694 0.603375 0.417199 0.020200
0 0.298287 0.664449 0.471280 0.020200
0 0.742694 0.664449 0.417199 0.020200
0 0.302654 0.750238 0.480013 0.020200
0 0.747061 0.750238 0.408801 0.020200
0 0.302654 0.833888 0.480013 0.020200
0 0.747061 0.833888 0.408801 0.020200
0 0.302654 0.886882 0.480013 0.020200
0 0.747061 0.886882 0.408801 0.020200
