0 0.303325 0.078660 0.481357 0.020200
0 0.746389 0.078660 0.403762 0.020200
0 0.303325 0.137120 0.481357 0.020200
0 0.746389 0.137120 0.403762 0.020200
0 0.303325 0.212215 0.481357 0.020200
0 0.746389 0.212215 0.403762 0.020200
0 0.278468 0.303945 0.431643 0.020200
0 0.723211 0.303945 0.456836 0.020200
0 0.278468 0.367395 0.431643 0.020200
0 0.723211 0.367395 0.456836 0.020200
0 0.278468 0.436549 0.431643 0.020200
0 0.723211 0.436549 0.456836 0.020200
0 0.222707 0.528279 0.320121 0.020200
0 0.508902 0.528279 0.252267 0.020200
0 0.793080 0.528279 0.316090 0.020200
0 0.222707 0.600760 0.320121 0.020200
0 0.508902 0.600760 0.252267 0.020200
0 0.793080 0.600760 0.316090 0.020200
0 0.222707 0.669439 0.320121 0.020200
0 0.508902 0.669439 0.252267 0.020200
0 0.793080 0.669439 0.316090 0.020200
0 0.232449 0.761169 0.339268 0.020200
0 0.534431 0.761169 0.264024 0.020200
0 0.791401 0.761169 0.249916 0.020200
0 0.232449 0.832224 0.339268 0.020200
0 0.534431 0.832224 0.264024 0.020200
0 0.791401 0.832224 0.249916 0.020200
0 0.232449 0.886882 0.339268 0.020200
0 0.534431 0.886882 0.264024 0.020200
0 0.791401 0.886882 0.249916 0.020200
