0 0.141082 0.078660 0.156869 0.020200
0 0.286866 0.078660 0.133692 0.020200
0 0.410480 0.078660 0.113537 0.020200
0 0.536782 0.078660 0.138730 0.020200
0 0.668458 0.078660 0.124286 0.020200
0 0.784683 0.078660 0.108163 0.020200
0 0.895197 0.078660 0.112865 0.020200
0 0.141082 0.146625 0.156869 0.020200
0 0.286866 0.146625 0.133692 0.020200
0 0.410480 0.146625 0.113537 0.020200
0 0.536782 0.146625 0.138730 0.020200
0 0.668458 0.146625 0.124286 0.020200
0 0.784683 0.146625 0.108163 0.020200
0 0.895197 0.146625 0.112865 0.020200
0 0.141082 0.199620 0.156869 0.020200
0 0.286866 0.199620 0.133692 0.020200
0 0.410480 0.199620 0.113537 0.020200
0 0.536782 0.199620 0.138730 0.020200
0 0.668458 0.199620 0.124286 0.020200
0 0.784683 0.199620 0.108163 0.020200
0 0.895197 0.199620 0.112865 0.020200
0 0.154518 0.314401 0.183406 0.020200
0 0.318777 0.314401 0.144441 0.020200
0 0.454148 0.314401 0.126638 0.020200
0 0.576419 0.314401 0.117232 0.020200
0 0.693651 0.314401 0.116896 0.020200
0 0.799127 0.314401 0.094054 0.020200
0 0.898892 0.314401 0.105139 0.020200
0 0.154518 0.367395 0.183406 0.020200
0 0.318777 0.367395 0.144441 0.020200
0 0.454148 0.367395 0.126638 0.020200
0 0.576419 0.367395 0.117232 0.020200
0 0.693651 0.367395 0.116896 0.020200
0 0.799127 0.367395 0.094054 0.020200
0 0.898892 0.367395 0.105139 0.020200
0 0.154518 0.426568 0.183406 0.020200
0 0.318777 0.426568 0.144441 0.020200
0 0.454148 0.426568 0.126638 0.020200
0 0.576419 0.426568 0.117232 0.020200
0 0.693651 0.426568 0.116896 0.020200
0 0.799127 0.426568 0.094054 0.020200
0 0.898892 0.426568 0.105139 0.020200
0 0.154854 0.541350 0.184414 0.020200
0 0.318777 0.541350 0.143433 0.020200
0 0.453477 0.541350 0.124958 0.020200
0 0.585153 0.541350 0.137723 0.020200
0 0.729258 0.541350 0.150823 0.020200
0 0.878401 0.541350 0.146456 0.020200
0 0.154854 0.600285 0.184414 0.020200
0 0.318777 0.600285 0.143433 0.020200
0 0.453477 0.600285 0.124958 0.020200
0 0.585153 0.600285 0.137723 0.020200
0 0.729258 0.600285 0.150823 0.020200
0 0.878401 0.600285 0.146456 0.020200
0 0.154854 0.660409 0.184414 0.020200
0 0.318777 0.660409 0.143433 0.020200
0 0.453477 0.660409 0.124958 0.020200
0 0.585153 0.660409 0.137723 0.020200
0 0.729258 0.660409 0.150823 0.020200
0 0.878401 0.660409 0.146456 0.020200
0 0.141753 0.775190 0.158213 0.020200
0 0.291905 0.775190 0.141753 0.020200
0 0.449110 0.775190 0.171985 0.020200
0 0.612026 0.775190 0.153510 0.020200
0 0.756802 0.775190 0.135371 0.020200
0 0.888142 0.775190 0.126973 0.020200
0 0.141753 0.833888 0.158213 0.020200
0 0.291905 0.833888 0.141753 0.020200
0 0.449110 0.833888 0.171985 0.020200
0 0.612026 0.833888 0.153510 0.020200
0 0.756802 0.833888 0.135371 0.020200
0 0.888142 0.833888 0.126973 0.020200
0 0.141753 0.886882 0.158213 0.020200
0 0.291905 0.886882 0.141753 0.020200
0 0.449110 0.886882 0.171985 0.020200
0 0.612026 0.886882 0.153510 0.020200
0 0.756802 0.886882 0.135371 0.020200
0 0.888142 0.886882 0.126973 0.020200
