0 0.250924 0.205086 0.202217 0.020200
0 0.402419 0.205086 0.100773 0.020200
0 0.527041 0.205086 0.147800 0.020200
0 0.641921 0.205086 0.082298 0.020200
0 0.754115 0.205086 0.141753 0.020200
0 0.888142 0.205086 0.126302 0.020200
0 0.250924 0.266397 0.202217 0.020200
0 0.402419 0.266397 0.100773 0.020200
0 0.527041 0.266397 0.147800 0.020200
0 0.641921 0.266397 0.082298 0.020200
0 0.754115 0.266397 0.141753 0.020200
0 0.888142 0.266397 0.126302 0.020200
0 0.250924 0.319392 0.202217 0.020200
0 0.402419 0.319392 0.100773 0.020200
0 0.527041 0.319392 0.147800 0.020200
0 0.641921 0.319392 0.082298 0.020200
0 0.754115 0.319392 0.141753 0.020200
0 0.888142 0.319392 0.126302 0.020200
0 0.166947 0.430371 0.208599 0.020200
0 0.331206 0.430371 0.119583 0.020200
0 0.472288 0.430371 0.162244 0.020200
0 0.621767 0.430371 0.136379 0.020200
0 0.766879 0.430371 0.153174 0.020200
0 0.897548 0.430371 0.108163 0.020200
0 0.166947 0.490019 0.208599 0.020200
0 0.331206 0.490019 0.119583 0.020200
0 0.472288 0.490019 0.162244 0.020200
0 0.621767 0.490019 0.136379 0.020200
0 0.766879 0.490019 0.153174 0.020200
0 0.897548 0.490019 0.108163 0.020200
0 0.166947 0.543013 0.208599 0.020200
0 0.331206 0.543013 0.119583 0.020200
0 0.472288 0.543013 0.162244 0.020200
0 0.621767 0.543013 0.136379 0.020200
0 0.766879 0.543013 0.153174 0.020200
0 0.897548 0.543013 0.108163 0.020200
0 0.187101 0.653992 0.248908 0.020200
0 0.423245 0.653992 0.222707 0.020200
0 0.650991 0.653992 0.232113 0.020200
0 0.856231 0.653992 0.178367 0.020200
0 0.187101 0.721721 0.248908 0.020200
0 0.423245 0.721721 0.222707 0.020200
0 0.650991 0.721721 0.232113 0.020200
0 0.856231 0.721721 0.178367 0.020200
0 0.187101 0.774715 0.248908 0.020200
0 0.423245 0.774715 0.222707 0.020200
0 0.650991 0.774715 0.232113 0.020200
0 0.856231 0.774715 0.178367 0.020200
