0 0.165939 0.078660 0.206248 0.020200
0 0.325160 0.078660 0.112193 0.020200
0 0.448438 0.078660 0.134028 0.020200
0 0.583473 0.078660 0.136043 0.020200
0 0.733289 0.078660 0.163252 0.020200
0 0.883104 0.078660 0.136715 0.020200
0 0.165939 0.142823 0.206248 0.020200
0 0.325160 0.142823 0.112193 0.020200
0 0.448438 0.142823 0.134028 0.020200
0 0.583473 0.142823 0.136043 0.020200
0 0.733289 0.142823 0.163252 0.020200
0 0.883104 0.142823 0.136715 0.020200
0 0.165939 0.197719 0.206248 0.020200
0 0.325160 0.197719 0.112193 0.020200
0 0.448438 0.197719 0.134028 0.020200
0 0.583473 0.197719 0.136043 0.020200
0 0.733289 0.197719 0.163252 0.020200
0 0.883104 0.197719 0.136715 0.020200
0 0.153174 0.312025 0.180719 0.020200
0 0.310044 0.312025 0.133020 0.020200
0 0.465905 0.312025 0.178032 0.020200
0 0.620423 0.312025 0.131340 0.020200
0 0.756466 0.312025 0.140074 0.020200
0 0.889150 0.312025 0.124958 0.020200
0 0.153174 0.374287 0.180719 0.020200
0 0.310044 0.374287 0.133020 0.020200
0 0.465905 0.374287 0.178032 0.020200
0 0.620423 0.374287 0.131340 0.020200
0 0.756466 0.374287 0.140074 0.020200
0 0.889150 0.374287 0.124958 0.020200
0 0.153174 0.429895 0.180719 0.020200
0 0.310044 0.429895 0.133020 0.020200
0 0.465905 0.429895 0.178032 0.020200
0 0.620423 0.429895 0.131340 0.020200
0 0.756466 0.429895 0.140074 0.020200
0 0.889150 0.429895 0.124958 0.020200
0 0.140746 0.544202 0.155862 0.020200
0 0.275445 0.544202 0.113537 0.020200
0 0.387303 0.544202 0.109842 0.020200
0 0.494122 0.544202 0.103796 0.020200
0 0.619080 0.544202 0.145113 0.020200
0 0.763184 0.544202 0.143433 0.020200
0 0.893181 0.544202 0.116560 0.020200
0 0.140746 0.605038 0.155862 0.020200
0 0.275445 0.605038 0.113537 0.020200
0 0.387303 0.605038 0.109842 0.020200
0 0.494122 0.605038 0.103796 0.020200
0 0.619080 0.605038 0.145113 0.020200
0 0.763184 0.605038 0.143433 0.020200
0 0.893181 0.605038 0.116560 0.020200
0 0.140746 0.659933 0.155862 0.020200
0 0.275445 0.659933 0.113537 0.020200
0 0.387303 0.659933 0.109842 0.020200
0 0.494122 0.659933 0.103796 0.020200
0 0.619080 0.659933 0.145113 0.020200
0 0.763184 0.659933 0.143433 0.020200
0 0.893181 0.659933 0.116560 0.020200
0 0.138730 0.774477 0.151831 0.020200
0 0.274101 0.774477 0.118912 0.020200
0 0.388310 0.774477 0.109170 0.020200
0 0.497817 0.774477 0.109170 0.020200
0 0.621431 0.774477 0.137051 0.020200
0 0.762849 0.774477 0.145784 0.020200
0 0.893853 0.774477 0.115553 0.020200
0 0.138730 0.827471 0.151831 0.020200
0 0.274101 0.827471 0.118912 0.020200
0 0.388310 0.827471 0.109170 0.020200
0 0.497817 0.827471 0.109170 0.020200
0 0.621431 0.827471 0.137051 0.020200
0 0.762849 0.827471 0.145784 0.020200
0 0.893853 0.827471 0.115553 0.020200
0 0.138730 0.886882 0.151831 0.020200
0 0.274101 0.886882 0.118912 0.020200
0 0.388310 0.886882 0.109170 0.020200
0 0.497817 0.886882 0.109170 0.020200
0 0.621431 0.886882 0.137051 0.020200
0 0.762849 0.886882 0.145784 0.020200
0 0.893853 0.886882 0.115553 0.020200
