0 0.259657 0.226236 0.200202 0.018774
0 0.426268 0.226236 0.132348 0.018774
0 0.576419 0.226236 0.167954 0.018774
0 0.730265 0.226236 0.139738 0.018774
0 0.876050 0.226236 0.151159 0.018774
0 0.259657 0.275665 0.200202 0.018774
0 0.426268 0.275665 0.132348 0.018774
0 0.576419 0.275665 0.167954 0.018774
0 0.730265 0.275665 0.139738 0.018774
0 0.876050 0.275665 0.151159 0.018774
0 0.259657 0.328897 0.200202 0.018774
0 0.426268 0.328897 0.132348 0.018774
0 0.576419 0.328897 0.167954 0.018774
0 0.730265 0.328897 0.139738 0.018774
0 0.876050 0.328897 0.151159 0.018774
0 0.169970 0.403992 0.216325 0.018774
0 0.342963 0.403992 0.129661 0.018774
0 0.485052 0.403992 0.153846 0.018774
0 0.623446 0.403992 0.122607 0.018774
0 0.750420 0.403992 0.130333 0.018774
0 0.883440 0.403992 0.136043 0.018774
0 0.169970 0.464829 0.216325 0.018774
0 0.342963 0.464829 0.129661 0.018774
0 0.485052 0.464829 0.153846 0.018774
0 0.623446 0.464829 0.122607 0.018774
0 0.750420 0.464829 0.130333 0.018774
0 0.883440 0.464829 0.136043 0.018774
0 0.163923 0.540162 0.204232 0.018774
0 0.353376 0.540162 0.175008 0.018774
0 0.517971 0.540162 0.154182 0.018774
0 0.689285 0.540162 0.187773 0.018774
0 0.867316 0.540162 0.168290 0.018774
0 0.163923 0.612880 0.204232 0.018774
0 0.353376 0.612880 0.175008 0.018774
0 0.517971 0.612880 0.154182 0.018774
0 0.689285 0.612880 0.187773 0.018774
0 0.867316 0.612880 0.168290 0.018774
0 0.163923 0.681084 0.204232 0.018774
0 0.353376 0.681084 0.175008 0.018774
0 0.517971 0.681084 0.154182 0.018774
0 0.689285 0.681084 0.187773 0.018774
0 0.867316 0.681084 0.168290 0.018774
0 0.168290 0.756179 0.213302 0.018774
0 0.372523 0.756179 0.194827 0.018774
0 0.556601 0.756179 0.173665 0.018774
0 0.726570 0.756179 0.166275 0.018774
0 0.880752 0.756179 0.141418 0.018774
0 0.168290 0.821530 0.213302 0.018774
0 0.372523 0.821530 0.194827 0.018774
0 0.556601 0.821530 0.173665 0.018774
0 0.726570 0.821530 0.166275 0.018774
0 0.880752 0.821530 0.141418 0.018774
0 0.168290 0.889734 0.213302 0.018774
0 0.372523 0.889734 0.194827 0.018774
0 0.556601 0.889734 0.173665 0.018774
0 0.726570 0.889734 0.166275 0.018774
0 0.880752 0.889734 0.141418 0.018774
