0 0.230769 0.104087 0.336245 0.020200
0 0.536446 0.104087 0.274773 0.020200
0 0.812899 0.104087 0.277461 0.020200
0 0.230769 0.157082 0.336245 0.020200
0 0.536446 0.157082 0.274773 0.020200
0 0.812899 0.157082 0.277461 0.020200
0 0.230769 0.214116 0.336245 0.020200
0 0.536446 0.214116 0.274773 0.020200
0 0.812899 0.214116 0.277461 0.020200
0 0.226067 0.316302 0.326839 0.020200
0 0.532079 0.316302 0.285186 0.020200
0 0.813235 0.316302 0.276453 0.020200
0 0.226067 0.373574 0.326839 0.020200
0 0.532079 0.373574 0.285186 0.020200
0 0.813235 0.373574 0.276453 0.020200
0 0.226067 0.429183 0.326839 0.020200
0 0.532079 0.429183 0.285186 0.020200
0 0.813235 0.429183 0.276453 0.020200
0 0.226067 0.531369 0.326839 0.020200
0 0.528384 0.531369 0.276789 0.020200
0 0.809204 0.531369 0.284515 0.020200
0 0.226067 0.600998 0.326839 0.020200
0 0.528384 0.600998 0.276789 0.020200
0 0.809204 0.600998 0.284515 0.020200
0 0.226067 0.658032 0.326839 0.020200
0 0.528384 0.658032 0.276789 0.020200
0 0.809204 0.658032 0.284515 0.020200
0 0.226402 0.760219 0.327511 0.020200
0 0.529728 0.760219 0.279140 0.020200
0 0.810548 0.760219 0.282163 0.020200
0 0.226402 0.829610 0.327511 0.020200
0 0.529728 0.829610 0.279140 0.020200
0 0.810548 0.829610 0.282163 0.020200
0 0.226402 0.886882 0.327511 0.020200
0 0.529728 0.886882 0.279140 0.020200
0 0.810548 0.886882 0.282163 0.020200
