0 0.199194 0.071293 0.278468 0.016635
0 0.443063 0.071293 0.208263 0.016635
0 0.644273 0.071293 0.194491 0.016635
0 0.846490 0.071293 0.209943 0.016635
0 0.199194 0.118821 0.278468 0.016635
0 0.443063 0.118821 0.208263 0.016635
0 0.644273 0.118821 0.194491 0.016635
0 0.846490 0.118821 0.209943 0.016635
0 0.199194 0.170865 0.278468 0.016635
0 0.443063 0.170865 0.208263 0.016635
0 0.644273 0.170865 0.194491 0.016635
0 0.846490 0.170865 0.209943 0.016635
0 0.198186 0.253802 0.276453 0.016635
0 0.499496 0.253802 0.325495 0.016635
0 0.806853 0.253802 0.289217 0.016635
0 0.198186 0.312262 0.276453 0.016635
0 0.499496 0.312262 0.325495 0.016635
0 0.806853 0.312262 0.289217 0.016635
0 0.198186 0.356464 0.276453 0.016635
0 0.499496 0.356464 0.325495 0.016635
0 0.806853 0.356464 0.289217 0.016635
0 0.222707 0.439401 0.325160 0.016635
0 0.512597 0.439401 0.254283 0.016635
0 0.715485 0.439401 0.151495 0.016635
0 0.871683 0.439401 0.159893 0.016635
0 0.222707 0.499049 0.325160 0.016635
0 0.512597 0.499049 0.254283 0.016635
0 0.715485 0.499049 0.151495 0.016635
0 0.871683 0.499049 0.159893 0.016635
0 0.222707 0.543251 0.325160 0.016635
0 0.512597 0.543251 0.254283 0.016635
0 0.715485 0.543251 0.151495 0.016635
0 0.871683 0.543251 0.159893 0.016635
0 0.185086 0.626188 0.249916 0.016635
0 0.418206 0.626188 0.215989 0.016635
0 0.632180 0.626188 0.211958 0.016635
0 0.845146 0.626188 0.212966 0.016635
0 0.185086 0.675618 0.249916 0.016635
0 0.418206 0.675618 0.215989 0.016635
0 0.632180 0.675618 0.211958 0.016635
0 0.845146 0.675618 0.212966 0.016635
0 0.185086 0.719819 0.249916 0.016635
0 0.418206 0.719819 0.215989 0.016635
0 0.632180 0.719819 0.211958 0.016635
0 0.845146 0.719819 0.212966 0.016635
0 0.184750 0.802757 0.249244 0.016635
0 0.415519 0.802757 0.211622 0.016635
0 0.616392 0.802757 0.190460 0.016635
0 0.772590 0.802757 0.121599 0.016635
0 0.890158 0.802757 0.112865 0.016635
0 0.184750 0.846958 0.249244 0.016635
0 0.415519 0.846958 0.211622 0.016635
0 0.616392 0.846958 0.190460 0.016635
0 0.772590 0.846958 0.121599 0.016635
0 0.890158 0.846958 0.112865 0.016635
0 0.184750 0.894487 0.249244 0.016635
0 0.415519 0.894487 0.211622 0.016635
0 0.616392 0.894487 0.190460 0.016635
0 0.772590 0.894487 0.121599 0.016635
0 0.890158 0.894487 0.112865 0.016635
