0 0.300302 0.188213 0.341283 0.018061
0 0.587504 0.188213 0.233121 0.018061
0 0.828015 0.188213 0.247229 0.018061
0 0.300302 0.249525 0.341283 0.018061
0 0.587504 0.249525 0.233121 0.018061
0 0.828015 0.249525 0.247229 0.018061
0 0.286194 0.333888 0.456500 0.018061
0 0.733289 0.333888 0.436681 0.018061
0 0.286194 0.397576 0.456500 0.018061
0 0.733289 0.397576 0.436681 0.018061
0 0.286194 0.459125 0.456500 0.018061
0 0.733289 0.459125 0.436681 0.018061
0 0.313403 0.543489 0.510917 0.018061
0 0.760161 0.543489 0.382600 0.018061
0 0.313403 0.607177 0.510917 0.018061
0 0.760161 0.607177 0.382600 0.018061
0 0.313403 0.668489 0.510917 0.018061
0 0.760161 0.668489 0.382600 0.018061
0 0.223379 0.752852 0.330870 0.018061
0 0.529728 0.752852 0.280820 0.018061
0 0.810883 0.752852 0.281491 0.018061
0 0.223379 0.830086 0.330870 0.018061
0 0.529728 0.830086 0.280820 0.018061
0 0.810883 0.830086 0.281491 0.018061
0 0.223379 0.891397 0.330870 0.018061
0 0.529728 0.891397 0.280820 0.018061
0 0.810883 0.891397 0.281491 0.018061
