0 0.306685 0.188688 0.330534 0.020913
0 0.598253 0.188688 0.252267 0.020913
0 0.837756 0.188688 0.226738 0.020913
0 0.306685 0.246435 0.330534 0.020913
0 0.598253 0.246435 0.252267 0.020913
0 0.837756 0.246435 0.226738 0.020913
0 0.213302 0.353137 0.309708 0.020913
0 0.513940 0.353137 0.291233 0.020913
0 0.805509 0.353137 0.291233 0.020913
0 0.213302 0.415637 0.309708 0.020913
0 0.513940 0.415637 0.291233 0.020913
0 0.805509 0.415637 0.291233 0.020913
0 0.197514 0.522338 0.278468 0.020913
0 0.411488 0.522338 0.148808 0.020913
0 0.566678 0.522338 0.161236 0.020913
0 0.692308 0.522338 0.089352 0.020913
0 0.844138 0.522338 0.214310 0.020913
0 0.197514 0.579135 0.278468 0.020913
0 0.411488 0.579135 0.148808 0.020913
0 0.566678 0.579135 0.161236 0.020913
0 0.692308 0.579135 0.089352 0.020913
0 0.844138 0.579135 0.214310 0.020913
0 0.197514 0.648289 0.278468 0.020913
0 0.492106 0.648289 0.310044 0.020913
0 0.692308 0.648289 0.089352 0.020913
0 0.844138 0.648289 0.214310 0.020913
0 0.179375 0.755228 0.241854 0.020913
0 0.402419 0.755228 0.203897 0.020913
0 0.632180 0.755228 0.254955 0.020913
0 0.855895 0.755228 0.191468 0.020913
0 0.179375 0.824382 0.241854 0.020913
0 0.402419 0.824382 0.203897 0.020913
0 0.632180 0.824382 0.254955 0.020913
0 0.855895 0.824382 0.191468 0.020913
0 0.179375 0.884743 0.241854 0.020913
0 0.402419 0.884743 0.203897 0.020913
0 0.632180 0.884743 0.254955 0.020913
0 0.855895 0.884743 0.191468 0.020913
