0 0.287874 0.080086 0.449446 0.020675
0 0.732281 0.080086 0.438697 0.020675
0 0.287874 0.140922 0.449446 0.020675
0 0.732281 0.140922 0.438697 0.020675
0 0.287874 0.203660 0.449446 0.020675
0 0.732281 0.203660 0.438697 0.020675
0 0.291905 0.301806 0.457508 0.020675
0 0.735976 0.301806 0.430635 0.020675
0 0.291905 0.367633 0.457508 0.020675
0 0.735976 0.367633 0.430635 0.020675
0 0.291905 0.430371 0.457508 0.020675
0 0.735976 0.430371 0.430635 0.020675
0 0.302318 0.528517 0.478334 0.020675
0 0.746725 0.528517 0.409809 0.020675
0 0.302318 0.592205 0.478334 0.020675
0 0.746725 0.592205 0.409809 0.020675
0 0.302318 0.654943 0.478334 0.020675
0 0.746725 0.654943 0.409809 0.020675
0 0.275781 0.753089 0.425260 0.020675
0 0.607659 0.753089 0.237823 0.020675
0 0.839100 0.753089 0.225059 0.020675
0 0.275781 0.822481 0.425260 0.020675
0 0.607659 0.822481 0.237823 0.020675
0 0.839100 0.822481 0.225059 0.020675
0 0.275781 0.885219 0.425260 0.020675
0 0.607659 0.885219 0.237823 0.020675
0 0.839100 0.885219 0.225059 0.020675
