0 0.203561 0.078660 0.281827 0.020200
0 0.432986 0.078660 0.176688 0.020200
0 0.626470 0.078660 0.209607 0.020200
0 0.841451 0.078660 0.220020 0.020200
0 0.203561 0.144249 0.281827 0.020200
0 0.432986 0.144249 0.176688 0.020200
0 0.626470 0.144249 0.209607 0.020200
0 0.841451 0.144249 0.220020 0.020200
0 0.203561 0.204848 0.281827 0.020200
0 0.432986 0.204848 0.176688 0.020200
0 0.626470 0.204848 0.209607 0.020200
0 0.841451 0.204848 0.220020 0.020200
0 0.191804 0.299192 0.257978 0.020200
0 0.410816 0.299192 0.179375 0.020200
0 0.633860 0.299192 0.266711 0.020200
0 0.859590 0.299192 0.184078 0.020200
0 0.191804 0.370722 0.257978 0.020200
0 0.410816 0.370722 0.179375 0.020200
0 0.633860 0.370722 0.266711 0.020200
0 0.859590 0.370722 0.184078 0.020200
0 0.191804 0.431559 0.257978 0.020200
0 0.410816 0.431559 0.179375 0.020200
0 0.633860 0.431559 0.266711 0.020200
0 0.859590 0.431559 0.184078 0.020200
0 0.174001 0.525665 0.222372 0.020200
0 0.356735 0.525665 0.143097 0.020200
0 0.503527 0.525665 0.150487 0.020200
0 0.665771 0.525665 0.173329 0.020200
0 0.851864 0.525665 0.199194 0.020200
0 0.174001 0.604563 0.222372 0.020200
0 0.356735 0.604563 0.143097 0.020200
0 0.503527 0.604563 0.150487 0.020200
0 0.665771 0.604563 0.173329 0.020200
0 0.851864 0.604563 0.199194 0.020200
0 0.174001 0.665162 0.222372 0.020200
0 0.356735 0.665162 0.143097 0.020200
0 0.503527 0.665162 0.150487 0.020200
0 0.665771 0.665162 0.173329 0.020200
0 0.851864 0.665162 0.199194 0.020200
0 0.184078 0.759506 0.242526 0.020200
0 0.410480 0.759506 0.209607 0.020200
0 0.622775 0.759506 0.214646 0.020200
0 0.840779 0.759506 0.221364 0.020200
0 0.184078 0.826283 0.242526 0.020200
0 0.410480 0.826283 0.209607 0.020200
0 0.622775 0.826283 0.214646 0.020200
0 0.840779 0.826283 0.221364 0.020200
0 0.184078 0.886882 0.242526 0.020200
0 0.410480 0.886882 0.209607 0.020200
0 0.622775 0.886882 0.214646 0.020200
0 0.840779 0.886882 0.221364 0.020200
