0 0.320457 0.257605 0.276117 0.020675
0 0.546523 0.257605 0.175680 0.020675
0 0.728586 0.257605 0.188109 0.020675
0 0.885119 0.257605 0.125294 0.020675
0 0.320457 0.330561 0.276117 0.020675
0 0.546523 0.330561 0.175680 0.020675
0 0.728586 0.330561 0.188109 0.020675
0 0.885119 0.330561 0.125294 0.020675
0 0.087336 0.456036 0.048707 0.020675
0 0.270406 0.456036 0.307356 0.020675
0 0.541821 0.456036 0.234800 0.020675
0 0.805509 0.456036 0.292241 0.020675
0 0.087336 0.546103 0.048707 0.020675
0 0.270406 0.546103 0.307356 0.020675
0 0.541821 0.546103 0.234800 0.020675
0 0.805509 0.546103 0.292241 0.020675
0 0.087336 0.608840 0.048707 0.020675
0 0.270406 0.608840 0.307356 0.020675
0 0.541821 0.608840 0.234800 0.020675
0 0.805509 0.608840 0.292241 0.020675
0 0.218677 0.734316 0.311051 0.020675
0 0.531072 0.734316 0.313403 0.020675
0 0.819617 0.734316 0.263688 0.020675
0 0.218677 0.822481 0.311051 0.020675
0 0.531072 0.822481 0.313403 0.020675
0 0.819617 0.822481 0.263688 0.020675
0 0.218677 0.885219 0.311051 0.020675
0 0.531072 0.885219 0.313403 0.020675
0 0.819617 0.885219 0.263688 0.020675
