0 0.153510 0.208175 0.094726 0.016635
0 0.276453 0.208175 0.143769 0.016635
0 0.405106 0.208175 0.113201 0.016635
0 0.527377 0.208175 0.130333 0.016635
0 0.638226 0.208175 0.091031 0.016635
0 0.757810 0.208175 0.147800 0.016635
0 0.891837 0.208175 0.119583 0.016635
0 0.153510 0.273051 0.094726 0.016635
0 0.276453 0.273051 0.143769 0.016635
0 0.405106 0.273051 0.113201 0.016635
0 0.527377 0.273051 0.130333 0.016635
0 0.638226 0.273051 0.091031 0.016635
0 0.757810 0.273051 0.147800 0.016635
0 0.891837 0.273051 0.119583 0.016635
0 0.153510 0.328422 0.094726 0.016635
0 0.276453 0.328422 0.143769 0.016635
0 0.405106 0.328422 0.113201 0.016635
0 0.527377 0.328422 0.130333 0.016635
0 0.638226 0.328422 0.091031 0.016635
0 0.757810 0.328422 0.147800 0.016635
0 0.891837 0.328422 0.119583 0.016635
0 0.141753 0.398527 0.163588 0.016635
0 0.267383 0.398527 0.087000 0.016635
0 0.375210 0.398527 0.127981 0.016635
0 0.514612 0.398527 0.149815 0.016635
0 0.650319 0.398527 0.121935 0.016635
0 0.770238 0.398527 0.117232 0.016635
0 0.890158 0.398527 0.122607 0.016635
0 0.141753 0.468394 0.163588 0.016635
0 0.267383 0.468394 0.087000 0.016635
0 0.375210 0.468394 0.127981 0.016635
0 0.514612 0.468394 0.149815 0.016635
0 0.650319 0.468394 0.121935 0.016635
0 0.770238 0.468394 0.117232 0.016635
0 0.890158 0.468394 0.122607 0.016635
0 0.141753 0.525665 0.163588 0.016635
0 0.267383 0.525665 0.087000 0.016635
0 0.375210 0.525665 0.127981 0.016635
0 0.514612 0.525665 0.149815 0.016635
0 0.650319 0.525665 0.121935 0.016635
0 0.770238 0.525665 0.117232 0.016635
0 0.890158 0.525665 0.122607 0.016635
0 0.132012 0.595770 0.143769 0.016635
0 0.271078 0.595770 0.134028 0.016635
0 0.381256 0.595770 0.086329 0.016635
0 0.502183 0.595770 0.146792 0.016635
0 0.638898 0.595770 0.126638 0.016635
0 0.762513 0.595770 0.119919 0.016635
0 0.887135 0.595770 0.128989 0.016635
0 0.132012 0.662310 0.143769 0.016635
0 0.271078 0.662310 0.134028 0.016635
0 0.381256 0.662310 0.086329 0.016635
0 0.502183 0.662310 0.146792 0.016635
0 0.638898 0.662310 0.126638 0.016635
0 0.762513 0.662310 0.119919 0.016635
0 0.887135 0.662310 0.128989 0.016635
0 0.132012 0.712928 0.143769 0.016635
0 0.271078 0.712928 0.134028 0.016635
0 0.381256 0.712928 0.086329 0.016635
0 0.502183 0.712928 0.146792 0.016635
0 0.638898 0.712928 0.126638 0.016635
0 0.762513 0.712928 0.119919 0.016635
0 0.887135 0.712928 0.128989 0.016635
0 0.153510 0.783032 0.186765 0.016635
0 0.312059 0.783032 0.129661 0.016635
0 0.455828 0.783032 0.157877 0.016635
0 0.602284 0.783032 0.134699 0.016635
0 0.738999 0.783032 0.138730 0.016635
0 0.880081 0.783032 0.142761 0.016635
0 0.153510 0.843631 0.186765 0.016635
0 0.312059 0.843631 0.129661 0.016635
0 0.455828 0.843631 0.157877 0.016635
0 0.602284 0.843631 0.134699 0.016635
0 0.738999 0.843631 0.138730 0.016635
0 0.880081 0.843631 0.142761 0.016635
0 0.153510 0.894487 0.186765 0.016635
0 0.312059 0.894487 0.129661 0.016635
0 0.455828 0.894487 0.157877 0.016635
0 0.602284 0.894487 0.134699 0.016635
0 0.738999 0.894487 0.138730 0.016635
0 0.880081 0.894487 0.142761 0.016635
