0 0.187437 0.071293 0.254619 0.016635
0 0.417199 0.071293 0.204568 0.016635
0 0.625798 0.071293 0.212294 0.016635
0 0.841787 0.071293 0.219348 0.016635
0 0.187437 0.131892 0.254619 0.016635
0 0.417199 0.131892 0.204568 0.016635
0 0.625798 0.131892 0.212294 0.016635
0 0.841787 0.131892 0.219348 0.016635
0 0.187437 0.176093 0.254619 0.016635
0 0.417199 0.176093 0.204568 0.016635
0 0.625798 0.176093 0.212294 0.016635
0 0.841787 0.176093 0.219348 0.016635
0 0.161236 0.255466 0.202217 0.016635
0 0.343635 0.255466 0.161908 0.016635
0 0.510245 0.255466 0.170977 0.016635
0 0.684918 0.255466 0.177696 0.016635
0 0.862613 0.255466 0.177696 0.016635
0 0.161236 0.304895 0.202217 0.016635
0 0.343635 0.304895 0.161908 0.016635
0 0.510245 0.304895 0.170977 0.016635
0 0.684918 0.304895 0.177696 0.016635
0 0.862613 0.304895 0.177696 0.016635
0 0.161236 0.356464 0.202217 0.016635
0 0.343635 0.356464 0.161908 0.016635
0 0.510245 0.356464 0.170977 0.016635
0 0.684918 0.356464 0.177696 0.016635
0 0.862613 0.356464 0.177696 0.016635
0 0.186765 0.435599 0.253275 0.016635
0 0.419214 0.435599 0.210951 0.016635
0 0.636883 0.435599 0.223715 0.016635
0 0.850185 0.435599 0.202553 0.016635
0 0.186765 0.479800 0.253275 0.016635
0 0.419214 0.479800 0.210951 0.016635
0 0.636883 0.479800 0.223715 0.016635
0 0.850185 0.479800 0.202553 0.016635
0 0.186765 0.533270 0.253275 0.016635
0 0.419214 0.533270 0.210951 0.016635
0 0.636883 0.533270 0.223715 0.016635
0 0.850185 0.533270 0.202553 0.016635
0 0.127309 0.612643 0.134363 0.016635
0 0.228754 0.612643 0.068189 0.016635
0 0.368828 0.612643 0.211622 0.016635
0 0.615049 0.612643 0.280148 0.016635
0 0.853544 0.612643 0.196507 0.016635
0 0.127309 0.663736 0.134363 0.016635
0 0.228754 0.663736 0.068189 0.016635
0 0.368828 0.663736 0.211622 0.016635
0 0.615049 0.663736 0.280148 0.016635
0 0.853544 0.663736 0.196507 0.016635
0 0.127309 0.713878 0.134363 0.016635
0 0.228754 0.713878 0.068189 0.016635
0 0.368828 0.713878 0.211622 0.016635
0 0.615049 0.713878 0.280148 0.016635
0 0.853544 0.713878 0.196507 0.016635
0 0.221028 0.793013 0.322136 0.016635
0 0.525361 0.793013 0.285522 0.016635
0 0.809876 0.793013 0.283507 0.016635
0 0.221028 0.845532 0.322136 0.016635
0 0.525361 0.845532 0.285522 0.016635
0 0.809876 0.845532 0.283507 0.016635
0 0.221028 0.894487 0.322136 0.016635
0 0.525361 0.894487 0.285522 0.016635
0 0.809876 0.894487 0.283507 0.016635
