0 0.265368 0.209125 0.255962 0.018774
0 0.486732 0.209125 0.186429 0.018774
0 0.672489 0.209125 0.184414 0.018774
0 0.858247 0.209125 0.186429 0.018774
0 0.265368 0.258555 0.255962 0.018774
0 0.486732 0.258555 0.186429 0.018774
0 0.672489 0.258555 0.184414 0.018774
0 0.858247 0.258555 0.186429 0.018774
0 0.265368 0.312738 0.255962 0.018774
0 0.486732 0.312738 0.186429 0.018774
0 0.672489 0.312738 0.184414 0.018774
0 0.858247 0.312738 0.186429 0.018774
0 0.090359 0.427281 0.057440 0.018774
0 0.263352 0.427281 0.279476 0.018774
0 0.518307 0.427281 0.230433 0.018774
0 0.792408 0.427281 0.318105 0.018774
0 0.090359 0.547529 0.057440 0.018774
0 0.263352 0.547529 0.279476 0.018774
0 0.518307 0.547529 0.230433 0.018774
0 0.792408 0.547529 0.318105 0.018774
0 0.090359 0.611217 0.057440 0.018774
0 0.263352 0.611217 0.279476 0.018774
0 0.518307 0.611217 0.230433 0.018774
0 0.792408 0.611217 0.318105 0.018774
0 0.221364 0.725760 0.319113 0.018774
0 0.522674 0.725760 0.282835 0.018774
0 0.807860 0.725760 0.287538 0.018774
0 0.221364 0.832700 0.319113 0.018774
0 0.522674 0.832700 0.282835 0.018774
0 0.807860 0.832700 0.287538 0.018774
0 0.221364 0.889734 0.319113 0.018774
0 0.522674 0.889734 0.282835 0.018774
0 0.807860 0.889734 0.287538 0.018774
