0 0.182062 0.066778 0.246557 0.014734
0 0.413168 0.066778 0.215317 0.014734
0 0.629157 0.066778 0.216325 0.014734
0 0.844810 0.066778 0.214310 0.014734
0 0.182062 0.105513 0.246557 0.014734
0 0.413168 0.105513 0.215317 0.014734
0 0.629157 0.105513 0.216325 0.014734
0 0.844810 0.105513 0.214310 0.014734
0 0.182062 0.144487 0.246557 0.014734
0 0.413168 0.144487 0.215317 0.014734
0 0.629157 0.144487 0.216325 0.014734
0 0.844810 0.144487 0.214310 0.014734
0 0.182062 0.188926 0.246557 0.014734
0 0.413168 0.188926 0.215317 0.014734
0 0.629157 0.188926 0.216325 0.014734
0 0.844810 0.188926 0.214310 0.014734
0 0.216997 0.255703 0.316426 0.014734
0 0.509237 0.255703 0.267719 0.014734
0 0.797447 0.255703 0.308364 0.014734
0 0.216997 0.298241 0.316426 0.014734
0 0.509237 0.298241 0.267719 0.014734
0 0.797447 0.298241 0.308364 0.014734
0 0.216997 0.339591 0.316426 0.014734
0 0.509237 0.339591 0.267719 0.014734
0 0.797447 0.339591 0.308364 0.014734
0 0.216997 0.384030 0.316426 0.014734
0 0.509237 0.384030 0.267719 0.014734
0 0.797447 0.384030 0.308364 0.014734
0 0.180047 0.450808 0.242526 0.014734
0 0.396708 0.450808 0.191132 0.014734
0 0.600269 0.450808 0.214982 0.014734
0 0.829694 0.450808 0.243870 0.014734
0 0.180047 0.501901 0.242526 0.014734
0 0.396708 0.501901 0.191132 0.014734
0 0.600269 0.501901 0.214982 0.014734
0 0.829694 0.501901 0.243870 0.014734
0 0.180047 0.549430 0.242526 0.014734
0 0.396708 0.549430 0.191132 0.014734
0 0.600269 0.549430 0.214982 0.014734
0 0.829694 0.549430 0.243870 0.014734
0 0.180047 0.594106 0.242526 0.014734
0 0.396708 0.594106 0.191132 0.014734
0 0.600269 0.594106 0.214982 0.014734
0 0.829694 0.594106 0.243870 0.014734
0 0.179375 0.660646 0.241182 0.014734
0 0.409473 0.660646 0.219348 0.014734
0 0.627477 0.660646 0.215653 0.014734
0 0.843467 0.660646 0.216325 0.014734
0 0.179375 0.711264 0.241182 0.014734
0 0.409473 0.711264 0.219348 0.014734
0 0.627477 0.711264 0.215653 0.014734
0 0.843467 0.711264 0.216325 0.014734
0 0.179375 0.757605 0.241182 0.014734
0 0.409473 0.757605 0.219348 0.014734
0 0.627477 0.757605 0.215653 0.014734
0 0.843467 0.757605 0.216325 0.014734
0 0.179375 0.802044 0.241182 0.014734
0 0.409473 0.802044 0.219348 0.014734
0 0.627477 0.802044 0.215653 0.014734
0 0.843467 0.802044 0.216325 0.014734
