0 0.189452 0.110504 0.275445 0.018061
0 0.428619 0.110504 0.202553 0.018061
0 0.646624 0.110504 0.233456 0.018061
0 0.859926 0.110504 0.192476 0.018061
0 0.189452 0.219819 0.275445 0.018061
0 0.428619 0.219819 0.202553 0.018061
0 0.646624 0.219819 0.233456 0.018061
0 0.859926 0.219819 0.192476 0.018061
0 0.199530 0.341017 0.295936 0.018061
0 0.450453 0.341017 0.205576 0.018061
0 0.671817 0.341017 0.237151 0.018061
0 0.873362 0.341017 0.165603 0.018061
0 0.199530 0.447243 0.295936 0.018061
0 0.450453 0.447243 0.205576 0.018061
0 0.671817 0.447243 0.237151 0.018061
0 0.873362 0.447243 0.165603 0.018061
0 0.139066 0.568203 0.174672 0.018061
0 0.273766 0.568203 0.094390 0.018061
0 0.384615 0.568203 0.126302 0.018061
0 0.494458 0.568203 0.093719 0.018061
0 0.605643 0.568203 0.127981 0.018061
0 0.710111 0.568203 0.080954 0.018061
0 0.816258 0.568203 0.130333 0.018061
0 0.916023 0.568203 0.069197 0.018061
0 0.139066 0.664211 0.174672 0.018061
0 0.273766 0.664211 0.094390 0.018061
0 0.384615 0.664211 0.126302 0.018061
0 0.494458 0.664211 0.093719 0.018061
0 0.605643 0.664211 0.127981 0.018061
0 0.710111 0.664211 0.080954 0.018061
0 0.816258 0.664211 0.130333 0.018061
0 0.916023 0.664211 0.069197 0.018061
