0 0.297615 0.182034 0.313403 0.017348
0 0.530064 0.182034 0.150487 0.017348
0 0.778636 0.182034 0.345986 0.017348
0 0.297615 0.238593 0.313403 0.017348
0 0.530064 0.238593 0.150487 0.017348
0 0.778636 0.238593 0.345986 0.017348
0 0.297615 0.297053 0.313403 0.017348
0 0.530064 0.297053 0.150487 0.017348
0 0.778636 0.297053 0.345986 0.017348
0 0.169970 0.365732 0.218677 0.017348
0 0.407457 0.365732 0.255962 0.017348
0 0.645952 0.365732 0.220692 0.017348
0 0.853880 0.365732 0.195163 0.017348
0 0.169970 0.445342 0.218677 0.017348
0 0.407457 0.445342 0.255962 0.017348
0 0.645952 0.445342 0.220692 0.017348
0 0.853880 0.445342 0.195163 0.017348
0 0.169970 0.497861 0.218677 0.017348
0 0.517971 0.497861 0.476990 0.017348
0 0.853880 0.497861 0.195163 0.017348
0 0.230433 0.566540 0.339268 0.017348
0 0.504871 0.566540 0.209607 0.017348
0 0.717501 0.566540 0.215653 0.017348
0 0.888478 0.566540 0.125966 0.017348
0 0.230433 0.642586 0.339268 0.017348
0 0.504871 0.642586 0.209607 0.017348
0 0.717501 0.642586 0.215653 0.017348
0 0.888478 0.642586 0.125966 0.017348
0 0.230433 0.700333 0.339268 0.017348
0 0.504871 0.700333 0.209607 0.017348
0 0.717501 0.700333 0.215653 0.017348
0 0.888478 0.700333 0.125966 0.017348
0 0.252603 0.769011 0.383608 0.017348
0 0.558280 0.769011 0.227746 0.017348
0 0.811891 0.769011 0.279140 0.017348
0 0.252603 0.830086 0.383608 0.017348
0 0.558280 0.830086 0.227746 0.017348
0 0.811891 0.830086 0.279140 0.017348
0 0.252603 0.895200 0.383608 0.017348
0 0.558280 0.895200 0.227746 0.017348
0 0.811891 0.895200 0.279140 0.017348
