0 0.277796 0.182985 0.252939 0.019487
0 0.492106 0.182985 0.175008 0.019487
0 0.676520 0.182985 0.193483 0.019487
0 0.862613 0.182985 0.178032 0.019487
0 0.277796 0.242395 0.252939 0.019487
0 0.492106 0.242395 0.175008 0.019487
0 0.676520 0.242395 0.193483 0.019487
0 0.862613 0.242395 0.178032 0.019487
0 0.277796 0.303232 0.252939 0.019487
0 0.492106 0.303232 0.175008 0.019487
0 0.676520 0.303232 0.193483 0.019487
0 0.862613 0.303232 0.178032 0.019487
0 0.181055 0.377852 0.237487 0.019487
0 0.414847 0.377852 0.230097 0.019487
0 0.634867 0.377852 0.209943 0.019487
0 0.845818 0.377852 0.211287 0.019487
0 0.181055 0.451759 0.237487 0.019487
0 0.414847 0.451759 0.230097 0.019487
0 0.634867 0.451759 0.209943 0.019487
0 0.845818 0.451759 0.211287 0.019487
0 0.181055 0.510219 0.237487 0.019487
0 0.414847 0.510219 0.230097 0.019487
0 0.634867 0.510219 0.209943 0.019487
0 0.845818 0.510219 0.211287 0.019487
0 0.196171 0.575570 0.267719 0.019487
0 0.440376 0.575570 0.219684 0.019487
0 0.654350 0.575570 0.207592 0.019487
0 0.854887 0.575570 0.193483 0.019487
0 0.196171 0.640922 0.267719 0.019487
0 0.440376 0.640922 0.219684 0.019487
0 0.654350 0.640922 0.207592 0.019487
0 0.854887 0.640922 0.193483 0.019487
0 0.196171 0.703184 0.267719 0.019487
0 0.440376 0.703184 0.219684 0.019487
0 0.654350 0.703184 0.207592 0.019487
0 0.854887 0.703184 0.193483 0.019487
0 0.180047 0.768536 0.235472 0.019487
0 0.398388 0.768536 0.200537 0.019487
0 0.620087 0.768536 0.242862 0.019487
0 0.846826 0.768536 0.209607 0.019487
0 0.180047 0.829848 0.235472 0.019487
0 0.398388 0.829848 0.200537 0.019487
0 0.620087 0.829848 0.242862 0.019487
0 0.846826 0.829848 0.209607 0.019487
0 0.180047 0.888546 0.235472 0.019487
0 0.398388 0.888546 0.200537 0.019487
0 0.620087 0.888546 0.242862 0.019487
0 0.846826 0.888546 0.209607 0.019487
