0 0.265032 0.195105 0.234464 0.017348
0 0.474639 0.195105 0.185086 0.017348
0 0.658717 0.195105 0.182398 0.017348
0 0.850857 0.195105 0.201545 0.017348
0 0.265032 0.244297 0.234464 0.017348
0 0.474639 0.244297 0.185086 0.017348
0 0.658717 0.244297 0.182398 0.017348
0 0.850857 0.244297 0.201545 0.017348
0 0.265032 0.290162 0.234464 0.017348
0 0.474639 0.290162 0.185086 0.017348
0 0.658717 0.290162 0.182398 0.017348
0 0.850857 0.290162 0.201545 0.017348
0 0.181055 0.406606 0.240511 0.017348
0 0.410144 0.406606 0.218005 0.017348
0 0.621767 0.406606 0.204904 0.017348
0 0.838092 0.406606 0.227074 0.017348
0 0.181055 0.460551 0.240511 0.017348
0 0.410144 0.460551 0.218005 0.017348
0 0.621767 0.460551 0.204904 0.017348
0 0.838092 0.460551 0.227074 0.017348
0 0.181055 0.508793 0.240511 0.017348
0 0.410144 0.508793 0.218005 0.017348
0 0.621767 0.508793 0.204904 0.017348
0 0.838092 0.508793 0.227074 0.017348
0 0.200202 0.625238 0.279140 0.017348
0 0.443399 0.625238 0.207256 0.017348
0 0.646288 0.625238 0.198522 0.017348
0 0.845818 0.625238 0.199866 0.017348
0 0.200202 0.676568 0.279140 0.017348
0 0.443399 0.676568 0.207256 0.017348
0 0.646288 0.676568 0.198522 0.017348
0 0.845818 0.676568 0.199866 0.017348
0 0.200202 0.724810 0.279140 0.017348
0 0.443399 0.724810 0.207256 0.017348
0 0.646288 0.724810 0.198522 0.017348
0 0.845818 0.724810 0.199866 0.017348
