0 0.190796 0.093869 0.255962 0.020200
0 0.414175 0.093869 0.191132 0.020200
0 0.624790 0.093869 0.229762 0.020200
0 0.845818 0.093869 0.211622 0.020200
0 0.190796 0.161122 0.255962 0.020200
0 0.414175 0.161122 0.191132 0.020200
0 0.624790 0.161122 0.229762 0.020200
0 0.845818 0.161122 0.211622 0.020200
0 0.190796 0.221721 0.255962 0.020200
0 0.414175 0.221721 0.191132 0.020200
0 0.624790 0.221721 0.229762 0.020200
0 0.845818 0.221721 0.211622 0.020200
0 0.194827 0.305133 0.264360 0.020200
0 0.436345 0.305133 0.218005 0.020200
0 0.637219 0.305133 0.183406 0.020200
0 0.840107 0.305133 0.222372 0.020200
0 0.194827 0.380703 0.264360 0.020200
0 0.436345 0.380703 0.218005 0.020200
0 0.637219 0.380703 0.183406 0.020200
0 0.840107 0.380703 0.222372 0.020200
0 0.194827 0.441540 0.264360 0.020200
0 0.436345 0.441540 0.218005 0.020200
0 0.637219 0.441540 0.183406 0.020200
0 0.840107 0.441540 0.222372 0.020200
0 0.209271 0.524952 0.292912 0.020200
0 0.458179 0.524952 0.204232 0.020200
0 0.658381 0.524952 0.195835 0.020200
0 0.853880 0.524952 0.194827 0.020200
0 0.209271 0.608840 0.292912 0.020200
0 0.458179 0.608840 0.204232 0.020200
0 0.658381 0.608840 0.195835 0.020200
0 0.853880 0.608840 0.194827 0.020200
0 0.209271 0.669439 0.292912 0.020200
0 0.458179 0.669439 0.204232 0.020200
0 0.658381 0.669439 0.195835 0.020200
0 0.853880 0.669439 0.194827 0.020200
0 0.200537 0.752852 0.275781 0.020200
0 0.411824 0.752852 0.146120 0.020200
0 0.556601 0.752852 0.143097 0.020200
0 0.697682 0.752852 0.138730 0.020200
0 0.859254 0.752852 0.184414 0.020200
0 0.200537 0.826283 0.275781 0.020200
0 0.411824 0.826283 0.146120 0.020200
0 0.556601 0.826283 0.143097 0.020200
0 0.697682 0.826283 0.138730 0.020200
0 0.859254 0.826283 0.184414 0.020200
0 0.200537 0.886882 0.275781 0.020200
0 0.411824 0.886882 0.146120 0.020200
0 0.556601 0.886882 0.143097 0.020200
0 0.697682 0.886882 0.138730 0.020200
0 0.859254 0.886882 0.184414 0.020200
