0 0.224723 0.080561 0.332550 0.020913
0 0.520658 0.080561 0.258650 0.020913
0 0.800806 0.080561 0.301310 0.020913
0 0.224723 0.147814 0.332550 0.020913
0 0.520658 0.147814 0.258650 0.020913
0 0.800806 0.147814 0.301310 0.020913
0 0.224723 0.207462 0.332550 0.020913
0 0.520658 0.207462 0.258650 0.020913
0 0.800806 0.207462 0.301310 0.020913
0 0.191804 0.299430 0.267047 0.020913
0 0.446758 0.299430 0.241854 0.020913
0 0.661740 0.299430 0.188445 0.020913
0 0.853880 0.299430 0.195163 0.020913
0 0.191804 0.375475 0.267047 0.020913
0 0.446758 0.375475 0.241854 0.020913
0 0.661740 0.375475 0.188445 0.020913
0 0.853880 0.375475 0.195163 0.020913
0 0.191804 0.433460 0.267047 0.020913
0 0.446758 0.433460 0.241854 0.020913
0 0.661740 0.433460 0.188445 0.020913
0 0.853880 0.433460 0.195163 0.020913
0 0.245213 0.525665 0.373530 0.020913
0 0.553577 0.525665 0.242526 0.020913
0 0.813235 0.525665 0.276789 0.020913
0 0.245213 0.591492 0.373530 0.020913
0 0.553577 0.591492 0.242526 0.020913
0 0.813235 0.591492 0.276789 0.020913
0 0.245213 0.649477 0.373530 0.020913
0 0.553577 0.649477 0.242526 0.020913
0 0.813235 0.649477 0.276789 0.020913
0 0.187773 0.741445 0.258650 0.020913
0 0.396708 0.741445 0.158549 0.020913
0 0.551898 0.741445 0.151831 0.020913
0 0.789385 0.741445 0.323480 0.020913
0 0.187773 0.817490 0.258650 0.020913
0 0.396708 0.817490 0.158549 0.020913
0 0.551898 0.817490 0.151831 0.020913
0 0.789385 0.817490 0.323480 0.020913
0 0.187773 0.884743 0.258650 0.020913
0 0.396708 0.884743 0.158549 0.020913
0 0.551898 0.884743 0.151831 0.020913
0 0.789385 0.884743 0.323480 0.020913
