0 0.285858 0.274477 0.289217 0.019249
0 0.553242 0.274477 0.244877 0.019249
0 0.813907 0.274477 0.275445 0.019249
0 0.285858 0.338641 0.289217 0.019249
0 0.553242 0.338641 0.244877 0.019249
0 0.813907 0.338641 0.275445 0.019249
0 0.285858 0.396625 0.289217 0.019249
0 0.553242 0.396625 0.244877 0.019249
0 0.813907 0.396625 0.275445 0.019249
0 0.186765 0.515209 0.249244 0.019249
0 0.423917 0.515209 0.225059 0.019249
0 0.625798 0.515209 0.178367 0.019249
0 0.833389 0.515209 0.236144 0.019249
0 0.186765 0.583888 0.249244 0.019249
0 0.423917 0.583888 0.225059 0.019249
0 0.625798 0.583888 0.178367 0.019249
0 0.833389 0.583888 0.236144 0.019249
0 0.186765 0.642110 0.249244 0.019249
0 0.423917 0.642110 0.225059 0.019249
0 0.744038 0.642110 0.414847 0.019249
0 0.193483 0.760694 0.263016 0.019249
0 0.412832 0.760694 0.175680 0.019249
0 0.602620 0.760694 0.203561 0.019249
0 0.828015 0.760694 0.246893 0.019249
0 0.193483 0.830561 0.263016 0.019249
0 0.412832 0.830561 0.175680 0.019249
0 0.602620 0.830561 0.203561 0.019249
0 0.828015 0.830561 0.246893 0.019249
0 0.193483 0.888546 0.263016 0.019249
0 0.412832 0.888546 0.175680 0.019249
0 0.602620 0.888546 0.203561 0.019249
0 0.828015 0.888546 0.246893 0.019249
