0 0.231441 0.083413 0.342963 0.016635
0 0.543164 0.083413 0.279476 0.016635
0 0.817266 0.083413 0.268391 0.016635
0 0.231441 0.151378 0.342963 0.016635
0 0.543164 0.151378 0.279476 0.016635
0 0.817266 0.151378 0.268391 0.016635
0 0.231441 0.207700 0.342963 0.016635
0 0.543164 0.207700 0.279476 0.016635
0 0.817266 0.207700 0.268391 0.016635
0 0.218005 0.303707 0.315754 0.016635
0 0.529728 0.303707 0.307020 0.016635
0 0.817602 0.303707 0.268055 0.016635
0 0.218005 0.370722 0.315754 0.016635
0 0.529728 0.370722 0.307020 0.016635
0 0.817602 0.370722 0.268055 0.016635
0 0.218005 0.427994 0.315754 0.016635
0 0.529728 0.427994 0.307020 0.016635
0 0.817602 0.427994 0.268055 0.016635
0 0.223715 0.524002 0.327175 0.016635
0 0.543164 0.524002 0.311387 0.016635
0 0.825328 0.524002 0.252603 0.016635
0 0.223715 0.591017 0.327175 0.016635
0 0.543164 0.591017 0.311387 0.016635
0 0.825328 0.591017 0.252603 0.016635
0 0.223715 0.647338 0.327175 0.016635
0 0.543164 0.647338 0.311387 0.016635
0 0.825328 0.647338 0.252603 0.016635
0 0.209271 0.743346 0.298287 0.016635
0 0.435002 0.743346 0.152838 0.016635
0 0.610010 0.743346 0.197178 0.016635
0 0.830366 0.743346 0.242526 0.016635
0 0.209271 0.812025 0.298287 0.016635
0 0.435002 0.812025 0.152838 0.016635
0 0.610010 0.812025 0.197178 0.016635
0 0.830366 0.812025 0.242526 0.016635
0 0.209271 0.868346 0.298287 0.016635
0 0.435002 0.868346 0.152838 0.016635
0 0.610010 0.868346 0.197178 0.016635
0 0.830366 0.868346 0.242526 0.016635
