0 0.227410 0.071055 0.342291 0.016635
0 0.537790 0.071055 0.278468 0.016635
0 0.814243 0.071055 0.274437 0.016635
0 0.227410 0.125238 0.342291 0.016635
0 0.537790 0.125238 0.278468 0.016635
0 0.814243 0.125238 0.274437 0.016635
0 0.227410 0.169439 0.342291 0.016635
0 0.537790 0.169439 0.278468 0.016635
0 0.814243 0.169439 0.274437 0.016635
0 0.226402 0.250951 0.339940 0.016635
0 0.534767 0.250951 0.277125 0.016635
0 0.812563 0.250951 0.278132 0.016635
0 0.226402 0.307747 0.339940 0.016635
0 0.534767 0.307747 0.277125 0.016635
0 0.812563 0.307747 0.278132 0.016635
0 0.226402 0.351949 0.339940 0.016635
0 0.534767 0.351949 0.277125 0.016635
0 0.812563 0.351949 0.278132 0.016635
0 0.191468 0.433460 0.270406 0.016635
0 0.441384 0.433460 0.229426 0.016635
0 0.660732 0.433460 0.208599 0.016635
0 0.858582 0.433460 0.186093 0.016635
0 0.191468 0.487167 0.270406 0.016635
0 0.441384 0.487167 0.229426 0.016635
0 0.660732 0.487167 0.208599 0.016635
0 0.858582 0.487167 0.186093 0.016635
0 0.191468 0.531369 0.270406 0.016635
0 0.441384 0.531369 0.229426 0.016635
0 0.660732 0.531369 0.208599 0.016635
0 0.858582 0.531369 0.186093 0.016635
0 0.189117 0.612880 0.265368 0.016635
0 0.424589 0.612880 0.205576 0.016635
0 0.628485 0.612880 0.202217 0.016635
0 0.840443 0.612880 0.222036 0.016635
0 0.189117 0.671103 0.265368 0.016635
0 0.424589 0.671103 0.205576 0.016635
0 0.628485 0.671103 0.202217 0.016635
0 0.840443 0.671103 0.222036 0.016635
0 0.189117 0.715304 0.265368 0.016635
0 0.424589 0.715304 0.205576 0.016635
0 0.628485 0.715304 0.202217 0.016635
0 0.840443 0.715304 0.222036 0.016635
0 0.204232 0.796816 0.295600 0.016635
0 0.447094 0.796816 0.190460 0.016635
0 0.650319 0.796816 0.214982 0.016635
0 0.852872 0.796816 0.190460 0.016635
0 0.204232 0.844582 0.295600 0.016635
0 0.447094 0.844582 0.190460 0.016635
0 0.650319 0.844582 0.214982 0.016635
0 0.852872 0.844582 0.190460 0.016635
0 0.204232 0.894487 0.295600 0.016635
0 0.447094 0.894487 0.190460 0.016635
0 0.650319 0.894487 0.214982 0.016635
0 0.852872 0.894487 0.190460 0.016635
