0 0.237823 0.187025 0.179039 0.018774
0 0.397380 0.187025 0.140074 0.018774
0 0.553242 0.187025 0.170642 0.018774
0 0.712126 0.187025 0.146792 0.018774
0 0.868660 0.187025 0.165603 0.018774
0 0.237823 0.246198 0.179039 0.018774
0 0.397380 0.246198 0.140074 0.018774
0 0.553242 0.246198 0.170642 0.018774
0 0.712126 0.246198 0.146792 0.018774
0 0.868660 0.246198 0.165603 0.018774
0 0.237823 0.295627 0.179039 0.018774
0 0.397380 0.295627 0.140074 0.018774
0 0.553242 0.295627 0.170642 0.018774
0 0.712126 0.295627 0.146792 0.018774
0 0.868660 0.295627 0.165603 0.018774
0 0.174001 0.376426 0.224387 0.018774
0 0.398724 0.376426 0.225059 0.018774
0 0.615049 0.376426 0.207592 0.018774
0 0.835405 0.376426 0.232449 0.018774
0 0.174001 0.434411 0.224387 0.018774
0 0.398724 0.434411 0.225059 0.018774
0 0.615049 0.434411 0.207592 0.018774
0 0.835405 0.434411 0.232449 0.018774
0 0.174001 0.485266 0.224387 0.018774
0 0.398724 0.485266 0.225059 0.018774
0 0.615049 0.485266 0.207592 0.018774
0 0.835405 0.485266 0.232449 0.018774
0 0.218341 0.566065 0.313403 0.018774
0 0.516627 0.566065 0.282835 0.018774
0 0.804837 0.566065 0.293584 0.018774
0 0.218341 0.634743 0.313403 0.018774
0 0.516627 0.634743 0.282835 0.018774
0 0.804837 0.634743 0.293584 0.018774
0 0.218341 0.689401 0.313403 0.018774
0 0.516627 0.689401 0.282835 0.018774
0 0.804837 0.689401 0.293584 0.018774
0 0.227074 0.770200 0.330870 0.018774
0 0.536110 0.770200 0.287202 0.018774
0 0.815922 0.770200 0.271414 0.018774
0 0.227074 0.840304 0.330870 0.018774
0 0.536110 0.840304 0.287202 0.018774
0 0.815922 0.840304 0.271414 0.018774
0 0.227074 0.889734 0.330870 0.018774
0 0.536110 0.889734 0.287202 0.018774
0 0.815922 0.889734 0.271414 0.018774
