0 0.215359 0.077020 0.312745 0.018434
0 0.504575 0.077020 0.265359 0.018434
0 0.795098 0.077020 0.315359 0.018434
0 0.215359 0.155556 0.312745 0.018434
0 0.504575 0.155556 0.265359 0.018434
0 0.795098 0.155556 0.315359 0.018434
0 0.215359 0.230303 0.312745 0.018434
0 0.504575 0.230303 0.265359 0.018434
0 0.795098 0.230303 0.315359 0.018434
0 0.223856 0.332576 0.329412 0.018434
0 0.531699 0.332576 0.286601 0.018434
0 0.814052 0.332576 0.277451 0.018434
0 0.223856 0.403030 0.329412 0.018434
0 0.531699 0.403030 0.286601 0.018434
0 0.814052 0.403030 0.277451 0.018434
0 0.223856 0.455051 0.329412 0.018434
0 0.531699 0.455051 0.286601 0.018434
0 0.814052 0.455051 0.277451 0.018434
0 0.228105 0.557576 0.337908 0.018434
0 0.530392 0.557576 0.266667 0.018434
0 0.808497 0.557576 0.288889 0.018434
0 0.228105 0.619192 0.337908 0.018434
0 0.530392 0.619192 0.266667 0.018434
0 0.808497 0.619192 0.288889 0.018434
0 0.228105 0.680556 0.337908 0.018434
0 0.530392 0.680556 0.266667 0.018434
0 0.808497 0.680556 0.288889 0.018434
0 0.206863 0.782828 0.295752 0.018434
0 0.483007 0.782828 0.256536 0.018434
0 0.696405 0.782828 0.169281 0.018434
0 0.864379 0.782828 0.166993 0.018434
0 0.206863 0.829293 0.295752 0.018434
0 0.483007 0.829293 0.256536 0.018434
0 0.696405 0.829293 0.169281 0.018434
0 0.864379 0.829293 0.166993 0.018434
0 0.206863 0.878788 0.295752 0.018434
0 0.483007 0.878788 0.256536 0.018434
0 0.696405 0.878788 0.169281 0.018434
0 0.864379 0.878788 0.166993 0.018434
