0 0.165603 0.080086 0.205240 0.020675
0 0.355727 0.080086 0.174672 0.020675
0 0.523346 0.080086 0.159893 0.020675
0 0.680887 0.080086 0.155526 0.020675
0 0.855223 0.080086 0.192476 0.020675
0 0.165603 0.151616 0.205240 0.020675
0 0.355727 0.151616 0.174672 0.020675
0 0.523346 0.151616 0.159893 0.020675
0 0.680887 0.151616 0.155526 0.020675
0 0.855223 0.151616 0.192476 0.020675
0 0.165603 0.214354 0.205240 0.020675
0 0.355727 0.214354 0.174672 0.020675
0 0.523346 0.214354 0.159893 0.020675
0 0.680887 0.214354 0.155526 0.020675
0 0.855223 0.214354 0.192476 0.020675
0 0.176688 0.295390 0.227074 0.020675
0 0.372859 0.295390 0.164931 0.020675
0 0.529728 0.295390 0.147800 0.020675
0 0.702049 0.295390 0.197178 0.020675
0 0.876050 0.295390 0.150823 0.020675
0 0.176688 0.376901 0.227074 0.020675
0 0.372859 0.376901 0.164931 0.020675
0 0.529728 0.376901 0.147800 0.020675
0 0.702049 0.376901 0.197178 0.020675
0 0.876050 0.376901 0.150823 0.020675
0 0.176688 0.431559 0.227074 0.020675
0 0.372859 0.431559 0.164931 0.020675
0 0.529728 0.431559 0.147800 0.020675
0 0.702049 0.431559 0.197178 0.020675
0 0.876050 0.431559 0.150823 0.020675
0 0.200202 0.512595 0.274437 0.020675
0 0.436345 0.512595 0.196842 0.020675
0 0.644609 0.512595 0.219684 0.020675
0 0.852872 0.512595 0.197178 0.020675
0 0.200202 0.583175 0.274437 0.020675
0 0.436345 0.583175 0.196842 0.020675
0 0.644609 0.583175 0.219684 0.020675
0 0.852872 0.583175 0.197178 0.020675
0 0.200202 0.637833 0.274437 0.020675
0 0.436345 0.637833 0.196842 0.020675
0 0.644609 0.637833 0.219684 0.020675
0 0.852872 0.637833 0.197178 0.020675
0 0.195163 0.718869 0.264024 0.020675
0 0.441384 0.718869 0.228082 0.020675
0 0.654686 0.718869 0.197514 0.020675
0 0.852536 0.718869 0.198186 0.020675
0 0.195163 0.818679 0.264024 0.020675
0 0.441384 0.818679 0.228082 0.020675
0 0.654686 0.818679 0.197514 0.020675
0 0.852536 0.818679 0.198186 0.020675
0 0.195163 0.885219 0.264024 0.020675
0 0.441384 0.885219 0.228082 0.020675
0 0.654686 0.885219 0.197514 0.020675
0 0.852536 0.885219 0.198186 0.020675
