0 0.169970 0.103137 0.226402 0.017348
0 0.401411 0.103137 0.236816 0.017348
0 0.595566 0.103137 0.150487 0.017348
0 0.762513 0.103137 0.183742 0.017348
0 0.900235 0.103137 0.091031 0.017348
0 0.169970 0.192015 0.226402 0.017348
0 0.401411 0.192015 0.236816 0.017348
0 0.595566 0.192015 0.150487 0.017348
0 0.762513 0.192015 0.183742 0.017348
0 0.900235 0.192015 0.091031 0.017348
0 0.169970 0.248099 0.226402 0.017348
0 0.401411 0.248099 0.236816 0.017348
0 0.595566 0.248099 0.150487 0.017348
0 0.762513 0.248099 0.183742 0.017348
0 0.900235 0.248099 0.091031 0.017348
0 0.099765 0.438688 0.085993 0.017348
0 0.280148 0.438688 0.274773 0.017348
0 0.490091 0.438688 0.144441 0.017348
0 0.685925 0.438688 0.246893 0.017348
0 0.880752 0.438688 0.141753 0.017348
