0 0.217333 0.200095 0.135707 0.020675
0 0.455156 0.200095 0.339604 0.020675
0 0.788378 0.200095 0.326167 0.020675
0 0.217333 0.254990 0.135707 0.020675
0 0.455156 0.254990 0.339604 0.020675
0 0.788378 0.254990 0.326167 0.020675
0 0.217333 0.317728 0.135707 0.020675
0 0.455156 0.317728 0.339604 0.020675
0 0.788378 0.317728 0.326167 0.020675
0 0.294592 0.385694 0.463218 0.020675
0 0.738999 0.385694 0.424924 0.020675
0 0.294592 0.440589 0.463218 0.020675
0 0.738999 0.440589 0.424924 0.020675
0 0.294592 0.503089 0.463218 0.020675
0 0.738999 0.503089 0.424924 0.020675
0 0.290561 0.571293 0.455156 0.020675
0 0.734968 0.571293 0.433322 0.020675
0 0.290561 0.627852 0.455156 0.020675
0 0.734968 0.627852 0.433322 0.020675
0 0.290561 0.690352 0.455156 0.020675
0 0.734968 0.690352 0.433322 0.020675
0 0.293248 0.758317 0.460195 0.020675
0 0.737319 0.758317 0.427948 0.020675
0 0.293248 0.822481 0.460195 0.020675
0 0.737319 0.822481 0.427948 0.020675
0 0.293248 0.885219 0.460195 0.020675
0 0.737319 0.885219 0.427948 0.020675
