0 0.225395 0.083413 0.330534 0.016635
0 0.521666 0.083413 0.261673 0.016635
0 0.802150 0.083413 0.298959 0.016635
0 0.225395 0.150190 0.330534 0.016635
0 0.521666 0.150190 0.261673 0.016635
0 0.802150 0.150190 0.298959 0.016635
0 0.225395 0.206749 0.330534 0.016635
0 0.521666 0.206749 0.261673 0.016635
0 0.802150 0.206749 0.298959 0.016635
0 0.211287 0.269487 0.302318 0.016635
0 0.486732 0.269487 0.247901 0.016635
0 0.682902 0.269487 0.144777 0.016635
0 0.853544 0.269487 0.195835 0.016635
0 0.211287 0.336264 0.302318 0.016635
0 0.486732 0.336264 0.247901 0.016635
0 0.682902 0.336264 0.144777 0.016635
0 0.853544 0.336264 0.195835 0.016635
0 0.211287 0.394487 0.302318 0.016635
0 0.486732 0.394487 0.247901 0.016635
0 0.682902 0.394487 0.144777 0.016635
0 0.853544 0.394487 0.195835 0.016635
0 0.172657 0.457224 0.225395 0.016635
0 0.395029 0.457224 0.218677 0.016635
0 0.613369 0.457224 0.217669 0.016635
0 0.837084 0.457224 0.229090 0.016635
0 0.172657 0.531844 0.225395 0.016635
0 0.395029 0.531844 0.218677 0.016635
0 0.613369 0.531844 0.217669 0.016635
0 0.837084 0.531844 0.229090 0.016635
0 0.172657 0.589591 0.225395 0.016635
0 0.395029 0.589591 0.218677 0.016635
0 0.613369 0.589591 0.217669 0.016635
0 0.837084 0.589591 0.229090 0.016635
0 0.206920 0.652329 0.293584 0.016635
0 0.462210 0.652329 0.216661 0.016635
0 0.650991 0.652329 0.160900 0.016635
0 0.841787 0.652329 0.219684 0.016635
0 0.206920 0.719106 0.293584 0.016635
0 0.462210 0.719106 0.216661 0.016635
0 0.650991 0.719106 0.160900 0.016635
0 0.841787 0.719106 0.219684 0.016635
0 0.206920 0.775665 0.293584 0.016635
0 0.462210 0.775665 0.216661 0.016635
0 0.650991 0.775665 0.160900 0.016635
0 0.841787 0.775665 0.219684 0.016635
0 0.199866 0.838403 0.279812 0.016635
0 0.466913 0.838403 0.253947 0.016635
0 0.707424 0.838403 0.226402 0.016635
0 0.883776 0.838403 0.125966 0.016635
0 0.199866 0.894724 0.279812 0.016635
0 0.466913 0.894724 0.253947 0.016635
0 0.707424 0.894724 0.226402 0.016635
0 0.883776 0.894724 0.125966 0.016635
