0 0.130668 0.075095 0.138058 0.018536
0 0.258986 0.075095 0.118240 0.018536
0 0.370171 0.075095 0.103460 0.018536
0 0.471280 0.075095 0.098757 0.018536
0 0.570373 0.075095 0.099429 0.018536
0 0.679543 0.075095 0.118240 0.018536
0 0.791737 0.075095 0.106147 0.018536
0 0.898220 0.075095 0.106483 0.018536
0 0.130668 0.127139 0.138058 0.018536
0 0.258986 0.127139 0.118240 0.018536
0 0.370171 0.127139 0.103460 0.018536
0 0.471280 0.127139 0.098757 0.018536
0 0.570373 0.127139 0.099429 0.018536
0 0.679543 0.127139 0.118240 0.018536
0 0.791737 0.127139 0.106147 0.018536
0 0.898220 0.127139 0.106483 0.018536
0 0.130668 0.183698 0.138058 0.018536
0 0.258986 0.183698 0.118240 0.018536
0 0.370171 0.183698 0.103460 0.018536
0 0.471280 0.183698 0.098757 0.018536
0 0.570373 0.183698 0.099429 0.018536
0 0.679543 0.183698 0.118240 0.018536
0 0.791737 0.183698 0.106147 0.018536
0 0.898220 0.183698 0.106483 0.018536
0 0.163252 0.248574 0.202889 0.018536
0 0.345986 0.248574 0.162580 0.018536
0 0.506886 0.248574 0.159557 0.018536
0 0.682230 0.248574 0.191132 0.018536
0 0.864965 0.248574 0.173329 0.018536
0 0.163252 0.313688 0.202889 0.018536
0 0.345986 0.313688 0.162580 0.018536
0 0.506886 0.313688 0.159557 0.018536
0 0.682230 0.313688 0.191132 0.018536
0 0.864965 0.313688 0.173329 0.018536
0 0.163252 0.362405 0.202889 0.018536
0 0.345986 0.362405 0.162580 0.018536
0 0.506886 0.362405 0.159557 0.018536
0 0.682230 0.362405 0.191132 0.018536
0 0.864965 0.362405 0.173329 0.018536
0 0.171313 0.427281 0.219348 0.018536
0 0.367148 0.427281 0.172321 0.018536
0 0.534767 0.427281 0.162580 0.018536
0 0.698354 0.427281 0.163923 0.018536
0 0.865972 0.427281 0.171313 0.018536
0 0.171313 0.489781 0.219348 0.018536
0 0.367148 0.489781 0.172321 0.018536
0 0.534767 0.489781 0.162580 0.018536
0 0.698354 0.489781 0.163923 0.018536
0 0.865972 0.489781 0.171313 0.018536
0 0.171313 0.538736 0.219348 0.018536
0 0.367148 0.538736 0.172321 0.018536
0 0.534767 0.538736 0.162580 0.018536
0 0.698354 0.538736 0.163923 0.018536
0 0.865972 0.538736 0.171313 0.018536
0 0.173665 0.603375 0.223715 0.018536
0 0.368828 0.603375 0.166947 0.018536
0 0.535774 0.603375 0.166275 0.018536
0 0.702049 0.603375 0.166275 0.018536
0 0.868324 0.603375 0.166275 0.018536
0 0.173665 0.665637 0.223715 0.018536
0 0.368828 0.665637 0.166947 0.018536
0 0.535774 0.665637 0.166275 0.018536
0 0.702049 0.665637 0.166275 0.018536
0 0.868324 0.665637 0.166275 0.018536
0 0.173665 0.714591 0.223715 0.018536
0 0.368828 0.714591 0.166947 0.018536
0 0.535774 0.714591 0.166275 0.018536
0 0.702049 0.714591 0.166275 0.018536
0 0.868324 0.714591 0.166275 0.018536
0 0.153510 0.779468 0.183406 0.018536
0 0.340611 0.779468 0.191132 0.018536
0 0.523682 0.779468 0.174672 0.018536
0 0.707088 0.779468 0.191804 0.018536
0 0.874706 0.779468 0.142761 0.018536
0 0.153510 0.837928 0.183406 0.018536
0 0.340611 0.837928 0.191132 0.018536
0 0.523682 0.837928 0.174672 0.018536
0 0.707088 0.837928 0.191804 0.018536
0 0.874706 0.837928 0.142761 0.018536
0 0.153510 0.890684 0.183406 0.018536
0 0.340611 0.890684 0.191132 0.018536
0 0.523682 0.890684 0.174672 0.018536
0 0.707088 0.890684 0.191804 0.018536
0 0.874706 0.890684 0.142761 0.018536
