0 0.194155 0.075570 0.264696 0.018774
0 0.430971 0.075570 0.208935 0.018774
0 0.637890 0.075570 0.204904 0.018774
0 0.846154 0.075570 0.210951 0.018774
0 0.194155 0.156131 0.264696 0.018774
0 0.430971 0.156131 0.208935 0.018774
0 0.637890 0.156131 0.204904 0.018774
0 0.846154 0.156131 0.210951 0.018774
0 0.194155 0.212690 0.264696 0.018774
0 0.430971 0.212690 0.208935 0.018774
0 0.637890 0.212690 0.204904 0.018774
0 0.846154 0.212690 0.210951 0.018774
0 0.147800 0.317015 0.172321 0.018774
0 0.295264 0.317015 0.121599 0.018774
0 0.421901 0.317015 0.132012 0.018774
0 0.564662 0.317015 0.152503 0.018774
0 0.724219 0.317015 0.166275 0.018774
0 0.879409 0.317015 0.144105 0.018774
0 0.147800 0.383080 0.172321 0.018774
0 0.295264 0.383080 0.121599 0.018774
0 0.421901 0.383080 0.132012 0.018774
0 0.564662 0.383080 0.152503 0.018774
0 0.724219 0.383080 0.166275 0.018774
0 0.879409 0.383080 0.144105 0.018774
0 0.147800 0.439876 0.172321 0.018774
0 0.295264 0.439876 0.121599 0.018774
0 0.421901 0.439876 0.132012 0.018774
0 0.564662 0.439876 0.152503 0.018774
0 0.724219 0.439876 0.166275 0.018774
0 0.879409 0.439876 0.144105 0.018774
0 0.191132 0.543964 0.258986 0.018774
0 0.409473 0.543964 0.177696 0.018774
0 0.581458 0.543964 0.165939 0.018774
0 0.751092 0.543964 0.172657 0.018774
0 0.894525 0.543964 0.113873 0.018774
0 0.191132 0.607652 0.258986 0.018774
0 0.409473 0.607652 0.177696 0.018774
0 0.581458 0.607652 0.165939 0.018774
0 0.751092 0.607652 0.172657 0.018774
0 0.894525 0.607652 0.113873 0.018774
0 0.191132 0.664211 0.258986 0.018774
0 0.409473 0.664211 0.177696 0.018774
0 0.581458 0.664211 0.165939 0.018774
0 0.751092 0.664211 0.172657 0.018774
0 0.894525 0.664211 0.113873 0.018774
0 0.173665 0.768298 0.223715 0.018774
0 0.377561 0.768298 0.184078 0.018774
0 0.561303 0.768298 0.183070 0.018774
0 0.724891 0.768298 0.143097 0.018774
0 0.874034 0.768298 0.155190 0.018774
0 0.173665 0.833175 0.223715 0.018774
0 0.377561 0.833175 0.184078 0.018774
0 0.561303 0.833175 0.183070 0.018774
0 0.724891 0.833175 0.143097 0.018774
0 0.874034 0.833175 0.155190 0.018774
0 0.173665 0.889734 0.223715 0.018774
0 0.377561 0.889734 0.184078 0.018774
0 0.561303 0.889734 0.183070 0.018774
0 0.724891 0.889734 0.143097 0.018774
0 0.874034 0.889734 0.155190 0.018774
