0 0.184414 0.074144 0.246221 0.018061
0 0.415519 0.074144 0.215653 0.018061
0 0.631172 0.074144 0.215989 0.018061
0 0.845482 0.074144 0.211958 0.018061
0 0.184414 0.138308 0.246221 0.018061
0 0.415519 0.138308 0.215653 0.018061
0 0.631172 0.138308 0.215989 0.018061
0 0.845482 0.138308 0.211958 0.018061
0 0.184414 0.216730 0.246221 0.018061
0 0.415519 0.216730 0.215653 0.018061
0 0.631172 0.216730 0.215989 0.018061
0 0.845482 0.216730 0.211958 0.018061
0 0.184078 0.298954 0.245213 0.018061
0 0.416191 0.298954 0.219348 0.018061
0 0.640914 0.298954 0.229762 0.018061
0 0.853880 0.298954 0.195499 0.018061
0 0.184078 0.362643 0.245213 0.018061
0 0.416191 0.362643 0.219348 0.018061
0 0.640914 0.362643 0.229762 0.018061
0 0.853880 0.362643 0.195499 0.018061
0 0.184078 0.437262 0.245213 0.018061
0 0.416191 0.437262 0.219348 0.018061
0 0.640914 0.437262 0.229762 0.018061
0 0.853880 0.437262 0.195499 0.018061
0 0.181055 0.519487 0.239167 0.018061
0 0.400739 0.519487 0.200537 0.018061
0 0.608666 0.519487 0.214310 0.018061
0 0.833725 0.519487 0.235472 0.018061
0 0.181055 0.580798 0.239167 0.018061
0 0.400739 0.580798 0.200537 0.018061
0 0.608666 0.580798 0.214310 0.018061
0 0.833725 0.580798 0.235472 0.018061
0 0.181055 0.658270 0.239167 0.018061
0 0.400739 0.658270 0.200537 0.018061
0 0.608666 0.658270 0.214310 0.018061
0 0.833725 0.658270 0.235472 0.018061
0 0.175008 0.740494 0.227074 0.018061
0 0.394021 0.740494 0.210951 0.018061
0 0.603628 0.740494 0.207592 0.018061
0 0.829358 0.740494 0.244206 0.018061
0 0.175008 0.804183 0.227074 0.018061
0 0.394021 0.804183 0.210951 0.018061
0 0.603628 0.804183 0.207592 0.018061
0 0.829358 0.804183 0.244206 0.018061
0 0.175008 0.891397 0.227074 0.018061
0 0.394021 0.891397 0.210951 0.018061
0 0.603628 0.891397 0.207592 0.018061
0 0.829358 0.891397 0.244206 0.018061
