0 0.225731 0.075570 0.327847 0.018774
0 0.526369 0.075570 0.272758 0.018774
0 0.807188 0.075570 0.288881 0.018774
0 0.225731 0.139496 0.327847 0.018774
0 0.526369 0.139496 0.272758 0.018774
0 0.807188 0.139496 0.288881 0.018774
0 0.225731 0.188926 0.327847 0.018774
0 0.526369 0.188926 0.272758 0.018774
0 0.807188 0.188926 0.288881 0.018774
0 0.227410 0.287310 0.331542 0.018774
0 0.548203 0.287310 0.309708 0.018774
0 0.827343 0.287310 0.248236 0.018774
0 0.227410 0.357414 0.331542 0.018774
0 0.548203 0.357414 0.309708 0.018774
0 0.827343 0.357414 0.248236 0.018774
0 0.227410 0.419439 0.331542 0.018774
0 0.548203 0.419439 0.309708 0.018774
0 0.827343 0.419439 0.248236 0.018774
0 0.200202 0.517823 0.276789 0.018774
0 0.438361 0.517823 0.199530 0.018774
0 0.640242 0.517823 0.203561 0.018774
0 0.846826 0.517823 0.209271 0.018774
0 0.200202 0.581749 0.276789 0.018774
0 0.438361 0.581749 0.199530 0.018774
0 0.640242 0.581749 0.203561 0.018774
0 0.846826 0.581749 0.209271 0.018774
0 0.200202 0.645675 0.276789 0.018774
0 0.438361 0.645675 0.199530 0.018774
0 0.640242 0.645675 0.203561 0.018774
0 0.846826 0.645675 0.209271 0.018774
0 0.160228 0.744059 0.196842 0.018774
0 0.381928 0.744059 0.246557 0.018774
0 0.573732 0.744059 0.136379 0.018774
0 0.730265 0.744059 0.176688 0.018774
0 0.882432 0.744059 0.126973 0.018774
0 0.160228 0.818916 0.196842 0.018774
0 0.381928 0.818916 0.246557 0.018774
0 0.573732 0.818916 0.136379 0.018774
0 0.730265 0.818916 0.176688 0.018774
0 0.882432 0.818916 0.126973 0.018774
0 0.160228 0.881416 0.196842 0.018774
0 0.381928 0.881416 0.246557 0.018774
0 0.573732 0.881416 0.136379 0.018774
0 0.730265 0.881416 0.176688 0.018774
0 0.882432 0.881416 0.126973 0.018774
