0 0.232191 0.210264 0.182460 0.017344
0 0.422715 0.210264 0.197917 0.017344
0 0.619960 0.210264 0.195565 0.017344
0 0.822917 0.210264 0.210013 0.017344
0 0.232191 0.268235 0.182460 0.017344
0 0.422715 0.268235 0.197917 0.017344
0 0.619960 0.268235 0.195565 0.017344
0 0.822917 0.268235 0.210013 0.017344
0 0.232191 0.314089 0.182460 0.017344
0 0.422715 0.314089 0.197917 0.017344
0 0.619960 0.314089 0.195565 0.017344
0 0.822917 0.314089 0.210013 0.017344
0 0.193884 0.402471 0.226478 0.017344
0 0.404570 0.402471 0.194892 0.017344
0 0.608199 0.402471 0.212030 0.017344
0 0.820901 0.402471 0.213374 0.017344
0 0.193884 0.462105 0.226478 0.017344
0 0.404570 0.462105 0.194892 0.017344
0 0.608199 0.462105 0.212030 0.017344
0 0.820901 0.462105 0.213374 0.017344
0 0.193884 0.507959 0.226478 0.017344
0 0.404570 0.507959 0.194892 0.017344
0 0.608199 0.507959 0.212030 0.017344
0 0.820901 0.507959 0.213374 0.017344
0 0.224126 0.596341 0.286962 0.017344
0 0.494624 0.596341 0.254368 0.017344
0 0.702957 0.596341 0.162298 0.017344
0 0.856183 0.596341 0.143481 0.017344
0 0.224126 0.663340 0.286962 0.017344
0 0.494624 0.663340 0.254368 0.017344
0 0.702957 0.663340 0.162298 0.017344
0 0.856183 0.663340 0.143481 0.017344
0 0.224126 0.719173 0.286962 0.017344
0 0.494624 0.719173 0.254368 0.017344
0 0.702957 0.719173 0.162298 0.017344
0 0.856183 0.719173 0.143481 0.017344
0 0.172379 0.807555 0.183804 0.017344
0 0.354167 0.807555 0.179099 0.017344
0 0.533938 0.807555 0.180444 0.017344
0 0.702957 0.807555 0.156922 0.017344
0 0.854839 0.807555 0.145833 0.017344
0 0.172379 0.865764 0.183804 0.017344
0 0.354167 0.865764 0.179099 0.017344
0 0.533938 0.865764 0.180444 0.017344
0 0.702957 0.865764 0.156922 0.017344
0 0.854839 0.865764 0.145833 0.017344
0 0.172379 0.911618 0.183804 0.017344
0 0.354167 0.911618 0.179099 0.017344
0 0.533938 0.911618 0.180444 0.017344
0 0.702957 0.911618 0.156922 0.017344
0 0.854839 0.911618 0.145833 0.017344
