0 0.178032 0.081749 0.228754 0.021388
0 0.387974 0.081749 0.190460 0.021388
0 0.584481 0.081749 0.201545 0.021388
0 0.818273 0.081749 0.266376 0.021388
0 0.178032 0.169677 0.228754 0.021388
0 0.387974 0.169677 0.190460 0.021388
0 0.584481 0.169677 0.201545 0.021388
0 0.818273 0.169677 0.266376 0.021388
0 0.178032 0.226236 0.228754 0.021388
0 0.387974 0.226236 0.190460 0.021388
0 0.584481 0.226236 0.201545 0.021388
0 0.818273 0.226236 0.266376 0.021388
0 0.189788 0.303232 0.252267 0.021388
0 0.435338 0.303232 0.238159 0.021388
0 0.667115 0.303232 0.224387 0.021388
0 0.865301 0.303232 0.171985 0.021388
0 0.189788 0.382605 0.252267 0.021388
0 0.435338 0.382605 0.238159 0.021388
0 0.667115 0.382605 0.224387 0.021388
0 0.865301 0.382605 0.171985 0.021388
0 0.189788 0.452709 0.252267 0.021388
0 0.435338 0.452709 0.238159 0.021388
0 0.667115 0.452709 0.224387 0.021388
0 0.865301 0.452709 0.171985 0.021388
0 0.148136 0.529705 0.168626 0.021388
0 0.346994 0.529705 0.228754 0.021388
0 0.537454 0.529705 0.151831 0.021388
0 0.701377 0.529705 0.176016 0.021388
0 0.870675 0.529705 0.161908 0.021388
0 0.148136 0.609316 0.168626 0.021388
0 0.346994 0.609316 0.228754 0.021388
0 0.537454 0.609316 0.151831 0.021388
0 0.701377 0.609316 0.176016 0.021388
0 0.870675 0.609316 0.161908 0.021388
0 0.148136 0.677281 0.168626 0.021388
0 0.346994 0.677281 0.228754 0.021388
0 0.537454 0.677281 0.151831 0.021388
0 0.701377 0.677281 0.176016 0.021388
0 0.870675 0.677281 0.161908 0.021388
0 0.168962 0.754278 0.210279 0.021388
0 0.349009 0.754278 0.149479 0.021388
0 0.496809 0.754278 0.146120 0.021388
0 0.643937 0.754278 0.147464 0.021388
0 0.786026 0.754278 0.136043 0.021388
0 0.899563 0.754278 0.091031 0.021388
0 0.168962 0.825095 0.210279 0.021388
0 0.349009 0.825095 0.149479 0.021388
0 0.496809 0.825095 0.146120 0.021388
0 0.643937 0.825095 0.147464 0.021388
0 0.786026 0.825095 0.136043 0.021388
0 0.899563 0.825095 0.091031 0.021388
0 0.168962 0.883793 0.210279 0.021388
0 0.349009 0.883793 0.149479 0.021388
0 0.496809 0.883793 0.146120 0.021388
0 0.643937 0.883793 0.147464 0.021388
0 0.786026 0.883793 0.136043 0.021388
0 0.899563 0.883793 0.091031 0.021388
