0 0.353376 0.133555 0.441384 0.017348
0 0.762849 0.133555 0.377225 0.017348
0 0.353376 0.200570 0.441384 0.017348
0 0.762849 0.200570 0.377225 0.017348
0 0.353376 0.264496 0.441384 0.017348
0 0.762849 0.264496 0.377225 0.017348
0 0.293248 0.347671 0.464898 0.017348
0 0.738663 0.347671 0.425932 0.017348
0 0.293248 0.424192 0.464898 0.017348
0 0.738663 0.424192 0.425932 0.017348
0 0.293248 0.485504 0.464898 0.017348
0 0.738663 0.485504 0.425932 0.017348
0 0.292241 0.568679 0.463218 0.017348
0 0.737655 0.568679 0.427612 0.017348
0 0.292241 0.641873 0.463218 0.017348
0 0.737655 0.641873 0.427612 0.017348
0 0.292241 0.719819 0.463218 0.017348
0 0.737655 0.719819 0.427612 0.017348
