0 0.307692 0.081749 0.488075 0.021388
0 0.751764 0.081749 0.399395 0.021388
0 0.307692 0.159458 0.488075 0.021388
0 0.751764 0.159458 0.399395 0.021388
0 0.307692 0.216017 0.488075 0.021388
0 0.751764 0.216017 0.399395 0.021388
0 0.226067 0.311074 0.324824 0.021388
0 0.526033 0.311074 0.274101 0.021388
0 0.807188 0.311074 0.288210 0.021388
0 0.226067 0.391397 0.324824 0.021388
0 0.526033 0.391397 0.274101 0.021388
0 0.807188 0.391397 0.288210 0.021388
0 0.226067 0.452234 0.324824 0.021388
0 0.526033 0.452234 0.274101 0.021388
0 0.807188 0.452234 0.288210 0.021388
0 0.224387 0.547291 0.321129 0.021388
0 0.525025 0.547291 0.279476 0.021388
0 0.807860 0.547291 0.286530 0.021388
0 0.224387 0.610979 0.321129 0.021388
0 0.525025 0.610979 0.279476 0.021388
0 0.807860 0.610979 0.286530 0.021388
0 0.224387 0.667538 0.321129 0.021388
0 0.525025 0.667538 0.279476 0.021388
0 0.807860 0.667538 0.286530 0.021388
0 0.305005 0.762357 0.482365 0.021388
0 0.748740 0.762357 0.405106 0.021388
0 0.305005 0.827234 0.482365 0.021388
0 0.748740 0.827234 0.405106 0.021388
0 0.305005 0.883793 0.482365 0.021388
0 0.748740 0.883793 0.405106 0.021388
