0 0.158213 0.080086 0.190460 0.020675
0 0.337588 0.080086 0.167954 0.020675
0 0.499832 0.080086 0.156198 0.020675
0 0.675176 0.080086 0.193819 0.020675
0 0.861606 0.080086 0.179039 0.020675
0 0.158213 0.134981 0.190460 0.020675
0 0.337588 0.134981 0.167954 0.020675
0 0.499832 0.134981 0.156198 0.020675
0 0.675176 0.134981 0.193819 0.020675
0 0.861606 0.134981 0.179039 0.020675
0 0.158213 0.189639 0.190460 0.020675
0 0.337588 0.189639 0.167954 0.020675
0 0.499832 0.189639 0.156198 0.020675
0 0.675176 0.189639 0.193819 0.020675
0 0.861606 0.189639 0.179039 0.020675
0 0.155862 0.290399 0.185757 0.020675
0 0.330534 0.290399 0.163252 0.020675
0 0.488075 0.290399 0.151495 0.020675
0 0.657373 0.290399 0.186429 0.020675
0 0.852872 0.290399 0.197514 0.020675
0 0.155862 0.355038 0.185757 0.020675
0 0.330534 0.355038 0.163252 0.020675
0 0.488075 0.355038 0.151495 0.020675
0 0.657373 0.355038 0.186429 0.020675
0 0.852872 0.355038 0.197514 0.020675
0 0.155862 0.417776 0.185757 0.020675
0 0.330534 0.417776 0.163252 0.020675
0 0.488075 0.417776 0.151495 0.020675
0 0.657373 0.417776 0.186429 0.020675
0 0.852872 0.417776 0.197514 0.020675
0 0.183742 0.518536 0.241182 0.020675
0 0.417199 0.518536 0.225731 0.020675
0 0.638226 0.518536 0.215653 0.020675
0 0.848841 0.518536 0.205576 0.020675
0 0.183742 0.591017 0.241182 0.020675
0 0.417199 0.591017 0.225731 0.020675
0 0.638226 0.591017 0.215653 0.020675
0 0.848841 0.591017 0.205576 0.020675
0 0.183742 0.651616 0.241182 0.020675
0 0.417199 0.651616 0.225731 0.020675
0 0.638226 0.651616 0.215653 0.020675
0 0.848841 0.651616 0.205576 0.020675
0 0.187101 0.752376 0.248236 0.020675
0 0.415855 0.752376 0.208263 0.020675
0 0.628149 0.752376 0.215653 0.020675
0 0.843802 0.752376 0.215653 0.020675
0 0.187101 0.823194 0.248236 0.020675
0 0.415855 0.823194 0.208263 0.020675
0 0.628149 0.823194 0.215653 0.020675
0 0.843802 0.823194 0.215653 0.020675
0 0.187101 0.885219 0.248236 0.020675
0 0.415855 0.885219 0.208263 0.020675
0 0.628149 0.885219 0.215653 0.020675
0 0.843802 0.885219 0.215653 0.020675
