0 0.142425 0.075570 0.161572 0.018774
0 0.290897 0.075570 0.135371 0.018774
0 0.455156 0.075570 0.192140 0.018774
0 0.653342 0.075570 0.204568 0.018774
0 0.853880 0.075570 0.195499 0.018774
0 0.142425 0.142348 0.161572 0.018774
0 0.290897 0.142348 0.135371 0.018774
0 0.455156 0.142348 0.192140 0.018774
0 0.653342 0.142348 0.204568 0.018774
0 0.853880 0.142348 0.195499 0.018774
0 0.142425 0.198907 0.161572 0.018774
0 0.290897 0.198907 0.135371 0.018774
0 0.455156 0.198907 0.192140 0.018774
0 0.653342 0.198907 0.204568 0.018774
0 0.853880 0.198907 0.195499 0.018774
0 0.201545 0.302519 0.279476 0.018774
0 0.452805 0.302519 0.223043 0.018774
0 0.668458 0.302519 0.207592 0.018774
0 0.861942 0.302519 0.179375 0.018774
0 0.201545 0.365257 0.279476 0.018774
0 0.452805 0.365257 0.223043 0.018774
0 0.668458 0.365257 0.207592 0.018774
0 0.861942 0.365257 0.179375 0.018774
0 0.201545 0.422053 0.279476 0.018774
0 0.452805 0.422053 0.223043 0.018774
0 0.668458 0.422053 0.207592 0.018774
0 0.861942 0.422053 0.179375 0.018774
0 0.230769 0.525665 0.337924 0.018774
0 0.541149 0.525665 0.282835 0.018774
0 0.748069 0.525665 0.130668 0.018774
0 0.874034 0.525665 0.120927 0.018774
0 0.230769 0.598622 0.337924 0.018774
0 0.541149 0.598622 0.282835 0.018774
0 0.748069 0.598622 0.130668 0.018774
0 0.874034 0.598622 0.120927 0.018774
0 0.230769 0.655181 0.337924 0.018774
0 0.541149 0.655181 0.282835 0.018774
0 0.748069 0.655181 0.130668 0.018774
0 0.874034 0.655181 0.120927 0.018774
0 0.176352 0.758793 0.229090 0.018774
0 0.378233 0.758793 0.174337 0.018774
0 0.552234 0.758793 0.173665 0.018774
0 0.714814 0.758793 0.150487 0.018774
0 0.871011 0.758793 0.161236 0.018774
0 0.176352 0.830086 0.229090 0.018774
0 0.378233 0.830086 0.174337 0.018774
0 0.552234 0.830086 0.173665 0.018774
0 0.714814 0.830086 0.150487 0.018774
0 0.871011 0.830086 0.161236 0.018774
0 0.176352 0.886644 0.229090 0.018774
0 0.378233 0.886644 0.174337 0.018774
0 0.552234 0.886644 0.173665 0.018774
0 0.714814 0.886644 0.150487 0.018774
0 0.871011 0.886644 0.161236 0.018774
