0 0.189788 0.221721 0.122943 0.021388
0 0.371179 0.221721 0.239503 0.021388
0 0.607659 0.221721 0.232449 0.021388
0 0.837756 0.221721 0.227746 0.021388
0 0.189788 0.279943 0.122943 0.021388
0 0.371179 0.279943 0.239503 0.021388
0 0.607659 0.279943 0.232449 0.021388
0 0.837756 0.279943 0.227746 0.021388
0 0.189788 0.336502 0.122943 0.021388
0 0.371179 0.336502 0.239503 0.021388
0 0.607659 0.336502 0.232449 0.021388
0 0.837756 0.336502 0.227746 0.021388
0 0.235136 0.477899 0.352704 0.021388
0 0.563319 0.477899 0.303997 0.021388
0 0.833725 0.477899 0.235808 0.021388
0 0.235136 0.548004 0.352704 0.021388
0 0.563319 0.548004 0.303997 0.021388
0 0.833725 0.548004 0.235808 0.021388
0 0.235136 0.604563 0.352704 0.021388
0 0.563319 0.604563 0.303997 0.021388
0 0.833725 0.604563 0.235808 0.021388
0 0.218005 0.745960 0.318441 0.021388
0 0.527377 0.745960 0.300638 0.021388
0 0.814578 0.745960 0.273094 0.021388
0 0.218005 0.815827 0.318441 0.021388
0 0.527377 0.815827 0.300638 0.021388
0 0.814578 0.815827 0.273094 0.021388
0 0.218005 0.883793 0.318441 0.021388
0 0.527377 0.883793 0.300638 0.021388
0 0.814578 0.883793 0.273094 0.021388
