0 0.313403 0.211740 0.293248 0.019487
0 0.585489 0.211740 0.249916 0.019487
0 0.831038 0.211740 0.241182 0.019487
0 0.313403 0.263070 0.293248 0.019487
0 0.585489 0.263070 0.249916 0.019487
0 0.831038 0.263070 0.241182 0.019487
0 0.313403 0.314401 0.293248 0.019487
0 0.585489 0.314401 0.249916 0.019487
0 0.831038 0.314401 0.241182 0.019487
0 0.229762 0.456036 0.334565 0.019487
0 0.541485 0.456036 0.289217 0.019487
0 0.818609 0.456036 0.265032 0.019487
0 0.229762 0.513308 0.334565 0.019487
0 0.541485 0.513308 0.289217 0.019487
0 0.818609 0.513308 0.265032 0.019487
0 0.229762 0.572243 0.334565 0.019487
0 0.541485 0.572243 0.289217 0.019487
0 0.818609 0.572243 0.265032 0.019487
0 0.235808 0.713878 0.346994 0.019487
0 0.539469 0.713878 0.259321 0.019487
0 0.810212 0.713878 0.282499 0.019487
0 0.235808 0.782082 0.346994 0.019487
0 0.539469 0.782082 0.259321 0.019487
0 0.810212 0.782082 0.282499 0.019487
0 0.235808 0.840779 0.346994 0.019487
0 0.539469 0.840779 0.259321 0.019487
0 0.810212 0.840779 0.282499 0.019487
