0 0.259993 0.078660 0.394693 0.020200
0 0.704736 0.078660 0.493786 0.020200
0 0.259993 0.144487 0.394693 0.020200
0 0.704736 0.144487 0.493786 0.020200
0 0.259993 0.197481 0.394693 0.020200
0 0.704736 0.197481 0.493786 0.020200
0 0.346658 0.293489 0.568021 0.020200
0 0.791401 0.293489 0.320457 0.020200
0 0.346658 0.364068 0.568021 0.020200
0 0.791401 0.364068 0.320457 0.020200
0 0.346658 0.417063 0.568021 0.020200
0 0.791401 0.417063 0.320457 0.020200
0 0.349345 0.513070 0.573060 0.020200
0 0.793752 0.513070 0.315754 0.020200
0 0.349345 0.576759 0.573060 0.020200
0 0.793752 0.576759 0.315754 0.020200
0 0.349345 0.629753 0.573060 0.020200
0 0.793752 0.629753 0.315754 0.020200
0 0.289217 0.725760 0.452805 0.020200
0 0.730601 0.725760 0.429291 0.020200
0 0.289217 0.791587 0.452805 0.020200
0 0.730601 0.791587 0.429291 0.020200
0 0.289217 0.855276 0.452805 0.020200
0 0.730601 0.855276 0.429291 0.020200
