0 0.192812 0.075570 0.262009 0.018774
0 0.423917 0.075570 0.200537 0.018774
0 0.627477 0.075570 0.205576 0.018774
0 0.840779 0.075570 0.221364 0.018774
0 0.192812 0.134743 0.262009 0.018774
0 0.423917 0.134743 0.200537 0.018774
0 0.627477 0.134743 0.205576 0.018774
0 0.840779 0.134743 0.221364 0.018774
0 0.192812 0.184173 0.262009 0.018774
0 0.423917 0.184173 0.200537 0.018774
0 0.627477 0.184173 0.205576 0.018774
0 0.840779 0.184173 0.221364 0.018774
0 0.181055 0.297529 0.238831 0.018774
0 0.391669 0.297529 0.181391 0.018774
0 0.571716 0.297529 0.179039 0.018774
0 0.727914 0.297529 0.133020 0.018774
0 0.859926 0.297529 0.131340 0.018774
0 0.181055 0.353137 0.238831 0.018774
0 0.391669 0.353137 0.181391 0.018774
0 0.571716 0.353137 0.179039 0.018774
0 0.727914 0.353137 0.133020 0.018774
0 0.859926 0.353137 0.131340 0.018774
0 0.181055 0.402804 0.238831 0.018774
0 0.391669 0.402804 0.181391 0.018774
0 0.571716 0.402804 0.179039 0.018774
0 0.727914 0.402804 0.133020 0.018774
0 0.859926 0.402804 0.131340 0.018774
0 0.196842 0.515922 0.270071 0.018774
0 0.435002 0.515922 0.206248 0.018774
0 0.637219 0.515922 0.197850 0.018774
0 0.844138 0.515922 0.214982 0.018774
0 0.196842 0.595057 0.270071 0.018774
0 0.435002 0.595057 0.206248 0.018774
0 0.637219 0.595057 0.197850 0.018774
0 0.844138 0.595057 0.214982 0.018774
0 0.196842 0.648764 0.270071 0.018774
0 0.435002 0.648764 0.206248 0.018774
0 0.637219 0.648764 0.197850 0.018774
0 0.844138 0.648764 0.214982 0.018774
0 0.187101 0.762120 0.250924 0.018774
0 0.411488 0.762120 0.197850 0.018774
0 0.620423 0.762120 0.219684 0.018774
0 0.840779 0.762120 0.221028 0.018774
0 0.187101 0.833650 0.250924 0.018774
0 0.411488 0.833650 0.197850 0.018774
0 0.620423 0.833650 0.219684 0.018774
0 0.840779 0.833650 0.221028 0.018774
0 0.187101 0.889734 0.250924 0.018774
0 0.411488 0.889734 0.197850 0.018774
0 0.620423 0.889734 0.219684 0.018774
0 0.840779 0.889734 0.221028 0.018774
