0 0.227410 0.076759 0.330534 0.019249
0 0.515620 0.076759 0.246221 0.019249
0 0.795096 0.076759 0.312395 0.019249
0 0.227410 0.153042 0.330534 0.019249
0 0.515620 0.153042 0.246221 0.019249
0 0.795096 0.153042 0.312395 0.019249
0 0.227410 0.204135 0.330534 0.019249
0 0.515620 0.204135 0.246221 0.019249
0 0.795096 0.204135 0.312395 0.019249
0 0.187773 0.300143 0.251260 0.019249
0 0.416863 0.300143 0.206920 0.019249
0 0.622775 0.300143 0.204568 0.019249
0 0.838428 0.300143 0.226402 0.019249
0 0.187773 0.361930 0.251260 0.019249
0 0.416863 0.361930 0.206920 0.019249
0 0.622775 0.361930 0.204568 0.019249
0 0.838428 0.361930 0.226402 0.019249
0 0.187773 0.418726 0.251260 0.019249
0 0.416863 0.418726 0.206920 0.019249
0 0.622775 0.418726 0.204568 0.019249
0 0.838428 0.418726 0.226402 0.019249
0 0.233456 0.514971 0.342963 0.019249
0 0.528048 0.514971 0.246221 0.019249
0 0.801478 0.514971 0.299966 0.019249
0 0.233456 0.604087 0.342963 0.019249
0 0.528048 0.604087 0.246221 0.019249
0 0.801478 0.604087 0.299966 0.019249
0 0.233456 0.654943 0.342963 0.019249
0 0.528048 0.654943 0.246221 0.019249
0 0.801478 0.654943 0.299966 0.019249
0 0.245885 0.750951 0.367484 0.019249
0 0.531743 0.750951 0.204568 0.019249
0 0.793080 0.750951 0.317098 0.019249
0 0.245885 0.837690 0.367484 0.019249
0 0.531743 0.837690 0.204568 0.019249
0 0.793080 0.837690 0.317098 0.019249
0 0.245885 0.888546 0.367484 0.019249
0 0.531743 0.888546 0.204568 0.019249
0 0.793080 0.888546 0.317098 0.019249
