0 0.200537 0.081749 0.283843 0.021388
0 0.438025 0.081749 0.191132 0.021388
0 0.636883 0.081749 0.206584 0.021388
0 0.845818 0.081749 0.210615 0.021388
0 0.200537 0.154943 0.283843 0.021388
0 0.438025 0.154943 0.191132 0.021388
0 0.636883 0.154943 0.206584 0.021388
0 0.845818 0.154943 0.210615 0.021388
0 0.200537 0.230513 0.283843 0.021388
0 0.438025 0.230513 0.191132 0.021388
0 0.636883 0.230513 0.206584 0.021388
0 0.845818 0.230513 0.210615 0.021388
0 0.185757 0.306321 0.254283 0.021388
0 0.417870 0.306321 0.209943 0.021388
0 0.630165 0.306321 0.214646 0.021388
0 0.844474 0.306321 0.213638 0.021388
0 0.185757 0.393536 0.254283 0.021388
0 0.417870 0.393536 0.209943 0.021388
0 0.630165 0.393536 0.214646 0.021388
0 0.844474 0.393536 0.213638 0.021388
0 0.185757 0.450095 0.254283 0.021388
0 0.417870 0.450095 0.209943 0.021388
0 0.630165 0.450095 0.214646 0.021388
0 0.844474 0.450095 0.213638 0.021388
0 0.189452 0.525903 0.261337 0.021388
0 0.439704 0.525903 0.239503 0.021388
0 0.650655 0.525903 0.182062 0.021388
0 0.846490 0.525903 0.209607 0.021388
0 0.189452 0.607890 0.261337 0.021388
0 0.439704 0.607890 0.239503 0.021388
0 0.650655 0.607890 0.182062 0.021388
0 0.846490 0.607890 0.209607 0.021388
0 0.189452 0.664449 0.261337 0.021388
0 0.439704 0.664449 0.239503 0.021388
0 0.650655 0.664449 0.182062 0.021388
0 0.846490 0.664449 0.209607 0.021388
0 0.198186 0.740257 0.279140 0.021388
0 0.443735 0.740257 0.211958 0.021388
0 0.653342 0.740257 0.206248 0.021388
0 0.854216 0.740257 0.194827 0.021388
0 0.198186 0.825808 0.279140 0.021388
0 0.443735 0.825808 0.211958 0.021388
0 0.653342 0.825808 0.206248 0.021388
0 0.854216 0.825808 0.194827 0.021388
0 0.198186 0.882367 0.279140 0.021388
0 0.443735 0.882367 0.211958 0.021388
0 0.653342 0.882367 0.206248 0.021388
0 0.854216 0.882367 0.194827 0.021388
