0 0.349009 0.242395 0.430635 0.022814
0 0.749748 0.242395 0.370507 0.022814
0 0.349009 0.305371 0.430635 0.022814
0 0.749748 0.305371 0.370507 0.022814
0 0.349009 0.365494 0.430635 0.022814
0 0.749748 0.365494 0.370507 0.022814
0 0.310044 0.487643 0.501176 0.022814
0 0.755794 0.487643 0.390662 0.022814
0 0.310044 0.555133 0.501176 0.022814
0 0.755794 0.555133 0.390662 0.022814
0 0.310044 0.622624 0.501176 0.022814
0 0.755794 0.622624 0.390662 0.022814
0 0.299631 0.744772 0.480349 0.022814
0 0.745381 0.744772 0.411488 0.022814
0 0.299631 0.820580 0.480349 0.022814
0 0.745381 0.820580 0.411488 0.022814
0 0.299631 0.880703 0.480349 0.022814
0 0.745381 0.880703 0.411488 0.022814
