0 0.274437 0.245247 0.227746 0.019487
0 0.479342 0.245247 0.181391 0.019487
0 0.666443 0.245247 0.192140 0.019487
0 0.857239 0.245247 0.188781 0.019487
0 0.274437 0.314401 0.227746 0.019724
0 0.479342 0.314401 0.181391 0.019724
0 0.666443 0.314401 0.192140 0.019724
0 0.857239 0.314401 0.188781 0.019724
0 0.274437 0.375951 0.227746 0.019724
0 0.479342 0.375951 0.181391 0.019724
0 0.666443 0.375951 0.192140 0.019724
0 0.857239 0.375951 0.188781 0.019724
0 0.213638 0.469582 0.331542 0.019724
0 0.523010 0.469582 0.286866 0.019724
0 0.809204 0.469582 0.284851 0.019724
0 0.213638 0.538736 0.331542 0.019724
0 0.523010 0.538736 0.286866 0.019724
0 0.809204 0.538736 0.284851 0.019724
0 0.213638 0.600285 0.331542 0.019724
0 0.523010 0.600285 0.286866 0.019724
0 0.809204 0.600285 0.284851 0.019724
0 0.229762 0.693916 0.363453 0.019724
0 0.542157 0.693916 0.261001 0.019724
0 0.812227 0.693916 0.278804 0.019724
0 0.229762 0.783508 0.363453 0.019724
0 0.542157 0.783508 0.261001 0.019724
0 0.812227 0.783508 0.278804 0.019724
0 0.229762 0.845057 0.363453 0.019724
0 0.542157 0.845057 0.261001 0.019724
0 0.812227 0.845057 0.278804 0.019724
