0 0.243870 0.081749 0.360430 0.021388
0 0.553577 0.081749 0.257978 0.021388
0 0.816930 0.081749 0.268727 0.021388
0 0.243870 0.160409 0.360430 0.021388
0 0.553577 0.160409 0.257978 0.021388
0 0.816930 0.160409 0.268727 0.021388
0 0.243870 0.216968 0.360430 0.021388
0 0.553577 0.216968 0.257978 0.021388
0 0.816930 0.216968 0.268727 0.021388
0 0.178367 0.308460 0.229090 0.021388
0 0.427276 0.308460 0.268727 0.021388
0 0.677192 0.308460 0.230769 0.021388
0 0.872019 0.308460 0.158549 0.021388
0 0.178367 0.383793 0.229090 0.021388
0 0.427276 0.383793 0.268727 0.021388
0 0.677192 0.383793 0.230769 0.021388
0 0.872019 0.383793 0.158549 0.021388
0 0.178367 0.440352 0.229090 0.021388
0 0.427276 0.440352 0.268727 0.021388
0 0.677192 0.440352 0.230769 0.021388
0 0.872019 0.440352 0.158549 0.021388
0 0.184078 0.531606 0.240511 0.021388
0 0.397044 0.531606 0.184750 0.021388
0 0.580450 0.531606 0.182398 0.021388
0 0.811891 0.531606 0.279476 0.021388
0 0.184078 0.614306 0.240511 0.021388
0 0.397044 0.614306 0.184750 0.021388
0 0.580450 0.614306 0.182398 0.021388
0 0.811891 0.614306 0.279476 0.021388
0 0.184078 0.671103 0.240511 0.021388
0 0.397044 0.671103 0.184750 0.021388
0 0.580450 0.671103 0.182398 0.021388
0 0.811891 0.671103 0.279476 0.021388
0 0.244206 0.762357 0.361102 0.021388
0 0.566678 0.762357 0.283843 0.021388
0 0.830366 0.762357 0.242526 0.021388
0 0.244206 0.827234 0.361102 0.021388
0 0.566678 0.827234 0.283843 0.021388
0 0.830366 0.827234 0.242526 0.021388
0 0.244206 0.883793 0.361102 0.021388
0 0.566678 0.883793 0.283843 0.021388
0 0.830366 0.883793 0.242526 0.021388
