0 0.271078 0.207700 0.308700 0.018061
0 0.549211 0.207700 0.246557 0.018061
0 0.812227 0.207700 0.278804 0.018061
0 0.271078 0.266160 0.308700 0.018061
0 0.549211 0.266160 0.246557 0.018061
0 0.812227 0.266160 0.278804 0.018061
0 0.271078 0.338878 0.308700 0.018061
0 0.549211 0.338878 0.246557 0.018061
0 0.812227 0.338878 0.278804 0.018061
0 0.211958 0.470770 0.300974 0.018061
0 0.513604 0.470770 0.302654 0.018061
0 0.808196 0.470770 0.286194 0.018061
0 0.211958 0.532557 0.300974 0.018061
0 0.513604 0.532557 0.302654 0.018061
0 0.808196 0.532557 0.286194 0.018061
0 0.211958 0.606464 0.300974 0.018061
0 0.513604 0.606464 0.302654 0.018061
0 0.808196 0.606464 0.286194 0.018061
0 0.224387 0.738356 0.326167 0.018061
0 0.529392 0.738356 0.283507 0.018061
0 0.811555 0.738356 0.280148 0.018061
0 0.224387 0.792538 0.326167 0.018061
0 0.529392 0.792538 0.283507 0.018061
0 0.811555 0.792538 0.280148 0.018061
0 0.224387 0.855038 0.326167 0.018061
0 0.529392 0.855038 0.283507 0.018061
0 0.811555 0.855038 0.280148 0.018061
