0 0.361438 0.221958 0.449110 0.021388
0 0.768559 0.221958 0.365133 0.021388
0 0.361438 0.278517 0.449110 0.021388
0 0.768559 0.278517 0.365133 0.021388
0 0.361438 0.335076 0.449110 0.021388
0 0.768559 0.335076 0.365133 0.021388
0 0.267047 0.475285 0.406785 0.021388
0 0.711119 0.475285 0.480685 0.021388
0 0.267047 0.543964 0.406785 0.021388
0 0.711119 0.543964 0.480685 0.021388
0 0.267047 0.601949 0.406785 0.021388
0 0.711119 0.601949 0.480685 0.021388
0 0.299295 0.742158 0.471280 0.021388
0 0.733624 0.742158 0.396708 0.021388
0 0.299295 0.822719 0.471280 0.021388
0 0.733624 0.822719 0.396708 0.021388
0 0.299295 0.883793 0.471280 0.021388
0 0.733624 0.883793 0.396708 0.021388
