0 0.259321 0.214354 0.193147 0.019962
0 0.453813 0.214354 0.194827 0.019962
0 0.642929 0.214354 0.183742 0.019962
0 0.843131 0.214354 0.215989 0.019962
0 0.259321 0.285171 0.193147 0.019962
0 0.453813 0.285171 0.194827 0.019962
0 0.642929 0.285171 0.183742 0.019962
0 0.843131 0.285171 0.215989 0.019962
0 0.259321 0.337690 0.193147 0.019962
0 0.453813 0.337690 0.194827 0.019962
0 0.642929 0.337690 0.183742 0.019962
0 0.843131 0.337690 0.215989 0.019962
0 0.185422 0.407795 0.255626 0.019962
0 0.417199 0.407795 0.206920 0.019962
0 0.627813 0.407795 0.214646 0.019962
0 0.843467 0.407795 0.215989 0.019962
0 0.185422 0.472196 0.255626 0.019962
0 0.417199 0.472196 0.206920 0.019962
0 0.627813 0.472196 0.214646 0.019962
0 0.843467 0.472196 0.215989 0.019962
0 0.185422 0.524715 0.255626 0.019962
0 0.417199 0.524715 0.206920 0.019962
0 0.627813 0.524715 0.214646 0.019962
0 0.843467 0.524715 0.215989 0.019962
0 0.200873 0.594819 0.286194 0.019962
0 0.439368 0.594819 0.190796 0.019962
0 0.643601 0.594819 0.217333 0.019962
0 0.852200 0.594819 0.198858 0.019962
0 0.200873 0.654943 0.286194 0.019962
0 0.439368 0.654943 0.190796 0.019962
0 0.643601 0.654943 0.217333 0.019962
0 0.852200 0.654943 0.198858 0.019962
0 0.200873 0.707700 0.286194 0.019962
0 0.439368 0.707700 0.190796 0.019962
0 0.643601 0.707700 0.217333 0.019962
0 0.852200 0.707700 0.198858 0.019962
0 0.202553 0.777567 0.289889 0.019962
0 0.464898 0.777567 0.234800 0.019962
0 0.674840 0.777567 0.184078 0.019962
0 0.859254 0.777567 0.184078 0.019962
0 0.202553 0.833888 0.289889 0.019962
0 0.464898 0.833888 0.234800 0.019962
0 0.674840 0.833888 0.184078 0.019962
0 0.859254 0.833888 0.184078 0.019962
0 0.202553 0.887120 0.289889 0.019962
0 0.464898 0.887120 0.234800 0.019962
0 0.674840 0.887120 0.184078 0.019962
0 0.859254 0.887120 0.184078 0.019962
