0 0.303325 0.081749 0.479342 0.021388
0 0.747397 0.081749 0.408129 0.021388
0 0.303325 0.156131 0.479342 0.021388
0 0.747397 0.156131 0.408129 0.021388
0 0.303325 0.231702 0.479342 0.021388
0 0.747397 0.231702 0.408129 0.021388
0 0.287874 0.311787 0.448102 0.021388
0 0.721868 0.311787 0.419886 0.021388
0 0.287874 0.386882 0.448102 0.021388
0 0.721868 0.386882 0.419886 0.021388
0 0.287874 0.455561 0.448102 0.021388
0 0.721868 0.455561 0.419886 0.021388
0 0.231105 0.535646 0.334565 0.021388
0 0.493786 0.535646 0.183742 0.021388
0 0.770238 0.535646 0.361774 0.021388
0 0.231105 0.602424 0.334565 0.021388
0 0.493786 0.602424 0.183742 0.021388
0 0.770238 0.602424 0.361774 0.021388
0 0.231105 0.663260 0.334565 0.021388
0 0.493786 0.663260 0.183742 0.021388
0 0.770238 0.663260 0.361774 0.021388
0 0.302990 0.743346 0.478334 0.021388
0 0.746725 0.743346 0.409137 0.021388
0 0.302990 0.818679 0.478334 0.021388
0 0.746725 0.818679 0.409137 0.021388
0 0.302990 0.883793 0.478334 0.021388
0 0.746725 0.883793 0.409137 0.021388
