0 0.197850 0.081749 0.278132 0.021388
0 0.438361 0.081749 0.202889 0.021388
0 0.640242 0.081749 0.200873 0.021388
0 0.845818 0.081749 0.210615 0.021388
0 0.197850 0.149002 0.278132 0.021388
0 0.438361 0.149002 0.202889 0.021388
0 0.640242 0.149002 0.200873 0.021388
0 0.845818 0.149002 0.210615 0.021388
0 0.197850 0.220295 0.278132 0.021388
0 0.438361 0.220295 0.202889 0.021388
0 0.640242 0.220295 0.200873 0.021388
0 0.845818 0.220295 0.210615 0.021388
0 0.188781 0.303470 0.259993 0.021388
0 0.396372 0.303470 0.155526 0.021388
0 0.565334 0.303470 0.181727 0.021388
0 0.727578 0.303470 0.141753 0.021388
0 0.875042 0.303470 0.153174 0.021388
0 0.188781 0.379990 0.259993 0.021388
0 0.396372 0.379990 0.155526 0.021388
0 0.565334 0.379990 0.181727 0.021388
0 0.727578 0.379990 0.141753 0.021388
0 0.875042 0.379990 0.153174 0.021388
0 0.188781 0.436549 0.259993 0.021388
0 0.396372 0.436549 0.155526 0.021388
0 0.565334 0.436549 0.181727 0.021388
0 0.727578 0.436549 0.141753 0.021388
0 0.875042 0.436549 0.153174 0.021388
0 0.203561 0.519724 0.289889 0.021388
0 0.499160 0.519724 0.300974 0.021388
0 0.800806 0.519724 0.301646 0.021388
0 0.203561 0.587928 0.289889 0.021388
0 0.499160 0.587928 0.300974 0.021388
0 0.800806 0.587928 0.301646 0.021388
0 0.203561 0.663973 0.289889 0.021388
0 0.499160 0.663973 0.300974 0.021388
0 0.800806 0.663973 0.301646 0.021388
0 0.226067 0.747148 0.334565 0.021388
0 0.534431 0.747148 0.282499 0.021388
0 0.813571 0.747148 0.275781 0.021388
0 0.226067 0.812500 0.334565 0.021388
0 0.534431 0.812500 0.282499 0.021388
0 0.813571 0.812500 0.275781 0.021388
0 0.226067 0.883793 0.334565 0.021388
0 0.534431 0.883793 0.282499 0.021388
0 0.813571 0.883793 0.275781 0.021388
