0 0.179039 0.208413 0.105475 0.018774
0 0.340611 0.208413 0.216997 0.018774
0 0.575411 0.208413 0.252603 0.018774
0 0.826671 0.208413 0.249916 0.018774
0 0.179039 0.257842 0.105475 0.018774
0 0.340611 0.257842 0.216997 0.018774
0 0.575411 0.257842 0.252603 0.018774
0 0.826671 0.257842 0.249916 0.018774
0 0.179039 0.311312 0.105475 0.018774
0 0.340611 0.311312 0.216997 0.018774
0 0.575411 0.311312 0.252603 0.018774
0 0.826671 0.311312 0.249916 0.018774
0 0.201545 0.447956 0.279812 0.018774
0 0.482365 0.447956 0.281156 0.018774
0 0.787370 0.447956 0.328519 0.018774
0 0.201545 0.517110 0.279812 0.018774
0 0.482365 0.517110 0.281156 0.018774
0 0.787370 0.517110 0.328519 0.018774
0 0.201545 0.568441 0.279812 0.018774
0 0.482365 0.568441 0.281156 0.018774
0 0.787370 0.568441 0.328519 0.018774
0 0.213974 0.705323 0.304669 0.018774
0 0.511925 0.705323 0.291233 0.018774
0 0.804501 0.705323 0.293920 0.018774
0 0.213974 0.785884 0.304669 0.018774
0 0.511925 0.785884 0.291233 0.018774
0 0.804501 0.785884 0.293920 0.018774
0 0.213974 0.842918 0.304669 0.018774
0 0.511925 0.842918 0.291233 0.018774
0 0.804501 0.842918 0.293920 0.018774
