0 0.191468 0.258555 0.125294 0.021388
0 0.378569 0.258555 0.248236 0.021388
0 0.605979 0.258555 0.206584 0.021388
0 0.830366 0.258555 0.241854 0.021388
0 0.191468 0.323194 0.125294 0.021388
0 0.378569 0.323194 0.248236 0.021388
0 0.605979 0.323194 0.206584 0.021388
0 0.830366 0.323194 0.241854 0.021388
0 0.191468 0.392110 0.125294 0.021388
0 0.378569 0.392110 0.248236 0.021388
0 0.605979 0.392110 0.206584 0.021388
0 0.830366 0.392110 0.241854 0.021388
0 0.212294 0.501188 0.305677 0.021388
0 0.501847 0.501188 0.273766 0.021388
0 0.795096 0.501188 0.312395 0.021388
0 0.212294 0.565827 0.305677 0.021388
0 0.501847 0.565827 0.273766 0.021388
0 0.795096 0.565827 0.312395 0.021388
0 0.212294 0.645437 0.305677 0.021388
0 0.501847 0.645437 0.273766 0.021388
0 0.795096 0.645437 0.312395 0.021388
0 0.225395 0.754515 0.332214 0.021388
0 0.528720 0.754515 0.274101 0.021388
0 0.808868 0.754515 0.285522 0.021388
0 0.225395 0.819154 0.332214 0.021388
0 0.528720 0.819154 0.274101 0.021388
0 0.808868 0.819154 0.285522 0.021388
0 0.225395 0.883793 0.332214 0.021388
0 0.528720 0.883793 0.274101 0.021388
0 0.808868 0.883793 0.285522 0.021388
