0 0.164595 0.081749 0.201881 0.021388
0 0.332550 0.081749 0.133356 0.021388
0 0.474975 0.081749 0.150823 0.021388
0 0.607323 0.081749 0.113537 0.021388
0 0.734968 0.081749 0.141418 0.021388
0 0.878737 0.081749 0.145448 0.021388
0 0.164595 0.145913 0.201881 0.021388
0 0.332550 0.145913 0.133356 0.021388
0 0.474975 0.145913 0.150823 0.021388
0 0.607323 0.145913 0.113537 0.021388
0 0.734968 0.145913 0.141418 0.021388
0 0.878737 0.145913 0.145448 0.021388
0 0.164595 0.216017 0.201881 0.021388
0 0.332550 0.216017 0.133356 0.021388
0 0.474975 0.216017 0.150823 0.021388
0 0.607323 0.216017 0.113537 0.021388
0 0.734968 0.216017 0.141418 0.021388
0 0.878737 0.216017 0.145448 0.021388
0 0.167618 0.297766 0.207927 0.021388
0 0.353040 0.297766 0.161908 0.021388
0 0.521666 0.297766 0.175008 0.021388
0 0.701041 0.297766 0.183742 0.021388
0 0.872355 0.297766 0.158213 0.021388
0 0.167618 0.365494 0.207927 0.021388
0 0.353040 0.365494 0.161908 0.021388
0 0.521666 0.365494 0.175008 0.021388
0 0.701041 0.365494 0.183742 0.021388
0 0.872355 0.365494 0.158213 0.021388
0 0.167618 0.445817 0.207927 0.021388
0 0.353040 0.445817 0.161908 0.021388
0 0.521666 0.445817 0.175008 0.021388
0 0.701041 0.445817 0.183742 0.021388
0 0.872355 0.445817 0.158213 0.021388
0 0.171313 0.527804 0.215317 0.021388
0 0.357071 0.527804 0.155526 0.021388
0 0.481021 0.527804 0.092039 0.021388
0 0.597917 0.527804 0.141082 0.021388
0 0.738327 0.527804 0.140074 0.021388
0 0.880081 0.527804 0.142761 0.021388
0 0.171313 0.590304 0.215317 0.021388
0 0.357071 0.590304 0.155526 0.021388
0 0.481021 0.590304 0.092039 0.021388
0 0.597917 0.590304 0.141082 0.021388
0 0.738327 0.590304 0.140074 0.021388
0 0.880081 0.590304 0.142761 0.021388
0 0.171313 0.664924 0.215317 0.021388
0 0.357071 0.664924 0.155526 0.021388
0 0.481021 0.664924 0.092039 0.021388
0 0.597917 0.664924 0.141082 0.021388
0 0.738327 0.664924 0.140074 0.021388
0 0.880081 0.664924 0.142761 0.021388
0 0.145113 0.746911 0.162580 0.021388
0 0.307692 0.746911 0.162244 0.021388
0 0.466913 0.746911 0.155862 0.021388
0 0.609002 0.746911 0.127981 0.021388
0 0.741350 0.746911 0.135707 0.021388
0 0.880081 0.746911 0.142089 0.021388
0 0.145113 0.812738 0.162580 0.021388
0 0.307692 0.812738 0.162244 0.021388
0 0.466913 0.812738 0.155862 0.021388
0 0.609002 0.812738 0.127981 0.021388
0 0.741350 0.812738 0.135707 0.021388
0 0.880081 0.812738 0.142089 0.021388
0 0.145113 0.882842 0.162580 0.021388
0 0.307692 0.882842 0.162244 0.021388
0 0.466913 0.882842 0.155862 0.021388
0 0.609002 0.882842 0.127981 0.021388
0 0.741350 0.882842 0.135707 0.021388
0 0.880081 0.882842 0.142089 0.021388
