0 0.174337 0.080086 0.222707 0.020675
0 0.388646 0.080086 0.204904 0.020675
0 0.611690 0.080086 0.241518 0.020675
0 0.842123 0.080086 0.219012 0.020675
0 0.174337 0.171578 0.222707 0.020675
0 0.388646 0.171578 0.204904 0.020675
0 0.611690 0.171578 0.241518 0.020675
0 0.842123 0.171578 0.219012 0.020675
0 0.174337 0.237167 0.222707 0.020675
0 0.388646 0.237167 0.204904 0.020675
0 0.611690 0.237167 0.241518 0.020675
0 0.842123 0.237167 0.219012 0.020675
0 0.183070 0.388546 0.239839 0.020675
0 0.419214 0.388546 0.231777 0.020675
0 0.639234 0.388546 0.207927 0.020675
0 0.847497 0.388546 0.207927 0.020675
0 0.183070 0.474572 0.239839 0.020675
0 0.419214 0.474572 0.231777 0.020675
0 0.639234 0.474572 0.207927 0.020675
0 0.847497 0.474572 0.207927 0.020675
0 0.183070 0.529468 0.239839 0.020675
0 0.419214 0.529468 0.231777 0.020675
0 0.639234 0.529468 0.207927 0.020675
0 0.847497 0.529468 0.207927 0.020675
0 0.176352 0.680846 0.226402 0.020675
0 0.413168 0.680846 0.246893 0.020675
0 0.617064 0.680846 0.160564 0.020675
0 0.763184 0.680846 0.131676 0.020675
0 0.887471 0.680846 0.116224 0.020675
0 0.176352 0.735504 0.226402 0.020675
0 0.413168 0.735504 0.246893 0.020675
0 0.617064 0.735504 0.160564 0.020675
0 0.763184 0.735504 0.131676 0.020675
0 0.887471 0.735504 0.116224 0.020675
0 0.176352 0.793489 0.226402 0.020675
0 0.413168 0.793489 0.246893 0.020675
0 0.617064 0.793489 0.160564 0.020675
0 0.763184 0.793489 0.131676 0.020675
0 0.887471 0.793489 0.116224 0.020675
