0 0.207592 0.252852 0.158549 0.021388
0 0.395029 0.252852 0.216325 0.021388
0 0.609338 0.252852 0.212630 0.021388
0 0.833725 0.252852 0.235136 0.021388
0 0.207592 0.309411 0.158549 0.021388
0 0.395029 0.309411 0.216325 0.021388
0 0.609338 0.309411 0.212630 0.021388
0 0.833725 0.309411 0.235136 0.021388
0 0.207592 0.372624 0.158549 0.021388
0 0.395029 0.372624 0.216325 0.021388
0 0.609338 0.372624 0.212630 0.021388
0 0.833725 0.372624 0.235136 0.021388
0 0.221700 0.497148 0.325831 0.021388
0 0.521330 0.497148 0.273766 0.021388
0 0.804837 0.497148 0.292912 0.021388
0 0.221700 0.558460 0.325831 0.021388
0 0.521330 0.558460 0.273766 0.021388
0 0.804837 0.558460 0.292912 0.021388
0 0.221700 0.620010 0.325831 0.021388
0 0.521330 0.620010 0.273766 0.021388
0 0.804837 0.620010 0.292912 0.021388
0 0.220692 0.744534 0.324152 0.021388
0 0.513604 0.744534 0.261673 0.021388
0 0.798119 0.744534 0.306685 0.021388
0 0.220692 0.821293 0.324152 0.021388
0 0.513604 0.821293 0.261673 0.021388
0 0.798119 0.821293 0.306685 0.021388
0 0.220692 0.883793 0.324152 0.021388
0 0.513604 0.883793 0.261673 0.021388
0 0.798119 0.883793 0.306685 0.021388
