0 0.233121 0.078660 0.340947 0.020200
0 0.543836 0.078660 0.279812 0.020200
0 0.817602 0.078660 0.267719 0.020200
0 0.233121 0.151854 0.340947 0.020200
0 0.543836 0.151854 0.279812 0.020200
0 0.817602 0.151854 0.267719 0.020200
0 0.233121 0.230038 0.340947 0.020200
0 0.543836 0.230038 0.279812 0.020200
0 0.817602 0.230038 0.267719 0.020200
0 0.225731 0.307034 0.326167 0.020200
0 0.537454 0.307034 0.296943 0.020200
0 0.818609 0.307034 0.265032 0.020200
0 0.225731 0.374287 0.326167 0.020200
0 0.537454 0.374287 0.296943 0.020200
0 0.818609 0.374287 0.265032 0.020200
0 0.225731 0.437975 0.326167 0.020200
0 0.537454 0.437975 0.296943 0.020200
0 0.818609 0.437975 0.265032 0.020200
0 0.212630 0.514734 0.299966 0.020200
0 0.507558 0.514734 0.289889 0.020200
0 0.802150 0.514734 0.298623 0.020200
0 0.212630 0.579610 0.299966 0.020200
0 0.507558 0.579610 0.289889 0.020200
0 0.802150 0.579610 0.298623 0.020200
0 0.212630 0.658745 0.299966 0.020200
0 0.507558 0.658745 0.289889 0.020200
0 0.802150 0.658745 0.298623 0.020200
0 0.214310 0.735504 0.302990 0.020200
0 0.511925 0.735504 0.291905 0.020200
0 0.804837 0.735504 0.293584 0.020200
0 0.214310 0.800380 0.302990 0.020200
0 0.511925 0.800380 0.291905 0.020200
0 0.804837 0.800380 0.293584 0.020200
0 0.214310 0.886882 0.302990 0.020200
0 0.511925 0.886882 0.291905 0.020200
0 0.804837 0.886882 0.293584 0.020200
