0 0.297615 0.084838 0.476654 0.022814
0 0.743702 0.084838 0.415183 0.022814
0 0.297615 0.152091 0.476654 0.022814
0 0.743702 0.152091 0.415183 0.022814
0 0.297615 0.219344 0.476654 0.022814
0 0.743702 0.219344 0.415183 0.022814
0 0.275109 0.307510 0.431643 0.022814
0 0.711454 0.307510 0.441048 0.022814
0 0.275109 0.372861 0.431643 0.022814
0 0.711454 0.372861 0.441048 0.022814
0 0.275109 0.432985 0.431643 0.022814
0 0.711454 0.432985 0.441048 0.022814
0 0.316090 0.521388 0.513604 0.022814
0 0.762177 0.521388 0.378233 0.022814
0 0.316090 0.597671 0.513604 0.022814
0 0.762177 0.597671 0.378233 0.022814
0 0.316090 0.657795 0.513604 0.022814
0 0.762177 0.657795 0.378233 0.022814
0 0.291569 0.745960 0.464562 0.022814
0 0.737655 0.745960 0.427276 0.022814
0 0.291569 0.813213 0.464562 0.022814
0 0.737655 0.813213 0.427276 0.022814
0 0.291569 0.880703 0.464562 0.022814
0 0.737655 0.880703 0.427276 0.022814
