0 0.198186 0.081749 0.269063 0.021388
0 0.392341 0.081749 0.118576 0.021388
0 0.578099 0.081749 0.252603 0.021388
0 0.828015 0.081749 0.246893 0.021388
0 0.198186 0.170865 0.269063 0.021388
0 0.392341 0.170865 0.118576 0.021388
0 0.578099 0.170865 0.252603 0.021388
0 0.828015 0.170865 0.246893 0.021388
0 0.198186 0.238593 0.269063 0.021388
0 0.392341 0.238593 0.118576 0.021388
0 0.578099 0.238593 0.252603 0.021388
0 0.828015 0.238593 0.246893 0.021388
0 0.222036 0.312500 0.316762 0.021388
0 0.520994 0.312500 0.281156 0.021388
0 0.806517 0.312500 0.289217 0.021388
0 0.222036 0.391635 0.316762 0.021388
0 0.520994 0.391635 0.281156 0.021388
0 0.806517 0.391635 0.289217 0.021388
0 0.222036 0.461502 0.316762 0.021388
0 0.520994 0.461502 0.281156 0.021388
0 0.806517 0.461502 0.289217 0.021388
0 0.222707 0.535409 0.318105 0.021388
0 0.519651 0.535409 0.274773 0.021388
0 0.804165 0.535409 0.294256 0.021388
0 0.222707 0.620722 0.318105 0.021388
0 0.519651 0.620722 0.274773 0.021388
0 0.804165 0.620722 0.294256 0.021388
0 0.222707 0.677281 0.318105 0.021388
0 0.519651 0.677281 0.274773 0.021388
0 0.804165 0.677281 0.294256 0.021388
0 0.205240 0.751188 0.282835 0.021388
0 0.463218 0.751188 0.232785 0.021388
0 0.695667 0.751188 0.232113 0.021388
0 0.878401 0.751188 0.133356 0.021388
0 0.205240 0.827234 0.282835 0.021388
0 0.463218 0.827234 0.232785 0.021388
0 0.695667 0.827234 0.232113 0.021388
0 0.878401 0.827234 0.133356 0.021388
0 0.205240 0.883793 0.282835 0.021388
0 0.463218 0.883793 0.232785 0.021388
0 0.695667 0.883793 0.232113 0.021388
0 0.878401 0.883793 0.133356 0.021388
