0 0.227746 0.074144 0.332885 0.018061
0 0.527377 0.074144 0.266376 0.018061
0 0.806181 0.074144 0.290561 0.018061
0 0.227746 0.148527 0.332885 0.018061
0 0.527377 0.148527 0.266376 0.018061
0 0.806181 0.148527 0.290561 0.018061
0 0.227746 0.213878 0.332885 0.018061
0 0.527377 0.213878 0.266376 0.018061
0 0.806181 0.213878 0.290561 0.018061
0 0.236144 0.307272 0.349681 0.018061
0 0.556601 0.307272 0.291233 0.018061
0 0.827007 0.307272 0.248908 0.018061
0 0.236144 0.378802 0.349681 0.018061
0 0.556601 0.378802 0.291233 0.018061
0 0.827007 0.378802 0.248908 0.018061
0 0.381928 0.432034 0.641250 0.018061
0 0.827007 0.432034 0.248908 0.018061
0 0.235136 0.525428 0.347665 0.018061
0 0.546187 0.525428 0.274437 0.018061
0 0.817602 0.525428 0.267719 0.018061
0 0.235136 0.595057 0.347665 0.018061
0 0.546187 0.595057 0.274437 0.018061
0 0.817602 0.595057 0.267719 0.018061
0 0.235136 0.648289 0.347665 0.018061
0 0.546187 0.648289 0.274437 0.018061
0 0.817602 0.648289 0.267719 0.018061
0 0.194155 0.741683 0.265704 0.018061
0 0.431307 0.741683 0.207927 0.018061
0 0.637555 0.741683 0.204568 0.018061
0 0.845818 0.741683 0.211287 0.018061
0 0.194155 0.819867 0.265704 0.018061
0 0.431307 0.819867 0.207927 0.018061
0 0.637555 0.819867 0.204568 0.018061
0 0.845818 0.819867 0.211287 0.018061
0 0.194155 0.891397 0.265704 0.018061
0 0.431307 0.891397 0.207927 0.018061
0 0.637555 0.891397 0.204568 0.018061
0 0.845818 0.891397 0.211287 0.018061
