0 0.163252 0.080086 0.200537 0.020675
0 0.348001 0.080086 0.168290 0.020675
0 0.516627 0.080086 0.168626 0.020675
0 0.686933 0.080086 0.172321 0.020675
0 0.862613 0.080086 0.178032 0.020675
0 0.163252 0.174192 0.200537 0.020675
0 0.348001 0.174192 0.168290 0.020675
0 0.516627 0.174192 0.168626 0.020675
0 0.686933 0.174192 0.172321 0.020675
0 0.862613 0.174192 0.178032 0.020675
0 0.163252 0.233127 0.200537 0.020675
0 0.348001 0.233127 0.168290 0.020675
0 0.516627 0.233127 0.168626 0.020675
0 0.686933 0.233127 0.172321 0.020675
0 0.862613 0.233127 0.178032 0.020675
0 0.162244 0.310837 0.198522 0.020675
0 0.344978 0.310837 0.166275 0.020675
0 0.510917 0.310837 0.164595 0.020675
0 0.678535 0.310837 0.170306 0.020675
0 0.857575 0.310837 0.187773 0.020675
0 0.162244 0.382367 0.198522 0.020675
0 0.344978 0.382367 0.166275 0.020675
0 0.510917 0.382367 0.164595 0.020675
0 0.678535 0.382367 0.170306 0.020675
0 0.857575 0.382367 0.187773 0.020675
0 0.162244 0.450095 0.198522 0.020675
0 0.344978 0.450095 0.166275 0.020675
0 0.510917 0.450095 0.164595 0.020675
0 0.678535 0.450095 0.170306 0.020675
0 0.857575 0.450095 0.187773 0.020675
0 0.180719 0.527804 0.235472 0.020675
0 0.407457 0.527804 0.217669 0.020675
0 0.624790 0.527804 0.216997 0.020675
0 0.842459 0.527804 0.218005 0.020675
0 0.180719 0.599097 0.235472 0.020675
0 0.407457 0.599097 0.217669 0.020675
0 0.624790 0.599097 0.216997 0.020675
0 0.842459 0.599097 0.218005 0.020675
0 0.180719 0.664449 0.235472 0.020675
0 0.407457 0.664449 0.217669 0.020675
0 0.624790 0.664449 0.216997 0.020675
0 0.842459 0.664449 0.218005 0.020675
0 0.162244 0.742158 0.198186 0.020675
0 0.344642 0.742158 0.166947 0.020675
0 0.511925 0.742158 0.166947 0.020675
0 0.683238 0.742158 0.175008 0.020675
0 0.861270 0.742158 0.180719 0.020675
0 0.162244 0.812975 0.198186 0.020675
0 0.344642 0.812975 0.166947 0.020675
0 0.511925 0.812975 0.166947 0.020675
0 0.683238 0.812975 0.175008 0.020675
0 0.861270 0.812975 0.180719 0.020675
0 0.162244 0.885219 0.198186 0.020675
0 0.344642 0.885219 0.166947 0.020675
0 0.511925 0.885219 0.166947 0.020675
0 0.683238 0.885219 0.175008 0.020675
0 0.861270 0.885219 0.180719 0.020675
