0 0.142089 0.066778 0.166947 0.014734
0 0.272422 0.066778 0.093047 0.014734
0 0.363789 0.066778 0.088680 0.014734
0 0.459187 0.066778 0.102452 0.014734
0 0.570373 0.066778 0.118912 0.014734
0 0.680215 0.066778 0.101108 0.014734
0 0.787370 0.066778 0.113201 0.014734
0 0.897884 0.066778 0.107155 0.014734
0 0.142089 0.121435 0.166947 0.014734
0 0.272422 0.121435 0.093047 0.014734
0 0.363789 0.121435 0.088680 0.014734
0 0.459187 0.121435 0.102452 0.014734
0 0.570373 0.121435 0.118912 0.014734
0 0.680215 0.121435 0.101108 0.014734
0 0.787370 0.121435 0.113201 0.014734
0 0.897884 0.121435 0.107155 0.014734
0 0.142089 0.177281 0.166947 0.014734
0 0.272422 0.177281 0.093047 0.014734
0 0.363789 0.177281 0.088680 0.014734
0 0.459187 0.177281 0.102452 0.014734
0 0.570373 0.177281 0.118912 0.014734
0 0.680215 0.177281 0.101108 0.014734
0 0.787370 0.177281 0.113201 0.014734
0 0.897884 0.177281 0.107155 0.014734
0 0.142089 0.222671 0.166947 0.014734
0 0.272422 0.222671 0.093047 0.014734
0 0.363789 0.222671 0.088680 0.014734
0 0.459187 0.222671 0.102452 0.014734
0 0.570373 0.222671 0.118912 0.014734
0 0.680215 0.222671 0.101108 0.014734
0 0.787370 0.222671 0.113201 0.014734
0 0.897884 0.222671 0.107155 0.014734
0 0.133692 0.286359 0.150151 0.014734
0 0.257978 0.286359 0.097749 0.014734
0 0.352704 0.286359 0.090695 0.014734
0 0.444071 0.286359 0.091703 0.014734
0 0.537118 0.286359 0.094390 0.014734
0 0.627477 0.286359 0.085657 0.014734
0 0.717165 0.286359 0.093047 0.014734
0 0.809876 0.286359 0.092039 0.014734
0 0.903594 0.286359 0.095734 0.014734
0 0.133692 0.348146 0.150151 0.014734
0 0.257978 0.348146 0.097749 0.014734
0 0.352704 0.348146 0.090695 0.014734
0 0.444071 0.348146 0.091703 0.014734
0 0.537118 0.348146 0.094390 0.014734
0 0.627477 0.348146 0.085657 0.014734
0 0.717165 0.348146 0.093047 0.014734
0 0.809876 0.348146 0.092039 0.014734
0 0.903594 0.348146 0.095734 0.014734
0 0.133692 0.404943 0.150151 0.014734
0 0.257978 0.404943 0.097749 0.014734
0 0.352704 0.404943 0.090695 0.014734
0 0.444071 0.404943 0.091703 0.014734
0 0.537118 0.404943 0.094390 0.014734
0 0.627477 0.404943 0.085657 0.014734
0 0.717165 0.404943 0.093047 0.014734
0 0.809876 0.404943 0.092039 0.014734
0 0.903594 0.404943 0.095734 0.014734
0 0.133692 0.456274 0.150151 0.014734
0 0.257978 0.456274 0.097749 0.014734
0 0.352704 0.456274 0.090695 0.014734
0 0.444071 0.456274 0.091703 0.014734
0 0.537118 0.456274 0.094390 0.014734
0 0.627477 0.456274 0.085657 0.014734
0 0.717165 0.456274 0.093047 0.014734
0 0.809876 0.456274 0.092039 0.014734
0 0.903594 0.456274 0.095734 0.014734
0 0.122607 0.520200 0.127981 0.014734
0 0.227074 0.520200 0.079946 0.014734
0 0.310380 0.520200 0.086664 0.014734
0 0.402419 0.520200 0.097414 0.014734
0 0.491770 0.520200 0.080954 0.014734
0 0.570373 0.520200 0.075244 0.014734
0 0.647296 0.520200 0.078939 0.014734
0 0.736312 0.520200 0.098421 0.014734
0 0.826671 0.520200 0.081962 0.014734
0 0.908297 0.520200 0.080954 0.014734
0 0.122607 0.568916 0.127981 0.014734
0 0.227074 0.568916 0.079946 0.014734
0 0.310380 0.568916 0.086664 0.014734
0 0.402419 0.568916 0.097414 0.014734
0 0.491770 0.568916 0.080954 0.014734
0 0.570373 0.568916 0.075244 0.014734
0 0.647296 0.568916 0.078939 0.014734
0 0.736312 0.568916 0.098421 0.014734
0 0.826671 0.568916 0.081962 0.014734
0 0.908297 0.568916 0.080954 0.014734
0 0.122607 0.620485 0.127981 0.014734
0 0.227074 0.620485 0.079946 0.014734
0 0.310380 0.620485 0.086664 0.014734
0 0.402419 0.620485 0.097414 0.014734
0 0.491770 0.620485 0.080954 0.014734
0 0.570373 0.620485 0.075244 0.014734
0 0.647296 0.620485 0.078939 0.014734
0 0.736312 0.620485 0.098421 0.014734
0 0.826671 0.620485 0.081962 0.014734
0 0.908297 0.620485 0.080954 0.014734
0 0.122607 0.673717 0.127981 0.014734
0 0.227074 0.673717 0.079946 0.014734
0 0.310380 0.673717 0.086664 0.014734
0 0.402419 0.673717 0.097414 0.014734
0 0.491770 0.673717 0.080954 0.014734
0 0.570373 0.673717 0.075244 0.014734
0 0.647296 0.673717 0.078939 0.014734
0 0.736312 0.673717 0.098421 0.014734
0 0.826671 0.673717 0.081962 0.014734
0 0.908297 0.673717 0.080954 0.014734
0 0.132684 0.737643 0.147800 0.014734
0 0.271414 0.737643 0.129325 0.014734
0 0.388310 0.737643 0.103796 0.014734
0 0.496473 0.737643 0.112529 0.014734
0 0.603292 0.737643 0.100101 0.014734
0 0.709775 0.737643 0.112193 0.014734
0 0.812563 0.737643 0.092711 0.014734
0 0.905274 0.737643 0.092711 0.014734
0 0.132684 0.790637 0.147800 0.014734
0 0.271414 0.790637 0.129325 0.014734
0 0.388310 0.790637 0.103796 0.014734
0 0.496473 0.790637 0.112529 0.014734
0 0.603292 0.790637 0.100101 0.014734
0 0.709775 0.790637 0.112193 0.014734
0 0.812563 0.790637 0.092711 0.014734
0 0.905274 0.790637 0.092711 0.014734
0 0.132684 0.852899 0.147800 0.014734
0 0.271414 0.852899 0.129325 0.014734
0 0.388310 0.852899 0.103796 0.014734
0 0.496473 0.852899 0.112529 0.014734
0 0.603292 0.852899 0.100101 0.014734
0 0.709775 0.852899 0.112193 0.014734
0 0.812563 0.852899 0.092711 0.014734
0 0.905274 0.852899 0.092711 0.014734
0 0.132684 0.899002 0.147800 0.014734
0 0.271414 0.899002 0.129325 0.014734
0 0.388310 0.899002 0.103796 0.014734
0 0.496473 0.899002 0.112529 0.014734
0 0.603292 0.899002 0.100101 0.014734
0 0.709775 0.899002 0.112193 0.014734
0 0.812563 0.899002 0.092711 0.014734
0 0.905274 0.899002 0.092711 0.014734
