0 0.221028 0.077234 0.317098 0.019487
0 0.512932 0.077234 0.267047 0.019487
0 0.799127 0.077234 0.305005 0.019487
0 0.221028 0.128565 0.317098 0.019487
0 0.512932 0.128565 0.267047 0.019487
0 0.799127 0.128565 0.305005 0.019487
0 0.221028 0.180133 0.317098 0.019487
0 0.512932 0.180133 0.267047 0.019487
0 0.799127 0.180133 0.305005 0.019487
0 0.176016 0.308698 0.227410 0.019487
0 0.392005 0.308698 0.203561 0.019487
0 0.605307 0.308698 0.223379 0.019487
0 0.834397 0.308698 0.234128 0.019487
0 0.176016 0.360029 0.227410 0.019487
0 0.392005 0.360029 0.203561 0.019487
0 0.605307 0.360029 0.223379 0.019487
0 0.834397 0.360029 0.234128 0.019487
0 0.176016 0.411359 0.227410 0.019487
0 0.392005 0.411359 0.203561 0.019487
0 0.605307 0.411359 0.223379 0.019487
0 0.834397 0.411359 0.234128 0.019487
0 0.229762 0.539924 0.334565 0.019487
0 0.540813 0.539924 0.287202 0.019487
0 0.817938 0.539924 0.267047 0.019487
0 0.229762 0.593394 0.334565 0.019487
0 0.540813 0.593394 0.287202 0.019487
0 0.817938 0.593394 0.267047 0.019487
0 0.229762 0.644724 0.334565 0.019487
0 0.540813 0.644724 0.287202 0.019487
0 0.817938 0.644724 0.267047 0.019487
0 0.239167 0.773289 0.353376 0.019487
0 0.540813 0.773289 0.249580 0.019487
0 0.808532 0.773289 0.285858 0.019487
0 0.239167 0.837215 0.353376 0.019487
0 0.540813 0.837215 0.249580 0.019487
0 0.808532 0.837215 0.285858 0.019487
0 0.239167 0.888546 0.353376 0.019487
0 0.540813 0.888546 0.249580 0.019487
0 0.808532 0.888546 0.285858 0.019487
