0 0.233456 0.084838 0.348337 0.022814
0 0.542828 0.084838 0.270071 0.022814
0 0.814578 0.084838 0.273430 0.022814
0 0.233456 0.191540 0.348337 0.022814
0 0.542828 0.191540 0.270071 0.022814
0 0.814578 0.191540 0.273430 0.022814
0 0.233456 0.251663 0.348337 0.022814
0 0.542828 0.251663 0.270071 0.022814
0 0.814578 0.251663 0.273430 0.022814
0 0.178367 0.390447 0.237823 0.022814
0 0.402419 0.390447 0.210279 0.022814
0 0.596238 0.390447 0.177024 0.022814
0 0.817938 0.390447 0.266376 0.022814
0 0.178367 0.494772 0.237823 0.022814
0 0.402419 0.494772 0.210279 0.022814
0 0.596238 0.494772 0.177024 0.022814
0 0.817938 0.494772 0.266376 0.022814
0 0.178367 0.554895 0.237823 0.022814
0 0.402419 0.554895 0.210279 0.022814
0 0.596238 0.554895 0.177024 0.022814
0 0.817938 0.554895 0.266376 0.022814
0 0.207256 0.693916 0.295600 0.022814
0 0.452805 0.693916 0.195835 0.022814
0 0.623782 0.693916 0.145113 0.022814
0 0.768895 0.693916 0.145113 0.022814
0 0.892845 0.693916 0.102788 0.022814
0 0.207256 0.790875 0.295600 0.022814
0 0.452805 0.790875 0.195835 0.022814
0 0.623782 0.790875 0.145113 0.022814
0 0.768895 0.790875 0.145113 0.022814
0 0.892845 0.790875 0.102788 0.022814
0 0.207256 0.851711 0.295600 0.022814
0 0.452805 0.851711 0.195835 0.022814
0 0.623782 0.851711 0.145113 0.022814
0 0.768895 0.851711 0.145113 0.022814
0 0.892845 0.851711 0.102788 0.022814
