0 0.348673 0.243584 0.437353 0.019487
0 0.759489 0.243584 0.384279 0.019487
0 0.348673 0.295390 0.437353 0.019487
0 0.759489 0.295390 0.384279 0.019487
0 0.348673 0.357414 0.437353 0.019487
0 0.759489 0.357414 0.384279 0.019487
0 0.241518 0.496673 0.358079 0.019487
0 0.544844 0.496673 0.248908 0.019487
0 0.810548 0.496673 0.281827 0.019487
0 0.241518 0.557985 0.358079 0.019487
0 0.544844 0.557985 0.248908 0.019487
0 0.810548 0.557985 0.281827 0.019487
0 0.241518 0.623574 0.358079 0.019487
0 0.544844 0.623574 0.248908 0.019487
0 0.810548 0.623574 0.281827 0.019487
0 0.224723 0.762833 0.324488 0.019487
0 0.525697 0.762833 0.277796 0.019487
0 0.808196 0.762833 0.286530 0.019487
0 0.224723 0.836502 0.324488 0.019487
0 0.525697 0.836502 0.277796 0.019487
0 0.808196 0.836502 0.286530 0.019487
0 0.224723 0.888070 0.324488 0.019487
0 0.525697 0.888070 0.277796 0.019487
0 0.808196 0.888070 0.286530 0.019487
