0 0.254283 0.215067 0.177360 0.020200
0 0.448438 0.215067 0.211287 0.020200
0 0.658717 0.215067 0.208599 0.020200
0 0.857239 0.215067 0.188109 0.020200
0 0.254283 0.268061 0.177360 0.020200
0 0.448438 0.268061 0.211287 0.020200
0 0.658717 0.268061 0.208599 0.020200
0 0.857239 0.268061 0.188109 0.020200
0 0.254283 0.321055 0.177360 0.020200
0 0.448438 0.321055 0.211287 0.020200
0 0.658717 0.321055 0.208599 0.020200
0 0.857239 0.321055 0.188109 0.020200
0 0.195499 0.387120 0.275781 0.020200
0 0.488075 0.387120 0.308364 0.020200
0 0.796775 0.387120 0.309372 0.020200
0 0.195499 0.460076 0.275781 0.020200
0 0.488075 0.460076 0.308364 0.020200
0 0.796775 0.460076 0.309372 0.020200
0 0.195499 0.513070 0.275781 0.020200
0 0.488075 0.513070 0.308364 0.020200
0 0.796775 0.513070 0.309372 0.020200
0 0.297951 0.579135 0.480685 0.020200
0 0.745045 0.579135 0.412832 0.020200
0 0.297951 0.649952 0.480685 0.020200
0 0.745045 0.649952 0.412832 0.020200
0 0.297951 0.703184 0.480685 0.020200
0 0.745045 0.703184 0.412832 0.020200
0 0.225731 0.769011 0.335909 0.020200
0 0.524353 0.769011 0.261001 0.020200
0 0.803493 0.769011 0.296271 0.020200
0 0.225731 0.833650 0.335909 0.020200
0 0.524353 0.833650 0.261001 0.020200
0 0.803493 0.833650 0.296271 0.020200
0 0.225731 0.886644 0.335909 0.020200
0 0.524353 0.886644 0.261001 0.020200
0 0.803493 0.886644 0.296271 0.020200
