0 0.208263 0.065589 0.267719 0.014259
0 0.455156 0.065589 0.225731 0.014259
0 0.654350 0.065589 0.172321 0.014259
0 0.846154 0.065589 0.210951 0.014259
0 0.208263 0.117158 0.267719 0.014259
0 0.455156 0.117158 0.225731 0.014259
0 0.654350 0.117158 0.172321 0.014259
0 0.846154 0.117158 0.210951 0.014259
0 0.208263 0.170865 0.267719 0.014259
0 0.455156 0.170865 0.225731 0.014259
0 0.654350 0.170865 0.172321 0.014259
0 0.846154 0.170865 0.210951 0.014259
0 0.208263 0.218869 0.267719 0.014259
0 0.455156 0.218869 0.225731 0.014259
0 0.654350 0.218869 0.172321 0.014259
0 0.846154 0.218869 0.210951 0.014259
0 0.208263 0.264971 0.267719 0.014259
0 0.455156 0.264971 0.225731 0.014259
0 0.654350 0.264971 0.172321 0.014259
0 0.846154 0.264971 0.210951 0.014259
0 0.208263 0.302519 0.267719 0.014259
0 0.455156 0.302519 0.225731 0.014259
0 0.654350 0.302519 0.172321 0.014259
0 0.846154 0.302519 0.210951 0.014259
0 0.206248 0.423954 0.263352 0.014259
0 0.439368 0.423954 0.202217 0.014259
0 0.655694 0.423954 0.230433 0.014259
0 0.859254 0.423954 0.176352 0.014259
0 0.206248 0.471958 0.263352 0.014259
0 0.439368 0.471958 0.202217 0.014259
0 0.655694 0.471958 0.230433 0.014259
0 0.859254 0.471958 0.176352 0.014259
0 0.206248 0.529705 0.263352 0.014259
0 0.439368 0.529705 0.202217 0.014259
0 0.655694 0.529705 0.230433 0.014259
0 0.859254 0.529705 0.176352 0.014259
0 0.206248 0.579135 0.263352 0.014259
0 0.439368 0.579135 0.202217 0.014259
0 0.655694 0.579135 0.230433 0.014259
0 0.859254 0.579135 0.176352 0.014259
0 0.206248 0.628802 0.263352 0.014259
0 0.439368 0.628802 0.202217 0.014259
0 0.655694 0.628802 0.230433 0.014259
0 0.859254 0.628802 0.176352 0.014259
0 0.206248 0.666350 0.263352 0.014259
0 0.439368 0.666350 0.202217 0.014259
0 0.655694 0.666350 0.230433 0.014259
0 0.859254 0.666350 0.176352 0.014259
