0 0.236816 0.221958 0.181391 0.021388
0 0.425260 0.221958 0.194827 0.021388
0 0.621095 0.221958 0.196171 0.021388
0 0.835405 0.221958 0.232449 0.021388
0 0.236816 0.306559 0.181391 0.021388
0 0.425260 0.306559 0.194827 0.021388
0 0.621095 0.306559 0.196171 0.021388
0 0.835405 0.306559 0.232449 0.021388
0 0.236816 0.363118 0.181391 0.021388
0 0.425260 0.363118 0.194827 0.021388
0 0.621095 0.363118 0.196171 0.021388
0 0.835405 0.363118 0.232449 0.021388
0 0.174672 0.471245 0.221700 0.021388
0 0.358750 0.471245 0.146120 0.021388
0 0.568021 0.471245 0.272086 0.021388
0 0.828015 0.471245 0.247229 0.021388
0 0.174672 0.561312 0.221700 0.021388
0 0.358750 0.561312 0.146120 0.021388
0 0.568021 0.561312 0.272086 0.021388
0 0.828015 0.561312 0.247229 0.021388
0 0.174672 0.630228 0.221700 0.021388
0 0.358750 0.630228 0.146120 0.021388
0 0.568021 0.630228 0.272086 0.021388
0 0.828015 0.630228 0.247229 0.021388
0 0.201881 0.738356 0.276117 0.021388
0 0.439033 0.738356 0.198186 0.021388
0 0.638562 0.738356 0.201209 0.021388
0 0.845482 0.738356 0.211622 0.021388
0 0.201881 0.820105 0.276117 0.021388
0 0.439033 0.820105 0.198186 0.021388
0 0.638562 0.820105 0.201209 0.021388
0 0.845482 0.820105 0.211622 0.021388
0 0.201881 0.883793 0.276117 0.021388
0 0.439033 0.883793 0.198186 0.021388
0 0.638562 0.883793 0.201209 0.021388
0 0.845482 0.883793 0.211622 0.021388
