0 0.279140 0.224335 0.235136 0.018536
0 0.490427 0.224335 0.187437 0.018536
0 0.666443 0.224335 0.164595 0.018536
0 0.850185 0.224335 0.202553 0.018536
0 0.279140 0.273289 0.235136 0.018536
0 0.490427 0.273289 0.187437 0.018536
0 0.666443 0.273289 0.164595 0.018536
0 0.850185 0.273289 0.202553 0.018536
0 0.279140 0.334601 0.235136 0.018536
0 0.490427 0.334601 0.187437 0.018536
0 0.666443 0.334601 0.164595 0.018536
0 0.850185 0.334601 0.202553 0.018536
0 0.193819 0.393774 0.264360 0.018536
0 0.432314 0.393774 0.211622 0.018536
0 0.638226 0.393774 0.200537 0.018536
0 0.845146 0.393774 0.212966 0.018536
0 0.193819 0.462215 0.264360 0.018536
0 0.432314 0.462215 0.211622 0.018536
0 0.638226 0.462215 0.200537 0.018536
0 0.845146 0.462215 0.212966 0.018536
0 0.193819 0.514971 0.264360 0.018536
0 0.432314 0.514971 0.211622 0.018536
0 0.638226 0.514971 0.200537 0.018536
0 0.845146 0.514971 0.212966 0.018536
0 0.186093 0.573907 0.248908 0.018536
0 0.417199 0.573907 0.213302 0.018536
0 0.624790 0.573907 0.201209 0.018536
0 0.838428 0.573907 0.226067 0.018536
0 0.186093 0.644962 0.248908 0.018536
0 0.417199 0.644962 0.213302 0.018536
0 0.624790 0.644962 0.201209 0.018536
0 0.838428 0.644962 0.226067 0.018536
0 0.186093 0.705561 0.248908 0.018536
0 0.417199 0.705561 0.213302 0.018536
0 0.624790 0.705561 0.201209 0.018536
0 0.838428 0.705561 0.226067 0.018536
0 0.169970 0.764734 0.216661 0.018536
0 0.372523 0.764734 0.188109 0.018536
0 0.555929 0.764734 0.178032 0.018536
0 0.721532 0.764734 0.153174 0.018536
0 0.875042 0.764734 0.153174 0.018536
0 0.169970 0.840067 0.216661 0.018536
0 0.372523 0.840067 0.188109 0.018536
0 0.555929 0.840067 0.178032 0.018536
0 0.721532 0.840067 0.153174 0.018536
0 0.875042 0.840067 0.153174 0.018536
0 0.169970 0.890684 0.216661 0.018536
0 0.372523 0.890684 0.188109 0.018536
0 0.555929 0.890684 0.178032 0.018536
0 0.721532 0.890684 0.153174 0.018536
0 0.875042 0.890684 0.153174 0.018536
