0 0.329862 0.205561 0.430299 0.017348
0 0.748404 0.205561 0.406114 0.017348
0 0.329862 0.251426 0.430299 0.017348
0 0.748404 0.251426 0.406114 0.017348
0 0.219684 0.357177 0.317770 0.017348
0 0.490763 0.357177 0.224723 0.017348
0 0.777293 0.357177 0.348337 0.017348
0 0.219684 0.428232 0.317770 0.017348
0 0.490763 0.428232 0.224723 0.017348
0 0.777293 0.428232 0.348337 0.017348
0 0.219684 0.477424 0.317770 0.017348
0 0.490763 0.477424 0.224723 0.017348
0 0.777293 0.477424 0.348337 0.017348
0 0.224387 0.582937 0.327175 0.017348
0 0.526705 0.582937 0.277461 0.017348
0 0.808532 0.582937 0.286194 0.017348
0 0.224387 0.636644 0.327175 0.017348
0 0.526705 0.636644 0.277461 0.017348
0 0.808532 0.636644 0.286194 0.017348
0 0.224387 0.682747 0.327175 0.017348
0 0.526705 0.682747 0.277461 0.017348
0 0.808532 0.682747 0.286194 0.017348
0 0.244877 0.788260 0.368492 0.017348
0 0.552570 0.788260 0.246557 0.017348
0 0.813907 0.788260 0.275445 0.017348
0 0.244877 0.836502 0.368492 0.017348
0 0.552570 0.836502 0.246557 0.017348
0 0.813907 0.836502 0.275445 0.017348
0 0.244877 0.884743 0.368492 0.017348
0 0.552570 0.884743 0.246557 0.017348
0 0.813907 0.884743 0.275445 0.017348
