0 0.231441 0.080086 0.336580 0.020675
0 0.492106 0.080086 0.184078 0.020675
0 0.662748 0.080086 0.149815 0.020675
0 0.791065 0.080086 0.106819 0.020675
0 0.898220 0.080086 0.106819 0.020675
0 0.231441 0.142586 0.336580 0.020675
0 0.492106 0.142586 0.184078 0.020675
0 0.662748 0.142586 0.149815 0.020675
0 0.791065 0.142586 0.106819 0.020675
0 0.898220 0.142586 0.106819 0.020675
0 0.231441 0.200808 0.336580 0.020675
0 0.492106 0.200808 0.184078 0.020675
0 0.662748 0.200808 0.149815 0.020675
0 0.791065 0.200808 0.106819 0.020675
0 0.898220 0.200808 0.106819 0.020675
0 0.170642 0.288023 0.215317 0.020675
0 0.409809 0.288023 0.255626 0.020675
0 0.635203 0.288023 0.195163 0.020675
0 0.842123 0.288023 0.218341 0.020675
0 0.170642 0.356702 0.215317 0.020675
0 0.409809 0.356702 0.255626 0.020675
0 0.635203 0.356702 0.195163 0.020675
0 0.842123 0.356702 0.218341 0.020675
0 0.170642 0.417063 0.215317 0.020675
0 0.409809 0.417063 0.255626 0.020675
0 0.635203 0.417063 0.195163 0.020675
0 0.842123 0.417063 0.218341 0.020675
0 0.219012 0.504040 0.312059 0.020675
0 0.505878 0.504040 0.261337 0.020675
0 0.794088 0.504040 0.314746 0.020675
0 0.219012 0.570580 0.312059 0.020675
0 0.505878 0.570580 0.261337 0.020675
0 0.794088 0.570580 0.314746 0.020675
0 0.219012 0.651378 0.312059 0.020675
0 0.505878 0.651378 0.261337 0.020675
0 0.794088 0.651378 0.314746 0.020675
0 0.205240 0.738356 0.284515 0.020675
0 0.451461 0.738356 0.207927 0.020675
0 0.745381 0.738356 0.372523 0.020675
0 0.205240 0.821768 0.284515 0.020675
0 0.451461 0.821768 0.207927 0.020675
0 0.745381 0.821768 0.372523 0.020675
0 0.205240 0.885219 0.284515 0.020675
0 0.451461 0.885219 0.207927 0.020675
0 0.745381 0.885219 0.372523 0.020675
