0 0.240846 0.221958 0.207592 0.021388
0 0.415519 0.221958 0.141753 0.021388
0 0.557608 0.221958 0.141753 0.021388
0 0.699698 0.221958 0.141753 0.021388
0 0.861270 0.221958 0.180719 0.021388
0 0.240846 0.278517 0.207592 0.021388
0 0.415519 0.278517 0.141753 0.021388
0 0.557608 0.278517 0.141753 0.021388
0 0.699698 0.278517 0.141753 0.021388
0 0.861270 0.278517 0.180719 0.021388
0 0.240846 0.346483 0.207592 0.021388
0 0.415519 0.346483 0.141753 0.021388
0 0.557608 0.346483 0.141753 0.021388
0 0.699698 0.346483 0.141753 0.021388
0 0.861270 0.346483 0.180719 0.021388
0 0.192476 0.497861 0.257642 0.021388
0 0.400403 0.497861 0.157205 0.021388
0 0.557944 0.497861 0.157205 0.021388
0 0.715149 0.497861 0.157205 0.021388
0 0.872691 0.497861 0.157205 0.021388
0 0.192476 0.554420 0.257642 0.021388
0 0.400403 0.554420 0.157205 0.021388
0 0.557944 0.554420 0.157205 0.021388
0 0.715149 0.554420 0.157205 0.021388
0 0.872691 0.554420 0.157205 0.021388
0 0.192476 0.610979 0.257642 0.021388
0 0.400403 0.610979 0.157205 0.021388
0 0.557944 0.610979 0.157205 0.021388
0 0.715149 0.610979 0.157205 0.021388
0 0.872691 0.610979 0.157205 0.021388
0 0.179039 0.762120 0.230433 0.021388
0 0.410480 0.762120 0.231777 0.021388
0 0.599597 0.762120 0.146792 0.021388
0 0.742694 0.762120 0.138730 0.021388
0 0.882096 0.762120 0.139066 0.021388
0 0.179039 0.827234 0.230433 0.021388
0 0.410480 0.827234 0.231777 0.021388
0 0.599597 0.827234 0.146792 0.021388
0 0.742694 0.827234 0.138730 0.021388
0 0.882096 0.827234 0.139066 0.021388
0 0.179039 0.883793 0.230433 0.021388
0 0.410480 0.883793 0.231777 0.021388
0 0.599597 0.883793 0.146792 0.021388
0 0.742694 0.883793 0.138730 0.021388
0 0.882096 0.883793 0.139066 0.021388
