0 0.290561 0.231939 0.311723 0.020675
0 0.563655 0.231939 0.233792 0.020675
0 0.815922 0.231939 0.271078 0.020675
0 0.290561 0.299192 0.311723 0.020675
0 0.563655 0.299192 0.233792 0.020675
0 0.815922 0.299192 0.271078 0.020675
0 0.290561 0.354087 0.311723 0.020675
0 0.563655 0.354087 0.233792 0.020675
0 0.815922 0.354087 0.271078 0.020675
0 0.185422 0.492871 0.244541 0.020675
0 0.422573 0.492871 0.229090 0.020675
0 0.629829 0.492871 0.185086 0.020675
0 0.837084 0.492871 0.229090 0.020675
0 0.185422 0.563688 0.244541 0.020675
0 0.422573 0.563688 0.229090 0.020675
0 0.629829 0.563688 0.185086 0.020675
0 0.837084 0.563688 0.229090 0.020675
0 0.185422 0.618584 0.244541 0.020675
0 0.422573 0.618584 0.229090 0.020675
0 0.629829 0.618584 0.185086 0.020675
0 0.837084 0.618584 0.229090 0.020675
0 0.179711 0.757367 0.233121 0.020675
0 0.411152 0.757367 0.222372 0.020675
0 0.633524 0.757367 0.222372 0.020675
0 0.848169 0.757367 0.206584 0.020675
0 0.179711 0.828897 0.233121 0.020675
0 0.411152 0.828897 0.222372 0.020675
0 0.633524 0.828897 0.222372 0.020675
0 0.848169 0.828897 0.206584 0.020675
0 0.179711 0.885219 0.233121 0.020675
0 0.411152 0.885219 0.222372 0.020675
0 0.633524 0.885219 0.222372 0.020675
0 0.848169 0.885219 0.206584 0.020675
