0 0.305677 0.083175 0.483373 0.022101
0 0.749748 0.083175 0.403762 0.022101
0 0.305677 0.150428 0.483373 0.022101
0 0.749748 0.150428 0.403762 0.022101
0 0.305677 0.216730 0.483373 0.022101
0 0.749748 0.216730 0.403762 0.022101
0 0.317770 0.317728 0.507558 0.022101
0 0.761841 0.317728 0.379577 0.022101
0 0.317770 0.378089 0.507558 0.022101
0 0.761841 0.378089 0.379577 0.022101
0 0.317770 0.439163 0.507558 0.022101
0 0.761841 0.439163 0.379577 0.022101
0 0.240846 0.540162 0.353376 0.022101
0 0.544172 0.540162 0.253275 0.022101
0 0.811219 0.540162 0.280484 0.022101
0 0.240846 0.600523 0.353376 0.022101
0 0.544172 0.600523 0.253275 0.022101
0 0.811219 0.600523 0.280484 0.022101
0 0.240846 0.661597 0.353376 0.022101
0 0.544172 0.661597 0.253275 0.022101
0 0.811219 0.661597 0.280484 0.022101
0 0.232449 0.762833 0.336580 0.022101
0 0.536110 0.762833 0.270406 0.022101
0 0.811555 0.762833 0.279476 0.022101
0 0.232449 0.821055 0.336580 0.022101
0 0.536110 0.821055 0.270406 0.022101
0 0.811555 0.821055 0.279476 0.022101
0 0.232449 0.882129 0.336580 0.022101
0 0.536110 0.882129 0.270406 0.022101
0 0.811555 0.882129 0.279476 0.022101
