0 0.183742 0.076759 0.243198 0.019249
0 0.422909 0.076759 0.235136 0.019249
0 0.642593 0.076759 0.203897 0.019249
0 0.848169 0.076759 0.206920 0.019249
0 0.183742 0.135932 0.243198 0.019249
0 0.422909 0.135932 0.235136 0.019249
0 0.642593 0.135932 0.203897 0.019249
0 0.848169 0.135932 0.206920 0.019249
0 0.183742 0.192015 0.243198 0.019249
0 0.422909 0.192015 0.235136 0.019249
0 0.642593 0.192015 0.203897 0.019249
0 0.848169 0.192015 0.206920 0.019249
0 0.171649 0.269249 0.219348 0.019249
0 0.406114 0.269249 0.249580 0.019249
0 0.634531 0.269249 0.206248 0.019249
0 0.844474 0.269249 0.213638 0.019249
0 0.171649 0.342681 0.219348 0.019249
0 0.406114 0.342681 0.249580 0.019249
0 0.634531 0.342681 0.206248 0.019249
0 0.844474 0.342681 0.213638 0.019249
0 0.171649 0.393536 0.219348 0.019249
0 0.406114 0.393536 0.249580 0.019249
0 0.634531 0.393536 0.206248 0.019249
0 0.844474 0.393536 0.213638 0.019249
0 0.838428 0.468156 0.226067 0.013546
0 0.194491 0.533745 0.264696 0.019249
0 0.424924 0.533745 0.196507 0.019249
0 0.624454 0.533745 0.201545 0.019249
0 0.838428 0.533745 0.226067 0.019249
0 0.194491 0.596483 0.264696 0.019249
0 0.424924 0.596483 0.196507 0.019249
0 0.624454 0.596483 0.201545 0.019249
0 0.838428 0.596483 0.226067 0.019249
0 0.194491 0.651141 0.264696 0.019249
0 0.424924 0.651141 0.196507 0.019249
0 0.624454 0.651141 0.201545 0.019249
0 0.838428 0.651141 0.226067 0.019249
0 0.194827 0.725523 0.266040 0.013546
0 0.399731 0.725523 0.143433 0.013546
0 0.561303 0.725523 0.178703 0.013546
0 0.194827 0.783508 0.265704 0.019249
0 0.399731 0.783508 0.143433 0.019249
0 0.560967 0.783508 0.178703 0.019249
0 0.740679 0.783508 0.180047 0.019249
0 0.888142 0.783508 0.114545 0.019249
0 0.194827 0.837690 0.265704 0.019249
0 0.399731 0.837690 0.143433 0.019249
0 0.560967 0.837690 0.178703 0.019249
0 0.740679 0.837690 0.180047 0.019249
0 0.888142 0.837690 0.114545 0.019249
0 0.194827 0.888546 0.265704 0.019249
0 0.399731 0.888546 0.143433 0.019249
0 0.560967 0.888546 0.178703 0.019249
0 0.740679 0.888546 0.180047 0.019249
0 0.888142 0.888546 0.114545 0.019249
