0 0.302654 0.083175 0.477326 0.022101
0 0.746725 0.083175 0.409809 0.022101
0 0.302654 0.141635 0.477326 0.022101
0 0.746725 0.141635 0.409809 0.022101
0 0.302654 0.202709 0.477326 0.022101
0 0.746725 0.202709 0.409809 0.022101
0 0.321800 0.301331 0.515620 0.022101
0 0.765872 0.301331 0.371515 0.022101
0 0.321800 0.374049 0.515620 0.022101
0 0.765872 0.374049 0.371515 0.022101
0 0.321800 0.435124 0.515620 0.022101
0 0.765872 0.435124 0.371515 0.022101
0 0.226402 0.533745 0.324824 0.022101
0 0.517635 0.533745 0.256634 0.022101
0 0.798791 0.533745 0.305341 0.022101
0 0.226402 0.591968 0.324824 0.022101
0 0.517635 0.591968 0.256634 0.022101
0 0.798791 0.591968 0.305341 0.022101
0 0.226402 0.654468 0.324824 0.022101
0 0.517635 0.654468 0.256634 0.022101
0 0.798791 0.654468 0.305341 0.022101
0 0.288210 0.753089 0.448438 0.022101
0 0.732281 0.753089 0.438697 0.022101
0 0.288210 0.821055 0.448438 0.022101
0 0.732281 0.821055 0.438697 0.022101
0 0.288210 0.882129 0.448438 0.022101
0 0.732281 0.882129 0.438697 0.022101
