0 0.248908 0.098622 0.332214 0.021388
0 0.562311 0.098622 0.293584 0.021388
0 0.842123 0.098622 0.265704 0.021388
0 0.248908 0.167300 0.332214 0.021388
0 0.562311 0.167300 0.293584 0.021388
0 0.842123 0.167300 0.265704 0.021388
0 0.248908 0.229325 0.332214 0.021388
0 0.562311 0.229325 0.293584 0.021388
0 0.842123 0.229325 0.265704 0.021388
0 0.239167 0.320817 0.312395 0.021388
0 0.521330 0.320817 0.251260 0.021388
0 0.811219 0.320817 0.327847 0.021388
0 0.239167 0.385932 0.312395 0.021388
0 0.521330 0.385932 0.251260 0.021388
0 0.811219 0.385932 0.327847 0.021388
0 0.239167 0.448194 0.312395 0.021388
0 0.521330 0.448194 0.251260 0.021388
0 0.811219 0.448194 0.327847 0.021388
0 0.239839 0.539686 0.314075 0.021388
0 0.537454 0.539686 0.280484 0.021388
0 0.826671 0.539686 0.297615 0.021388
0 0.239839 0.615019 0.314075 0.021388
0 0.537454 0.615019 0.280484 0.021388
0 0.826671 0.615019 0.297615 0.021388
0 0.239839 0.677044 0.314075 0.021388
0 0.537454 0.677044 0.280484 0.021388
0 0.826671 0.677044 0.297615 0.021388
0 0.219348 0.768298 0.272758 0.021388
0 0.464226 0.768298 0.216661 0.021388
0 0.674505 0.768298 0.203561 0.021388
0 0.872355 0.768298 0.192140 0.021388
0 0.219348 0.832937 0.272758 0.021388
0 0.464226 0.832937 0.216661 0.021388
0 0.674505 0.832937 0.203561 0.021388
0 0.872355 0.832937 0.192140 0.021388
0 0.219348 0.894962 0.272758 0.021388
0 0.464226 0.894962 0.216661 0.021388
0 0.674505 0.894962 0.203561 0.021388
0 0.872355 0.894962 0.192140 0.021388
