0 0.304575 0.090152 0.482353 0.024242
0 0.749020 0.090152 0.406863 0.024242
0 0.304575 0.195202 0.482353 0.024242
0 0.749020 0.195202 0.406863 0.024242
0 0.304575 0.266667 0.482353 0.024242
0 0.749020 0.266667 0.406863 0.024242
0 0.236275 0.382323 0.345752 0.024242
0 0.510784 0.382323 0.203595 0.024242
0 0.783007 0.382323 0.339869 0.024242
0 0.236275 0.482576 0.345752 0.024242
0 0.510784 0.482576 0.203595 0.024242
0 0.783007 0.482576 0.339869 0.024242
0 0.236275 0.546465 0.345752 0.024242
0 0.510784 0.546465 0.203595 0.024242
0 0.783007 0.546465 0.339869 0.024242
0 0.283007 0.662121 0.439216 0.024242
0 0.727451 0.662121 0.450000 0.024242
0 0.283007 0.758081 0.439216 0.024242
0 0.727451 0.758081 0.450000 0.024242
0 0.283007 0.821970 0.439216 0.024242
0 0.727451 0.821970 0.450000 0.024242
