0 0.190796 0.221008 0.148472 0.021863
0 0.366476 0.221008 0.202889 0.021863
0 0.580786 0.221008 0.225731 0.021863
0 0.822640 0.221008 0.257642 0.021863
0 0.190796 0.278992 0.148472 0.021863
0 0.366476 0.278992 0.202889 0.021863
0 0.580786 0.278992 0.225731 0.021863
0 0.822640 0.278992 0.257642 0.021863
0 0.190796 0.350760 0.148472 0.021863
0 0.366476 0.350760 0.202889 0.021863
0 0.580786 0.350760 0.225731 0.021863
0 0.822640 0.350760 0.257642 0.021863
0 0.261673 0.480989 0.395364 0.021863
0 0.603964 0.480989 0.288546 0.021863
0 0.849849 0.480989 0.202553 0.021863
0 0.261673 0.546578 0.395364 0.021863
0 0.603964 0.546578 0.288546 0.021863
0 0.849849 0.546578 0.202553 0.021863
0 0.261673 0.618346 0.395364 0.021863
0 0.603964 0.618346 0.288546 0.021863
0 0.849849 0.618346 0.202553 0.021863
0 0.238495 0.748574 0.348673 0.021863
0 0.535774 0.748574 0.245549 0.021863
0 0.805173 0.748574 0.292576 0.021863
0 0.238495 0.824620 0.348673 0.021863
0 0.535774 0.824620 0.245549 0.021863
0 0.805173 0.824620 0.292576 0.021863
0 0.238495 0.882605 0.348673 0.021863
0 0.535774 0.882605 0.245549 0.021863
0 0.805173 0.882605 0.292576 0.021863
