0 0.180719 0.078660 0.235808 0.020200
0 0.396036 0.078660 0.194491 0.020200
0 0.612361 0.078660 0.238159 0.020200
0 0.841451 0.078660 0.219684 0.020200
0 0.180719 0.153042 0.235808 0.020200
0 0.396036 0.153042 0.194491 0.020200
0 0.612361 0.153042 0.238159 0.020200
0 0.841451 0.153042 0.219684 0.020200
0 0.180719 0.206987 0.235808 0.020200
0 0.396036 0.206987 0.194491 0.020200
0 0.612361 0.206987 0.238159 0.020200
0 0.841451 0.206987 0.219684 0.020200
0 0.195163 0.295865 0.265032 0.020200
0 0.436345 0.295865 0.216661 0.020200
0 0.640242 0.295865 0.190124 0.020200
0 0.843131 0.295865 0.215989 0.020200
0 0.195163 0.381654 0.265032 0.020200
0 0.436345 0.381654 0.216661 0.020200
0 0.640242 0.381654 0.190124 0.020200
0 0.843131 0.381654 0.215989 0.020200
0 0.195163 0.434886 0.265032 0.020200
0 0.436345 0.434886 0.216661 0.020200
0 0.640242 0.434886 0.190124 0.020200
0 0.843131 0.434886 0.215989 0.020200
0 0.170306 0.523764 0.214982 0.020200
0 0.358415 0.523764 0.161236 0.020200
0 0.524689 0.523764 0.170642 0.020200
0 0.706080 0.523764 0.191804 0.020200
0 0.876722 0.523764 0.149479 0.020200
0 0.170306 0.604563 0.214982 0.020200
0 0.358415 0.604563 0.161236 0.020200
0 0.524689 0.604563 0.170642 0.020200
0 0.706080 0.604563 0.191804 0.020200
0 0.876722 0.604563 0.149479 0.020200
0 0.170306 0.664686 0.214982 0.020200
0 0.358415 0.664686 0.161236 0.020200
0 0.524689 0.664686 0.170642 0.020200
0 0.706080 0.664686 0.191804 0.020200
0 0.876722 0.664686 0.149479 0.020200
0 0.160900 0.753565 0.196507 0.020200
0 0.334565 0.753565 0.150151 0.020200
0 0.505207 0.753565 0.191132 0.020200
0 0.691972 0.753565 0.181727 0.020200
0 0.867316 0.753565 0.168626 0.020200
0 0.160900 0.827709 0.196507 0.020200
0 0.334565 0.827709 0.150151 0.020200
0 0.505207 0.827709 0.191132 0.020200
0 0.691972 0.827709 0.181727 0.020200
0 0.867316 0.827709 0.168626 0.020200
0 0.160900 0.886882 0.196507 0.020200
0 0.334565 0.886882 0.150151 0.020200
0 0.505207 0.886882 0.191132 0.020200
0 0.691972 0.886882 0.181727 0.020200
0 0.867316 0.886882 0.168626 0.020200
