0 0.214706 0.092172 0.301307 0.025253
0 0.461438 0.092172 0.192157 0.025253
0 0.634641 0.092172 0.153595 0.025253
0 0.832026 0.092172 0.241176 0.025253
0 0.214706 0.179040 0.301307 0.025253
0 0.461438 0.179040 0.192157 0.025253
0 0.634641 0.179040 0.153595 0.025253
0 0.832026 0.179040 0.241176 0.025253
0 0.214706 0.260606 0.301307 0.025253
0 0.461438 0.260606 0.192157 0.025253
0 0.634641 0.260606 0.153595 0.025253
0 0.832026 0.260606 0.241176 0.025253
0 0.242484 0.380556 0.356863 0.025253
0 0.559477 0.380556 0.277124 0.025253
0 0.825163 0.380556 0.254575 0.025253
0 0.242484 0.483333 0.356863 0.025253
0 0.559477 0.483333 0.277124 0.025253
0 0.825163 0.483333 0.254575 0.025253
0 0.242484 0.556566 0.356863 0.025253
0 0.559477 0.556566 0.277124 0.025253
0 0.825163 0.556566 0.254575 0.025253
0 0.248693 0.676515 0.369608 0.025253
0 0.575163 0.676515 0.283333 0.025253
0 0.834641 0.676515 0.235621 0.025253
0 0.248693 0.776768 0.369608 0.025253
0 0.575163 0.776768 0.283333 0.025253
0 0.834641 0.776768 0.235621 0.025253
0 0.248693 0.846465 0.369608 0.025253
0 0.575163 0.846465 0.283333 0.025253
0 0.834641 0.846465 0.235621 0.025253
