0 0.179739 0.085859 0.236275 0.022222
0 0.412418 0.085859 0.229085 0.022222
0 0.637908 0.085859 0.220915 0.022222
0 0.850327 0.085859 0.204248 0.022222
0 0.179739 0.168434 0.236275 0.022222
0 0.412418 0.168434 0.229085 0.022222
0 0.637908 0.168434 0.220915 0.022222
0 0.850327 0.168434 0.204248 0.022222
0 0.179739 0.242677 0.236275 0.022222
0 0.412418 0.242677 0.229085 0.022222
0 0.637908 0.242677 0.220915 0.022222
0 0.850327 0.242677 0.204248 0.022222
0 0.188889 0.387626 0.254575 0.022222
0 0.425817 0.387626 0.218627 0.022222
0 0.648693 0.387626 0.227124 0.022222
0 0.857843 0.387626 0.190196 0.022222
0 0.188889 0.468939 0.254575 0.022222
0 0.425817 0.468939 0.218627 0.022222
0 0.648693 0.468939 0.227124 0.022222
0 0.857843 0.468939 0.190196 0.022222
0 0.188889 0.547222 0.254575 0.022222
0 0.425817 0.547222 0.218627 0.022222
0 0.648693 0.547222 0.227124 0.022222
0 0.857843 0.547222 0.190196 0.022222
0 0.176471 0.688384 0.229739 0.022222
0 0.404902 0.688384 0.226797 0.022222
0 0.640196 0.688384 0.243137 0.022222
0 0.857516 0.688384 0.190850 0.022222
0 0.176471 0.782828 0.229739 0.022222
0 0.404902 0.782828 0.226797 0.022222
0 0.640196 0.782828 0.243137 0.022222
0 0.857516 0.782828 0.190850 0.022222
0 0.176471 0.842929 0.229739 0.022222
0 0.404902 0.842929 0.226797 0.022222
0 0.640196 0.842929 0.243137 0.022222
0 0.857516 0.842929 0.190850 0.022222
