0 0.190796 0.078660 0.256298 0.020200
0 0.397380 0.078660 0.156869 0.020200
0 0.550554 0.078660 0.148808 0.020200
0 0.700369 0.078660 0.150487 0.020200
0 0.863285 0.078660 0.175680 0.020200
0 0.190796 0.144487 0.256298 0.020200
0 0.397380 0.144487 0.156869 0.020200
0 0.550554 0.144487 0.148808 0.020200
0 0.700369 0.144487 0.150487 0.020200
0 0.863285 0.144487 0.175680 0.020200
0 0.190796 0.197481 0.256298 0.020200
0 0.397380 0.197481 0.156869 0.020200
0 0.550554 0.197481 0.148808 0.020200
0 0.700369 0.197481 0.150487 0.020200
0 0.863285 0.197481 0.175680 0.020200
0 0.173329 0.302994 0.221364 0.020200
0 0.379241 0.302994 0.190124 0.020200
0 0.549547 0.302994 0.149815 0.020200
0 0.718509 0.302994 0.187773 0.020200
0 0.882096 0.302994 0.139066 0.020200
0 0.173329 0.377852 0.221364 0.020200
0 0.379241 0.377852 0.190124 0.020200
0 0.549547 0.377852 0.149815 0.020200
0 0.718509 0.377852 0.187773 0.020200
0 0.882096 0.377852 0.139066 0.020200
0 0.173329 0.430846 0.221364 0.020200
0 0.379241 0.430846 0.190124 0.020200
0 0.549547 0.430846 0.149815 0.020200
0 0.718509 0.430846 0.187773 0.020200
0 0.882096 0.430846 0.139066 0.020200
0 0.176688 0.536359 0.228082 0.020200
0 0.345986 0.536359 0.110178 0.020200
0 0.481357 0.536359 0.160228 0.020200
0 0.622775 0.536359 0.122271 0.020200
0 0.749748 0.536359 0.132012 0.020200
0 0.883776 0.536359 0.135371 0.020200
0 0.176688 0.608127 0.228082 0.020200
0 0.345986 0.608127 0.110178 0.020200
0 0.481357 0.608127 0.160228 0.020200
0 0.622775 0.608127 0.122271 0.020200
0 0.749748 0.608127 0.132012 0.020200
0 0.883776 0.608127 0.135371 0.020200
0 0.176688 0.663260 0.228082 0.020200
0 0.345986 0.663260 0.110178 0.020200
0 0.481357 0.663260 0.160228 0.020200
0 0.622775 0.663260 0.122271 0.020200
0 0.749748 0.663260 0.132012 0.020200
0 0.883776 0.663260 0.135371 0.020200
0 0.161572 0.768536 0.197514 0.020200
0 0.339940 0.768536 0.158885 0.020200
0 0.507222 0.768536 0.175008 0.020200
0 0.682230 0.768536 0.174672 0.020200
0 0.860598 0.768536 0.181727 0.020200
0 0.161572 0.828184 0.197514 0.020200
0 0.339940 0.828184 0.158885 0.020200
0 0.507222 0.828184 0.175008 0.020200
0 0.682230 0.828184 0.174672 0.020200
0 0.860598 0.828184 0.181727 0.020200
0 0.161572 0.886882 0.197514 0.020200
0 0.339940 0.886882 0.158885 0.020200
0 0.507222 0.886882 0.175008 0.020200
0 0.682230 0.886882 0.174672 0.020200
0 0.860598 0.886882 0.181727 0.020200
