0 0.294771 0.090152 0.462745 0.024242
0 0.739542 0.090152 0.426797 0.024242
0 0.294771 0.176010 0.462745 0.024242
0 0.739542 0.176010 0.426797 0.024242
0 0.294771 0.239899 0.462745 0.024242
0 0.739542 0.239899 0.426797 0.024242
0 0.194444 0.355556 0.262418 0.024242
0 0.465359 0.355556 0.279085 0.024242
0 0.779085 0.355556 0.347712 0.024242
0 0.194444 0.441414 0.262418 0.024242
0 0.465359 0.441414 0.279085 0.024242
0 0.779085 0.441414 0.347712 0.024242
0 0.194444 0.524747 0.262418 0.024242
0 0.465359 0.524747 0.279085 0.024242
0 0.779085 0.524747 0.347712 0.024242
0 0.291830 0.640404 0.456863 0.024242
0 0.736275 0.640404 0.432353 0.024242
0 0.291830 0.750253 0.456863 0.024242
0 0.736275 0.750253 0.432353 0.024242
0 0.291830 0.814141 0.456863 0.024242
0 0.736275 0.814141 0.432353 0.024242
