0 0.232449 0.082937 0.336580 0.021863
0 0.561639 0.082937 0.321465 0.021863
0 0.837084 0.082937 0.229090 0.021863
0 0.232449 0.155418 0.336580 0.021863
0 0.561639 0.155418 0.321465 0.021863
0 0.837084 0.155418 0.229090 0.021863
0 0.232449 0.217918 0.336580 0.021863
0 0.561639 0.217918 0.321465 0.021863
0 0.837084 0.217918 0.229090 0.021863
0 0.189117 0.307747 0.249916 0.021863
0 0.399059 0.307747 0.169970 0.021863
0 0.587840 0.307747 0.206920 0.021863
0 0.821297 0.307747 0.259993 0.021863
0 0.189117 0.376901 0.249916 0.021863
0 0.399059 0.376901 0.169970 0.021863
0 0.587840 0.376901 0.206920 0.021863
0 0.821297 0.376901 0.259993 0.021863
0 0.189117 0.434886 0.249916 0.021863
0 0.399059 0.434886 0.169970 0.021863
0 0.587840 0.434886 0.206920 0.021863
0 0.821297 0.434886 0.259993 0.021863
0 0.249580 0.524477 0.370843 0.021863
0 0.592879 0.524477 0.315082 0.021863
0 0.850857 0.524477 0.201209 0.021863
0 0.249580 0.593394 0.370843 0.021863
0 0.592879 0.593394 0.315082 0.021863
0 0.850857 0.593394 0.201209 0.021863
0 0.249580 0.651854 0.370843 0.021863
0 0.592879 0.651854 0.315082 0.021863
0 0.850857 0.651854 0.201209 0.021863
0 0.243198 0.741445 0.358415 0.021863
0 0.555593 0.741445 0.265704 0.021863
0 0.820289 0.741445 0.262681 0.021863
0 0.243198 0.818916 0.358415 0.021863
0 0.555593 0.818916 0.265704 0.021863
0 0.820289 0.818916 0.262681 0.021863
0 0.243198 0.882605 0.358415 0.021863
0 0.555593 0.882605 0.265704 0.021863
0 0.820289 0.882605 0.262681 0.021863
