0 0.197178 0.078660 0.268727 0.020200
0 0.402083 0.078660 0.140746 0.020200
0 0.546859 0.078660 0.148472 0.020200
0 0.700369 0.078660 0.157877 0.020200
0 0.865301 0.078660 0.172321 0.020200
0 0.197178 0.136169 0.268727 0.020200
0 0.402083 0.136169 0.140746 0.020200
0 0.546859 0.136169 0.148472 0.020200
0 0.700369 0.136169 0.157877 0.020200
0 0.865301 0.136169 0.172321 0.020200
0 0.197178 0.202471 0.268727 0.020200
0 0.402083 0.202471 0.140746 0.020200
0 0.546859 0.202471 0.148472 0.020200
0 0.700369 0.202471 0.157877 0.020200
0 0.865301 0.202471 0.172321 0.020200
0 0.149815 0.323907 0.174001 0.020200
0 0.321800 0.323907 0.169634 0.020200
0 0.466241 0.323907 0.119248 0.020200
0 0.581794 0.323907 0.110850 0.020200
0 0.709775 0.323907 0.145448 0.020200
0 0.866980 0.323907 0.168626 0.020200
0 0.149815 0.397338 0.174001 0.020200
0 0.321800 0.397338 0.169634 0.020200
0 0.466241 0.397338 0.119248 0.020200
0 0.581794 0.397338 0.110850 0.020200
0 0.709775 0.397338 0.145448 0.020200
0 0.866980 0.397338 0.168626 0.020200
0 0.149815 0.468394 0.174001 0.020200
0 0.321800 0.468394 0.169634 0.020200
0 0.466241 0.468394 0.119248 0.020200
0 0.581794 0.468394 0.110850 0.020200
0 0.709775 0.468394 0.145448 0.020200
0 0.866980 0.468394 0.168626 0.020200
0 0.197850 0.589591 0.270406 0.020200
0 0.446758 0.589591 0.227074 0.020200
0 0.658045 0.589591 0.194827 0.020200
0 0.853544 0.589591 0.196171 0.020200
0 0.197850 0.656606 0.270406 0.020200
0 0.446758 0.656606 0.227074 0.020200
0 0.658045 0.656606 0.194827 0.020200
0 0.853544 0.656606 0.196171 0.020200
0 0.197850 0.727662 0.270406 0.020200
0 0.446758 0.727662 0.227074 0.020200
0 0.658045 0.727662 0.194827 0.020200
0 0.853544 0.727662 0.196171 0.020200
