0 0.307190 0.090152 0.487582 0.024242
0 0.751961 0.090152 0.401961 0.024242
0 0.307190 0.195707 0.487582 0.024242
0 0.751961 0.195707 0.401961 0.024242
0 0.307190 0.259596 0.487582 0.024242
0 0.751961 0.259596 0.401961 0.024242
0 0.233660 0.375253 0.340850 0.024242
0 0.508497 0.375253 0.208497 0.024242
0 0.782680 0.375253 0.339869 0.024242
0 0.233660 0.468182 0.340850 0.024242
0 0.508497 0.468182 0.208497 0.024242
0 0.782680 0.468182 0.339869 0.024242
0 0.233660 0.532071 0.340850 0.024242
0 0.508497 0.532071 0.208497 0.024242
0 0.782680 0.532071 0.339869 0.024242
0 0.299020 0.647727 0.471569 0.024242
0 0.743791 0.647727 0.417647 0.024242
0 0.299020 0.732071 0.471569 0.024242
0 0.743791 0.732071 0.417647 0.024242
0 0.299020 0.816667 0.471569 0.024242
0 0.743791 0.816667 0.417647 0.024242
