0 0.223203 0.090152 0.319608 0.024242
0 0.527778 0.090152 0.289869 0.024242
0 0.812745 0.090152 0.279412 0.024242
0 0.223203 0.165152 0.319608 0.024242
0 0.527778 0.165152 0.289869 0.024242
0 0.812745 0.165152 0.279412 0.024242
0 0.223203 0.251515 0.319608 0.024242
0 0.527778 0.251515 0.289869 0.024242
0 0.812745 0.251515 0.279412 0.024242
0 0.230719 0.367172 0.334967 0.024242
0 0.516667 0.367172 0.236601 0.024242
0 0.793791 0.367172 0.317320 0.024242
0 0.230719 0.447475 0.334967 0.024242
0 0.516667 0.447475 0.236601 0.024242
0 0.793791 0.447475 0.317320 0.024242
0 0.230719 0.537121 0.334967 0.024242
0 0.516667 0.537121 0.236601 0.024242
0 0.793791 0.537121 0.317320 0.024242
0 0.244444 0.652778 0.362418 0.024242
0 0.559477 0.652778 0.267647 0.024242
0 0.822876 0.652778 0.259150 0.024242
0 0.244444 0.726515 0.362418 0.024242
0 0.559477 0.726515 0.267647 0.024242
0 0.822876 0.726515 0.259150 0.024242
0 0.244444 0.817424 0.362418 0.024242
0 0.559477 0.817424 0.267647 0.024242
0 0.822876 0.817424 0.259150 0.024242
