0 0.206920 0.086740 0.282163 0.023764
0 0.462210 0.086740 0.228418 0.023764
0 0.763856 0.086740 0.374874 0.023764
0 0.206920 0.152804 0.282163 0.023764
0 0.462210 0.152804 0.228418 0.023764
0 0.763856 0.152804 0.374874 0.023764
0 0.206920 0.215067 0.282163 0.023764
0 0.462210 0.215067 0.228418 0.023764
0 0.763856 0.215067 0.374874 0.023764
0 0.240175 0.311549 0.348673 0.023764
0 0.548539 0.311549 0.268391 0.023764
0 0.816930 0.311549 0.268391 0.023764
0 0.240175 0.374049 0.348673 0.023764
0 0.548539 0.374049 0.268391 0.023764
0 0.816930 0.374049 0.268391 0.023764
0 0.240175 0.436312 0.348673 0.023764
0 0.548539 0.436312 0.268391 0.023764
0 0.816930 0.436312 0.268391 0.023764
0 0.240175 0.532795 0.348673 0.023764
0 0.548539 0.532795 0.268391 0.023764
0 0.816930 0.532795 0.268391 0.023764
0 0.240175 0.595295 0.348673 0.023764
0 0.548539 0.595295 0.268391 0.023764
0 0.816930 0.595295 0.268391 0.023764
0 0.240175 0.657557 0.348673 0.023764
0 0.548539 0.657557 0.268391 0.023764
0 0.816930 0.657557 0.268391 0.023764
0 0.205576 0.754040 0.279476 0.023764
0 0.445079 0.754040 0.199530 0.023764
0 0.644945 0.754040 0.199530 0.023764
0 0.848169 0.754040 0.206920 0.023764
0 0.205576 0.816540 0.279476 0.023764
0 0.445079 0.816540 0.199530 0.023764
0 0.644945 0.816540 0.199530 0.023764
0 0.848169 0.816540 0.206920 0.023764
0 0.205576 0.878802 0.279476 0.023764
0 0.445079 0.878802 0.199530 0.023764
0 0.644945 0.878802 0.199530 0.023764
0 0.848169 0.878802 0.206920 0.023764
