0 0.295752 0.090152 0.465033 0.024242
0 0.740850 0.090152 0.424183 0.024242
0 0.295752 0.158838 0.465033 0.024242
0 0.740850 0.158838 0.424183 0.024242
0 0.295752 0.246970 0.465033 0.024242
0 0.740850 0.246970 0.424183 0.024242
0 0.244444 0.362626 0.362418 0.024242
0 0.548039 0.362626 0.244444 0.024242
0 0.811765 0.362626 0.282353 0.024242
0 0.244444 0.480808 0.362418 0.024242
0 0.548039 0.480808 0.244444 0.024242
0 0.811765 0.480808 0.282353 0.024242
0 0.244444 0.561616 0.362418 0.024242
0 0.548039 0.561616 0.244444 0.024242
0 0.811765 0.561616 0.282353 0.024242
0 0.233660 0.677273 0.340523 0.024242
0 0.526471 0.677273 0.245425 0.024242
0 0.800980 0.677273 0.303268 0.024242
0 0.233660 0.759091 0.340523 0.024242
0 0.526471 0.759091 0.245425 0.024242
0 0.800980 0.759091 0.303268 0.024242
0 0.233660 0.828283 0.340523 0.024242
0 0.526471 0.828283 0.245425 0.024242
0 0.800980 0.828283 0.303268 0.024242
