0 0.159893 0.158270 0.116560 0.017348
0 0.316762 0.158270 0.196171 0.017348
0 0.512261 0.158270 0.195163 0.017348
0 0.713134 0.158270 0.205912 0.017348
0 0.884112 0.158270 0.135035 0.017348
0 0.159893 0.249287 0.116560 0.017348
0 0.316762 0.249287 0.196171 0.017348
0 0.512261 0.249287 0.195163 0.017348
0 0.713134 0.249287 0.205912 0.017348
0 0.884112 0.249287 0.135035 0.017348
0 0.159893 0.309173 0.116560 0.017348
0 0.316762 0.309173 0.196171 0.017348
0 0.512261 0.309173 0.195163 0.017348
0 0.713134 0.309173 0.205912 0.017348
0 0.884112 0.309173 0.135035 0.017348
0 0.172657 0.368108 0.224051 0.017348
0 0.368828 0.368108 0.167954 0.017348
0 0.543500 0.368108 0.181055 0.017348
0 0.706080 0.368108 0.143097 0.017348
0 0.864629 0.368108 0.174001 0.017348
0 0.172657 0.459363 0.224051 0.017348
0 0.368828 0.459363 0.167954 0.017348
0 0.543500 0.459363 0.181055 0.017348
0 0.706080 0.459363 0.143097 0.017348
0 0.864629 0.459363 0.174001 0.017348
0 0.172657 0.505228 0.224051 0.017348
0 0.368828 0.505228 0.167954 0.017348
0 0.543500 0.505228 0.181055 0.017348
0 0.706080 0.505228 0.143097 0.017348
0 0.864629 0.505228 0.174001 0.017348
0 0.174337 0.564401 0.227074 0.017348
0 0.370843 0.564401 0.165939 0.017348
0 0.516963 0.564401 0.125966 0.017348
0 0.675176 0.564401 0.190124 0.017348
0 0.860934 0.564401 0.181391 0.017348
0 0.174337 0.653042 0.227074 0.017348
0 0.370843 0.653042 0.165939 0.017348
0 0.516963 0.653042 0.125966 0.017348
0 0.675176 0.653042 0.190124 0.017348
0 0.860934 0.653042 0.181391 0.017348
0 0.174337 0.699144 0.227074 0.017348
0 0.370843 0.699144 0.165939 0.017348
0 0.516963 0.699144 0.125966 0.017348
0 0.675176 0.699144 0.190124 0.017348
0 0.860934 0.699144 0.181391 0.017348
0 0.176352 0.758080 0.231441 0.017348
0 0.361438 0.758080 0.138394 0.017348
0 0.490091 0.758080 0.119248 0.017348
0 0.629157 0.758080 0.158213 0.017348
0 0.774269 0.758080 0.131340 0.017348
0 0.892845 0.758080 0.105475 0.017348
0 0.176352 0.846958 0.231441 0.017348
0 0.361438 0.846958 0.138394 0.017348
0 0.490091 0.846958 0.119248 0.017348
0 0.629157 0.846958 0.158213 0.017348
0 0.774269 0.846958 0.131340 0.017348
0 0.892845 0.846958 0.105475 0.017348
0 0.176352 0.892823 0.231441 0.017348
0 0.361438 0.892823 0.138394 0.017348
0 0.490091 0.892823 0.119248 0.017348
0 0.629157 0.892823 0.158213 0.017348
0 0.774269 0.892823 0.131340 0.017348
0 0.892845 0.892823 0.105475 0.017348
