0 0.209271 0.159696 0.210615 0.018298
0 0.489083 0.159696 0.348673 0.018298
0 0.807524 0.159696 0.288210 0.018298
0 0.209271 0.265922 0.210615 0.018298
0 0.489083 0.265922 0.348673 0.018298
0 0.807524 0.265922 0.288210 0.018298
0 0.209271 0.322006 0.210615 0.018298
0 0.489083 0.322006 0.348673 0.018298
0 0.807524 0.322006 0.288210 0.018298
0 0.194155 0.451046 0.265704 0.018298
0 0.433322 0.451046 0.212294 0.018298
0 0.633860 0.451046 0.188781 0.018298
0 0.840107 0.451046 0.223043 0.018298
0 0.194155 0.558935 0.265704 0.018298
0 0.433322 0.558935 0.212294 0.018298
0 0.633860 0.558935 0.188781 0.018298
0 0.840107 0.558935 0.223043 0.018298
0 0.194155 0.615019 0.265704 0.018298
0 0.433322 0.615019 0.212294 0.018298
0 0.633860 0.615019 0.188781 0.018298
0 0.840107 0.615019 0.223043 0.018298
0 0.174001 0.743821 0.225059 0.018298
0 0.381256 0.743821 0.189788 0.018298
0 0.674169 0.743821 0.396036 0.018298
0 0.908969 0.743821 0.072892 0.018298
0 0.174001 0.842681 0.225059 0.018298
0 0.381256 0.842681 0.189788 0.018298
0 0.674169 0.842681 0.396036 0.018298
0 0.908969 0.842681 0.072892 0.018298
0 0.174001 0.890922 0.225059 0.018298
0 0.381256 0.890922 0.189788 0.018298
0 0.674169 0.890922 0.396036 0.018298
0 0.908969 0.890922 0.072892 0.018298
