0 0.200537 0.092443 0.239503 0.018774
0 0.438025 0.092443 0.235136 0.018774
0 0.662748 0.092443 0.213638 0.018774
0 0.872691 0.092443 0.205576 0.018774
0 0.200537 0.154943 0.239503 0.018774
0 0.438025 0.154943 0.235136 0.018774
0 0.662748 0.154943 0.213638 0.018774
0 0.872691 0.154943 0.205576 0.018774
0 0.200537 0.207462 0.239503 0.018774
0 0.438025 0.207462 0.235136 0.018774
0 0.662748 0.207462 0.213638 0.018774
0 0.872691 0.207462 0.205576 0.018774
0 0.209271 0.320817 0.256970 0.018774
0 0.439704 0.320817 0.203561 0.018774
0 0.656030 0.320817 0.228418 0.018774
0 0.872691 0.320817 0.205240 0.018774
0 0.209271 0.378089 0.256970 0.018774
0 0.439704 0.378089 0.203561 0.018774
0 0.656030 0.378089 0.228418 0.018774
0 0.872691 0.378089 0.205240 0.018774
0 0.209271 0.427757 0.256970 0.018774
0 0.439704 0.427757 0.203561 0.018774
0 0.656030 0.427757 0.228418 0.018774
0 0.872691 0.427757 0.205240 0.018774
0 0.213974 0.540875 0.266040 0.018774
0 0.457843 0.540875 0.221028 0.018774
0 0.687269 0.540875 0.238159 0.018774
0 0.891166 0.540875 0.168626 0.018774
0 0.213974 0.603612 0.266040 0.018774
0 0.457843 0.603612 0.221028 0.018774
0 0.687269 0.603612 0.238159 0.018774
0 0.891166 0.603612 0.168626 0.018774
0 0.213974 0.653042 0.266040 0.018774
0 0.457843 0.653042 0.221028 0.018774
0 0.687269 0.653042 0.238159 0.018774
0 0.891166 0.653042 0.168626 0.018774
0 0.241182 0.766160 0.320457 0.018774
0 0.537118 0.766160 0.271078 0.018774
0 0.771918 0.766160 0.197514 0.018774
0 0.920054 0.766160 0.098757 0.018774
0 0.241182 0.829373 0.320457 0.018774
0 0.537118 0.829373 0.271078 0.018774
0 0.771918 0.829373 0.197514 0.018774
0 0.920054 0.829373 0.098757 0.018774
0 0.241182 0.878802 0.320457 0.018774
0 0.537118 0.878802 0.271078 0.018774
0 0.771918 0.878802 0.197514 0.018774
0 0.920054 0.878802 0.098757 0.018774
