0 0.324488 0.081749 0.521330 0.021388
0 0.768559 0.081749 0.366140 0.021388
0 0.324488 0.149240 0.521330 0.021388
0 0.768559 0.149240 0.366140 0.021388
0 0.324488 0.205798 0.521330 0.021388
0 0.768559 0.205798 0.366140 0.021388
0 0.247565 0.310599 0.367484 0.021388
0 0.554585 0.310599 0.246221 0.021388
0 0.814578 0.310599 0.273430 0.021388
0 0.247565 0.375238 0.367484 0.021388
0 0.554585 0.375238 0.246221 0.021388
0 0.814578 0.375238 0.273430 0.021388
0 0.247565 0.431797 0.367484 0.021388
0 0.554585 0.431797 0.246221 0.021388
0 0.814578 0.431797 0.273430 0.021388
0 0.301646 0.536597 0.475647 0.021388
0 0.745381 0.536597 0.411824 0.021388
0 0.301646 0.601236 0.475647 0.021388
0 0.745381 0.601236 0.411824 0.021388
0 0.301646 0.657795 0.475647 0.021388
0 0.745381 0.657795 0.411824 0.021388
0 0.300638 0.762595 0.473631 0.021388
0 0.744709 0.762595 0.413839 0.021388
0 0.300638 0.827234 0.473631 0.021388
0 0.744709 0.827234 0.413839 0.021388
0 0.300638 0.883793 0.473631 0.021388
0 0.744709 0.883793 0.413839 0.021388
