0 0.204568 0.247386 0.135371 0.021388
0 0.382600 0.247386 0.219684 0.021388
0 0.605979 0.247386 0.227074 0.021388
0 0.835741 0.247386 0.231777 0.021388
0 0.204568 0.304183 0.135371 0.021388
0 0.382600 0.304183 0.219684 0.021388
0 0.605979 0.304183 0.227074 0.021388
0 0.835741 0.304183 0.231777 0.021388
0 0.204568 0.378089 0.135371 0.021388
0 0.382600 0.378089 0.219684 0.021388
0 0.605979 0.378089 0.227074 0.021388
0 0.835741 0.378089 0.231777 0.021388
0 0.175344 0.500475 0.223379 0.021388
0 0.382936 0.500475 0.191468 0.021388
0 0.584817 0.500475 0.211622 0.021388
0 0.820961 0.500475 0.261001 0.021388
0 0.175344 0.566778 0.223379 0.021388
0 0.382936 0.566778 0.191468 0.021388
0 0.584817 0.566778 0.211622 0.021388
0 0.820961 0.566778 0.261001 0.021388
0 0.175344 0.631416 0.223379 0.021388
0 0.382936 0.631416 0.191468 0.021388
0 0.584817 0.631416 0.211622 0.021388
0 0.820961 0.631416 0.261001 0.021388
0 0.223379 0.754040 0.319113 0.021388
0 0.534767 0.754040 0.303325 0.021388
0 0.818945 0.754040 0.265032 0.021388
0 0.223379 0.819154 0.319113 0.021388
0 0.534767 0.819154 0.303325 0.021388
0 0.818945 0.819154 0.265032 0.021388
0 0.223379 0.883793 0.319113 0.021388
0 0.534767 0.883793 0.303325 0.021388
0 0.818945 0.883793 0.265032 0.021388
