0 0.188445 0.078660 0.260329 0.020200
0 0.437017 0.078660 0.235808 0.020200
0 0.645616 0.078660 0.180719 0.020200
0 0.843802 0.078660 0.215317 0.020200
0 0.188445 0.138070 0.260329 0.020200
0 0.437017 0.138070 0.235808 0.020200
0 0.645616 0.138070 0.180719 0.020200
0 0.843802 0.138070 0.215317 0.020200
0 0.188445 0.196293 0.260329 0.020200
0 0.437017 0.196293 0.235808 0.020200
0 0.645616 0.196293 0.180719 0.020200
0 0.843802 0.196293 0.215317 0.020200
0 0.186093 0.298241 0.255626 0.020200
0 0.419214 0.298241 0.210615 0.020200
0 0.622439 0.298241 0.194827 0.020200
0 0.835741 0.298241 0.231777 0.020200
0 0.186093 0.377376 0.255626 0.020200
0 0.419214 0.377376 0.210615 0.020200
0 0.622439 0.377376 0.194827 0.020200
0 0.835741 0.377376 0.231777 0.020200
0 0.186093 0.435361 0.255626 0.020200
0 0.419214 0.435361 0.210615 0.020200
0 0.622439 0.435361 0.194827 0.020200
0 0.835741 0.435361 0.231777 0.020200
0 0.210615 0.537310 0.304669 0.020200
0 0.476654 0.537310 0.226402 0.020200
0 0.691636 0.537310 0.202889 0.020200
0 0.872355 0.537310 0.158213 0.020200
0 0.210615 0.603375 0.304669 0.020200
0 0.476654 0.603375 0.226402 0.020200
0 0.691636 0.603375 0.202889 0.020200
0 0.872355 0.603375 0.158213 0.020200
0 0.210615 0.661359 0.304669 0.020200
0 0.476654 0.661359 0.226402 0.020200
0 0.691636 0.661359 0.202889 0.020200
0 0.872355 0.661359 0.158213 0.020200
0 0.187773 0.763308 0.258986 0.020200
0 0.425596 0.763308 0.215653 0.020200
0 0.623446 0.763308 0.180047 0.020200
0 0.832382 0.763308 0.238159 0.020200
0 0.187773 0.828660 0.258986 0.020200
0 0.425596 0.828660 0.215653 0.020200
0 0.623446 0.828660 0.180047 0.020200
0 0.832382 0.828660 0.238159 0.020200
0 0.187773 0.886644 0.258986 0.020200
0 0.425596 0.886644 0.215653 0.020200
0 0.623446 0.886644 0.180047 0.020200
0 0.832382 0.886644 0.238159 0.020200
