0 0.544172 0.279705 0.814578 0.021388
0 0.544172 0.357890 0.814578 0.021388
0 0.544172 0.419914 0.814578 0.021388
0 0.303325 0.511882 0.479006 0.021388
0 0.747061 0.511882 0.408129 0.021388
0 0.303325 0.589829 0.479006 0.021388
0 0.747061 0.589829 0.408129 0.021388
0 0.303325 0.651854 0.479006 0.021388
0 0.747061 0.651854 0.408129 0.021388
0 0.303325 0.743821 0.479006 0.021388
0 0.747397 0.743821 0.408465 0.021388
0 0.303325 0.821768 0.479006 0.021388
0 0.747397 0.821768 0.408465 0.021388
0 0.303325 0.883793 0.479006 0.021388
0 0.747397 0.883793 0.408465 0.021388
