0 0.589856 0.256892 0.723211 0.021388
0 0.589856 0.318916 0.723211 0.021388
0 0.589856 0.389021 0.723211 0.021388
0 0.292241 0.485979 0.456836 0.021388
0 0.736312 0.485979 0.430635 0.021388
0 0.292241 0.548004 0.456836 0.021388
0 0.736312 0.548004 0.430635 0.021388
0 0.292241 0.617871 0.456836 0.021388
0 0.736312 0.617871 0.430635 0.021388
0 0.299966 0.715067 0.472623 0.021388
0 0.744038 0.715067 0.414847 0.021388
0 0.299966 0.776854 0.472623 0.021388
0 0.744038 0.776854 0.414847 0.021388
0 0.299966 0.846958 0.472623 0.021388
0 0.744038 0.846958 0.414847 0.021388
