0 0.243870 0.098622 0.322136 0.021388
0 0.517971 0.098622 0.225059 0.021388
0 0.788378 0.098622 0.315082 0.021388
0 0.243870 0.170865 0.322136 0.021388
0 0.517971 0.170865 0.225059 0.021388
0 0.788378 0.170865 0.315082 0.021388
0 0.243870 0.234316 0.322136 0.021388
0 0.517971 0.234316 0.225059 0.021388
0 0.788378 0.234316 0.315082 0.021388
0 0.259321 0.319629 0.353040 0.021388
0 0.567014 0.319629 0.261337 0.021388
0 0.836748 0.319629 0.277461 0.021388
0 0.259321 0.389496 0.353040 0.021388
0 0.567014 0.389496 0.261337 0.021388
0 0.836748 0.389496 0.277461 0.021388
0 0.259321 0.456987 0.353040 0.021388
0 0.567014 0.456987 0.261337 0.021388
0 0.836748 0.456987 0.277461 0.021388
0 0.258986 0.542300 0.352368 0.021388
0 0.566342 0.542300 0.261673 0.021388
0 0.836412 0.542300 0.277461 0.021388
0 0.258986 0.606939 0.352368 0.021388
0 0.566342 0.606939 0.261673 0.021388
0 0.836412 0.606939 0.277461 0.021388
0 0.258986 0.673954 0.352368 0.021388
0 0.566342 0.673954 0.261673 0.021388
0 0.836412 0.673954 0.277461 0.021388
0 0.254619 0.759268 0.343299 0.021388
0 0.558616 0.759268 0.264360 0.021388
0 0.833053 0.759268 0.284179 0.021388
0 0.254619 0.838641 0.343299 0.021388
0 0.558616 0.838641 0.264360 0.021388
0 0.833053 0.838641 0.284179 0.021388
0 0.254619 0.900665 0.343299 0.021388
0 0.558616 0.900665 0.264360 0.021388
0 0.833053 0.900665 0.284179 0.021388
