0 0.212294 0.103850 0.309372 0.020200
0 0.511253 0.103850 0.287874 0.020200
0 0.803493 0.103850 0.295936 0.020200
0 0.212294 0.163736 0.309372 0.020200
0 0.511253 0.163736 0.287874 0.020200
0 0.803493 0.163736 0.295936 0.020200
0 0.212294 0.216730 0.309372 0.020200
0 0.511253 0.216730 0.287874 0.020200
0 0.803493 0.216730 0.295936 0.020200
0 0.213974 0.307985 0.312731 0.020200
0 0.515620 0.307985 0.289553 0.020200
0 0.805845 0.307985 0.291233 0.020200
0 0.213974 0.373337 0.312731 0.020200
0 0.515620 0.373337 0.289553 0.020200
0 0.805845 0.373337 0.291233 0.020200
0 0.213974 0.433222 0.312731 0.020200
0 0.515620 0.433222 0.289553 0.020200
0 0.805845 0.433222 0.291233 0.020200
0 0.228082 0.524477 0.340611 0.020200
0 0.552570 0.524477 0.307692 0.020200
0 0.829023 0.524477 0.245213 0.020200
0 0.228082 0.599810 0.340611 0.020200
0 0.552570 0.599810 0.307692 0.020200
0 0.829023 0.599810 0.245213 0.020200
0 0.228082 0.667538 0.340611 0.020200
0 0.552570 0.667538 0.307692 0.020200
0 0.829023 0.667538 0.245213 0.020200
0 0.176688 0.759030 0.238159 0.020200
0 0.417534 0.759030 0.242526 0.020200
0 0.641921 0.759030 0.206584 0.020200
0 0.848505 0.759030 0.205912 0.020200
0 0.176688 0.822956 0.238159 0.020200
0 0.417534 0.822956 0.242526 0.020200
0 0.641921 0.822956 0.206584 0.020200
0 0.848505 0.822956 0.205912 0.020200
0 0.176688 0.886644 0.238159 0.020200
0 0.417534 0.886644 0.242526 0.020200
0 0.641921 0.886644 0.206584 0.020200
0 0.848505 0.886644 0.205912 0.020200
