0 0.259993 0.098622 0.354048 0.021388
0 0.572388 0.098622 0.270071 0.021388
0 0.841115 0.098622 0.267719 0.021388
0 0.259993 0.168489 0.354048 0.021388
0 0.572388 0.168489 0.270071 0.021388
0 0.841115 0.168489 0.267719 0.021388
0 0.259993 0.230513 0.354048 0.021388
0 0.572388 0.230513 0.270071 0.021388
0 0.841115 0.230513 0.267719 0.021388
0 0.185086 0.318203 0.204232 0.021388
0 0.373194 0.318203 0.171649 0.021388
0 0.544508 0.318203 0.169970 0.021388
0 0.709775 0.318203 0.160564 0.021388
0 0.882432 0.318203 0.185086 0.021388
0 0.185086 0.388308 0.204232 0.021388
0 0.373194 0.388308 0.171649 0.021388
0 0.544508 0.388308 0.169970 0.021388
0 0.709775 0.388308 0.160564 0.021388
0 0.882432 0.388308 0.185086 0.021388
0 0.185086 0.450333 0.204232 0.021388
0 0.373194 0.450333 0.171649 0.021388
0 0.544508 0.450333 0.169970 0.021388
0 0.709775 0.450333 0.160564 0.021388
0 0.882432 0.450333 0.185086 0.021388
0 0.202217 0.538023 0.238831 0.021388
0 0.431979 0.538023 0.219684 0.021388
0 0.648304 0.538023 0.213302 0.021388
0 0.865301 0.538023 0.220020 0.021388
0 0.202217 0.608127 0.238831 0.021388
0 0.431979 0.608127 0.219684 0.021388
0 0.648304 0.608127 0.213302 0.021388
0 0.865301 0.608127 0.220020 0.021388
0 0.202217 0.670152 0.238831 0.021388
0 0.431979 0.670152 0.219684 0.021388
0 0.648304 0.670152 0.213302 0.021388
0 0.865301 0.670152 0.220020 0.021388
0 0.180383 0.757842 0.194827 0.021388
0 0.375882 0.757842 0.195499 0.021388
0 0.602956 0.757842 0.258986 0.021388
0 0.853880 0.757842 0.242526 0.021388
0 0.180383 0.838641 0.194827 0.021388
0 0.375882 0.838641 0.195499 0.021388
0 0.602956 0.838641 0.258986 0.021388
0 0.853880 0.838641 0.242526 0.021388
0 0.180383 0.900665 0.194827 0.021388
0 0.375882 0.900665 0.195499 0.021388
0 0.602956 0.900665 0.258986 0.021388
0 0.853880 0.900665 0.242526 0.021388
