0 0.186429 0.204848 0.165603 0.020200
0 0.433658 0.204848 0.328519 0.020200
0 0.774941 0.204848 0.353376 0.020200
0 0.186429 0.263070 0.165603 0.020200
0 0.433658 0.263070 0.328519 0.020200
0 0.774941 0.263070 0.353376 0.020200
0 0.186429 0.321055 0.165603 0.020200
0 0.433658 0.321055 0.328519 0.020200
0 0.774941 0.321055 0.353376 0.020200
0 0.313403 0.389259 0.510245 0.020200
0 0.760161 0.389259 0.382264 0.020200
0 0.313403 0.447243 0.510245 0.020200
0 0.760161 0.447243 0.382264 0.020200
0 0.313403 0.505466 0.510245 0.020200
0 0.760161 0.505466 0.382264 0.020200
0 0.252267 0.573432 0.387974 0.020200
0 0.576419 0.573432 0.259993 0.020200
0 0.829023 0.573432 0.244877 0.020200
0 0.252267 0.631416 0.387974 0.020200
0 0.576419 0.631416 0.259993 0.020200
0 0.829023 0.631416 0.244877 0.020200
0 0.252267 0.689639 0.387974 0.020200
0 0.576419 0.689639 0.259993 0.020200
0 0.829023 0.689639 0.244877 0.020200
0 0.175680 0.757605 0.234464 0.020200
0 0.396372 0.757605 0.206584 0.020200
0 0.626134 0.757605 0.252939 0.020200
0 0.852200 0.757605 0.198522 0.020200
0 0.175680 0.828660 0.234464 0.020200
0 0.396372 0.828660 0.206584 0.020200
0 0.626134 0.828660 0.252939 0.020200
0 0.852200 0.828660 0.198522 0.020200
0 0.175680 0.886644 0.234464 0.020200
0 0.396372 0.886644 0.206584 0.020200
0 0.626134 0.886644 0.252939 0.020200
0 0.852200 0.886644 0.198522 0.020200
