0 0.181055 0.080561 0.246221 0.020913
0 0.386295 0.080561 0.163588 0.020913
0 0.552570 0.080561 0.168626 0.020913
0 0.719516 0.080561 0.165267 0.020913
0 0.876722 0.080561 0.148808 0.020913
0 0.181055 0.146625 0.246221 0.020913
0 0.386295 0.146625 0.163588 0.020913
0 0.552570 0.146625 0.168626 0.020913
0 0.719516 0.146625 0.165267 0.020913
0 0.876722 0.146625 0.148808 0.020913
0 0.181055 0.201759 0.246221 0.020913
0 0.386295 0.201759 0.163588 0.020913
0 0.552570 0.201759 0.168626 0.020913
0 0.719516 0.201759 0.165267 0.020913
0 0.876722 0.201759 0.148808 0.020913
0 0.165603 0.304895 0.214982 0.020913
0 0.354720 0.304895 0.162580 0.020913
0 0.518979 0.304895 0.166275 0.020913
0 0.694995 0.304895 0.185086 0.020913
0 0.869667 0.304895 0.163923 0.020913
0 0.165603 0.371198 0.214982 0.020913
0 0.354720 0.371198 0.162580 0.020913
0 0.518979 0.371198 0.166275 0.020913
0 0.694995 0.371198 0.185086 0.020913
0 0.869667 0.371198 0.163923 0.020913
0 0.165603 0.426331 0.214982 0.020913
0 0.354720 0.426331 0.162580 0.020913
0 0.518979 0.426331 0.166275 0.020913
0 0.694995 0.426331 0.185086 0.020913
0 0.869667 0.426331 0.163923 0.020913
0 0.184414 0.529468 0.252603 0.020913
0 0.395364 0.529468 0.168962 0.020913
0 0.556601 0.529468 0.153510 0.020913
0 0.715149 0.529468 0.162580 0.020913
0 0.873698 0.529468 0.154854 0.020913
0 0.184414 0.597196 0.252603 0.020913
0 0.395364 0.597196 0.168962 0.020913
0 0.556601 0.597196 0.153510 0.020913
0 0.715149 0.597196 0.162580 0.020913
0 0.873698 0.597196 0.154854 0.020913
0 0.184414 0.652567 0.252603 0.020913
0 0.395364 0.652567 0.168962 0.020913
0 0.556601 0.652567 0.153510 0.020913
0 0.715149 0.652567 0.162580 0.020913
0 0.873698 0.652567 0.154854 0.020913
0 0.163588 0.755466 0.210951 0.020913
0 0.319449 0.755466 0.100101 0.020913
0 0.419550 0.755466 0.099765 0.020913
0 0.515956 0.755466 0.092375 0.020913
0 0.622103 0.755466 0.119919 0.020913
0 0.737319 0.755466 0.110514 0.020913
0 0.832382 0.755466 0.078603 0.020913
0 0.908297 0.755466 0.073228 0.020913
0 0.163588 0.829610 0.210951 0.020913
0 0.319449 0.829610 0.100101 0.020913
0 0.419550 0.829610 0.099765 0.020913
0 0.515956 0.829610 0.092375 0.020913
0 0.622103 0.829610 0.119919 0.020913
0 0.737319 0.829610 0.110514 0.020913
0 0.832382 0.829610 0.078603 0.020913
0 0.908297 0.829610 0.073228 0.020913
0 0.163588 0.884743 0.210951 0.020913
0 0.319449 0.884743 0.100101 0.020913
0 0.419550 0.884743 0.099765 0.020913
0 0.515956 0.884743 0.092375 0.020913
0 0.622103 0.884743 0.119919 0.020913
0 0.737319 0.884743 0.110514 0.020913
0 0.832382 0.884743 0.078603 0.020913
0 0.908297 0.884743 0.073228 0.020913
