0 0.350689 0.168251 0.493786 0.020675
0 0.774605 0.168251 0.353712 0.020675
0 0.350689 0.223146 0.493786 0.020675
0 0.774605 0.223146 0.353712 0.020675
0 0.350689 0.277804 0.493786 0.020675
0 0.774605 0.277804 0.353712 0.020675
0 0.326839 0.429420 0.537454 0.020675
0 0.773598 0.429420 0.355391 0.020675
0 0.326839 0.484078 0.537454 0.020675
0 0.773598 0.484078 0.355391 0.020675
0 0.326839 0.538973 0.537454 0.020675
0 0.773598 0.538973 0.355391 0.020675
0 0.233792 0.690352 0.351696 0.020675
0 0.547531 0.690352 0.274773 0.020675
0 0.817938 0.690352 0.266376 0.020675
0 0.233792 0.748337 0.351696 0.020675
0 0.547531 0.748337 0.274773 0.020675
0 0.817938 0.748337 0.266376 0.020675
0 0.233792 0.803232 0.351696 0.020675
0 0.547531 0.803232 0.274773 0.020675
0 0.817938 0.803232 0.266376 0.020675
