0 0.299295 0.082937 0.480685 0.021863
0 0.745717 0.082937 0.411488 0.021863
0 0.299295 0.167063 0.480685 0.021863
0 0.745717 0.167063 0.411488 0.021863
0 0.299295 0.225760 0.480685 0.021863
0 0.745717 0.225760 0.411488 0.021863
0 0.233121 0.302757 0.348001 0.021863
0 0.551898 0.302757 0.289553 0.021863
0 0.824320 0.302757 0.254619 0.021863
0 0.233121 0.390209 0.348001 0.021863
0 0.551898 0.390209 0.289553 0.021863
0 0.824320 0.390209 0.254619 0.021863
0 0.233121 0.464829 0.348001 0.021863
0 0.551898 0.464829 0.289553 0.021863
0 0.824320 0.464829 0.254619 0.021863
0 0.284179 0.541825 0.450118 0.021863
0 0.730265 0.541825 0.442392 0.021863
0 0.284179 0.612643 0.450118 0.021863
0 0.730265 0.612643 0.442392 0.021863
0 0.284179 0.672529 0.450118 0.021863
0 0.730265 0.672529 0.442392 0.021863
0 0.306349 0.749525 0.494458 0.021863
0 0.752435 0.749525 0.398052 0.021863
0 0.306349 0.824382 0.494458 0.021863
0 0.752435 0.824382 0.398052 0.021863
0 0.306349 0.882605 0.494458 0.021863
0 0.752435 0.882605 0.398052 0.021863
