0 0.296943 0.099810 0.427948 0.021863
0 0.743030 0.099810 0.464226 0.021863
0 0.296943 0.164211 0.427948 0.021863
0 0.743030 0.164211 0.464226 0.021863
0 0.296943 0.222196 0.427948 0.021863
0 0.743030 0.222196 0.464226 0.021863
0 0.313739 0.322243 0.461874 0.021863
0 0.760161 0.322243 0.430635 0.021863
0 0.313739 0.386644 0.461874 0.021863
0 0.760161 0.386644 0.430635 0.021863
0 0.313739 0.444629 0.461874 0.021863
0 0.760161 0.444629 0.430635 0.021863
0 0.323816 0.544914 0.482029 0.021863
0 0.770238 0.544914 0.410480 0.021863
0 0.323816 0.613831 0.482029 0.021863
0 0.770238 0.613831 0.410480 0.021863
0 0.323816 0.671816 0.482029 0.021863
0 0.770238 0.671816 0.410480 0.021863
0 0.304333 0.772101 0.443063 0.021863
0 0.750420 0.772101 0.449110 0.021863
0 0.304333 0.838165 0.443063 0.021863
0 0.750420 0.838165 0.449110 0.021863
0 0.304333 0.896388 0.443063 0.021863
0 0.750420 0.896388 0.449110 0.021863
