0 0.176688 0.095532 0.285522 0.020200
0 0.427276 0.095532 0.215653 0.020200
0 0.636883 0.095532 0.203225 0.020200
0 0.833053 0.095532 0.188781 0.020200
0 0.176688 0.158508 0.285522 0.020200
0 0.427276 0.158508 0.215653 0.020200
0 0.636883 0.158508 0.203225 0.020200
0 0.833053 0.158508 0.188781 0.020200
0 0.176688 0.214354 0.285522 0.020200
0 0.427276 0.214354 0.215653 0.020200
0 0.636883 0.214354 0.203225 0.020200
0 0.833053 0.214354 0.188781 0.020200
0 0.178032 0.327947 0.288210 0.020200
0 0.418542 0.327947 0.184078 0.020200
0 0.614041 0.327947 0.207256 0.020200
0 0.822976 0.327947 0.209607 0.020200
0 0.178032 0.390922 0.288210 0.020200
0 0.418542 0.390922 0.184078 0.020200
0 0.614041 0.390922 0.207256 0.020200
0 0.822976 0.390922 0.209607 0.020200
0 0.178032 0.447719 0.288210 0.020200
0 0.418542 0.447719 0.184078 0.020200
0 0.614041 0.447719 0.207256 0.020200
0 0.822976 0.447719 0.209607 0.020200
0 0.183070 0.561312 0.298623 0.020200
0 0.430635 0.561312 0.195835 0.020200
0 0.633524 0.561312 0.209271 0.020200
0 0.833053 0.561312 0.189117 0.020200
0 0.183070 0.624287 0.298623 0.020200
0 0.430635 0.624287 0.195835 0.020200
0 0.633524 0.624287 0.209271 0.020200
0 0.833053 0.624287 0.189117 0.020200
0 0.183070 0.680846 0.298623 0.020200
0 0.430635 0.680846 0.195835 0.020200
0 0.633524 0.680846 0.209271 0.020200
0 0.833053 0.680846 0.189117 0.020200
0 0.151159 0.794439 0.234800 0.020200
0 0.365805 0.794439 0.193819 0.020200
0 0.558952 0.794439 0.192476 0.020200
0 0.755123 0.794439 0.199194 0.020200
0 0.888142 0.794439 0.066510 0.020200
0 0.151159 0.847671 0.234800 0.020200
0 0.365805 0.847671 0.193819 0.020200
0 0.558952 0.847671 0.192476 0.020200
0 0.755123 0.847671 0.199194 0.020200
0 0.888142 0.847671 0.066510 0.020200
0 0.151159 0.903517 0.234800 0.020200
0 0.365805 0.903517 0.193819 0.020200
0 0.558952 0.903517 0.192476 0.020200
0 0.755123 0.903517 0.199194 0.020200
0 0.888142 0.903517 0.066510 0.020200
