0 0.220020 0.083175 0.322136 0.022101
0 0.521330 0.083175 0.280148 0.022101
0 0.806517 0.083175 0.289889 0.022101
0 0.220020 0.143298 0.322136 0.022101
0 0.521330 0.143298 0.280148 0.022101
0 0.806517 0.143298 0.289889 0.022101
0 0.220020 0.203184 0.322136 0.022101
0 0.521330 0.203184 0.280148 0.022101
0 0.806517 0.203184 0.289889 0.022101
0 0.224387 0.290399 0.330870 0.022101
0 0.522338 0.290399 0.264696 0.022101
0 0.802822 0.290399 0.296607 0.022101
0 0.224387 0.354800 0.330870 0.022101
0 0.522338 0.354800 0.264696 0.022101
0 0.802822 0.354800 0.296607 0.022101
0 0.224387 0.413023 0.330870 0.022101
0 0.522338 0.413023 0.264696 0.022101
0 0.802822 0.413023 0.296607 0.022101
0 0.219012 0.500238 0.319785 0.022101
0 0.530064 0.500238 0.302654 0.022101
0 0.816594 0.500238 0.269399 0.022101
0 0.219012 0.588878 0.319785 0.022101
0 0.530064 0.588878 0.302654 0.022101
0 0.816594 0.588878 0.269399 0.022101
0 0.219012 0.647101 0.319785 0.022101
0 0.530064 0.647101 0.302654 0.022101
0 0.816594 0.647101 0.269399 0.022101
0 0.240511 0.734316 0.363117 0.022101
0 0.551898 0.734316 0.259321 0.022101
0 0.812899 0.734316 0.262681 0.022101
0 0.240511 0.818203 0.363117 0.022101
0 0.551898 0.818203 0.259321 0.022101
0 0.812899 0.818203 0.262681 0.022101
0 0.240511 0.882129 0.363117 0.022101
0 0.551898 0.882129 0.259321 0.022101
0 0.812899 0.882129 0.262681 0.022101
