0 0.298623 0.082937 0.481021 0.020913
0 0.745381 0.082937 0.412160 0.020913
0 0.298623 0.156606 0.481021 0.020913
0 0.745381 0.156606 0.412160 0.020913
0 0.298623 0.213403 0.481021 0.020913
0 0.745381 0.213403 0.412160 0.020913
0 0.291905 0.296816 0.467585 0.020913
0 0.738663 0.296816 0.425260 0.020913
0 0.291905 0.373099 0.467585 0.020913
0 0.738663 0.373099 0.425260 0.020913
0 0.291905 0.428470 0.467585 0.020913
0 0.738663 0.428470 0.425260 0.020913
0 0.323816 0.512120 0.531743 0.020913
0 0.770910 0.512120 0.361438 0.020913
0 0.323816 0.591492 0.531743 0.020913
0 0.770910 0.591492 0.361438 0.020913
0 0.323816 0.654943 0.531743 0.020913
0 0.770910 0.654943 0.361438 0.020913
0 0.148472 0.738356 0.180719 0.020913
0 0.306349 0.738356 0.134699 0.020913
0 0.457843 0.738356 0.167954 0.020913
0 0.603292 0.738356 0.122607 0.020913
0 0.725899 0.738356 0.122607 0.020913
0 0.865972 0.738356 0.157541 0.020913
0 0.148472 0.798479 0.180719 0.020913
0 0.306349 0.798479 0.134699 0.020913
0 0.457843 0.798479 0.167954 0.020913
0 0.603292 0.798479 0.122607 0.020913
0 0.725899 0.798479 0.122607 0.020913
0 0.865972 0.798479 0.157541 0.020913
0 0.148472 0.863118 0.180719 0.020913
0 0.306349 0.863118 0.134699 0.020913
0 0.457843 0.863118 0.167954 0.020913
0 0.603292 0.863118 0.122607 0.020913
0 0.725899 0.863118 0.122607 0.020913
0 0.865972 0.863118 0.157541 0.020913
