0 0.232785 0.080561 0.349681 0.020913
0 0.533759 0.080561 0.243534 0.020913
0 0.803493 0.080561 0.295600 0.020913
0 0.232785 0.155656 0.349681 0.020913
0 0.533759 0.155656 0.243534 0.020913
0 0.803493 0.155656 0.295600 0.020913
0 0.232785 0.221245 0.349681 0.020913
0 0.533759 0.221245 0.243534 0.020913
0 0.803493 0.221245 0.295600 0.020913
0 0.201209 0.304183 0.286530 0.020913
0 0.490763 0.304183 0.291569 0.020913
0 0.783003 0.304183 0.293248 0.020913
0 0.201209 0.379515 0.286530 0.020913
0 0.490763 0.379515 0.291569 0.020913
0 0.783003 0.379515 0.293248 0.020913
0 0.201209 0.434648 0.286530 0.020913
0 0.490763 0.434648 0.291569 0.020913
0 0.783003 0.434648 0.293248 0.020913
0 0.232785 0.517823 0.349345 0.020913
0 0.545852 0.517823 0.276117 0.020913
0 0.817938 0.517823 0.267383 0.020913
0 0.232785 0.600048 0.349345 0.020913
0 0.545852 0.600048 0.276117 0.020913
0 0.817938 0.600048 0.267383 0.020913
0 0.232785 0.679895 0.349345 0.020913
0 0.545852 0.679895 0.276117 0.020913
0 0.817938 0.679895 0.267383 0.020913
0 0.174337 0.762833 0.232449 0.020913
0 0.380249 0.762833 0.178703 0.020913
0 0.541821 0.762833 0.144777 0.020913
0 0.691300 0.762833 0.153174 0.020913
0 0.849177 0.762833 0.162916 0.020913
0 0.174337 0.827709 0.232449 0.020913
0 0.380249 0.827709 0.178703 0.020913
0 0.541821 0.827709 0.144777 0.020913
0 0.691300 0.827709 0.153174 0.020913
0 0.849177 0.827709 0.162916 0.020913
0 0.174337 0.884743 0.232449 0.020913
0 0.380249 0.884743 0.178703 0.020913
0 0.541821 0.884743 0.144777 0.020913
0 0.691300 0.884743 0.153174 0.020913
0 0.849177 0.884743 0.162916 0.020913
