0 0.190796 0.078660 0.266376 0.020200
0 0.431979 0.078660 0.215989 0.020200
0 0.654350 0.078660 0.228082 0.020200
0 0.859926 0.078660 0.183070 0.020200
0 0.190796 0.171103 0.266376 0.020200
0 0.431979 0.171103 0.215989 0.020200
0 0.654350 0.171103 0.228082 0.020200
0 0.859926 0.171103 0.183070 0.020200
0 0.190796 0.224097 0.266376 0.020200
0 0.431979 0.224097 0.215989 0.020200
0 0.654350 0.224097 0.228082 0.020200
0 0.859926 0.224097 0.183070 0.020200
0 0.195163 0.303470 0.275109 0.020200
0 0.441048 0.303470 0.215653 0.020200
0 0.645952 0.303470 0.194491 0.020200
0 0.847162 0.303470 0.207927 0.020200
0 0.195163 0.398764 0.275109 0.020200
0 0.441048 0.398764 0.215653 0.020200
0 0.645952 0.398764 0.194491 0.020200
0 0.847162 0.398764 0.207927 0.020200
0 0.195163 0.451759 0.275109 0.020200
0 0.441048 0.451759 0.215653 0.020200
0 0.645952 0.451759 0.194491 0.020200
0 0.847162 0.451759 0.207927 0.020200
0 0.184414 0.531369 0.253611 0.020200
0 0.418206 0.531369 0.212966 0.020200
0 0.636883 0.531369 0.224723 0.020200
0 0.850521 0.531369 0.201881 0.020200
0 0.184414 0.613356 0.253611 0.020200
0 0.418206 0.613356 0.212966 0.020200
0 0.636883 0.613356 0.224723 0.020200
0 0.850521 0.613356 0.201881 0.020200
0 0.184414 0.666587 0.253611 0.020200
0 0.418206 0.666587 0.212966 0.020200
0 0.636883 0.666587 0.224723 0.020200
0 0.850521 0.666587 0.201881 0.020200
0 0.184078 0.745960 0.252603 0.020200
0 0.421229 0.745960 0.221028 0.020200
0 0.633524 0.745960 0.202889 0.020200
0 0.843467 0.745960 0.216325 0.020200
0 0.184078 0.833650 0.252603 0.020200
0 0.421229 0.833650 0.221028 0.020200
0 0.633524 0.833650 0.202889 0.020200
0 0.843467 0.833650 0.216325 0.020200
0 0.184078 0.886644 0.252603 0.020200
0 0.421229 0.886644 0.221028 0.020200
0 0.633524 0.886644 0.202889 0.020200
0 0.843467 0.886644 0.216325 0.020200
