0 0.241854 0.092443 0.321800 0.018774
0 0.541485 0.092443 0.277461 0.018774
0 0.828015 0.092443 0.294928 0.018774
0 0.241854 0.158745 0.321800 0.018774
0 0.541485 0.158745 0.277461 0.018774
0 0.828015 0.158745 0.294928 0.018774
0 0.241854 0.219106 0.321800 0.018774
0 0.541485 0.219106 0.277461 0.018774
0 0.828015 0.219106 0.294928 0.018774
0 0.258314 0.321768 0.354720 0.018774
0 0.563655 0.321768 0.256298 0.018774
0 0.833725 0.321768 0.283171 0.018774
0 0.258314 0.388070 0.354720 0.018774
0 0.563655 0.388070 0.256298 0.018774
0 0.833725 0.388070 0.283171 0.018774
0 0.258314 0.450808 0.354720 0.018774
0 0.563655 0.450808 0.256298 0.018774
0 0.833725 0.450808 0.283171 0.018774
0 0.239839 0.553707 0.317770 0.018774
0 0.550890 0.553707 0.303661 0.018774
0 0.838764 0.553707 0.272422 0.018774
0 0.239839 0.626663 0.317770 0.018774
0 0.550890 0.626663 0.303661 0.018774
0 0.838764 0.626663 0.272422 0.018774
0 0.239839 0.692490 0.317770 0.018774
0 0.550890 0.692490 0.303661 0.018774
0 0.838764 0.692490 0.272422 0.018774
0 0.239503 0.795152 0.317434 0.018774
0 0.533423 0.795152 0.270406 0.018774
0 0.778972 0.795152 0.220356 0.018774
0 0.929459 0.795152 0.079946 0.018774
0 0.239503 0.857177 0.317434 0.018774
0 0.533423 0.857177 0.270406 0.018774
0 0.778972 0.857177 0.220356 0.018774
0 0.929459 0.857177 0.079946 0.018774
0 0.239503 0.906606 0.317434 0.018774
0 0.533423 0.906606 0.270406 0.018774
0 0.778972 0.906606 0.220356 0.018774
0 0.929459 0.906606 0.079946 0.018774
