0 0.145113 0.078660 0.164595 0.020200
0 0.292912 0.078660 0.130668 0.020200
0 0.436681 0.078660 0.156533 0.020200
0 0.584481 0.078660 0.138730 0.020200
0 0.730265 0.078660 0.152503 0.020200
0 0.879073 0.078660 0.144777 0.020200
0 0.145113 0.161122 0.164595 0.020200
0 0.292912 0.161122 0.130668 0.020200
0 0.436681 0.161122 0.156533 0.020200
0 0.584481 0.161122 0.138730 0.020200
0 0.730265 0.161122 0.152503 0.020200
0 0.879073 0.161122 0.144777 0.020200
0 0.145113 0.228137 0.164595 0.020200
0 0.292912 0.228137 0.130668 0.020200
0 0.436681 0.228137 0.156533 0.020200
0 0.584481 0.228137 0.138730 0.020200
0 0.730265 0.228137 0.152503 0.020200
0 0.879073 0.228137 0.144777 0.020200
0 0.153510 0.429183 0.181727 0.020200
0 0.298287 0.429183 0.107827 0.020200
0 0.422237 0.429183 0.139402 0.020200
0 0.561639 0.429183 0.139066 0.020200
0 0.709439 0.429183 0.155862 0.020200
0 0.869667 0.429183 0.163923 0.020200
0 0.153510 0.500713 0.181727 0.020200
0 0.298287 0.500713 0.107827 0.020200
0 0.422237 0.500713 0.139402 0.020200
0 0.561639 0.500713 0.139066 0.020200
0 0.709439 0.500713 0.155862 0.020200
0 0.869667 0.500713 0.163923 0.020200
0 0.153510 0.562738 0.181727 0.020200
0 0.298287 0.562738 0.107827 0.020200
0 0.422237 0.562738 0.139402 0.020200
0 0.561639 0.562738 0.139066 0.020200
0 0.709439 0.562738 0.155862 0.020200
0 0.869667 0.562738 0.163923 0.020200
0 0.163923 0.763783 0.202553 0.020200
0 0.331206 0.763783 0.131004 0.020200
0 0.497481 0.763783 0.201881 0.020200
0 0.669802 0.763783 0.141753 0.020200
0 0.798119 0.763783 0.114881 0.020200
0 0.900235 0.763783 0.089688 0.020200
0 0.163923 0.831036 0.202553 0.020200
0 0.331206 0.831036 0.131004 0.020200
0 0.497481 0.831036 0.201881 0.020200
0 0.669802 0.831036 0.141753 0.020200
0 0.798119 0.831036 0.114881 0.020200
0 0.900235 0.831036 0.089688 0.020200
0 0.163923 0.884030 0.202553 0.020200
0 0.331206 0.884030 0.131004 0.020200
0 0.497481 0.884030 0.201881 0.020200
0 0.669802 0.884030 0.141753 0.020200
0 0.798119 0.884030 0.114881 0.020200
0 0.900235 0.884030 0.089688 0.020200
