0 0.250924 0.100048 0.335909 0.022101
0 0.554249 0.100048 0.270742 0.022101
0 0.832382 0.100048 0.285522 0.022101
0 0.250924 0.176093 0.335909 0.022101
0 0.554249 0.176093 0.270742 0.022101
0 0.832382 0.176093 0.285522 0.022101
0 0.250924 0.237880 0.335909 0.022101
0 0.554249 0.237880 0.270742 0.022101
0 0.832382 0.237880 0.285522 0.022101
0 0.251931 0.323432 0.338260 0.022101
0 0.564662 0.323432 0.287202 0.022101
0 0.841787 0.323432 0.266711 0.022101
0 0.251931 0.416350 0.338260 0.022101
0 0.564662 0.416350 0.287202 0.022101
0 0.841787 0.416350 0.266711 0.022101
0 0.251931 0.474572 0.338260 0.022101
0 0.564662 0.474572 0.287202 0.022101
0 0.841787 0.474572 0.266711 0.022101
0 0.211958 0.560124 0.257978 0.022101
0 0.440040 0.560124 0.198186 0.022101
0 0.650991 0.560124 0.212294 0.022101
0 0.865972 0.560124 0.218005 0.022101
0 0.211958 0.626901 0.257978 0.022101
0 0.440040 0.626901 0.198186 0.022101
0 0.650991 0.626901 0.212294 0.022101
0 0.865972 0.626901 0.218005 0.022101
0 0.211958 0.685124 0.257978 0.022101
0 0.440040 0.685124 0.198186 0.022101
0 0.650991 0.685124 0.212294 0.022101
0 0.865972 0.685124 0.218005 0.022101
0 0.216997 0.770675 0.268055 0.022101
0 0.442056 0.770675 0.182398 0.022101
0 0.624790 0.770675 0.182398 0.022101
0 0.807524 0.770675 0.182398 0.022101
0 0.933826 0.770675 0.069197 0.022101
0 0.216997 0.829135 0.268055 0.022101
0 0.442056 0.829135 0.182398 0.022101
0 0.624790 0.829135 0.182398 0.022101
0 0.807524 0.829135 0.182398 0.022101
0 0.933826 0.829135 0.069197 0.022101
0 0.216997 0.899002 0.268055 0.022101
0 0.442056 0.899002 0.182398 0.022101
0 0.624790 0.899002 0.182398 0.022101
0 0.807524 0.899002 0.182398 0.022101
0 0.933826 0.899002 0.069197 0.022101
