0 0.204904 0.096958 0.245885 0.020675
0 0.421229 0.096958 0.186093 0.020675
0 0.634867 0.096958 0.241182 0.020675
0 0.865301 0.096958 0.219684 0.020675
0 0.204904 0.152567 0.245885 0.020675
0 0.421229 0.152567 0.186093 0.020675
0 0.634867 0.152567 0.241182 0.020675
0 0.865301 0.152567 0.219684 0.020675
0 0.204904 0.207224 0.245885 0.020675
0 0.421229 0.207224 0.186093 0.020675
0 0.634867 0.207224 0.241182 0.020675
0 0.865301 0.207224 0.219684 0.020675
0 0.225059 0.324620 0.286194 0.020675
0 0.453477 0.324620 0.170306 0.020675
0 0.657373 0.324620 0.237151 0.020675
0 0.875714 0.324620 0.199194 0.020675
0 0.225059 0.400190 0.286194 0.020675
0 0.453477 0.400190 0.170306 0.020675
0 0.657373 0.400190 0.237151 0.020675
0 0.875714 0.400190 0.199194 0.020675
0 0.225059 0.469106 0.286194 0.020675
0 0.453477 0.469106 0.170306 0.020675
0 0.657373 0.469106 0.237151 0.020675
0 0.875714 0.469106 0.199194 0.020675
0 0.222036 0.586264 0.280148 0.020675
0 0.453477 0.586264 0.182398 0.020675
0 0.656365 0.586264 0.223043 0.020675
0 0.871683 0.586264 0.206920 0.020675
0 0.222036 0.675143 0.280148 0.020675
0 0.453477 0.675143 0.182398 0.020675
0 0.656365 0.675143 0.223043 0.020675
0 0.871683 0.675143 0.206920 0.020675
0 0.222036 0.729800 0.280148 0.020675
0 0.453477 0.729800 0.182398 0.020675
0 0.656365 0.729800 0.223043 0.020675
0 0.871683 0.729800 0.206920 0.020675
0 0.210951 0.847196 0.258314 0.020675
0 0.427276 0.847196 0.173665 0.020675
0 0.602956 0.847196 0.177696 0.020675
0 0.761505 0.847196 0.138394 0.020675
0 0.899899 0.847196 0.137723 0.020675
0 0.210951 0.902091 0.258314 0.020675
0 0.427276 0.902091 0.173665 0.020675
0 0.602956 0.902091 0.177696 0.020675
0 0.761505 0.902091 0.138394 0.020675
0 0.899899 0.902091 0.137723 0.020675
