0 0.175344 0.095532 0.187437 0.020200
0 0.369499 0.095532 0.201209 0.020200
0 0.553913 0.095532 0.166947 0.020200
0 0.722875 0.095532 0.170306 0.020200
0 0.891502 0.095532 0.166947 0.020200
0 0.175344 0.162310 0.187437 0.020200
0 0.369499 0.162310 0.201209 0.020200
0 0.553913 0.162310 0.166947 0.020200
0 0.722875 0.162310 0.170306 0.020200
0 0.891502 0.162310 0.166947 0.020200
0 0.175344 0.216730 0.187437 0.020200
0 0.369499 0.216730 0.201209 0.020200
0 0.553913 0.216730 0.166947 0.020200
0 0.722875 0.216730 0.170306 0.020200
0 0.891502 0.216730 0.166947 0.020200
0 0.183406 0.329373 0.203897 0.020200
0 0.370507 0.329373 0.169634 0.020200
0 0.541821 0.329373 0.172993 0.020200
0 0.714142 0.329373 0.170642 0.020200
0 0.887471 0.329373 0.175680 0.020200
0 0.183406 0.388546 0.203897 0.020200
0 0.370507 0.388546 0.169634 0.020200
0 0.541821 0.388546 0.172993 0.020200
0 0.714142 0.388546 0.170642 0.020200
0 0.887471 0.388546 0.175680 0.020200
0 0.183406 0.455798 0.203897 0.020200
0 0.370507 0.455798 0.169634 0.020200
0 0.541821 0.455798 0.172993 0.020200
0 0.714142 0.455798 0.170642 0.020200
0 0.887471 0.455798 0.175680 0.020200
0 0.161236 0.568203 0.159221 0.020200
0 0.326839 0.568203 0.171985 0.020200
0 0.476990 0.568203 0.127645 0.020200
0 0.607323 0.568203 0.132348 0.020200
0 0.753107 0.568203 0.158549 0.020200
0 0.903930 0.568203 0.143097 0.020200
0 0.161236 0.624049 0.159221 0.020200
0 0.326839 0.624049 0.171985 0.020200
0 0.476990 0.624049 0.127645 0.020200
0 0.607323 0.624049 0.132348 0.020200
0 0.753107 0.624049 0.158549 0.020200
0 0.903930 0.624049 0.143097 0.020200
0 0.161236 0.677044 0.159221 0.020200
0 0.326839 0.677044 0.171985 0.020200
0 0.476990 0.677044 0.127645 0.020200
0 0.607323 0.677044 0.132348 0.020200
0 0.753107 0.677044 0.158549 0.020200
0 0.903930 0.677044 0.143097 0.020200
0 0.170977 0.789449 0.178703 0.020200
0 0.341283 0.789449 0.161236 0.020200
0 0.513268 0.789449 0.182062 0.020200
0 0.691300 0.789449 0.174337 0.020200
0 0.877057 0.789449 0.196842 0.020200
0 0.170977 0.850523 0.178703 0.020200
0 0.341283 0.850523 0.161236 0.020200
0 0.513268 0.850523 0.182062 0.020200
0 0.691300 0.850523 0.174337 0.020200
0 0.877057 0.850523 0.196842 0.020200
0 0.170977 0.903517 0.178703 0.020200
0 0.341283 0.903517 0.161236 0.020200
0 0.513268 0.903517 0.182062 0.020200
0 0.691300 0.903517 0.174337 0.020200
0 0.877057 0.903517 0.196842 0.020200
