0 0.210837 0.090025 0.284126 0.018894
0 0.492879 0.090025 0.280306 0.018894
0 0.786037 0.090025 0.306009 0.018894
0 0.210837 0.155877 0.284126 0.018894
0 0.492879 0.155877 0.280306 0.018894
0 0.786037 0.155877 0.306009 0.018894
0 0.210837 0.238400 0.284126 0.018894
0 0.492879 0.238400 0.280306 0.018894
0 0.786037 0.238400 0.306009 0.018894
0 0.217437 0.345929 0.297325 0.018894
0 0.470302 0.345929 0.208753 0.018894
0 0.756860 0.345929 0.357763 0.018894
0 0.217437 0.417894 0.297325 0.018894
0 0.470302 0.417894 0.208753 0.018894
0 0.756860 0.417894 0.357763 0.018894
0 0.217437 0.478744 0.297325 0.018894
0 0.470302 0.478744 0.208753 0.018894
0 0.756860 0.478744 0.357763 0.018894
0 0.231678 0.586274 0.325808 0.018894
0 0.526572 0.586274 0.263981 0.018894
0 0.798889 0.586274 0.280306 0.018894
0 0.231678 0.636010 0.325808 0.018894
0 0.526572 0.636010 0.263981 0.018894
0 0.798889 0.636010 0.280306 0.018894
0 0.231678 0.694915 0.325808 0.018894
0 0.526572 0.694915 0.263981 0.018894
0 0.798889 0.694915 0.280306 0.018894
0 0.202848 0.802445 0.268149 0.018894
0 0.433137 0.802445 0.192775 0.018894
0 0.634943 0.802445 0.209795 0.018894
0 0.831539 0.802445 0.182702 0.018894
0 0.202848 0.852181 0.268149 0.018894
0 0.433137 0.852181 0.192775 0.018894
0 0.634943 0.852181 0.209795 0.018894
0 0.831539 0.852181 0.182702 0.018894
0 0.202848 0.908864 0.268149 0.018894
0 0.433137 0.908864 0.192775 0.018894
0 0.634943 0.908864 0.209795 0.018894
0 0.831539 0.908864 0.182702 0.018894
