0 0.178703 0.139496 0.243534 0.018774
0 0.381592 0.139496 0.161908 0.018774
0 0.531407 0.139496 0.137387 0.018774
0 0.671817 0.139496 0.143097 0.018774
0 0.849849 0.139496 0.203561 0.018774
0 0.178703 0.200808 0.243534 0.018774
0 0.381592 0.200808 0.161908 0.018774
0 0.531407 0.200808 0.137387 0.018774
0 0.671817 0.200808 0.143097 0.018774
0 0.849849 0.200808 0.203561 0.018774
0 0.178703 0.250475 0.243534 0.018774
0 0.381592 0.250475 0.161908 0.018774
0 0.531407 0.250475 0.137387 0.018774
0 0.671817 0.250475 0.143097 0.018774
0 0.849849 0.250475 0.203561 0.018774
0 0.121263 0.387120 0.128317 0.018774
0 0.265704 0.387120 0.160228 0.018774
0 0.400739 0.387120 0.109170 0.018774
0 0.535774 0.387120 0.160900 0.018774
0 0.665435 0.387120 0.097414 0.018774
0 0.780988 0.387120 0.133020 0.018774
0 0.896540 0.387120 0.098085 0.018774
0 0.121263 0.444392 0.128317 0.018774
0 0.265704 0.444392 0.160228 0.018774
0 0.400739 0.444392 0.109170 0.018774
0 0.535774 0.444392 0.160900 0.018774
0 0.665435 0.444392 0.097414 0.018774
0 0.780988 0.444392 0.133020 0.018774
0 0.896540 0.444392 0.098085 0.018774
0 0.121263 0.493821 0.128317 0.018774
0 0.265704 0.493821 0.160228 0.018774
0 0.400739 0.493821 0.109170 0.018774
0 0.535774 0.493821 0.160900 0.018774
0 0.665435 0.493821 0.097414 0.018774
0 0.780988 0.493821 0.133020 0.018774
0 0.896540 0.493821 0.098085 0.018774
