0 0.217669 0.089354 0.274101 0.017348
0 0.437353 0.089354 0.165267 0.017348
0 0.596238 0.089354 0.152503 0.017348
0 0.758818 0.089354 0.171985 0.017348
0 0.909976 0.089354 0.130333 0.017348
0 0.217669 0.156131 0.274101 0.017348
0 0.437353 0.156131 0.165267 0.017348
0 0.596238 0.156131 0.152503 0.017348
0 0.758818 0.156131 0.171985 0.017348
0 0.909976 0.156131 0.130333 0.017348
0 0.217669 0.203422 0.274101 0.017348
0 0.437353 0.203422 0.165267 0.017348
0 0.596238 0.203422 0.152503 0.017348
0 0.758818 0.203422 0.171985 0.017348
0 0.909976 0.203422 0.130333 0.017348
0 0.226402 0.330561 0.291905 0.017348
0 0.442728 0.330561 0.140410 0.017348
0 0.607659 0.330561 0.189788 0.017348
0 0.768223 0.330561 0.131340 0.017348
0 0.904938 0.330561 0.141082 0.017348
0 0.226402 0.378327 0.291905 0.017348
0 0.442728 0.378327 0.140410 0.017348
0 0.607659 0.378327 0.189788 0.017348
0 0.768223 0.378327 0.131340 0.017348
0 0.904938 0.378327 0.141082 0.017348
0 0.226402 0.424430 0.291905 0.017348
0 0.442728 0.424430 0.140410 0.017348
0 0.607659 0.424430 0.189788 0.017348
0 0.768223 0.424430 0.131340 0.017348
0 0.904938 0.424430 0.141082 0.017348
0 0.195163 0.551331 0.229090 0.017348
0 0.408465 0.551331 0.197850 0.017348
0 0.592543 0.551331 0.169298 0.017348
0 0.774605 0.551331 0.194827 0.017348
0 0.923413 0.551331 0.103124 0.017348
0 0.195163 0.618346 0.229090 0.017348
0 0.408465 0.618346 0.197850 0.017348
0 0.592543 0.618346 0.169298 0.017348
0 0.774605 0.618346 0.194827 0.017348
0 0.923413 0.618346 0.103124 0.017348
0 0.195163 0.665162 0.229090 0.017348
0 0.408465 0.665162 0.197850 0.017348
0 0.592543 0.665162 0.169298 0.017348
0 0.774605 0.665162 0.194827 0.017348
0 0.923413 0.665162 0.103124 0.017348
0 0.199530 0.792300 0.237823 0.017348
0 0.404434 0.792300 0.171985 0.017348
0 0.599933 0.792300 0.219012 0.017348
0 0.781995 0.792300 0.144777 0.017348
0 0.911992 0.792300 0.115217 0.017348
0 0.199530 0.838165 0.237823 0.017348
0 0.404434 0.838165 0.171985 0.017348
0 0.599933 0.838165 0.219012 0.017348
0 0.781995 0.838165 0.144777 0.017348
0 0.911992 0.838165 0.115217 0.017348
0 0.199530 0.892823 0.237823 0.017348
0 0.404434 0.892823 0.171985 0.017348
0 0.599933 0.892823 0.219012 0.017348
0 0.781995 0.892823 0.144777 0.017348
0 0.911992 0.892823 0.115217 0.017348
