0 0.146456 0.089354 0.227410 0.017348
0 0.347330 0.089354 0.174001 0.017348
0 0.526369 0.089354 0.183406 0.017348
0 0.683238 0.089354 0.129661 0.017348
0 0.838092 0.089354 0.179375 0.017348
0 0.146456 0.142110 0.227410 0.017348
0 0.347330 0.142110 0.174001 0.017348
0 0.526369 0.142110 0.183406 0.017348
0 0.683238 0.142110 0.129661 0.017348
0 0.838092 0.142110 0.179375 0.017348
0 0.146456 0.198907 0.227410 0.017348
0 0.347330 0.198907 0.174001 0.017348
0 0.526369 0.198907 0.183406 0.017348
0 0.683238 0.198907 0.129661 0.017348
0 0.838092 0.198907 0.179375 0.017348
0 0.125294 0.324620 0.184750 0.017348
0 0.312059 0.324620 0.189117 0.017348
0 0.491770 0.324620 0.169970 0.017348
0 0.675176 0.324620 0.196507 0.017348
0 0.850521 0.324620 0.154182 0.017348
0 0.125294 0.375000 0.184750 0.017348
0 0.312059 0.375000 0.189117 0.017348
0 0.491770 0.375000 0.169970 0.017348
0 0.675176 0.375000 0.196507 0.017348
0 0.850521 0.375000 0.154182 0.017348
0 0.125294 0.429183 0.184750 0.017348
0 0.312059 0.429183 0.189117 0.017348
0 0.491770 0.429183 0.169970 0.017348
0 0.675176 0.429183 0.196507 0.017348
0 0.850521 0.429183 0.154182 0.017348
0 0.155526 0.554895 0.245213 0.017348
0 0.356063 0.554895 0.155190 0.017348
0 0.527041 0.554895 0.187101 0.017348
0 0.694323 0.554895 0.147128 0.017348
0 0.847833 0.554895 0.159557 0.017348
0 0.155526 0.613118 0.245213 0.017348
0 0.356063 0.613118 0.155190 0.017348
0 0.527041 0.613118 0.187101 0.017348
0 0.694323 0.613118 0.147128 0.017348
0 0.847833 0.613118 0.159557 0.017348
0 0.155526 0.664211 0.245213 0.017348
0 0.356063 0.664211 0.155190 0.017348
0 0.527041 0.664211 0.187101 0.017348
0 0.694323 0.664211 0.147128 0.017348
0 0.847833 0.664211 0.159557 0.017348
0 0.162916 0.789924 0.260329 0.017348
0 0.367148 0.789924 0.147464 0.017348
0 0.522338 0.789924 0.162580 0.017348
0 0.681559 0.789924 0.155862 0.017348
0 0.843802 0.789924 0.167954 0.017348
0 0.162916 0.854325 0.260329 0.017348
0 0.367148 0.854325 0.147464 0.017348
0 0.522338 0.854325 0.162580 0.017348
0 0.681559 0.854325 0.155862 0.017348
0 0.843802 0.854325 0.167954 0.017348
0 0.162916 0.909696 0.260329 0.017348
0 0.367148 0.909696 0.147464 0.017348
0 0.522338 0.909696 0.162580 0.017348
0 0.681559 0.909696 0.155862 0.017348
0 0.843802 0.909696 0.167954 0.017348
