0 0.249580 0.094106 0.336916 0.019487
0 0.558280 0.094106 0.280148 0.019487
0 0.836748 0.094106 0.276789 0.019487
0 0.249580 0.145437 0.336916 0.019487
0 0.558280 0.145437 0.280148 0.019487
0 0.836748 0.145437 0.276789 0.019487
0 0.202217 0.226949 0.242190 0.019487
0 0.428284 0.226949 0.208935 0.019487
0 0.648304 0.226949 0.231105 0.019487
0 0.869332 0.226949 0.211287 0.019487
0 0.202217 0.278992 0.242190 0.019487
0 0.428284 0.278992 0.208935 0.019487
0 0.648304 0.278992 0.231105 0.019487
0 0.869332 0.278992 0.211287 0.019487
0 0.202217 0.331511 0.242190 0.019487
0 0.428284 0.331511 0.208935 0.019487
0 0.648304 0.331511 0.231105 0.019487
0 0.869332 0.331511 0.211287 0.019487
0 0.205912 0.413023 0.249580 0.019487
0 0.429627 0.413023 0.197514 0.019487
0 0.646288 0.413023 0.235472 0.019487
0 0.869667 0.413023 0.210951 0.019487
0 0.205912 0.464829 0.249580 0.019487
0 0.429627 0.464829 0.197514 0.019487
0 0.646288 0.464829 0.235472 0.019487
0 0.869667 0.464829 0.210951 0.019487
0 0.205912 0.516397 0.249580 0.019487
0 0.429627 0.516397 0.197514 0.019487
0 0.646288 0.516397 0.235472 0.019487
0 0.869667 0.516397 0.210951 0.019487
0 0.207927 0.597909 0.253275 0.019487
0 0.435673 0.597909 0.202217 0.019487
0 0.651663 0.597909 0.229090 0.019487
0 0.870675 0.597909 0.208935 0.019487
0 0.207927 0.657319 0.253275 0.019487
0 0.435673 0.657319 0.202217 0.019487
0 0.651663 0.657319 0.229090 0.019487
0 0.870675 0.657319 0.208935 0.019487
0 0.207927 0.711264 0.253275 0.019487
0 0.435673 0.711264 0.202217 0.019487
0 0.651663 0.711264 0.229090 0.019487
0 0.870675 0.711264 0.208935 0.019487
0 0.220020 0.792776 0.277796 0.019487
0 0.454820 0.792776 0.190796 0.019487
0 0.660060 0.792776 0.219684 0.019487
0 0.872355 0.792776 0.205240 0.019487
0 0.220020 0.853375 0.277796 0.019487
0 0.454820 0.853375 0.190796 0.019487
0 0.660060 0.853375 0.219684 0.019487
0 0.872355 0.853375 0.205240 0.019487
0 0.220020 0.905181 0.277796 0.019487
0 0.454820 0.905181 0.190796 0.019487
0 0.660060 0.905181 0.219684 0.019487
0 0.872355 0.905181 0.205240 0.019487
