0 0.225731 0.080086 0.335573 0.020675
0 0.534431 0.080086 0.281156 0.020675
0 0.813235 0.080086 0.275781 0.020675
0 0.225731 0.139971 0.335573 0.020675
0 0.534431 0.139971 0.281156 0.020675
0 0.813235 0.139971 0.275781 0.020675
0 0.225731 0.194629 0.335573 0.020675
0 0.534431 0.194629 0.281156 0.020675
0 0.813235 0.194629 0.275781 0.020675
0 0.227746 0.301568 0.339268 0.020675
0 0.528048 0.301568 0.260665 0.020675
0 0.804837 0.301568 0.293248 0.020675
0 0.227746 0.377852 0.339268 0.020675
0 0.528048 0.377852 0.260665 0.020675
0 0.804837 0.377852 0.293248 0.020675
0 0.227746 0.432747 0.339268 0.020675
0 0.528048 0.432747 0.260665 0.020675
0 0.804837 0.432747 0.293248 0.020675
0 0.232449 0.539686 0.349009 0.020675
0 0.547531 0.539686 0.280148 0.020675
0 0.819281 0.539686 0.263688 0.020675
0 0.232449 0.606702 0.349009 0.020675
0 0.547531 0.606702 0.280148 0.020675
0 0.819281 0.606702 0.263688 0.020675
0 0.232449 0.661597 0.349009 0.020675
0 0.547531 0.661597 0.280148 0.020675
0 0.819281 0.661597 0.263688 0.020675
0 0.237487 0.768536 0.358750 0.020675
0 0.550890 0.768536 0.267383 0.020675
0 0.817938 0.768536 0.266711 0.020675
0 0.237487 0.830323 0.358750 0.020675
0 0.550890 0.830323 0.267383 0.020675
0 0.817938 0.830323 0.266711 0.020675
0 0.237487 0.885219 0.358750 0.020675
0 0.550890 0.885219 0.267383 0.020675
0 0.817938 0.885219 0.266711 0.020675
