0 0.168626 0.201996 0.129325 0.020913
0 0.343299 0.201996 0.219684 0.020913
0 0.587504 0.201996 0.268055 0.020913
0 0.836412 0.201996 0.230097 0.020913
0 0.168626 0.257605 0.129325 0.020913
0 0.343299 0.257605 0.219684 0.020913
0 0.587504 0.257605 0.268055 0.020913
0 0.836412 0.257605 0.230097 0.020913
0 0.168626 0.315114 0.129325 0.020913
0 0.343299 0.315114 0.219684 0.020913
0 0.587504 0.315114 0.268055 0.020913
0 0.836412 0.315114 0.230097 0.020913
0 0.175680 0.464354 0.235472 0.020913
0 0.403426 0.464354 0.219684 0.020913
0 0.580114 0.464354 0.133020 0.020913
0 0.686597 0.464354 0.068861 0.020913
0 0.836412 0.464354 0.230433 0.020913
0 0.175680 0.538736 0.235472 0.020913
0 0.403426 0.538736 0.219684 0.020913
0 0.580114 0.538736 0.133020 0.020913
0 0.686597 0.538736 0.068861 0.020913
0 0.836412 0.538736 0.230433 0.020913
0 0.175680 0.596008 0.235472 0.020913
0 0.403426 0.596008 0.219684 0.020913
0 0.580114 0.596008 0.133020 0.020913
0 0.686597 0.596008 0.068861 0.020913
0 0.836412 0.596008 0.230433 0.020913
0 0.245213 0.745485 0.374538 0.020913
0 0.547531 0.745485 0.229426 0.020913
0 0.806853 0.745485 0.288546 0.020913
0 0.245213 0.827471 0.374538 0.020913
0 0.547531 0.827471 0.229426 0.020913
0 0.806853 0.827471 0.288546 0.020913
0 0.245213 0.884743 0.374538 0.020913
0 0.547531 0.884743 0.229426 0.020913
0 0.806853 0.884743 0.288546 0.020913
