0 0.186523 0.090025 0.235498 0.018894
0 0.417506 0.090025 0.226468 0.018894
0 0.653699 0.090025 0.245919 0.018894
0 0.857937 0.090025 0.162556 0.018894
0 0.186523 0.151431 0.235498 0.018894
0 0.417506 0.151431 0.226468 0.018894
0 0.653699 0.151431 0.245919 0.018894
0 0.857937 0.151431 0.162556 0.018894
0 0.186523 0.201167 0.235498 0.018894
0 0.417506 0.201167 0.226468 0.018894
0 0.653699 0.201167 0.245919 0.018894
0 0.857937 0.201167 0.162556 0.018894
0 0.182008 0.305363 0.226468 0.018894
0 0.414380 0.305363 0.238625 0.018894
0 0.652657 0.305363 0.237582 0.018894
0 0.855158 0.305363 0.167767 0.018894
0 0.182008 0.371214 0.226468 0.018894
0 0.414380 0.371214 0.238625 0.018894
0 0.652657 0.371214 0.237582 0.018894
0 0.855158 0.371214 0.167767 0.018894
0 0.182008 0.426507 0.226468 0.018894
0 0.414380 0.426507 0.238625 0.018894
0 0.652657 0.426507 0.237582 0.018894
0 0.855158 0.426507 0.167767 0.018894
0 0.199375 0.530703 0.261202 0.018894
0 0.415769 0.530703 0.171935 0.018894
0 0.610629 0.530703 0.216742 0.018894
0 0.829107 0.530703 0.220215 0.018894
0 0.199375 0.594610 0.261202 0.018894
0 0.415769 0.594610 0.171935 0.018894
0 0.610629 0.594610 0.216742 0.018894
0 0.829107 0.594610 0.220215 0.018894
0 0.199375 0.676855 0.261202 0.018894
0 0.415769 0.676855 0.171935 0.018894
0 0.610629 0.676855 0.216742 0.018894
0 0.829107 0.676855 0.220215 0.018894
0 0.218479 0.781050 0.299757 0.018894
0 0.476554 0.781050 0.216395 0.018894
0 0.762070 0.781050 0.353942 0.018894
0 0.218479 0.854126 0.299757 0.018894
0 0.475165 0.854126 0.213268 0.018894
0 0.762070 0.854126 0.353942 0.018894
0 0.218479 0.908864 0.299757 0.018894
0 0.475165 0.908864 0.213268 0.018894
0 0.762070 0.908864 0.353942 0.018894
