0 0.224387 0.220295 0.224723 0.023764
0 0.402419 0.220295 0.131004 0.023764
0 0.517299 0.220295 0.098421 0.023764
0 0.617736 0.220295 0.101780 0.023764
0 0.735976 0.220295 0.134363 0.023764
0 0.877057 0.220295 0.148136 0.023764
0 0.224387 0.282795 0.224723 0.023764
0 0.402419 0.282795 0.131004 0.023764
0 0.517299 0.282795 0.098421 0.023764
0 0.617736 0.282795 0.101780 0.023764
0 0.735976 0.282795 0.134363 0.023764
0 0.877057 0.282795 0.148136 0.023764
0 0.224387 0.365970 0.224723 0.023764
0 0.402419 0.365970 0.131004 0.023764
0 0.517299 0.365970 0.098421 0.023764
0 0.617736 0.365970 0.101780 0.023764
0 0.735976 0.365970 0.134363 0.023764
0 0.877057 0.365970 0.148136 0.023764
0 0.154182 0.448194 0.189117 0.023764
0 0.296607 0.448194 0.095062 0.023764
0 0.455156 0.448194 0.212630 0.023764
0 0.656701 0.448194 0.190124 0.023764
0 0.800806 0.448194 0.097749 0.023764
0 0.900571 0.448194 0.101444 0.023764
0 0.154182 0.550618 0.189117 0.023764
0 0.296607 0.550618 0.095062 0.023764
0 0.455156 0.550618 0.212630 0.023764
0 0.656701 0.550618 0.190124 0.023764
0 0.800806 0.550618 0.097749 0.023764
0 0.900571 0.550618 0.101444 0.023764
0 0.154182 0.620722 0.189117 0.023764
0 0.296607 0.620722 0.095062 0.023764
0 0.455156 0.620722 0.212630 0.023764
0 0.656701 0.620722 0.190124 0.023764
0 0.800806 0.620722 0.097749 0.023764
0 0.900571 0.620722 0.101444 0.023764
0 0.214982 0.702709 0.310715 0.023764
0 0.499160 0.702709 0.257306 0.023764
0 0.705072 0.702709 0.154182 0.023764
0 0.866644 0.702709 0.168962 0.023764
0 0.214982 0.809886 0.310715 0.023764
0 0.499160 0.809886 0.257306 0.023764
0 0.705072 0.809886 0.154182 0.023764
0 0.866644 0.809886 0.168962 0.023764
0 0.214982 0.878802 0.310715 0.023764
0 0.499160 0.878802 0.257306 0.023764
0 0.705072 0.878802 0.154182 0.023764
0 0.866644 0.878802 0.168962 0.023764
