0 0.199530 0.081749 0.281491 0.021388
0 0.414511 0.081749 0.148808 0.021388
0 0.606987 0.081749 0.235808 0.021388
0 0.790057 0.081749 0.129997 0.021388
0 0.899899 0.081749 0.089352 0.021388
0 0.199530 0.144011 0.281491 0.021388
0 0.414511 0.144011 0.148808 0.021388
0 0.606987 0.144011 0.235808 0.021388
0 0.790057 0.144011 0.129997 0.021388
0 0.899899 0.144011 0.089352 0.021388
0 0.199530 0.200570 0.281491 0.021388
0 0.414511 0.200570 0.148808 0.021388
0 0.606987 0.200570 0.235808 0.021388
0 0.790057 0.200570 0.129997 0.021388
0 0.899899 0.200570 0.089352 0.021388
