0 0.260665 0.086740 0.402083 0.023764
0 0.706752 0.086740 0.489419 0.023764
0 0.260665 0.207937 0.402083 0.023764
0 0.706752 0.207937 0.489419 0.023764
0 0.260665 0.270437 0.402083 0.023764
0 0.706752 0.270437 0.489419 0.023764
0 0.210615 0.419914 0.301982 0.023764
0 0.537118 0.419914 0.350017 0.023764
0 0.831710 0.419914 0.239167 0.023764
0 0.210615 0.512357 0.301982 0.023764
0 0.537118 0.512357 0.350017 0.023764
0 0.831710 0.512357 0.239167 0.023764
0 0.210615 0.579135 0.301982 0.023764
0 0.537118 0.579135 0.350017 0.023764
0 0.831710 0.579135 0.239167 0.023764
0 0.264360 0.728612 0.409473 0.023764
0 0.581458 0.728612 0.224723 0.023764
0 0.821968 0.728612 0.243870 0.023764
0 0.264360 0.816540 0.409473 0.023764
0 0.581458 0.816540 0.224723 0.023764
0 0.821968 0.816540 0.243870 0.023764
0 0.264360 0.878802 0.409473 0.023764
0 0.581458 0.878802 0.224723 0.023764
0 0.821968 0.878802 0.243870 0.023764
