0 0.156869 0.089354 0.247901 0.017348
0 0.352368 0.089354 0.143433 0.017348
0 0.519651 0.089354 0.190460 0.017348
0 0.685254 0.089354 0.140410 0.017348
0 0.841451 0.089354 0.172321 0.017348
0 0.156869 0.155181 0.247901 0.017348
0 0.352368 0.155181 0.143433 0.017348
0 0.519651 0.155181 0.190460 0.017348
0 0.685254 0.155181 0.140410 0.017348
0 0.841451 0.155181 0.172321 0.017348
0 0.156869 0.201283 0.247901 0.017348
0 0.352368 0.201283 0.143433 0.017348
0 0.519651 0.201283 0.190460 0.017348
0 0.685254 0.201283 0.140410 0.017348
0 0.841451 0.201283 0.172321 0.017348
0 0.130333 0.267823 0.195163 0.017348
0 0.327847 0.267823 0.199530 0.017348
0 0.504199 0.267823 0.152838 0.017348
0 0.677192 0.267823 0.192476 0.017348
0 0.850521 0.267823 0.154182 0.017348
0 0.130333 0.335551 0.195163 0.017348
0 0.327847 0.335551 0.199530 0.017348
0 0.504199 0.335551 0.152838 0.017348
0 0.677192 0.335551 0.192476 0.017348
0 0.850521 0.335551 0.154182 0.017348
0 0.130333 0.383793 0.195163 0.017348
0 0.327847 0.383793 0.199530 0.017348
0 0.504199 0.383793 0.152838 0.017348
0 0.677192 0.383793 0.192476 0.017348
0 0.850521 0.383793 0.154182 0.017348
0 0.148136 0.450570 0.230433 0.017348
0 0.336245 0.450570 0.146120 0.017348
0 0.488747 0.450570 0.158213 0.017348
0 0.656365 0.450570 0.176016 0.017348
0 0.836077 0.450570 0.183070 0.017348
0 0.148136 0.518061 0.230433 0.017348
0 0.336245 0.518061 0.146120 0.017348
0 0.488747 0.518061 0.158213 0.017348
0 0.656365 0.518061 0.176016 0.017348
0 0.836077 0.518061 0.183070 0.017348
0 0.148136 0.564163 0.230433 0.017348
0 0.336245 0.564163 0.146120 0.017348
0 0.488747 0.564163 0.158213 0.017348
0 0.656365 0.564163 0.176016 0.017348
0 0.836077 0.564163 0.183070 0.017348
0 0.158885 0.630703 0.252267 0.017348
0 0.356063 0.630703 0.141753 0.017348
0 0.515956 0.630703 0.177360 0.017348
0 0.673833 0.630703 0.138394 0.017348
0 0.835405 0.630703 0.184414 0.017348
0 0.158885 0.687500 0.252267 0.017348
0 0.356063 0.687500 0.141753 0.017348
0 0.515956 0.687500 0.177360 0.017348
0 0.673833 0.687500 0.138394 0.017348
0 0.835405 0.687500 0.184414 0.017348
0 0.158885 0.734316 0.252267 0.017348
0 0.356063 0.734316 0.141753 0.017348
0 0.515956 0.734316 0.177360 0.017348
0 0.673833 0.734316 0.138394 0.017348
0 0.835405 0.734316 0.184414 0.017348
0 0.133020 0.801093 0.200537 0.017348
0 0.323480 0.801093 0.179375 0.017348
0 0.486732 0.801093 0.147464 0.017348
0 0.650991 0.801093 0.180383 0.017348
0 0.795096 0.801093 0.107827 0.017348
0 0.885791 0.801093 0.072892 0.017348
0 0.133020 0.858365 0.200537 0.017348
0 0.323480 0.858365 0.179375 0.017348
0 0.486732 0.858365 0.147464 0.017348
0 0.650991 0.858365 0.180383 0.017348
0 0.795096 0.858365 0.107827 0.017348
0 0.885791 0.858365 0.072892 0.017348
0 0.133020 0.909696 0.200537 0.017348
0 0.323480 0.909696 0.179375 0.017348
0 0.486732 0.909696 0.147464 0.017348
0 0.650991 0.909696 0.180383 0.017348
0 0.795096 0.909696 0.107827 0.017348
0 0.885791 0.909696 0.072892 0.017348
