0 0.206248 0.163736 0.129997 0.019962
0 0.328519 0.163736 0.113873 0.019962
0 0.446423 0.163736 0.121935 0.019962
0 0.583809 0.163736 0.152167 0.019962
0 0.734968 0.163736 0.150151 0.019962
0 0.881088 0.163736 0.141082 0.019962
0 0.206248 0.221958 0.129997 0.019962
0 0.328519 0.221958 0.113873 0.019962
0 0.446423 0.221958 0.121935 0.019962
0 0.583809 0.221958 0.152167 0.019962
0 0.734968 0.221958 0.150151 0.019962
0 0.881088 0.221958 0.141082 0.019962
0 0.206248 0.274715 0.129997 0.019962
0 0.328519 0.274715 0.113873 0.019962
0 0.446423 0.274715 0.121935 0.019962
0 0.583809 0.274715 0.152167 0.019962
0 0.734968 0.274715 0.150151 0.019962
0 0.881088 0.274715 0.141082 0.019962
0 0.159557 0.345295 0.203561 0.019962
0 0.331206 0.345295 0.140074 0.019962
0 0.462546 0.345295 0.122271 0.019962
0 0.602284 0.345295 0.157205 0.019962
0 0.752771 0.345295 0.143433 0.019962
0 0.887807 0.345295 0.126638 0.019962
0 0.159557 0.418013 0.203561 0.019962
0 0.331206 0.418013 0.140074 0.019962
0 0.462546 0.418013 0.122271 0.019962
0 0.602284 0.418013 0.157205 0.019962
0 0.752771 0.418013 0.143433 0.019962
0 0.887807 0.418013 0.126638 0.019962
0 0.159557 0.481464 0.203561 0.019962
0 0.331206 0.481464 0.140074 0.019962
0 0.462546 0.481464 0.122271 0.019962
0 0.602284 0.481464 0.157205 0.019962
0 0.752771 0.481464 0.143433 0.019962
0 0.887807 0.481464 0.126638 0.019962
0 0.146456 0.552044 0.177696 0.019962
0 0.322808 0.552044 0.175008 0.019962
0 0.469936 0.552044 0.118240 0.019962
0 0.563655 0.552044 0.069197 0.019962
0 0.640242 0.552044 0.083305 0.019962
0 0.743702 0.552044 0.122943 0.019962
0 0.878401 0.552044 0.146456 0.019962
0 0.146456 0.624049 0.177696 0.019962
0 0.322808 0.624049 0.175008 0.019962
0 0.469936 0.624049 0.118240 0.019962
0 0.563655 0.624049 0.069197 0.019962
0 0.640242 0.624049 0.083305 0.019962
0 0.743702 0.624049 0.122943 0.019962
0 0.878401 0.624049 0.146456 0.019962
0 0.146456 0.685361 0.177696 0.019962
0 0.322808 0.685361 0.175008 0.019962
0 0.469936 0.685361 0.118240 0.019962
0 0.563655 0.685361 0.069197 0.019962
0 0.640242 0.685361 0.083305 0.019962
0 0.743702 0.685361 0.122943 0.019962
0 0.878401 0.685361 0.146456 0.019962
0 0.164595 0.755941 0.213974 0.019962
0 0.357071 0.755941 0.169970 0.019962
0 0.531407 0.755941 0.178703 0.019962
0 0.701377 0.755941 0.161572 0.019962
0 0.866980 0.755941 0.168962 0.019962
0 0.164595 0.831274 0.213974 0.019962
0 0.357071 0.831274 0.169970 0.019962
0 0.531407 0.831274 0.178703 0.019962
0 0.701377 0.831274 0.161572 0.019962
0 0.866980 0.831274 0.168962 0.019962
0 0.164595 0.887120 0.213974 0.019962
0 0.357071 0.887120 0.169970 0.019962
0 0.531407 0.887120 0.178703 0.019962
0 0.701377 0.887120 0.161572 0.019962
0 0.866980 0.887120 0.168962 0.019962
