0 0.146792 0.204135 0.098085 0.018298
0 0.259321 0.204135 0.126302 0.018298
0 0.383272 0.204135 0.121599 0.018298
0 0.510917 0.204135 0.133692 0.018298
0 0.629157 0.204135 0.102116 0.018298
0 0.746389 0.204135 0.131676 0.018298
0 0.881760 0.204135 0.139066 0.018298
0 0.146792 0.252376 0.098085 0.018298
0 0.259321 0.252376 0.126302 0.018298
0 0.383272 0.252376 0.121599 0.018298
0 0.510917 0.252376 0.133692 0.018298
0 0.629157 0.252376 0.102116 0.018298
0 0.746389 0.252376 0.131676 0.018298
0 0.881760 0.252376 0.139066 0.018298
0 0.146792 0.300618 0.098085 0.018298
0 0.259321 0.300618 0.126302 0.018298
0 0.383272 0.300618 0.121599 0.018298
0 0.510917 0.300618 0.133692 0.018298
0 0.629157 0.300618 0.102116 0.018298
0 0.746389 0.300618 0.131676 0.018298
0 0.881760 0.300618 0.139066 0.018298
0 0.149815 0.383317 0.185757 0.018298
0 0.314410 0.383317 0.143433 0.018298
0 0.493450 0.383317 0.213974 0.018298
0 0.682566 0.383317 0.163252 0.018298
0 0.857911 0.383317 0.187437 0.018298
0 0.149815 0.442015 0.185757 0.018298
0 0.314410 0.442015 0.143433 0.018298
0 0.493450 0.442015 0.213974 0.018298
0 0.682566 0.442015 0.163252 0.018298
0 0.857911 0.442015 0.187437 0.018298
0 0.149815 0.490257 0.185757 0.018298
0 0.314410 0.490257 0.143433 0.018298
0 0.493450 0.490257 0.213974 0.018298
0 0.682566 0.490257 0.163252 0.018298
0 0.857911 0.490257 0.187437 0.018298
0 0.149815 0.572956 0.185422 0.018298
0 0.341283 0.572956 0.197514 0.018298
0 0.521330 0.572956 0.161908 0.018298
0 0.689620 0.572956 0.175008 0.018298
0 0.864293 0.572956 0.174001 0.018298
0 0.149815 0.641873 0.185422 0.018298
0 0.341283 0.641873 0.197514 0.018298
0 0.521330 0.641873 0.161908 0.018298
0 0.689620 0.641873 0.175008 0.018298
0 0.864293 0.641873 0.174001 0.018298
0 0.149815 0.690114 0.185422 0.018298
0 0.341283 0.690114 0.197514 0.018298
0 0.521330 0.690114 0.161908 0.018298
0 0.689620 0.690114 0.175008 0.018298
0 0.864293 0.690114 0.174001 0.018298
0 0.194491 0.772814 0.274773 0.018298
0 0.435673 0.772814 0.206920 0.018298
0 0.651327 0.772814 0.224723 0.018298
0 0.857911 0.772814 0.187437 0.018298
0 0.194491 0.836740 0.274773 0.018298
0 0.435673 0.836740 0.206920 0.018298
0 0.651327 0.836740 0.224723 0.018298
0 0.857911 0.836740 0.187437 0.018298
0 0.194491 0.890922 0.274773 0.018298
0 0.435673 0.890922 0.206920 0.018298
0 0.651327 0.890922 0.224723 0.018298
0 0.857911 0.890922 0.187437 0.018298
