0 0.176016 0.072481 0.238495 0.017348
0 0.384615 0.072481 0.178703 0.017348
0 0.559624 0.072481 0.170977 0.017348
0 0.725227 0.072481 0.160228 0.017348
0 0.878401 0.072481 0.146120 0.017348
0 0.176016 0.133555 0.238495 0.017348
0 0.384615 0.133555 0.178703 0.017348
0 0.559624 0.133555 0.170977 0.017348
0 0.725227 0.133555 0.160228 0.017348
0 0.878401 0.133555 0.146120 0.017348
0 0.176016 0.179420 0.238495 0.017348
0 0.384615 0.179420 0.178703 0.017348
0 0.559624 0.179420 0.170977 0.017348
0 0.725227 0.179420 0.160228 0.017348
0 0.878401 0.179420 0.146120 0.017348
0 0.156869 0.250475 0.200202 0.017348
0 0.350689 0.250475 0.187101 0.017348
0 0.532751 0.250475 0.177024 0.017348
0 0.702049 0.250475 0.161236 0.017348
0 0.867316 0.250475 0.168626 0.017348
0 0.156869 0.311549 0.200202 0.017348
0 0.350689 0.311549 0.187101 0.017348
0 0.532751 0.311549 0.177024 0.017348
0 0.702049 0.311549 0.161236 0.017348
0 0.867316 0.311549 0.168626 0.017348
0 0.156869 0.357414 0.200202 0.017348
0 0.350689 0.357414 0.187101 0.017348
0 0.532751 0.357414 0.177024 0.017348
0 0.702049 0.357414 0.161236 0.017348
0 0.867316 0.357414 0.168626 0.017348
0 0.157877 0.428707 0.202553 0.017348
0 0.302654 0.428707 0.087000 0.017348
0 0.389318 0.428707 0.078603 0.017348
0 0.505207 0.428707 0.152503 0.017348
0 0.648640 0.428707 0.134363 0.017348
0 0.774941 0.428707 0.118576 0.017348
0 0.892845 0.428707 0.117232 0.017348
0 0.157877 0.488118 0.202553 0.017348
0 0.302654 0.488118 0.087000 0.017348
0 0.389318 0.488118 0.078603 0.017348
0 0.505207 0.488118 0.152503 0.017348
0 0.648640 0.488118 0.134363 0.017348
0 0.774941 0.488118 0.118576 0.017348
0 0.892845 0.488118 0.117232 0.017348
0 0.157877 0.533983 0.202553 0.017348
0 0.302654 0.533983 0.087000 0.017348
0 0.389318 0.533983 0.078603 0.017348
0 0.505207 0.533983 0.152503 0.017348
0 0.648640 0.533983 0.134363 0.017348
0 0.774941 0.533983 0.118576 0.017348
0 0.892845 0.533983 0.117232 0.017348
0 0.175344 0.605038 0.237151 0.017348
0 0.384279 0.605038 0.180719 0.017348
0 0.541485 0.605038 0.134028 0.017348
0 0.679543 0.605038 0.141418 0.017348
0 0.851192 0.605038 0.200873 0.017348
0 0.175344 0.667063 0.237151 0.017348
0 0.384279 0.667063 0.180719 0.017348
0 0.541485 0.667063 0.134028 0.017348
0 0.679543 0.667063 0.141418 0.017348
0 0.851192 0.667063 0.200873 0.017348
0 0.175344 0.712928 0.237151 0.017348
0 0.384279 0.712928 0.180719 0.017348
0 0.541485 0.712928 0.134028 0.017348
0 0.679543 0.712928 0.141418 0.017348
0 0.851192 0.712928 0.200873 0.017348
0 0.159557 0.783983 0.205576 0.017348
0 0.358079 0.783983 0.191468 0.017348
0 0.524689 0.783983 0.141418 0.017348
0 0.684246 0.783983 0.177360 0.017348
0 0.862277 0.783983 0.178703 0.017348
0 0.159557 0.846721 0.205576 0.017348
0 0.358079 0.846721 0.191468 0.017348
0 0.524689 0.846721 0.141418 0.017348
0 0.684246 0.846721 0.177360 0.017348
0 0.862277 0.846721 0.178703 0.017348
0 0.159557 0.892823 0.205576 0.017348
0 0.358079 0.892823 0.191468 0.017348
0 0.524689 0.892823 0.141418 0.017348
0 0.684246 0.892823 0.177360 0.017348
0 0.862277 0.892823 0.178703 0.017348
