0 0.305005 0.086740 0.490763 0.023764
0 0.750756 0.086740 0.400739 0.023764
0 0.305005 0.165399 0.490763 0.023764
0 0.750756 0.165399 0.400739 0.023764
0 0.305005 0.234316 0.490763 0.023764
0 0.750756 0.234316 0.400739 0.023764
0 0.313067 0.406606 0.506886 0.023764
0 0.759154 0.406606 0.384615 0.023764
0 0.313067 0.481939 0.506886 0.023764
0 0.759154 0.481939 0.384615 0.023764
0 0.313067 0.544202 0.506886 0.023764
0 0.759154 0.544202 0.384615 0.023764
0 0.228082 0.716492 0.336916 0.023764
0 0.534095 0.716492 0.275109 0.023764
0 0.811555 0.716492 0.279476 0.023764
0 0.228082 0.778992 0.336916 0.023764
0 0.534095 0.778992 0.275109 0.023764
0 0.811555 0.778992 0.279476 0.023764
0 0.228082 0.865494 0.336916 0.023764
0 0.534095 0.865494 0.275109 0.023764
0 0.811555 0.865494 0.279476 0.023764
