0 0.147464 0.086740 0.175680 0.023764
0 0.324824 0.086740 0.179039 0.023764
0 0.508230 0.086740 0.186765 0.023764
0 0.688949 0.086740 0.174001 0.023764
0 0.863957 0.086740 0.175344 0.023764
0 0.147464 0.161835 0.176016 0.016635
0 0.325160 0.161835 0.179039 0.016635
0 0.508566 0.161835 0.186765 0.016635
0 0.688949 0.161835 0.174001 0.016635
0 0.863957 0.161835 0.175344 0.016635
0 0.147464 0.220532 0.175680 0.023764
0 0.324824 0.220532 0.179039 0.023764
0 0.508230 0.220532 0.186765 0.023764
0 0.688949 0.220532 0.174001 0.023764
0 0.863957 0.220532 0.175344 0.023764
0 0.147464 0.289686 0.175680 0.023764
0 0.324824 0.289686 0.179039 0.023764
0 0.508230 0.289686 0.186765 0.023764
0 0.688949 0.289686 0.174001 0.023764
0 0.863957 0.289686 0.175344 0.023764
0 0.197514 0.377852 0.275781 0.023764
0 0.410480 0.377852 0.150151 0.023764
0 0.578099 0.377852 0.184414 0.023764
0 0.746053 0.377852 0.150823 0.023764
0 0.878065 0.377852 0.112865 0.023764
0 0.197514 0.451521 0.276117 0.016635
0 0.410816 0.451521 0.150151 0.016635
0 0.578435 0.451521 0.184414 0.016635
0 0.746053 0.451521 0.150823 0.016635
0 0.878737 0.451521 0.114209 0.016635
0 0.197514 0.510219 0.275781 0.023764
0 0.410480 0.510219 0.150151 0.023764
0 0.578099 0.510219 0.184414 0.023764
0 0.746053 0.510219 0.150823 0.023764
0 0.878065 0.510219 0.112865 0.023764
0 0.197514 0.581274 0.275781 0.023764
0 0.410480 0.581274 0.150151 0.023764
0 0.578099 0.581274 0.184414 0.023764
0 0.746053 0.581274 0.150823 0.023764
0 0.878065 0.581274 0.112865 0.023764
0 0.178703 0.669439 0.238159 0.023764
0 0.390326 0.669439 0.185086 0.023764
0 0.560296 0.669439 0.154182 0.023764
0 0.718509 0.669439 0.161236 0.023764
0 0.875042 0.669439 0.152167 0.023764
0 0.178703 0.744297 0.238495 0.016635
0 0.390662 0.744297 0.185086 0.016635
0 0.560296 0.744297 0.154182 0.016635
0 0.718509 0.744297 0.161236 0.016635
0 0.875378 0.744297 0.152167 0.016635
0 0.178703 0.802994 0.238159 0.023764
0 0.390326 0.802994 0.185086 0.023764
0 0.560296 0.802994 0.154182 0.023764
0 0.718509 0.802994 0.161236 0.023764
0 0.875042 0.802994 0.152167 0.023764
0 0.178703 0.878802 0.238159 0.023764
0 0.390326 0.878802 0.185086 0.023764
0 0.560296 0.878802 0.154182 0.023764
0 0.718509 0.878802 0.161236 0.023764
0 0.875042 0.878802 0.152167 0.023764
