0 0.283507 0.080561 0.451125 0.020913
0 0.730601 0.080561 0.442056 0.020913
0 0.283507 0.139021 0.451125 0.020913
0 0.730601 0.139021 0.442056 0.020913
0 0.283507 0.195105 0.451125 0.020913
0 0.730601 0.195105 0.442056 0.020913
0 0.289553 0.301331 0.462882 0.020913
0 0.736312 0.301331 0.430299 0.020913
0 0.289553 0.359791 0.462882 0.020913
0 0.736312 0.359791 0.430299 0.020913
0 0.289553 0.414924 0.462882 0.020913
0 0.736312 0.414924 0.430299 0.020913
0 0.290561 0.521150 0.464898 0.020913
0 0.737319 0.521150 0.428284 0.020913
0 0.290561 0.601236 0.464898 0.020913
0 0.737319 0.601236 0.428284 0.020913
0 0.290561 0.656606 0.464898 0.020913
0 0.737319 0.656606 0.428284 0.020913
0 0.312395 0.762833 0.508566 0.020913
0 0.757138 0.762833 0.380249 0.020913
0 0.312395 0.818203 0.508566 0.020913
0 0.757138 0.818203 0.380249 0.020913
0 0.312395 0.884743 0.508566 0.020913
0 0.757138 0.884743 0.380249 0.020913
