0 0.226067 0.080561 0.335909 0.020913
0 0.539805 0.080561 0.290897 0.020913
0 0.818273 0.080561 0.266040 0.020913
0 0.226067 0.143774 0.335909 0.020913
0 0.539805 0.143774 0.290897 0.020913
0 0.818273 0.143774 0.266040 0.020913
0 0.226067 0.203897 0.335909 0.020913
0 0.539805 0.203897 0.290897 0.020913
0 0.818273 0.203897 0.266040 0.020913
0 0.296607 0.308460 0.476990 0.020913
0 0.743366 0.308460 0.415855 0.020913
0 0.296607 0.375000 0.476990 0.020913
0 0.743366 0.375000 0.415855 0.020913
0 0.296607 0.430371 0.476990 0.020913
0 0.743366 0.430371 0.415855 0.020913
0 0.218005 0.534933 0.320121 0.020913
0 0.509237 0.534933 0.261337 0.020913
0 0.795768 0.534933 0.311723 0.020913
0 0.218005 0.592918 0.320121 0.020913
0 0.509237 0.592918 0.261337 0.020913
0 0.795768 0.592918 0.311723 0.020913
0 0.218005 0.652329 0.320121 0.020913
0 0.509237 0.652329 0.261337 0.020913
0 0.795768 0.652329 0.311723 0.020913
0 0.222036 0.757129 0.328183 0.020913
0 0.529728 0.757129 0.286530 0.020913
0 0.812227 0.757129 0.278132 0.020913
0 0.222036 0.825808 0.328183 0.020913
0 0.529728 0.825808 0.286530 0.020913
0 0.812227 0.825808 0.278132 0.020913
0 0.222036 0.884743 0.328183 0.020913
0 0.529728 0.884743 0.286530 0.020913
0 0.812227 0.884743 0.278132 0.020913
