0 0.380249 0.226473 0.435002 0.022101
0 0.774941 0.226473 0.353376 0.022101
0 0.380249 0.284933 0.435002 0.022101
0 0.774941 0.284933 0.353376 0.022101
0 0.380249 0.343156 0.435002 0.022101
0 0.774941 0.343156 0.353376 0.022101
0 0.227746 0.473859 0.337588 0.022101
0 0.517299 0.473859 0.241518 0.022101
0 0.794760 0.473859 0.312731 0.022101
0 0.227746 0.537785 0.337588 0.022101
0 0.517299 0.537785 0.241518 0.022101
0 0.794760 0.537785 0.312731 0.022101
0 0.227746 0.596245 0.337588 0.022101
0 0.517299 0.596245 0.241518 0.022101
0 0.794760 0.596245 0.312731 0.022101
0 0.244877 0.726711 0.371851 0.022101
0 0.560967 0.726711 0.259321 0.022101
0 0.821297 0.726711 0.260665 0.022101
0 0.244877 0.790875 0.371851 0.022101
0 0.560967 0.790875 0.259321 0.022101
0 0.821297 0.790875 0.260665 0.022101
0 0.244877 0.849335 0.371851 0.022101
0 0.560967 0.849335 0.259321 0.022101
0 0.821297 0.849335 0.260665 0.022101
