0 0.215653 0.072481 0.317770 0.017348
0 0.524689 0.072481 0.300638 0.017348
0 0.813571 0.072481 0.276117 0.017348
0 0.215653 0.134268 0.317770 0.017348
0 0.524689 0.134268 0.300638 0.017348
0 0.813571 0.134268 0.276117 0.017348
0 0.215653 0.202947 0.317770 0.017348
0 0.524689 0.202947 0.300638 0.017348
0 0.813571 0.202947 0.276117 0.017348
0 0.215653 0.269011 0.317770 0.017348
0 0.524689 0.269011 0.300638 0.017348
0 0.813571 0.269011 0.276117 0.017348
0 0.215653 0.340304 0.317770 0.017348
0 0.524689 0.340304 0.300638 0.017348
0 0.813571 0.340304 0.276117 0.017348
0 0.215653 0.389971 0.317770 0.017348
0 0.524689 0.389971 0.300638 0.017348
0 0.813571 0.389971 0.276117 0.017348
0 0.216325 0.517823 0.319113 0.017348
0 0.476654 0.517823 0.194491 0.017348
0 0.666443 0.517823 0.185086 0.017348
0 0.855559 0.517823 0.192140 0.017348
0 0.216325 0.591730 0.319113 0.017348
0 0.476654 0.591730 0.194491 0.017348
0 0.666443 0.591730 0.185086 0.017348
0 0.855559 0.591730 0.192140 0.017348
0 0.216325 0.673717 0.319113 0.017348
0 0.476654 0.673717 0.194491 0.017348
0 0.666443 0.673717 0.185086 0.017348
0 0.855559 0.673717 0.192140 0.017348
0 0.216325 0.749287 0.319113 0.017348
0 0.476654 0.749287 0.194491 0.017348
0 0.666443 0.749287 0.185086 0.017348
0 0.855559 0.749287 0.192140 0.017348
0 0.216325 0.821530 0.319113 0.017348
0 0.476654 0.821530 0.194491 0.017348
0 0.666443 0.821530 0.185086 0.017348
0 0.855559 0.821530 0.192140 0.017348
0 0.216325 0.879515 0.319113 0.017348
0 0.476654 0.879515 0.194491 0.017348
0 0.666443 0.879515 0.185086 0.017348
0 0.855559 0.879515 0.192140 0.017348
