0 0.208599 0.163498 0.226402 0.016635
0 0.372859 0.163498 0.101444 0.016635
0 0.509573 0.163498 0.171985 0.016635
0 0.649983 0.163498 0.108498 0.016635
0 0.757810 0.163498 0.107155 0.016635
0 0.873027 0.163498 0.122607 0.016635
0 0.208599 0.214829 0.226402 0.016635
0 0.372859 0.214829 0.101444 0.016635
0 0.509573 0.214829 0.171985 0.016635
0 0.649983 0.214829 0.108498 0.016635
0 0.757810 0.214829 0.107155 0.016635
0 0.873027 0.214829 0.122607 0.016635
0 0.208599 0.264259 0.226402 0.016635
0 0.372859 0.264259 0.101444 0.016635
0 0.509573 0.264259 0.171985 0.016635
0 0.649983 0.264259 0.108498 0.016635
0 0.757810 0.264259 0.107155 0.016635
0 0.873027 0.264259 0.122607 0.016635
0 0.214982 0.360029 0.317098 0.016635
0 0.464562 0.360029 0.182398 0.016635
0 0.662412 0.360029 0.212630 0.016635
0 0.859926 0.360029 0.182398 0.016635
0 0.214982 0.422766 0.317098 0.016635
0 0.464562 0.422766 0.182398 0.016635
0 0.662412 0.422766 0.212630 0.016635
0 0.859926 0.422766 0.182398 0.016635
0 0.214982 0.466968 0.317098 0.016635
0 0.464562 0.466968 0.182398 0.016635
0 0.662412 0.466968 0.212630 0.016635
0 0.859926 0.466968 0.182398 0.016635
0 0.199194 0.562738 0.285522 0.016635
0 0.415855 0.562738 0.147800 0.016635
0 0.595566 0.562738 0.211622 0.016635
0 0.801142 0.562738 0.198858 0.016635
0 0.199194 0.632842 0.285522 0.016635
0 0.415855 0.632842 0.147800 0.016635
0 0.595566 0.632842 0.211622 0.016635
0 0.801142 0.632842 0.198858 0.016635
0 0.199194 0.688926 0.285522 0.016635
0 0.415855 0.688926 0.147800 0.016635
0 0.595566 0.688926 0.211622 0.016635
0 0.801142 0.688926 0.198858 0.016635
0 0.163923 0.784696 0.215317 0.016635
0 0.332885 0.784696 0.121935 0.016635
0 0.484044 0.784696 0.180047 0.016635
0 0.641585 0.784696 0.134699 0.016635
0 0.778972 0.784696 0.139066 0.016635
0 0.899899 0.784696 0.103124 0.016635
0 0.163923 0.840779 0.215317 0.016635
0 0.332885 0.840779 0.121935 0.016635
0 0.484044 0.840779 0.180047 0.016635
0 0.641585 0.840779 0.134699 0.016635
0 0.778972 0.840779 0.139066 0.016635
0 0.899899 0.840779 0.103124 0.016635
0 0.163923 0.894487 0.215317 0.016635
0 0.332885 0.894487 0.121935 0.016635
0 0.484044 0.894487 0.180047 0.016635
0 0.641585 0.894487 0.134699 0.016635
0 0.778972 0.894487 0.139066 0.016635
0 0.899899 0.894487 0.103124 0.016635
