0 0.176352 0.076759 0.238159 0.019249
0 0.353712 0.076759 0.116224 0.019249
0 0.470608 0.076759 0.116896 0.019249
0 0.596910 0.076759 0.135707 0.019249
0 0.752435 0.076759 0.175344 0.019249
0 0.895868 0.076759 0.111186 0.019249
0 0.176352 0.150903 0.238159 0.019249
0 0.353712 0.150903 0.116224 0.019249
0 0.470608 0.150903 0.116896 0.019249
0 0.596910 0.150903 0.135707 0.019249
0 0.752435 0.150903 0.175344 0.019249
0 0.895868 0.150903 0.111186 0.019249
0 0.176352 0.203897 0.238159 0.019249
0 0.353712 0.203897 0.116224 0.019249
0 0.470608 0.203897 0.116896 0.019249
0 0.596910 0.203897 0.135707 0.019249
0 0.752435 0.203897 0.175344 0.019249
0 0.895868 0.203897 0.111186 0.019249
0 0.175680 0.295627 0.236480 0.019249
0 0.382936 0.295627 0.177696 0.019249
0 0.556937 0.295627 0.169970 0.019249
0 0.718509 0.295627 0.153510 0.019249
0 0.873698 0.295627 0.155862 0.019249
0 0.175680 0.369059 0.236480 0.019249
0 0.382936 0.369059 0.177696 0.019249
0 0.556937 0.369059 0.169970 0.019249
0 0.718509 0.369059 0.153510 0.019249
0 0.873698 0.369059 0.155862 0.019249
0 0.175680 0.431559 0.236480 0.019249
0 0.382936 0.431559 0.177696 0.019249
0 0.556937 0.431559 0.169970 0.019249
0 0.718509 0.431559 0.153510 0.019249
0 0.873698 0.431559 0.155862 0.019249
0 0.176016 0.523289 0.237487 0.019249
0 0.379913 0.523289 0.169298 0.019249
0 0.534767 0.523289 0.140746 0.019249
0 0.686597 0.523289 0.162244 0.019249
0 0.859926 0.523289 0.183406 0.019249
0 0.176016 0.602424 0.237487 0.019249
0 0.379913 0.602424 0.169298 0.019249
0 0.534767 0.602424 0.140746 0.019249
0 0.686597 0.602424 0.162244 0.019249
0 0.859926 0.602424 0.183406 0.019249
0 0.176016 0.667776 0.237487 0.019249
0 0.379913 0.667776 0.169298 0.019249
0 0.534767 0.667776 0.140746 0.019249
0 0.686597 0.667776 0.162244 0.019249
0 0.859926 0.667776 0.183406 0.019249
0 0.146456 0.759506 0.178032 0.019249
0 0.306349 0.759506 0.141418 0.019249
0 0.443735 0.759506 0.133020 0.019249
0 0.593551 0.759506 0.165939 0.019249
0 0.747733 0.759506 0.142761 0.019249
0 0.882432 0.759506 0.125966 0.019249
0 0.146456 0.824857 0.178032 0.019249
0 0.306349 0.824857 0.141418 0.019249
0 0.443735 0.824857 0.133020 0.019249
0 0.593551 0.824857 0.165939 0.019249
0 0.747733 0.824857 0.142761 0.019249
0 0.882432 0.824857 0.125966 0.019249
0 0.146456 0.888546 0.178032 0.019249
0 0.306349 0.888546 0.141418 0.019249
0 0.443735 0.888546 0.133020 0.019249
0 0.593551 0.888546 0.165939 0.019249
0 0.747733 0.888546 0.142761 0.019249
0 0.882432 0.888546 0.125966 0.019249
