0 0.171649 0.075570 0.229426 0.018774
0 0.411152 0.075570 0.248908 0.018774
0 0.606987 0.075570 0.142761 0.018774
0 0.744709 0.075570 0.132012 0.018774
0 0.881088 0.075570 0.140410 0.018774
0 0.171649 0.141635 0.229426 0.018774
0 0.411152 0.141635 0.248908 0.018774
0 0.606987 0.141635 0.142761 0.018774
0 0.744709 0.141635 0.132012 0.018774
0 0.881088 0.141635 0.140410 0.018774
0 0.171649 0.217443 0.229426 0.018774
0 0.411152 0.217443 0.248908 0.018774
0 0.606987 0.217443 0.142761 0.018774
0 0.744709 0.217443 0.132012 0.018774
0 0.881088 0.217443 0.140410 0.018774
0 0.171649 0.289211 0.229426 0.018774
0 0.411152 0.289211 0.248908 0.018774
0 0.606987 0.289211 0.142761 0.018774
0 0.744709 0.289211 0.132012 0.018774
0 0.881088 0.289211 0.140410 0.018774
0 0.171649 0.358365 0.229426 0.018774
0 0.411152 0.358365 0.248908 0.018774
0 0.606987 0.358365 0.142761 0.018774
0 0.744709 0.358365 0.132012 0.018774
0 0.881088 0.358365 0.140410 0.018774
0 0.171649 0.419439 0.229426 0.018774
0 0.411152 0.419439 0.248908 0.018774
0 0.606987 0.419439 0.142761 0.018774
0 0.744709 0.419439 0.132012 0.018774
0 0.881088 0.419439 0.140410 0.018774
0 0.141753 0.525428 0.169298 0.018774
0 0.285858 0.525428 0.118576 0.018774
0 0.412160 0.525428 0.134028 0.018774
0 0.525697 0.525428 0.093047 0.018774
0 0.613705 0.525428 0.074908 0.018774
0 0.722875 0.525428 0.142425 0.018774
0 0.872691 0.525428 0.157205 0.018774
0 0.141753 0.599097 0.169298 0.018774
0 0.285858 0.599097 0.118576 0.018774
0 0.412160 0.599097 0.134028 0.018774
0 0.525697 0.599097 0.093047 0.018774
0 0.613705 0.599097 0.074908 0.018774
0 0.722875 0.599097 0.142425 0.018774
0 0.872691 0.599097 0.157205 0.018774
0 0.141753 0.677044 0.169298 0.018774
0 0.285858 0.677044 0.118576 0.018774
0 0.412160 0.677044 0.134028 0.018774
0 0.525697 0.677044 0.093047 0.018774
0 0.613705 0.677044 0.074908 0.018774
0 0.722875 0.677044 0.142425 0.018774
0 0.872691 0.677044 0.157205 0.018774
0 0.141753 0.747148 0.169298 0.018774
0 0.285858 0.747148 0.118576 0.018774
0 0.412160 0.747148 0.134028 0.018774
0 0.525697 0.747148 0.093047 0.018774
0 0.613705 0.747148 0.074908 0.018774
0 0.722875 0.747148 0.142425 0.018774
0 0.872691 0.747148 0.157205 0.018774
0 0.141753 0.828184 0.169298 0.018774
0 0.285858 0.828184 0.118576 0.018774
0 0.412160 0.828184 0.134028 0.018774
0 0.525697 0.828184 0.093047 0.018774
0 0.613705 0.828184 0.074908 0.018774
0 0.722875 0.828184 0.142425 0.018774
0 0.872691 0.828184 0.157205 0.018774
0 0.141753 0.889734 0.169298 0.018774
0 0.285858 0.889734 0.118576 0.018774
0 0.412160 0.889734 0.134028 0.018774
0 0.525697 0.889734 0.093047 0.018774
0 0.613705 0.889734 0.074908 0.018774
0 0.722875 0.889734 0.142425 0.018774
0 0.872691 0.889734 0.157205 0.018774
