0 0.266040 0.176568 0.316762 0.022101
0 0.496809 0.176568 0.143769 0.022101
0 0.683910 0.176568 0.230769 0.022101
0 0.875714 0.176568 0.151831 0.022101
0 0.266040 0.246435 0.316762 0.022101
0 0.496809 0.246435 0.143769 0.022101
0 0.683910 0.246435 0.230769 0.022101
0 0.875714 0.246435 0.151831 0.022101
0 0.266040 0.315352 0.316762 0.022101
0 0.496809 0.315352 0.143769 0.022101
0 0.683910 0.315352 0.230769 0.022101
0 0.875714 0.315352 0.151831 0.022101
0 0.207927 0.459363 0.297615 0.022101
0 0.463218 0.459363 0.212630 0.022101
0 0.677864 0.459363 0.216661 0.022101
0 0.868660 0.459363 0.164931 0.022101
0 0.207927 0.531844 0.297615 0.022101
0 0.463218 0.531844 0.212630 0.022101
0 0.677864 0.531844 0.216661 0.022101
0 0.868660 0.531844 0.164931 0.022101
0 0.207927 0.595057 0.297615 0.022101
0 0.463218 0.595057 0.212630 0.022101
0 0.677864 0.595057 0.216661 0.022101
0 0.868660 0.595057 0.164931 0.022101
0 0.216997 0.739068 0.315754 0.022101
0 0.498488 0.739068 0.247229 0.022101
0 0.695331 0.739068 0.146456 0.022101
0 0.859926 0.739068 0.182398 0.022101
0 0.216997 0.812975 0.315754 0.022101
0 0.498488 0.812975 0.247229 0.022101
0 0.695331 0.812975 0.146456 0.022101
0 0.859926 0.812975 0.182398 0.022101
0 0.216997 0.882129 0.315754 0.022101
0 0.498488 0.882129 0.247229 0.022101
0 0.695331 0.882129 0.146456 0.022101
0 0.859926 0.882129 0.182398 0.022101
