0 0.234464 0.080561 0.352704 0.020913
0 0.556937 0.080561 0.291569 0.020913
0 0.827343 0.080561 0.248572 0.020913
0 0.234464 0.144487 0.352704 0.020913
0 0.556937 0.144487 0.291569 0.020913
0 0.827343 0.144487 0.248572 0.020913
0 0.234464 0.199857 0.352704 0.020913
0 0.556937 0.199857 0.291569 0.020913
0 0.827343 0.199857 0.248572 0.020913
0 0.190124 0.312975 0.264360 0.020913
0 0.426268 0.312975 0.207927 0.020913
0 0.616392 0.312975 0.171313 0.020913
0 0.808196 0.312975 0.211622 0.020913
0 0.190124 0.370722 0.264360 0.020913
0 0.426268 0.370722 0.207927 0.020913
0 0.616392 0.370722 0.171313 0.020913
0 0.808196 0.370722 0.211622 0.020913
0 0.190124 0.426093 0.264360 0.020913
0 0.426268 0.426093 0.207927 0.020913
0 0.616392 0.426093 0.171313 0.020913
0 0.808196 0.426093 0.211622 0.020913
0 0.193147 0.539211 0.270406 0.020913
0 0.431979 0.539211 0.206248 0.020913
0 0.635539 0.539211 0.201209 0.020913
0 0.843802 0.539211 0.214982 0.020913
0 0.193147 0.601949 0.270406 0.020913
0 0.431979 0.601949 0.206248 0.020913
0 0.635539 0.601949 0.201209 0.020913
0 0.843802 0.601949 0.214982 0.020913
0 0.193147 0.657319 0.270406 0.020913
0 0.431979 0.657319 0.206248 0.020913
0 0.635539 0.657319 0.201209 0.020913
0 0.843802 0.657319 0.214982 0.020913
0 0.192812 0.770437 0.269399 0.020913
0 0.417534 0.770437 0.179375 0.020913
0 0.640578 0.770437 0.257978 0.020913
0 0.860598 0.770437 0.182062 0.020913
0 0.192812 0.829373 0.269399 0.020913
0 0.417534 0.829373 0.179375 0.020913
0 0.640578 0.829373 0.257978 0.020913
0 0.860598 0.829373 0.182062 0.020913
0 0.192812 0.884743 0.269399 0.020913
0 0.417534 0.884743 0.179375 0.020913
0 0.640578 0.884743 0.257978 0.020913
0 0.860598 0.884743 0.182062 0.020913
