0 0.222036 0.201046 0.242190 0.018298
0 0.454484 0.201046 0.212966 0.018298
0 0.644273 0.201046 0.165939 0.018298
0 0.839436 0.201046 0.224051 0.018298
0 0.222036 0.249287 0.242190 0.018298
0 0.454484 0.249287 0.212966 0.018298
0 0.644273 0.249287 0.165939 0.018298
0 0.839436 0.249287 0.224051 0.018298
0 0.222036 0.297529 0.242190 0.018298
0 0.454484 0.297529 0.212966 0.018298
0 0.644273 0.297529 0.165939 0.018298
0 0.839436 0.297529 0.224051 0.018298
0 0.163923 0.430846 0.213638 0.018298
0 0.358415 0.430846 0.174672 0.018298
0 0.518307 0.430846 0.145448 0.018298
0 0.687269 0.430846 0.192476 0.018298
0 0.867652 0.430846 0.167618 0.018298
0 0.163923 0.485029 0.213638 0.018298
0 0.358415 0.485029 0.174672 0.018298
0 0.518307 0.485029 0.145448 0.018298
0 0.687269 0.485029 0.192476 0.018298
0 0.867652 0.485029 0.167618 0.018298
0 0.163923 0.539924 0.213638 0.018298
0 0.358415 0.539924 0.174672 0.018298
0 0.518307 0.539924 0.145448 0.018298
0 0.687269 0.539924 0.192476 0.018298
0 0.867652 0.539924 0.167618 0.018298
0 0.168290 0.673004 0.222372 0.018298
0 0.377225 0.673004 0.195499 0.018298
0 0.551226 0.673004 0.151831 0.018298
0 0.713470 0.673004 0.172657 0.018298
0 0.875714 0.673004 0.151495 0.018298
0 0.168290 0.733840 0.222372 0.018298
0 0.377225 0.733840 0.195499 0.018298
0 0.551226 0.733840 0.151831 0.018298
0 0.713470 0.733840 0.172657 0.018298
0 0.875714 0.733840 0.151495 0.018298
0 0.168290 0.782082 0.222372 0.018298
0 0.377225 0.782082 0.195499 0.018298
0 0.551226 0.782082 0.151831 0.018298
0 0.713470 0.782082 0.172657 0.018298
0 0.875714 0.782082 0.151495 0.018298
