0 0.116896 0.066778 0.093047 0.014734
0 0.264696 0.066778 0.202217 0.014734
0 0.470944 0.066778 0.209607 0.014734
0 0.667786 0.066778 0.183742 0.014734
0 0.855559 0.066778 0.191804 0.014734
0 0.116896 0.106939 0.093047 0.014734
0 0.264696 0.106939 0.202217 0.014734
0 0.470944 0.106939 0.209607 0.014734
0 0.667786 0.106939 0.183742 0.014734
0 0.855559 0.106939 0.191804 0.014734
0 0.116896 0.157319 0.093047 0.014734
0 0.264696 0.157319 0.202217 0.014734
0 0.470944 0.157319 0.209607 0.014734
0 0.667786 0.157319 0.183742 0.014734
0 0.855559 0.157319 0.191804 0.014734
0 0.116896 0.198907 0.093047 0.014734
0 0.264696 0.198907 0.202217 0.014734
0 0.470944 0.198907 0.209607 0.014734
0 0.667786 0.198907 0.183742 0.014734
0 0.855559 0.198907 0.191804 0.014734
0 0.116896 0.240257 0.093047 0.014734
0 0.264696 0.240257 0.202217 0.014734
0 0.470944 0.240257 0.209607 0.014734
0 0.667786 0.240257 0.183742 0.014734
0 0.855559 0.240257 0.191804 0.014734
0 0.116896 0.282319 0.093047 0.014734
0 0.264696 0.282319 0.202217 0.014734
0 0.470944 0.282319 0.209607 0.014734
0 0.667786 0.282319 0.183742 0.014734
0 0.855559 0.282319 0.191804 0.014734
0 0.172993 0.344819 0.205240 0.014734
0 0.370171 0.344819 0.188781 0.014734
0 0.535102 0.344819 0.140410 0.014734
0 0.693315 0.344819 0.175680 0.014734
0 0.866308 0.344819 0.170306 0.014734
0 0.172993 0.394011 0.205240 0.014734
0 0.370171 0.394011 0.188781 0.014734
0 0.535102 0.394011 0.140410 0.014734
0 0.693315 0.394011 0.175680 0.014734
0 0.866308 0.394011 0.170306 0.014734
0 0.172993 0.446530 0.205240 0.014734
0 0.370171 0.446530 0.188781 0.014734
0 0.535102 0.446530 0.140410 0.014734
0 0.693315 0.446530 0.175680 0.014734
0 0.866308 0.446530 0.170306 0.014734
0 0.172993 0.497386 0.205240 0.014734
0 0.370171 0.497386 0.188781 0.014734
0 0.535102 0.497386 0.140410 0.014734
0 0.693315 0.497386 0.175680 0.014734
0 0.866308 0.497386 0.170306 0.014734
0 0.172993 0.538498 0.205240 0.014734
0 0.370171 0.538498 0.188781 0.014734
0 0.535102 0.538498 0.140410 0.014734
0 0.693315 0.538498 0.175680 0.014734
0 0.866308 0.538498 0.170306 0.014734
0 0.172993 0.592443 0.205240 0.014734
0 0.370171 0.592443 0.188781 0.014734
0 0.535102 0.592443 0.140410 0.014734
0 0.693315 0.592443 0.175680 0.014734
0 0.866308 0.592443 0.170306 0.014734
0 0.186765 0.654943 0.232449 0.014734
0 0.384951 0.654943 0.163923 0.014734
0 0.546187 0.654943 0.158885 0.014734
0 0.707759 0.654943 0.163252 0.014734
0 0.870339 0.654943 0.162244 0.014734
0 0.186765 0.704373 0.232449 0.014734
0 0.384951 0.704373 0.163923 0.014734
0 0.546187 0.704373 0.158885 0.014734
0 0.707759 0.704373 0.163252 0.014734
0 0.870339 0.704373 0.162244 0.014734
0 0.186765 0.754515 0.232449 0.014734
0 0.384951 0.754515 0.163923 0.014734
0 0.546187 0.754515 0.158885 0.014734
0 0.707759 0.754515 0.163252 0.014734
0 0.870339 0.754515 0.162244 0.014734
0 0.186765 0.808222 0.232449 0.014734
0 0.384951 0.808222 0.163923 0.014734
0 0.546187 0.808222 0.158885 0.014734
0 0.707759 0.808222 0.163252 0.014734
0 0.870339 0.808222 0.162244 0.014734
0 0.186765 0.852424 0.232449 0.014734
0 0.384951 0.852424 0.163923 0.014734
0 0.546187 0.852424 0.158885 0.014734
0 0.707759 0.852424 0.163252 0.014734
0 0.870339 0.852424 0.162244 0.014734
0 0.186765 0.899002 0.232449 0.014734
0 0.384951 0.899002 0.163923 0.014734
0 0.546187 0.899002 0.158885 0.014734
0 0.707759 0.899002 0.163252 0.014734
0 0.870339 0.899002 0.162244 0.014734
