0 0.352704 0.191540 0.304669 0.020913
0 0.617064 0.191540 0.223715 0.020913
0 0.840443 0.191540 0.222372 0.020913
0 0.177024 0.257605 0.237823 0.020913
0 0.382264 0.257605 0.171985 0.020913
0 0.554921 0.257605 0.173665 0.020913
0 0.727914 0.257605 0.171985 0.020913
0 0.882768 0.257605 0.137387 0.020913
0 0.090359 0.323907 0.064494 0.020913
0 0.241854 0.323907 0.227410 0.020913
0 0.438697 0.323907 0.165939 0.020913
0 0.624118 0.323907 0.204904 0.020913
0 0.839100 0.323907 0.224387 0.020913
0 0.090359 0.393298 0.064494 0.020913
0 0.241854 0.393298 0.227410 0.020913
0 0.438697 0.393298 0.165939 0.020913
0 0.624118 0.393298 0.204904 0.020913
0 0.839100 0.393298 0.224387 0.020913
0 0.198522 0.459601 0.281156 0.020913
0 0.434330 0.459601 0.189788 0.020913
0 0.649647 0.459601 0.240846 0.020913
0 0.860934 0.459601 0.181055 0.020913
0 0.198522 0.531131 0.281156 0.020913
0 0.434330 0.531131 0.189788 0.020913
0 0.649647 0.531131 0.240846 0.020913
0 0.860934 0.531131 0.181055 0.020913
0 0.197850 0.597433 0.279476 0.020913
0 0.431979 0.597433 0.188109 0.020913
0 0.635875 0.597433 0.219684 0.020913
0 0.848841 0.597433 0.205576 0.020913
0 0.197850 0.673479 0.279476 0.020913
0 0.431979 0.673479 0.188109 0.020913
0 0.635875 0.673479 0.219684 0.020913
0 0.848841 0.673479 0.205576 0.020913
0 0.198522 0.739781 0.280820 0.020913
0 0.440712 0.739781 0.202889 0.020913
0 0.653006 0.739781 0.221364 0.020913
0 0.857575 0.739781 0.187437 0.020913
0 0.198522 0.814639 0.280820 0.020913
0 0.440712 0.814639 0.202889 0.020913
0 0.653006 0.814639 0.221364 0.020913
0 0.857575 0.814639 0.187437 0.020913
0 0.194155 0.884743 0.272086 0.020913
0 0.434330 0.884743 0.207927 0.020913
0 0.641585 0.884743 0.206248 0.020913
0 0.848169 0.884743 0.206248 0.020913
