0 0.290561 0.080561 0.465233 0.020913
0 0.737319 0.080561 0.427612 0.020913
0 0.290561 0.159221 0.465233 0.020913
0 0.737319 0.159221 0.427612 0.020913
0 0.290561 0.231939 0.465233 0.020913
0 0.737319 0.231939 0.427612 0.020913
0 0.294928 0.321530 0.473967 0.020913
0 0.741686 0.321530 0.418878 0.020913
0 0.294928 0.386882 0.473967 0.020913
0 0.741686 0.386882 0.418878 0.020913
0 0.294928 0.442015 0.473967 0.020913
0 0.741686 0.442015 0.418878 0.020913
0 0.239167 0.531844 0.362110 0.020913
0 0.573060 0.531844 0.305341 0.020913
0 0.838428 0.531844 0.225395 0.020913
0 0.239167 0.610504 0.362110 0.020913
0 0.573060 0.610504 0.305341 0.020913
0 0.838428 0.610504 0.225395 0.020913
0 0.239167 0.672053 0.362110 0.020913
0 0.573060 0.672053 0.305341 0.020913
0 0.838428 0.672053 0.225395 0.020913
0 0.197514 0.761644 0.278804 0.020913
0 0.504535 0.761644 0.335237 0.020913
0 0.811891 0.761644 0.278804 0.020913
0 0.197514 0.829135 0.278804 0.020913
0 0.504535 0.829135 0.335237 0.020913
0 0.811891 0.829135 0.278804 0.020913
0 0.197514 0.884743 0.278804 0.020913
0 0.504535 0.884743 0.335237 0.020913
0 0.811891 0.884743 0.278804 0.020913
