0 0.223715 0.080561 0.331206 0.020913
0 0.519651 0.080561 0.260329 0.020913
0 0.800806 0.080561 0.301310 0.020913
0 0.223715 0.138070 0.331206 0.020913
0 0.519651 0.138070 0.260329 0.020913
0 0.800806 0.138070 0.301310 0.020913
0 0.223715 0.193203 0.331206 0.020913
0 0.519651 0.193203 0.260329 0.020913
0 0.800806 0.193203 0.301310 0.020913
0 0.228754 0.305371 0.341283 0.020913
0 0.542828 0.305371 0.286530 0.020913
0 0.818945 0.305371 0.265032 0.020913
0 0.228754 0.364544 0.341283 0.020913
0 0.542828 0.364544 0.286530 0.020913
0 0.818945 0.364544 0.265032 0.020913
0 0.228754 0.419677 0.341283 0.020913
0 0.542828 0.419677 0.286530 0.020913
0 0.818945 0.419677 0.265032 0.020913
0 0.236816 0.531844 0.357407 0.020913
0 0.552570 0.531844 0.273430 0.020913
0 0.820289 0.531844 0.262345 0.020913
0 0.236816 0.591017 0.357407 0.020913
0 0.552570 0.591017 0.273430 0.020913
0 0.820289 0.591017 0.262345 0.020913
0 0.236816 0.646388 0.357407 0.020913
0 0.552570 0.646388 0.273430 0.020913
0 0.820289 0.646388 0.262345 0.020913
0 0.176352 0.758555 0.236480 0.020913
0 0.365469 0.758555 0.141418 0.020913
0 0.529392 0.758555 0.186093 0.020913
0 0.735304 0.758555 0.225059 0.020913
0 0.896204 0.758555 0.096742 0.020913
0 0.176352 0.826283 0.236480 0.020913
0 0.365469 0.826283 0.141418 0.020913
0 0.529392 0.826283 0.186093 0.020913
0 0.735304 0.826283 0.225059 0.020913
0 0.896204 0.826283 0.096742 0.020913
0 0.176352 0.884743 0.236480 0.020913
0 0.365469 0.884743 0.141418 0.020913
0 0.529392 0.884743 0.186093 0.020913
0 0.735304 0.884743 0.225059 0.020913
0 0.896204 0.884743 0.096742 0.020913
