0 0.178032 0.077234 0.241518 0.019487
0 0.402754 0.077234 0.207256 0.019487
0 0.619080 0.077234 0.225395 0.019487
0 0.841787 0.077234 0.219348 0.019487
0 0.178032 0.142586 0.241518 0.019487
0 0.402754 0.142586 0.207256 0.019487
0 0.619080 0.142586 0.225395 0.019487
0 0.841787 0.142586 0.219348 0.019487
0 0.178032 0.212928 0.241518 0.019487
0 0.402754 0.212928 0.207256 0.019487
0 0.619080 0.212928 0.225395 0.019487
0 0.841787 0.212928 0.219348 0.019487
0 0.178032 0.279705 0.241518 0.019487
0 0.402754 0.279705 0.207256 0.019487
0 0.619080 0.279705 0.225395 0.019487
0 0.841787 0.279705 0.219348 0.019487
0 0.178032 0.376901 0.241518 0.019487
0 0.402754 0.376901 0.207256 0.019487
0 0.619080 0.376901 0.225395 0.019487
0 0.841787 0.376901 0.219348 0.019487
0 0.178032 0.440589 0.241518 0.019487
0 0.402754 0.440589 0.207256 0.019487
0 0.619080 0.440589 0.225395 0.019487
0 0.841787 0.440589 0.219348 0.019487
0 0.218005 0.538023 0.321129 0.019487
0 0.516963 0.538023 0.276453 0.019487
0 0.803158 0.538023 0.295936 0.019487
0 0.218005 0.605513 0.321129 0.019487
0 0.516963 0.605513 0.276453 0.019487
0 0.803158 0.605513 0.295936 0.019487
0 0.218005 0.680608 0.321129 0.019487
0 0.516963 0.680608 0.276453 0.019487
0 0.803158 0.680608 0.295936 0.019487
0 0.218005 0.750238 0.321129 0.019487
0 0.516963 0.750238 0.276453 0.019487
0 0.803158 0.750238 0.295936 0.019487
0 0.218005 0.847671 0.321129 0.019487
0 0.516963 0.847671 0.276453 0.019487
0 0.803158 0.847671 0.295936 0.019487
0 0.218005 0.911122 0.321129 0.019487
0 0.516963 0.911122 0.276453 0.019487
0 0.803158 0.911122 0.295936 0.019487
