0 0.196171 0.078660 0.276789 0.020200
0 0.466577 0.078660 0.263352 0.020200
0 0.685590 0.078660 0.175008 0.020200
0 0.862613 0.078660 0.178032 0.020200
0 0.196171 0.144962 0.276789 0.020200
0 0.466577 0.144962 0.263352 0.020200
0 0.685590 0.144962 0.175008 0.020200
0 0.862613 0.144962 0.178032 0.020200
0 0.196171 0.221721 0.276789 0.020200
0 0.466577 0.221721 0.263352 0.020200
0 0.685590 0.221721 0.175008 0.020200
0 0.862613 0.221721 0.178032 0.020200
0 0.196171 0.288736 0.276789 0.020200
0 0.466577 0.288736 0.263352 0.020200
0 0.685590 0.288736 0.175008 0.020200
0 0.862613 0.288736 0.178032 0.020200
0 0.196171 0.354800 0.276789 0.020200
0 0.466577 0.354800 0.263352 0.020200
0 0.685590 0.354800 0.175008 0.020200
0 0.862613 0.354800 0.178032 0.020200
0 0.196171 0.425143 0.276789 0.020200
0 0.466577 0.425143 0.263352 0.020200
0 0.685590 0.425143 0.175008 0.020200
0 0.862613 0.425143 0.178032 0.020200
0 0.168962 0.571055 0.222707 0.020200
0 0.377897 0.571055 0.195163 0.020200
0 0.570037 0.571055 0.189117 0.020200
0 0.740679 0.571055 0.151495 0.020200
0 0.881088 0.571055 0.128317 0.020200
0 0.168962 0.636169 0.222707 0.020200
0 0.377897 0.636169 0.195163 0.020200
0 0.570037 0.636169 0.189117 0.020200
0 0.740679 0.636169 0.151495 0.020200
0 0.881088 0.636169 0.128317 0.020200
0 0.168962 0.708413 0.222707 0.020200
0 0.377897 0.708413 0.195163 0.020200
0 0.570037 0.708413 0.189117 0.020200
0 0.740679 0.708413 0.151495 0.020200
0 0.881088 0.708413 0.128317 0.020200
0 0.168962 0.773289 0.222707 0.020200
0 0.377897 0.773289 0.195163 0.020200
0 0.570037 0.773289 0.189117 0.020200
0 0.740679 0.773289 0.151495 0.020200
0 0.881088 0.773289 0.128317 0.020200
0 0.168962 0.833650 0.222707 0.020200
0 0.377897 0.833650 0.195163 0.020200
0 0.570037 0.833650 0.189117 0.020200
0 0.740679 0.833650 0.151495 0.020200
0 0.881088 0.833650 0.128317 0.020200
0 0.168962 0.886644 0.222707 0.020200
0 0.377897 0.886644 0.195163 0.020200
0 0.570037 0.886644 0.189117 0.020200
0 0.740679 0.886644 0.151495 0.020200
0 0.881088 0.886644 0.128317 0.020200
