0 0.280148 0.212215 0.352368 0.020913
0 0.587504 0.212215 0.262009 0.020913
0 0.834733 0.212215 0.232785 0.020913
0 0.280148 0.268774 0.352368 0.020913
0 0.587504 0.268774 0.262009 0.020913
0 0.834733 0.268774 0.232785 0.020913
0 0.170977 0.351711 0.225731 0.020913
0 0.398388 0.351711 0.228754 0.020913
0 0.627813 0.351711 0.229762 0.020913
0 0.847162 0.351711 0.208263 0.020913
0 0.170977 0.409696 0.225731 0.020913
0 0.398388 0.409696 0.228754 0.020913
0 0.627813 0.409696 0.229762 0.020913
0 0.847162 0.409696 0.208263 0.020913
0 0.170977 0.464829 0.225731 0.020913
0 0.398388 0.464829 0.228754 0.020913
0 0.627813 0.464829 0.229762 0.020913
0 0.847162 0.464829 0.208263 0.020913
0 0.199866 0.547766 0.283507 0.020913
0 0.439368 0.547766 0.194827 0.020913
0 0.638898 0.547766 0.203897 0.020913
0 0.846490 0.547766 0.210279 0.020913
0 0.199866 0.619534 0.283507 0.020913
0 0.439368 0.619534 0.194827 0.020913
0 0.638898 0.619534 0.203897 0.020913
0 0.846490 0.619534 0.210279 0.020913
0 0.199866 0.674905 0.283507 0.020913
0 0.439368 0.674905 0.194827 0.020913
0 0.638898 0.674905 0.203897 0.020913
0 0.846490 0.674905 0.210279 0.020913
0 0.242190 0.757605 0.368492 0.020913
0 0.562311 0.757605 0.271078 0.020913
0 0.824656 0.757605 0.253275 0.020913
0 0.242190 0.829610 0.368492 0.020913
0 0.562311 0.829610 0.271078 0.020913
0 0.824656 0.829610 0.253275 0.020913
0 0.242190 0.884743 0.368492 0.020913
0 0.562311 0.884743 0.271078 0.020913
0 0.824656 0.884743 0.253275 0.020913
