0 0.225395 0.231939 0.243198 0.020675
0 0.448102 0.231939 0.201881 0.020675
0 0.648640 0.231939 0.198522 0.020675
0 0.849849 0.231939 0.203561 0.020675
0 0.225395 0.286359 0.243198 0.020675
0 0.448102 0.286359 0.201881 0.020675
0 0.648640 0.286359 0.198522 0.020675
0 0.849849 0.286359 0.203561 0.020675
0 0.159557 0.379040 0.202889 0.020675
0 0.350353 0.379040 0.178032 0.020675
0 0.529392 0.379040 0.180047 0.020675
0 0.706416 0.379040 0.163588 0.020675
0 0.869667 0.379040 0.162916 0.020675
0 0.159557 0.433698 0.202889 0.020675
0 0.350353 0.433698 0.178032 0.020675
0 0.529392 0.433698 0.180047 0.020675
0 0.706416 0.433698 0.163588 0.020675
0 0.869667 0.433698 0.162916 0.020675
0 0.153174 0.526378 0.190460 0.020675
0 0.352032 0.526378 0.206248 0.020675
0 0.532415 0.526378 0.154854 0.020675
0 0.705072 0.526378 0.189452 0.020675
0 0.875378 0.526378 0.151495 0.020675
0 0.153174 0.605989 0.190460 0.020675
0 0.352032 0.605989 0.206248 0.020675
0 0.532415 0.605989 0.154854 0.020675
0 0.705072 0.605989 0.189452 0.020675
0 0.875378 0.605989 0.151495 0.020675
0 0.153174 0.660409 0.190460 0.020675
0 0.352032 0.660409 0.206248 0.020675
0 0.532415 0.660409 0.154854 0.020675
0 0.705072 0.660409 0.189452 0.020675
0 0.875378 0.660409 0.151495 0.020675
0 0.167282 0.753089 0.218677 0.020675
0 0.363789 0.753089 0.173329 0.020675
0 0.520994 0.753089 0.140410 0.020675
0 0.666107 0.753089 0.149143 0.020675
0 0.845818 0.753089 0.210615 0.020675
0 0.167282 0.831036 0.218677 0.020675
0 0.363789 0.831036 0.173329 0.020675
0 0.520994 0.831036 0.140410 0.020675
0 0.666107 0.831036 0.149143 0.020675
0 0.845818 0.831036 0.210615 0.020675
0 0.167282 0.885456 0.218677 0.020675
0 0.363789 0.885456 0.173329 0.020675
0 0.520994 0.885456 0.140410 0.020675
0 0.666107 0.885456 0.149143 0.020675
0 0.845818 0.885456 0.210615 0.020675
