0 0.189117 0.075570 0.264024 0.018774
0 0.432986 0.075570 0.224051 0.018774
0 0.648640 0.075570 0.206248 0.018774
0 0.851864 0.075570 0.199530 0.018774
0 0.189117 0.150903 0.264024 0.018774
0 0.432986 0.150903 0.224051 0.018774
0 0.648640 0.150903 0.206248 0.018774
0 0.851864 0.150903 0.199530 0.018774
0 0.189117 0.195580 0.264024 0.018774
0 0.432986 0.195580 0.224051 0.018774
0 0.648640 0.195580 0.206248 0.018774
0 0.851864 0.195580 0.199530 0.018774
0 0.191804 0.261882 0.269399 0.018774
0 0.432314 0.261882 0.210951 0.018774
0 0.643937 0.261882 0.211958 0.018774
0 0.850521 0.261882 0.201209 0.018774
0 0.191804 0.330323 0.269399 0.018774
0 0.432314 0.330323 0.210951 0.018774
0 0.643937 0.330323 0.211958 0.018774
0 0.850521 0.330323 0.201209 0.018774
0 0.191804 0.375713 0.269399 0.018774
0 0.432314 0.375713 0.210951 0.018774
0 0.643937 0.375713 0.211958 0.018774
0 0.850521 0.375713 0.201209 0.018774
0 0.153846 0.441778 0.193483 0.018774
0 0.342627 0.441778 0.183742 0.018774
0 0.554585 0.441778 0.239839 0.018774
0 0.745045 0.441778 0.141082 0.018774
0 0.883440 0.441778 0.136043 0.018774
0 0.153846 0.504515 0.193483 0.018774
0 0.342627 0.504515 0.183742 0.018774
0 0.554585 0.504515 0.239839 0.018774
0 0.745045 0.504515 0.141082 0.018774
0 0.883440 0.504515 0.136043 0.018774
0 0.153846 0.555846 0.193483 0.018774
0 0.342627 0.555846 0.183742 0.018774
0 0.554585 0.555846 0.239839 0.018774
0 0.745045 0.555846 0.141082 0.018774
0 0.883440 0.555846 0.136043 0.018774
0 0.147128 0.623574 0.180383 0.018774
0 0.307356 0.623574 0.139402 0.018774
0 0.448102 0.623574 0.141082 0.018774
0 0.589184 0.623574 0.141082 0.018774
0 0.723211 0.623574 0.126302 0.018774
0 0.868996 0.623574 0.164595 0.018774
0 0.147128 0.671103 0.180383 0.018774
0 0.307356 0.671103 0.139402 0.018774
0 0.448102 0.671103 0.141082 0.018774
0 0.589184 0.671103 0.141082 0.018774
0 0.723211 0.671103 0.126302 0.018774
0 0.868996 0.671103 0.164595 0.018774
0 0.147128 0.720532 0.180383 0.018774
0 0.307356 0.720532 0.139402 0.018774
0 0.448102 0.720532 0.141082 0.018774
0 0.589184 0.720532 0.141082 0.018774
0 0.723211 0.720532 0.126302 0.018774
0 0.868996 0.720532 0.164595 0.018774
0 0.179039 0.791825 0.243870 0.018774
0 0.414175 0.791825 0.226738 0.018774
0 0.633524 0.791825 0.211622 0.018774
0 0.845482 0.791825 0.211958 0.018774
0 0.179039 0.848859 0.243870 0.018774
0 0.414175 0.848859 0.226738 0.018774
0 0.633524 0.848859 0.211622 0.018774
0 0.845482 0.848859 0.211958 0.018774
0 0.179039 0.889734 0.243870 0.018774
0 0.414175 0.889734 0.226738 0.018774
0 0.633524 0.889734 0.211622 0.018774
0 0.845482 0.889734 0.211958 0.018774
