0 0.167282 0.078660 0.219348 0.020200
0 0.345314 0.078660 0.136043 0.020200
0 0.499160 0.078660 0.171313 0.020200
0 0.681223 0.078660 0.192140 0.020200
0 0.864293 0.078660 0.174001 0.020200
0 0.167282 0.146863 0.219348 0.020200
0 0.345314 0.146863 0.136043 0.020200
0 0.499160 0.146863 0.171313 0.020200
0 0.681223 0.146863 0.192140 0.020200
0 0.864293 0.146863 0.174001 0.020200
0 0.167282 0.224810 0.219348 0.020200
0 0.345314 0.224810 0.136043 0.020200
0 0.499160 0.224810 0.171313 0.020200
0 0.681223 0.224810 0.192140 0.020200
0 0.864293 0.224810 0.174001 0.020200
0 0.167282 0.309173 0.219348 0.020200
0 0.345314 0.309173 0.136043 0.020200
0 0.499160 0.309173 0.171313 0.020200
0 0.681223 0.309173 0.192140 0.020200
0 0.864293 0.309173 0.174001 0.020200
0 0.167282 0.378089 0.219348 0.020200
0 0.345314 0.378089 0.136043 0.020200
0 0.499160 0.378089 0.171313 0.020200
0 0.681223 0.378089 0.192140 0.020200
0 0.864293 0.378089 0.174001 0.020200
0 0.167282 0.444392 0.219348 0.020200
0 0.345314 0.444392 0.136043 0.020200
0 0.499160 0.444392 0.171313 0.020200
0 0.681223 0.444392 0.192140 0.020200
0 0.864293 0.444392 0.174001 0.020200
0 0.155526 0.544677 0.195835 0.020200
0 0.334901 0.544677 0.162580 0.020200
0 0.497145 0.544677 0.161236 0.020200
0 0.650991 0.544677 0.138730 0.020200
0 0.786026 0.544677 0.130668 0.020200
0 0.898220 0.544677 0.093719 0.020200
0 0.155526 0.611692 0.195835 0.020200
0 0.334901 0.611692 0.162580 0.020200
0 0.497145 0.611692 0.161236 0.020200
0 0.650991 0.611692 0.138730 0.020200
0 0.786026 0.611692 0.130668 0.020200
0 0.898220 0.611692 0.093719 0.020200
0 0.155526 0.685599 0.195835 0.020200
0 0.334901 0.685599 0.162580 0.020200
0 0.497145 0.685599 0.161236 0.020200
0 0.650991 0.685599 0.138730 0.020200
0 0.786026 0.685599 0.130668 0.020200
0 0.898220 0.685599 0.093719 0.020200
0 0.155526 0.754515 0.195835 0.020200
0 0.334901 0.754515 0.162580 0.020200
0 0.497145 0.754515 0.161236 0.020200
0 0.650991 0.754515 0.138730 0.020200
0 0.786026 0.754515 0.130668 0.020200
0 0.898220 0.754515 0.093719 0.020200
0 0.155526 0.822956 0.195835 0.020200
0 0.334901 0.822956 0.162580 0.020200
0 0.497145 0.822956 0.161236 0.020200
0 0.650991 0.822956 0.138730 0.020200
0 0.786026 0.822956 0.130668 0.020200
0 0.898220 0.822956 0.093719 0.020200
0 0.155526 0.886644 0.195835 0.020200
0 0.334901 0.886644 0.162580 0.020200
0 0.497145 0.886644 0.161236 0.020200
0 0.650991 0.886644 0.138730 0.020200
0 0.786026 0.886644 0.130668 0.020200
0 0.898220 0.886644 0.093719 0.020200
