0 0.208935 0.080561 0.301646 0.020913
0 0.454148 0.080561 0.188445 0.020913
0 0.666107 0.080561 0.234464 0.020913
0 0.867652 0.080561 0.167954 0.020913
0 0.208935 0.152329 0.301646 0.020913
0 0.454148 0.152329 0.188445 0.020913
0 0.666107 0.152329 0.234464 0.020913
0 0.867652 0.152329 0.167954 0.020913
0 0.208935 0.207700 0.301646 0.020913
0 0.454148 0.207700 0.188445 0.020913
0 0.666107 0.207700 0.234464 0.020913
0 0.867652 0.207700 0.167954 0.020913
0 0.201209 0.290637 0.286194 0.020913
0 0.426268 0.290637 0.163588 0.020913
0 0.578771 0.290637 0.141418 0.020913
0 0.724219 0.290637 0.148808 0.020913
0 0.875378 0.290637 0.152503 0.020913
0 0.201209 0.377376 0.286194 0.020913
0 0.426268 0.377376 0.163588 0.020913
0 0.578771 0.377376 0.141418 0.020913
0 0.724219 0.377376 0.148808 0.020913
0 0.875378 0.377376 0.152503 0.020913
0 0.201209 0.444629 0.286194 0.020913
0 0.426268 0.444629 0.163588 0.020913
0 0.578771 0.444629 0.141418 0.020913
0 0.724219 0.444629 0.148808 0.020913
0 0.875378 0.444629 0.152503 0.020913
0 0.197850 0.523527 0.279812 0.020913
0 0.429963 0.523527 0.183406 0.020913
0 0.621095 0.523527 0.199194 0.020913
0 0.836077 0.523527 0.230433 0.020913
0 0.197850 0.599810 0.279812 0.020913
0 0.429963 0.599810 0.183406 0.020913
0 0.621095 0.599810 0.199194 0.020913
0 0.836077 0.599810 0.230433 0.020913
0 0.197850 0.670152 0.279812 0.020913
0 0.429963 0.670152 0.183406 0.020913
0 0.621095 0.670152 0.199194 0.020913
0 0.836077 0.670152 0.230433 0.020913
0 0.198858 0.749287 0.281491 0.020913
0 0.435002 0.749287 0.190460 0.020913
0 0.641250 0.749287 0.222036 0.020913
0 0.851864 0.749287 0.199194 0.020913
0 0.198858 0.818916 0.281491 0.020913
0 0.435002 0.818916 0.190460 0.020913
0 0.641250 0.818916 0.222036 0.020913
0 0.851864 0.818916 0.199194 0.020913
0 0.198858 0.884743 0.281491 0.020913
0 0.435002 0.884743 0.190460 0.020913
0 0.641250 0.884743 0.222036 0.020913
0 0.851864 0.884743 0.199194 0.020913
