0 0.238159 0.080561 0.360430 0.020913
0 0.557272 0.080561 0.277125 0.020913
0 0.823648 0.080561 0.255291 0.020913
0 0.238159 0.139259 0.360430 0.020913
0 0.557272 0.139259 0.277125 0.020913
0 0.823648 0.139259 0.255291 0.020913
0 0.238159 0.220532 0.360430 0.020913
0 0.557272 0.220532 0.277125 0.020913
0 0.823648 0.220532 0.255291 0.020913
0 0.238159 0.305371 0.360430 0.020913
0 0.557272 0.305371 0.277125 0.020913
0 0.823648 0.305371 0.255291 0.020913
0 0.243870 0.393061 0.371851 0.020913
0 0.548875 0.393061 0.237487 0.020913
0 0.809540 0.393061 0.283507 0.020913
0 0.243870 0.471483 0.371851 0.020913
0 0.548875 0.471483 0.237487 0.020913
0 0.809540 0.471483 0.283507 0.020913
0 0.243870 0.544914 0.371851 0.020913
0 0.548875 0.544914 0.237487 0.020913
0 0.809540 0.544914 0.283507 0.020913
0 0.243870 0.608365 0.371851 0.020913
0 0.548875 0.608365 0.237487 0.020913
0 0.809540 0.608365 0.283507 0.020913
0 0.218677 0.696055 0.321129 0.020913
0 0.536446 0.696055 0.313739 0.020913
0 0.822640 0.696055 0.257978 0.020913
0 0.218677 0.757129 0.321129 0.020913
0 0.536446 0.757129 0.313739 0.020913
0 0.822640 0.757129 0.257978 0.020913
0 0.218677 0.829135 0.321129 0.020913
0 0.536446 0.829135 0.313739 0.020913
0 0.822640 0.829135 0.257978 0.020913
0 0.218677 0.884981 0.321129 0.020913
0 0.536446 0.884981 0.313739 0.020913
0 0.822640 0.884981 0.257978 0.020913
