0 0.189117 0.066778 0.253611 0.014734
0 0.424589 0.066778 0.217333 0.014734
0 0.644273 0.066778 0.221028 0.014734
0 0.853208 0.066778 0.196842 0.014734
0 0.189117 0.106464 0.253611 0.014734
0 0.424589 0.106464 0.217333 0.014734
0 0.644273 0.106464 0.221028 0.014734
0 0.853208 0.106464 0.196842 0.014734
0 0.189117 0.154468 0.253611 0.014734
0 0.424589 0.154468 0.217333 0.014734
0 0.644273 0.154468 0.221028 0.014734
0 0.853208 0.154468 0.196842 0.014734
0 0.189117 0.209363 0.253611 0.014734
0 0.424589 0.209363 0.217333 0.014734
0 0.644273 0.209363 0.221028 0.014734
0 0.853208 0.209363 0.196842 0.014734
0 0.189117 0.258317 0.253611 0.014734
0 0.424589 0.258317 0.217333 0.014734
0 0.644273 0.258317 0.221028 0.014734
0 0.853208 0.258317 0.196842 0.014734
0 0.189117 0.311787 0.253611 0.014734
0 0.424589 0.311787 0.217333 0.014734
0 0.644273 0.311787 0.221028 0.014734
0 0.853208 0.311787 0.196842 0.014734
0 0.189117 0.352424 0.253611 0.014734
0 0.424589 0.352424 0.217333 0.014734
0 0.644273 0.352424 0.221028 0.014734
0 0.853208 0.352424 0.196842 0.014734
0 0.189117 0.401378 0.253611 0.014734
0 0.424589 0.401378 0.217333 0.014734
0 0.644273 0.401378 0.221028 0.014734
0 0.853208 0.401378 0.196842 0.014734
0 0.220692 0.508793 0.316762 0.014734
0 0.519987 0.508793 0.281491 0.014734
0 0.806181 0.508793 0.290897 0.014734
0 0.220692 0.562500 0.316762 0.014734
0 0.519987 0.562500 0.281491 0.014734
0 0.806181 0.562500 0.290897 0.014734
0 0.220692 0.616920 0.316762 0.014734
0 0.519987 0.616920 0.281491 0.014734
0 0.806181 0.616920 0.290897 0.014734
0 0.220692 0.671578 0.316762 0.014734
0 0.519987 0.671578 0.281491 0.014734
0 0.806181 0.671578 0.290897 0.014734
0 0.220692 0.724097 0.316762 0.014734
0 0.519987 0.724097 0.281491 0.014734
0 0.806181 0.724097 0.290897 0.014734
0 0.220692 0.772101 0.316762 0.014734
0 0.519987 0.772101 0.281491 0.014734
0 0.806181 0.772101 0.290897 0.014734
0 0.220692 0.822719 0.316762 0.014734
0 0.519987 0.822719 0.281491 0.014734
0 0.806181 0.822719 0.290897 0.014734
0 0.220692 0.876663 0.316762 0.014734
0 0.519987 0.876663 0.281491 0.014734
0 0.806181 0.876663 0.290897 0.014734
