0 0.302318 0.080561 0.488411 0.020913
0 0.749076 0.080561 0.404770 0.020913
0 0.302318 0.144962 0.488411 0.020913
0 0.749076 0.144962 0.404770 0.020913
0 0.302318 0.200333 0.488411 0.020913
0 0.749076 0.200333 0.404770 0.020913
0 0.226402 0.305133 0.336916 0.020913
0 0.522002 0.305133 0.253611 0.020913
0 0.800134 0.305133 0.302654 0.020913
0 0.226402 0.365019 0.336916 0.020913
0 0.522002 0.365019 0.253611 0.020913
0 0.800134 0.365019 0.302654 0.020913
0 0.226402 0.420152 0.336916 0.020913
0 0.522002 0.420152 0.253611 0.020913
0 0.800134 0.420152 0.302654 0.020913
0 0.215317 0.525190 0.314410 0.020913
0 0.511925 0.525190 0.278468 0.020913
0 0.801142 0.525190 0.299966 0.020913
0 0.215317 0.593631 0.314410 0.020913
0 0.511925 0.593631 0.278468 0.020913
0 0.801142 0.593631 0.299966 0.020913
0 0.215317 0.652804 0.314410 0.020913
0 0.511925 0.652804 0.278468 0.020913
0 0.801142 0.652804 0.299966 0.020913
0 0.291905 0.757605 0.467585 0.020913
0 0.738663 0.757605 0.425260 0.020913
0 0.291905 0.826521 0.467585 0.020913
0 0.738663 0.826521 0.425260 0.020913
0 0.291905 0.884743 0.467585 0.020913
0 0.738663 0.884743 0.425260 0.020913
