0 0.229090 0.080561 0.341955 0.020913
0 0.539469 0.080561 0.278132 0.020913
0 0.815250 0.080561 0.272758 0.020913
0 0.229090 0.139971 0.341955 0.020913
0 0.539469 0.139971 0.278132 0.020913
0 0.815250 0.139971 0.272758 0.020913
0 0.229090 0.195342 0.341955 0.020913
0 0.539469 0.195342 0.278132 0.020913
0 0.815250 0.195342 0.272758 0.020913
0 0.237487 0.307034 0.358750 0.020913
0 0.552570 0.307034 0.271078 0.020913
0 0.819953 0.307034 0.263016 0.020913
0 0.237487 0.365019 0.358750 0.020913
0 0.552570 0.365019 0.271078 0.020913
0 0.819953 0.365019 0.263016 0.020913
0 0.237487 0.420390 0.358750 0.020913
0 0.552570 0.420390 0.271078 0.020913
0 0.819953 0.420390 0.263016 0.020913
0 0.235472 0.531844 0.354720 0.020913
0 0.557272 0.531844 0.288546 0.020913
0 0.826335 0.531844 0.249580 0.020913
0 0.235472 0.591730 0.354720 0.020913
0 0.557272 0.591730 0.288546 0.020913
0 0.826335 0.591730 0.249580 0.020913
0 0.235472 0.647101 0.354720 0.020913
0 0.557272 0.647101 0.288546 0.020913
0 0.826335 0.647101 0.249580 0.020913
0 0.227410 0.758555 0.338932 0.020913
0 0.539133 0.758555 0.283843 0.020913
0 0.816594 0.758555 0.270071 0.020913
0 0.227410 0.829610 0.338932 0.020913
0 0.539133 0.829610 0.283843 0.020913
0 0.816594 0.829610 0.270071 0.020913
0 0.227410 0.884743 0.338932 0.020913
0 0.539133 0.884743 0.283843 0.020913
0 0.816594 0.884743 0.270071 0.020913
