0 0.230433 0.081749 0.343635 0.021388
0 0.544844 0.081749 0.284851 0.021388
0 0.819617 0.081749 0.264024 0.021388
0 0.230433 0.160884 0.343635 0.021388
0 0.544844 0.160884 0.284851 0.021388
0 0.819617 0.160884 0.264024 0.021388
0 0.230433 0.217443 0.343635 0.021388
0 0.544844 0.217443 0.284851 0.021388
0 0.819617 0.217443 0.264024 0.021388
0 0.263688 0.302281 0.410144 0.021388
0 0.583809 0.302281 0.229762 0.021388
0 0.814578 0.302281 0.231777 0.021388
0 0.263688 0.378327 0.410144 0.021388
0 0.583809 0.378327 0.229762 0.021388
0 0.814578 0.378327 0.231777 0.021388
0 0.263688 0.434886 0.410144 0.021388
0 0.583809 0.434886 0.229762 0.021388
0 0.814578 0.434886 0.231777 0.021388
0 0.182062 0.519487 0.246557 0.021388
0 0.424589 0.519487 0.238831 0.021388
0 0.636547 0.519487 0.185086 0.021388
0 0.840443 0.519487 0.221700 0.021388
0 0.182062 0.586740 0.246557 0.021388
0 0.424589 0.586740 0.238831 0.021388
0 0.636547 0.586740 0.185086 0.021388
0 0.840443 0.586740 0.221700 0.021388
0 0.182062 0.643298 0.246557 0.021388
0 0.424589 0.643298 0.238831 0.021388
0 0.636547 0.643298 0.185086 0.021388
0 0.840443 0.643298 0.221700 0.021388
0 0.183406 0.727899 0.249580 0.021388
0 0.409473 0.727899 0.202217 0.021388
0 0.619080 0.727899 0.217333 0.021388
0 0.829023 0.727899 0.202553 0.021388
0 0.183406 0.814876 0.249580 0.021388
0 0.409473 0.814876 0.202217 0.021388
0 0.619080 0.814876 0.217333 0.021388
0 0.829023 0.814876 0.202553 0.021388
0 0.183406 0.883793 0.249580 0.021388
0 0.409473 0.883793 0.202217 0.021388
0 0.619080 0.883793 0.217333 0.021388
0 0.829023 0.883793 0.202553 0.021388
