0 0.208263 0.080561 0.300638 0.020913
0 0.451461 0.080561 0.185086 0.020913
0 0.633188 0.080561 0.177696 0.020913
0 0.837084 0.080561 0.229090 0.020913
0 0.208263 0.144487 0.300638 0.020913
0 0.451461 0.144487 0.185086 0.020913
0 0.633188 0.144487 0.177696 0.020913
0 0.837084 0.144487 0.229090 0.020913
0 0.208263 0.199857 0.300638 0.020913
0 0.451461 0.199857 0.185086 0.020913
0 0.633188 0.199857 0.177696 0.020913
0 0.837084 0.199857 0.229090 0.020913
0 0.190124 0.296103 0.264360 0.020913
0 0.424924 0.296103 0.205240 0.020913
0 0.620423 0.296103 0.185086 0.020913
0 0.813907 0.296103 0.200873 0.020913
0 0.190124 0.361930 0.264360 0.020913
0 0.424924 0.361930 0.205240 0.020913
0 0.620423 0.361930 0.185086 0.020913
0 0.813907 0.361930 0.200873 0.020913
0 0.190124 0.425143 0.264360 0.020913
0 0.424924 0.425143 0.205240 0.020913
0 0.620423 0.425143 0.185086 0.020913
0 0.813907 0.425143 0.200873 0.020913
0 0.218341 0.521150 0.320457 0.020913
0 0.492442 0.521150 0.227074 0.020913
0 0.666107 0.521150 0.119583 0.020913
0 0.838764 0.521150 0.225395 0.020913
0 0.218341 0.592681 0.320457 0.020913
0 0.492442 0.592681 0.227074 0.020913
0 0.666107 0.592681 0.119583 0.020913
0 0.838764 0.592681 0.225395 0.020913
0 0.218341 0.658983 0.320457 0.020913
0 0.492442 0.658983 0.227074 0.020913
0 0.666107 0.658983 0.119583 0.020913
0 0.838764 0.658983 0.225395 0.020913
0 0.184414 0.754990 0.252603 0.020913
0 0.426604 0.754990 0.231105 0.020913
0 0.647296 0.754990 0.209607 0.020913
0 0.851528 0.754990 0.199194 0.020913
0 0.184414 0.817253 0.252603 0.020913
0 0.426604 0.817253 0.231105 0.020913
0 0.647296 0.817253 0.209607 0.020913
0 0.851528 0.817253 0.199194 0.020913
0 0.184414 0.884743 0.252603 0.020913
0 0.426604 0.884743 0.231105 0.020913
0 0.647296 0.884743 0.209607 0.020913
0 0.851528 0.884743 0.199194 0.020913
