0 0.213638 0.080561 0.311051 0.020913
0 0.476654 0.080561 0.215317 0.020913
0 0.689956 0.080561 0.210615 0.020913
0 0.865301 0.080561 0.139738 0.020913
0 0.213638 0.164211 0.311051 0.020913
0 0.476654 0.164211 0.215317 0.020913
0 0.689956 0.164211 0.210615 0.020913
0 0.865301 0.164211 0.139738 0.020913
0 0.213638 0.240494 0.311051 0.020913
0 0.476654 0.240494 0.215317 0.020913
0 0.689956 0.240494 0.210615 0.020913
0 0.865301 0.240494 0.139738 0.020913
0 0.324488 0.320817 0.533087 0.020913
0 0.771246 0.320817 0.359758 0.020913
0 0.324488 0.398764 0.533087 0.020913
0 0.771246 0.398764 0.359758 0.020913
0 0.324488 0.454135 0.533087 0.020913
0 0.771246 0.454135 0.359758 0.020913
0 0.194155 0.534458 0.272086 0.020913
0 0.442056 0.534458 0.223043 0.020913
0 0.653006 0.534458 0.198186 0.020913
0 0.851864 0.534458 0.199530 0.020913
0 0.194155 0.612880 0.272086 0.020913
0 0.442056 0.612880 0.223043 0.020913
0 0.653006 0.612880 0.198186 0.020913
0 0.851864 0.612880 0.199530 0.020913
0 0.194155 0.670390 0.272086 0.020913
0 0.442056 0.670390 0.223043 0.020913
0 0.653006 0.670390 0.198186 0.020913
0 0.851864 0.670390 0.199530 0.020913
0 0.177360 0.765922 0.238831 0.020913
0 0.392341 0.765922 0.190124 0.020913
0 0.566678 0.765922 0.158885 0.020913
0 0.727914 0.765922 0.163588 0.020913
0 0.877393 0.765922 0.134699 0.020913
0 0.177360 0.824382 0.238831 0.020913
0 0.392341 0.824382 0.190124 0.020913
0 0.566678 0.824382 0.158885 0.020913
0 0.727914 0.824382 0.163588 0.020913
0 0.877393 0.824382 0.134699 0.020913
0 0.177360 0.884743 0.238831 0.020913
0 0.392341 0.884743 0.190124 0.020913
0 0.566678 0.884743 0.158885 0.020913
0 0.727914 0.884743 0.163588 0.020913
0 0.877393 0.884743 0.134699 0.020913
