0 0.231933 0.076960 0.352941 0.020190
0 0.516639 0.076960 0.216471 0.020190
0 0.789244 0.076960 0.328739 0.020190
0 0.231933 0.143230 0.352941 0.020190
0 0.516639 0.143230 0.216471 0.020190
0 0.789244 0.143230 0.328739 0.020190
0 0.231933 0.200713 0.352941 0.020190
0 0.516639 0.200713 0.216471 0.020190
0 0.789244 0.200713 0.328739 0.020190
0 0.217143 0.296675 0.323697 0.020190
0 0.480336 0.296675 0.202353 0.020190
0 0.681008 0.296675 0.198655 0.020190
0 0.832269 0.296675 0.102857 0.020190
0 0.217143 0.370546 0.323697 0.020190
0 0.480336 0.370546 0.202353 0.020190
0 0.681008 0.370546 0.198655 0.020190
0 0.832269 0.370546 0.102857 0.020190
0 0.217143 0.423515 0.323697 0.020190
0 0.480336 0.423515 0.202353 0.020190
0 0.681008 0.423515 0.198655 0.020190
0 0.832269 0.423515 0.102857 0.020190
0 0.194286 0.519477 0.277983 0.020190
0 0.393613 0.519477 0.120672 0.020190
0 0.513950 0.519477 0.118992 0.020190
0 0.655126 0.519477 0.163361 0.020190
0 0.845378 0.519477 0.217143 0.020190
0 0.194286 0.585986 0.277983 0.020190
0 0.393613 0.585986 0.120672 0.020190
0 0.513950 0.585986 0.118992 0.020190
0 0.655126 0.585986 0.163361 0.020190
0 0.845378 0.585986 0.217143 0.020190
0 0.194286 0.638955 0.277983 0.020190
0 0.393613 0.638955 0.120672 0.020190
0 0.513950 0.638955 0.118992 0.020190
0 0.655126 0.638955 0.163361 0.020190
0 0.845378 0.638955 0.217143 0.020190
0 0.170420 0.734917 0.230252 0.020190
0 0.413109 0.734917 0.254118 0.020190
0 0.628235 0.734917 0.176471 0.020190
0 0.781849 0.734917 0.130084 0.020190
0 0.897143 0.734917 0.100504 0.020190
0 0.170420 0.802138 0.230252 0.020190
0 0.413109 0.802138 0.254118 0.020190
0 0.628235 0.802138 0.176471 0.020190
0 0.781849 0.802138 0.130084 0.020190
0 0.897143 0.802138 0.100504 0.020190
0 0.170420 0.855344 0.230252 0.020190
0 0.413109 0.855344 0.254118 0.020190
0 0.628235 0.855344 0.176471 0.020190
0 0.781849 0.855344 0.130084 0.020190
0 0.897143 0.855344 0.100504 0.020190
