0 0.223379 0.086740 0.327175 0.023764
0 0.556937 0.086740 0.339940 0.023764
0 0.839100 0.086740 0.224387 0.023764
0 0.223379 0.154230 0.327175 0.023764
0 0.556937 0.154230 0.339940 0.023764
0 0.839100 0.154230 0.224387 0.023764
0 0.223379 0.216730 0.327175 0.023764
0 0.556937 0.216730 0.339940 0.023764
0 0.839100 0.216730 0.224387 0.023764
0 0.223379 0.294439 0.327175 0.023764
0 0.556937 0.294439 0.339940 0.023764
0 0.839100 0.294439 0.224387 0.023764
0 0.223379 0.356939 0.327175 0.023764
0 0.556937 0.356939 0.339940 0.023764
0 0.839100 0.356939 0.224387 0.023764
0 0.194827 0.529230 0.270406 0.023764
0 0.437017 0.529230 0.213638 0.023764
0 0.640914 0.529230 0.194155 0.023764
0 0.844810 0.529230 0.213302 0.023764
0 0.194827 0.591492 0.270406 0.023764
0 0.437017 0.591492 0.213638 0.023764
0 0.640914 0.591492 0.194155 0.023764
0 0.844810 0.591492 0.213302 0.023764
0 0.209943 0.763783 0.300638 0.023764
0 0.468257 0.763783 0.215653 0.023764
0 0.684246 0.763783 0.215653 0.023764
0 0.871683 0.763783 0.159221 0.023764
0 0.209943 0.826283 0.300638 0.023764
0 0.468257 0.826283 0.215653 0.023764
0 0.684246 0.826283 0.215653 0.023764
0 0.871683 0.826283 0.159221 0.023764
