0 0.173329 0.077234 0.232113 0.019487
0 0.433658 0.077234 0.287538 0.019487
0 0.630836 0.077234 0.107155 0.019487
0 0.754115 0.077234 0.131004 0.019487
0 0.885455 0.077234 0.131676 0.019487
0 0.173329 0.139734 0.232113 0.019487
0 0.433658 0.139734 0.287538 0.019487
0 0.630836 0.139734 0.107155 0.019487
0 0.754115 0.139734 0.131004 0.019487
0 0.885455 0.139734 0.131676 0.019487
0 0.173329 0.191065 0.232113 0.019487
0 0.433658 0.191065 0.287538 0.019487
0 0.630836 0.191065 0.107155 0.019487
0 0.754115 0.191065 0.131004 0.019487
0 0.885455 0.191065 0.131676 0.019487
0 0.210279 0.254278 0.305677 0.019487
0 0.456836 0.254278 0.187437 0.019487
0 0.660060 0.254278 0.218677 0.019487
0 0.860598 0.254278 0.182062 0.019487
0 0.210279 0.313926 0.305677 0.019487
0 0.456836 0.313926 0.187437 0.019487
0 0.660060 0.313926 0.218677 0.019487
0 0.860598 0.313926 0.182062 0.019487
0 0.210279 0.365257 0.305677 0.019487
0 0.456836 0.365257 0.187437 0.019487
0 0.660060 0.365257 0.218677 0.019487
0 0.860598 0.365257 0.182062 0.019487
0 0.204568 0.428470 0.294256 0.019487
0 0.461538 0.428470 0.219348 0.019487
0 0.674840 0.428470 0.206920 0.019487
0 0.851192 0.428470 0.145113 0.019487
0 0.204568 0.482890 0.294256 0.019487
0 0.461538 0.482890 0.219348 0.019487
0 0.674840 0.482890 0.206920 0.019487
0 0.851192 0.482890 0.145113 0.019487
0 0.204568 0.534221 0.294256 0.019487
0 0.461538 0.534221 0.219348 0.019487
0 0.674840 0.534221 0.206920 0.019487
0 0.851192 0.534221 0.145113 0.019487
0 0.208935 0.597433 0.302990 0.019487
0 0.452805 0.597433 0.184414 0.019487
0 0.669466 0.597433 0.247901 0.019487
0 0.872355 0.597433 0.158213 0.019487
0 0.208935 0.656131 0.302990 0.019487
0 0.452805 0.656131 0.184414 0.019487
0 0.669466 0.656131 0.247901 0.019487
0 0.872355 0.656131 0.158213 0.019487
0 0.208935 0.707224 0.302990 0.019487
0 0.452805 0.707224 0.184414 0.019487
0 0.669466 0.707224 0.247901 0.019487
0 0.872355 0.707224 0.158213 0.019487
0 0.215317 0.770675 0.316090 0.019487
0 0.458515 0.770675 0.169970 0.019487
0 0.688613 0.770675 0.289889 0.019487
0 0.889486 0.770675 0.111522 0.019487
0 0.215317 0.837215 0.316090 0.019487
0 0.458515 0.837215 0.169970 0.019487
0 0.688613 0.837215 0.289889 0.019487
0 0.889486 0.837215 0.111522 0.019487
0 0.215317 0.888308 0.316090 0.019487
0 0.458515 0.888308 0.169970 0.019487
0 0.688613 0.888308 0.289889 0.019487
0 0.889486 0.888308 0.111522 0.019487
