0 0.225059 0.086740 0.330870 0.023764
0 0.518643 0.086740 0.255962 0.023764
0 0.799127 0.086740 0.304333 0.023764
0 0.225059 0.156369 0.330870 0.023764
0 0.518643 0.156369 0.255962 0.023764
0 0.799127 0.156369 0.304333 0.023764
0 0.225059 0.218869 0.330870 0.023764
0 0.518643 0.218869 0.255962 0.023764
0 0.799127 0.218869 0.304333 0.023764
0 0.208599 0.312025 0.297951 0.023764
0 0.511589 0.312025 0.308028 0.023764
0 0.808532 0.312025 0.285522 0.023764
0 0.208599 0.379515 0.297951 0.023764
0 0.511589 0.379515 0.308028 0.023764
0 0.808532 0.379515 0.285522 0.023764
0 0.208599 0.441778 0.297951 0.023764
0 0.511589 0.441778 0.308028 0.023764
0 0.808532 0.441778 0.285522 0.023764
0 0.246893 0.534933 0.374202 0.023764
0 0.535774 0.534933 0.203897 0.023764
0 0.794424 0.534933 0.313403 0.023764
0 0.246893 0.597433 0.374202 0.023764
0 0.535774 0.597433 0.203897 0.023764
0 0.794424 0.597433 0.313403 0.023764
0 0.246893 0.659696 0.374202 0.023764
0 0.535774 0.659696 0.203897 0.023764
0 0.794424 0.659696 0.313403 0.023764
0 0.221364 0.752852 0.323144 0.023764
0 0.534431 0.752852 0.302654 0.023764
0 0.818609 0.752852 0.265368 0.023764
0 0.221364 0.816302 0.323144 0.023764
0 0.534431 0.816302 0.302654 0.023764
0 0.818609 0.816302 0.265368 0.023764
0 0.221364 0.878802 0.323144 0.023764
0 0.534431 0.878802 0.302654 0.023764
0 0.818609 0.878802 0.265368 0.023764
