0 0.191132 0.084838 0.263688 0.022814
0 0.425932 0.084838 0.205912 0.022814
0 0.637219 0.084838 0.215989 0.022814
0 0.848169 0.084838 0.205912 0.022814
0 0.191132 0.144962 0.263688 0.022814
0 0.425932 0.144962 0.205912 0.022814
0 0.637219 0.144962 0.215989 0.022814
0 0.848169 0.144962 0.205912 0.022814
0 0.191132 0.209125 0.263688 0.022814
0 0.425932 0.209125 0.205912 0.022814
0 0.637219 0.209125 0.215989 0.022814
0 0.848169 0.209125 0.205912 0.022814
0 0.200537 0.295865 0.282499 0.022814
0 0.501176 0.295865 0.318441 0.022814
0 0.805845 0.295865 0.290561 0.022814
0 0.200537 0.364068 0.282499 0.022814
0 0.501176 0.364068 0.318441 0.022814
0 0.805845 0.364068 0.290561 0.022814
0 0.200537 0.428945 0.282499 0.022814
0 0.501176 0.428945 0.318441 0.022814
0 0.805845 0.428945 0.290561 0.022814
0 0.220692 0.515922 0.322472 0.022814
0 0.508230 0.515922 0.252939 0.022814
0 0.793080 0.515922 0.316090 0.022814
0 0.220692 0.586740 0.322472 0.022814
0 0.508230 0.586740 0.252939 0.022814
0 0.793080 0.586740 0.316090 0.022814
0 0.220692 0.653279 0.322472 0.022814
0 0.508230 0.653279 0.252939 0.022814
0 0.793080 0.653279 0.316090 0.022814
0 0.222707 0.740019 0.326503 0.022814
0 0.544172 0.740019 0.316426 0.022814
0 0.827007 0.740019 0.248572 0.022814
0 0.222707 0.819629 0.326503 0.022814
0 0.544172 0.819629 0.316426 0.022814
0 0.827007 0.819629 0.248572 0.022814
0 0.222707 0.880703 0.326503 0.022814
0 0.544172 0.880703 0.316426 0.022814
0 0.827007 0.880703 0.248572 0.022814
