0 0.220020 0.086740 0.320457 0.023764
0 0.529728 0.086740 0.298287 0.023764
0 0.814914 0.086740 0.272422 0.023764
0 0.220020 0.149240 0.320457 0.023764
0 0.529728 0.149240 0.298287 0.023764
0 0.814914 0.149240 0.272422 0.023764
0 0.220020 0.211502 0.320457 0.023764
0 0.529728 0.211502 0.298287 0.023764
0 0.814914 0.211502 0.272422 0.023764
0 0.230097 0.304183 0.340947 0.023764
0 0.542828 0.304183 0.283507 0.023764
0 0.817938 0.304183 0.266711 0.023764
0 0.230097 0.378565 0.340947 0.023764
0 0.542828 0.378565 0.283507 0.023764
0 0.817938 0.378565 0.266711 0.023764
0 0.230097 0.441065 0.340947 0.023764
0 0.542828 0.441065 0.283507 0.023764
0 0.817938 0.441065 0.266711 0.023764
0 0.244541 0.533508 0.369499 0.023764
0 0.566342 0.533508 0.274101 0.023764
0 0.827343 0.533508 0.247901 0.023764
0 0.244541 0.599097 0.369499 0.023764
0 0.566342 0.599097 0.274101 0.023764
0 0.827343 0.599097 0.247901 0.023764
0 0.244541 0.661359 0.369499 0.023764
0 0.566342 0.661359 0.274101 0.023764
0 0.827343 0.661359 0.247901 0.023764
0 0.212294 0.754040 0.305005 0.023764
0 0.464562 0.754040 0.199194 0.023764
0 0.671817 0.754040 0.214982 0.023764
0 0.861606 0.754040 0.164259 0.023764
0 0.212294 0.816540 0.305005 0.023764
0 0.464562 0.816540 0.199194 0.023764
0 0.671817 0.816540 0.214982 0.023764
0 0.861606 0.816540 0.164259 0.023764
0 0.212294 0.878802 0.305005 0.023764
0 0.464562 0.878802 0.199194 0.023764
0 0.671817 0.878802 0.214982 0.023764
0 0.861606 0.878802 0.164259 0.023764
