0 0.187773 0.080561 0.259657 0.020913
0 0.420222 0.080561 0.204568 0.020913
0 0.625126 0.080561 0.204568 0.020913
0 0.839772 0.080561 0.223715 0.020913
0 0.187773 0.158508 0.259657 0.020913
0 0.420222 0.158508 0.204568 0.020913
0 0.625126 0.158508 0.204568 0.020913
0 0.839772 0.158508 0.223715 0.020913
0 0.187773 0.215067 0.259657 0.020913
0 0.420222 0.215067 0.204568 0.020913
0 0.625126 0.215067 0.204568 0.020913
0 0.839772 0.215067 0.223715 0.020913
0 0.186093 0.302044 0.256298 0.020913
0 0.428619 0.302044 0.227746 0.020913
0 0.628821 0.302044 0.171985 0.020913
0 0.833053 0.302044 0.236480 0.020913
0 0.186093 0.379990 0.256298 0.020913
0 0.428619 0.379990 0.227746 0.020913
0 0.628821 0.379990 0.171985 0.020913
0 0.833053 0.379990 0.236480 0.020913
0 0.186093 0.435361 0.256298 0.020913
0 0.428619 0.435361 0.227746 0.020913
0 0.628821 0.435361 0.171985 0.020913
0 0.833053 0.435361 0.236480 0.020913
0 0.224051 0.522338 0.332214 0.020913
0 0.532415 0.522338 0.283843 0.020913
0 0.813235 0.522338 0.276789 0.020913
0 0.224051 0.592205 0.332214 0.020913
0 0.532415 0.592205 0.283843 0.020913
0 0.813235 0.592205 0.276789 0.020913
0 0.224051 0.653279 0.332214 0.020913
0 0.532415 0.653279 0.283843 0.020913
0 0.813235 0.653279 0.276789 0.020913
0 0.180383 0.740257 0.244541 0.020913
0 0.432986 0.740257 0.260329 0.020913
0 0.667115 0.740257 0.206920 0.020913
0 0.857575 0.740257 0.174001 0.020913
0 0.180383 0.819867 0.244541 0.020913
0 0.432986 0.819867 0.260329 0.020913
0 0.667115 0.819867 0.206920 0.020913
0 0.857575 0.819867 0.174001 0.020913
0 0.180383 0.884743 0.244541 0.020913
0 0.432986 0.884743 0.260329 0.020913
0 0.667115 0.884743 0.206920 0.020913
0 0.857575 0.884743 0.174001 0.020913
