0 0.251596 0.124049 0.223043 0.013783
0 0.459859 0.124049 0.193147 0.013783
0 0.654686 0.124049 0.196171 0.013783
0 0.852200 0.124049 0.198858 0.013783
0 0.251596 0.160884 0.223043 0.013783
0 0.459859 0.160884 0.193147 0.013783
0 0.654686 0.160884 0.196171 0.013783
0 0.852200 0.160884 0.198858 0.013783
0 0.251596 0.197481 0.223043 0.013783
0 0.459859 0.197481 0.193147 0.013783
0 0.654686 0.197481 0.196171 0.013783
0 0.852200 0.197481 0.198858 0.013783
0 0.251596 0.236217 0.223043 0.013783
0 0.459859 0.236217 0.193147 0.013783
0 0.654686 0.236217 0.196171 0.013783
0 0.852200 0.236217 0.198858 0.013783
0 0.251596 0.287072 0.223043 0.013783
0 0.459859 0.287072 0.193147 0.013783
0 0.654686 0.287072 0.196171 0.013783
0 0.852200 0.287072 0.198858 0.013783
0 0.251596 0.323669 0.223043 0.013783
0 0.459859 0.323669 0.193147 0.013783
0 0.654686 0.323669 0.196171 0.013783
0 0.852200 0.323669 0.198858 0.013783
0 0.251596 0.360741 0.223043 0.013783
0 0.459859 0.360741 0.193147 0.013783
0 0.654686 0.360741 0.196171 0.013783
0 0.852200 0.360741 0.198858 0.013783
0 0.251596 0.397576 0.223043 0.013783
0 0.459859 0.397576 0.193147 0.013783
0 0.654686 0.397576 0.196171 0.013783
0 0.852200 0.397576 0.198858 0.013783
0 0.164595 0.499287 0.205912 0.013783
0 0.359086 0.499287 0.182734 0.013783
0 0.543836 0.499287 0.186093 0.013783
0 0.703393 0.499287 0.132348 0.013783
0 0.860598 0.499287 0.182062 0.013783
0 0.164595 0.543489 0.205912 0.013783
0 0.359086 0.543489 0.182734 0.013783
0 0.543836 0.543489 0.186093 0.013783
0 0.703393 0.543489 0.132348 0.013783
0 0.860598 0.543489 0.182062 0.013783
0 0.164595 0.587215 0.205912 0.013783
0 0.359086 0.587215 0.182734 0.013783
0 0.543836 0.587215 0.186093 0.013783
0 0.703393 0.587215 0.132348 0.013783
0 0.860598 0.587215 0.182062 0.013783
0 0.164595 0.635694 0.205912 0.013783
0 0.359086 0.635694 0.182734 0.013783
0 0.543836 0.635694 0.186093 0.013783
0 0.703393 0.635694 0.132348 0.013783
0 0.860598 0.635694 0.182062 0.013783
0 0.164595 0.684173 0.205912 0.013783
0 0.359086 0.684173 0.182734 0.013783
0 0.543836 0.684173 0.186093 0.013783
0 0.703393 0.684173 0.132348 0.013783
0 0.860598 0.684173 0.182062 0.013783
0 0.164595 0.728375 0.205912 0.013783
0 0.359086 0.728375 0.182734 0.013783
0 0.543836 0.728375 0.186093 0.013783
0 0.703393 0.728375 0.132348 0.013783
0 0.860598 0.728375 0.182062 0.013783
0 0.164595 0.773289 0.205912 0.013783
0 0.359086 0.773289 0.182734 0.013783
0 0.543836 0.773289 0.186093 0.013783
0 0.703393 0.773289 0.132348 0.013783
0 0.860598 0.773289 0.182062 0.013783
0 0.164595 0.810124 0.205912 0.013783
0 0.359086 0.810124 0.182734 0.013783
0 0.543836 0.810124 0.186093 0.013783
0 0.703393 0.810124 0.132348 0.013783
0 0.860598 0.810124 0.182062 0.013783
