0 0.206920 0.170627 0.145784 0.021863
0 0.413168 0.170627 0.266711 0.021863
0 0.740343 0.170627 0.378905 0.021863
0 0.206920 0.228612 0.145784 0.021863
0 0.413168 0.228612 0.266711 0.021863
0 0.740343 0.228612 0.378905 0.021863
0 0.206920 0.299430 0.145784 0.021863
0 0.413168 0.299430 0.266711 0.021863
0 0.740343 0.299430 0.378905 0.021863
0 0.266711 0.459601 0.415183 0.021863
0 0.704400 0.459601 0.451461 0.021863
0 0.266711 0.523527 0.415183 0.021863
0 0.704400 0.523527 0.451461 0.021863
0 0.266711 0.581511 0.415183 0.021863
0 0.704400 0.581511 0.451461 0.021863
0 0.256634 0.741683 0.395364 0.021863
0 0.694323 0.741683 0.470944 0.021863
0 0.256634 0.805846 0.395364 0.021863
0 0.694323 0.805846 0.470944 0.021863
0 0.256634 0.863831 0.395364 0.021863
0 0.694323 0.863831 0.470944 0.021863
