0 0.227074 0.081749 0.336916 0.021388
0 0.550218 0.081749 0.309036 0.021388
0 0.828015 0.081749 0.246557 0.021388
0 0.227074 0.143061 0.336916 0.021388
0 0.550218 0.143061 0.309036 0.021388
0 0.828015 0.143061 0.246557 0.021388
0 0.227074 0.214354 0.336916 0.021388
0 0.550218 0.214354 0.309036 0.021388
0 0.828015 0.214354 0.246557 0.021388
0 0.220692 0.302044 0.324152 0.021388
0 0.520658 0.302044 0.275445 0.021388
0 0.804837 0.302044 0.292912 0.021388
0 0.220692 0.363356 0.324152 0.021388
0 0.520658 0.363356 0.275445 0.021388
0 0.804837 0.363356 0.292912 0.021388
0 0.220692 0.440114 0.324152 0.021388
0 0.520658 0.440114 0.275445 0.021388
0 0.804837 0.440114 0.292912 0.021388
0 0.217333 0.527804 0.317098 0.021388
0 0.517971 0.527804 0.284179 0.021388
0 0.805509 0.527804 0.291233 0.021388
0 0.217333 0.603137 0.317098 0.021388
0 0.517971 0.603137 0.284179 0.021388
0 0.805509 0.603137 0.291233 0.021388
0 0.217333 0.672766 0.317098 0.021388
0 0.517971 0.672766 0.284179 0.021388
0 0.805509 0.672766 0.291233 0.021388
0 0.229762 0.760456 0.342291 0.021388
0 0.561303 0.760456 0.320793 0.021388
0 0.836412 0.760456 0.229426 0.021388
0 0.229762 0.827234 0.342291 0.021388
0 0.561303 0.827234 0.320793 0.021388
0 0.836412 0.827234 0.229426 0.021388
0 0.229762 0.883793 0.342291 0.021388
0 0.561303 0.883793 0.320793 0.021388
0 0.836412 0.883793 0.229426 0.021388
