0 0.251260 0.177281 0.282835 0.017348
0 0.501176 0.177281 0.216661 0.017348
0 0.706416 0.177281 0.193147 0.017348
0 0.877393 0.177281 0.148472 0.017348
0 0.251260 0.235266 0.282835 0.017348
0 0.501176 0.235266 0.216661 0.017348
0 0.706416 0.235266 0.193147 0.017348
0 0.877393 0.235266 0.148472 0.017348
0 0.251260 0.293013 0.282835 0.017348
0 0.501176 0.293013 0.216661 0.017348
0 0.706416 0.293013 0.193147 0.017348
0 0.877393 0.293013 0.148472 0.017348
0 0.251260 0.350998 0.282835 0.017348
0 0.501176 0.350998 0.216661 0.017348
0 0.706416 0.350998 0.193147 0.017348
0 0.877393 0.350998 0.148472 0.017348
0 0.251260 0.422053 0.282835 0.017348
0 0.501176 0.422053 0.216661 0.017348
0 0.706416 0.422053 0.193147 0.017348
0 0.877393 0.422053 0.148472 0.017348
0 0.251260 0.474572 0.282835 0.017348
0 0.501176 0.474572 0.216661 0.017348
0 0.706416 0.474572 0.193147 0.017348
0 0.877393 0.474572 0.148472 0.017348
0 0.198522 0.593156 0.283507 0.017348
0 0.451461 0.593156 0.222372 0.017348
0 0.677528 0.593156 0.229426 0.017348
0 0.872019 0.593156 0.159221 0.017348
0 0.198522 0.651141 0.283507 0.017348
0 0.451461 0.651141 0.222372 0.017348
0 0.677528 0.651141 0.229426 0.017348
0 0.872019 0.651141 0.159221 0.017348
0 0.198522 0.712215 0.283507 0.017348
0 0.451461 0.712215 0.222372 0.017348
0 0.677528 0.712215 0.229426 0.017348
0 0.872019 0.712215 0.159221 0.017348
0 0.198522 0.776378 0.283507 0.017348
0 0.451461 0.776378 0.222372 0.017348
0 0.677528 0.776378 0.229426 0.017348
0 0.872019 0.776378 0.159221 0.017348
0 0.198522 0.842443 0.283507 0.017348
0 0.451461 0.842443 0.222372 0.017348
0 0.677528 0.842443 0.229426 0.017348
0 0.872019 0.842443 0.159221 0.017348
0 0.198522 0.888308 0.283507 0.017348
0 0.451461 0.888308 0.222372 0.017348
0 0.677528 0.888308 0.229426 0.017348
0 0.872019 0.888308 0.159221 0.017348
