0 0.171985 0.080561 0.228082 0.020913
0 0.372523 0.080561 0.171985 0.020913
0 0.538462 0.080561 0.159221 0.020913
0 0.702721 0.080561 0.169634 0.020913
0 0.869667 0.080561 0.163588 0.020913
0 0.171985 0.152091 0.228082 0.020913
0 0.372523 0.152091 0.171985 0.020913
0 0.538462 0.152091 0.159221 0.020913
0 0.702721 0.152091 0.169634 0.020913
0 0.869667 0.152091 0.163588 0.020913
0 0.171985 0.216255 0.228082 0.020913
0 0.372523 0.216255 0.171985 0.020913
0 0.538462 0.216255 0.159221 0.020913
0 0.702721 0.216255 0.169634 0.020913
0 0.869667 0.216255 0.163588 0.020913
0 0.172321 0.311787 0.228418 0.020913
0 0.374538 0.311787 0.175680 0.020913
0 0.548875 0.311787 0.172993 0.020913
0 0.714478 0.311787 0.157877 0.020913
0 0.872691 0.311787 0.157877 0.020913
0 0.172321 0.381179 0.228418 0.020913
0 0.374538 0.381179 0.175680 0.020913
0 0.548875 0.381179 0.172993 0.020913
0 0.714478 0.381179 0.157877 0.020913
0 0.872691 0.381179 0.157877 0.020913
0 0.172321 0.451521 0.228418 0.020913
0 0.374538 0.451521 0.175680 0.020913
0 0.548875 0.451521 0.172993 0.020913
0 0.714478 0.451521 0.157877 0.020913
0 0.872691 0.451521 0.157877 0.020913
0 0.177360 0.546816 0.238831 0.020913
0 0.377225 0.546816 0.159893 0.020913
0 0.535774 0.546816 0.157205 0.020913
0 0.700034 0.546816 0.170977 0.020913
0 0.868324 0.546816 0.165603 0.020913
0 0.177360 0.602186 0.238831 0.020913
0 0.377225 0.602186 0.159893 0.020913
0 0.535774 0.602186 0.157205 0.020913
0 0.700034 0.602186 0.170977 0.020913
0 0.868324 0.602186 0.165603 0.020913
0 0.177360 0.657557 0.238831 0.020913
0 0.377225 0.657557 0.159893 0.020913
0 0.535774 0.657557 0.157205 0.020913
0 0.700034 0.657557 0.170977 0.020913
0 0.868324 0.657557 0.165603 0.020913
0 0.168290 0.753089 0.220692 0.020913
0 0.358415 0.753089 0.158549 0.020913
0 0.533087 0.753089 0.191132 0.020913
0 0.707424 0.753089 0.156533 0.020913
0 0.868324 0.753089 0.165603 0.020913
0 0.168290 0.827709 0.220692 0.020913
0 0.358415 0.827709 0.158549 0.020913
0 0.533087 0.827709 0.191132 0.020913
0 0.707424 0.827709 0.156533 0.020913
0 0.868324 0.827709 0.165603 0.020913
0 0.168290 0.884743 0.220692 0.020913
0 0.358415 0.884743 0.158549 0.020913
0 0.533087 0.884743 0.191132 0.020913
0 0.707424 0.884743 0.156533 0.020913
0 0.868324 0.884743 0.165603 0.020913
