0 0.155190 0.080561 0.194491 0.020913
0 0.309372 0.080561 0.112865 0.020913
0 0.422909 0.080561 0.114545 0.020913
0 0.537454 0.080561 0.114545 0.020913
0 0.650655 0.080561 0.111858 0.020913
0 0.766544 0.080561 0.119583 0.020913
0 0.889150 0.080561 0.124958 0.020913
0 0.155190 0.151141 0.194491 0.020913
0 0.309372 0.151141 0.112865 0.020913
0 0.422909 0.151141 0.114545 0.020913
0 0.537454 0.151141 0.114545 0.020913
0 0.650655 0.151141 0.111858 0.020913
0 0.766544 0.151141 0.119583 0.020913
0 0.889150 0.151141 0.124958 0.020913
0 0.155190 0.222433 0.194491 0.020913
0 0.309372 0.222433 0.112865 0.020913
0 0.422909 0.222433 0.114545 0.020913
0 0.537454 0.222433 0.114545 0.020913
0 0.650655 0.222433 0.111858 0.020913
0 0.766544 0.222433 0.119583 0.020913
0 0.889150 0.222433 0.124958 0.020913
0 0.155190 0.299905 0.194491 0.020913
0 0.309372 0.299905 0.112865 0.020913
0 0.422909 0.299905 0.114545 0.020913
0 0.537454 0.299905 0.114545 0.020913
0 0.650655 0.299905 0.111858 0.020913
0 0.766544 0.299905 0.119583 0.020913
0 0.889150 0.299905 0.124958 0.020913
0 0.155190 0.362880 0.194491 0.020913
0 0.309372 0.362880 0.112865 0.020913
0 0.422909 0.362880 0.114545 0.020913
0 0.537454 0.362880 0.114545 0.020913
0 0.650655 0.362880 0.111858 0.020913
0 0.766544 0.362880 0.119583 0.020913
0 0.889150 0.362880 0.124958 0.020913
0 0.155190 0.422291 0.194491 0.020913
0 0.309372 0.422291 0.112865 0.020913
0 0.422909 0.422291 0.114545 0.020913
0 0.537454 0.422291 0.114545 0.020913
0 0.650655 0.422291 0.111858 0.020913
0 0.766544 0.422291 0.119583 0.020913
0 0.889150 0.422291 0.124958 0.020913
0 0.160900 0.530656 0.205576 0.020913
0 0.331206 0.530656 0.134699 0.020913
0 0.473631 0.530656 0.149815 0.020913
0 0.617400 0.530656 0.137387 0.020913
0 0.755459 0.530656 0.138394 0.020913
0 0.888142 0.530656 0.126302 0.020913
0 0.160900 0.603850 0.205576 0.020913
0 0.331206 0.603850 0.134699 0.020913
0 0.473631 0.603850 0.149815 0.020913
0 0.617400 0.603850 0.137387 0.020913
0 0.755459 0.603850 0.138394 0.020913
0 0.888142 0.603850 0.126302 0.020913
0 0.160900 0.677757 0.205576 0.020913
0 0.331206 0.677757 0.134699 0.020913
0 0.473631 0.677757 0.149815 0.020913
0 0.617400 0.677757 0.137387 0.020913
0 0.755459 0.677757 0.138394 0.020913
0 0.888142 0.677757 0.126302 0.020913
0 0.160900 0.751663 0.205576 0.020913
0 0.331206 0.751663 0.134699 0.020913
0 0.473631 0.751663 0.149815 0.020913
0 0.617400 0.751663 0.137387 0.020913
0 0.755459 0.751663 0.138394 0.020913
0 0.888142 0.751663 0.126302 0.020913
0 0.160900 0.816540 0.205576 0.020913
0 0.331206 0.816540 0.134699 0.020913
0 0.473631 0.816540 0.149815 0.020913
0 0.617400 0.816540 0.137387 0.020913
0 0.755459 0.816540 0.138394 0.020913
0 0.888142 0.816540 0.126302 0.020913
0 0.160900 0.871673 0.205576 0.020913
0 0.331206 0.871673 0.134699 0.020913
0 0.473631 0.871673 0.149815 0.020913
0 0.617400 0.871673 0.137387 0.020913
0 0.755459 0.871673 0.138394 0.020913
0 0.888142 0.871673 0.126302 0.020913
