0 0.224387 0.170627 0.234464 0.021863
0 0.224387 0.228612 0.234464 0.021863
0 0.415519 0.316065 0.445415 0.021863
0 0.794760 0.316065 0.313067 0.021863
0 0.415519 0.374287 0.445415 0.021863
0 0.794760 0.374287 0.313067 0.021863
0 0.415519 0.432272 0.445415 0.021863
0 0.794760 0.432272 0.313067 0.021863
0 0.310715 0.525665 0.503527 0.021863
0 0.756802 0.525665 0.388646 0.021863
0 0.310715 0.596245 0.503527 0.021863
0 0.756802 0.596245 0.388646 0.021863
0 0.310715 0.654230 0.503527 0.021863
0 0.756802 0.654230 0.388646 0.021863
0 0.301310 0.747624 0.484716 0.021863
0 0.747733 0.747624 0.407793 0.021863
0 0.301310 0.824382 0.484716 0.021863
0 0.747733 0.824382 0.407793 0.021863
0 0.301310 0.882605 0.484716 0.021863
0 0.747733 0.882605 0.407793 0.021863
