0 0.375210 0.270675 0.482701 0.021863
0 0.784347 0.270675 0.334565 0.021863
0 0.375210 0.328660 0.482701 0.021863
0 0.784347 0.328660 0.334565 0.021863
0 0.375210 0.388308 0.482701 0.021863
0 0.784347 0.388308 0.334565 0.021863
0 0.225395 0.512595 0.332550 0.021863
0 0.531407 0.512595 0.279812 0.021863
0 0.811555 0.512595 0.279812 0.021863
0 0.225395 0.570580 0.332550 0.021863
0 0.531407 0.570580 0.279812 0.021863
0 0.811555 0.570580 0.279812 0.021863
0 0.225395 0.628565 0.332550 0.021863
0 0.531407 0.628565 0.279812 0.021863
0 0.811555 0.628565 0.279812 0.021863
0 0.291233 0.752852 0.464562 0.021863
0 0.737655 0.752852 0.427948 0.021863
0 0.291233 0.824382 0.464562 0.021863
0 0.737655 0.824382 0.427948 0.021863
0 0.291233 0.882605 0.464562 0.021863
0 0.737655 0.882605 0.427948 0.021863
