0 0.179039 0.175856 0.134028 0.023764
0 0.289889 0.175856 0.086664 0.023764
0 0.179039 0.237880 0.134028 0.023527
0 0.289889 0.237880 0.086664 0.023527
0 0.299966 0.326521 0.200537 0.023764
0 0.482029 0.326521 0.163588 0.023764
0 0.661740 0.326521 0.194827 0.023764
0 0.855559 0.326521 0.192140 0.023764
0 0.299966 0.389021 0.200537 0.023764
0 0.482029 0.389021 0.163588 0.023764
0 0.661740 0.389021 0.194827 0.023764
0 0.855559 0.389021 0.192140 0.023764
0 0.299966 0.451283 0.200537 0.023764
0 0.482029 0.451283 0.163588 0.023764
0 0.661740 0.451283 0.194827 0.023764
0 0.855559 0.451283 0.192140 0.023764
0 0.299966 0.531369 0.200537 0.023764
0 0.482029 0.531369 0.163588 0.023764
0 0.661740 0.531369 0.194827 0.023764
0 0.855559 0.531369 0.192140 0.023764
0 0.179039 0.688926 0.238495 0.023764
0 0.391334 0.688926 0.186429 0.023764
0 0.600269 0.688926 0.231105 0.023764
0 0.833725 0.688926 0.235136 0.023764
0 0.179039 0.754040 0.238495 0.023764
0 0.391334 0.754040 0.186429 0.023764
0 0.600269 0.754040 0.231105 0.023764
0 0.833725 0.754040 0.235136 0.023764
0 0.179039 0.816540 0.238495 0.023764
0 0.391334 0.816540 0.186429 0.023764
0 0.600269 0.816540 0.231105 0.023764
0 0.833725 0.816540 0.235136 0.023764
0 0.179039 0.878802 0.238495 0.023764
0 0.391334 0.878802 0.186429 0.023764
0 0.600269 0.878802 0.231105 0.023764
0 0.833725 0.878802 0.235136 0.023764
