0 0.131340 0.074382 0.148808 0.018298
0 0.249916 0.074382 0.088344 0.018298
0 0.345314 0.074382 0.101444 0.018298
0 0.446758 0.074382 0.101444 0.018298
0 0.558616 0.074382 0.121599 0.018298
0 0.675176 0.074382 0.111858 0.018298
0 0.790729 0.074382 0.118240 0.018298
0 0.900907 0.074382 0.101444 0.018298
0 0.131340 0.141397 0.148808 0.018298
0 0.249916 0.141397 0.088344 0.018298
0 0.345314 0.141397 0.101444 0.018298
0 0.446758 0.141397 0.101444 0.018298
0 0.558616 0.141397 0.121599 0.018298
0 0.675176 0.141397 0.111858 0.018298
0 0.790729 0.141397 0.118240 0.018298
0 0.900907 0.141397 0.101444 0.018298
0 0.131340 0.209125 0.148808 0.018298
0 0.249916 0.209125 0.088344 0.018298
0 0.345314 0.209125 0.101444 0.018298
0 0.446758 0.209125 0.101444 0.018298
0 0.558616 0.209125 0.121599 0.018298
0 0.675176 0.209125 0.111858 0.018298
0 0.790729 0.209125 0.118240 0.018298
0 0.900907 0.209125 0.101444 0.018298
0 0.131340 0.278042 0.148808 0.018298
0 0.249916 0.278042 0.088344 0.018298
0 0.345314 0.278042 0.101444 0.018298
0 0.446758 0.278042 0.101444 0.018298
0 0.558616 0.278042 0.121599 0.018298
0 0.675176 0.278042 0.111858 0.018298
0 0.790729 0.278042 0.118240 0.018298
0 0.900907 0.278042 0.101444 0.018298
0 0.131340 0.349572 0.148808 0.018298
0 0.249916 0.349572 0.088344 0.018298
0 0.345314 0.349572 0.101444 0.018298
0 0.446758 0.349572 0.101444 0.018298
0 0.558616 0.349572 0.121599 0.018298
0 0.675176 0.349572 0.111858 0.018298
0 0.790729 0.349572 0.118240 0.018298
0 0.900907 0.349572 0.101444 0.018298
0 0.131340 0.397576 0.148808 0.018298
0 0.249916 0.397576 0.088344 0.018298
0 0.345314 0.397576 0.101444 0.018298
0 0.446758 0.397576 0.101444 0.018298
0 0.558616 0.397576 0.121599 0.018298
0 0.675176 0.397576 0.111858 0.018298
0 0.790729 0.397576 0.118240 0.018298
0 0.900907 0.397576 0.101444 0.018298
0 0.142761 0.517110 0.171313 0.018298
0 0.279476 0.517110 0.102452 0.018298
0 0.383944 0.517110 0.106483 0.018298
0 0.485388 0.517110 0.095734 0.018298
0 0.586832 0.517110 0.107155 0.018298
0 0.692308 0.517110 0.103460 0.018298
0 0.792408 0.517110 0.096742 0.018298
0 0.896204 0.517110 0.110514 0.018298
0 0.142761 0.592681 0.171313 0.018298
0 0.279476 0.592681 0.102452 0.018298
0 0.383944 0.592681 0.106483 0.018298
0 0.485388 0.592681 0.095734 0.018298
0 0.586832 0.592681 0.107155 0.018298
0 0.692308 0.592681 0.103460 0.018298
0 0.792408 0.592681 0.096742 0.018298
0 0.896204 0.592681 0.110514 0.018298
0 0.142761 0.670627 0.171313 0.018298
0 0.279476 0.670627 0.102452 0.018298
0 0.383944 0.670627 0.106483 0.018298
0 0.485388 0.670627 0.095734 0.018298
0 0.586832 0.670627 0.107155 0.018298
0 0.692308 0.670627 0.103460 0.018298
0 0.792408 0.670627 0.096742 0.018298
0 0.896204 0.670627 0.110514 0.018298
0 0.142761 0.745722 0.171313 0.018298
0 0.279476 0.745722 0.102452 0.018298
0 0.383944 0.745722 0.106483 0.018298
0 0.485388 0.745722 0.095734 0.018298
0 0.586832 0.745722 0.107155 0.018298
0 0.692308 0.745722 0.103460 0.018298
0 0.792408 0.745722 0.096742 0.018298
0 0.896204 0.745722 0.110514 0.018298
0 0.142761 0.812738 0.171313 0.018298
0 0.279476 0.812738 0.102452 0.018298
0 0.383944 0.812738 0.106483 0.018298
0 0.485388 0.812738 0.095734 0.018298
0 0.586832 0.812738 0.107155 0.018298
0 0.692308 0.812738 0.103460 0.018298
0 0.792408 0.812738 0.096742 0.018298
0 0.896204 0.812738 0.110514 0.018298
0 0.142761 0.869059 0.171313 0.018298
0 0.279476 0.869059 0.102452 0.018298
0 0.383944 0.869059 0.106483 0.018298
0 0.485388 0.869059 0.095734 0.018298
0 0.586832 0.869059 0.107155 0.018298
0 0.692308 0.869059 0.103460 0.018298
0 0.792408 0.869059 0.096742 0.018298
0 0.896204 0.869059 0.110514 0.018298
