0 0.216997 0.075570 0.320121 0.018774
0 0.519987 0.075570 0.285186 0.018774
0 0.807188 0.075570 0.288881 0.018774
0 0.216997 0.154468 0.320121 0.018774
0 0.519987 0.154468 0.285186 0.018774
0 0.807188 0.154468 0.288881 0.018774
0 0.216997 0.218631 0.320121 0.018774
0 0.519987 0.218631 0.285186 0.018774
0 0.807188 0.218631 0.288881 0.018774
0 0.216997 0.282557 0.320121 0.018774
0 0.519987 0.282557 0.285186 0.018774
0 0.807188 0.282557 0.288881 0.018774
0 0.216997 0.355751 0.320121 0.018774
0 0.519987 0.355751 0.285186 0.018774
0 0.807188 0.355751 0.288881 0.018774
0 0.216997 0.405181 0.320121 0.018774
0 0.519987 0.405181 0.285186 0.018774
0 0.807188 0.405181 0.288881 0.018774
0 0.187101 0.537072 0.259993 0.018774
0 0.421901 0.537072 0.208935 0.018774
0 0.624790 0.537072 0.196507 0.018774
0 0.837420 0.537072 0.228082 0.018774
0 0.187101 0.603137 0.259993 0.018774
0 0.421901 0.603137 0.208935 0.018774
0 0.624790 0.603137 0.196507 0.018774
0 0.837420 0.603137 0.228082 0.018774
0 0.187101 0.667300 0.259993 0.018774
0 0.421901 0.667300 0.208935 0.018774
0 0.624790 0.667300 0.196507 0.018774
0 0.837420 0.667300 0.228082 0.018774
0 0.187101 0.747148 0.259993 0.018774
0 0.421901 0.747148 0.208935 0.018774
0 0.624790 0.747148 0.196507 0.018774
0 0.837420 0.747148 0.228082 0.018774
0 0.187101 0.820105 0.259993 0.018774
0 0.421901 0.820105 0.208935 0.018774
0 0.624790 0.820105 0.196507 0.018774
0 0.837420 0.820105 0.228082 0.018774
0 0.187101 0.869772 0.259993 0.018774
0 0.421901 0.869772 0.208935 0.018774
0 0.624790 0.869772 0.196507 0.018774
0 0.837420 0.869772 0.228082 0.018774
