0 0.221700 0.080561 0.327511 0.020913
0 0.530400 0.080561 0.289217 0.020913
0 0.813571 0.080561 0.276117 0.020913
0 0.221700 0.150428 0.327511 0.020913
0 0.530400 0.150428 0.289217 0.020913
0 0.813571 0.150428 0.276117 0.020913
0 0.221700 0.205798 0.327511 0.020913
0 0.530400 0.205798 0.289217 0.020913
0 0.813571 0.205798 0.276117 0.020913
0 0.226402 0.304658 0.336580 0.020913
0 0.537454 0.304658 0.284851 0.020913
0 0.815922 0.304658 0.271414 0.020913
0 0.226402 0.375713 0.336580 0.020913
0 0.537454 0.375713 0.284851 0.020913
0 0.815922 0.375713 0.271414 0.020913
0 0.226402 0.437738 0.336580 0.020913
0 0.537454 0.437738 0.284851 0.020913
0 0.815922 0.437738 0.271414 0.020913
0 0.238159 0.536359 0.360430 0.020913
0 0.510245 0.536359 0.183070 0.020913
0 0.778972 0.536359 0.345314 0.020913
0 0.238159 0.606226 0.360430 0.020913
0 0.510245 0.606226 0.183070 0.020913
0 0.778972 0.606226 0.345314 0.020913
0 0.238159 0.661597 0.360430 0.020913
0 0.510245 0.661597 0.183070 0.020913
0 0.778972 0.661597 0.345314 0.020913
0 0.288881 0.760456 0.461874 0.020913
0 0.735640 0.760456 0.430971 0.020913
0 0.288881 0.829610 0.461874 0.020913
0 0.735640 0.829610 0.430971 0.020913
0 0.288881 0.884743 0.461874 0.020913
0 0.735640 0.884743 0.430971 0.020913
