0 0.304669 0.082937 0.491098 0.021863
0 0.742022 0.082937 0.383944 0.021863
0 0.304669 0.174192 0.491098 0.021863
0 0.742022 0.174192 0.383944 0.021863
0 0.304669 0.252614 0.491098 0.021863
0 0.742022 0.252614 0.383944 0.021863
0 0.505207 0.369772 0.892509 0.021863
0 0.505207 0.460789 0.892509 0.021863
0 0.505207 0.524002 0.892509 0.021863
0 0.324152 0.641397 0.530400 0.021863
0 0.766879 0.641397 0.355055 0.021863
0 0.324152 0.747148 0.530400 0.021863
0 0.766879 0.747148 0.355055 0.021863
0 0.324152 0.846721 0.530400 0.021863
0 0.766879 0.846721 0.355055 0.021863
