0 0.178032 0.072481 0.242526 0.017348
0 0.403090 0.072481 0.207927 0.017348
0 0.634531 0.072481 0.254283 0.017348
0 0.856567 0.072481 0.189788 0.017348
0 0.178032 0.140922 0.242526 0.017348
0 0.403090 0.140922 0.207927 0.017348
0 0.634531 0.140922 0.254283 0.017348
0 0.856567 0.140922 0.189788 0.017348
0 0.178032 0.200570 0.242526 0.017348
0 0.403090 0.200570 0.207927 0.017348
0 0.634531 0.200570 0.254283 0.017348
0 0.856567 0.200570 0.189788 0.017348
0 0.178032 0.274952 0.242526 0.017348
0 0.403090 0.274952 0.207927 0.017348
0 0.634531 0.274952 0.254283 0.017348
0 0.856567 0.274952 0.189788 0.017348
0 0.178032 0.352899 0.242526 0.017348
0 0.403090 0.352899 0.207927 0.017348
0 0.634531 0.352899 0.254283 0.017348
0 0.856567 0.352899 0.189788 0.017348
0 0.178032 0.401378 0.242526 0.017348
0 0.403090 0.401378 0.207927 0.017348
0 0.634531 0.401378 0.254283 0.017348
0 0.856567 0.401378 0.189788 0.017348
0 0.199530 0.524240 0.285522 0.017348
0 0.451125 0.524240 0.216997 0.017348
0 0.661068 0.524240 0.202889 0.017348
0 0.857239 0.524240 0.188781 0.017348
0 0.199530 0.592443 0.285522 0.017348
0 0.451125 0.592443 0.216997 0.017348
0 0.661068 0.592443 0.202889 0.017348
0 0.857239 0.592443 0.188781 0.017348
0 0.199530 0.661835 0.285522 0.017348
0 0.451125 0.661835 0.216997 0.017348
0 0.661068 0.661835 0.202889 0.017348
0 0.857239 0.661835 0.188781 0.017348
0 0.199530 0.734553 0.285522 0.017348
0 0.451125 0.734553 0.216997 0.017348
0 0.661068 0.734553 0.202889 0.017348
0 0.857239 0.734553 0.188781 0.017348
0 0.199530 0.802757 0.285522 0.017348
0 0.451125 0.802757 0.216997 0.017348
0 0.661068 0.802757 0.202889 0.017348
0 0.857239 0.802757 0.188781 0.017348
0 0.199530 0.859553 0.285522 0.017348
0 0.451125 0.859553 0.216997 0.017348
0 0.661068 0.859553 0.202889 0.017348
0 0.857239 0.859553 0.188781 0.017348
