0 0.228418 0.086740 0.337588 0.023764
0 0.525361 0.086740 0.256298 0.023764
0 0.802822 0.086740 0.297615 0.023764
0 0.228418 0.160646 0.337588 0.023764
0 0.525361 0.160646 0.256298 0.023764
0 0.802822 0.160646 0.297615 0.023764
0 0.228418 0.222909 0.337588 0.023764
0 0.525361 0.222909 0.256298 0.023764
0 0.802822 0.222909 0.297615 0.023764
0 0.228418 0.285409 0.337588 0.023764
0 0.525361 0.285409 0.256298 0.023764
0 0.802822 0.285409 0.297615 0.023764
0 0.231441 0.371435 0.343635 0.023764
0 0.549882 0.371435 0.292912 0.023764
0 0.823984 0.371435 0.254955 0.023764
0 0.231441 0.444629 0.343635 0.023764
0 0.549882 0.444629 0.292912 0.023764
0 0.823984 0.444629 0.254955 0.023764
0 0.231441 0.507367 0.343635 0.023764
0 0.549882 0.507367 0.292912 0.023764
0 0.823984 0.507367 0.254955 0.023764
0 0.231441 0.584838 0.343635 0.023764
0 0.549882 0.584838 0.292912 0.023764
0 0.823984 0.584838 0.254955 0.023764
0 0.214646 0.671103 0.310044 0.023764
0 0.517299 0.671103 0.294928 0.023764
0 0.808196 0.671103 0.286530 0.023764
0 0.214646 0.743346 0.310044 0.023764
0 0.517299 0.743346 0.294928 0.023764
0 0.808196 0.743346 0.286530 0.023764
0 0.214646 0.816540 0.310044 0.023764
0 0.517299 0.816540 0.294928 0.023764
0 0.808196 0.816540 0.286530 0.023764
0 0.214646 0.878802 0.310044 0.023764
0 0.517299 0.878802 0.294928 0.023764
0 0.808196 0.878802 0.286530 0.023764
