0 0.225059 0.068203 0.339604 0.015447
0 0.535438 0.068203 0.280148 0.015447
0 0.813571 0.068203 0.276117 0.015447
0 0.225059 0.145675 0.339604 0.015447
0 0.535438 0.145675 0.280148 0.015447
0 0.813571 0.145675 0.276117 0.015447
0 0.225059 0.221008 0.339604 0.015447
0 0.535438 0.221008 0.280148 0.015447
0 0.813571 0.221008 0.276117 0.015447
0 0.225059 0.298241 0.339604 0.015447
0 0.535438 0.298241 0.280148 0.015447
0 0.813571 0.298241 0.276117 0.015447
0 0.225059 0.370960 0.339604 0.015447
0 0.535438 0.370960 0.280148 0.015447
0 0.813571 0.370960 0.276117 0.015447
0 0.225059 0.412072 0.339604 0.015447
0 0.535438 0.412072 0.280148 0.015447
0 0.813571 0.412072 0.276117 0.015447
0 0.218341 0.545627 0.326167 0.015447
0 0.523346 0.545627 0.282835 0.015447
0 0.808196 0.545627 0.286866 0.015447
0 0.218341 0.617633 0.326167 0.015447
0 0.523346 0.617633 0.282835 0.015447
0 0.808196 0.617633 0.286866 0.015447
0 0.218341 0.692490 0.326167 0.015447
0 0.523346 0.692490 0.282835 0.015447
0 0.808196 0.692490 0.286866 0.015447
0 0.218341 0.766160 0.326167 0.015447
0 0.523346 0.766160 0.282835 0.015447
0 0.808196 0.766160 0.286866 0.015447
0 0.218341 0.838403 0.326167 0.015447
0 0.523346 0.838403 0.282835 0.015447
0 0.808196 0.838403 0.286866 0.015447
0 0.218341 0.884030 0.326167 0.015447
0 0.523346 0.884030 0.282835 0.015447
0 0.808196 0.884030 0.286866 0.015447
