0 0.320121 0.074382 0.526369 0.018298
0 0.767215 0.074382 0.367820 0.018298
0 0.320121 0.153279 0.526369 0.018298
0 0.767215 0.153279 0.367820 0.018298
0 0.320121 0.202947 0.526369 0.018298
0 0.767215 0.202947 0.367820 0.018298
0 0.326503 0.311787 0.538797 0.018298
0 0.773933 0.311787 0.355391 0.018298
0 0.326503 0.375000 0.538797 0.018298
0 0.773933 0.375000 0.355391 0.018298
0 0.326503 0.423241 0.538797 0.018298
0 0.773933 0.423241 0.355391 0.018298
0 0.285858 0.532082 0.457508 0.018298
0 0.732953 0.532082 0.436681 0.018298
0 0.285858 0.608127 0.457508 0.018298
0 0.732953 0.608127 0.436681 0.018298
0 0.285858 0.656369 0.457508 0.018298
0 0.732953 0.656369 0.436681 0.018298
0 0.328855 0.765209 0.543500 0.018298
0 0.775949 0.765209 0.351025 0.018298
0 0.328855 0.825095 0.543500 0.018298
0 0.775949 0.825095 0.351025 0.018298
0 0.328855 0.879753 0.543500 0.018298
0 0.775949 0.879753 0.351025 0.018298
