0 0.228418 0.199857 0.185422 0.018298
0 0.392341 0.199857 0.142089 0.018298
0 0.547867 0.199857 0.168962 0.018298
0 0.707424 0.199857 0.149143 0.018298
0 0.866644 0.199857 0.169634 0.018298
0 0.228418 0.264021 0.185422 0.018298
0 0.392341 0.264021 0.142089 0.018298
0 0.547867 0.264021 0.168962 0.018298
0 0.707424 0.264021 0.149143 0.018298
0 0.866644 0.264021 0.169634 0.018298
0 0.228418 0.316540 0.185422 0.018298
0 0.392341 0.316540 0.142089 0.018298
0 0.547867 0.316540 0.168962 0.018298
0 0.707424 0.316540 0.149143 0.018298
0 0.866644 0.316540 0.169634 0.018298
0 0.131676 0.381892 0.149143 0.018298
0 0.257642 0.381892 0.102116 0.018298
0 0.373530 0.381892 0.129997 0.018298
0 0.520322 0.381892 0.163252 0.018298
0 0.654014 0.381892 0.104132 0.018298
0 0.759489 0.381892 0.106147 0.018298
0 0.882096 0.381892 0.139066 0.018298
0 0.131676 0.454848 0.149143 0.018298
0 0.257642 0.454848 0.102116 0.018298
0 0.373530 0.454848 0.129997 0.018298
0 0.520322 0.454848 0.163252 0.018298
0 0.654014 0.454848 0.104132 0.018298
0 0.759489 0.454848 0.106147 0.018298
0 0.882096 0.454848 0.139066 0.018298
0 0.131676 0.507129 0.149143 0.018298
0 0.257642 0.507129 0.102116 0.018298
0 0.373530 0.507129 0.129997 0.018298
0 0.520322 0.507129 0.163252 0.018298
0 0.654014 0.507129 0.104132 0.018298
0 0.759489 0.507129 0.106147 0.018298
0 0.882096 0.507129 0.139066 0.018298
0 0.140746 0.573194 0.167618 0.018298
0 0.286194 0.573194 0.122271 0.018298
0 0.403090 0.573194 0.111522 0.018298
0 0.520994 0.573194 0.123614 0.018298
0 0.648304 0.573194 0.130333 0.018298
0 0.780316 0.573194 0.133692 0.018298
0 0.899227 0.573194 0.104132 0.018298
0 0.140746 0.646863 0.167618 0.018298
0 0.286194 0.646863 0.122271 0.018298
0 0.403090 0.646863 0.111522 0.018298
0 0.520994 0.646863 0.123614 0.018298
0 0.648304 0.646863 0.130333 0.018298
0 0.780316 0.646863 0.133692 0.018298
0 0.899227 0.646863 0.104132 0.018298
0 0.140746 0.704610 0.167618 0.018298
0 0.286194 0.704610 0.122271 0.018298
0 0.403090 0.704610 0.111522 0.018298
0 0.520994 0.704610 0.123614 0.018298
0 0.648304 0.704610 0.130333 0.018298
0 0.780316 0.704610 0.133692 0.018298
0 0.899227 0.704610 0.104132 0.018298
0 0.134363 0.769962 0.154518 0.018298
0 0.263016 0.769962 0.102788 0.018298
0 0.376554 0.769962 0.123950 0.018298
0 0.499496 0.769962 0.121263 0.018298
0 0.613705 0.769962 0.106819 0.018298
0 0.735304 0.769962 0.136043 0.018298
0 0.877393 0.769962 0.148136 0.018298
0 0.134363 0.837690 0.154518 0.018298
0 0.263016 0.837690 0.102788 0.018298
0 0.376554 0.837690 0.123950 0.018298
0 0.499496 0.837690 0.121263 0.018298
0 0.613705 0.837690 0.106819 0.018298
0 0.735304 0.837690 0.136043 0.018298
0 0.877393 0.837690 0.148136 0.018298
0 0.134363 0.890922 0.154518 0.018298
0 0.263016 0.890922 0.102788 0.018298
0 0.376554 0.890922 0.123950 0.018298
0 0.499496 0.890922 0.121263 0.018298
0 0.613705 0.890922 0.106819 0.018298
0 0.735304 0.890922 0.136043 0.018298
0 0.877393 0.890922 0.148136 0.018298
