0 0.298959 0.189401 0.350353 0.016160
0 0.585825 0.189401 0.222707 0.016160
0 0.824656 0.189401 0.253947 0.016160
0 0.298959 0.263783 0.350353 0.016160
0 0.585825 0.263783 0.222707 0.016160
0 0.824656 0.263783 0.253947 0.016160
0 0.298959 0.309411 0.350353 0.016160
0 0.585825 0.309411 0.222707 0.016160
0 0.824656 0.309411 0.253947 0.016160
0 0.180383 0.375475 0.249244 0.016160
0 0.420558 0.375475 0.230433 0.016160
0 0.636547 0.375475 0.201545 0.016160
0 0.844474 0.375475 0.213974 0.016160
0 0.180383 0.444629 0.249244 0.016160
0 0.420558 0.444629 0.230433 0.016160
0 0.636547 0.444629 0.201545 0.016160
0 0.844474 0.444629 0.213974 0.016160
0 0.180383 0.496673 0.249244 0.016160
0 0.420558 0.496673 0.230433 0.016160
0 0.636547 0.496673 0.201545 0.016160
0 0.844474 0.496673 0.213974 0.016160
0 0.180719 0.562738 0.250252 0.016160
0 0.430635 0.562738 0.248572 0.016160
0 0.652670 0.562738 0.194827 0.016160
0 0.850857 0.562738 0.201545 0.016160
0 0.180719 0.649002 0.250252 0.016160
0 0.430635 0.649002 0.248572 0.016160
0 0.652670 0.649002 0.194827 0.016160
0 0.850857 0.649002 0.201545 0.016160
0 0.180719 0.705323 0.250252 0.016160
0 0.430635 0.705323 0.248572 0.016160
0 0.652670 0.705323 0.194827 0.016160
0 0.850857 0.705323 0.201545 0.016160
0 0.170642 0.771625 0.230097 0.016160
0 0.411824 0.771625 0.251260 0.016160
0 0.632852 0.771625 0.191132 0.016160
0 0.840107 0.771625 0.222707 0.016160
0 0.170642 0.844106 0.230097 0.016160
0 0.411824 0.844106 0.251260 0.016160
0 0.632852 0.844106 0.191132 0.016160
0 0.840107 0.844106 0.222707 0.016160
0 0.170642 0.895913 0.230097 0.016160
0 0.411824 0.895913 0.251260 0.016160
0 0.632852 0.895913 0.191132 0.016160
0 0.840107 0.895913 0.222707 0.016160
