0 0.172993 0.075570 0.232113 0.018774
0 0.372523 0.075570 0.165939 0.018774
0 0.537790 0.075570 0.164595 0.018774
0 0.709775 0.075570 0.179039 0.018774
0 0.875714 0.075570 0.151831 0.018774
0 0.172993 0.139971 0.232113 0.018774
0 0.372523 0.139971 0.165939 0.018774
0 0.537790 0.139971 0.164595 0.018774
0 0.709775 0.139971 0.179039 0.018774
0 0.875714 0.139971 0.151831 0.018774
0 0.172993 0.201996 0.232113 0.018774
0 0.372523 0.201996 0.165939 0.018774
0 0.537790 0.201996 0.164595 0.018774
0 0.709775 0.201996 0.179039 0.018774
0 0.875714 0.201996 0.151831 0.018774
0 0.154854 0.308698 0.195499 0.018774
0 0.341619 0.308698 0.178032 0.018774
0 0.515620 0.308698 0.170306 0.018774
0 0.686933 0.308698 0.172321 0.018774
0 0.862613 0.308698 0.178032 0.018774
0 0.154854 0.367871 0.195499 0.018774
0 0.341619 0.367871 0.178032 0.018774
0 0.515620 0.367871 0.170306 0.018774
0 0.686933 0.367871 0.172321 0.018774
0 0.862613 0.367871 0.178032 0.018774
0 0.154854 0.419439 0.195499 0.018774
0 0.341619 0.419439 0.178032 0.018774
0 0.515620 0.419439 0.170306 0.018774
0 0.686933 0.419439 0.172321 0.018774
0 0.862613 0.419439 0.178032 0.018774
0 0.174337 0.526141 0.234464 0.018774
0 0.392005 0.526141 0.200873 0.018774
0 0.564998 0.526141 0.144777 0.018774
0 0.711454 0.526141 0.148136 0.018774
0 0.868324 0.526141 0.165603 0.018774
0 0.174337 0.600285 0.234464 0.018774
0 0.392005 0.600285 0.200873 0.018774
0 0.564998 0.600285 0.144777 0.018774
0 0.711454 0.600285 0.148136 0.018774
0 0.868324 0.600285 0.165603 0.018774
0 0.174337 0.649952 0.234464 0.018774
0 0.392005 0.649952 0.200873 0.018774
0 0.564998 0.649952 0.144777 0.018774
0 0.711454 0.649952 0.148136 0.018774
0 0.868324 0.649952 0.165603 0.018774
0 0.155190 0.756654 0.196171 0.018774
0 0.344306 0.756654 0.181391 0.018774
0 0.516292 0.756654 0.161908 0.018774
0 0.684918 0.756654 0.175344 0.018774
0 0.861942 0.756654 0.179039 0.018774
0 0.155190 0.816302 0.196171 0.018774
0 0.344306 0.816302 0.181391 0.018774
0 0.516292 0.816302 0.161908 0.018774
0 0.684918 0.816302 0.175344 0.018774
0 0.861942 0.816302 0.179039 0.018774
0 0.155190 0.865970 0.196171 0.018774
0 0.344306 0.865970 0.181391 0.018774
0 0.516292 0.865970 0.161908 0.018774
0 0.684918 0.865970 0.175344 0.018774
0 0.861942 0.865970 0.179039 0.018774
