0 0.200202 0.179895 0.124958 0.018774
0 0.365805 0.179895 0.206248 0.018774
0 0.602620 0.179895 0.267383 0.018774
0 0.844138 0.179895 0.214982 0.018774
0 0.200202 0.260219 0.124958 0.018774
0 0.365805 0.260219 0.206248 0.018774
0 0.602620 0.260219 0.267383 0.018774
0 0.844138 0.260219 0.214982 0.018774
0 0.200202 0.322719 0.124958 0.018774
0 0.365805 0.322719 0.206248 0.018774
0 0.602620 0.322719 0.267383 0.018774
0 0.844138 0.322719 0.214982 0.018774
0 0.181055 0.435837 0.248236 0.018774
0 0.403762 0.435837 0.196171 0.018774
0 0.626806 0.435837 0.249580 0.018774
0 0.851864 0.435837 0.199530 0.018774
0 0.181055 0.513070 0.248236 0.018774
0 0.403762 0.513070 0.196171 0.018774
0 0.626806 0.513070 0.249580 0.018774
0 0.851864 0.513070 0.199530 0.018774
0 0.181055 0.577234 0.248236 0.018774
0 0.403762 0.577234 0.196171 0.018774
0 0.626806 0.577234 0.249580 0.018774
0 0.851864 0.577234 0.199530 0.018774
0 0.186765 0.690352 0.259657 0.018774
0 0.408801 0.690352 0.184414 0.018774
0 0.604300 0.690352 0.205912 0.018774
0 0.829694 0.690352 0.243870 0.018774
0 0.186765 0.772101 0.259657 0.018774
0 0.408801 0.772101 0.184414 0.018774
0 0.604300 0.772101 0.205912 0.018774
0 0.829694 0.772101 0.243870 0.018774
0 0.186765 0.836027 0.259657 0.018774
0 0.408801 0.836027 0.184414 0.018774
0 0.604300 0.836027 0.205912 0.018774
0 0.829694 0.836027 0.243870 0.018774
