0 0.241263 0.098598 0.317876 0.021383
0 0.655914 0.098598 0.502688 0.021383
0 0.241263 0.171062 0.317876 0.021383
0 0.655914 0.171062 0.502688 0.021383
0 0.241263 0.219054 0.317876 0.021383
0 0.655914 0.219054 0.502688 0.021383
0 0.266465 0.306724 0.368280 0.021383
0 0.691196 0.306724 0.472782 0.021383
0 0.266465 0.380138 0.368280 0.021383
0 0.691196 0.380138 0.472782 0.021383
0 0.266465 0.428130 0.368280 0.021383
0 0.691196 0.428130 0.472782 0.021383
0 0.301411 0.515799 0.438172 0.021383
0 0.724126 0.515799 0.406922 0.021383
0 0.301411 0.597292 0.438172 0.021383
0 0.724126 0.597292 0.406922 0.021383
0 0.301411 0.652174 0.438172 0.021383
0 0.724126 0.652174 0.406922 0.021383
0 0.266129 0.739843 0.367608 0.021383
0 0.613575 0.739843 0.326613 0.021383
0 0.848790 0.739843 0.143817 0.021383
0 0.266129 0.817771 0.367608 0.021383
0 0.613575 0.817771 0.326613 0.021383
0 0.848790 0.817771 0.143817 0.021383
0 0.266129 0.867665 0.367608 0.021383
0 0.613575 0.867665 0.326613 0.021383
0 0.848790 0.867665 0.143817 0.021383
