0 0.287202 0.072481 0.460867 0.017348
0 0.734632 0.072481 0.433994 0.017348
0 0.287202 0.143061 0.460867 0.017348
0 0.734632 0.143061 0.433994 0.017348
0 0.287202 0.195105 0.460867 0.017348
0 0.734632 0.195105 0.433994 0.017348
0 0.291569 0.293013 0.469600 0.017348
0 0.738999 0.293013 0.424924 0.017348
0 0.291569 0.360266 0.469600 0.017348
0 0.738999 0.360266 0.424924 0.017348
0 0.291569 0.417063 0.469600 0.017348
0 0.738999 0.417063 0.424924 0.017348
0 0.291233 0.515209 0.469264 0.017348
0 0.738663 0.515209 0.425596 0.017348
0 0.291233 0.592443 0.469264 0.017348
0 0.738663 0.592443 0.425596 0.017348
0 0.291233 0.651378 0.469264 0.017348
0 0.738663 0.651378 0.425596 0.017348
0 0.245213 0.749525 0.376889 0.017348
0 0.510245 0.749525 0.153510 0.017348
0 0.674840 0.749525 0.175008 0.017348
0 0.814243 0.749525 0.103796 0.017348
0 0.905946 0.749525 0.079610 0.017348
0 0.245213 0.838165 0.376889 0.017348
0 0.510245 0.838165 0.153510 0.017348
0 0.674840 0.838165 0.175008 0.017348
0 0.814243 0.838165 0.103796 0.017348
0 0.905946 0.838165 0.079610 0.017348
0 0.245213 0.890684 0.376889 0.017348
0 0.510245 0.890684 0.153510 0.017348
0 0.674840 0.890684 0.175008 0.017348
0 0.814243 0.890684 0.103796 0.017348
0 0.905946 0.890684 0.079610 0.017348
