0 0.194491 0.078422 0.273430 0.019962
0 0.429963 0.078422 0.196842 0.019962
0 0.633188 0.078422 0.209943 0.019962
0 0.845146 0.078422 0.212966 0.019962
0 0.194491 0.134506 0.273430 0.019962
0 0.429963 0.134506 0.196842 0.019962
0 0.633188 0.134506 0.209943 0.019962
0 0.845146 0.134506 0.212966 0.019962
0 0.194491 0.187025 0.273430 0.019962
0 0.429963 0.187025 0.196842 0.019962
0 0.633188 0.187025 0.209943 0.019962
0 0.845146 0.187025 0.212966 0.019962
0 0.188109 0.282557 0.261001 0.019962
0 0.437689 0.282557 0.237151 0.019962
0 0.652335 0.282557 0.191468 0.019962
0 0.849513 0.282557 0.203225 0.019962
0 0.188109 0.364306 0.261001 0.019962
0 0.437689 0.364306 0.237151 0.019962
0 0.652335 0.364306 0.191468 0.019962
0 0.849513 0.364306 0.203225 0.019962
0 0.188109 0.416825 0.261001 0.019962
0 0.437689 0.416825 0.237151 0.019962
0 0.652335 0.416825 0.191468 0.019962
0 0.849513 0.416825 0.203225 0.019962
0 0.192140 0.512357 0.269063 0.019962
0 0.436681 0.512357 0.219012 0.019962
0 0.639570 0.512357 0.187101 0.019962
0 0.842459 0.512357 0.217669 0.019962
0 0.192140 0.579373 0.269063 0.019962
0 0.436681 0.579373 0.219012 0.019962
0 0.639570 0.579373 0.187101 0.019962
0 0.842459 0.579373 0.217669 0.019962
0 0.192140 0.636407 0.269063 0.019962
0 0.436681 0.636407 0.219012 0.019962
0 0.639570 0.636407 0.187101 0.019962
0 0.842459 0.636407 0.217669 0.019962
0 0.202889 0.731939 0.290225 0.019962
0 0.448102 0.731939 0.200202 0.019962
0 0.646960 0.731939 0.196842 0.019962
0 0.848169 0.731939 0.205912 0.019962
0 0.202889 0.813213 0.290225 0.019962
0 0.448102 0.813213 0.200202 0.019962
0 0.646960 0.813213 0.196842 0.019962
0 0.848169 0.813213 0.205912 0.019962
0 0.202889 0.867158 0.290225 0.019962
0 0.448102 0.867158 0.200202 0.019962
0 0.646960 0.867158 0.196842 0.019962
0 0.848169 0.867158 0.205912 0.019962
