0 0.210951 0.183460 0.133020 0.020200
0 0.333221 0.183460 0.111858 0.020200
0 0.451461 0.183460 0.123614 0.020200
0 0.566006 0.183460 0.105811 0.020200
0 0.685590 0.183460 0.132684 0.020200
0 0.851528 0.183460 0.199194 0.020200
0 0.210951 0.257129 0.133020 0.020200
0 0.333221 0.257129 0.111858 0.020200
0 0.451461 0.257129 0.123614 0.020200
0 0.566006 0.257129 0.105811 0.020200
0 0.685590 0.257129 0.132684 0.020200
0 0.851528 0.257129 0.199194 0.020200
0 0.210951 0.311787 0.133020 0.020200
0 0.333221 0.311787 0.111858 0.020200
0 0.451461 0.311787 0.123614 0.020200
0 0.566006 0.311787 0.105811 0.020200
0 0.685590 0.311787 0.132684 0.020200
0 0.851528 0.311787 0.199194 0.020200
0 0.204904 0.377139 0.294256 0.020200
0 0.467585 0.377139 0.230769 0.020200
0 0.671145 0.377139 0.175680 0.020200
0 0.855559 0.377139 0.192140 0.020200
0 0.204904 0.449857 0.294256 0.020200
0 0.467585 0.449857 0.230769 0.020200
0 0.671145 0.449857 0.175680 0.020200
0 0.855559 0.449857 0.192140 0.020200
0 0.204904 0.502852 0.294256 0.020200
0 0.467585 0.502852 0.230769 0.020200
0 0.671145 0.502852 0.175680 0.020200
0 0.855559 0.502852 0.192140 0.020200
0 0.192476 0.568203 0.269735 0.020200
0 0.431643 0.568203 0.207927 0.020200
0 0.613033 0.568203 0.154518 0.020200
0 0.755459 0.568203 0.129661 0.020200
0 0.885791 0.568203 0.131004 0.020200
0 0.192476 0.638070 0.269735 0.020200
0 0.431643 0.638070 0.207927 0.020200
0 0.613033 0.638070 0.154518 0.020200
0 0.755459 0.638070 0.129661 0.020200
0 0.885791 0.638070 0.131004 0.020200
0 0.192476 0.696293 0.269735 0.020200
0 0.431643 0.696293 0.207927 0.020200
0 0.613033 0.696293 0.154518 0.020200
0 0.755459 0.696293 0.129661 0.020200
0 0.885791 0.696293 0.131004 0.020200
0 0.143433 0.761407 0.171313 0.020200
0 0.293584 0.761407 0.128653 0.020200
0 0.455828 0.761407 0.195163 0.020200
0 0.653678 0.761407 0.200537 0.020200
0 0.852872 0.761407 0.196842 0.020200
0 0.143433 0.833650 0.171313 0.020200
0 0.293584 0.833650 0.128653 0.020200
0 0.455828 0.833650 0.195163 0.020200
0 0.653678 0.833650 0.200537 0.020200
0 0.852872 0.833650 0.196842 0.020200
0 0.143433 0.886644 0.171313 0.020200
0 0.293584 0.886644 0.128653 0.020200
0 0.455828 0.886644 0.195163 0.020200
0 0.653678 0.886644 0.200537 0.020200
0 0.852872 0.886644 0.196842 0.020200
