0 0.238575 0.096935 0.313172 0.020670
0 0.529570 0.096935 0.268145 0.020670
0 0.795699 0.096935 0.264113 0.020670
0 0.238575 0.170587 0.313172 0.020670
0 0.529570 0.170587 0.268145 0.020670
0 0.795699 0.170587 0.264113 0.020670
0 0.238575 0.224756 0.313172 0.020670
0 0.529570 0.224756 0.268145 0.020670
0 0.795699 0.224756 0.264113 0.020670
0 0.244960 0.328344 0.325941 0.020670
0 0.538978 0.328344 0.261761 0.020670
0 0.798723 0.328344 0.257728 0.020670
0 0.244960 0.390354 0.325941 0.020670
0 0.538978 0.390354 0.261761 0.020670
0 0.798723 0.390354 0.257728 0.020670
0 0.244960 0.444286 0.325941 0.020670
0 0.538978 0.444286 0.261761 0.020670
0 0.798723 0.444286 0.257728 0.020670
0 0.233871 0.548111 0.304099 0.020670
0 0.514449 0.548111 0.256720 0.020670
0 0.785282 0.548111 0.284610 0.020670
0 0.233871 0.609884 0.304099 0.020670
0 0.514449 0.609884 0.256720 0.020670
0 0.785282 0.609884 0.284610 0.020670
0 0.233871 0.663816 0.304099 0.020670
0 0.514449 0.663816 0.256720 0.020670
0 0.785282 0.663816 0.284610 0.020670
0 0.238911 0.767641 0.314180 0.020670
0 0.549059 0.767641 0.305108 0.020670
0 0.814516 0.767641 0.226142 0.020670
0 0.238911 0.830839 0.314180 0.020670
0 0.549059 0.830839 0.305108 0.020670
0 0.814516 0.830839 0.226142 0.020670
0 0.238911 0.885008 0.314180 0.020670
0 0.549059 0.885008 0.305108 0.020670
0 0.814516 0.885008 0.226142 0.020670
