0 0.245632 0.193870 0.206317 0.020670
0 0.445565 0.193870 0.193884 0.020670
0 0.634745 0.193870 0.183468 0.020670
0 0.827285 0.193870 0.200941 0.020670
0 0.245632 0.255880 0.206317 0.020670
0 0.445565 0.255880 0.193884 0.020670
0 0.634745 0.255880 0.183468 0.020670
0 0.827285 0.255880 0.200941 0.020670
0 0.245632 0.325018 0.206317 0.020670
0 0.445565 0.325018 0.193884 0.020670
0 0.634745 0.325018 0.183468 0.020670
0 0.827285 0.325018 0.200941 0.020670
0 0.164315 0.389641 0.164651 0.020670
0 0.326949 0.389641 0.160282 0.020670
0 0.500672 0.389641 0.186492 0.020670
0 0.695565 0.389641 0.202621 0.020670
0 0.862231 0.389641 0.130712 0.020670
0 0.164315 0.452126 0.164651 0.020670
0 0.326949 0.452126 0.160282 0.020670
0 0.500672 0.452126 0.186492 0.020670
0 0.695565 0.452126 0.202621 0.020670
0 0.862231 0.452126 0.130712 0.020670
0 0.164315 0.520076 0.164651 0.020670
0 0.326949 0.520076 0.160282 0.020670
0 0.500672 0.520076 0.186492 0.020670
0 0.695565 0.520076 0.202621 0.020670
0 0.862231 0.520076 0.130712 0.020670
0 0.233871 0.584699 0.303763 0.020670
0 0.477823 0.584699 0.184140 0.020670
0 0.668347 0.584699 0.196237 0.020670
0 0.847110 0.584699 0.161290 0.020670
0 0.233871 0.647660 0.303763 0.020670
0 0.477823 0.647660 0.184140 0.020670
0 0.668347 0.647660 0.196237 0.020670
0 0.847110 0.647660 0.161290 0.020670
0 0.233871 0.706581 0.303763 0.020670
0 0.477823 0.706581 0.184140 0.020670
0 0.668347 0.706581 0.196237 0.020670
0 0.847110 0.706581 0.161290 0.020670
0 0.228831 0.771442 0.293683 0.020670
0 0.460349 0.771442 0.169691 0.020670
0 0.659274 0.771442 0.227151 0.020670
0 0.850470 0.771442 0.154570 0.020670
0 0.228831 0.830601 0.293683 0.020670
0 0.460349 0.830601 0.169691 0.020670
0 0.659274 0.830601 0.227151 0.020670
0 0.850470 0.830601 0.154570 0.020670
0 0.228831 0.898551 0.293683 0.020670
0 0.460349 0.898551 0.169691 0.020670
0 0.659274 0.898551 0.227151 0.020670
0 0.850470 0.898551 0.154570 0.020670
