0 0.163306 0.092421 0.164651 0.018769
0 0.307460 0.092421 0.123656 0.018769
0 0.440860 0.092421 0.142473 0.018769
0 0.587030 0.092421 0.149866 0.018769
0 0.731519 0.092421 0.138777 0.018769
0 0.864247 0.092421 0.126680 0.018769
0 0.163306 0.154669 0.164651 0.018769
0 0.307460 0.154669 0.123656 0.018769
0 0.440860 0.154669 0.142473 0.018769
0 0.587030 0.154669 0.149866 0.018769
0 0.731519 0.154669 0.138777 0.018769
0 0.864247 0.154669 0.126680 0.018769
0 0.163306 0.211214 0.164651 0.018769
0 0.307460 0.211214 0.123656 0.018769
0 0.440860 0.211214 0.142473 0.018769
0 0.587030 0.211214 0.149866 0.018769
0 0.731519 0.211214 0.138777 0.018769
0 0.864247 0.211214 0.126680 0.018769
0 0.170363 0.274412 0.179099 0.018769
0 0.326949 0.274412 0.133065 0.018769
0 0.465390 0.274412 0.143817 0.018769
0 0.608871 0.274412 0.142473 0.018769
0 0.743616 0.274412 0.127352 0.018769
0 0.867608 0.274412 0.120296 0.018769
0 0.170363 0.318603 0.179099 0.018769
0 0.326949 0.318603 0.133065 0.018769
0 0.465390 0.318603 0.143817 0.018769
0 0.608871 0.318603 0.142473 0.018769
0 0.743616 0.318603 0.127352 0.018769
0 0.867608 0.318603 0.120296 0.018769
0 0.170363 0.375148 0.179099 0.018769
0 0.326949 0.375148 0.133065 0.018769
0 0.465390 0.375148 0.143817 0.018769
0 0.608871 0.375148 0.142473 0.018769
0 0.743616 0.375148 0.127352 0.018769
0 0.867608 0.375148 0.120296 0.018769
0 0.161290 0.438346 0.160954 0.018769
0 0.306452 0.438346 0.129368 0.018769
0 0.436828 0.438346 0.130712 0.018769
0 0.567204 0.438346 0.129368 0.018769
0 0.705645 0.438346 0.146505 0.018769
0 0.853159 0.438346 0.148858 0.018769
0 0.161290 0.481587 0.160954 0.018769
0 0.306452 0.481587 0.129368 0.018769
0 0.436828 0.481587 0.130712 0.018769
0 0.567204 0.481587 0.129368 0.018769
0 0.705645 0.481587 0.146505 0.018769
0 0.853159 0.481587 0.148858 0.018769
0 0.161290 0.530530 0.160954 0.018769
0 0.306452 0.530530 0.129368 0.018769
0 0.436828 0.530530 0.130712 0.018769
0 0.567204 0.530530 0.129368 0.018769
0 0.705645 0.530530 0.146505 0.018769
0 0.853159 0.530530 0.148858 0.018769
0 0.166667 0.593728 0.171371 0.018769
0 0.323925 0.593728 0.143145 0.018769
0 0.456989 0.593728 0.122648 0.018769
0 0.590054 0.593728 0.143481 0.018769
0 0.735887 0.593728 0.147513 0.018769
0 0.868616 0.593728 0.117944 0.018769
0 0.166667 0.654550 0.171371 0.018769
0 0.323925 0.654550 0.143145 0.018769
0 0.456989 0.654550 0.122648 0.018769
0 0.590054 0.654550 0.143481 0.018769
0 0.735887 0.654550 0.147513 0.018769
0 0.868616 0.654550 0.117944 0.018769
0 0.166667 0.717985 0.171371 0.018769
0 0.323925 0.717985 0.143145 0.018769
0 0.456989 0.717985 0.122648 0.018769
0 0.590054 0.717985 0.143481 0.018769
0 0.735887 0.717985 0.147513 0.018769
0 0.868616 0.717985 0.117944 0.018769
0 0.181452 0.781183 0.200941 0.018769
0 0.346438 0.781183 0.128360 0.018769
0 0.494288 0.781183 0.167339 0.018769
0 0.637097 0.781183 0.117608 0.018769
0 0.753360 0.781183 0.115255 0.018769
0 0.867608 0.781183 0.112903 0.018769
0 0.181452 0.820622 0.200941 0.018769
0 0.346438 0.820622 0.128360 0.018769
0 0.494288 0.820622 0.167339 0.018769
0 0.637097 0.820622 0.117608 0.018769
0 0.753360 0.820622 0.115255 0.018769
0 0.867608 0.820622 0.112903 0.018769
0 0.181452 0.872179 0.200941 0.018769
0 0.346438 0.872179 0.128360 0.018769
0 0.494288 0.872179 0.167339 0.018769
0 0.637097 0.872179 0.117608 0.018769
0 0.753360 0.872179 0.115255 0.018769
0 0.867608 0.872179 0.112903 0.018769
