0 0.240927 0.175339 0.250672 0.016156
0 0.471102 0.175339 0.209005 0.016156
0 0.662634 0.175339 0.173723 0.016156
0 0.838710 0.175339 0.178091 0.016156
0 0.240927 0.237824 0.250672 0.016156
0 0.471102 0.237824 0.209005 0.016156
0 0.662634 0.237824 0.173723 0.016156
0 0.838710 0.237824 0.178091 0.016156
0 0.240927 0.280352 0.250672 0.016156
0 0.471102 0.280352 0.209005 0.016156
0 0.662634 0.280352 0.173723 0.016156
0 0.838710 0.280352 0.178091 0.016156
0 0.154906 0.374911 0.150874 0.016156
0 0.317540 0.374911 0.174059 0.016156
0 0.495296 0.374911 0.181116 0.016156
0 0.677083 0.374911 0.181788 0.016156
0 0.847782 0.374911 0.159610 0.016156
0 0.154906 0.426942 0.150874 0.016156
0 0.317540 0.426942 0.174059 0.016156
0 0.495296 0.426942 0.181116 0.016156
0 0.677083 0.426942 0.181788 0.016156
0 0.847782 0.426942 0.159610 0.016156
0 0.154906 0.475410 0.150874 0.016156
0 0.317540 0.475410 0.174059 0.016156
0 0.495296 0.475410 0.181116 0.016156
0 0.677083 0.475410 0.181788 0.016156
0 0.847782 0.475410 0.159610 0.016156
0 0.186492 0.569732 0.214046 0.016156
0 0.359207 0.569732 0.130376 0.016156
0 0.504368 0.569732 0.159946 0.016156
0 0.666331 0.569732 0.163306 0.016156
0 0.838038 0.569732 0.179435 0.016156
0 0.186492 0.624614 0.214046 0.016156
0 0.359207 0.624614 0.130376 0.016156
0 0.504368 0.624614 0.159946 0.016156
0 0.666331 0.624614 0.163306 0.016156
0 0.838038 0.624614 0.179435 0.016156
0 0.186492 0.673081 0.214046 0.016156
0 0.359207 0.673081 0.130376 0.016156
0 0.504368 0.673081 0.159946 0.016156
0 0.666331 0.673081 0.163306 0.016156
0 0.838038 0.673081 0.179435 0.016156
0 0.153898 0.767641 0.148858 0.016156
0 0.314516 0.767641 0.172043 0.016156
0 0.488239 0.767641 0.175067 0.016156
0 0.653562 0.767641 0.155578 0.016156
0 0.800739 0.767641 0.137769 0.016156
0 0.896169 0.767641 0.053091 0.016156
0 0.153898 0.833215 0.148858 0.016156
0 0.314516 0.833215 0.172043 0.016156
0 0.488239 0.833215 0.175067 0.016156
0 0.653562 0.833215 0.155578 0.016156
0 0.800739 0.833215 0.137769 0.016156
0 0.896169 0.833215 0.053091 0.016156
0 0.153898 0.891661 0.148858 0.016156
0 0.314516 0.891661 0.172043 0.016156
0 0.488239 0.891661 0.175067 0.016156
0 0.653562 0.891661 0.155578 0.016156
0 0.800739 0.891661 0.137769 0.016156
0 0.896169 0.891661 0.053091 0.016156
