0 0.201949 0.092421 0.241935 0.018769
0 0.425739 0.092421 0.205981 0.018769
0 0.617608 0.092421 0.176747 0.018769
0 0.814852 0.092421 0.218078 0.018769
0 0.201949 0.153243 0.241935 0.018769
0 0.425739 0.153243 0.205981 0.018769
0 0.617608 0.153243 0.176747 0.018769
0 0.814852 0.153243 0.218078 0.018769
0 0.201949 0.206462 0.241935 0.018769
0 0.425739 0.206462 0.205981 0.018769
0 0.617608 0.206462 0.176747 0.018769
0 0.814852 0.206462 0.218078 0.018769
0 0.212702 0.314802 0.263441 0.018769
0 0.436156 0.314802 0.183804 0.018769
0 0.619960 0.314802 0.182796 0.018769
0 0.819556 0.314802 0.216062 0.018769
0 0.212702 0.377049 0.263441 0.018769
0 0.436156 0.377049 0.183804 0.018769
0 0.619960 0.377049 0.182796 0.018769
0 0.819556 0.377049 0.216062 0.018769
0 0.212702 0.439059 0.263441 0.018769
0 0.436156 0.439059 0.183804 0.018769
0 0.619960 0.439059 0.182796 0.018769
0 0.819556 0.439059 0.216062 0.018769
0 0.235551 0.547636 0.309140 0.018769
0 0.506384 0.547636 0.231855 0.018769
0 0.774866 0.547636 0.305444 0.018769
0 0.235551 0.615348 0.309140 0.018769
0 0.506384 0.615348 0.231855 0.018769
0 0.774866 0.615348 0.305444 0.018769
0 0.235551 0.674269 0.309140 0.018769
0 0.506384 0.674269 0.231855 0.018769
0 0.774866 0.674269 0.305444 0.018769
0 0.215726 0.782609 0.269825 0.018769
0 0.453629 0.782609 0.205645 0.018769
0 0.659946 0.782609 0.206989 0.018769
0 0.845766 0.782609 0.163978 0.018769
0 0.215726 0.842718 0.269825 0.018769
0 0.453629 0.842718 0.205645 0.018769
0 0.659946 0.842718 0.206989 0.018769
0 0.845766 0.842718 0.163978 0.018769
0 0.215726 0.892611 0.269825 0.018769
0 0.453629 0.892611 0.205645 0.018769
0 0.659946 0.892611 0.206989 0.018769
0 0.845766 0.892611 0.163978 0.018769
