0 0.185757 0.080561 0.255291 0.020913
0 0.411824 0.080561 0.196171 0.020913
0 0.634531 0.080561 0.248908 0.020913
0 0.855223 0.080561 0.191804 0.020913
0 0.185757 0.168013 0.255291 0.020913
0 0.411824 0.168013 0.196171 0.020913
0 0.634531 0.168013 0.248908 0.020913
0 0.855223 0.168013 0.191804 0.020913
0 0.185757 0.223146 0.255291 0.020913
0 0.411824 0.223146 0.196171 0.020913
0 0.634531 0.223146 0.248908 0.020913
0 0.855223 0.223146 0.191804 0.020913
0 0.186093 0.324382 0.256298 0.020913
0 0.418206 0.324382 0.206920 0.020913
0 0.631844 0.324382 0.219684 0.020913
0 0.846490 0.324382 0.209607 0.020913
0 0.186093 0.413973 0.256298 0.020913
0 0.418206 0.413973 0.206920 0.020913
0 0.631844 0.413973 0.219684 0.020913
0 0.846490 0.413973 0.209607 0.020913
0 0.186093 0.476236 0.256298 0.020913
0 0.418206 0.476236 0.206920 0.020913
0 0.631844 0.476236 0.219684 0.020913
0 0.846490 0.476236 0.209607 0.020913
0 0.191804 0.577234 0.267383 0.020913
0 0.415855 0.577234 0.180047 0.020913
0 0.567014 0.577234 0.121935 0.020913
0 0.695331 0.577234 0.134699 0.020913
0 0.857239 0.577234 0.188445 0.020913
0 0.191804 0.666112 0.267383 0.020913
0 0.415855 0.666112 0.180047 0.020913
0 0.567014 0.666112 0.121935 0.020913
0 0.695331 0.666112 0.134699 0.020913
0 0.857239 0.666112 0.188445 0.020913
0 0.191804 0.726949 0.267383 0.020913
0 0.415855 0.726949 0.180047 0.020913
0 0.567014 0.726949 0.121935 0.020913
0 0.695331 0.726949 0.134699 0.020913
0 0.857239 0.726949 0.188445 0.020913
0 0.168290 0.827947 0.220356 0.020913
0 0.395700 0.827947 0.234128 0.020913
0 0.587168 0.827947 0.147800 0.020913
0 0.728250 0.827947 0.134699 0.020913
0 0.870003 0.827947 0.148808 0.020913
0 0.168290 0.884743 0.220356 0.020913
0 0.395700 0.884743 0.234128 0.020913
0 0.587168 0.884743 0.147800 0.020913
0 0.728250 0.884743 0.134699 0.020913
0 0.870003 0.884743 0.148808 0.020913
