0 0.204637 0.090995 0.248320 0.018057
0 0.399866 0.090995 0.142137 0.018057
0 0.552419 0.090995 0.161962 0.018057
0 0.702957 0.090995 0.138777 0.018057
0 0.850134 0.090995 0.155242 0.018057
0 0.204637 0.164885 0.248320 0.018057
0 0.399866 0.164885 0.142137 0.018057
0 0.552419 0.164885 0.161962 0.018057
0 0.702957 0.164885 0.138777 0.018057
0 0.850134 0.164885 0.155242 0.018057
0 0.204637 0.212640 0.248320 0.018057
0 0.399866 0.212640 0.142137 0.018057
0 0.552419 0.212640 0.161962 0.018057
0 0.702957 0.212640 0.138777 0.018057
0 0.850134 0.212640 0.155242 0.018057
0 0.174731 0.308624 0.188172 0.018057
0 0.363911 0.308624 0.190188 0.018057
0 0.532258 0.308624 0.145833 0.018057
0 0.697245 0.308624 0.184140 0.018057
0 0.858535 0.308624 0.138105 0.018057
0 0.174731 0.380375 0.188172 0.018057
0 0.363911 0.380375 0.190188 0.018057
0 0.532258 0.380375 0.145833 0.018057
0 0.697245 0.380375 0.184140 0.018057
0 0.858535 0.380375 0.138105 0.018057
0 0.174731 0.428130 0.188172 0.018057
0 0.363911 0.428130 0.190188 0.018057
0 0.532258 0.428130 0.145833 0.018057
0 0.697245 0.428130 0.184140 0.018057
0 0.858535 0.428130 0.138105 0.018057
0 0.191532 0.524115 0.221774 0.018057
0 0.368616 0.524115 0.131720 0.018057
0 0.524866 0.524115 0.180444 0.018057
0 0.678763 0.524115 0.126680 0.018057
0 0.835013 0.524115 0.185484 0.018057
0 0.191532 0.605132 0.221774 0.018057
0 0.368616 0.605132 0.131720 0.018057
0 0.524866 0.605132 0.180444 0.018057
0 0.678763 0.605132 0.126680 0.018057
0 0.835013 0.605132 0.185484 0.018057
0 0.191532 0.659539 0.221774 0.018057
0 0.368616 0.659539 0.131720 0.018057
0 0.524866 0.659539 0.180444 0.018057
0 0.678763 0.659539 0.126680 0.018057
0 0.835013 0.659539 0.185484 0.018057
0 0.176411 0.755761 0.191868 0.018057
0 0.363575 0.755761 0.182124 0.018057
0 0.533602 0.755761 0.157258 0.018057
0 0.697581 0.755761 0.170699 0.018057
0 0.855511 0.755761 0.144489 0.018057
0 0.176411 0.829651 0.191868 0.018057
0 0.363575 0.829651 0.182124 0.018057
0 0.533602 0.829651 0.157258 0.018057
0 0.697581 0.829651 0.170699 0.018057
0 0.855511 0.829651 0.144489 0.018057
0 0.176411 0.887622 0.191868 0.018057
0 0.363575 0.887622 0.182124 0.018057
0 0.533602 0.887622 0.157258 0.018057
0 0.697581 0.887622 0.170699 0.018057
0 0.855511 0.887622 0.144489 0.018057
