0 0.210349 0.088620 0.258737 0.017106
0 0.431452 0.088620 0.183132 0.017106
0 0.639449 0.088620 0.232527 0.017106
0 0.841734 0.088620 0.172043 0.017106
0 0.210349 0.143027 0.258737 0.017106
0 0.431452 0.143027 0.183132 0.017106
0 0.639449 0.143027 0.232527 0.017106
0 0.841734 0.143027 0.172043 0.017106
0 0.210349 0.197196 0.258737 0.017106
0 0.431452 0.197196 0.183132 0.017106
0 0.639449 0.197196 0.232527 0.017106
0 0.841734 0.197196 0.172043 0.017106
0 0.210349 0.240437 0.258737 0.017106
0 0.431452 0.240437 0.183132 0.017106
0 0.639449 0.240437 0.232527 0.017106
0 0.841734 0.240437 0.172043 0.017106
0 0.212030 0.303635 0.262097 0.017106
0 0.439852 0.303635 0.193548 0.017106
0 0.644489 0.303635 0.215390 0.017106
0 0.840390 0.303635 0.175403 0.017106
0 0.212030 0.362556 0.262097 0.017106
0 0.439852 0.362556 0.193548 0.017106
0 0.644489 0.362556 0.215390 0.017106
0 0.840390 0.362556 0.175403 0.017106
0 0.212030 0.418864 0.262097 0.017106
0 0.439852 0.418864 0.193548 0.017106
0 0.644489 0.418864 0.215390 0.017106
0 0.840390 0.418864 0.175403 0.017106
0 0.212030 0.462818 0.262097 0.017106
0 0.439852 0.462818 0.193548 0.017106
0 0.644489 0.462818 0.215390 0.017106
0 0.840390 0.462818 0.175403 0.017106
0 0.241935 0.526016 0.322245 0.017106
0 0.535618 0.526016 0.264113 0.017106
0 0.797715 0.526016 0.260081 0.017106
0 0.241935 0.585650 0.322245 0.017106
0 0.535618 0.585650 0.264113 0.017106
0 0.797715 0.585650 0.260081 0.017106
0 0.241935 0.636968 0.322245 0.017106
0 0.535618 0.636968 0.264113 0.017106
0 0.797715 0.636968 0.260081 0.017106
0 0.241935 0.679734 0.322245 0.017106
0 0.535618 0.679734 0.264113 0.017106
0 0.797715 0.679734 0.260081 0.017106
0 0.200269 0.742932 0.238911 0.017106
0 0.421035 0.742932 0.201613 0.017106
0 0.587702 0.742932 0.131384 0.017106
0 0.732527 0.742932 0.157258 0.017106
0 0.866935 0.742932 0.111223 0.017106
0 0.200269 0.800428 0.238911 0.017106
0 0.421035 0.800428 0.201613 0.017106
0 0.587702 0.800428 0.131384 0.017106
0 0.732527 0.800428 0.157258 0.017106
0 0.866935 0.800428 0.111223 0.017106
0 0.200269 0.851746 0.238911 0.017106
0 0.421035 0.851746 0.201613 0.017106
0 0.587702 0.851746 0.131384 0.017106
0 0.732527 0.851746 0.157258 0.017106
0 0.866935 0.851746 0.111223 0.017106
0 0.200269 0.894512 0.238911 0.017106
0 0.421035 0.894512 0.201613 0.017106
0 0.587702 0.894512 0.131384 0.017106
0 0.732527 0.894512 0.157258 0.017106
0 0.866935 0.894512 0.111223 0.017106
