0 0.329862 0.217443 0.129661 0.015447
0 0.538797 0.217443 0.288210 0.015447
0 0.817266 0.217443 0.268727 0.015447
0 0.329862 0.271625 0.129661 0.015447
0 0.538797 0.271625 0.288210 0.015447
0 0.817266 0.271625 0.268727 0.015447
0 0.329862 0.312738 0.129661 0.015447
0 0.538797 0.312738 0.288210 0.015447
0 0.817266 0.312738 0.268727 0.015447
0 0.329862 0.365732 0.129661 0.015447
0 0.538797 0.365732 0.288210 0.015447
0 0.817266 0.365732 0.268727 0.015447
0 0.202889 0.479325 0.270742 0.015447
0 0.438025 0.479325 0.198858 0.015447
0 0.649311 0.479325 0.223379 0.015447
0 0.856231 0.479325 0.190460 0.015447
0 0.202889 0.523764 0.270742 0.015447
0 0.438025 0.523764 0.198858 0.015447
0 0.649311 0.523764 0.223379 0.015447
0 0.856231 0.523764 0.190460 0.015447
0 0.202889 0.564876 0.270742 0.015447
0 0.438025 0.564876 0.198858 0.015447
0 0.649311 0.564876 0.223379 0.015447
0 0.856231 0.564876 0.190460 0.015447
0 0.202889 0.622148 0.270742 0.015447
0 0.438025 0.622148 0.198858 0.015447
0 0.649311 0.622148 0.223379 0.015447
0 0.856231 0.622148 0.190460 0.015447
0 0.178032 0.735979 0.221028 0.015447
0 0.406114 0.735979 0.235136 0.015447
0 0.591199 0.735979 0.134363 0.015447
0 0.698354 0.735979 0.071884 0.015447
0 0.842795 0.735979 0.217333 0.015447
0 0.178032 0.796578 0.221028 0.015447
0 0.406114 0.796578 0.235136 0.015447
0 0.591199 0.796578 0.134363 0.015447
0 0.698354 0.796578 0.071884 0.015447
0 0.842795 0.796578 0.217333 0.015447
0 0.178032 0.837690 0.221028 0.015447
0 0.406114 0.837690 0.235136 0.015447
0 0.591199 0.837690 0.134363 0.015447
0 0.698354 0.837690 0.071884 0.015447
0 0.842795 0.837690 0.217333 0.015447
0 0.178032 0.881654 0.221028 0.015447
0 0.406114 0.881654 0.235136 0.015447
0 0.591199 0.881654 0.134363 0.015447
0 0.698354 0.881654 0.071884 0.015447
0 0.842795 0.881654 0.217333 0.015447
