0 0.180047 0.080561 0.211622 0.020913
0 0.384279 0.080561 0.197178 0.020913
0 0.567350 0.080561 0.168962 0.020913
0 0.730937 0.080561 0.158213 0.020913
0 0.851864 0.080561 0.082634 0.020913
0 0.916359 0.080561 0.036614 0.020913
0 0.180047 0.153517 0.211622 0.020913
0 0.384279 0.153517 0.197178 0.020913
0 0.567350 0.153517 0.168962 0.020913
0 0.730937 0.153517 0.158213 0.020913
0 0.851864 0.153517 0.082634 0.020913
0 0.916359 0.153517 0.036614 0.020913
0 0.180047 0.208888 0.211622 0.020913
0 0.384279 0.208888 0.197178 0.020913
0 0.567350 0.208888 0.168962 0.020913
0 0.730937 0.208888 0.158213 0.020913
0 0.851864 0.208888 0.082634 0.020913
0 0.916359 0.208888 0.036614 0.020913
0 0.180047 0.281131 0.211622 0.020913
0 0.384279 0.281131 0.197178 0.020913
0 0.567350 0.281131 0.168962 0.020913
0 0.730937 0.281131 0.158213 0.020913
0 0.851864 0.281131 0.082634 0.020913
0 0.916359 0.281131 0.036614 0.020913
0 0.237151 0.372386 0.326167 0.020913
0 0.473295 0.372386 0.146120 0.020913
0 0.670474 0.372386 0.247565 0.020913
0 0.864965 0.372386 0.140410 0.020913
0 0.237151 0.442015 0.326167 0.020913
0 0.473295 0.442015 0.146120 0.020913
0 0.670474 0.442015 0.247565 0.020913
0 0.864965 0.442015 0.140410 0.020913
0 0.237151 0.497386 0.326167 0.020913
0 0.473295 0.497386 0.146120 0.020913
0 0.670474 0.497386 0.247565 0.020913
0 0.864965 0.497386 0.140410 0.020913
0 0.237151 0.569154 0.326167 0.020913
0 0.473295 0.569154 0.146120 0.020913
0 0.670474 0.569154 0.247565 0.020913
0 0.864965 0.569154 0.140410 0.020913
0 0.260329 0.660409 0.372187 0.020913
0 0.536782 0.660409 0.180719 0.020913
0 0.722204 0.660409 0.190460 0.020913
0 0.881424 0.660409 0.126973 0.020913
0 0.260329 0.743821 0.372187 0.020913
0 0.536782 0.743821 0.180719 0.020913
0 0.722204 0.743821 0.190460 0.020913
0 0.881424 0.743821 0.126973 0.020913
0 0.260329 0.804658 0.372187 0.020913
0 0.536782 0.804658 0.180719 0.020913
0 0.722204 0.804658 0.190460 0.020913
0 0.881424 0.804658 0.126973 0.020913
0 0.260329 0.884743 0.372187 0.020913
0 0.536782 0.884743 0.180719 0.020913
0 0.722204 0.884743 0.190460 0.020913
0 0.881424 0.884743 0.126973 0.020913
