0 0.183406 0.077471 0.221028 0.019487
0 0.390326 0.077471 0.192812 0.019487
0 0.555593 0.077471 0.137387 0.019487
0 0.665435 0.077471 0.071884 0.019487
0 0.826671 0.077471 0.249916 0.019487
0 0.183406 0.144487 0.221028 0.019487
0 0.390326 0.144487 0.192812 0.019487
0 0.555593 0.144487 0.137387 0.019487
0 0.665435 0.144487 0.071884 0.019487
0 0.826671 0.144487 0.249916 0.019487
0 0.183406 0.197719 0.221028 0.019487
0 0.390326 0.197719 0.192812 0.019487
0 0.555593 0.197719 0.137387 0.019487
0 0.665435 0.197719 0.071884 0.019487
0 0.826671 0.197719 0.249916 0.019487
0 0.183406 0.271388 0.221028 0.019724
0 0.390326 0.271388 0.192812 0.019724
0 0.555593 0.271388 0.137387 0.019724
0 0.665435 0.271388 0.071884 0.019724
0 0.826671 0.271388 0.249916 0.019724
0 0.204232 0.384268 0.263016 0.019487
0 0.445415 0.384268 0.219348 0.019487
0 0.642593 0.384268 0.174337 0.019487
0 0.840779 0.384268 0.221364 0.019487
0 0.204232 0.455561 0.263016 0.019724
0 0.445415 0.455561 0.219348 0.019724
0 0.642593 0.455561 0.174337 0.019724
0 0.840779 0.455561 0.221364 0.019724
0 0.204232 0.507367 0.263016 0.019724
0 0.445415 0.507367 0.219348 0.019724
0 0.642593 0.507367 0.174337 0.019724
0 0.840779 0.507367 0.221364 0.019724
0 0.204232 0.576283 0.263016 0.019724
0 0.445415 0.576283 0.219348 0.019724
0 0.642593 0.576283 0.174337 0.019724
0 0.840779 0.576283 0.221364 0.019724
0 0.202553 0.689163 0.259657 0.019724
0 0.434666 0.689163 0.204232 0.019724
0 0.628821 0.689163 0.183406 0.019724
0 0.836077 0.689163 0.231105 0.019724
0 0.202553 0.760694 0.259657 0.019487
0 0.434666 0.760694 0.204232 0.019487
0 0.628821 0.760694 0.183406 0.019487
0 0.836077 0.760694 0.231105 0.019487
0 0.202553 0.812500 0.259657 0.019487
0 0.434666 0.812500 0.204232 0.019487
0 0.628821 0.812500 0.183406 0.019487
0 0.836077 0.812500 0.231105 0.019487
0 0.202553 0.887833 0.259657 0.019724
0 0.434666 0.887833 0.204232 0.019724
0 0.628821 0.887833 0.183406 0.019724
0 0.836077 0.887833 0.231105 0.019724
