0 0.257642 0.181084 0.152167 0.019487
0 0.499496 0.181084 0.330870 0.019487
0 0.808532 0.181084 0.286194 0.019487
0 0.257642 0.249525 0.152167 0.019724
0 0.499496 0.249525 0.330870 0.019724
0 0.808532 0.249525 0.286194 0.019724
0 0.257642 0.301331 0.152167 0.019724
0 0.499496 0.301331 0.330870 0.019724
0 0.808532 0.301331 0.286194 0.019724
0 0.257642 0.370960 0.152167 0.019724
0 0.499496 0.370960 0.330870 0.019724
0 0.808532 0.370960 0.286194 0.019724
0 0.203561 0.450095 0.261673 0.019724
0 0.421901 0.450095 0.174001 0.019724
0 0.618408 0.450095 0.219348 0.019724
0 0.839772 0.450095 0.222707 0.019724
0 0.203561 0.503565 0.261673 0.019724
0 0.421901 0.503565 0.174001 0.019724
0 0.618408 0.503565 0.219348 0.019724
0 0.839772 0.503565 0.222707 0.019724
0 0.203561 0.555371 0.261673 0.019724
0 0.421901 0.555371 0.174001 0.019724
0 0.618408 0.555371 0.219348 0.019724
0 0.839772 0.555371 0.222707 0.019724
0 0.203561 0.611692 0.261673 0.019724
0 0.421901 0.611692 0.174001 0.019724
0 0.618408 0.611692 0.219348 0.019724
0 0.839772 0.611692 0.222707 0.019724
0 0.197850 0.690589 0.250252 0.019487
0 0.418878 0.690589 0.191468 0.019487
0 0.627141 0.690589 0.224387 0.019487
0 0.845482 0.690589 0.212294 0.019487
0 0.197850 0.762120 0.250252 0.019487
0 0.418878 0.762120 0.191468 0.019487
0 0.627141 0.762120 0.224387 0.019487
0 0.845482 0.762120 0.212294 0.019487
0 0.197850 0.813926 0.250252 0.019724
0 0.418878 0.813926 0.191468 0.019724
0 0.627141 0.813926 0.224387 0.019724
0 0.845482 0.813926 0.212294 0.019724
0 0.197850 0.887833 0.250252 0.019724
0 0.418878 0.887833 0.191468 0.019724
0 0.627141 0.887833 0.224387 0.019724
0 0.845482 0.887833 0.212294 0.019724
