0 0.503863 0.071293 0.896204 0.016635
0 0.503863 0.115732 0.896204 0.016635
0 0.503863 0.161122 0.896204 0.016635
0 0.503863 0.236930 0.896204 0.016635
0 0.503863 0.281369 0.896204 0.016635
0 0.503863 0.326996 0.896204 0.016635
0 0.503863 0.402804 0.896204 0.016635
0 0.503863 0.462215 0.896204 0.016635
0 0.503863 0.507842 0.896204 0.016635
0 0.503863 0.583650 0.896204 0.016635
0 0.503863 0.640209 0.896204 0.016635
0 0.503863 0.685599 0.896204 0.016635
0 0.503863 0.761407 0.896204 0.016635
0 0.503863 0.807272 0.896204 0.016635
0 0.503863 0.852899 0.896204 0.016635
