0 0.505878 0.071768 0.892173 0.016873
0 0.505878 0.131179 0.892173 0.016873
0 0.505878 0.182272 0.892173 0.016873
0 0.505878 0.246911 0.892173 0.016873
0 0.505878 0.306321 0.892173 0.016873
0 0.505878 0.357414 0.892173 0.016873
0 0.505878 0.421816 0.892173 0.016873
0 0.505878 0.492871 0.892173 0.016873
0 0.505878 0.543964 0.892173 0.016873
0 0.505878 0.608365 0.892173 0.016873
0 0.505878 0.668013 0.892173 0.016873
0 0.505878 0.719106 0.892173 0.016873
0 0.505878 0.783508 0.892173 0.016873
0 0.505878 0.842918 0.892173 0.016873
0 0.505878 0.894011 0.892173 0.016873
