0 0.503527 0.068679 0.897212 0.015447
0 0.503527 0.122148 0.897212 0.015447
0 0.503527 0.163260 0.897212 0.015447
0 0.503527 0.253565 0.897212 0.015447
0 0.503527 0.308222 0.897212 0.015447
0 0.503527 0.349572 0.897212 0.015447
0 0.503527 0.439876 0.897212 0.015447
0 0.503527 0.491683 0.897212 0.015447
0 0.503527 0.533032 0.897212 0.015447
0 0.503527 0.623337 0.897212 0.015447
0 0.503527 0.675380 0.897212 0.015447
0 0.503527 0.716492 0.897212 0.015447
0 0.503527 0.806797 0.897212 0.015447
0 0.503527 0.855989 0.897212 0.015447
0 0.503527 0.897101 0.897212 0.015447
