0 0.505878 0.071768 0.892173 0.016873
0 0.505878 0.126901 0.892173 0.016873
0 0.505878 0.177994 0.892173 0.016873
0 0.505878 0.243108 0.892173 0.016873
0 0.505878 0.294914 0.892173 0.016873
0 0.505878 0.346008 0.892173 0.016873
0 0.505878 0.411122 0.892173 0.016873
0 0.505878 0.463403 0.892173 0.016873
0 0.505878 0.528755 0.892173 0.016873
0 0.505878 0.593869 0.892173 0.016873
0 0.505878 0.649002 0.892173 0.016873
0 0.505878 0.700095 0.892173 0.016873
0 0.505878 0.765209 0.892173 0.016873
0 0.505878 0.842918 0.892173 0.016873
0 0.505878 0.894011 0.892173 0.016873
