0 0.504199 0.074857 0.895532 0.018298
0 0.504199 0.144011 0.895532 0.018298
0 0.504199 0.194392 0.895532 0.018298
0 0.504199 0.258793 0.895532 0.018298
0 0.504199 0.332224 0.895532 0.018298
0 0.504199 0.380466 0.895532 0.018298
0 0.504199 0.444867 0.895532 0.018298
0 0.504199 0.493108 0.895532 0.018298
0 0.504199 0.541350 0.895532 0.018298
0 0.504199 0.605751 0.895532 0.018298
0 0.504199 0.656844 0.895532 0.018298
0 0.504199 0.709125 0.895532 0.018298
0 0.504199 0.773527 0.895532 0.018298
0 0.504199 0.836502 0.895532 0.018298
0 0.504199 0.891160 0.895532 0.018298
