0 0.504199 0.074857 0.895532 0.018298
0 0.504199 0.129040 0.895532 0.018298
0 0.504199 0.177281 0.895532 0.018298
0 0.504199 0.242158 0.895532 0.018298
0 0.504199 0.298004 0.895532 0.018298
0 0.504199 0.359316 0.895532 0.018298
0 0.504199 0.424192 0.895532 0.018298
0 0.504199 0.479325 0.895532 0.018298
0 0.504199 0.543489 0.895532 0.018298
0 0.504199 0.608365 0.895532 0.018298
0 0.504199 0.663260 0.895532 0.018298
0 0.504199 0.726236 0.895532 0.018298
0 0.504199 0.791112 0.895532 0.018298
0 0.504199 0.842918 0.895532 0.018298
0 0.504199 0.891160 0.895532 0.018298
