0 0.505878 0.105038 0.892173 0.016635
0 0.505878 0.163973 0.892173 0.016635
0 0.505878 0.212452 0.892173 0.016635
0 0.505878 0.274240 0.892173 0.016635
0 0.505878 0.333175 0.892173 0.016635
0 0.505878 0.381654 0.892173 0.016635
0 0.505878 0.443679 0.892173 0.016635
0 0.505878 0.518298 0.892173 0.016635
0 0.505878 0.568916 0.892173 0.016635
0 0.505878 0.630941 0.892173 0.016635
0 0.505878 0.689876 0.892173 0.016635
0 0.505878 0.745722 0.892173 0.016635
0 0.505878 0.807510 0.892173 0.016635
0 0.505878 0.866683 0.892173 0.016635
0 0.505878 0.915399 0.892173 0.016635
