0 0.505878 0.083888 0.892173 0.016635
0 0.505878 0.147101 0.892173 0.016635
0 0.505878 0.199857 0.892173 0.016635
0 0.505878 0.262595 0.892173 0.016635
0 0.505878 0.325808 0.892173 0.016635
0 0.505878 0.378327 0.892173 0.016635
0 0.505878 0.441302 0.892173 0.016635
0 0.505878 0.504515 0.892173 0.016635
0 0.505878 0.557034 0.892173 0.016635
0 0.505878 0.620010 0.892173 0.016635
0 0.505878 0.682985 0.892173 0.016635
0 0.505878 0.735741 0.892173 0.016635
0 0.505878 0.798479 0.892173 0.016635
0 0.505878 0.861692 0.892173 0.016635
0 0.505878 0.914449 0.892173 0.016635
