0 0.503863 0.071530 0.896204 0.016873
0 0.503863 0.118108 0.896204 0.016873
0 0.503863 0.163023 0.896204 0.016873
0 0.503863 0.245485 0.896204 0.016873
0 0.503863 0.298717 0.896204 0.016873
0 0.503863 0.341730 0.896204 0.016873
0 0.503863 0.423954 0.896204 0.016873
0 0.503863 0.484791 0.896204 0.016873
0 0.503863 0.529705 0.896204 0.016873
0 0.503863 0.611930 0.896204 0.016873
0 0.503863 0.657557 0.896204 0.016873
0 0.503863 0.700808 0.896204 0.016873
0 0.503863 0.783032 0.896204 0.016873
0 0.503863 0.828660 0.896204 0.016873
0 0.503863 0.871673 0.896204 0.016873
