0 0.503863 0.071293 0.896204 0.016635
0 0.503863 0.131892 0.896204 0.016635
0 0.503863 0.176093 0.896204 0.016635
0 0.503863 0.248812 0.896204 0.016635
0 0.503863 0.307985 0.896204 0.016635
0 0.503863 0.352186 0.896204 0.016635
0 0.503863 0.425143 0.896204 0.016635
0 0.503863 0.487405 0.896204 0.016635
0 0.503863 0.531606 0.896204 0.016635
0 0.503863 0.604563 0.896204 0.016635
0 0.503863 0.668964 0.896204 0.016635
0 0.503863 0.713165 0.896204 0.016635
0 0.503863 0.785884 0.896204 0.016635
0 0.503863 0.850523 0.896204 0.016635
0 0.503863 0.894724 0.896204 0.016635
