0 0.503863 0.072719 0.895868 0.017348
0 0.503863 0.125475 0.895868 0.017348
0 0.503863 0.175856 0.895868 0.017348
0 0.503863 0.250000 0.895868 0.017348
0 0.503863 0.302281 0.895868 0.017348
0 0.503863 0.349810 0.895868 0.017348
0 0.503863 0.423954 0.895868 0.017348
0 0.503863 0.486930 0.895868 0.017348
0 0.503863 0.534458 0.895868 0.017348
0 0.503863 0.608365 0.895868 0.017348
0 0.503863 0.670865 0.895868 0.017348
0 0.503863 0.718394 0.895868 0.017348
0 0.503863 0.792538 0.895868 0.017348
0 0.503863 0.844106 0.895868 0.017348
0 0.503863 0.893061 0.895868 0.017348
