0 0.504199 0.074857 0.895532 0.018298
0 0.504199 0.145913 0.895532 0.018298
0 0.504199 0.195342 0.895532 0.018298
0 0.504199 0.264496 0.895532 0.018298
0 0.504199 0.330323 0.895532 0.018298
0 0.504199 0.385456 0.895532 0.018298
0 0.504199 0.454848 0.895532 0.018298
0 0.504199 0.522338 0.895532 0.018298
0 0.504199 0.571768 0.895532 0.018298
0 0.504199 0.640922 0.895532 0.018298
0 0.504199 0.700570 0.895532 0.018298
0 0.504199 0.762120 0.895532 0.018298
0 0.504199 0.831511 0.895532 0.018298
0 0.504199 0.891160 0.895532 0.018298
