0 0.504368 0.092659 0.848118 0.018769
0 0.504368 0.153718 0.848118 0.018769
0 0.504368 0.204086 0.848118 0.018769
0 0.504368 0.269898 0.848118 0.018769
0 0.504368 0.328106 0.848118 0.018769
0 0.504368 0.385840 0.848118 0.018769
0 0.504368 0.451651 0.848118 0.018769
0 0.504368 0.503683 0.848118 0.018769
0 0.504368 0.546448 0.848118 0.018769
0 0.504368 0.612259 0.848118 0.018769
0 0.504368 0.667855 0.848118 0.018769
0 0.504368 0.718936 0.848118 0.018769
0 0.504368 0.784747 0.848118 0.018769
0 0.504368 0.840342 0.848118 0.018769
0 0.504368 0.891186 0.848118 0.018769
