0 0.506550 0.075808 0.890830 0.018774
0 0.506550 0.125238 0.890830 0.018774
0 0.506550 0.174905 0.890830 0.018774
0 0.506550 0.245722 0.890830 0.018774
0 0.506550 0.305133 0.890830 0.018774
0 0.506550 0.357890 0.890830 0.018774
0 0.506550 0.428707 0.890830 0.018774
0 0.506550 0.482177 0.890830 0.018774
0 0.506550 0.531606 0.890830 0.018774
0 0.506550 0.602424 0.890830 0.018774
0 0.506550 0.655418 0.890830 0.018774
0 0.506550 0.714591 0.890830 0.018774
0 0.506550 0.785646 0.890830 0.018774
0 0.506550 0.840542 0.890830 0.018774
0 0.506550 0.889971 0.890830 0.018774
