0 0.506886 0.078897 0.889822 0.020200
0 0.506886 0.148051 0.889822 0.020200
0 0.506886 0.213403 0.889822 0.020200
0 0.506886 0.266397 0.889822 0.020200
0 0.506886 0.338165 0.889822 0.020200
0 0.506886 0.403042 0.889822 0.020200
0 0.506886 0.465779 0.889822 0.020200
0 0.506886 0.519011 0.889822 0.020200
0 0.506886 0.590542 0.889822 0.020200
0 0.506886 0.649240 0.889822 0.020200
0 0.506886 0.702234 0.889822 0.020200
0 0.506886 0.774002 0.889822 0.020200
0 0.506886 0.833888 0.889822 0.020200
0 0.506886 0.887120 0.889822 0.020200
