0 0.503863 0.071293 0.896204 0.016635
0 0.503863 0.123812 0.896204 0.016635
0 0.503863 0.168013 0.896204 0.016635
0 0.503863 0.256416 0.896204 0.016635
0 0.503863 0.310124 0.896204 0.016635
0 0.503863 0.354325 0.896204 0.016635
0 0.503863 0.442728 0.896204 0.016635
0 0.503863 0.496911 0.896204 0.016635
0 0.503863 0.541112 0.896204 0.016635
0 0.503863 0.629278 0.896204 0.016635
0 0.503863 0.673479 0.896204 0.016635
0 0.503863 0.717918 0.896204 0.016635
0 0.503863 0.806321 0.896204 0.016635
0 0.503863 0.850523 0.896204 0.016635
0 0.503863 0.894724 0.896204 0.016635
