0 0.505542 0.068203 0.893517 0.015447
0 0.505542 0.114781 0.893517 0.015447
0 0.505542 0.160884 0.893517 0.015447
0 0.505542 0.207224 0.893517 0.015447
0 0.505542 0.254990 0.893517 0.015447
0 0.505542 0.295627 0.893517 0.015447
0 0.505542 0.339829 0.893517 0.015447
0 0.505542 0.394724 0.893517 0.015447
0 0.505542 0.451283 0.893517 0.015447
0 0.505542 0.506179 0.893517 0.015447
0 0.505542 0.552994 0.893517 0.015447
0 0.505542 0.593631 0.893517 0.015447
0 0.505542 0.637357 0.893517 0.015447
0 0.505542 0.686787 0.893517 0.015447
0 0.505542 0.739781 0.893517 0.015447
0 0.505542 0.788498 0.893517 0.015447
0 0.505542 0.846008 0.893517 0.015447
0 0.505542 0.897576 0.893517 0.015447
