0 0.505878 0.071293 0.892173 0.016635
0 0.505878 0.134268 0.892173 0.016635
0 0.505878 0.178470 0.892173 0.016635
0 0.505878 0.263308 0.892173 0.016635
0 0.505878 0.310837 0.892173 0.016635
0 0.505878 0.355038 0.892173 0.016635
0 0.505878 0.439876 0.892173 0.016635
0 0.505878 0.496911 0.892173 0.016635
0 0.505878 0.541112 0.892173 0.016635
0 0.505878 0.625951 0.892173 0.016635
0 0.505878 0.671340 0.892173 0.016635
0 0.505878 0.719344 0.892173 0.016635
0 0.505878 0.804183 0.892173 0.016635
0 0.505878 0.848384 0.892173 0.016635
0 0.505878 0.894724 0.892173 0.016635
