0 0.503863 0.074382 0.895868 0.018061
0 0.503863 0.133555 0.895868 0.018061
0 0.503863 0.181321 0.895868 0.018061
0 0.503863 0.248574 0.895868 0.018061
0 0.503863 0.316540 0.895868 0.018061
0 0.503863 0.364306 0.895868 0.018061
0 0.503863 0.431559 0.895868 0.018061
0 0.503863 0.497624 0.895868 0.018061
0 0.503863 0.545390 0.895868 0.018061
0 0.503863 0.612643 0.895868 0.018061
0 0.503863 0.669914 0.895868 0.018061
0 0.503863 0.717681 0.895868 0.018061
0 0.503863 0.784933 0.895868 0.018061
0 0.503863 0.843869 0.895868 0.018061
0 0.503863 0.891635 0.895868 0.018061
