0 0.503527 0.083650 0.849849 0.014734
0 0.503527 0.144962 0.849849 0.014734
0 0.503527 0.183935 0.849849 0.014734
0 0.503527 0.269487 0.849849 0.014734
0 0.503527 0.327234 0.849849 0.014734
0 0.503527 0.366207 0.849849 0.014734
0 0.503527 0.451759 0.849849 0.014734
0 0.503527 0.510219 0.849849 0.014734
0 0.503527 0.548954 0.849849 0.014734
0 0.503527 0.634506 0.849849 0.014734
0 0.503527 0.691778 0.849849 0.014734
0 0.503527 0.730751 0.849849 0.014734
0 0.503527 0.816302 0.849849 0.014734
0 0.503527 0.871673 0.849849 0.014734
0 0.503527 0.916112 0.849849 0.014734
