0 0.480349 0.092205 0.895532 0.018536
0 0.480349 0.155656 0.895532 0.018536
0 0.480349 0.204373 0.895532 0.018536
0 0.480349 0.262833 0.895532 0.018536
0 0.480349 0.326759 0.895532 0.018536
0 0.480349 0.375475 0.895532 0.018536
0 0.480349 0.433935 0.895532 0.018536
0 0.480349 0.503802 0.895532 0.018536
0 0.480349 0.554658 0.895532 0.018536
0 0.480349 0.613118 0.895532 0.018536
0 0.480349 0.678945 0.895532 0.018536
0 0.480349 0.732890 0.895532 0.018536
0 0.480349 0.791350 0.895532 0.018536
0 0.480349 0.858603 0.895532 0.018536
0 0.480349 0.907557 0.895532 0.018536
