0 0.480349 0.094344 0.895197 0.019487
0 0.480349 0.150665 0.895197 0.019487
0 0.480349 0.203184 0.895197 0.019487
0 0.480349 0.264971 0.895197 0.019487
0 0.480349 0.328422 0.895197 0.019487
0 0.480349 0.379753 0.895197 0.019487
0 0.480349 0.441302 0.895197 0.019487
0 0.480349 0.505941 0.895197 0.019487
0 0.480349 0.561787 0.895197 0.019487
0 0.480349 0.623574 0.895197 0.019487
0 0.480349 0.681084 0.895197 0.019487
0 0.480349 0.732652 0.895197 0.019487
0 0.480349 0.794439 0.895197 0.019487
0 0.480349 0.852662 0.895197 0.019487
0 0.480349 0.905418 0.895197 0.019487
