0 0.527712 0.086264 0.896876 0.015922
0 0.527712 0.147814 0.896876 0.015922
0 0.527712 0.205086 0.896876 0.015922
0 0.527712 0.247148 0.896876 0.015922
0 0.527712 0.307985 0.896876 0.015922
0 0.527712 0.365257 0.896876 0.015922
0 0.527712 0.426568 0.896876 0.015922
0 0.527712 0.468631 0.896876 0.015922
0 0.527712 0.529468 0.896876 0.015922
0 0.527712 0.591255 0.896876 0.015922
0 0.527712 0.651854 0.896876 0.015922
0 0.527712 0.693916 0.896876 0.015922
0 0.527712 0.754990 0.896876 0.015922
0 0.527712 0.812500 0.896876 0.015922
0 0.527712 0.870247 0.896876 0.015922
0 0.527712 0.912310 0.896876 0.015922
