0 0.506550 0.064876 0.890830 0.013783
0 0.506550 0.113118 0.890830 0.013783
0 0.506550 0.161359 0.890830 0.013783
0 0.506550 0.208413 0.890830 0.013783
0 0.506550 0.259030 0.890830 0.013783
0 0.506550 0.303945 0.890830 0.013783
0 0.506550 0.346245 0.890830 0.013783
0 0.506550 0.384506 0.890830 0.013783
0 0.506550 0.485979 0.890830 0.013783
0 0.506550 0.534458 0.890830 0.013783
0 0.506550 0.584838 0.890830 0.013783
0 0.506550 0.635932 0.890830 0.013783
0 0.506550 0.680608 0.890830 0.013783
0 0.506550 0.726949 0.890830 0.013783
0 0.506550 0.767823 0.890830 0.013783
0 0.506550 0.809886 0.890830 0.013783
