0 0.506550 0.066065 0.890830 0.014496
0 0.506550 0.121198 0.890830 0.014496
0 0.506550 0.177281 0.890830 0.014496
0 0.506550 0.233840 0.890830 0.014496
0 0.506550 0.285409 0.890830 0.014496
0 0.506550 0.345770 0.890830 0.014496
0 0.506550 0.395675 0.890830 0.014496
0 0.506550 0.501188 0.890830 0.014496
0 0.506550 0.552044 0.890830 0.014496
0 0.506550 0.611692 0.890830 0.014496
0 0.506550 0.669914 0.890830 0.014496
0 0.506550 0.722196 0.890830 0.014496
0 0.506550 0.777567 0.890830 0.014496
0 0.506550 0.824857 0.890830 0.014496
