0 0.522338 0.181797 0.859926 0.016635
0 0.522338 0.225998 0.859926 0.016635
0 0.522338 0.270200 0.859926 0.016635
0 0.503863 0.334363 0.896204 0.016635
0 0.503863 0.380703 0.896204 0.016635
0 0.503863 0.424905 0.896204 0.016635
0 0.503863 0.489306 0.896204 0.016635
0 0.503863 0.533508 0.896204 0.016635
0 0.503863 0.577709 0.896204 0.016635
0 0.503863 0.641873 0.896204 0.016635
0 0.503863 0.689639 0.896204 0.016635
0 0.503863 0.733840 0.896204 0.016635
0 0.503863 0.798004 0.896204 0.016635
0 0.503863 0.850523 0.896204 0.016635
0 0.503863 0.894724 0.896204 0.016635
