0 0.503863 0.072006 0.896204 0.017110
0 0.503863 0.122148 0.896204 0.017110
0 0.503863 0.167063 0.896204 0.017110
0 0.503863 0.252614 0.896204 0.017110
0 0.503863 0.308460 0.896204 0.017110
0 0.503863 0.353375 0.896204 0.017110
0 0.503863 0.438926 0.896204 0.017110
0 0.503863 0.483840 0.896204 0.017110
0 0.503863 0.532319 0.896204 0.017110
0 0.503863 0.617633 0.896204 0.017110
0 0.503863 0.664686 0.896204 0.017110
0 0.503863 0.709601 0.896204 0.017110
0 0.503863 0.795152 0.896204 0.017110
0 0.503863 0.849335 0.896204 0.017110
0 0.503863 0.894249 0.896204 0.017110
