0 0.506886 0.066778 0.890158 0.014734
0 0.506886 0.116683 0.890158 0.014734
0 0.506886 0.166112 0.890158 0.014734
0 0.506886 0.224572 0.890158 0.014734
0 0.506886 0.275428 0.890158 0.014734
0 0.506886 0.322006 0.890158 0.014734
0 0.506886 0.373099 0.890158 0.014734
0 0.506886 0.423004 0.890158 0.014734
0 0.506886 0.511407 0.890158 0.014734
0 0.506886 0.564876 0.890158 0.014734
0 0.506886 0.617395 0.890158 0.014734
0 0.506886 0.682034 0.890158 0.014734
0 0.506886 0.737167 0.890158 0.014734
0 0.506886 0.792300 0.890158 0.014734
0 0.506886 0.845532 0.890158 0.014734
0 0.506886 0.899240 0.890158 0.014734
