0 0.545852 0.124287 0.812563 0.013783
0 0.545852 0.160884 0.812563 0.013783
0 0.545852 0.197719 0.812563 0.013783
0 0.545852 0.236454 0.812563 0.013783
0 0.545852 0.287072 0.812563 0.013783
0 0.545852 0.323907 0.812563 0.013783
0 0.545852 0.360979 0.812563 0.013783
0 0.545852 0.397814 0.812563 0.013783
0 0.506550 0.499287 0.890830 0.013783
0 0.506550 0.543726 0.890830 0.013783
0 0.506550 0.587452 0.890830 0.013783
0 0.506550 0.635694 0.890830 0.013783
0 0.506550 0.684411 0.890830 0.013783
0 0.506550 0.728612 0.890830 0.013783
0 0.506550 0.773527 0.890830 0.013783
0 0.506550 0.810361 0.890830 0.013783
