0 0.506550 0.064876 0.890830 0.013783
0 0.506550 0.116920 0.890830 0.013783
0 0.506550 0.167538 0.890830 0.013783
0 0.506550 0.220295 0.890830 0.013783
0 0.506550 0.273764 0.890830 0.013783
0 0.506550 0.322956 0.890830 0.013783
0 0.506550 0.370485 0.890830 0.013783
0 0.506550 0.407082 0.890830 0.013783
0 0.506550 0.508793 0.890830 0.013783
0 0.506550 0.549430 0.890830 0.013783
0 0.506550 0.593156 0.890830 0.013783
0 0.506550 0.631179 0.890830 0.013783
0 0.506550 0.677994 0.890830 0.013783
0 0.506550 0.723622 0.890830 0.013783
0 0.506550 0.773764 0.890830 0.013783
0 0.506550 0.810361 0.890830 0.013783
