0 0.510917 0.066778 0.882096 0.014734
0 0.510917 0.105751 0.882096 0.014734
0 0.510917 0.147338 0.882096 0.014734
0 0.510917 0.191540 0.882096 0.014734
0 0.510917 0.239781 0.882096 0.014734
0 0.510917 0.278755 0.882096 0.014734
0 0.510917 0.375713 0.882096 0.014734
0 0.510917 0.414686 0.882096 0.014734
0 0.510917 0.464829 0.882096 0.014734
0 0.510917 0.510219 0.882096 0.014734
0 0.510917 0.551331 0.882096 0.014734
0 0.510917 0.593869 0.882096 0.014734
0 0.510917 0.690827 0.882096 0.014734
0 0.510917 0.729800 0.882096 0.014734
0 0.510917 0.775190 0.882096 0.014734
0 0.510917 0.817015 0.882096 0.014734
0 0.510917 0.856939 0.882096 0.014734
0 0.510917 0.899240 0.882096 0.014734
