0 0.504199 0.075808 0.895532 0.018774
0 0.504199 0.138070 0.895532 0.018774
0 0.504199 0.180608 0.895532 0.018774
0 0.504199 0.243584 0.895532 0.018774
0 0.504199 0.306321 0.895532 0.018774
0 0.504199 0.358840 0.895532 0.018774
0 0.504199 0.421816 0.895532 0.018774
0 0.504199 0.475048 0.895532 0.018774
0 0.504199 0.529230 0.895532 0.018774
0 0.504199 0.592205 0.895532 0.018774
0 0.504199 0.644249 0.895532 0.018774
0 0.504199 0.701521 0.895532 0.018774
0 0.504199 0.764496 0.895532 0.018774
0 0.504199 0.822719 0.895532 0.018774
0 0.504199 0.880228 0.895532 0.018774
