0 0.504199 0.074857 0.895532 0.018298
0 0.504199 0.127852 0.895532 0.018298
0 0.504199 0.176093 0.895532 0.018298
0 0.504199 0.252852 0.895532 0.018298
0 0.504199 0.302994 0.895532 0.018298
0 0.504199 0.351236 0.895532 0.018298
0 0.504199 0.428232 0.895532 0.018298
0 0.504199 0.481464 0.895532 0.018298
0 0.504199 0.529705 0.895532 0.018298
0 0.504199 0.606464 0.895532 0.018298
0 0.504199 0.660171 0.895532 0.018298
0 0.504199 0.708413 0.895532 0.018298
0 0.504199 0.785409 0.895532 0.018298
0 0.504199 0.842918 0.895532 0.018298
0 0.504199 0.891160 0.895532 0.018298
