0 0.504704 0.095985 0.847446 0.020195
0 0.504704 0.161083 0.847446 0.020195
0 0.504704 0.207175 0.847446 0.020195
0 0.504704 0.279401 0.847446 0.020195
0 0.504704 0.330482 0.847446 0.020195
0 0.504704 0.373961 0.847446 0.020195
0 0.504704 0.445949 0.847446 0.020195
0 0.504704 0.507246 0.847446 0.020195
0 0.504704 0.554764 0.847446 0.020195
0 0.504704 0.626990 0.847446 0.020195
0 0.504704 0.675457 0.847446 0.020195
0 0.504704 0.725826 0.847446 0.020195
0 0.504704 0.798052 0.847446 0.020195
0 0.504704 0.846519 0.847446 0.020195
0 0.504704 0.887622 0.847446 0.020195
