0 0.504032 0.089570 0.848454 0.017344
0 0.504032 0.160846 0.848454 0.017344
0 0.504032 0.205750 0.848454 0.017344
0 0.504032 0.284153 0.848454 0.017344
0 0.504032 0.357092 0.848454 0.017344
0 0.504032 0.398907 0.848454 0.017344
0 0.504032 0.477311 0.848454 0.017344
0 0.504032 0.546211 0.848454 0.017344
0 0.504032 0.589214 0.848454 0.017344
0 0.504032 0.667617 0.848454 0.017344
0 0.504032 0.733191 0.848454 0.017344
0 0.504032 0.779282 0.848454 0.017344
0 0.504032 0.857686 0.848454 0.017344
0 0.504032 0.900927 0.848454 0.017344
