0 0.504704 0.081254 0.847110 0.018057
0 0.504704 0.132335 0.847110 0.018057
0 0.504704 0.186980 0.847110 0.018057
0 0.504704 0.228083 0.847110 0.018057
0 0.504704 0.303873 0.847110 0.018057
0 0.504704 0.358280 0.847110 0.018057
0 0.504704 0.411024 0.847110 0.018057
0 0.504704 0.454502 0.847110 0.018057
0 0.504704 0.530292 0.847110 0.018057
0 0.504704 0.585650 0.847110 0.018057
0 0.504704 0.648610 0.847110 0.018057
0 0.504704 0.689713 0.847110 0.018057
0 0.504704 0.765502 0.847110 0.018057
0 0.504704 0.820385 0.847110 0.018057
0 0.504704 0.865764 0.847110 0.018057
0 0.504704 0.907104 0.847110 0.018057
